レース場,レース番号,レース種別,艇番,登録番号,選手名,年齢,支部,体重,級別,全国勝率,全国2連対率,当地勝率,当地2連対率,モーター番号,モーター2連対率,ボート番号,ボート2連対率
福岡,1,予,1,4330,奈須啓太,36,福岡,50,A1,6.30,49.24,6.39,47.62,22,38.13,132,41.67
福岡,1,予,2,4942,柴田朋哉,29,福岡,51,B1,4.41,20.88,3.69,14.55,29,34.26,126,31.66
福岡,1,予,3,4693,松下誉士,36,福岡,52,B1,4.14,17.28,4.70,26.87,72,34.63,165,38.86
福岡,1,予,4,4406,幸野史明,34,福岡,50,B1,4.73,23.29,3.89,12.70,21,36.70,112,35.00
福岡,1,予,5,5012,加倉侑征,22,福岡,49,B1,3.76,17.48,2.26,9.84,15,36.25,105,34.34
福岡,1,予,6,4864,小川日紀,30,福岡,52,B1,4.24,18.37,4.04,20.83,55,31.12,142,37.10
福岡,2,予,1,3670,古澤信二,48,福岡,57,B1,5.06,30.56,4.96,32.53,54,37.44,113,34.00
福岡,2,予,2,3741,松尾基成,46,福岡,56,B1,4.48,21.69,3.54,16.67,69,29.82,152,36.32
福岡,2,予,3,3616,中村　真,47,福岡,53,A2,5.66,44.63,5.95,46.88,64,37.45,139,33.50
福岡,2,予,4,3876,中辻崇人,43,福岡,52,A2,7.12,56.88,6.96,59.62,46,35.13,119,32.04
福岡,2,予,5,4868,松本　峻,29,福岡,51,B1,4.58,22.50,2.76,4.00,16,36.65,124,33.48
福岡,2,予,6,5105,富田恕生,21,福岡,53,B2,1.50,0.00,1.25,0.00,14,43.69,154,34.11
福岡,3,予,1,4346,前田健太,35,福岡,55,B1,4.85,24.75,5.60,35.42,34,43.48,125,36.71
福岡,3,予,2,3714,梶原　正,45,福岡,56,B1,4.89,25.26,4.85,23.53,31,26.55,146,33.33
福岡,3,予,3,4272,大場広孝,38,福岡,59,A2,5.38,32.86,5.49,39.00,74,29.60,118,41.70
福岡,3,予,4,5071,野見山拓,25,福岡,53,B2,1.80,1.96,1.89,5.56,40,34.30,162,35.79
福岡,3,予,5,4727,安部慎一,32,福岡,52,B1,3.98,19.32,4.77,24.56,26,48.82,109,37.11
福岡,3,予,6,4544,松田大志,32,福岡,51,A1,7.20,61.31,7.22,60.00,32,28.94,104,32.81
福岡,4,予,1,3564,桑原　啓,50,福岡,53,B1,3.95,15.91,3.79,21.21,38,31.11,148,31.58
福岡,4,予,2,3986,沖島広和,42,福岡,55,A2,5.72,39.36,6.23,40.00,45,33.33,167,33.66
福岡,4,予,3,3742,宮地秀祈,45,福岡,52,A2,5.38,28.24,5.69,35.71,61,36.59,160,36.36
福岡,4,予,4,4136,江夏　満,39,福岡,53,A1,7.30,54.07,7.63,64.29,47,31.03,135,31.53
福岡,4,予,5,5073,上原健次,24,福岡,52,B1,2.68,4.00,1.33,0.00,39,34.26,170,37.33
福岡,4,予,6,5119,真田翔磨,19,福岡,52,B2,1.17,0.00,1.00,0.00,70,41.85,156,40.59
福岡,5,予,1,4094,中島真二,39,福岡,52,B1,4.33,18.07,4.79,29.51,57,36.52,166,31.07
福岡,5,予,2,3702,貞兼淳二,47,福岡,57,A2,5.26,30.77,5.04,32.00,19,34.53,115,34.50
福岡,5,予,3,3514,山一鉄也,53,福岡,51,A1,6.34,49.12,5.87,44.54,17,32.02,106,37.50
福岡,5,予,4,4942,柴田朋哉,29,福岡,51,B1,4.41,20.88,3.69,14.55,29,34.26,126,31.66
福岡,5,予,5,5093,浦野　海,18,福岡,56,B2,1.47,0.00,0.00,0.00,56,30.43,149,33.51
福岡,5,予,6,4236,松村　敏,36,福岡,54,A1,7.34,55.46,7.82,60.44,50,36.92,141,36.54
福岡,6,予,1,4232,笠　雅雄,36,福岡,60,B1,3.78,16.87,4.51,20.48,60,38.62,161,32.68
福岡,6,予,2,4102,益田啓司,41,福岡,53,A2,7.04,56.88,6.05,39.51,41,32.18,110,37.80
福岡,6,予,3,4351,里岡右貴,34,福岡,55,A1,6.69,50.79,6.74,51.16,52,34.55,114,37.44
福岡,6,予,4,4463,三苫晃幸,34,福岡,53,A2,5.36,35.11,5.89,41.67,13,34.95,121,35.23
福岡,6,予,5,3741,松尾基成,46,福岡,56,B1,4.48,21.69,3.54,16.67,69,29.82,152,36.32
福岡,6,予,6,4406,幸野史明,34,福岡,50,B1,4.73,23.29,3.89,12.70,21,36.70,112,35.00
福岡,7,予,1,4451,松崎祐太,32,福岡,51,A1,6.62,47.75,7.07,59.13,71,33.50,171,30.43
福岡,7,予,2,4485,楠原正剛,34,福岡,55,B1,5.72,36.78,5.38,34.85,75,35.59,145,40.57
福岡,7,予,3,4657,江崎一雄,32,福岡,54,B1,5.18,32.97,5.73,41.25,44,30.56,101,31.34
福岡,7,予,4,4693,松下誉士,36,福岡,52,B1,4.14,17.28,4.70,26.87,72,34.63,165,38.86
福岡,7,予,5,4506,稗田聖也,32,福岡,51,A2,5.84,43.84,6.01,45.92,49,43.26,111,37.56
福岡,7,予,6,5071,野見山拓,25,福岡,53,B2,1.80,1.96,1.89,5.56,40,34.30,162,35.79
福岡,8,予,1,4148,枝尾　賢,38,福岡,51,A1,7.43,61.29,6.99,61.39,24,30.00,103,31.90
福岡,8,予,2,4727,安部慎一,32,福岡,52,B1,3.98,19.32,4.77,24.56,26,48.82,109,37.11
福岡,8,予,3,4868,松本　峻,29,福岡,51,B1,4.58,22.50,2.76,4.00,16,36.65,124,33.48
福岡,8,予,4,4864,小川日紀,30,福岡,52,B1,4.24,18.37,4.04,20.83,55,31.12,142,37.10
福岡,8,予,5,4749,山口貢輝,33,福岡,54,B1,4.06,17.65,4.22,18.92,20,31.60,133,41.79
福岡,8,予,6,5041,荒牧凪沙,21,福岡,51,B1,3.16,10.64,2.09,1.82,27,38.85,130,33.33
福岡,9,特,1,3616,中村　真,47,福岡,53,A2,5.66,44.63,5.95,46.88,64,37.45,139,33.50
福岡,9,特,2,5012,加倉侑征,22,福岡,49,B1,3.76,17.48,2.26,9.84,15,36.25,105,34.34
福岡,9,特,3,4180,上野秀和,37,福岡,58,A2,4.52,26.98,4.87,33.33,65,34.91,127,34.11
福岡,9,特,4,4346,前田健太,35,福岡,55,B1,4.85,24.75,5.60,35.42,34,43.48,125,36.71
福岡,9,特,5,4155,長野壮志,39,福岡,56,A2,6.47,53.45,6.98,60.87,36,37.30,134,27.81
福岡,9,特,6,3734,宮田政勝,46,福岡,52,B1,5.30,33.71,3.00,0.00,66,32.44,158,34.33
福岡,10,特,1,4463,三苫晃幸,34,福岡,53,A2,5.36,35.11,5.89,41.67,13,34.95,121,35.23
福岡,10,特,2,3670,古澤信二,48,福岡,57,B1,5.06,30.56,4.96,32.53,54,37.44,113,34.00
福岡,10,特,3,4394,永嶋裕一,34,福岡,56,A2,5.16,25.17,5.31,27.78,25,36.44,147,25.87
福岡,10,特,4,3683,小羽正作,46,福岡,50,A2,5.86,36.96,5.71,38.71,58,41.39,137,30.93
福岡,10,特,5,4094,中島真二,39,福岡,52,B1,4.33,18.07,4.79,29.51,57,36.52,166,31.07
福岡,10,特,6,3742,宮地秀祈,45,福岡,52,A2,5.38,28.24,5.69,35.71,61,36.59,160,36.36
福岡,11,特,1,3514,山一鉄也,53,福岡,51,A1,6.34,49.12,5.87,44.54,17,32.02,106,37.50
福岡,11,特,2,4506,稗田聖也,32,福岡,51,A2,5.84,43.84,6.01,45.92,49,43.26,111,37.56
福岡,11,特,3,3876,中辻崇人,43,福岡,52,A2,7.12,56.88,6.96,59.62,46,35.13,119,32.04
福岡,11,特,4,4102,益田啓司,41,福岡,53,A2,7.04,56.88,6.05,39.51,41,32.18,110,37.80
福岡,11,特,5,4330,奈須啓太,36,福岡,50,A1,6.30,49.24,6.39,47.62,22,38.13,132,41.67
福岡,11,特,6,3986,沖島広和,42,福岡,55,A2,5.72,39.36,6.23,40.00,45,33.33,167,33.66
福岡,12,ドリームレー,1,4136,江夏　満,39,福岡,53,A1,7.30,54.07,7.63,64.29,47,31.03,135,31.53
福岡,12,ドリームレー,2,4236,松村　敏,36,福岡,54,A1,7.34,55.46,7.82,60.44,50,36.92,141,36.54
福岡,12,ドリームレー,3,4148,枝尾　賢,38,福岡,51,A1,7.43,61.29,6.99,61.39,24,30.00,103,31.90
福岡,12,ドリームレー,4,4544,松田大志,32,福岡,51,A1,7.20,61.31,7.22,60.00,32,28.94,153,32.29
福岡,12,ドリームレー,5,4451,松崎祐太,32,福岡,51,A1,6.62,47.75,7.07,59.13,71,33.50,171,30.43
福岡,12,ドリームレー,6,4351,里岡右貴,34,福岡,55,A1,6.69,50.79,6.74,51.16,52,34.55,114,37.44
下関,1,ひふみん,1,4302,西野翔太,37,広島,51,A2,5.81,42.15,5.71,39.39,65,19.15,13,24.49
下関,1,ひふみん,2,3804,中渡修作,46,福岡,53,B1,5.54,38.55,5.88,41.18,75,24.00,43,45.10
下関,1,ひふみん,3,3884,豊田　聡,46,徳島,51,B1,3.93,15.85,4.57,22.86,45,32.56,60,47.06
下関,1,ひふみん,4,3953,志道吉和,43,福岡,51,B1,5.07,31.87,0.00,0.00,17,33.33,68,37.50
下関,1,ひふみん,5,5008,羽野　諒,23,福岡,53,B1,3.34,5.26,3.08,0.00,62,35.85,65,45.83
下関,1,ひふみん,6,4241,大串重幸,35,長崎,53,B1,5.40,39.76,4.73,27.27,54,28.26,53,35.71
下関,2,一,1,4970,井町　泰,28,山口,50,B1,2.54,7.84,1.97,2.99,32,29.31,56,28.57
下関,2,一,2,2958,井川正人,62,長崎,50,B1,3.32,8.45,4.24,11.76,33,32.69,42,30.77
下関,2,一,3,4158,木場雄二,39,山口,57,B1,4.74,26.47,4.41,29.03,25,43.75,28,33.33
下関,2,一,4,4635,峰重力也,30,岡山,53,B1,4.19,22.08,5.59,41.18,44,28.57,66,45.65
下関,2,一,5,3108,松本真吾,56,徳島,50,B1,3.75,16.67,4.22,16.67,19,25.00,46,17.54
下関,2,一,6,3789,和田敏彦,48,福岡,49,B1,3.82,11.11,3.64,7.14,72,23.08,37,30.91
下関,3,一,1,4992,廣瀬篤哉,22,滋賀,56,B1,4.27,17.95,1.24,0.00,21,32.00,30,21.43
下関,3,一,2,3297,藤丸光一,53,福岡,47,A2,5.88,40.54,5.94,38.71,14,28.57,47,45.10
下関,3,一,3,3961,谷村一哉,41,山口,54,A1,6.85,47.41,7.03,53.80,40,36.73,49,44.64
下関,3,一,4,4179,広次　修,37,山口,50,A2,5.50,32.67,5.98,43.65,37,47.17,54,42.22
下関,3,一,5,4708,半田尚也,31,広島,54,B1,4.03,13.04,4.24,15.22,22,48.98,33,37.50
下関,3,一,6,3822,平尾崇典,47,岡山,49,B2,7.56,60.67,5.47,33.33,50,24.56,44,24.49
下関,4,一,1,5001,坂本雅佳,25,岡山,57,B1,3.00,12.61,3.87,33.33,39,22.22,25,32.08
下関,4,一,2,4294,古賀繁輝,33,佐賀,57,A1,6.45,45.76,8.19,62.50,20,39.66,70,32.61
下関,4,一,3,4259,真庭明志,36,長崎,53,A2,5.57,37.39,5.53,33.33,34,29.51,40,37.25
下関,4,一,4,4952,吉武真也,26,福岡,52,B1,3.16,6.90,0.00,0.00,38,21.43,45,26.53
下関,4,一,5,4734,安河内将,30,佐賀,51,A1,6.45,42.98,6.47,46.67,13,40.00,38,38.46
下関,4,一,6,3920,正木聖賢,45,広島,50,A2,6.25,45.45,6.48,50.00,71,20.00,31,39.22
下関,5,一,1,4596,葛原大陽,36,徳島,49,A2,6.26,42.24,6.13,52.17,58,30.43,63,40.00
下関,5,一,2,4729,佐藤謙史,31,福岡,56,B1,3.77,13.19,2.67,6.67,57,30.91,48,31.25
下関,5,一,3,4241,大串重幸,35,長崎,53,B1,5.40,39.76,4.73,27.27,54,28.26,53,35.71
下関,5,一,4,4371,西山貴浩,33,福岡,53,A1,7.18,47.33,7.47,50.00,49,25.00,67,16.07
下関,5,一,5,4592,小林孝弘,39,山口,52,B1,4.38,21.62,4.88,29.17,61,32.73,23,46.15
下関,5,一,6,3773,津留浩一,46,長崎,56,B1,4.33,21.79,4.63,25.00,68,24.44,62,37.50
下関,6,一,1,3662,大庭元明,50,福岡,56,A2,6.45,53.60,0.00,0.00,31,34.78,20,34.04
下関,6,一,2,4057,松井賢治,41,兵庫,52,A2,5.84,41.09,6.04,47.83,60,46.67,39,40.82
下関,6,一,3,5008,羽野　諒,23,福岡,53,B1,3.34,5.26,3.08,0.00,62,35.85,65,45.83
下関,6,一,4,3070,山室展弘,58,岡山,50,A1,5.65,40.96,6.75,49.06,69,30.36,71,37.50
下関,6,一,5,4594,谷川祐一,38,滋賀,51,A1,6.23,45.38,6.07,48.15,28,39.58,36,27.27
下関,6,一,6,5083,柳瀬幹太,21,山口,54,B2,1.68,2.00,0.90,0.00,67,25.86,58,46.00
下関,7,ふく～る,1,3304,烏野賢太,52,徳島,52,A2,6.30,44.55,5.84,31.58,70,22.22,29,28.57
下関,7,ふく～る,2,4603,谷川将太,32,長崎,52,B1,4.59,30.99,4.36,18.18,51,34.69,52,20.41
下関,7,ふく～る,3,4725,佐竹太一,33,兵庫,52,B1,5.37,32.18,4.46,26.92,41,56.25,75,34.00
下関,7,ふく～る,4,4364,池永　太,35,福岡,53,A1,6.87,46.03,6.82,50.00,73,46.81,64,37.50
下関,7,ふく～る,5,4970,井町　泰,28,山口,50,B1,2.54,7.84,1.97,2.99,32,29.31,56,28.57
下関,7,ふく～る,6,4295,小坂尚哉,33,兵庫,53,A1,6.39,46.59,6.51,34.29,27,27.27,11,30.36
下関,8,一,1,4580,長谷川雅,30,岡山,52,A2,6.34,40.34,5.31,27.59,63,52.63,26,58.82
下関,8,一,2,3108,松本真吾,56,徳島,50,B1,3.75,16.67,4.22,16.67,19,25.00,46,17.54
下関,8,一,3,3257,田頭　実,53,福岡,50,B2,6.47,50.00,7.75,62.50,26,17.50,73,32.65
下関,8,一,4,4607,鶴田勇雄,31,福岡,53,A2,5.16,29.29,4.48,25.93,15,43.86,27,37.21
下関,8,一,5,5001,坂本雅佳,25,岡山,57,B1,3.00,12.61,3.87,33.33,39,22.22,25,32.08
下関,8,一,6,4278,藤岡俊介,36,兵庫,51,A1,6.77,48.33,0.00,0.00,53,32.00,18,47.17
下関,9,準優勝戦,1,4371,西山貴浩,33,福岡,53,A1,7.18,47.33,7.47,50.00,49,25.00,67,16.07
下関,9,準優勝戦,2,3953,志道吉和,43,福岡,51,B1,5.07,31.87,0.00,0.00,17,33.33,68,37.50
下関,9,準優勝戦,3,4734,安河内将,30,佐賀,51,A1,6.45,42.98,6.47,46.67,13,40.00,38,38.46
下関,9,準優勝戦,4,3920,正木聖賢,45,広島,50,A2,6.25,45.45,6.48,50.00,71,20.00,31,39.22
下関,9,準優勝戦,5,4179,広次　修,37,山口,50,A2,5.50,32.67,5.98,43.65,37,47.17,54,42.22
下関,9,準優勝戦,6,4596,葛原大陽,36,徳島,49,A2,6.26,42.24,6.13,52.17,58,30.43,63,40.00
下関,10,準優勝戦,1,4594,谷川祐一,38,滋賀,51,A1,6.23,45.38,6.07,48.15,28,39.58,36,27.27
下関,10,準優勝戦,2,3822,平尾崇典,47,岡山,49,B2,7.56,60.67,5.47,33.33,50,24.56,44,24.49
下関,10,準優勝戦,3,4302,西野翔太,37,広島,51,A2,5.81,42.15,5.71,39.39,65,19.15,13,24.49
下関,10,準優勝戦,4,4294,古賀繁輝,33,佐賀,57,A1,6.45,45.76,8.19,62.50,20,39.66,70,32.61
下関,10,準優勝戦,5,4992,廣瀬篤哉,22,滋賀,56,B1,4.27,17.95,1.24,0.00,21,32.00,30,21.43
下関,10,準優勝戦,6,4057,松井賢治,41,兵庫,52,A2,5.84,41.09,6.04,47.83,60,46.67,39,40.82
下関,11,準優勝戦,1,4364,池永　太,35,福岡,53,A1,6.87,46.03,6.82,50.00,73,46.81,64,37.50
下関,11,準優勝戦,2,3662,大庭元明,50,福岡,56,A2,6.45,53.60,0.00,0.00,31,34.78,20,34.04
下関,11,準優勝戦,3,4580,長谷川雅,30,岡山,52,A2,6.34,40.34,5.31,27.59,63,52.63,26,58.82
下関,11,準優勝戦,4,4295,小坂尚哉,33,兵庫,53,A1,6.39,46.59,6.51,34.29,27,27.27,11,30.36
下関,11,準優勝戦,5,3961,谷村一哉,41,山口,54,A1,6.85,47.41,7.03,53.80,40,36.73,49,44.64
下関,11,準優勝戦,6,4259,真庭明志,36,長崎,53,A2,5.57,37.39,5.53,33.33,34,29.51,40,37.25
下関,12,一,1,3761,山本光雄,48,滋賀,54,A2,5.25,33.68,5.73,27.27,11,63.93,35,18.18
下関,12,一,2,3070,山室展弘,58,岡山,50,A1,5.65,40.96,6.75,49.06,69,30.36,71,37.50
下関,12,一,3,3304,烏野賢太,52,徳島,52,A2,6.30,44.55,5.84,31.58,70,22.22,29,28.57
下関,12,一,4,3257,田頭　実,53,福岡,50,B2,6.47,50.00,7.75,62.50,26,17.50,73,32.65
下関,12,一,5,3297,藤丸光一,53,福岡,47,A2,5.88,40.54,5.94,38.71,14,28.57,47,45.10
下関,12,一,6,4635,峰重力也,30,岡山,53,B1,4.19,22.08,5.59,41.18,44,28.57,66,45.65
徳山,1,モーニング特,1,4000,松本博昭,43,広島,55,A2,5.78,35.87,3.93,26.67,50,24.00,50,33.90
徳山,1,モーニング特,2,4020,川上清人,40,香川,61,B1,4.90,37.80,4.16,26.32,26,30.43,42,26.17
徳山,1,モーニング特,3,3883,山根大樹,46,広島,55,B1,4.45,22.58,3.86,14.29,30,38.89,43,39.47
徳山,1,モーニング特,4,4023,柴田友和,42,福岡,52,B1,4.47,23.53,4.45,24.14,39,47.83,71,36.59
徳山,1,モーニング特,5,3901,松田憲幸,43,山口,52,B1,5.36,36.04,5.17,30.63,43,45.00,35,40.16
徳山,1,モーニング特,6,5111,三村岳人,20,岡山,54,B2,1.51,2.13,1.25,0.00,60,50.00,17,40.00
徳山,2,グランプリ特,1,3903,白石　健,42,兵庫,52,A1,6.90,54.67,6.61,48.39,37,26.92,48,29.06
徳山,2,グランプリ特,2,4331,三好勇人,36,香川,54,A2,4.60,22.22,7.00,50.00,29,37.50,18,34.48
徳山,2,グランプリ特,3,3499,市川哲也,51,広島,51,A1,6.62,49.44,7.03,50.00,32,60.87,19,40.17
徳山,2,グランプリ特,4,3747,國崎良春,45,福岡,52,A2,5.52,31.39,5.51,37.84,33,21.43,33,34.45
徳山,2,グランプリ特,5,3501,川上昇平,51,長崎,54,A2,4.33,25.83,5.25,25.00,28,21.21,65,30.36
徳山,2,グランプリ特,6,4691,水原　慎,37,徳島,51,B1,4.77,22.77,0.00,0.00,41,28.57,31,45.69
徳山,3,プライド予選,1,3955,眞田英二,43,徳島,52,A2,6.26,47.46,6.25,40.63,31,17.39,73,25.23
徳山,3,プライド予選,2,3680,森林　太,47,長崎,54,B1,4.98,28.97,4.90,20.83,16,28.13,69,27.97
徳山,3,プライド予選,3,5034,若林義人,22,静岡,58,B1,4.38,26.39,0.00,0.00,36,31.82,63,23.58
徳山,3,プライド予選,4,4363,大野芳顕,35,福岡,54,A1,6.50,50.83,6.22,40.63,46,24.00,13,34.43
徳山,3,プライド予選,5,4978,山田和佐,26,広島,55,B1,4.15,16.84,3.13,6.25,23,46.88,20,26.89
徳山,3,プライド予選,6,3892,草場康幸,44,佐賀,52,A2,5.36,34.67,6.35,45.00,55,55.56,47,29.27
徳山,4,モーニング予,1,3022,西山昇一,59,愛知,52,A1,6.44,48.46,6.79,50.00,18,48.48,39,34.13
徳山,4,モーニング予,2,3906,飯山晃三,42,長崎,60,A2,4.75,26.17,5.39,36.59,20,27.27,25,13.54
徳山,4,モーニング予,3,3928,林　恵祐,44,福岡,59,B1,4.34,22.89,3.25,16.67,47,20.83,74,33.88
徳山,4,モーニング予,4,4250,藤川利文,37,福岡,54,B1,4.20,24.71,4.82,26.67,24,23.53,37,33.33
徳山,4,モーニング予,5,3797,岩井　繁,46,広島,62,B1,4.16,21.28,4.71,23.68,21,25.81,52,33.88
徳山,4,モーニング予,6,3987,後藤正宗,42,静岡,53,B1,5.20,36.14,5.77,40.00,17,44.12,12,43.97
徳山,5,予,1,4996,中尾智博,27,佐賀,52,B1,1.56,0.00,1.00,0.00,25,22.86,57,30.08
徳山,5,予,2,3612,馬袋義則,47,兵庫,54,A1,5.97,44.63,6.79,48.28,59,31.58,54,33.60
徳山,5,予,3,3327,野長瀬正,52,静岡,55,A2,6.32,46.28,6.41,41.03,57,47.06,30,31.62
徳山,5,予,4,4562,阪本勇介,32,岡山,54,B1,4.98,24.73,4.72,29.82,58,33.33,29,31.20
徳山,5,予,5,4100,松田隆司,41,福岡,53,A2,5.37,32.00,5.04,26.92,22,31.25,16,37.82
徳山,5,予,6,5145,島川海輝,17,山口,50,B2,1.50,0.00,0.00,0.00,35,50.00,72,28.81
徳山,6,予,1,3883,山根大樹,46,広島,55,B1,4.45,22.58,3.86,14.29,30,38.89,43,39.47
徳山,6,予,2,4762,藤原啓史,30,岡山,50,A1,7.08,57.80,6.00,35.29,15,15.15,45,27.43
徳山,6,予,3,3501,川上昇平,51,長崎,54,A2,4.33,25.83,5.25,25.00,28,21.21,65,30.36
徳山,6,予,4,4565,西村豪洋,32,愛知,53,B1,5.70,39.47,4.27,13.33,45,31.03,46,28.21
徳山,6,予,5,3711,江本真治,45,山口,53,A2,5.93,40.69,5.88,43.55,49,10.53,58,39.45
徳山,6,予,6,5058,前原大道,23,岡山,52,B2,4.32,15.87,3.25,18.75,34,20.83,36,34.92
徳山,7,予,1,3893,汐崎正則,44,愛知,55,B1,5.43,27.72,5.44,22.22,53,33.33,15,28.45
徳山,7,予,2,5034,若林義人,22,静岡,58,B1,4.38,26.39,0.00,0.00,36,31.82,63,23.58
徳山,7,予,3,3631,田添康介,50,長崎,57,A2,4.72,25.00,5.83,41.46,42,19.05,67,31.25
徳山,7,予,4,3282,池本輝明,53,広島,51,A2,5.14,31.71,4.58,21.05,52,50.00,38,25.21
徳山,7,予,5,4691,水原　慎,37,徳島,51,B1,4.77,22.77,0.00,0.00,41,28.57,31,45.69
徳山,7,予,6,3576,白水勝也,47,福岡,50,A1,6.78,48.53,6.94,58.33,56,42.11,62,32.23
徳山,8,予,1,5027,重冨勇哉,23,山口,56,B2,3.16,14.93,1.40,0.00,19,42.42,51,36.97
徳山,8,予,2,3284,渡邊伸太,52,佐賀,53,A1,6.32,43.64,6.98,52.83,51,58.82,61,25.93
徳山,8,予,3,4000,松本博昭,43,広島,55,A2,5.78,35.87,3.93,26.67,50,24.00,50,33.90
徳山,8,予,4,3680,森林　太,47,長崎,54,B1,4.98,28.97,4.90,20.83,16,28.13,69,27.97
徳山,8,予,5,4805,今林由喜,32,福岡,53,B1,3.24,6.74,4.20,20.00,27,51.43,68,34.43
徳山,8,予,6,4331,三好勇人,36,香川,54,A2,4.60,22.22,7.00,50.00,29,37.50,18,34.48
徳山,9,予,1,4023,柴田友和,42,福岡,52,B1,4.47,23.53,4.45,24.14,39,47.83,71,36.59
徳山,9,予,2,4978,山田和佐,26,広島,55,B1,4.15,16.84,3.13,6.25,23,46.88,20,26.89
徳山,9,予,3,3906,飯山晃三,42,長崎,60,A2,4.75,26.17,5.39,36.59,20,27.27,25,13.54
徳山,9,予,4,3541,三嶌誠司,51,香川,55,A1,6.48,43.90,6.22,38.78,48,39.29,66,35.90
徳山,9,予,5,3695,安東　将,48,山口,52,B1,3.33,11.54,3.36,14.77,40,36.00,44,37.17
徳山,9,予,6,3708,岡部貴司,45,岡山,56,A2,5.18,32.00,5.59,41.03,38,44.00,60,36.80
徳山,10,予,1,4835,橋本　明,31,広島,54,B1,4.64,24.21,4.47,22.22,44,22.73,75,33.61
徳山,10,予,2,3892,草場康幸,44,佐賀,52,A2,5.36,34.67,6.35,45.00,55,55.56,47,29.27
徳山,10,予,3,4250,藤川利文,37,福岡,54,B1,4.20,24.71,4.82,26.67,24,23.53,37,33.33
徳山,10,予,4,3327,野長瀬正,52,静岡,55,A2,6.32,46.28,6.41,41.03,57,47.06,30,31.62
徳山,10,予,5,5111,三村岳人,20,岡山,54,B2,1.51,2.13,1.25,0.00,60,50.00,17,40.00
徳山,10,予,6,3499,市川哲也,51,広島,51,A1,6.62,49.44,7.03,50.00,32,60.87,19,40.17
徳山,11,すなっち特賞,1,4100,松田隆司,41,福岡,53,A2,5.37,32.00,5.04,26.92,22,31.25,16,37.82
徳山,11,すなっち特賞,2,3903,白石　健,42,兵庫,52,A1,6.90,54.67,6.61,48.39,37,26.92,48,29.06
徳山,11,すなっち特賞,3,3987,後藤正宗,42,静岡,53,B1,5.20,36.14,5.77,40.00,17,44.12,12,43.97
徳山,11,すなっち特賞,4,5058,前原大道,23,岡山,52,B2,4.32,15.87,3.25,18.75,34,20.83,36,34.92
徳山,11,すなっち特賞,5,3282,池本輝明,53,広島,51,A2,5.14,31.71,4.58,21.05,52,50.00,38,25.21
徳山,11,すなっち特賞,6,3879,中村　格,47,岡山,58,B1,3.91,17.65,4.04,19.23,54,15.38,41,28.57
徳山,12,ドリーム戦,1,3612,馬袋義則,47,兵庫,54,A1,5.97,44.63,6.79,48.28,59,31.58,54,33.60
徳山,12,ドリーム戦,2,3022,西山昇一,59,愛知,52,A1,6.44,48.46,6.79,50.00,18,48.48,39,34.13
徳山,12,ドリーム戦,3,3284,渡邊伸太,52,佐賀,53,A1,6.32,43.64,6.98,52.83,51,58.82,61,25.93
徳山,12,ドリーム戦,4,3576,白水勝也,47,福岡,50,A1,6.78,48.53,6.94,58.33,56,42.11,62,32.23
徳山,12,ドリーム戦,5,3955,眞田英二,43,徳島,52,A2,6.26,47.46,6.25,40.63,31,17.39,73,25.23
徳山,12,ドリーム戦,6,4762,藤原啓史,30,岡山,50,A1,7.08,57.80,6.00,35.29,15,15.15,45,27.43
丸亀,1,予選,1,4839,四宮与寛,29,徳島,51,B1,5.23,37.37,4.76,28.57,52,32.58,46,31.28
丸亀,1,予選,2,3976,内田　圭,43,山口,57,B1,3.64,20.00,3.75,20.00,23,22.22,13,36.55
丸亀,1,予選,3,4656,大崎　翔,32,兵庫,54,B1,5.12,32.89,4.31,21.88,12,26.52,27,34.36
丸亀,1,予選,4,3660,長谷川親,50,香川,60,B1,4.16,17.78,3.90,14.41,15,28.46,26,36.73
丸亀,1,予選,5,3372,加藤雅之,53,広島,51,B1,4.39,23.94,3.54,7.69,17,33.60,10,33.51
丸亀,1,予選,6,3462,竹上真司,52,岡山,52,A2,6.04,42.15,4.76,17.65,35,27.12,57,34.36
丸亀,2,予選,1,3710,吉永泰弘,45,香川,55,B1,4.61,24.35,4.63,27.87,53,35.16,23,34.87
丸亀,2,予選,2,3615,横田　茂,47,広島,50,B1,5.53,36.00,5.71,36.54,46,44.00,51,37.88
丸亀,2,予選,3,4252,松下哲也,37,福岡,52,B1,5.18,35.04,4.77,22.73,63,33.33,12,32.66
丸亀,2,予選,4,5021,計盛　光,26,大阪,47,B1,2.07,3.26,1.22,0.00,48,31.82,28,39.70
丸亀,2,予選,5,5118,野田なづ,19,佐賀,47,B2,1.25,0.00,1.29,0.00,14,33.85,2,40.89
丸亀,2,予選,6,4894,原村拓也,29,香川,52,B1,3.93,18.18,2.70,10.00,8,35.38,59,37.43
丸亀,3,予選,1,4563,齋藤真之,32,岡山,53,B1,4.40,22.00,3.52,9.09,22,28.46,50,30.96
丸亀,3,予選,2,4187,香川友尚,39,香川,55,B1,3.93,21.67,3.92,18.18,13,29.03,15,30.73
丸亀,3,予選,3,4704,河野　大,31,徳島,50,A2,6.34,42.06,5.84,37.50,38,44.92,38,39.30
丸亀,3,予選,4,4288,永田啓二,35,福岡,55,A2,6.18,41.54,6.00,38.46,41,26.77,41,33.50
丸亀,3,予選,5,4126,吉本玲緒,40,広島,57,B1,4.22,22.89,3.33,12.50,43,24.58,21,31.03
丸亀,3,予選,6,3439,大平誉史,50,大阪,53,A1,6.11,42.68,5.52,37.93,65,42.28,54,32.83
丸亀,4,予選,1,4380,鈴木峻佑,35,静岡,53,B1,4.76,25.32,5.16,37.84,54,25.20,29,36.36
丸亀,4,予選,2,3456,松下　潤,48,徳島,54,B1,3.93,21.43,4.14,14.29,7,45.76,64,34.20
丸亀,4,予選,3,4543,重木輝彦,32,兵庫,48,A2,6.19,42.24,6.41,41.18,11,37.40,65,33.50
丸亀,4,予選,4,3726,桂林　寛,48,福岡,54,A2,5.90,37.50,5.41,44.83,6,34.78,37,31.44
丸亀,4,予選,5,3997,北村征嗣,41,大阪,52,A1,6.82,50.68,7.16,54.55,64,41.09,52,35.11
丸亀,4,予選,6,4823,中村桃佳,27,香川,45,B2,4.90,22.58,6.84,50.00,60,26.45,34,41.15
丸亀,5,予選,1,4648,木村亮太,36,兵庫,52,B1,4.06,16.67,6.43,42.86,26,39.66,47,35.71
丸亀,5,予選,2,3470,新田芳美,50,徳島,47,A2,6.29,57.14,4.50,23.08,24,25.21,14,40.10
丸亀,5,予選,3,3234,金森史吉,53,香川,54,B1,3.60,15.38,4.34,25.68,55,41.73,40,44.39
丸亀,5,予選,4,4189,川上　剛,39,福岡,54,A1,6.47,42.11,6.00,41.30,44,36.09,17,35.98
丸亀,5,予選,5,4069,山本修一,39,岡山,52,A2,6.37,44.92,6.17,44.44,47,44.53,30,32.64
丸亀,5,予選,6,3372,加藤雅之,53,広島,51,B1,4.39,23.94,3.54,7.69,17,33.60,10,33.51
丸亀,6,予選,1,4584,村岡賢人,30,岡山,53,A2,6.92,52.94,5.58,29.17,59,33.85,55,31.25
丸亀,6,予選,2,5021,計盛　光,26,大阪,47,B1,2.07,3.26,1.22,0.00,48,31.82,28,39.70
丸亀,6,予選,3,4163,山崎裕司,38,広島,51,A1,6.22,43.44,0.00,0.00,40,14.05,39,33.85
丸亀,6,予選,4,3654,武田光史,46,福井,52,A2,6.50,43.10,6.06,44.44,27,32.84,16,36.18
丸亀,6,予選,5,3660,長谷川親,50,香川,60,B1,4.16,17.78,3.90,14.41,15,28.46,26,36.73
丸亀,6,予選,6,5129,山口真喜,23,長崎,48,B2,1.00,0.00,0.00,0.00,62,33.08,60,31.28
丸亀,7,予選,1,4248,岡本　大,38,長崎,55,B1,4.58,27.17,3.38,6.25,2,25.22,22,39.36
丸亀,7,予選,2,4566,塩田北斗,32,福岡,53,A1,7.01,50.34,6.80,60.00,61,37.31,3,37.06
丸亀,7,予選,3,4593,小坂宗司,39,大阪,53,A2,6.12,46.10,4.62,23.08,30,25.45,5,34.34
丸亀,7,予選,4,4273,佐藤　旭,37,静岡,51,B1,5.44,35.11,4.88,30.30,20,37.50,6,31.05
丸亀,7,予選,5,3568,木村光宏,49,香川,53,A2,5.64,38.26,5.96,42.86,25,25.22,19,31.31
丸亀,7,予選,6,4400,加藤奈月,31,福井,55,B1,4.70,23.46,4.75,25.00,21,32.00,36,37.50
丸亀,8,予選,1,3833,中辻博訓,45,福井,54,A1,6.61,50.43,6.78,55.56,5,38.26,61,39.89
丸亀,8,予選,2,4543,重木輝彦,32,兵庫,48,A2,6.19,42.24,6.41,41.18,11,37.40,65,33.50
丸亀,8,予選,3,4574,東　潤樹,31,広島,52,B1,5.52,33.67,5.77,40.00,29,38.98,8,36.18
丸亀,8,予選,4,4348,宮崎　奨,34,香川,54,A2,6.33,43.12,5.97,39.20,31,38.94,24,32.31
丸亀,8,予選,5,4563,齋藤真之,32,岡山,53,B1,4.40,22.00,3.52,9.09,22,28.46,50,30.96
丸亀,8,予選,6,5118,野田なづ,19,佐賀,47,B2,1.25,0.00,1.29,0.00,14,33.85,2,40.89
丸亀,9,予選特賞,1,4069,山本修一,39,岡山,52,A2,6.37,44.92,6.17,44.44,47,44.53,30,32.64
丸亀,9,予選特賞,2,4019,笠原　亮,40,静岡,54,A1,6.67,48.42,7.24,51.72,37,44.54,9,31.79
丸亀,9,予選特賞,3,4966,田川大貴,22,長崎,54,B1,4.16,16.67,4.56,22.22,19,44.74,49,31.22
丸亀,9,予選特賞,4,3456,松下　潤,48,徳島,54,B1,3.93,21.43,4.14,14.29,7,45.76,64,34.20
丸亀,9,予選特賞,5,4653,小野達哉,34,大阪,52,A2,6.47,46.03,6.05,41.27,36,25.00,63,37.69
丸亀,9,予選特賞,6,4187,香川友尚,39,香川,55,B1,3.93,21.67,3.92,18.18,13,29.03,15,30.73
丸亀,10,予選特賞,1,3654,武田光史,46,福井,52,A2,6.50,43.10,6.06,44.44,27,32.84,16,36.18
丸亀,10,予選特賞,2,3462,竹上真司,52,岡山,52,A2,6.04,42.15,4.76,17.65,35,27.12,57,34.36
丸亀,10,予選特賞,3,3439,大平誉史,50,大阪,53,A1,6.11,42.68,5.52,37.93,65,42.28,54,32.83
丸亀,10,予選特賞,4,4380,鈴木峻佑,35,静岡,53,B1,4.76,25.32,5.16,37.84,54,25.20,29,36.36
丸亀,10,予選特賞,5,3234,金森史吉,53,香川,54,B1,3.60,15.38,4.34,25.68,55,41.73,40,44.39
丸亀,10,予選特賞,6,4252,松下哲也,37,福岡,52,B1,5.18,35.04,4.77,22.73,63,33.33,12,32.66
丸亀,11,予選選抜,1,3997,北村征嗣,41,大阪,52,A1,6.82,50.68,7.16,54.55,64,41.09,52,35.11
丸亀,11,予選選抜,2,4584,村岡賢人,30,岡山,53,A2,6.92,52.94,5.58,29.17,59,33.85,55,31.25
丸亀,11,予選選抜,3,3568,木村光宏,49,香川,53,A2,5.64,38.26,5.96,42.86,25,25.22,19,31.31
丸亀,11,予選選抜,4,3470,新田芳美,50,徳島,47,A2,6.29,57.14,4.50,23.08,24,25.21,14,40.10
丸亀,11,予選選抜,5,3615,横田　茂,47,広島,50,B1,5.53,36.00,5.71,36.54,46,44.00,51,37.88
丸亀,11,予選選抜,6,4288,永田啓二,35,福岡,55,A2,6.18,41.54,6.00,38.46,41,26.77,41,33.50
丸亀,12,予選選抜,1,4189,川上　剛,39,福岡,54,A1,6.47,42.11,6.00,41.30,44,36.09,17,35.98
丸亀,12,予選選抜,2,4593,小坂宗司,39,大阪,53,A2,6.12,46.10,4.62,23.08,30,25.45,5,34.34
丸亀,12,予選選抜,3,3833,中辻博訓,45,福井,54,A1,6.61,50.43,6.78,55.56,5,38.26,61,39.89
丸亀,12,予選選抜,4,4656,大崎　翔,32,兵庫,54,B1,5.12,32.89,4.31,21.88,12,26.52,27,34.36
丸亀,12,予選選抜,5,3726,桂林　寛,48,福岡,54,A2,5.90,37.50,5.41,44.83,6,34.78,37,31.44
丸亀,12,予選選抜,6,4704,河野　大,31,徳島,50,A2,6.34,42.06,5.84,37.50,38,44.92,38,39.30
鳴門,1,一般戦,1,4184,渡邊雄一,34,大阪,49,A1,6.09,47.42,6.75,57.50,80,41.18,74,44.12
鳴門,1,一般戦,2,4685,島村隆幸,29,徳島,50,A1,7.30,57.14,6.96,56.00,31,38.46,10,47.73
鳴門,1,一般戦,3,4072,森永　淳,39,佐賀,52,A1,6.30,50.00,6.65,47.06,83,50.00,69,68.75
鳴門,1,一般戦,4,3582,吉川昭男,47,滋賀,51,A1,6.44,48.39,6.11,42.11,51,41.46,20,26.67
鳴門,1,一般戦,5,4311,岡村　仁,36,大阪,54,A1,6.10,44.07,6.70,50.00,30,28.57,35,33.33
鳴門,1,一般戦,6,4812,西野雄貴,30,徳島,52,A1,6.39,47.41,6.98,58.33,65,41.18,62,39.02
鳴門,2,一般戦,1,4702,三浦敬太,33,東京,51,A1,5.72,40.63,6.53,42.11,34,37.50,21,41.18
鳴門,2,一般戦,2,4239,竹田辰也,36,山口,51,A1,6.59,43.00,6.26,42.11,74,40.63,12,31.25
鳴門,2,一般戦,3,3333,丸尾義孝,52,徳島,53,A1,6.37,43.90,6.64,52.21,73,22.86,34,29.27
鳴門,2,一般戦,4,4413,水摩　敦,34,福岡,50,A1,6.48,47.58,6.49,48.84,28,41.18,55,29.27
鳴門,2,一般戦,5,3941,池田浩二,42,愛知,54,A1,7.56,53.85,8.20,60.00,82,51.43,31,36.36
鳴門,2,一般戦,6,3532,柴田　光,48,群馬,53,A1,6.55,51.56,6.00,43.33,56,27.50,82,22.86
鳴門,3,一般戦,1,4166,吉田拡郎,38,岡山,53,A1,7.28,55.17,3.50,25.00,19,42.50,36,34.48
鳴門,3,一般戦,2,4205,山口　剛,37,広島,53,A1,7.32,52.04,6.36,44.44,35,22.86,67,27.27
鳴門,3,一般戦,3,4044,湯川浩司,40,大阪,52,A1,7.55,55.14,7.96,60.71,22,35.00,30,36.84
鳴門,3,一般戦,4,4757,山田祐也,30,徳島,53,A1,6.76,49.64,7.14,58.30,18,39.47,50,38.10
鳴門,3,一般戦,5,4030,森高一真,42,香川,50,A1,7.39,53.78,6.19,39.58,16,41.94,54,30.00
鳴門,3,一般戦,6,3795,金子龍介,47,兵庫,52,A1,7.39,61.79,7.26,55.88,63,41.67,84,38.46
鳴門,4,一般戦,1,4063,市橋卓士,40,徳島,54,A1,7.01,56.20,7.22,56.35,38,32.50,28,32.50
鳴門,4,一般戦,2,4388,是澤孝宏,34,滋賀,50,A1,5.89,41.00,6.14,36.11,14,28.95,22,40.00
鳴門,4,一般戦,3,4808,松尾　拓,31,三重,50,A1,7.11,55.77,0.00,0.00,58,36.36,15,44.90
鳴門,4,一般戦,4,4832,権藤俊光,33,大阪,53,A1,7.27,59.09,5.93,44.07,81,32.35,19,26.47
鳴門,4,一般戦,5,3743,林　美憲,45,徳島,52,A1,6.58,47.71,6.92,54.26,67,45.71,61,25.00
鳴門,4,一般戦,6,4238,毒島　誠,36,群馬,54,A1,8.01,62.00,8.80,72.00,12,45.95,52,37.50
鳴門,5,一般戦,1,4028,田村隆信,42,徳島,56,A1,6.75,46.74,7.62,60.26,62,24.32,16,47.50
鳴門,5,一般戦,2,3554,仲口博崇,47,愛知,51,A1,7.60,66.96,6.15,39.58,23,25.64,56,28.57
鳴門,5,一般戦,3,4324,海野康志,32,山口,60,A1,6.55,45.30,6.42,47.37,32,53.49,83,38.46
鳴門,5,一般戦,4,4350,篠崎元志,34,福岡,51,A1,7.74,56.36,7.54,57.69,76,33.33,73,42.86
鳴門,5,一般戦,5,4173,岡谷健吾,37,広島,56,A1,5.87,37.76,5.98,41.82,15,38.46,80,34.38
鳴門,5,一般戦,6,4459,片岡雅裕,34,香川,52,A1,6.76,45.63,6.65,47.83,59,34.38,11,30.77
鳴門,6,一般戦,1,4262,馬場貴也,36,滋賀,52,A1,7.00,43.52,6.47,26.32,77,39.39,17,28.57
鳴門,6,一般戦,2,3746,岡瀬正人,45,岡山,52,A1,5.84,36.84,6.34,47.37,57,25.64,26,28.95
鳴門,6,一般戦,3,4445,宮地元輝,33,佐賀,54,A1,7.40,61.18,6.94,58.82,60,28.13,13,22.50
鳴門,6,一般戦,4,4108,吉村正明,40,山口,50,A1,6.83,46.75,6.48,48.15,78,30.56,66,36.59
鳴門,6,一般戦,5,3582,吉川昭男,47,滋賀,51,A1,6.44,48.39,6.11,42.11,51,41.46,20,26.67
鳴門,6,一般戦,6,4168,石野貴之,38,大阪,52,A1,7.04,49.14,8.04,60.00,71,30.30,81,47.50
鳴門,7,一般戦,1,3622,山崎智也,46,群馬,54,A1,6.52,42.17,6.63,36.84,26,52.50,72,27.27
鳴門,7,一般戦,2,3931,黒崎竜也,43,三重,49,A1,5.74,42.86,5.93,26.67,79,44.44,18,29.03
鳴門,7,一般戦,3,4413,水摩　敦,34,福岡,50,A1,6.48,47.58,6.49,48.84,28,41.18,55,29.27
鳴門,7,一般戦,4,4025,山本隆幸,42,兵庫,52,A1,6.38,42.57,6.38,40.00,13,51.16,39,30.30
鳴門,7,一般戦,5,4757,山田祐也,30,徳島,53,A1,6.76,49.64,7.14,58.30,18,39.47,50,38.10
鳴門,7,一般戦,6,3744,徳増秀樹,45,静岡,52,A1,7.11,48.08,7.97,61.76,25,47.62,29,41.46
鳴門,8,一般戦,1,4537,渡邉和将,30,岡山,52,A1,7.13,61.26,4.67,11.11,37,42.42,59,27.50
鳴門,8,一般戦,2,4266,長田頼宗,34,東京,53,A1,6.56,45.35,7.25,50.00,36,38.89,79,29.41
鳴門,8,一般戦,3,4812,西野雄貴,30,徳島,52,A1,6.39,47.41,6.98,58.33,65,41.18,62,39.02
鳴門,8,一般戦,4,4356,長岡良也,36,兵庫,51,A1,6.84,55.04,7.19,61.11,39,30.77,76,30.77
鳴門,8,一般戦,5,4832,権藤俊光,33,大阪,53,A1,7.27,59.09,5.93,44.07,81,32.35,19,26.47
鳴門,8,一般戦,6,4205,山口　剛,37,広島,53,A1,7.32,52.04,6.36,44.44,35,22.86,67,27.27
鳴門,9,一般戦,1,4503,上野真之,32,佐賀,51,A1,7.83,61.60,7.76,64.00,84,30.77,68,44.74
鳴門,9,一般戦,2,4173,岡谷健吾,37,広島,56,A1,5.87,37.76,5.98,41.82,15,38.46,80,34.38
鳴門,9,一般戦,3,4388,是澤孝宏,34,滋賀,50,A1,5.89,41.00,6.14,36.11,14,28.95,22,40.00
鳴門,9,一般戦,4,4311,岡村　仁,36,大阪,54,A1,6.10,44.07,6.70,50.00,30,28.57,35,33.33
鳴門,9,一般戦,5,3333,丸尾義孝,52,徳島,53,A1,6.37,43.90,6.64,52.21,73,22.86,34,29.27
鳴門,9,一般戦,6,4044,湯川浩司,40,大阪,52,A1,7.55,55.14,7.96,60.71,22,35.00,30,36.84
鳴門,10,特別選抜Ｂ戦,1,3941,池田浩二,42,愛知,54,A1,7.56,53.85,8.20,60.00,82,51.43,31,36.36
鳴門,10,特別選抜Ｂ戦,2,4025,山本隆幸,42,兵庫,52,A1,6.38,42.57,6.38,40.00,13,51.16,39,30.30
鳴門,10,特別選抜Ｂ戦,3,4063,市橋卓士,40,徳島,54,A1,7.01,56.20,7.22,56.35,38,32.50,28,32.50
鳴門,10,特別選抜Ｂ戦,4,4262,馬場貴也,36,滋賀,52,A1,7.00,43.52,6.47,26.32,77,39.39,17,28.57
鳴門,10,特別選抜Ｂ戦,5,4028,田村隆信,42,徳島,56,A1,6.75,46.74,7.62,60.26,62,24.32,16,47.50
鳴門,10,特別選抜Ｂ戦,6,4166,吉田拡郎,38,岡山,53,A1,7.28,55.17,3.50,25.00,19,42.50,36,34.48
鳴門,11,特別選抜Ａ戦,1,4350,篠崎元志,34,福岡,51,A1,7.74,56.36,7.54,57.69,76,33.33,73,42.86
鳴門,11,特別選抜Ａ戦,2,4030,森高一真,42,香川,50,A1,7.39,53.78,6.19,39.58,16,41.94,54,30.00
鳴門,11,特別選抜Ａ戦,3,3622,山崎智也,46,群馬,54,A1,6.52,42.17,6.63,36.84,26,52.50,72,27.27
鳴門,11,特別選抜Ａ戦,4,4537,渡邉和将,30,岡山,52,A1,7.13,61.26,4.67,11.11,37,42.42,59,27.50
鳴門,11,特別選抜Ａ戦,5,4184,渡邊雄一,34,大阪,49,A1,6.09,47.42,6.75,57.50,80,41.18,74,44.12
鳴門,11,特別選抜Ａ戦,6,4702,三浦敬太,33,東京,51,A1,5.72,40.63,6.53,42.11,34,37.50,21,41.18
鳴門,12,優勝戦,1,4296,岡崎恭裕,33,福岡,49,A1,6.71,44.88,6.56,44.44,11,41.30,27,45.24
鳴門,12,優勝戦,2,3783,瓜生正義,44,福岡,50,A1,7.72,54.29,7.24,56.00,27,34.21,70,28.57
鳴門,12,優勝戦,3,4042,丸岡正典,40,大阪,51,A1,6.09,36.21,5.89,35.71,52,48.57,57,30.30
鳴門,12,優勝戦,4,4052,興津　藍,39,徳島,49,A1,6.79,47.67,7.28,52.76,29,44.44,32,44.44
鳴門,12,優勝戦,5,3956,横澤剛治,42,静岡,55,A1,6.88,44.74,6.62,46.15,66,52.94,24,45.00
鳴門,12,優勝戦,6,3960,菊地孝平,41,静岡,54,A1,7.28,48.62,6.85,36.36,10,28.57,53,54.29
住之江,1,予選,1,4038,田中健太,41,岡山,58,B1,3.11,12.50,3.00,10.53,25,29.17,51,42.42
住之江,1,予選,2,4226,村田浩司,37,山口,51,B1,4.47,26.04,5.00,31.25,10,19.51,52,15.00
住之江,1,予選,3,4981,牧山敦也,23,佐賀,50,B1,4.38,21.15,0.00,0.00,81,40.82,13,32.65
住之江,1,予選,4,3857,阿波勝哉,47,東京,55,B1,4.98,33.33,2.88,2.94,26,14.29,34,25.00
住之江,1,予選,5,3922,菅沼佳昭,44,愛知,51,B1,3.33,11.11,4.00,9.68,54,26.83,69,40.00
住之江,1,予選,6,4489,岩川仁士,33,大阪,54,B1,4.38,25.00,4.26,17.65,33,20.93,56,18.42
住之江,2,予選,1,3170,谷口　勝,57,大阪,52,B2,3.47,20.00,0.00,0.00,19,36.73,86,48.00
住之江,2,予選,2,4944,田代達也,29,東京,52,B1,3.58,17.19,1.33,0.00,82,34.04,63,20.93
住之江,2,予選,3,4610,佐藤大佑,29,東京,54,A2,5.80,46.08,6.05,50.00,38,20.00,60,27.66
住之江,2,予選,4,3617,竹田広樹,47,佐賀,56,B1,4.76,29.11,3.89,22.22,37,52.08,84,18.92
住之江,2,予選,5,3507,藤井　徹,49,大阪,52,B1,4.05,17.19,4.73,31.34,27,20.00,19,47.62
住之江,2,予選,6,4570,前田聖文,32,愛知,54,A2,3.60,22.81,7.40,50.00,58,41.67,25,18.60
住之江,3,予選,1,3592,橋本健造,51,大阪,50,B2,2.48,9.68,3.56,10.26,59,56.86,59,46.15
住之江,3,予選,2,4568,廣瀬真也,32,東京,50,B1,5.51,32.97,5.50,34.38,23,2.63,81,32.76
住之江,3,予選,3,5016,宮田龍馬,22,兵庫,52,B2,2.80,4.08,1.40,0.00,36,28.57,74,30.00
住之江,3,予選,4,4428,有賀達也,34,埼玉,52,A2,6.54,50.89,5.46,41.67,63,38.46,85,21.43
住之江,3,予選,5,4423,坂口貴彦,31,岡山,55,B1,4.92,34.75,0.00,0.00,68,28.57,38,24.24
住之江,3,予選,6,4099,吉永則雄,41,大阪,53,A1,6.24,41.94,6.57,50.72,13,29.17,11,29.03
住之江,4,予選,1,4176,樋口喜彦,37,兵庫,54,B1,4.05,21.92,4.36,24.00,14,30.77,65,37.21
住之江,4,予選,2,4467,渡邉俊介,33,愛知,50,A2,4.95,28.33,6.21,50.00,29,27.08,54,38.46
住之江,4,予選,3,4027,松江秀徳,42,佐賀,56,A2,5.92,39.13,5.79,42.11,74,20.00,15,25.58
住之江,4,予選,4,5126,山下大輝,23,兵庫,52,B2,1.28,0.00,0.00,0.00,83,76.92,53,33.96
住之江,4,予選,5,3079,新地雅洋,56,大阪,52,B1,2.93,14.29,4.94,25.93,79,48.00,36,31.91
住之江,4,予選,6,3967,鈴木茂高,40,愛知,57,B1,4.03,23.08,3.90,17.24,84,13.51,14,40.00
住之江,5,住之江ファイ,1,4090,中村　尊,39,埼玉,53,A1,6.46,49.17,3.63,12.50,16,25.49,23,48.78
住之江,5,住之江ファイ,2,3281,塚本太二,53,大阪,52,B1,3.80,18.09,3.68,16.00,50,50.00,29,29.63
住之江,5,住之江ファイ,3,4038,田中健太,41,岡山,58,B1,3.11,12.50,3.00,10.53,25,29.17,51,42.42
住之江,5,住之江ファイ,4,4663,籾山佳岳,37,愛知,53,B1,4.54,21.15,4.56,22.22,65,21.43,70,20.00
住之江,5,住之江ファイ,5,3569,増田　進,49,東京,54,B1,4.53,26.92,4.25,18.75,60,20.00,82,18.92
住之江,5,住之江ファイ,6,4468,大池佑来,33,東京,52,A1,6.65,44.35,0.00,0.00,17,33.33,12,34.62
住之江,6,予選特別Ｂ戦,1,3617,竹田広樹,47,佐賀,56,B1,4.76,29.11,3.89,22.22,37,52.08,84,18.92
住之江,6,予選特別Ｂ戦,2,3988,古川誠之,41,愛知,56,A1,6.12,41.49,6.65,38.46,22,36.73,64,20.00
住之江,6,予選特別Ｂ戦,3,4357,田中和也,35,大阪,53,A1,6.63,51.13,5.79,42.11,31,42.31,77,46.34
住之江,6,予選特別Ｂ戦,4,4512,高野哲史,31,兵庫,52,A1,6.61,46.67,7.05,54.76,55,38.46,79,43.40
住之江,6,予選特別Ｂ戦,5,3497,後藤　浩,51,埼玉,50,A2,5.96,39.29,6.38,45.83,32,41.30,37,22.73
住之江,6,予選特別Ｂ戦,6,4226,村田浩司,37,山口,51,B1,4.47,26.04,5.00,31.25,10,19.51,52,15.00
住之江,7,予選,1,3929,杢野誓良,44,愛知,51,A2,5.26,33.03,4.10,20.00,77,30.00,68,36.36
住之江,7,予選,2,4058,野末智一,41,静岡,50,A2,5.21,31.75,5.09,36.36,15,17.50,20,35.29
住之江,7,予選,3,3922,菅沼佳昭,44,愛知,51,B1,3.33,11.11,4.00,9.68,54,26.83,69,40.00
住之江,7,予選,4,4470,平田健之,33,三重,51,B1,5.88,46.46,5.64,44.00,75,38.00,27,15.00
住之江,7,予選,5,4099,吉永則雄,41,大阪,53,A1,6.24,41.94,6.57,50.72,13,29.17,11,29.03
住之江,7,予選,6,4944,田代達也,29,東京,52,B1,3.58,17.19,1.33,0.00,82,34.04,63,20.93
住之江,8,予選,1,4401,小林　泰,35,東京,55,B1,6.68,54.02,6.12,42.86,52,40.82,28,40.38
住之江,8,予選,2,3557,太田和美,47,大阪,53,A1,6.64,48.08,6.99,53.15,76,25.53,22,30.61
住之江,8,予選,3,4176,樋口喜彦,37,兵庫,54,B1,4.05,21.92,4.36,24.00,14,30.77,65,37.21
住之江,8,予選,4,4568,廣瀬真也,32,東京,50,B1,5.51,32.97,5.50,34.38,23,2.63,81,32.76
住之江,8,予選,5,4903,吉田凌太,26,愛知,50,A2,5.34,39.29,5.48,37.04,21,19.05,61,42.31
住之江,8,予選,6,4981,牧山敦也,23,佐賀,50,B1,4.38,21.15,0.00,0.00,81,40.82,13,32.65
住之江,9,予選,1,4428,有賀達也,34,埼玉,52,A2,6.54,50.89,5.46,41.67,63,38.46,85,21.43
住之江,9,予選,2,4468,大池佑来,33,東京,52,A1,6.65,44.35,0.00,0.00,17,33.33,12,34.62
住之江,9,予選,3,3079,新地雅洋,56,大阪,52,B1,2.93,14.29,4.94,25.93,79,48.00,36,31.91
住之江,9,予選,4,4303,牧原　崇,37,愛知,52,B1,4.87,25.37,5.78,43.24,67,29.55,73,37.78
住之江,9,予選,5,4570,前田聖文,32,愛知,54,A2,3.60,22.81,7.40,50.00,58,41.67,25,18.60
住之江,9,予選,6,4421,森作広大,31,東京,56,B1,4.23,22.92,4.85,23.08,30,5.13,67,23.26
住之江,10,予選特別Ｂ戦,1,3981,今坂晃広,42,静岡,53,A2,5.06,32.00,6.02,46.81,78,32.69,32,43.75
住之江,10,予選特別Ｂ戦,2,3507,藤井　徹,49,大阪,52,B1,4.05,17.19,4.73,31.34,27,20.00,19,47.62
住之江,10,予選特別Ｂ戦,3,4423,坂口貴彦,31,岡山,55,B1,4.92,34.75,0.00,0.00,68,28.57,38,24.24
住之江,10,予選特別Ｂ戦,4,3902,蜷川哲平,43,東京,55,A2,6.71,50.93,5.95,30.00,57,36.54,18,28.00
住之江,10,予選特別Ｂ戦,5,4361,柳生泰二,35,山口,54,A1,6.57,46.15,6.00,43.48,73,26.09,31,42.22
住之江,10,予選特別Ｂ戦,6,4131,原　豊土,40,静岡,54,A1,6.42,50.47,7.11,51.85,61,9.76,33,32.00
住之江,11,予選特別Ａ戦,1,4357,田中和也,35,大阪,53,A1,6.63,51.13,5.79,42.11,31,42.31,77,46.34
住之江,11,予選特別Ａ戦,2,4066,東本勝利,40,三重,51,A2,5.67,34.12,7.64,64.29,18,12.50,72,38.78
住之江,11,予選特別Ａ戦,3,3983,須藤博倫,42,埼玉,51,A1,6.88,49.22,6.29,26.47,66,37.25,75,38.00
住之江,11,予選特別Ａ戦,4,3546,中里昌志,51,埼玉,48,A2,5.41,35.11,5.63,36.84,39,50.00,78,32.35
住之江,11,予選特別Ａ戦,5,3857,阿波勝哉,47,東京,55,B1,4.98,33.33,2.88,2.94,26,14.29,34,25.00
住之江,11,予選特別Ａ戦,6,4467,渡邉俊介,33,愛知,50,A2,4.95,28.33,6.21,50.00,29,27.08,54,38.46
住之江,12,予選特別Ａ戦,1,4512,高野哲史,31,兵庫,52,A1,6.61,46.67,7.05,54.76,55,38.46,79,43.40
住之江,12,予選特別Ａ戦,2,4610,佐藤大佑,29,東京,54,A2,5.80,46.08,6.05,50.00,38,20.00,60,27.66
住之江,12,予選特別Ａ戦,3,4903,吉田凌太,26,愛知,50,A2,5.34,39.29,5.48,37.04,21,19.05,61,42.31
住之江,12,予選特別Ａ戦,4,3929,杢野誓良,44,愛知,51,A2,5.26,33.03,4.10,20.00,77,30.00,68,36.36
住之江,12,予選特別Ａ戦,5,4090,中村　尊,39,埼玉,53,A1,6.46,49.17,3.63,12.50,16,25.49,23,48.78
住之江,12,予選特別Ａ戦,6,4027,松江秀徳,42,佐賀,56,A2,5.92,39.13,5.79,42.11,74,20.00,15,25.58
琵琶湖,1,びわこ幕開け,1,3538,菊池峰晴,52,群馬,52,A2,5.79,38.37,6.56,46.88,37,0.00,38,0.00
琵琶湖,1,びわこ幕開け,2,4766,石井孝之,29,群馬,53,B1,4.35,25.88,0.00,0.00,24,0.00,33,0.00
琵琶湖,1,びわこ幕開け,3,5023,久永祥平,25,東京,52,B1,2.46,2.94,0.00,0.00,27,0.00,54,0.00
琵琶湖,1,びわこ幕開け,4,5024,古場健也,25,福井,51,B2,2.58,9.43,2.44,5.88,12,0.00,17,0.00
琵琶湖,1,びわこ幕開け,5,3637,齋藤和政,49,愛知,54,B1,4.03,22.22,3.59,11.11,28,0.00,48,0.00
琵琶湖,1,びわこ幕開け,6,5114,小林孝彰,20,福井,53,B2,1.53,0.00,0.00,0.00,30,0.00,39,0.00
琵琶湖,2,予,1,3863,海老澤泰,46,東京,57,B1,4.74,29.41,4.70,26.09,33,0.00,25,0.00
琵琶湖,2,予,2,3455,谷本幸司,49,愛知,49,A2,5.04,28.87,6.08,45.83,22,0.00,56,0.00
琵琶湖,2,予,3,3385,渡邉睦広,51,東京,54,A2,6.51,49.11,7.75,75.00,43,0.00,34,0.00
琵琶湖,2,予,4,5075,中島秀治,24,滋賀,54,B1,2.67,2.90,2.48,3.17,11,0.00,40,0.00
琵琶湖,2,予,5,2907,土井内大,65,香川,55,B1,3.60,9.88,3.79,15.79,45,0.00,22,0.00
琵琶湖,2,予,6,4494,河合佑樹,33,静岡,51,A1,6.73,52.88,6.17,40.48,18,0.00,50,0.00
琵琶湖,3,予,1,4728,山口　亮,32,東京,54,B1,4.94,25.53,0.00,0.00,36,0.00,21,0.00
琵琶湖,3,予,2,4067,永井　源,40,愛知,52,A1,5.95,34.38,7.26,64.52,23,0.00,45,0.00
琵琶湖,3,予,3,3745,橋本年光,45,兵庫,53,A2,5.40,31.82,5.92,41.18,50,0.00,14,0.00
琵琶湖,3,予,4,3362,間嶋仁志,50,三重,55,A2,6.06,44.44,5.66,37.50,26,0.00,12,0.00
琵琶湖,3,予,5,4973,栗原直也,27,埼玉,52,B1,2.77,4.55,2.50,0.00,39,0.00,11,0.00
琵琶湖,3,予,6,4905,土井祥伍,25,大阪,54,B1,3.58,18.46,3.09,8.70,16,0.00,44,0.00
琵琶湖,4,予,1,3819,大内裕樹,48,滋賀,55,B2,5.10,33.33,3.56,13.83,52,0.00,20,0.00
琵琶湖,4,予,2,4432,黄金井力,34,埼玉,57,B1,4.40,20.83,5.25,28.13,55,0.00,18,0.00
琵琶湖,4,予,3,4676,後藤隼之,32,東京,56,B1,5.56,35.06,2.60,20.00,21,0.00,23,0.00
琵琶湖,4,予,4,3904,森　貴洋,42,大阪,56,A2,6.13,45.67,5.00,25.00,40,0.00,27,0.00
琵琶湖,4,予,5,4645,上村純一,40,群馬,52,A2,5.93,47.87,5.25,30.00,51,0.00,31,0.00
琵琶湖,4,予,6,3978,齊藤　仁,42,東京,50,A1,6.83,45.65,7.77,50.00,56,0.00,43,0.00
琵琶湖,5,ゴゴイチびわ,1,3918,深井利寿,45,滋賀,51,A1,6.70,48.39,6.30,47.47,20,0.00,26,0.00
琵琶湖,5,ゴゴイチびわ,2,4156,浜野孝志,39,三重,58,A2,5.91,42.57,6.25,45.28,15,0.00,13,0.00
琵琶湖,5,ゴゴイチびわ,3,4865,立具敬司,30,大阪,52,B2,3.76,17.39,4.11,22.22,54,0.00,24,0.00
琵琶湖,5,ゴゴイチびわ,4,3560,太田克哉,52,群馬,52,B1,4.38,23.64,0.00,0.00,17,0.00,15,0.00
琵琶湖,5,ゴゴイチびわ,5,5114,小林孝彰,20,福井,53,B2,1.53,0.00,0.00,0.00,30,0.00,39,0.00
琵琶湖,5,ゴゴイチびわ,6,4491,田中　堅,33,群馬,50,B1,4.60,25.23,4.58,15.79,38,0.00,47,0.00
琵琶湖,6,スゴ６！びわ,1,3072,西田　靖,58,東京,54,A2,5.00,32.35,6.10,50.00,35,0.00,30,0.00
琵琶湖,6,スゴ６！びわ,2,3644,矢橋成介,47,三重,61,B1,4.05,17.58,4.85,22.50,13,0.00,16,0.00
琵琶湖,6,スゴ６！びわ,3,4068,幸田智裕,40,静岡,54,B1,5.45,37.08,4.25,12.50,48,0.00,51,0.00
琵琶湖,6,スゴ６！びわ,4,4095,福来　剛,38,東京,52,A1,7.23,55.26,7.18,63.64,31,0.00,29,0.00
琵琶湖,6,スゴ６！びわ,5,5035,櫻井　優,22,埼玉,53,B1,3.58,13.89,3.40,10.00,44,0.00,32,0.00
琵琶湖,6,スゴ６！びわ,6,3776,横井健太,45,愛知,53,B1,5.27,33.63,5.57,42.86,29,0.00,57,0.00
琵琶湖,7,予,1,5023,久永祥平,25,東京,52,B1,2.46,2.94,0.00,0.00,27,0.00,54,0.00
琵琶湖,7,予,2,4649,和田操拓,36,滋賀,51,A2,5.49,32.41,5.63,36.51,47,0.00,46,0.00
琵琶湖,7,予,3,4973,栗原直也,27,埼玉,52,B1,2.77,4.55,2.50,0.00,39,0.00,11,0.00
琵琶湖,7,予,4,4076,杉田篤光,41,静岡,51,A1,6.33,42.06,6.06,45.16,25,0.00,41,0.00
琵琶湖,7,予,5,4002,古結　宏,42,兵庫,52,A1,7.08,59.72,7.17,55.56,46,0.00,37,0.00
琵琶湖,7,予,6,5075,中島秀治,24,滋賀,54,B1,2.67,2.90,2.48,3.17,11,0.00,40,0.00
琵琶湖,8,予,1,4293,鈴木智啓,34,愛知,57,B1,5.56,38.64,5.49,35.14,34,0.00,49,0.00
琵琶湖,8,予,2,4761,山田晃大,30,滋賀,53,B1,5.09,31.03,4.92,30.98,53,0.00,35,0.00
琵琶湖,8,予,3,3978,齊藤　仁,42,東京,50,A1,6.83,45.65,7.77,50.00,56,0.00,43,0.00
琵琶湖,8,予,4,4905,土井祥伍,25,大阪,54,B1,3.58,18.46,3.09,8.70,16,0.00,44,0.00
琵琶湖,8,予,5,3455,谷本幸司,49,愛知,49,A2,5.04,28.87,6.08,45.83,22,0.00,56,0.00
琵琶湖,8,予,6,4759,今泉友吾,30,東京,52,A1,5.93,33.93,6.71,41.94,41,0.00,19,0.00
琵琶湖,9,特賞戦,1,3075,中村裕将,57,埼玉,52,A2,5.61,38.93,5.23,34.62,49,0.00,36,0.00
琵琶湖,9,特賞戦,2,3687,花田和明,50,愛知,53,A2,5.74,33.66,6.10,32.26,32,0.00,55,0.00
琵琶湖,9,特賞戦,3,3863,海老澤泰,46,東京,57,B1,4.74,29.41,4.70,26.09,33,0.00,25,0.00
琵琶湖,9,特賞戦,4,4067,永井　源,40,愛知,52,A1,5.95,34.38,7.26,64.52,23,0.00,45,0.00
琵琶湖,9,特賞戦,5,3819,大内裕樹,48,滋賀,55,B2,5.10,33.33,3.56,13.83,52,0.00,20,0.00
琵琶湖,9,特賞戦,6,3560,太田克哉,52,群馬,52,B1,4.38,23.64,0.00,0.00,17,0.00,15,0.00
琵琶湖,10,特賞戦,1,3637,齋藤和政,49,愛知,54,B1,4.03,22.22,3.59,11.11,28,0.00,48,0.00
琵琶湖,10,特賞戦,2,3664,鈴木賢一,50,埼玉,59,A2,6.02,47.62,5.43,40.48,14,0.00,53,0.00
琵琶湖,10,特賞戦,3,4494,河合佑樹,33,静岡,51,A1,6.73,52.88,6.17,40.48,18,0.00,50,0.00
琵琶湖,10,特賞戦,4,4491,田中　堅,33,群馬,50,B1,4.60,25.23,4.58,15.79,38,0.00,47,0.00
琵琶湖,10,特賞戦,5,3362,間嶋仁志,50,三重,55,A2,6.06,44.44,5.66,37.50,26,0.00,12,0.00
琵琶湖,10,特賞戦,6,4676,後藤隼之,32,東京,56,B1,5.56,35.06,2.60,20.00,21,0.00,23,0.00
琵琶湖,11,特別選抜戦,1,4076,杉田篤光,41,静岡,51,A1,6.33,42.06,6.06,45.16,25,0.00,41,0.00
琵琶湖,11,特別選抜戦,2,3072,西田　靖,58,東京,54,A2,5.00,32.35,6.10,50.00,35,0.00,30,0.00
琵琶湖,11,特別選抜戦,3,4766,石井孝之,29,群馬,53,B1,4.35,25.88,0.00,0.00,24,0.00,33,0.00
琵琶湖,11,特別選抜戦,4,3385,渡邉睦広,51,東京,54,A2,6.51,49.11,7.75,75.00,43,0.00,34,0.00
琵琶湖,11,特別選抜戦,5,3918,深井利寿,45,滋賀,51,A1,6.70,48.39,6.30,47.47,20,0.00,26,0.00
琵琶湖,11,特別選抜戦,6,3745,橋本年光,45,兵庫,53,A2,5.40,31.82,5.92,41.18,50,0.00,14,0.00
琵琶湖,12,特別選抜戦,1,4095,福来　剛,38,東京,52,A1,7.23,55.26,7.18,63.64,31,0.00,29,0.00
琵琶湖,12,特別選抜戦,2,4002,古結　宏,42,兵庫,52,A1,7.08,59.72,7.17,55.56,46,0.00,37,0.00
琵琶湖,12,特別選抜戦,3,4156,浜野孝志,39,三重,58,A2,5.91,42.57,6.25,45.28,15,0.00,13,0.00
琵琶湖,12,特別選抜戦,4,3538,菊池峰晴,52,群馬,52,A2,5.79,38.37,6.56,46.88,37,0.00,38,0.00
琵琶湖,12,特別選抜戦,5,4759,今泉友吾,30,東京,52,A1,5.93,33.93,6.71,41.94,41,0.00,19,0.00
琵琶湖,12,特別選抜戦,6,3904,森　貴洋,42,大阪,56,A2,6.13,45.67,5.00,25.00,40,0.00,27,0.00
三国,1,みくにあさイ,1,4049,荒川健太,39,三重,58,A1,5.73,39.00,6.98,60.98,72,20.83,30,40.82
三国,1,みくにあさイ,2,3889,須藤隆雄,45,群馬,55,B1,5.12,27.91,4.98,30.00,62,41.30,11,37.74
三国,1,みくにあさイ,3,4473,藤堂里香,32,福井,44,B1,4.02,9.76,4.62,23.64,64,25.00,44,41.18
三国,1,みくにあさイ,4,4788,小池哲也,30,大阪,54,B1,5.50,39.58,4.88,28.57,21,20.41,67,25.49
三国,1,みくにあさイ,5,3891,谷口健一,44,福井,54,B1,3.87,16.67,3.99,16.56,31,19.15,24,19.05
三国,1,みくにあさイ,6,5079,大石真央,22,静岡,49,B2,1.63,0.00,1.25,0.00,48,21.74,45,26.09
三国,2,みくにあさガ,1,3290,倉谷和信,56,大阪,53,A1,6.95,50.59,7.00,58.33,12,41.18,32,35.19
三国,2,みくにあさガ,2,4040,廣瀬将亨,41,兵庫,57,A2,7.16,55.30,5.39,33.33,42,35.56,16,33.33
三国,2,みくにあさガ,3,3848,川上聡介,42,愛知,57,B1,4.68,25.00,5.76,33.33,46,12.77,34,26.09
三国,2,みくにあさガ,4,4746,大豆生蒼,25,埼玉,50,B1,5.03,24.32,5.53,42.11,25,43.18,36,10.42
三国,2,みくにあさガ,5,5065,伊久間陽,21,群馬,52,B1,2.99,10.67,0.00,0.00,61,25.49,22,18.37
三国,2,みくにあさガ,6,5140,吉田彩乃,19,静岡,51,B2,1.00,0.00,0.00,0.00,53,43.75,63,34.21
三国,3,みくにあさズ,1,4496,内堀　学,33,東京,54,A2,6.83,50.41,0.00,0.00,54,27.45,61,20.00
三国,3,みくにあさズ,2,4036,金田　諭,41,埼玉,51,B1,6.30,40.00,5.71,38.24,37,48.94,65,25.00
三国,3,みくにあさズ,3,3921,川村正輝,45,福井,51,A2,5.54,39.52,5.99,39.68,41,30.23,66,23.40
三国,3,みくにあさズ,4,4897,深見亜由,28,愛知,43,B1,3.19,10.94,3.26,10.53,20,16.28,69,41.18
三国,3,みくにあさズ,5,3315,広瀬聖仁,54,愛知,54,B1,5.23,31.40,5.00,26.92,24,56.52,50,43.48
三国,3,みくにあさズ,6,4902,山川雄大,27,兵庫,51,B1,3.00,13.56,3.47,15.63,50,25.00,38,28.57
三国,4,みくにあさ推,1,3251,平石和男,53,埼玉,50,A1,5.98,34.85,6.21,33.33,38,18.60,72,25.53
三国,4,みくにあさ推,2,3141,山来和人,58,東京,54,B1,4.98,36.25,5.14,31.03,44,47.83,26,36.54
三国,4,みくにあさ推,3,3477,近藤稔也,49,徳島,55,B1,4.65,25.27,4.18,17.65,19,28.00,47,36.36
三国,4,みくにあさ推,4,4441,末永由楽,33,岡山,54,A1,6.05,41.27,6.13,41.03,66,19.05,60,48.00
三国,4,みくにあさ推,5,4045,佐々木裕,40,山口,47,A2,5.43,39.36,5.89,44.44,58,43.48,58,20.83
三国,4,みくにあさ推,6,3482,金子猛志,49,群馬,62,B1,4.46,25.74,4.38,12.50,23,39.22,64,45.83
三国,5,一,1,4145,小澤　学,38,東京,54,B1,4.28,22.22,3.11,7.14,52,28.00,23,48.98
三国,5,一,2,3891,谷口健一,44,福井,54,B1,3.87,16.67,3.99,16.56,31,19.15,24,19.05
三国,5,一,3,4183,宇野弥生,34,愛知,48,A2,6.01,40.16,5.39,37.25,57,41.30,35,36.00
三国,5,一,4,3563,堤　昇,50,静岡,52,A2,5.65,40.21,6.32,48.65,45,27.91,15,17.50
三国,5,一,5,5079,大石真央,22,静岡,49,B2,1.63,0.00,1.25,0.00,48,21.74,45,26.09
三国,5,一,6,4415,下出卓矢,33,福井,56,A1,6.31,44.44,7.08,60.00,39,36.36,40,24.49
三国,6,一,1,4979,中野夢斗,24,愛知,52,B1,3.99,18.00,3.20,9.76,30,36.96,54,34.04
三国,6,一,2,4746,大豆生蒼,25,埼玉,50,B1,5.03,24.32,5.53,42.11,25,43.18,36,10.42
三国,6,一,3,3919,村上　純,45,岡山,53,A1,5.92,42.27,0.00,0.00,55,29.79,48,22.45
三国,6,一,4,3713,伊藤誠二,45,愛知,53,A2,6.42,47.11,5.55,35.48,69,16.67,59,36.00
三国,6,一,5,4359,横川聖志,35,徳島,55,A1,5.19,33.33,5.56,33.33,60,35.56,56,28.85
三国,6,一,6,4930,佐藤　悠,24,福井,55,B1,4.32,22.54,3.68,13.33,35,32.65,14,36.96
三国,7,一,1,4473,藤堂里香,32,福井,44,B1,4.02,9.76,4.62,23.64,64,25.00,44,41.18
三国,7,一,2,4902,山川雄大,27,兵庫,51,B1,3.00,13.56,3.47,15.63,50,25.00,38,28.57
三国,7,一,3,4788,小池哲也,30,大阪,54,B1,5.50,39.58,4.88,28.57,21,20.41,67,25.49
三国,7,一,4,5140,吉田彩乃,19,静岡,51,B2,1.00,0.00,0.00,0.00,53,43.75,63,34.21
三国,7,一,5,4081,樋口範政,41,愛知,56,B1,4.36,23.81,4.60,30.00,63,29.41,12,20.00
三国,7,一,6,5010,宇留田翔,23,三重,55,B1,3.80,9.52,1.25,0.00,26,50.00,28,36.73
三国,8,一,1,4897,深見亜由,28,愛知,43,B1,3.19,10.94,3.26,10.53,20,16.28,69,41.18
三国,8,一,2,3921,川村正輝,45,福井,51,A2,5.54,39.52,5.99,39.68,41,30.23,66,23.40
三国,8,一,3,4850,野中一平,25,愛知,54,A2,6.45,49.24,5.97,40.54,36,27.27,52,25.00
三国,8,一,4,4045,佐々木裕,40,山口,47,A2,5.43,39.36,5.89,44.44,58,43.48,58,20.83
三国,8,一,5,4441,末永由楽,33,岡山,54,A1,6.05,41.27,6.13,41.03,66,19.05,60,48.00
三国,8,一,6,5065,伊久間陽,21,群馬,52,B1,2.99,10.67,0.00,0.00,61,25.49,22,18.37
三国,9,一般特選,1,3807,岡部　哲,45,埼玉,52,A2,5.63,39.68,5.24,32.00,47,34.09,27,7.84
三国,9,一般特選,2,4359,横川聖志,35,徳島,55,A1,5.19,33.33,5.56,33.33,60,35.56,56,28.85
三国,9,一般特選,3,4496,内堀　学,33,東京,54,A2,6.83,50.41,0.00,0.00,54,27.45,61,20.00
三国,9,一般特選,4,4145,小澤　学,38,東京,54,B1,4.28,22.22,3.11,7.14,52,28.00,23,48.98
三国,9,一般特選,5,4040,廣瀬将亨,41,兵庫,57,A2,7.16,55.30,5.39,33.33,42,35.56,16,33.33
三国,9,一般特選,6,4183,宇野弥生,34,愛知,48,A2,6.01,40.16,5.39,37.25,57,41.30,35,36.00
三国,10,選,1,3563,堤　昇,50,静岡,52,A2,5.65,40.21,6.32,48.65,45,27.91,15,17.50
三国,10,選,2,3251,平石和男,53,埼玉,50,A1,5.98,34.85,6.21,33.33,38,18.60,72,25.53
三国,10,選,3,3315,広瀬聖仁,54,愛知,54,B1,5.23,31.40,5.00,26.92,24,56.52,50,43.48
三国,10,選,4,3919,村上　純,45,岡山,53,A1,5.92,42.27,0.00,0.00,55,29.79,48,22.45
三国,10,選,5,3889,須藤隆雄,45,群馬,55,B1,5.12,27.91,4.98,30.00,62,41.30,11,37.74
三国,10,選,6,3290,倉谷和信,56,大阪,53,A1,6.95,50.59,7.00,58.33,12,41.18,32,35.19
三国,11,選,1,4415,下出卓矢,33,福井,56,A1,6.31,44.44,7.08,60.00,39,36.36,40,24.49
三国,11,選,2,3713,伊藤誠二,45,愛知,53,A2,6.42,47.11,5.55,35.48,69,16.67,59,36.00
三国,11,選,3,4036,金田　諭,41,埼玉,51,B1,6.30,40.00,5.71,38.24,37,48.94,65,25.00
三国,11,選,4,4049,荒川健太,39,三重,58,A1,5.73,39.00,6.98,60.98,72,20.83,30,40.82
三国,11,選,5,4850,野中一平,25,愛知,54,A2,6.45,49.24,5.97,40.54,36,27.27,52,25.00
三国,11,選,6,3477,近藤稔也,49,徳島,55,B1,4.65,25.27,4.18,17.65,19,28.00,47,36.36
三国,12,優,1,3488,柳田英明,53,東京,53,A2,4.62,27.55,5.31,30.61,18,46.94,25,37.25
三国,12,優,2,4928,栗城　匠,25,東京,52,A2,6.36,46.91,4.41,17.65,15,29.79,29,27.91
三国,12,優,3,4033,伊藤将吉,41,静岡,52,A2,6.45,49.59,6.83,58.33,49,45.45,68,50.00
三国,12,優,4,4376,藤田靖弘,36,静岡,51,A2,5.45,41.32,5.24,28.00,16,28.00,21,36.00
三国,12,優,5,4013,中島孝平,40,福井,51,A2,7.57,54.46,7.72,62.86,22,21.28,20,18.42
三国,12,優,6,3331,新美恵一,52,愛知,52,A1,6.09,41.28,7.82,62.22,71,36.36,55,30.36
常滑,1,予選,1,3580,水口由紀,47,滋賀,48,A2,4.82,22.95,4.85,22.22,42,34.88,52,33.66
常滑,1,予選,2,3355,橋谷田佳,51,東京,43,B1,3.89,12.94,3.00,14.29,26,32.73,67,29.08
常滑,1,予選,3,3528,笠野友紀,49,愛知,49,B1,3.84,19.32,4.68,32.35,4,27.05,28,34.68
常滑,1,予選,4,4419,原加央理,32,埼玉,46,B1,4.75,24.66,5.25,30.00,18,32.58,57,34.21
常滑,1,予選,5,4843,深尾巴恵,27,群馬,50,B2,3.71,15.56,0.00,0.00,32,30.36,11,40.95
常滑,1,予選,6,5019,柴田百恵,20,静岡,46,B1,3.82,15.66,1.43,0.00,41,33.33,69,25.38
常滑,2,予選,1,5003,来田衣織,24,兵庫,47,B1,2.79,4.50,1.75,0.00,28,29.37,47,41.96
常滑,2,予選,2,3302,谷川里江,52,愛知,46,A2,5.70,37.14,6.04,41.67,51,30.91,27,31.09
常滑,2,予選,3,3518,倉田郁美,52,静岡,47,B1,5.29,35.71,5.16,29.55,48,25.86,34,36.32
常滑,2,予選,4,4408,仁科さや,34,長崎,48,B2,3.50,8.33,0.00,0.00,46,33.33,51,42.15
常滑,2,予選,5,4088,野田祥子,39,長崎,47,B1,4.65,31.94,4.40,20.00,53,34.51,35,34.21
常滑,2,予選,6,4733,赤井　睦,31,徳島,47,B2,3.66,17.14,0.00,0.00,25,42.74,18,30.80
常滑,3,予選,1,4720,西澤日花,26,長崎,43,B1,4.20,15.91,4.67,33.33,5,35.04,22,32.88
常滑,3,予選,2,4123,細川裕子,38,愛知,46,A2,6.73,57.03,6.18,42.17,59,42.15,48,31.72
常滑,3,予選,3,4525,真子奈津,32,福岡,46,B1,3.75,17.72,4.28,20.69,22,46.92,31,36.73
常滑,3,予選,4,3142,西茂登子,57,徳島,51,B1,3.49,12.73,4.40,13.33,33,28.80,65,33.67
常滑,3,予選,5,5052,赤井星璃,25,大阪,49,B2,1.76,1.85,1.50,0.00,39,32.26,60,30.19
常滑,3,予選,6,3474,松瀬弘美,49,静岡,47,A2,4.85,27.37,0.00,0.00,45,26.98,24,35.45
常滑,4,予選,1,4689,豊田　結,26,静岡,56,B1,4.10,17.50,4.44,22.22,56,25.44,74,33.48
常滑,4,予選,2,2983,鵜飼菜穂,60,愛知,45,B2,2.83,8.51,4.12,21.05,47,35.40,72,40.42
常滑,4,予選,3,4117,廣中智紗,39,東京,45,A1,6.00,38.27,6.53,53.33,38,38.79,73,33.62
常滑,4,予選,4,5057,上田紗奈,23,大阪,45,B2,2.92,13.10,2.00,0.00,9,26.02,40,36.07
常滑,4,予選,5,3645,淺田千亜,47,徳島,47,B2,4.82,25.64,0.00,0.00,20,32.63,46,32.12
常滑,4,予選,6,4224,大橋栄里,38,福岡,49,B1,4.88,33.33,4.15,26.47,17,50.74,33,33.64
常滑,5,予選,1,4275,菅野はや,37,広島,52,B1,3.27,13.10,3.26,13.04,31,12.04,70,36.75
常滑,5,予選,2,5019,柴田百恵,20,静岡,46,B1,3.82,15.66,1.43,0.00,41,33.33,69,25.38
常滑,5,予選,3,4678,水野望美,31,愛知,46,A2,5.59,35.56,5.45,32.88,13,32.33,53,37.55
常滑,5,予選,4,4240,今井裕梨,36,群馬,45,B1,5.13,34.29,5.43,35.71,11,45.38,44,29.67
常滑,5,予選,5,3802,森岡真希,46,岡山,47,B1,4.76,24.42,3.93,21.43,54,29.91,71,40.76
常滑,5,予選,6,4502,遠藤エミ,32,滋賀,45,A1,7.08,52.05,7.22,43.48,1,26.23,64,33.87
常滑,6,予選,1,4088,野田祥子,39,長崎,47,B1,4.65,31.94,4.40,20.00,53,34.51,35,34.21
常滑,6,予選,2,4546,浜田亜理,32,埼玉,45,B1,5.93,43.33,5.47,26.47,21,28.83,56,33.33
常滑,6,予選,3,4071,古賀千晶,39,兵庫,47,B1,4.24,18.00,4.50,20.00,37,51.54,55,34.48
常滑,6,予選,4,4225,土屋千明,37,群馬,46,A2,6.52,49.45,6.92,57.69,58,45.16,17,31.90
常滑,6,予選,5,3355,橋谷田佳,51,東京,43,B1,3.89,12.94,3.00,14.29,26,32.73,67,29.08
常滑,6,予選,6,4433,川野芽唯,34,福岡,47,A1,5.71,33.33,6.41,44.12,19,23.89,15,34.15
常滑,7,予選,1,4525,真子奈津,32,福岡,46,B1,3.75,17.72,4.28,20.69,22,46.92,31,36.73
常滑,7,予選,2,4456,鎌倉　涼,31,大阪,44,A2,6.48,49.40,4.88,29.41,23,25.00,25,36.89
常滑,7,予選,3,3551,藤田美代,48,福岡,41,B1,4.90,29.41,5.02,30.23,36,38.52,68,35.80
常滑,7,予選,4,3435,寺田千恵,51,岡山,45,A1,6.91,50.00,5.66,34.48,44,39.37,39,31.96
常滑,7,予選,5,5003,来田衣織,24,兵庫,47,B1,2.79,4.50,1.75,0.00,28,29.37,47,41.96
常滑,7,予選,6,4843,深尾巴恵,27,群馬,50,B2,3.71,15.56,0.00,0.00,32,30.36,11,40.95
常滑,8,予選,1,3579,中里優子,47,埼玉,48,B1,5.71,38.98,4.95,27.03,27,37.30,61,37.96
常滑,8,予選,2,3999,大瀧明日,40,愛知,45,A1,6.73,47.41,5.96,39.47,16,20.41,42,38.58
常滑,8,予選,3,4419,原加央理,32,埼玉,46,B1,4.75,24.66,5.25,30.00,18,32.58,57,34.21
常滑,8,予選,4,3188,日高逸子,58,福岡,46,A1,6.35,43.66,6.43,46.43,12,48.89,19,33.67
常滑,8,予選,5,4689,豊田　結,26,静岡,56,B1,4.10,17.50,4.44,22.22,56,25.44,74,33.48
常滑,8,予選,6,4408,仁科さや,34,長崎,48,B2,3.50,8.33,0.00,0.00,46,33.33,51,42.15
常滑,9,予選,1,3871,池田紫乃,44,長崎,44,B1,5.30,33.33,4.40,20.00,50,40.16,63,35.59
常滑,9,予選,2,4502,遠藤エミ,32,滋賀,45,A1,7.08,52.05,7.22,43.48,1,26.23,64,33.87
常滑,9,予選,3,4224,大橋栄里,38,福岡,49,B1,4.88,33.33,4.15,26.47,17,50.74,33,33.64
常滑,9,予選,4,3474,松瀬弘美,49,静岡,47,A2,4.85,27.37,0.00,0.00,45,26.98,24,35.45
常滑,9,予選,5,4733,赤井　睦,31,徳島,47,B2,3.66,17.14,0.00,0.00,25,42.74,18,30.80
常滑,9,予選,6,3528,笠野友紀,49,愛知,49,B1,3.84,19.32,4.68,32.35,4,27.05,28,34.68
常滑,10,予選特賞,1,4117,廣中智紗,39,東京,45,A1,6.00,38.27,6.53,53.33,38,38.79,73,33.62
常滑,10,予選特賞,2,3518,倉田郁美,52,静岡,47,B1,5.29,35.71,5.16,29.55,48,25.86,34,36.32
常滑,10,予選特賞,3,3142,西茂登子,57,徳島,51,B1,3.49,12.73,4.40,13.33,33,28.80,65,33.67
常滑,10,予選特賞,4,3580,水口由紀,47,滋賀,48,A2,4.82,22.95,4.85,22.22,42,34.88,52,33.66
常滑,10,予選特賞,5,4240,今井裕梨,36,群馬,45,B1,5.13,34.29,5.43,35.71,11,45.38,44,29.67
常滑,10,予選特賞,6,4071,古賀千晶,39,兵庫,47,B1,4.24,18.00,4.50,20.00,37,51.54,55,34.48
常滑,11,予選特選,1,3435,寺田千恵,51,岡山,45,A1,6.91,50.00,5.66,34.48,44,39.37,39,31.96
常滑,11,予選特選,2,4720,西澤日花,26,長崎,43,B1,4.20,15.91,4.67,33.33,5,35.04,22,32.88
常滑,11,予選特選,3,3302,谷川里江,52,愛知,46,A2,5.70,37.14,6.04,41.67,51,30.91,27,31.09
常滑,11,予選特選,4,3645,淺田千亜,47,徳島,47,B2,4.82,25.64,0.00,0.00,20,32.63,46,32.12
常滑,11,予選特選,5,4275,菅野はや,37,広島,52,B1,3.27,13.10,3.26,13.04,31,12.04,70,36.75
常滑,11,予選特選,6,4546,浜田亜理,32,埼玉,45,B1,5.93,43.33,5.47,26.47,21,28.83,56,33.33
常滑,12,１ｓｔドリー,1,3999,大瀧明日,40,愛知,45,A1,6.73,47.41,5.96,39.47,16,20.41,42,38.58
常滑,12,１ｓｔドリー,2,3232,山川美由,53,香川,46,A1,5.89,39.44,6.30,43.86,6,38.71,45,31.22
常滑,12,１ｓｔドリー,3,3611,岩崎芳美,47,徳島,49,A2,6.72,49.54,6.18,45.45,7,33.64,59,32.66
常滑,12,１ｓｔドリー,4,4433,川野芽唯,34,福岡,47,A1,5.71,33.33,6.41,44.12,19,23.89,15,34.15
常滑,12,１ｓｔドリー,5,4456,鎌倉　涼,31,大阪,44,A2,6.48,49.40,4.88,29.41,23,25.00,25,36.89
常滑,12,１ｓｔドリー,6,4678,水野望美,31,愛知,46,A2,5.59,35.56,5.45,32.88,13,32.33,53,37.55
浜名湖,1,予,1,3796,長野道臣,47,静岡,53,B1,5.03,28.72,4.83,24.49,3,32.35,25,40.14
浜名湖,1,予,2,4169,多田有佑,37,東京,58,B1,3.59,14.46,3.95,13.64,21,40.00,33,29.41
浜名湖,1,予,3,4306,畔柳俊吾,36,愛知,53,B1,4.98,32.22,6.64,54.55,4,36.11,32,28.03
浜名湖,1,予,4,5135,仲　航太,20,東京,53,B2,1.89,0.00,0.00,0.00,65,25.93,20,26.72
浜名湖,1,予,5,3823,本部真吾,47,三重,55,B1,4.78,29.09,5.65,39.58,22,36.36,52,28.99
浜名湖,1,予,6,5051,松本純平,25,埼玉,58,B1,2.76,9.78,2.56,22.22,55,27.27,30,36.88
浜名湖,2,予,1,4274,長畑友輔,37,東京,48,B1,5.05,28.30,5.43,30.43,9,28.13,76,31.65
浜名湖,2,予,2,4118,宇佐見淳,39,愛知,54,A2,6.13,42.97,6.15,40.74,8,31.25,22,43.80
浜名湖,2,予,3,5042,畑田汰一,21,埼玉,54,B1,5.58,43.48,4.11,27.78,54,31.25,28,28.79
浜名湖,2,予,4,3673,小林　享,47,群馬,58,B1,3.84,16.33,4.44,17.65,16,20.69,64,36.88
浜名湖,2,予,5,5112,砂長知輝,20,埼玉,55,B2,2.37,1.69,0.00,0.00,18,28.57,18,30.60
浜名湖,2,予,6,3805,高橋英之,46,東京,52,A2,6.41,45.00,5.33,46.67,62,25.00,57,43.17
浜名湖,3,予,1,3808,秋田健太,45,埼玉,61,B1,4.30,23.66,4.00,12.50,59,7.69,38,35.92
浜名湖,3,予,2,3939,渡辺真至,42,愛知,54,A1,6.51,45.54,6.39,39.13,51,24.24,73,35.56
浜名湖,3,予,3,4575,戸塚邦好,31,東京,53,A2,5.26,28.30,0.00,0.00,38,27.27,72,31.69
浜名湖,3,予,4,2841,吉田　稔,63,群馬,54,B1,5.10,29.55,4.88,30.00,20,36.11,71,29.63
浜名湖,3,予,5,5120,山本稔太,19,愛知,55,B2,2.76,2.94,0.00,0.00,19,20.00,74,32.37
浜名湖,3,予,6,4486,野村　誠,34,群馬,51,A2,5.41,36.27,5.10,31.03,39,46.15,54,48.59
浜名湖,4,ランチタイム,1,4216,星　栄爾,35,静岡,54,A1,6.45,44.26,6.49,45.97,10,37.93,58,27.42
浜名湖,4,ランチタイム,2,4889,後藤盛也,31,東京,52,B1,4.43,20.73,4.09,13.04,63,15.63,50,36.36
浜名湖,4,ランチタイム,3,5074,大澤誠也,24,愛知,56,B2,2.45,4.48,0.00,0.00,35,60.00,70,26.36
浜名湖,4,ランチタイム,4,4439,近藤友宝,33,埼玉,55,B1,4.21,20.83,4.55,23.68,23,14.81,41,32.39
浜名湖,4,ランチタイム,5,4285,伴　将典,35,愛知,61,B1,4.66,29.59,5.21,35.90,43,26.92,14,35.92
浜名湖,4,ランチタイム,6,3277,齋藤　勇,53,東京,51,B1,5.11,30.99,4.89,21.43,12,45.00,68,31.88
浜名湖,5,予,1,3823,本部真吾,47,三重,55,B1,4.78,29.09,5.65,39.58,22,36.36,52,28.99
浜名湖,5,予,2,4318,桑原将光,35,東京,51,A2,5.65,36.09,6.87,54.35,25,35.71,51,30.00
浜名湖,5,予,3,4144,石塚久也,38,埼玉,54,B1,5.94,36.62,5.60,30.23,14,25.93,34,18.46
浜名湖,5,予,4,5039,倉田茂将,22,愛知,56,B1,3.24,15.48,1.00,0.00,15,27.27,53,26.52
浜名湖,5,予,5,4644,山田亮太,41,東京,52,A2,5.20,29.70,6.09,37.50,61,23.08,35,37.41
浜名湖,5,予,6,3621,天野晶夫,46,愛知,55,A1,6.39,46.15,6.57,37.25,58,31.25,15,36.96
浜名湖,6,予,1,4078,渡辺史之,41,群馬,51,B1,3.76,18.82,4.24,20.59,28,38.89,23,34.53
浜名湖,6,予,2,4207,松下一也,37,静岡,53,A1,6.34,53.23,6.72,53.49,27,33.33,37,37.76
浜名湖,6,予,3,3503,堂原洋史,50,埼玉,50,B1,3.85,15.28,4.41,18.18,5,18.18,31,33.57
浜名湖,6,予,4,4134,杉山貴博,39,東京,54,A2,6.05,41.88,6.55,45.16,41,14.81,65,32.12
浜名湖,6,予,5,4579,中嶋健一,30,三重,52,A2,5.54,35.53,5.91,34.88,30,40.63,46,35.04
浜名湖,6,予,6,5112,砂長知輝,20,埼玉,55,B2,2.37,1.69,0.00,0.00,18,28.57,18,30.60
浜名湖,7,ブレイクタイ,1,4215,吉島祥之,35,愛知,56,A2,5.14,31.37,4.56,24.00,50,18.52,19,28.26
浜名湖,7,ブレイクタイ,2,2841,吉田　稔,63,群馬,54,B1,5.10,29.55,4.88,30.00,20,36.11,71,29.63
浜名湖,7,ブレイクタイ,3,4104,木下陽介,40,東京,56,B1,3.15,11.11,5.28,33.33,57,25.00,26,25.23
浜名湖,7,ブレイクタイ,4,3909,佐々木康,46,静岡,56,A1,6.26,45.68,7.02,53.72,48,48.65,11,26.52
浜名湖,7,ブレイクタイ,5,3796,長野道臣,47,静岡,53,B1,5.03,28.72,4.83,24.49,3,32.35,25,40.14
浜名湖,7,ブレイクタイ,6,4077,品田直樹,41,東京,51,B1,5.31,33.04,4.29,25.71,11,21.88,45,25.00
浜名湖,8,予,1,4199,北川潤二,37,愛知,56,A2,5.52,37.96,5.25,32.50,60,50.00,63,24.63
浜名湖,8,予,2,4486,野村　誠,34,群馬,51,A2,5.41,36.27,5.10,31.03,39,46.15,54,48.59
浜名湖,8,予,3,3277,齋藤　勇,53,東京,51,B1,5.11,30.99,4.89,21.43,12,45.00,68,31.88
浜名湖,8,予,4,5042,畑田汰一,21,埼玉,54,B1,5.58,43.48,4.11,27.78,54,31.25,28,28.79
浜名湖,8,予,5,4169,多田有佑,37,東京,58,B1,3.59,14.46,3.95,13.64,21,40.00,33,29.41
浜名湖,8,予,6,4573,佐藤　翼,31,埼玉,53,A1,6.73,45.54,7.18,52.94,26,34.38,29,33.58
浜名湖,9,予選特賞,1,4209,藤田竜弘,37,静岡,58,A2,5.91,39.32,6.30,47.41,34,20.00,47,29.41
浜名湖,9,予選特賞,2,3673,小林　享,47,群馬,58,B1,3.84,16.33,4.44,17.65,16,20.69,64,36.88
浜名湖,9,予選特賞,3,4644,山田亮太,41,東京,52,A2,5.20,29.70,6.09,37.50,61,23.08,35,37.41
浜名湖,9,予選特賞,4,4306,畔柳俊吾,36,愛知,53,B1,4.98,32.22,6.64,54.55,4,36.11,32,28.03
浜名湖,9,予選特賞,5,5074,大澤誠也,24,愛知,56,B2,2.45,4.48,0.00,0.00,35,60.00,70,26.36
浜名湖,9,予選特賞,6,4575,戸塚邦好,31,東京,53,A2,5.26,28.30,0.00,0.00,38,27.27,59,31.76
浜名湖,10,予選特賞,1,4579,中嶋健一,30,三重,52,A2,5.54,35.53,5.91,34.88,30,40.63,46,35.04
浜名湖,10,予選特賞,2,4159,向後龍一,38,埼玉,52,A2,5.97,42.45,5.78,27.78,1,31.43,48,27.20
浜名湖,10,予選特賞,3,3659,藤生雄人,45,群馬,55,A1,5.64,32.88,5.53,33.33,64,25.00,12,37.96
浜名湖,10,予選特賞,4,4889,後藤盛也,31,東京,52,B1,4.43,20.73,4.09,13.04,63,15.63,50,36.36
浜名湖,10,予選特賞,5,4118,宇佐見淳,39,愛知,54,A2,6.13,42.97,6.15,40.74,8,31.25,22,43.80
浜名湖,10,予選特賞,6,4144,石塚久也,38,埼玉,54,B1,5.94,36.62,5.60,30.23,14,25.93,34,18.46
浜名湖,11,予選特選,1,3550,都築正治,48,愛知,53,A1,5.74,39.20,6.58,50.77,49,37.93,67,22.95
浜名湖,11,予選特選,2,3805,高橋英之,46,東京,52,A2,6.41,45.00,5.33,46.67,62,25.00,57,43.17
浜名湖,11,予選特選,3,4439,近藤友宝,33,埼玉,55,B1,4.21,20.83,4.55,23.68,23,14.81,41,32.39
浜名湖,11,予選特選,4,4215,吉島祥之,35,愛知,56,A2,5.14,31.37,4.56,24.00,50,18.52,19,28.26
浜名湖,11,予選特選,5,3503,堂原洋史,50,埼玉,50,B1,3.85,15.28,4.41,18.18,5,18.18,31,33.57
浜名湖,11,予選特選,6,4318,桑原将光,35,東京,51,A2,5.65,36.09,6.87,54.35,25,35.71,51,30.00
浜名湖,12,ドリーム戦,1,3909,佐々木康,46,静岡,56,A1,6.26,45.68,7.02,53.72,48,48.65,11,26.52
浜名湖,12,ドリーム戦,2,4573,佐藤　翼,31,埼玉,53,A1,6.73,45.54,7.18,52.94,26,34.38,29,33.58
浜名湖,12,ドリーム戦,3,3621,天野晶夫,46,愛知,55,A1,6.39,46.15,6.57,37.25,58,31.25,15,36.96
浜名湖,12,ドリーム戦,4,4207,松下一也,37,静岡,53,A1,6.34,53.23,6.72,53.49,27,33.33,37,37.76
浜名湖,12,ドリーム戦,5,4216,星　栄爾,35,静岡,54,A1,6.45,44.26,6.49,45.97,10,37.93,58,27.42
浜名湖,12,ドリーム戦,6,3939,渡辺真至,42,愛知,54,A1,6.51,45.54,6.39,39.13,51,24.24,73,35.56
多摩川,1,まつりだｏｎ,1,4085,荻野裕介,40,東京,51,A2,5.98,44.44,6.38,48.28,13,22.22,62,50.00
多摩川,1,まつりだｏｎ,2,4091,荒田泰明,39,埼玉,53,B1,4.25,26.15,5.50,37.50,61,61.11,29,45.45
多摩川,1,まつりだｏｎ,3,3461,渡邊哲也,53,静岡,54,B1,4.77,28.87,5.21,21.43,24,27.27,54,18.18
多摩川,1,まつりだｏｎ,4,3970,亀山高雅,43,群馬,51,A2,5.28,28.26,5.44,29.63,66,0.00,76,50.00
多摩川,1,まつりだｏｎ,5,4867,松山　靖,29,三重,57,B1,3.27,8.33,3.32,9.09,75,0.00,68,25.00
多摩川,1,まつりだｏｎ,6,5141,大澤風葵,19,群馬,52,B2,1.64,0.00,0.00,0.00,47,16.67,39,45.45
多摩川,2,一,1,3156,金子良昭,55,静岡,55,A2,6.35,47.83,5.53,41.18,51,14.29,77,57.14
多摩川,2,一,2,3655,本橋克洋,46,群馬,57,B1,5.34,32.76,3.85,15.38,42,0.00,78,50.00
多摩川,2,一,3,4598,加藤政彦,36,東京,51,A2,5.55,35.04,5.15,34.15,20,16.67,60,29.41
多摩川,2,一,4,4988,牟田奨太,23,静岡,55,B1,2.60,9.09,3.05,19.05,39,10.00,79,71.43
多摩川,2,一,5,3996,秋山直之,41,群馬,51,A2,7.76,64.44,6.88,41.67,31,0.00,25,18.18
多摩川,2,一,6,4602,三上泰教,34,東京,53,B2,3.53,18.75,3.90,13.79,16,22.22,55,37.50
多摩川,3,一,1,4706,三浦洋次,31,愛知,50,B1,4.82,22.08,4.80,29.55,69,57.14,85,62.50
多摩川,3,一,2,4093,吉田宗弘,39,東京,50,A2,5.26,33.33,5.11,26.67,65,11.11,48,27.27
多摩川,3,一,3,3641,一瀬　明,49,東京,51,A1,6.39,46.40,7.16,55.81,73,30.00,56,25.00
多摩川,3,一,4,3811,石田章央,44,静岡,56,A2,6.13,43.70,6.00,38.46,30,22.22,46,13.33
多摩川,3,一,5,4031,飯島　誠,41,埼玉,52,B1,4.01,16.67,5.00,35.29,29,16.67,38,45.45
多摩川,3,一,6,4547,中田竜太,32,埼玉,49,A1,6.81,50.89,4.56,12.00,44,33.33,50,45.45
多摩川,4,一,1,4229,市川美宏,37,静岡,54,B1,0.00,0.00,4.22,22.22,40,18.18,41,60.00
多摩川,4,一,2,4113,木村浩士,39,群馬,54,A2,5.68,35.90,4.10,19.35,59,11.11,84,33.33
多摩川,4,一,3,3505,山田竜一,49,東京,53,A1,6.18,40.00,6.27,36.36,23,0.00,65,41.67
多摩川,4,一,4,3448,高山秀雄,50,群馬,54,B1,5.15,27.47,4.83,26.92,14,0.00,73,50.00
多摩川,4,一,5,4604,岩瀬裕亮,31,愛知,54,A1,7.23,53.33,7.71,64.71,41,57.14,52,45.45
多摩川,4,一,6,5090,生方靖亜,19,群馬,53,B2,2.65,4.23,2.31,0.00,60,11.11,26,20.00
多摩川,5,一,1,3859,多羅尾達,47,東京,51,B1,5.45,35.62,4.95,35.00,46,57.14,59,27.27
多摩川,5,一,2,3850,小川知行,47,群馬,52,B1,4.54,25.00,5.08,40.00,34,55.56,69,28.57
多摩川,5,一,3,4731,間野兼礼,31,愛知,52,A2,4.94,30.61,5.84,37.50,68,14.29,32,70.00
多摩川,5,一,4,4888,金児隆太,32,群馬,50,A2,5.48,30.86,4.36,19.44,11,11.11,80,0.00
多摩川,5,一,5,4091,荒田泰明,39,埼玉,53,B1,4.25,26.15,5.50,37.50,61,61.11,29,45.45
多摩川,5,一,6,4084,杉山正樹,40,愛知,55,A1,6.47,41.67,6.35,42.50,32,33.33,71,0.00
多摩川,6,一,1,3463,乙津康志,52,東京,51,B1,5.68,40.35,5.13,35.90,35,27.78,33,33.33
多摩川,6,一,2,4086,寺本重宣,40,東京,50,A2,6.44,45.30,6.47,45.79,28,20.00,21,64.29
多摩川,6,一,3,4161,黒柳浩孝,38,愛知,56,B1,5.25,29.09,6.49,51.35,72,0.00,37,31.25
多摩川,6,一,4,4016,西川新太,40,愛知,53,A2,6.11,45.90,6.81,50.00,36,27.27,74,85.71
多摩川,6,一,5,4524,深谷知博,32,静岡,52,A1,7.56,61.07,7.56,68.00,27,27.78,23,50.00
多摩川,6,一,6,4083,福島勇樹,40,東京,52,A1,6.20,44.03,6.25,45.00,54,11.11,64,27.27
多摩川,7,一,1,4598,加藤政彦,36,東京,51,A2,5.55,35.04,5.15,34.15,20,16.67,60,29.41
多摩川,7,一,2,4505,島田賢人,32,埼玉,57,B1,5.72,36.59,5.35,41.18,33,64.71,66,41.67
多摩川,7,一,3,3970,亀山高雅,43,群馬,51,A2,5.28,28.26,5.44,29.63,66,0.00,76,50.00
多摩川,7,一,4,3792,田中　豪,47,東京,53,A1,6.52,50.00,6.35,40.70,52,29.41,82,14.29
多摩川,7,一,5,4093,吉田宗弘,39,東京,50,A2,5.26,33.33,5.11,26.67,65,11.11,48,27.27
多摩川,7,一,6,4062,後藤陽介,40,愛知,56,B1,5.13,34.72,4.44,22.22,63,18.18,43,6.67
多摩川,8,一,1,3066,田中定雄,60,埼玉,53,B1,4.20,26.74,6.00,38.89,50,18.18,34,20.00
多摩川,8,一,2,4608,荒井翔伍,30,東京,54,A2,6.28,45.69,6.42,46.15,12,25.00,27,45.45
多摩川,8,一,3,3811,石田章央,44,静岡,56,A2,6.13,43.70,6.00,38.46,30,22.22,46,13.33
多摩川,8,一,4,4085,荻野裕介,40,東京,51,A2,5.98,44.44,6.38,48.28,13,22.22,62,50.00
多摩川,8,一,5,4113,木村浩士,39,群馬,54,A2,5.68,35.90,4.10,19.35,59,11.11,84,33.33
多摩川,8,一,6,3065,増田弘喜,60,埼玉,55,B1,5.18,24.74,5.00,21.62,15,14.29,57,54.55
多摩川,9,ターゲット９,1,4043,桐本康臣,40,三重,55,A1,5.87,42.73,5.86,33.33,53,0.00,81,28.57
多摩川,9,ターゲット９,2,4031,飯島　誠,41,埼玉,52,B1,4.01,16.67,5.00,35.29,29,16.67,38,45.45
多摩川,9,ターゲット９,3,4906,鈴木雅希,25,東京,53,B1,4.57,23.81,4.92,29.01,58,30.00,75,37.50
多摩川,9,ターゲット９,4,3748,小黒竜吾,44,埼玉,56,B1,3.90,14.49,3.53,18.75,70,22.22,30,70.00
多摩川,9,ターゲット９,5,3850,小川知行,47,群馬,52,B1,4.54,25.00,5.08,40.00,34,55.56,69,28.57
多摩川,9,ターゲット９,6,4887,富澤祐作,33,群馬,57,B1,4.95,35.23,5.12,33.33,17,11.11,83,85.71
多摩川,10,準優勝戦,1,4084,杉山正樹,40,愛知,55,A1,6.47,41.67,6.35,42.50,32,33.33,71,0.00
多摩川,10,準優勝戦,2,4604,岩瀬裕亮,31,愛知,54,A1,7.23,53.33,7.71,64.71,41,57.14,52,45.45
多摩川,10,準優勝戦,3,4888,金児隆太,32,群馬,50,A2,5.48,30.86,4.36,19.44,11,11.11,80,0.00
多摩川,10,準優勝戦,4,3641,一瀬　明,49,東京,51,A1,6.39,46.40,7.16,55.81,73,30.00,56,25.00
多摩川,10,準優勝戦,5,4086,寺本重宣,40,東京,50,A2,6.44,45.30,6.47,45.79,28,20.00,21,64.29
多摩川,10,準優勝戦,6,3156,金子良昭,55,静岡,55,A2,6.35,47.83,5.53,41.18,51,14.29,77,57.14
多摩川,11,準優勝戦,1,4083,福島勇樹,40,東京,52,A1,6.20,44.03,6.25,45.00,54,11.11,64,27.27
多摩川,11,準優勝戦,2,3996,秋山直之,41,群馬,51,A2,7.76,64.44,6.88,41.67,31,0.00,25,18.18
多摩川,11,準優勝戦,3,3448,高山秀雄,50,群馬,54,B1,5.15,27.47,4.83,26.92,14,0.00,73,50.00
多摩川,11,準優勝戦,4,4731,間野兼礼,31,愛知,52,A2,4.94,30.61,5.84,37.50,68,14.29,32,70.00
多摩川,11,準優勝戦,5,4505,島田賢人,32,埼玉,57,B1,5.72,36.59,5.35,41.18,33,64.71,66,41.67
多摩川,11,準優勝戦,6,4706,三浦洋次,31,愛知,50,B1,4.82,22.08,4.80,29.55,69,57.14,85,62.50
多摩川,12,準優勝戦,1,4547,中田竜太,32,埼玉,49,A1,6.81,50.89,4.56,12.00,44,33.33,50,45.45
多摩川,12,準優勝戦,2,4524,深谷知博,32,静岡,52,A1,7.56,61.07,7.56,68.00,27,27.78,23,50.00
多摩川,12,準優勝戦,3,3792,田中　豪,47,東京,53,A1,6.52,50.00,6.35,40.70,52,29.41,82,14.29
多摩川,12,準優勝戦,4,3505,山田竜一,49,東京,53,A1,6.18,40.00,6.27,36.36,23,0.00,65,41.67
多摩川,12,準優勝戦,5,3655,本橋克洋,46,群馬,57,B1,5.34,32.76,3.85,15.38,42,0.00,78,50.00
多摩川,12,準優勝戦,6,3859,多羅尾達,47,東京,51,B1,5.45,35.62,4.95,35.00,46,57.14,59,27.27
桐生,1,一,1,4110,小澤和也,40,埼玉,57,B1,4.95,36.05,4.73,24.24,21,31.43,36,35.48
桐生,1,一,2,3591,後藤孝義,51,静岡,51,B1,5.59,37.78,4.63,26.32,56,32.10,24,32.00
桐生,1,一,3,4103,山崎善庸,40,埼玉,52,B1,4.64,26.25,3.83,20.00,30,27.91,77,38.71
桐生,1,一,4,4142,平野和明,39,愛知,52,A2,6.05,40.32,5.41,33.33,13,24.32,61,24.24
桐生,1,一,5,4993,下野京香,22,東京,46,B2,2.79,11.27,1.20,0.00,23,32.11,45,23.53
桐生,1,一,6,4997,濱崎寿里,27,埼玉,51,B2,1.48,0.00,1.29,0.00,47,34.07,75,27.08
桐生,2,一,1,4358,松本庸平,35,三重,50,B1,5.49,42.16,5.42,42.11,58,28.75,13,31.63
桐生,2,一,2,4407,鹿島敏弘,34,群馬,56,B1,5.39,34.04,5.35,34.51,37,23.26,54,27.71
桐生,2,一,3,4891,寺島美里,30,東京,47,B1,4.41,25.76,3.03,9.09,34,19.35,11,38.30
桐生,2,一,4,4107,吉村茂樹,40,群馬,67,B1,3.59,12.90,4.10,13.60,66,35.11,42,34.69
桐生,2,一,5,5045,平川香織,19,埼玉,46,B1,4.45,23.60,4.32,24.00,62,29.03,72,26.44
桐生,2,一,6,3642,大塚浩二,48,静岡,51,B1,3.75,14.29,3.67,8.33,33,30.25,29,32.69
桐生,3,一,1,4637,中田友也,30,埼玉,57,B1,4.69,24.32,5.50,35.29,54,31.52,53,32.04
桐生,3,一,2,4435,服部達哉,34,愛知,55,A2,5.81,40.71,6.00,44.44,50,34.78,20,39.18
桐生,3,一,3,3973,崎　利仁,43,群馬,53,B1,4.44,19.66,4.52,21.70,39,26.09,68,34.74
桐生,3,一,4,4758,富樫麗加,30,東京,52,B1,5.83,38.61,5.06,34.29,70,31.52,27,34.95
桐生,3,一,5,3268,森　竜也,55,三重,52,A2,6.27,45.65,5.35,30.00,63,32.56,40,36.00
桐生,3,一,6,4082,濱崎　誠,40,大阪,52,A2,6.11,43.64,5.86,41.38,67,30.26,17,28.00
桐生,4,一,1,4281,大澤大夢,36,埼玉,53,B1,5.06,30.43,6.08,36.54,18,26.83,35,32.04
桐生,4,一,2,4793,金子　萌,30,静岡,51,A2,5.95,41.86,0.00,0.00,51,33.98,55,34.07
桐生,4,一,3,3020,若女井正,60,東京,52,B1,4.78,24.68,4.88,25.00,27,28.09,34,23.00
桐生,4,一,4,4286,平田さや,35,東京,48,A2,5.56,32.26,6.09,48.28,73,27.27,73,26.26
桐生,4,一,5,4335,若林　将,36,東京,55,A1,5.51,26.23,5.97,38.71,44,33.98,22,23.71
桐生,4,一,6,4039,村上功祐,41,大阪,58,B1,5.67,31.13,5.95,45.00,25,18.57,49,24.49
桐生,5,一,1,4379,桑島和宏,35,東京,55,A2,5.61,36.63,6.10,46.67,35,28.38,48,24.18
桐生,5,一,2,4142,平野和明,39,愛知,52,A2,6.05,40.32,5.41,33.33,13,24.32,61,24.24
桐生,5,一,3,4836,大谷健太,31,埼玉,51,B1,4.33,28.13,5.38,41.67,69,26.83,60,32.00
桐生,5,一,4,3589,西村　勝,46,埼玉,55,A2,5.93,45.22,5.36,36.36,46,36.73,76,26.73
桐生,5,一,5,4244,鈴木成美,33,静岡,43,B1,4.54,26.88,5.68,36.84,11,34.65,50,21.00
桐生,5,一,6,3934,鋤柄貴俊,43,愛知,53,A2,5.20,33.59,6.24,47.06,52,47.78,14,41.94
桐生,6,一,1,4305,金子拓矢,36,群馬,52,A1,6.61,49.54,6.80,46.51,32,33.03,74,35.92
桐生,6,一,2,4107,吉村茂樹,40,群馬,67,B1,3.59,12.90,4.10,13.60,66,35.11,42,34.69
桐生,6,一,3,3376,萩原善行,53,群馬,48,B1,3.92,16.35,4.09,18.92,28,36.99,47,35.71
桐生,6,一,4,3591,後藤孝義,51,静岡,51,B1,5.59,37.78,4.63,26.32,56,32.10,24,32.00
桐生,6,一,5,4358,松本庸平,35,三重,50,B1,5.49,42.16,5.42,42.11,58,28.75,13,31.63
桐生,6,一,6,4103,山崎善庸,40,埼玉,52,B1,4.64,26.25,3.83,20.00,30,27.91,77,38.71
桐生,7,一,1,3845,中谷朋子,43,兵庫,46,A1,6.53,42.11,6.44,40.74,61,28.79,79,28.57
桐生,7,一,2,4228,吉田慎二,37,愛知,57,A2,4.91,32.85,3.18,5.88,43,40.00,39,28.00
桐生,7,一,3,3642,大塚浩二,48,静岡,51,B1,3.75,14.29,3.67,8.33,33,30.25,29,32.69
桐生,7,一,4,4997,濱崎寿里,27,埼玉,51,B2,1.48,0.00,1.29,0.00,47,34.07,75,27.08
桐生,7,一,5,4637,中田友也,30,埼玉,57,B1,4.69,24.32,5.50,35.29,54,31.52,53,32.04
桐生,7,一,6,3945,橋口真樹,44,愛知,50,B1,4.54,27.54,4.90,30.00,49,34.17,80,28.16
桐生,8,一,1,4308,河村　了,36,愛知,51,A1,6.87,41.53,6.56,44.44,40,19.70,63,34.88
桐生,8,一,2,3973,崎　利仁,43,群馬,53,B1,4.44,19.66,4.52,21.70,39,26.09,68,34.74
桐生,8,一,3,4203,小倉康典,37,群馬,53,B1,4.69,25.00,4.43,27.59,55,25.58,43,35.42
桐生,8,一,4,4993,下野京香,22,東京,46,B2,2.79,11.27,1.20,0.00,23,32.11,45,23.53
桐生,8,一,5,4793,金子　萌,30,静岡,51,A2,5.95,41.86,0.00,0.00,51,33.98,55,34.07
桐生,8,一,6,5045,平川香織,19,埼玉,46,B1,4.45,23.60,4.32,24.00,62,29.03,72,26.44
桐生,9,ＤＫ特選,1,4758,富樫麗加,30,東京,52,B1,5.83,38.61,5.06,34.29,70,31.52,27,34.95
桐生,9,ＤＫ特選,2,4286,平田さや,35,東京,48,A2,5.56,32.26,6.09,48.28,73,27.27,73,26.26
桐生,9,ＤＫ特選,3,4369,丹下　将,34,愛知,59,A2,5.93,41.46,5.87,43.33,74,41.05,41,29.13
桐生,9,ＤＫ特選,4,4110,小澤和也,40,埼玉,57,B1,4.95,36.05,4.73,24.24,21,31.43,36,35.48
桐生,9,ＤＫ特選,5,4836,大谷健太,31,埼玉,51,B1,4.33,28.13,5.38,41.67,69,26.83,60,32.00
桐生,9,ＤＫ特選,6,4891,寺島美里,30,東京,47,B1,4.41,25.76,3.03,9.09,34,19.35,11,38.30
桐生,10,選抜戦,1,3934,鋤柄貴俊,43,愛知,53,A2,5.20,33.59,6.24,47.06,52,47.78,14,41.94
桐生,10,選抜戦,2,4335,若林　将,36,東京,55,A1,5.51,26.23,5.97,38.71,44,33.98,22,23.71
桐生,10,選抜戦,3,3268,森　竜也,55,三重,52,A2,6.27,45.65,5.35,30.00,63,32.56,40,36.00
桐生,10,選抜戦,4,4305,金子拓矢,36,群馬,52,A1,6.61,49.54,6.80,46.51,32,33.03,74,35.92
桐生,10,選抜戦,5,4228,吉田慎二,37,愛知,57,A2,4.91,32.85,3.18,5.88,43,40.00,39,28.00
桐生,10,選抜戦,6,4379,桑島和宏,35,東京,55,A2,5.61,36.63,6.10,46.67,35,28.38,48,24.18
桐生,11,選抜戦,1,3945,橋口真樹,44,愛知,50,B1,4.54,27.54,4.90,30.00,49,34.17,80,28.16
桐生,11,選抜戦,2,3589,西村　勝,46,埼玉,55,A2,5.93,45.22,5.36,36.36,46,36.73,76,26.73
桐生,11,選抜戦,3,4308,河村　了,36,愛知,51,A1,6.87,41.53,6.56,44.44,40,19.70,63,34.88
桐生,11,選抜戦,4,4435,服部達哉,34,愛知,55,A2,5.81,40.71,6.00,44.44,50,34.78,20,39.18
桐生,11,選抜戦,5,4281,大澤大夢,36,埼玉,53,B1,5.06,30.43,6.08,36.54,18,26.83,35,32.04
桐生,11,選抜戦,6,3845,中谷朋子,43,兵庫,46,A1,6.53,42.11,6.44,40.74,61,28.79,79,28.57
桐生,12,優勝戦,1,3445,加藤高史,50,埼玉,53,A1,5.83,41.30,6.85,53.85,24,36.96,23,48.94
桐生,12,優勝戦,2,4080,山崎哲司,41,愛知,53,A1,6.89,52.07,6.50,50.00,72,32.10,59,41.75
桐生,12,優勝戦,3,3716,石渡鉄兵,45,東京,53,A1,6.94,53.52,6.68,46.81,38,27.62,18,19.19
桐生,12,優勝戦,4,4366,前沢丈史,34,東京,54,A1,7.00,56.30,7.21,52.63,17,20.22,44,31.63
桐生,12,優勝戦,5,3800,牧　宏次,46,東京,52,A2,6.01,44.21,7.21,55.17,12,23.53,32,39.80
桐生,12,優勝戦,6,3718,伊達正利,45,静岡,56,A2,4.77,26.98,4.93,22.22,26,21.13,28,20.00
