レース場,レース番号,レース種別,艇番,登録番号,選手名,年齢,支部,体重,級別,全国勝率,全国2連対率,当地勝率,当地2連対率,モーター番号,モーター2連対率,ボート番号,ボート2連対率
大村,1,予選,1,3491,富永　茂,56,福岡,52,B1,3.23,8.51,3.92,20.51,64,28.23,25,37.98
大村,1,予選,2,4681,太田　潮,33,愛知,59,B1,4.55,21.43,0.00,0.00,52,32.52,70,34.96
大村,1,予選,3,5199,垂水　悠,21,徳島,54,B1,4.22,22.89,0.00,0.00,59,29.37,54,35.85
大村,1,予選,4,5216,長谷川晴,23,群馬,53,B1,4.34,25.56,0.00,0.00,63,29.60,14,17.27
大村,1,予選,5,4705,吉川勇作,35,長崎,55,B1,4.12,21.21,4.39,25.52,23,35.20,31,46.51
大村,1,予選,6,5277,井上未都,21,福岡,46,B2,1.72,2.13,2.00,0.00,71,32.28,51,49.61
大村,2,予選,1,4146,柳橋宏紀,42,滋賀,53,B1,4.31,24.75,3.40,10.00,66,32.00,24,21.19
大村,2,予選,2,5208,屋良龍紀,26,長崎,53,B1,2.70,4.94,2.23,3.19,27,25.86,63,35.94
大村,2,予選,3,4234,野相弘司,40,福岡,56,B1,4.93,27.78,4.33,16.67,21,38.71,69,34.11
大村,2,予選,4,5152,丸山祐也,28,福岡,50,B1,3.56,18.31,2.36,3.03,14,36.22,46,34.65
大村,2,予選,5,4865,立具敬司,33,大阪,52,B1,3.99,14.10,4.29,28.57,24,26.45,55,34.62
大村,2,予選,6,3967,鈴木茂高,44,愛知,56,B1,4.50,22.43,0.00,0.00,31,20.51,30,35.38
大村,3,予選,1,3477,近藤稔也,53,徳島,53,B1,4.30,26.58,3.50,12.50,13,15.65,12,39.68
大村,3,予選,2,4367,山口修路,38,福岡,51,B1,4.72,17.95,4.62,24.53,58,21.74,76,23.30
大村,3,予選,3,4382,高山智至,39,滋賀,55,B1,4.33,12.94,4.50,8.33,33,33.88,26,25.47
大村,3,予選,4,4499,滝川真由,36,長崎,46,A2,5.74,41.18,6.20,46.46,76,47.20,37,34.82
大村,3,予選,5,3935,岩津徹郎,46,岡山,55,B1,4.93,26.17,5.33,28.57,29,29.51,17,37.50
大村,3,予選,6,3430,角浜　修,55,広島,56,B1,4.32,30.39,4.22,23.91,35,26.50,50,37.50
大村,4,予選,1,3614,谷　勝幸,50,広島,54,B1,4.28,15.32,5.44,44.00,30,23.21,29,32.81
大村,4,予選,2,5012,加倉侑征,26,福岡,52,B1,5.76,35.37,4.17,21.74,69,36.00,45,43.48
大村,4,予選,3,3730,塩崎優司,51,愛知,53,B1,4.68,23.00,4.63,25.00,11,28.44,20,42.86
大村,4,予選,4,4878,西岡育未,29,徳島,47,B1,4.55,21.79,4.54,29.73,67,43.55,16,32.69
大村,4,予選,5,4202,浮田圭浩,41,岡山,55,B1,4.18,18.56,3.33,9.52,39,41.41,19,27.12
大村,4,予選,6,3881,浦上拓也,50,大阪,53,A2,4.68,26.14,5.08,32.00,32,50.00,13,31.30
大村,5,予選,1,3715,倉尾大介,49,福岡,55,B1,5.17,26.67,3.90,13.33,41,38.10,39,33.08
大村,5,予選,2,4040,廣瀬将亨,44,兵庫,58,A2,5.21,37.38,5.87,43.33,65,32.03,53,28.46
大村,5,予選,3,3300,川崎智幸,56,岡山,53,A1,6.27,45.13,5.94,37.50,70,35.48,22,24.00
大村,5,予選,4,4879,山崎鉄平,28,佐賀,53,B1,4.67,28.74,5.16,26.79,50,33.06,65,35.66
大村,5,予選,5,3491,富永　茂,56,福岡,52,B1,3.23,8.51,3.92,20.51,64,28.23,25,37.98
大村,5,予選,6,3362,間嶋仁志,54,三重,55,A2,6.06,47.50,6.21,52.94,19,56.20,57,25.49
大村,6,予選,1,4313,西村美智,39,香川,50,A2,6.26,46.15,6.44,51.16,55,37.10,28,36.15
大村,6,予選,2,5152,丸山祐也,28,福岡,50,B1,3.56,18.31,2.36,3.03,14,36.22,46,34.65
大村,6,予選,3,4785,木幡純也,36,愛知,52,B1,4.25,14.47,0.00,0.00,72,25.86,36,33.33
大村,6,予選,4,4072,森永　淳,42,佐賀,51,A1,6.08,45.61,7.02,52.94,28,30.77,35,33.85
大村,6,予選,5,5216,長谷川晴,23,群馬,53,B1,4.34,25.56,0.00,0.00,63,29.60,14,17.27
大村,6,予選,6,4172,森定晃史,41,岡山,52,A1,6.45,45.76,5.56,33.33,26,24.58,33,26.92
大村,7,予選,1,4233,亀山雅幸,40,群馬,53,A2,5.71,38.02,5.09,18.18,48,41.27,41,34.92
大村,7,予選,2,4027,松江秀徳,45,佐賀,55,A2,5.12,31.58,5.70,34.09,57,24.11,62,40.83
大村,7,予選,3,5208,屋良龍紀,26,長崎,53,B1,2.70,4.94,2.23,3.19,27,25.86,63,35.94
大村,7,予選,4,4736,高倉和士,32,福岡,53,A1,6.89,50.82,7.60,53.33,75,40.00,18,28.45
大村,7,予選,5,4727,安部慎一,36,福岡,54,B1,3.21,12.77,4.75,12.50,51,38.52,43,29.23
大村,7,予選,6,4382,高山智至,39,滋賀,55,B1,4.33,12.94,4.50,8.33,33,33.88,26,25.47
大村,8,予選,1,3268,森　竜也,58,三重,52,A2,4.94,23.26,0.00,0.00,54,29.03,47,26.32
大村,8,予選,2,4171,榎　幸司,41,長崎,52,A2,6.03,38.89,6.93,51.35,56,39.20,74,38.89
大村,8,予選,3,4146,柳橋宏紀,42,滋賀,53,B1,4.31,24.75,3.40,10.00,66,32.00,24,21.19
大村,8,予選,4,3477,近藤稔也,53,徳島,53,B1,4.30,26.58,3.50,12.50,13,15.65,12,39.68
大村,8,予選,5,4681,太田　潮,33,愛知,59,B1,4.55,21.43,0.00,0.00,52,32.52,70,34.96
大村,8,予選,6,4514,上條嘉嗣,34,大阪,52,A1,6.45,50.00,5.75,41.67,44,28.46,72,29.91
大村,9,予選特賞,1,4499,滝川真由,36,長崎,46,A2,5.74,41.18,6.20,46.46,76,47.20,37,34.82
大村,9,予選特賞,2,4705,吉川勇作,35,長崎,55,B1,4.12,21.21,4.39,25.52,23,35.20,31,46.51
大村,9,予選特賞,3,4398,船岡洋一,36,広島,52,A1,6.08,47.00,6.89,42.22,40,45.00,21,43.75
大村,9,予選特賞,4,4234,野相弘司,40,福岡,56,B1,4.93,27.78,4.33,16.67,21,38.71,69,34.11
大村,9,予選特賞,5,3614,谷　勝幸,50,広島,54,B1,4.28,15.32,5.44,44.00,30,23.21,29,32.81
大村,9,予選特賞,6,4427,秦　英悟,38,大阪,52,A1,6.73,48.98,8.16,52.00,68,20.35,68,29.23
大村,10,予選特賞,1,4017,向井美鈴,43,山口,45,A1,5.45,31.93,5.70,34.78,20,36.29,44,27.10
大村,10,予選特賞,2,4878,西岡育未,29,徳島,47,B1,4.55,21.79,4.54,29.73,67,43.55,16,32.69
大村,10,予選特賞,3,4224,大橋栄里,41,福岡,48,B1,4.81,28.24,4.88,30.36,46,23.08,40,40.31
大村,10,予選特賞,4,4313,西村美智,39,香川,50,A2,6.26,46.15,6.44,51.16,55,37.10,28,36.15
大村,10,予選特賞,5,5277,井上未都,21,福岡,46,B2,1.72,2.13,2.00,0.00,71,32.28,51,49.61
大村,10,予選特賞,6,3232,山川美由,57,香川,46,A2,6.35,45.74,6.77,51.92,36,31.50,75,35.85
大村,11,予選特選,1,3300,川崎智幸,56,岡山,53,A1,6.27,45.13,5.94,37.50,70,35.48,22,24.00
大村,11,予選特選,2,4072,森永　淳,42,佐賀,51,A1,6.08,45.61,7.02,52.94,28,30.77,35,33.85
大村,11,予選特選,3,3881,浦上拓也,50,大阪,53,A2,4.68,26.14,5.08,32.00,32,50.00,13,31.30
大村,11,予選特選,4,3967,鈴木茂高,44,愛知,56,B1,4.50,22.43,0.00,0.00,31,20.51,30,35.38
大村,11,予選特選,5,4027,松江秀徳,45,佐賀,55,A2,5.12,31.58,5.70,34.09,57,24.11,62,40.83
大村,11,予選特選,6,3935,岩津徹郎,46,岡山,55,B1,4.93,26.17,5.33,28.57,29,29.51,17,37.50
大村,12,予選特選,1,4736,高倉和士,32,福岡,53,A1,6.89,50.82,7.60,53.33,75,40.00,18,28.45
大村,12,予選特選,2,4172,森定晃史,41,岡山,52,A1,6.45,45.76,5.56,33.33,26,24.58,33,26.92
大村,12,予選特選,3,3362,間嶋仁志,54,三重,55,A2,6.06,47.50,6.21,52.94,19,56.20,57,25.49
大村,12,予選特選,4,4865,立具敬司,33,大阪,52,B1,3.99,14.10,4.29,28.57,24,26.45,55,34.62
大村,12,予選特選,5,3730,塩崎優司,51,愛知,53,B1,4.68,23.00,4.63,25.00,11,28.44,20,42.86
大村,12,予選特選,6,4171,榎　幸司,41,長崎,52,A2,6.03,38.89,6.93,51.35,56,39.20,74,38.89
唐津,1,朝１戦一般,1,4743,木村仁紀,31,滋賀,54,A1,6.48,44.21,0.00,0.00,14,25.42,61,33.33
唐津,1,朝１戦一般,2,3670,古澤信二,52,福岡,59,B1,4.59,17.33,5.20,26.67,18,46.27,76,42.61
唐津,1,朝１戦一般,3,3434,松尾宣邦,54,福岡,53,B1,4.98,33.72,4.17,23.19,39,45.45,79,32.35
唐津,1,朝１戦一般,4,4588,田中京介,32,福岡,54,B1,4.77,31.65,6.00,43.75,67,37.29,46,32.76
唐津,1,朝１戦一般,5,3566,川添英正,53,福岡,52,B1,4.75,25.26,5.49,29.41,13,36.67,50,32.52
唐津,1,朝１戦一般,6,5210,藤井公人,25,福岡,58,B1,2.46,5.00,1.59,2.44,59,25.00,41,29.55
唐津,2,モー２ング一,1,4112,大久保信,43,佐賀,52,A2,5.78,40.31,5.52,35.92,11,33.80,57,43.56
唐津,2,モー２ング一,2,4948,木場悠介,31,長崎,52,A2,5.82,38.54,5.11,27.66,32,15.94,74,39.20
唐津,2,モー２ング一,3,3784,中島友和,47,佐賀,53,B1,5.20,37.63,5.76,43.10,33,37.50,54,46.82
唐津,2,モー２ング一,4,4213,重富伸也,39,長崎,54,B1,4.46,23.68,4.70,25.00,51,23.08,88,35.98
唐津,2,モー２ング一,5,4416,三宅健太,37,広島,54,B1,4.51,21.95,5.11,31.11,50,42.03,78,34.36
唐津,2,モー２ング一,6,5049,松井友汰,28,大阪,55,B1,5.09,34.57,0.00,0.00,69,31.88,80,32.37
唐津,3,３ライズ戦一,1,4531,武富智亮,35,佐賀,52,A1,5.92,44.76,6.01,42.03,61,32.79,75,33.73
唐津,3,３ライズ戦一,2,4143,浦田晃嗣,42,佐賀,56,B1,3.73,15.38,5.25,30.28,44,45.90,81,37.43
唐津,3,３ライズ戦一,3,3931,黒崎竜也,47,三重,50,A1,6.27,48.65,5.67,33.33,48,41.94,38,34.50
唐津,3,３ライズ戦一,4,4315,山崎昂介,39,長崎,53,B1,4.66,26.47,5.46,36.59,17,30.00,56,34.94
唐津,3,３ライズ戦一,5,3712,淺香文武,49,三重,57,B1,5.32,32.95,0.00,0.00,41,42.62,42,35.37
唐津,3,３ライズ戦一,6,3284,渡邊伸太,56,佐賀,53,B1,5.05,29.87,5.81,39.23,38,31.75,83,39.18
唐津,4,おは４戦一般,1,4259,真庭明志,39,長崎,53,A2,6.24,43.22,5.40,33.33,28,45.90,67,34.12
唐津,4,おは４戦一般,2,3663,木山和幸,53,広島,51,B1,5.32,36.52,5.44,31.25,12,33.33,59,34.13
唐津,4,おは４戦一般,3,5160,藤森陸斗,24,福岡,53,B1,3.65,15.38,2.33,4.76,54,25.42,35,28.73
唐津,4,おは４戦一般,4,4728,山口　亮,36,東京,54,B1,4.56,25.64,0.00,0.00,23,23.53,65,36.14
唐津,4,おは４戦一般,5,3024,西島義則,62,広島,57,A1,6.28,44.70,8.00,75.00,31,41.07,53,34.46
唐津,4,おは４戦一般,6,4472,尾嶋一広,36,兵庫,56,A1,6.33,42.86,7.71,71.43,15,49.18,39,38.73
唐津,5,一般,1,5054,佐々木大,27,大阪,52,B1,4.98,29.13,4.89,33.33,19,29.58,73,35.29
唐津,5,一般,2,4436,渋谷明憲,37,大阪,53,A2,5.89,43.18,5.50,40.00,34,45.90,66,32.56
唐津,5,一般,3,3906,飯山晃三,46,長崎,60,B1,4.41,25.23,5.34,42.55,24,37.70,45,36.14
唐津,5,一般,4,4535,北山康介,34,東京,56,A1,6.93,55.65,6.50,50.00,70,26.47,71,35.54
唐津,5,一般,5,4857,加藤翔馬,26,兵庫,55,B1,5.84,40.70,6.38,52.50,20,29.03,48,31.43
唐津,5,一般,6,4718,北川太一,30,佐賀,52,A1,5.63,37.50,5.73,39.47,53,36.76,40,29.70
唐津,6,一般,1,3566,川添英正,53,福岡,52,B1,4.75,25.26,5.49,29.41,13,36.67,50,32.52
唐津,6,一般,2,4462,夏山亮平,37,大阪,59,A2,5.27,32.67,5.00,25.00,25,30.65,77,32.16
唐津,6,一般,3,4416,三宅健太,37,広島,54,B1,4.51,21.95,5.11,31.11,50,42.03,78,34.36
唐津,6,一般,4,3792,田中　豪,51,東京,54,A1,5.97,43.59,0.00,0.00,66,38.24,31,39.43
唐津,6,一般,5,3434,松尾宣邦,54,福岡,53,B1,4.98,33.72,4.17,23.19,39,45.45,79,32.35
唐津,6,一般,6,4118,宇佐見淳,42,愛知,53,A1,6.59,47.86,5.93,46.43,49,38.89,58,31.36
唐津,7,一般,1,4588,田中京介,32,福岡,54,B1,4.77,31.65,6.00,43.75,67,37.29,46,32.76
唐津,7,一般,2,4549,小林文彦,35,福岡,52,A2,5.48,34.58,0.00,0.00,46,31.67,63,34.94
唐津,7,一般,3,5210,藤井公人,25,福岡,58,B1,2.46,5.00,1.59,2.44,59,25.00,41,29.55
唐津,7,一般,4,3784,中島友和,47,佐賀,53,B1,5.20,37.63,5.76,43.10,33,37.50,54,46.82
唐津,7,一般,5,4948,木場悠介,31,長崎,52,A2,5.82,38.54,5.11,27.66,32,15.94,74,39.20
唐津,7,一般,6,4254,川島圭司,40,滋賀,51,A2,5.31,31.48,5.40,33.33,16,44.07,68,33.15
唐津,8,一般,1,4822,百武　翔,30,佐賀,51,B1,5.41,30.36,5.28,30.25,57,37.31,51,31.79
唐津,8,一般,2,4425,大井清貴,38,山口,55,B1,4.75,28.24,5.78,39.02,65,33.90,60,34.29
唐津,8,一般,3,4213,重富伸也,39,長崎,54,B1,4.46,23.68,4.70,25.00,51,23.08,88,35.98
唐津,8,一般,4,5049,松井友汰,28,大阪,55,B1,5.09,34.57,0.00,0.00,69,31.88,80,32.37
唐津,8,一般,5,4315,山崎昂介,39,長崎,53,B1,4.66,26.47,5.46,36.59,17,30.00,56,34.94
唐津,8,一般,6,5160,藤森陸斗,24,福岡,53,B1,3.65,15.38,2.33,4.76,54,25.42,35,28.73
唐津,9,一般,1,3712,淺香文武,49,三重,57,B1,5.32,32.95,0.00,0.00,41,42.62,42,35.37
唐津,9,一般,2,3024,西島義則,62,広島,57,A1,6.28,44.70,8.00,75.00,31,41.07,53,34.46
唐津,9,一般,3,4259,真庭明志,39,長崎,53,A2,6.24,43.22,5.40,33.33,28,45.90,67,34.12
唐津,9,一般,4,3670,古澤信二,52,福岡,59,B1,4.59,17.33,5.20,26.67,18,46.27,76,42.61
唐津,9,一般,5,4436,渋谷明憲,37,大阪,53,A2,5.89,43.18,5.50,40.00,34,45.90,66,32.56
唐津,9,一般,6,4535,北山康介,34,東京,56,A1,6.93,55.65,6.50,50.00,70,26.47,71,35.54
唐津,10,選抜戦,1,4118,宇佐見淳,42,愛知,53,A1,6.59,47.86,5.93,46.43,49,38.89,58,31.36
唐津,10,選抜戦,2,4472,尾嶋一広,36,兵庫,56,A1,6.33,42.86,7.71,71.43,15,49.18,39,38.73
唐津,10,選抜戦,3,4718,北川太一,30,佐賀,52,A1,5.63,37.50,5.73,39.47,53,36.76,40,29.70
唐津,10,選抜戦,4,4531,武富智亮,35,佐賀,52,A1,5.92,44.76,6.01,42.03,61,32.79,75,33.73
唐津,10,選抜戦,5,4743,木村仁紀,31,滋賀,54,A1,6.48,44.21,0.00,0.00,14,25.42,61,33.33
唐津,10,選抜戦,6,3663,木山和幸,53,広島,51,B1,5.32,36.52,5.44,31.25,12,33.33,59,34.13
唐津,11,選抜戦,1,4254,川島圭司,40,滋賀,51,A2,5.31,31.48,5.40,33.33,16,44.07,68,33.15
唐津,11,選抜戦,2,3792,田中　豪,51,東京,54,A1,5.97,43.59,0.00,0.00,66,38.24,31,39.43
唐津,11,選抜戦,3,4857,加藤翔馬,26,兵庫,55,B1,5.84,40.70,6.38,52.50,20,29.03,48,31.43
唐津,11,選抜戦,4,5054,佐々木大,27,大阪,52,B1,4.98,29.13,4.89,33.33,19,29.58,73,35.29
唐津,11,選抜戦,5,3931,黒崎竜也,47,三重,50,A1,6.27,48.65,5.67,33.33,48,41.94,38,34.50
唐津,11,選抜戦,6,4462,夏山亮平,37,大阪,59,A2,5.27,32.67,5.00,25.00,25,30.65,77,32.16
唐津,12,優勝戦,1,3898,平田忠則,47,福岡,54,A1,6.79,47.25,7.27,54.55,27,54.72,47,33.53
唐津,12,優勝戦,2,4483,北野輝季,34,愛知,53,A1,6.52,45.95,6.78,45.95,40,39.73,36,39.66
唐津,12,優勝戦,3,4624,高田　明,38,佐賀,50,A2,5.92,36.92,6.82,52.02,37,22.54,43,42.69
唐津,12,優勝戦,4,4184,渡邊雄一,37,大阪,52,A1,6.50,45.24,6.62,50.00,62,44.07,37,34.16
唐津,12,優勝戦,5,4155,長野壮志,42,福岡,56,A1,6.77,52.22,5.86,42.11,64,47.27,89,29.82
唐津,12,優勝戦,6,3747,國崎良春,48,福岡,52,A2,5.85,43.10,6.56,55.56,63,21.31,32,35.12
芦屋,1,サンライズＶ,1,4105,松下直也,44,兵庫,52,A2,5.48,38.64,4.90,30.00,61,36.65,49,25.90
芦屋,1,サンライズＶ,2,3551,藤田美代,52,福岡,44,B1,4.72,20.00,4.92,24.49,33,39.60,16,34.19
芦屋,1,サンライズＶ,3,4383,竹田吉行,38,徳島,51,B1,5.19,31.25,5.23,27.66,22,38.36,53,28.67
芦屋,1,サンライズＶ,4,3361,岡部　浩,54,徳島,52,B1,4.28,25.00,4.89,31.58,38,38.36,46,35.26
芦屋,1,サンライズＶ,5,4495,森晋太郎,36,福岡,54,B1,4.51,25.53,4.82,30.43,4,33.57,23,29.73
芦屋,1,サンライズＶ,6,5185,加藤優弥,24,福井,51,B1,4.20,22.22,0.00,0.00,1,36.13,44,29.93
芦屋,2,サンライズＷ,1,4381,田路朋史,39,兵庫,51,A2,4.95,33.03,6.25,45.00,35,25.21,41,34.84
芦屋,2,サンライズＷ,2,3647,伊藤雄二,51,埼玉,50,B1,4.30,20.24,4.05,26.32,27,18.12,48,23.70
芦屋,2,サンライズＷ,3,3107,平岡重典,60,大阪,52,B1,4.66,23.17,6.57,42.86,46,34.81,17,30.82
芦屋,2,サンライズＷ,4,4075,中野次郎,42,東京,56,A1,6.68,46.90,7.92,75.00,42,20.92,28,35.77
芦屋,2,サンライズＷ,5,5048,眞鳥康太,29,長崎,57,B1,5.10,30.68,4.43,17.02,28,23.40,61,32.88
芦屋,2,サンライズＷ,6,3949,今出晋二,47,岡山,57,B1,3.37,5.26,4.63,23.08,34,20.39,72,31.97
芦屋,3,サンライズＸ,1,4973,栗原直也,31,埼玉,52,A2,2.85,10.99,4.28,22.22,36,36.48,68,42.31
芦屋,3,サンライズＸ,2,4091,荒田泰明,42,埼玉,53,B1,4.70,31.87,4.22,22.22,30,36.54,66,24.44
芦屋,3,サンライズＸ,3,4961,西橋奈未,27,福井,45,A1,6.89,41.30,5.72,44.00,13,30.37,50,34.87
芦屋,3,サンライズＸ,4,3928,林　恵祐,48,福岡,62,B1,3.93,16.47,4.38,24.27,56,38.10,70,25.90
芦屋,3,サンライズＸ,5,3158,島川光男,58,広島,53,A2,6.41,50.89,6.80,50.00,58,28.37,12,39.04
芦屋,3,サンライズＸ,6,3290,倉谷和信,60,大阪,53,B1,5.47,41.89,0.00,0.00,37,32.47,40,31.61
芦屋,4,サンライズＹ,1,4958,溝口海義,28,福岡,54,A1,6.26,48.67,6.27,43.33,50,31.51,19,34.06
芦屋,4,サンライズＹ,2,4374,永田義紘,39,広島,52,B1,4.72,26.26,4.31,23.53,31,24.82,58,41.18
芦屋,4,サンライズＹ,3,4584,村岡賢人,33,岡山,54,A2,6.55,50.77,6.31,38.57,14,47.13,24,24.44
芦屋,4,サンライズＹ,4,4432,黄金井力,37,埼玉,56,B1,5.04,23.75,4.10,13.79,53,28.36,32,30.92
芦屋,4,サンライズＹ,5,5261,岡　暢祐,25,長崎,52,B2,2.02,4.62,1.25,0.00,55,23.19,35,33.54
芦屋,4,サンライズＹ,6,5092,篠原晟弥,23,福岡,51,A2,5.50,42.52,4.08,13.89,43,21.32,65,30.57
芦屋,5,サンライズＺ,1,4627,藤原菜希,37,東京,48,A2,6.68,50.46,6.17,47.17,3,35.42,56,24.82
芦屋,5,サンライズＺ,2,3470,新田芳美,54,徳島,46,B1,4.93,32.20,0.00,0.00,23,45.81,45,34.59
芦屋,5,サンライズＺ,3,3551,藤田美代,52,福岡,44,B1,4.72,20.00,4.92,24.49,33,39.60,16,34.19
芦屋,5,サンライズＺ,4,4998,中村かな,30,東京,46,A2,5.19,32.32,0.00,0.00,20,51.59,63,32.47
芦屋,5,サンライズＺ,5,5057,上田紗奈,27,大阪,45,B1,5.80,50.00,3.67,11.11,7,20.59,30,35.03
芦屋,5,サンライズＺ,6,5250,嶋田有里,21,長崎,48,B2,2.19,5.08,1.46,0.00,32,42.14,54,39.74
芦屋,6,予選,1,3350,藤本佳史,55,山口,54,B1,5.81,44.00,6.47,49.41,6,36.84,64,28.36
芦屋,6,予選,2,4079,出畑孝典,44,福岡,53,A2,6.36,42.98,5.84,37.78,19,46.30,74,34.62
芦屋,6,予選,3,5048,眞鳥康太,29,長崎,57,B1,5.10,30.68,4.43,17.02,28,23.40,61,32.88
芦屋,6,予選,4,3746,岡瀬正人,48,岡山,51,A2,5.88,37.32,6.91,59.38,10,37.66,22,38.85
芦屋,6,予選,5,4413,水摩　敦,37,福岡,50,A1,6.32,48.51,5.74,32.35,26,25.00,67,39.35
芦屋,6,予選,6,4264,長尾章平,38,山口,53,A2,5.95,41.41,6.46,46.43,59,38.46,62,36.49
芦屋,7,予選,1,3825,宮嵜隆太,50,福岡,60,B1,4.17,25.00,3.72,19.12,65,41.94,52,39.19
芦屋,7,予選,2,3949,今出晋二,47,岡山,57,B1,3.37,5.26,4.63,23.08,34,20.39,72,31.97
芦屋,7,予選,3,4679,植田太一,34,福岡,60,B1,4.75,29.58,5.19,37.50,51,16.18,13,32.19
芦屋,7,予選,4,4557,松尾光広,33,岡山,57,B1,4.65,28.57,5.78,44.44,48,33.33,38,40.40
芦屋,7,予選,5,3928,林　恵祐,48,福岡,62,B1,3.93,16.47,4.38,24.27,56,38.10,70,25.90
芦屋,7,予選,6,4919,吉田翔悟,32,長崎,52,B1,5.88,38.81,5.26,38.10,16,42.31,27,42.95
芦屋,8,予選,1,3361,岡部　浩,54,徳島,52,B1,4.28,25.00,4.89,31.58,38,38.36,46,35.26
芦屋,8,予選,2,4022,待鳥雄紀,43,福岡,57,A2,6.29,47.66,5.22,29.27,52,38.46,26,40.25
芦屋,8,予選,3,3662,大庭元明,53,福岡,57,A2,5.10,33.82,6.11,43.94,57,24.82,57,22.31
芦屋,8,予選,4,5261,岡　暢祐,25,長崎,52,B2,2.02,4.62,1.25,0.00,55,23.19,35,33.54
芦屋,8,予選,5,4958,溝口海義,28,福岡,54,A1,6.26,48.67,6.27,43.33,50,31.51,19,34.06
芦屋,8,予選,6,4683,向井田直,33,広島,46,B1,4.05,22.89,4.14,17.24,60,25.56,55,28.68
芦屋,9,予選特賞,1,4441,末永由楽,37,岡山,56,A1,6.29,48.12,5.97,45.45,45,30.56,25,26.12
芦屋,9,予選特賞,2,4403,木下大將,38,福岡,52,A2,6.52,46.28,6.30,44.44,17,29.33,60,46.45
芦屋,9,予選特賞,3,3290,倉谷和信,60,大阪,53,B1,5.47,41.89,0.00,0.00,37,32.47,40,31.61
芦屋,9,予選特賞,4,3620,信濃由行,49,福井,54,B1,4.29,20.93,4.80,32.00,64,42.07,75,40.13
芦屋,9,予選特賞,5,3107,平岡重典,60,大阪,52,B1,4.66,23.17,6.57,42.86,46,34.81,17,30.82
芦屋,9,予選特賞,6,4998,中村かな,30,東京,46,A2,5.19,32.32,0.00,0.00,20,51.59,63,32.47
芦屋,10,予選特賞,1,4179,広次　修,40,山口,51,A2,5.07,28.24,5.91,38.30,12,42.77,14,32.87
芦屋,10,予選特賞,2,4495,森晋太郎,36,福岡,54,B1,4.51,25.53,4.82,30.43,4,33.57,23,29.73
芦屋,10,予選特賞,3,3647,伊藤雄二,51,埼玉,50,B1,4.30,20.24,4.05,26.32,27,18.12,48,23.70
芦屋,10,予選特賞,4,4584,村岡賢人,33,岡山,54,A2,6.55,50.77,6.31,38.57,14,47.13,24,24.44
芦屋,10,予選特賞,5,4973,栗原直也,31,埼玉,52,A2,2.85,10.99,4.28,22.22,36,36.48,68,42.31
芦屋,10,予選特賞,6,4413,水摩　敦,37,福岡,50,A1,6.32,48.51,5.74,32.35,26,25.00,67,39.35
芦屋,11,予選特選,1,3158,島川光男,58,広島,53,A2,6.41,50.89,6.80,50.00,58,28.37,12,39.04
芦屋,11,予選特選,2,4432,黄金井力,37,埼玉,56,B1,5.04,23.75,4.10,13.79,53,28.36,32,30.92
芦屋,11,予選特選,3,4022,待鳥雄紀,43,福岡,57,A2,6.29,47.66,5.22,29.27,52,38.46,26,40.25
芦屋,11,予選特選,4,4383,竹田吉行,38,徳島,51,B1,5.19,31.25,5.23,27.66,22,38.36,53,28.67
芦屋,11,予選特選,5,4961,西橋奈未,27,福井,45,A1,6.89,41.30,5.72,44.00,13,30.37,50,34.87
芦屋,11,予選特選,6,3746,岡瀬正人,48,岡山,51,A2,5.88,37.32,6.91,59.38,10,37.66,22,38.85
芦屋,12,予選特選,1,4075,中野次郎,42,東京,56,A1,6.68,46.90,7.92,75.00,42,20.92,28,35.77
芦屋,12,予選特選,2,4264,長尾章平,38,山口,53,A2,5.95,41.41,6.46,46.43,59,38.46,62,36.49
芦屋,12,予選特選,3,4079,出畑孝典,44,福岡,53,A2,6.36,42.98,5.84,37.78,19,46.30,74,34.62
芦屋,12,予選特選,4,4441,末永由楽,37,岡山,56,A1,6.29,48.12,5.97,45.45,45,30.56,25,26.12
芦屋,12,予選特選,5,4627,藤原菜希,37,東京,48,A2,6.68,50.46,6.17,47.17,3,35.42,56,24.82
芦屋,12,予選特選,6,3662,大庭元明,53,福岡,57,A2,5.10,33.82,6.11,43.94,57,24.82,57,22.31
若松,1,予選,1,5104,山田　丈,25,福岡,53,B1,5.79,44.21,4.66,29.63,29,10.00,13,28.06
若松,1,予選,2,4247,齊藤　優,41,徳島,54,B1,4.60,20.48,4.04,19.23,26,38.89,48,27.97
若松,1,予選,3,3305,小野信樹,55,岡山,52,B1,4.90,31.31,4.92,32.00,32,50.00,53,23.20
若松,1,予選,4,5214,田中宏典,24,佐賀,56,B2,2.07,0.00,1.81,2.33,12,18.18,36,37.98
若松,1,予選,5,4211,村田　敦,40,東京,59,B1,3.88,18.33,0.00,0.00,14,9.09,26,28.47
若松,1,予選,6,5238,笹木香吾,24,山口,57,B2,2.85,8.20,1.36,0.00,47,19.05,69,28.46
若松,2,予選,1,4219,本岡勝利,42,広島,54,B1,3.65,10.26,3.89,17.14,15,33.33,17,26.05
若松,2,予選,2,4475,末永祐輝,36,山口,53,A1,6.05,41.88,6.95,59.09,59,36.36,70,28.99
若松,2,予選,3,4761,山田晃大,33,滋賀,54,B1,5.84,40.35,6.04,50.00,33,35.00,65,36.43
若松,2,予選,4,3574,大神康司,51,福岡,53,A2,5.31,34.31,6.68,48.92,44,30.00,22,32.85
若松,2,予選,5,4572,渡部　悟,35,大阪,59,B1,5.51,34.65,5.78,43.10,8,15.79,73,32.37
若松,2,予選,6,3934,鋤柄貴俊,46,愛知,53,B1,5.09,32.95,5.42,31.58,52,10.00,75,32.64
若松,3,予選,1,3593,横井光弘,55,長崎,56,B1,4.47,19.35,3.93,17.65,10,26.32,32,23.68
若松,3,予選,2,4306,畔柳俊吾,40,愛知,50,A2,5.29,38.82,6.00,47.62,54,22.73,41,34.11
若松,3,予選,3,5027,重冨勇哉,27,山口,55,B1,4.16,20.97,4.71,23.53,51,80.00,42,36.84
若松,3,予選,4,3685,荒井輝年,49,岡山,58,A1,5.68,37.93,5.63,40.74,41,22.22,27,33.81
若松,3,予選,5,4886,入海　馨,27,岡山,53,A1,7.05,56.25,6.29,48.39,35,60.00,49,30.00
若松,3,予選,6,3843,上之晃弘,47,長崎,53,B1,5.17,29.27,4.78,25.93,18,28.57,37,40.00
若松,4,予選,1,5000,岡本翔太,29,山口,53,B1,4.10,16.05,4.19,18.75,53,26.09,16,28.06
若松,4,予選,2,4293,鈴木智啓,38,愛知,57,B1,4.36,26.32,5.00,33.33,48,42.86,61,20.34
若松,4,予選,3,4593,小坂宗司,42,大阪,52,A2,5.59,37.00,4.96,22.22,7,23.81,54,29.17
若松,4,予選,4,4069,山本修一,43,岡山,53,A1,6.90,53.39,6.96,64.00,58,33.33,51,33.33
若松,4,予選,5,4333,村田友也,40,徳島,64,B1,4.35,27.85,3.86,27.27,3,36.36,52,34.53
若松,4,予選,6,3054,北川幸典,60,広島,57,A2,5.27,30.77,6.00,40.91,38,10.53,23,36.72
若松,5,進入固定戦隊,1,4601,森野正弘,38,山口,54,A1,6.05,40.57,7.33,66.67,16,50.00,62,31.62
若松,5,進入固定戦隊,2,4114,深澤達徳,43,東京,53,A2,5.85,37.61,3.92,7.89,13,16.67,43,28.68
若松,5,進入固定戦隊,3,3338,出本正博,58,広島,56,B1,3.25,9.09,2.53,0.00,1,30.00,39,38.35
若松,5,進入固定戦隊,4,4835,橋本　明,35,広島,54,A2,5.07,30.08,5.00,18.18,46,70.00,12,29.20
若松,5,進入固定戦隊,5,5107,松本真広,24,福岡,50,B1,3.81,14.58,2.90,4.76,50,45.45,35,29.50
若松,5,進入固定戦隊,6,5312,川辺郭人,23,佐賀,53,B2,0.83,0.00,0.00,0.00,22,50.00,67,27.61
若松,6,予選,1,4430,永田秀二,38,東京,55,A2,6.66,53.51,5.24,41.18,37,63.64,47,35.92
若松,6,予選,2,3883,山根大樹,50,広島,58,B1,3.05,7.27,3.57,7.14,45,57.14,44,27.27
若松,6,予選,3,4640,山ノ内雅,32,福岡,53,A2,6.01,43.52,6.00,43.14,17,6.25,31,29.13
若松,6,予選,4,4451,松崎祐太,36,福岡,53,A1,6.50,45.67,6.38,40.00,31,14.29,24,37.59
若松,6,予選,5,3305,小野信樹,55,岡山,52,B1,4.90,31.31,4.92,32.00,32,50.00,53,23.20
若松,6,予選,6,4761,山田晃大,33,滋賀,54,B1,5.84,40.35,6.04,50.00,33,35.00,65,36.43
若松,7,予選特賞,1,4684,楠原翔太,33,福岡,55,A2,5.04,34.00,5.19,27.42,49,16.67,71,26.89
若松,7,予選特賞,2,4352,下條雄太,37,長崎,52,A1,6.76,46.97,6.94,47.17,23,31.82,74,28.03
若松,7,予選特賞,3,5214,田中宏典,24,佐賀,56,B2,2.07,0.00,1.81,2.33,12,18.18,36,37.98
若松,7,予選特賞,4,5229,吉川晴人,20,滋賀,55,B1,3.05,9.64,0.00,0.00,40,27.27,40,26.67
若松,7,予選特賞,5,4092,岡部大輔,42,佐賀,53,A2,5.82,41.61,5.72,41.38,25,30.00,45,35.25
若松,7,予選特賞,6,4817,渡邉　翼,32,山口,49,A2,5.51,35.35,6.05,42.86,21,63.64,11,30.23
若松,8,エイトビート,1,4703,森永　隆,35,山口,49,A1,6.39,46.67,6.83,58.33,42,46.15,33,38.97
若松,8,エイトビート,2,3905,天野友和,46,愛知,54,A1,6.06,41.13,6.00,45.00,30,12.50,20,32.37
若松,8,エイトビート,3,4424,松尾昂明,38,福岡,51,A2,6.33,45.39,6.45,53.19,4,30.00,56,28.57
若松,8,エイトビート,4,5027,重冨勇哉,27,山口,55,B1,4.16,20.97,4.71,23.53,51,80.00,42,36.84
若松,8,エイトビート,5,5053,山口広樹,28,福岡,55,B1,4.52,21.15,4.46,26.82,11,17.65,68,22.12
若松,8,エイトビート,6,4875,大塚康雅,29,東京,51,B1,5.14,31.58,5.23,36.36,28,27.27,21,23.47
若松,9,予選,1,3574,大神康司,51,福岡,53,A2,5.31,34.31,6.68,48.92,44,30.00,22,32.85
若松,9,予選,2,4211,村田　敦,40,東京,59,B1,3.88,18.33,0.00,0.00,14,9.09,26,28.47
若松,9,予選,3,3054,北川幸典,60,広島,57,A2,5.27,30.77,6.00,40.91,38,10.53,23,36.72
若松,9,予選,4,5107,松本真広,24,福岡,50,B1,3.81,14.58,2.90,4.76,50,45.45,35,29.50
若松,9,予選,5,4675,井手良太,36,大阪,51,B1,4.60,27.27,5.28,33.33,43,45.45,58,45.52
若松,9,予選,6,4306,畔柳俊吾,40,愛知,50,A2,5.29,38.82,6.00,47.62,54,22.73,41,34.11
若松,10,予選特賞,1,3685,荒井輝年,49,岡山,58,A1,5.68,37.93,5.63,40.74,41,22.22,27,33.81
若松,10,予選特賞,2,4572,渡部　悟,35,大阪,59,B1,5.51,34.65,5.78,43.10,8,15.79,73,32.37
若松,10,予選特賞,3,4835,橋本　明,35,広島,54,A2,5.07,30.08,5.00,18.18,46,70.00,12,29.20
若松,10,予選特賞,4,4430,永田秀二,38,東京,55,A2,6.66,53.51,5.24,41.18,37,63.64,47,35.92
若松,10,予選特賞,5,4247,齊藤　優,41,徳島,54,B1,4.60,20.48,4.04,19.23,26,38.89,48,27.97
若松,10,予選特賞,6,4593,小坂宗司,42,大阪,52,A2,5.59,37.00,4.96,22.22,7,23.81,54,29.17
若松,11,予選特選,1,4886,入海　馨,27,岡山,53,A1,7.05,56.25,6.29,48.39,35,60.00,49,30.00
若松,11,予選特選,2,4817,渡邉　翼,32,山口,49,A2,5.51,35.35,6.05,42.86,21,63.64,11,30.23
若松,11,予選特選,3,3934,鋤柄貴俊,46,愛知,53,B1,5.09,32.95,5.42,31.58,52,10.00,75,32.64
若松,11,予選特選,4,4293,鈴木智啓,38,愛知,57,B1,4.36,26.32,5.00,33.33,48,42.86,61,20.34
若松,11,予選特選,5,4640,山ノ内雅,32,福岡,53,A2,6.01,43.52,6.00,43.14,17,6.25,31,29.13
若松,11,予選特選,6,4114,深澤達徳,43,東京,53,A2,5.85,37.61,3.92,7.89,13,16.67,43,28.68
若松,12,ドリーム戦,1,4352,下條雄太,37,長崎,52,A1,6.76,46.97,6.94,47.17,23,31.82,74,28.03
若松,12,ドリーム戦,2,4451,松崎祐太,36,福岡,53,A1,6.50,45.67,6.38,40.00,31,14.29,24,37.59
若松,12,ドリーム戦,3,4069,山本修一,43,岡山,53,A1,6.90,53.39,6.96,64.00,58,33.33,51,33.33
若松,12,ドリーム戦,4,4601,森野正弘,38,山口,54,A1,6.05,40.57,7.33,66.67,16,50.00,62,31.62
若松,12,ドリーム戦,5,4703,森永　隆,35,山口,49,A1,6.39,46.67,6.83,58.33,42,46.15,33,38.97
若松,12,ドリーム戦,6,4475,末永祐輝,36,山口,53,A1,6.05,41.88,6.95,59.09,59,36.36,70,28.99
下関,1,一般,1,4892,柴田直哉,33,福岡,53,B1,4.25,23.88,6.15,38.46,17,33.10,29,36.59
下関,1,一般,2,4331,三好勇人,40,香川,55,B1,5.33,33.33,6.57,42.86,46,36.59,18,38.46
下関,1,一般,3,4099,吉永則雄,45,大阪,53,A2,6.62,47.90,5.90,36.67,39,31.14,61,27.78
下関,1,一般,4,4355,小川広大,39,福岡,58,B1,3.84,16.83,4.00,12.50,54,25.49,38,38.04
下関,1,一般,5,3459,中野和裕,56,佐賀,55,B1,3.95,17.58,3.83,20.34,34,26.28,55,36.42
下関,1,一般,6,3559,水長照雄,55,山口,53,B1,3.47,13.89,4.68,24.47,31,37.65,28,31.10
下関,2,一般,1,4041,小林基樹,44,山口,53,B1,4.46,28.57,4.70,24.72,24,31.74,49,35.80
下関,2,一般,2,4380,鈴木峻佑,39,静岡,52,B1,5.07,38.27,5.60,30.00,62,29.94,51,27.88
下関,2,一般,3,4744,伊藤玲奈,31,福岡,45,B2,4.32,19.35,4.21,15.79,41,29.27,15,32.93
下関,2,一般,4,3604,武藤綾子,53,福岡,49,B1,3.64,15.25,4.56,33.33,55,39.43,70,29.01
下関,2,一般,5,4068,幸田智裕,43,静岡,54,B1,5.76,37.80,3.91,9.09,30,25.00,23,31.68
下関,2,一般,6,5309,森　雄利,19,長崎,53,B2,1.40,0.00,0.00,0.00,59,31.28,27,35.37
下関,3,一般,1,3702,貞兼淳二,50,福岡,57,A2,5.22,31.91,5.73,35.71,32,31.85,32,28.85
下関,3,一般,2,3948,大町利克,47,大阪,54,B1,3.44,14.06,5.25,31.25,36,33.33,16,33.95
下関,3,一般,3,3302,谷川里江,56,愛知,46,A2,5.19,34.07,5.10,30.00,19,46.71,11,32.72
下関,3,一般,4,4855,江頭賢太,27,長崎,53,B1,3.62,17.65,4.52,22.73,11,34.55,26,37.20
下関,3,一般,5,5129,山口真喜,26,長崎,47,B2,4.61,28.75,4.25,25.00,16,35.67,25,38.10
下関,3,一般,6,4526,池田雄祐,35,愛知,53,A1,6.34,44.90,5.61,33.33,63,34.97,47,42.24
下関,4,一般,1,5060,数原　魁,26,兵庫,50,A2,5.61,34.58,0.00,0.00,69,36.59,66,43.90
下関,4,一般,2,4570,前田聖文,35,愛知,55,A2,5.92,40.95,6.09,52.17,53,28.22,31,40.49
下関,4,一般,3,3478,嶋田貴支,53,香川,52,B1,5.05,31.25,2.81,9.52,70,38.85,63,29.19
下関,4,一般,4,4843,深尾巴恵,31,群馬,47,B1,6.28,53.52,4.25,16.67,38,32.93,30,35.40
下関,4,一般,5,3753,河上哲也,52,香川,52,B1,3.38,15.00,0.00,0.00,47,39.87,13,29.38
下関,4,一般,6,4356,長岡良也,39,兵庫,52,A1,6.29,42.11,6.26,52.63,66,31.43,39,33.95
下関,5,シーモ,1,3297,藤丸光一,56,福岡,49,A2,5.31,31.31,5.70,37.78,71,36.75,41,27.33
下関,5,シーモ,2,3459,中野和裕,56,佐賀,55,B1,3.95,17.58,3.83,20.34,34,26.28,55,36.42
下関,5,シーモ,3,3773,津留浩一,49,長崎,56,B1,4.47,30.00,4.83,32.61,49,38.36,20,31.48
下関,5,シーモ,4,5091,為本智也,23,福井,54,B1,5.78,43.16,5.75,50.00,27,33.54,56,36.65
下関,5,シーモ,5,4102,益田啓司,44,福岡,52,A1,6.52,49.28,6.48,48.39,68,25.00,59,24.39
下関,5,シーモ,6,3872,岡田憲行,47,大阪,53,A2,5.26,32.80,6.57,56.67,64,31.17,69,29.81
下関,6,一般,1,4498,宮本夏樹,36,長崎,54,A1,5.27,31.30,4.50,23.08,20,33.76,22,24.10
下関,6,一般,2,4925,森　悠稀,31,兵庫,52,A2,4.93,26.77,4.24,23.53,67,27.98,14,28.22
下関,6,一般,3,4174,赤坂俊輔,41,長崎,51,A1,6.54,50.88,6.83,52.17,42,39.31,37,34.55
下関,6,一般,4,4555,富永大一,34,福岡,54,B1,4.80,27.38,4.80,25.00,15,32.96,48,31.52
下関,6,一般,5,4275,菅野はや,41,広島,49,B1,3.69,12.36,4.24,16.00,18,25.56,21,31.90
下関,6,一般,6,4150,山田雄太,41,静岡,53,A2,6.22,48.35,6.10,43.33,37,32.62,50,38.18
下関,7,ふく～る,1,3473,石川真二,53,福岡,53,A2,6.93,54.30,5.89,33.33,58,25.16,43,40.49
下関,7,ふく～る,2,4068,幸田智裕,43,静岡,54,B1,5.76,37.80,3.91,9.09,30,25.00,23,31.68
下関,7,ふく～る,3,4379,桑島和宏,39,東京,56,A2,5.97,40.35,4.89,38.89,13,37.50,12,28.83
下関,7,ふく～る,4,4108,吉村正明,43,山口,52,A1,5.90,43.30,6.71,56.07,33,29.67,60,29.52
下関,7,ふく～る,5,3948,大町利克,47,大阪,54,B1,3.44,14.06,5.25,31.25,36,33.33,16,33.95
下関,7,ふく～る,6,5305,伊藤　栞,20,愛知,56,B2,1.29,0.00,0.00,0.00,25,36.25,52,34.55
下関,8,一般,1,4402,乙藤智史,38,福岡,53,A2,5.91,45.54,4.33,0.00,40,41.76,67,23.93
下関,8,一般,2,3509,道上千夏,52,香川,51,B1,4.07,18.84,4.57,27.03,61,28.08,62,34.78
下関,8,一般,3,3559,水長照雄,55,山口,53,B1,3.47,13.89,4.68,24.47,31,37.65,28,31.10
下関,8,一般,4,5060,数原　魁,26,兵庫,50,A2,5.61,34.58,0.00,0.00,69,36.59,66,43.90
下関,8,一般,5,4331,三好勇人,40,香川,55,B1,5.33,33.33,6.57,42.86,46,36.59,18,38.46
下関,8,一般,6,4837,酒井陽祐,34,愛知,50,B1,3.87,17.86,0.00,0.00,45,32.32,42,37.58
下関,9,準優勝戦,1,3872,岡田憲行,47,大阪,53,A2,5.26,32.80,6.57,56.67,64,31.17,69,29.81
下関,9,準優勝戦,2,4102,益田啓司,44,福岡,52,A1,6.52,49.28,6.48,48.39,68,25.00,59,24.39
下関,9,準優勝戦,3,4356,長岡良也,39,兵庫,52,A1,6.29,42.11,6.26,52.63,66,31.43,39,33.95
下関,9,準優勝戦,4,4099,吉永則雄,45,大阪,53,A2,6.62,47.90,5.90,36.67,39,31.14,61,27.78
下関,9,準優勝戦,5,3702,貞兼淳二,50,福岡,57,A2,5.22,31.91,5.73,35.71,32,31.85,32,28.85
下関,9,準優勝戦,6,3302,谷川里江,56,愛知,46,A2,5.19,34.07,5.10,30.00,19,46.71,11,32.72
下関,10,準優勝戦,1,4150,山田雄太,41,静岡,53,A2,6.22,48.35,6.10,43.33,37,32.62,50,38.18
下関,10,準優勝戦,2,4526,池田雄祐,35,愛知,53,A1,6.34,44.90,5.61,33.33,63,34.97,47,42.24
下関,10,準優勝戦,3,4892,柴田直哉,33,福岡,53,B1,4.25,23.88,6.15,38.46,17,33.10,29,36.59
下関,10,準優勝戦,4,4174,赤坂俊輔,41,長崎,51,A1,6.54,50.88,6.83,52.17,42,39.31,37,34.55
下関,10,準優勝戦,5,3297,藤丸光一,56,福岡,49,A2,5.31,31.31,5.70,37.78,71,36.75,41,27.33
下関,10,準優勝戦,6,4041,小林基樹,44,山口,53,B1,4.46,28.57,4.70,24.72,24,31.74,49,35.80
下関,11,準優勝戦,1,4570,前田聖文,35,愛知,55,A2,5.92,40.95,6.09,52.17,53,28.22,31,40.49
下関,11,準優勝戦,2,3473,石川真二,53,福岡,53,A2,6.93,54.30,5.89,33.33,58,25.16,43,40.49
下関,11,準優勝戦,3,4108,吉村正明,43,山口,52,A1,5.90,43.30,6.71,56.07,33,29.67,60,29.52
下関,11,準優勝戦,4,4925,森　悠稀,31,兵庫,52,A2,4.93,26.77,4.24,23.53,67,27.98,14,28.22
下関,11,準優勝戦,5,4498,宮本夏樹,36,長崎,54,A1,5.27,31.30,4.50,23.08,20,33.76,22,24.10
下関,11,準優勝戦,6,3773,津留浩一,49,長崎,56,B1,4.47,30.00,4.83,32.61,49,38.36,20,31.48
下関,12,一般,1,5129,山口真喜,26,長崎,47,B2,4.61,28.75,4.25,25.00,16,35.67,25,38.10
下関,12,一般,2,4275,菅野はや,41,広島,49,B1,3.69,12.36,4.24,16.00,18,25.56,21,31.90
下関,12,一般,3,3604,武藤綾子,53,福岡,49,B1,3.64,15.25,4.56,33.33,55,39.43,70,29.01
下関,12,一般,4,4744,伊藤玲奈,31,福岡,45,B2,4.32,19.35,4.21,15.79,41,29.27,15,32.93
下関,12,一般,5,3509,道上千夏,52,香川,51,B1,4.07,18.84,4.57,27.03,61,28.08,62,34.78
下関,12,一般,6,4984,森下愛梨,26,静岡,50,B1,4.85,23.29,3.47,11.76,12,39.31,73,33.75
宮島,1,ファーストＢ,1,4793,金子　萌,33,静岡,52,A2,6.26,46.55,0.00,0.00,69,21.62,62,25.00
宮島,1,ファーストＢ,2,3503,堂原洋史,53,埼玉,52,B1,3.53,9.59,3.44,11.11,72,19.51,78,43.24
宮島,1,ファーストＢ,3,5103,芝田京介,25,埼玉,54,B1,3.24,18.57,0.00,0.00,54,46.00,80,20.00
宮島,1,ファーストＢ,4,3448,高山秀雄,53,群馬,53,B1,4.26,22.92,4.97,31.03,73,39.13,54,32.08
宮島,1,ファーストＢ,5,4257,古川　健,40,広島,52,A2,5.07,32.23,5.01,29.92,76,41.86,56,46.15
宮島,1,ファーストＢ,6,4911,片岡大地,27,東京,51,B1,4.14,21.43,5.56,22.22,53,40.82,59,39.58
宮島,2,予選,1,4674,池田剛規,36,福岡,53,B1,5.07,34.31,5.48,32.00,56,53.66,67,44.68
宮島,2,予選,2,3414,加瀬智宏,54,群馬,55,A2,4.86,28.92,5.68,36.84,38,18.60,61,33.33
宮島,2,予選,3,4877,鈴谷一平,29,兵庫,56,A1,6.40,48.04,5.56,43.75,75,44.19,72,26.92
宮島,2,予選,4,3833,中辻博訓,49,福井,54,A2,6.87,54.14,7.17,60.98,52,21.62,15,17.07
宮島,2,予選,5,4390,松本弓雄,37,徳島,53,B1,4.29,21.51,2.80,6.67,34,25.64,12,30.00
宮島,2,予選,6,3820,樫葉次郎,51,徳島,58,B1,4.76,25.81,4.08,20.83,62,62.50,53,32.00
宮島,3,予選,1,4574,東　潤樹,35,広島,52,B1,4.66,26.51,5.32,34.23,17,40.35,51,32.73
宮島,3,予選,2,3870,寺嶋　雄,48,福井,52,B1,4.57,25.00,4.83,22.86,64,31.82,35,25.00
宮島,3,予選,3,3992,関口智久,45,埼玉,55,B1,4.58,30.23,3.77,15.38,12,40.82,69,11.76
宮島,3,予選,4,4258,関根彰人,40,埼玉,51,B1,4.78,18.68,4.00,11.76,33,30.23,16,32.43
宮島,3,予選,5,5154,村松栄太,27,広島,52,B1,4.15,24.71,3.48,15.63,14,22.22,39,17.78
宮島,3,予選,6,4668,楠本晃嗣,39,福岡,52,B2,3.43,11.11,3.07,6.67,58,27.27,14,51.06
宮島,4,予選,1,4405,南野利騰,38,福井,52,B1,4.76,24.51,6.29,50.00,60,25.00,71,44.12
宮島,4,予選,2,4540,相原利章,36,東京,53,A2,6.41,48.12,5.20,20.00,71,20.00,52,43.24
宮島,4,予選,3,3659,藤生雄人,49,群馬,55,A2,6.27,47.22,4.17,16.67,67,48.94,28,35.85
宮島,4,予選,4,3745,橋本年光,48,兵庫,53,A2,5.13,28.44,5.82,34.21,77,20.93,57,31.37
宮島,4,予選,5,5102,原田雄次,25,福岡,52,B1,5.04,30.86,4.23,30.77,55,22.73,23,35.19
宮島,4,予選,6,4905,土井祥伍,29,大阪,53,B1,4.38,22.68,3.79,21.05,70,37.78,30,26.42
宮島,5,予選,1,3448,高山秀雄,53,群馬,53,B1,4.26,22.92,4.97,31.03,73,39.13,54,32.08
宮島,5,予選,2,4446,和田兼輔,36,兵庫,53,A1,5.78,36.04,6.58,47.37,78,37.78,13,26.09
宮島,5,予選,3,5158,宮脇遼太,25,福岡,53,B1,3.81,20.00,2.37,8.57,37,28.57,22,32.61
宮島,5,予選,4,4109,谷津幸宏,43,埼玉,54,A2,6.41,49.57,0.00,0.00,18,30.00,29,40.00
宮島,5,予選,5,3482,金子猛志,52,群馬,62,B1,4.01,19.10,4.80,30.00,35,34.88,31,38.30
宮島,5,予選,6,5243,三馬崇史,23,広島,55,B2,2.09,3.85,1.62,1.22,51,15.38,70,52.63
宮島,6,ランチ特賞,1,3833,中辻博訓,49,福井,54,A2,6.87,54.14,7.17,60.98,52,21.62,15,17.07
宮島,6,ランチ特賞,2,5025,粟田　祥,28,徳島,58,B2,4.04,22.22,3.67,12.50,36,18.18,25,25.64
宮島,6,ランチ特賞,3,4411,沢田昭宏,37,大阪,55,B1,5.55,35.83,5.22,25.49,66,29.55,37,24.39
宮島,6,ランチ特賞,4,3502,渡邉英児,54,静岡,54,A2,5.93,45.53,5.33,44.44,11,30.61,34,46.15
宮島,6,ランチ特賞,5,5103,芝田京介,25,埼玉,54,B1,3.24,18.57,0.00,0.00,54,46.00,80,20.00
宮島,6,ランチ特賞,6,4848,仲谷颯仁,29,福岡,52,A1,7.13,58.27,6.58,57.89,61,37.50,27,35.19
宮島,7,予選,1,4128,川口貴久,43,東京,55,A2,5.63,38.26,5.25,37.50,74,38.64,11,26.92
宮島,7,予選,2,4674,池田剛規,36,福岡,53,B1,5.07,34.31,5.48,32.00,56,53.66,67,44.68
宮島,7,予選,3,3805,高橋英之,49,東京,52,A2,6.08,42.74,4.44,0.00,50,34.15,75,41.86
宮島,7,予選,4,3870,寺嶋　雄,48,福井,52,B1,4.57,25.00,4.83,22.86,64,31.82,35,25.00
宮島,7,予選,5,3422,服部幸男,52,静岡,55,A1,6.69,52.27,6.27,54.55,80,27.08,17,42.50
宮島,7,予選,6,3963,原田秀弥,44,大阪,56,B1,5.57,40.74,6.79,55.26,57,31.82,65,33.33
宮島,8,予選,1,3973,崎　利仁,47,群馬,54,B1,3.76,18.18,0.00,0.00,16,41.07,79,27.78
宮島,8,予選,2,2878,富山弘幸,65,大阪,55,A2,5.89,38.00,5.11,24.32,39,47.73,18,45.95
宮島,8,予選,3,4405,南野利騰,38,福井,52,B1,4.76,24.51,6.29,50.00,60,25.00,71,44.12
宮島,8,予選,4,4257,古川　健,40,広島,52,A2,5.07,32.23,5.01,29.92,76,41.86,56,46.15
宮島,8,予選,5,4258,関根彰人,40,埼玉,51,B1,4.78,18.68,4.00,11.76,33,30.23,16,32.43
宮島,8,予選,6,4095,福来　剛,42,東京,52,A1,6.95,51.43,0.00,0.00,15,34.69,26,15.69
宮島,9,ティータイム,1,3659,藤生雄人,49,群馬,55,A2,6.27,47.22,4.17,16.67,67,48.94,28,35.85
宮島,9,ティータイム,2,4574,東　潤樹,35,広島,52,B1,4.66,26.51,5.32,34.23,17,40.35,51,32.73
宮島,9,ティータイム,3,4390,松本弓雄,37,徳島,53,B1,4.29,21.51,2.80,6.67,34,25.64,12,30.00
宮島,9,ティータイム,4,4793,金子　萌,33,静岡,52,A2,6.26,46.55,0.00,0.00,69,21.62,38,22.92
宮島,9,ティータイム,5,4636,赤池修平,33,徳島,53,B2,4.31,28.36,4.52,33.33,68,34.69,60,28.85
宮島,9,ティータイム,6,5158,宮脇遼太,25,福岡,53,B1,3.81,20.00,2.37,8.57,37,28.57,22,32.61
宮島,10,特賞,1,4411,沢田昭宏,37,大阪,55,B1,5.55,35.83,5.22,25.49,66,29.55,37,24.39
宮島,10,特賞,2,3851,森田昭彦,51,福岡,56,B1,4.18,21.18,3.88,20.83,59,45.65,76,22.92
宮島,10,特賞,3,4581,吉村　誠,34,静岡,52,A2,5.67,35.56,0.00,0.00,65,43.75,77,23.91
宮島,10,特賞,4,4905,土井祥伍,29,大阪,53,B1,4.38,22.68,3.79,21.05,70,37.78,30,26.42
宮島,10,特賞,5,3414,加瀬智宏,54,群馬,55,A2,4.86,28.92,5.68,36.84,38,18.60,61,33.33
宮島,10,特賞,6,3484,芝田浩治,52,兵庫,53,A1,5.97,44.63,5.26,36.84,79,34.15,74,21.57
宮島,11,特選,1,4877,鈴谷一平,29,兵庫,56,A1,6.40,48.04,5.56,43.75,75,44.19,72,26.92
宮島,11,特選,2,4109,谷津幸宏,43,埼玉,54,A2,6.41,49.57,0.00,0.00,18,30.00,29,40.00
宮島,11,特選,3,4128,川口貴久,43,東京,55,A2,5.63,38.26,5.25,37.50,74,38.64,11,26.92
宮島,11,特選,4,4848,仲谷颯仁,29,福岡,52,A1,7.13,58.27,6.58,57.89,61,37.50,27,35.19
宮島,11,特選,5,4578,藤山雅弘,34,大阪,53,A2,5.31,37.84,5.94,43.75,13,33.33,73,31.43
宮島,11,特選,6,4540,相原利章,36,東京,53,A2,6.41,48.12,5.20,20.00,71,20.00,52,43.24
宮島,12,モンタ特選,1,4446,和田兼輔,36,兵庫,53,A1,5.78,36.04,6.58,47.37,78,37.78,13,26.09
宮島,12,モンタ特選,2,3992,関口智久,45,埼玉,55,B1,4.58,30.23,3.77,15.38,12,40.82,69,11.76
宮島,12,モンタ特選,3,2878,富山弘幸,65,大阪,55,A2,5.89,38.00,5.11,24.32,39,47.73,18,45.95
宮島,12,モンタ特選,4,3422,服部幸男,52,静岡,55,A1,6.69,52.27,6.27,54.55,80,27.08,17,42.50
宮島,12,モンタ特選,5,3502,渡邉英児,54,静岡,54,A2,5.93,45.53,5.33,44.44,11,30.61,34,46.15
宮島,12,モンタ特選,6,3745,橋本年光,48,兵庫,53,A2,5.13,28.44,5.82,34.21,77,20.93,57,31.37
鳴門,1,とるならなる,1,4600,井内将太,38,広島,51,A1,6.47,43.48,5.89,33.33,11,23.03,56,31.69
鳴門,1,とるならなる,2,5186,遠藤圭吾,23,東京,54,B1,4.31,20.69,4.48,28.00,23,28.99,69,38.69
鳴門,1,とるならなる,3,4145,小澤　学,42,東京,54,B1,4.38,20.00,3.76,8.00,34,31.93,75,39.76
鳴門,1,とるならなる,4,5278,田中駿兵,21,徳島,52,B2,3.35,11.69,3.24,12.73,74,33.54,13,32.74
鳴門,1,とるならなる,5,5265,大廣咲季,24,香川,46,B2,1.70,1.27,1.00,0.00,22,33.33,11,35.17
鳴門,1,とるならなる,6,5257,西丸侑太,19,香川,53,B1,3.04,5.08,1.80,0.00,63,39.49,10,24.11
鳴門,2,どーなるなる,1,4893,渡邉真奈,33,東京,47,B1,5.22,24.14,5.40,36.67,76,28.13,35,34.91
鳴門,2,どーなるなる,2,4839,四宮与寛,33,徳島,52,B1,6.19,46.90,5.76,40.88,13,33.14,20,33.72
鳴門,2,どーなるなる,3,4949,横田貴満,31,佐賀,50,A2,5.67,36.00,0.00,0.00,73,28.87,54,35.50
鳴門,2,どーなるなる,4,4724,吉田祐貴,37,佐賀,54,B1,3.78,19.48,4.12,23.53,50,27.65,21,35.67
鳴門,2,どーなるなる,5,5085,中村栄治,24,福井,52,B1,4.98,26.67,3.20,6.67,51,31.37,23,40.24
鳴門,2,どーなるなる,6,4966,田川大貴,26,長崎,55,A2,5.86,37.74,4.48,24.00,65,33.54,34,33.74
鳴門,3,どきどきなる,1,4469,土山卓也,36,福井,56,A2,5.32,31.03,4.79,35.71,60,29.75,27,27.66
鳴門,3,どきどきなる,2,3581,加木　郁,50,山口,53,B1,4.94,27.45,0.00,0.00,69,26.58,65,34.23
鳴門,3,どきどきなる,3,4066,東本勝利,43,三重,51,A2,5.63,39.09,5.63,31.25,18,27.78,52,36.59
鳴門,3,どきどきなる,4,4815,伏島祐介,33,東京,53,B1,4.42,19.42,4.89,27.78,26,35.81,51,40.63
鳴門,3,どきどきなる,5,4004,山本浩輔,45,長崎,52,B1,4.01,20.19,5.13,50.00,52,44.72,70,43.75
鳴門,3,どきどきなる,6,5287,滝沢織寧,24,埼玉,46,B2,1.38,0.00,1.11,0.00,20,43.42,26,46.58
鳴門,4,とにかくなる,1,4073,大橋純一,42,静岡,52,A2,6.28,49.57,5.40,40.00,39,33.33,31,26.97
鳴門,4,とにかくなる,2,4053,芦澤　望,45,東京,55,A2,5.46,40.00,0.00,0.00,66,30.82,76,26.58
鳴門,4,とにかくなる,3,4511,中岡健人,34,香川,58,B1,4.90,30.48,4.90,31.71,70,40.52,17,26.21
鳴門,4,とにかくなる,4,3497,後藤　浩,55,埼玉,51,A2,5.49,36.04,0.00,0.00,64,31.48,74,35.14
鳴門,4,とにかくなる,5,5145,島川海輝,20,山口,53,B1,5.90,41.38,3.18,18.18,67,34.64,50,27.46
鳴門,4,とにかくなる,6,5291,三嶌ここ,22,香川,51,B2,1.56,0.00,1.17,0.00,29,26.45,39,36.20
鳴門,5,一般,1,4713,白神　優,33,岡山,55,A2,6.75,53.17,6.28,38.89,21,22.30,38,47.71
鳴門,5,一般,2,3717,立間充宏,48,岡山,56,A1,6.04,45.37,5.89,45.45,75,36.84,66,34.87
鳴門,5,一般,3,5186,遠藤圭吾,23,東京,54,B1,4.31,20.69,4.48,28.00,23,28.99,69,38.69
鳴門,5,一般,4,5257,西丸侑太,19,香川,53,B1,3.04,5.08,1.80,0.00,63,39.49,10,24.11
鳴門,5,一般,5,5011,高木圭大,26,長崎,54,B1,3.99,18.60,4.42,23.68,78,38.89,64,41.67
鳴門,5,一般,6,5256,中山翔太,19,三重,51,B1,5.01,32.00,0.00,0.00,12,29.41,22,34.36
鳴門,6,一般,1,3930,岸本　隆,47,岡山,57,B1,4.99,28.71,5.00,36.36,24,29.05,33,27.81
鳴門,6,一般,2,3499,市川哲也,55,広島,51,A1,6.10,44.55,6.07,41.38,77,26.71,28,34.38
鳴門,6,一般,3,4724,吉田祐貴,37,佐賀,54,B1,3.78,19.48,4.12,23.53,50,27.65,21,35.67
鳴門,6,一般,4,5193,米丸乃絵,22,福岡,46,B1,5.22,31.91,1.67,0.00,62,29.73,32,34.34
鳴門,6,一般,5,5195,北村寧々,22,長崎,44,B1,4.43,23.68,3.00,11.11,25,34.44,62,30.88
鳴門,6,一般,6,5278,田中駿兵,21,徳島,52,B2,3.35,11.69,3.24,12.73,74,33.54,13,32.74
鳴門,7,一般,1,5163,清水愛海,24,山口,46,A2,4.54,23.19,5.33,39.39,31,29.14,71,31.25
鳴門,7,一般,2,5143,常盤海心,22,徳島,54,B1,3.61,19.44,3.80,20.25,53,34.42,67,24.82
鳴門,7,一般,3,4839,四宮与寛,33,徳島,52,B1,6.19,46.90,5.76,40.88,13,33.14,20,33.72
鳴門,7,一般,4,4145,小澤　学,42,東京,54,B1,4.38,20.00,3.76,8.00,34,31.93,75,39.76
鳴門,7,一般,5,4469,土山卓也,36,福井,56,A2,5.32,31.03,4.79,35.71,60,29.75,27,27.66
鳴門,7,一般,6,5203,神里琴音,19,福岡,45,B1,3.68,17.35,3.17,11.11,38,37.93,72,35.63
鳴門,8,一般,1,3497,後藤　浩,55,埼玉,51,A2,5.49,36.04,0.00,0.00,64,31.48,74,35.14
鳴門,8,一般,2,4197,渥美卓郎,41,静岡,54,B1,3.96,16.49,0.00,0.00,71,26.54,53,28.36
鳴門,8,一般,3,4815,伏島祐介,33,東京,53,B1,4.42,19.42,4.89,27.78,26,35.81,51,40.63
鳴門,8,一般,4,4949,横田貴満,31,佐賀,50,A2,5.67,36.00,0.00,0.00,73,28.87,54,35.50
鳴門,8,一般,5,4511,中岡健人,34,香川,58,B1,4.90,30.48,4.90,31.71,70,40.52,17,26.21
鳴門,8,一般,6,4846,佐藤駿介,30,山口,51,B1,3.84,19.79,4.60,35.56,15,32.32,30,35.40
鳴門,9,なるちゃん特,1,3580,水口由紀,50,滋賀,49,B1,5.50,33.33,5.15,25.00,28,34.25,59,27.52
鳴門,9,なるちゃん特,2,5085,中村栄治,24,福井,52,B1,4.98,26.67,3.20,6.67,51,31.37,23,40.24
鳴門,9,なるちゃん特,3,4600,井内将太,38,広島,51,A1,6.47,43.48,5.89,33.33,11,23.03,56,31.69
鳴門,9,なるちゃん特,4,3581,加木　郁,50,山口,53,B1,4.94,27.45,0.00,0.00,69,26.58,65,34.23
鳴門,9,なるちゃん特,5,4713,白神　優,33,岡山,55,A2,6.75,53.17,6.28,38.89,21,22.30,38,47.71
鳴門,9,なるちゃん特,6,5265,大廣咲季,24,香川,46,B2,1.70,1.27,1.00,0.00,22,33.33,11,35.17
鳴門,10,選抜戦,1,4066,東本勝利,43,三重,51,A2,5.63,39.09,5.63,31.25,18,27.78,52,36.59
鳴門,10,選抜戦,2,5145,島川海輝,20,山口,53,B1,5.90,41.38,3.18,18.18,67,34.64,50,27.46
鳴門,10,選抜戦,3,4893,渡邉真奈,33,東京,47,B1,5.22,24.14,5.40,36.67,76,28.13,35,34.91
鳴門,10,選抜戦,4,3499,市川哲也,55,広島,51,A1,6.10,44.55,6.07,41.38,77,26.71,28,34.38
鳴門,10,選抜戦,5,3930,岸本　隆,47,岡山,57,B1,4.99,28.71,5.00,36.36,24,29.05,33,27.81
鳴門,10,選抜戦,6,3717,立間充宏,48,岡山,56,A1,6.04,45.37,5.89,45.45,75,36.84,66,34.87
鳴門,11,選抜戦,1,4004,山本浩輔,45,長崎,52,B1,4.01,20.19,5.13,50.00,52,44.72,70,43.75
鳴門,11,選抜戦,2,4073,大橋純一,42,静岡,52,A2,6.28,49.57,5.40,40.00,39,33.33,31,26.97
鳴門,11,選抜戦,3,5193,米丸乃絵,22,福岡,46,B1,5.22,31.91,1.67,0.00,62,29.73,32,34.34
鳴門,11,選抜戦,4,5256,中山翔太,19,三重,51,B1,5.01,32.00,0.00,0.00,12,29.41,22,34.36
鳴門,11,選抜戦,5,5163,清水愛海,24,山口,46,A2,4.54,23.19,5.33,39.39,31,29.14,71,31.25
鳴門,11,選抜戦,6,4053,芦澤　望,45,東京,55,A2,5.46,40.00,0.00,0.00,66,30.82,76,26.58
鳴門,12,優勝戦,1,4950,高岡竜也,30,山口,52,A2,5.49,36.07,5.27,21.21,19,30.56,68,27.03
鳴門,12,優勝戦,2,4959,井上忠政,27,大阪,52,A2,7.27,58.21,5.56,25.93,56,35.76,55,27.97
鳴門,12,優勝戦,3,4757,山田祐也,34,徳島,52,A2,6.95,55.86,7.04,56.62,54,26.53,25,30.61
鳴門,12,優勝戦,4,3304,烏野賢太,55,徳島,53,A2,5.83,41.27,6.10,42.86,16,32.92,73,34.94
鳴門,12,優勝戦,5,5224,西岡顕心,22,香川,52,B1,5.18,30.77,4.12,12.00,58,29.49,78,31.65
鳴門,12,優勝戦,6,3915,繁野谷圭,49,大阪,52,A1,6.34,41.58,5.89,39.47,14,39.46,14,31.29
尼崎,1,朝からセンプ,1,4501,樋口由加,35,岡山,45,B1,5.56,35.42,0.00,0.00,40,36.88,24,41.48
尼崎,1,朝からセンプ,2,4714,喜多須杏,33,徳島,49,B1,4.96,25.27,5.39,33.33,32,26.00,61,36.88
尼崎,1,朝からセンプ,3,5151,山下奈緒,28,大阪,48,B1,3.25,5.48,1.52,0.00,18,26.06,34,33.58
尼崎,1,朝からセンプ,4,4546,浜田亜理,35,埼玉,47,A1,6.92,50.00,0.00,0.00,7,39.16,45,37.23
尼崎,1,朝からセンプ,5,5281,井上遥妃,20,徳島,47,B2,3.08,11.46,1.71,0.00,35,34.27,33,35.11
尼崎,1,朝からセンプ,6,5264,登みひ果,24,兵庫,45,B2,2.55,3.23,1.61,3.03,43,36.17,66,33.58
尼崎,2,一般,1,4791,黒澤めぐ,34,東京,48,B1,5.31,35.85,5.21,24.14,13,42.66,13,30.88
尼崎,2,一般,2,5144,中尾彩香,22,福岡,47,B1,4.39,16.49,1.36,0.00,21,21.90,58,27.82
尼崎,2,一般,3,4569,中澤宏奈,35,東京,48,B1,4.64,29.31,4.44,33.33,50,27.97,41,37.31
尼崎,2,一般,4,5088,高憧四季,24,大阪,45,A1,6.78,58.02,6.90,60.00,10,43.26,22,41.30
尼崎,2,一般,5,4965,福岡泉水,26,兵庫,50,B1,3.97,23.08,3.67,14.04,28,20.28,75,39.68
尼崎,2,一般,6,5306,河内悠利,20,群馬,47,B2,1.28,0.00,0.00,0.00,48,26.24,60,28.89
尼崎,3,一般,1,4884,勝浦真帆,27,岡山,50,B1,4.94,34.86,4.06,25.00,5,41.30,19,39.26
尼崎,3,一般,2,4913,清水さく,27,愛知,52,B2,4.44,27.78,4.56,22.22,53,25.87,23,41.86
尼崎,3,一般,3,4680,後藤美翼,33,東京,46,B1,5.34,30.43,5.31,31.25,23,34.29,14,30.83
尼崎,3,一般,4,4347,魚谷香織,38,福岡,45,A2,6.33,41.67,4.55,27.27,9,38.19,31,35.11
尼崎,3,一般,5,3802,森岡まき,49,岡山,47,B1,2.32,8.51,3.16,12.00,33,44.37,38,29.71
尼崎,3,一般,6,4534,坂咲友理,34,大阪,45,B1,3.75,16.67,0.00,0.00,17,25.87,15,29.75
尼崎,4,一般,1,4530,小野生奈,35,福岡,45,B2,7.00,50.00,8.58,78.95,27,39.01,70,34.81
尼崎,4,一般,2,4900,中田夕貴,31,埼玉,46,B1,4.77,28.07,6.80,55.00,3,41.43,50,26.32
尼崎,4,一般,3,5231,寺田空詩,20,山口,47,B1,3.51,15.96,2.00,0.00,24,43.97,46,27.69
尼崎,4,一般,4,4117,廣中智紗,42,東京,46,A1,6.13,37.80,5.64,40.91,22,45.83,47,33.09
尼崎,4,一般,5,4300,加藤　綾,40,三重,50,B1,5.10,32.47,5.21,32.35,6,32.39,30,31.30
尼崎,4,一般,6,5218,山田理央,23,香川,47,B1,5.14,35.23,0.00,0.00,46,33.10,65,36.96
尼崎,5,一般,1,4964,土屋　南,26,岡山,46,A2,5.61,34.41,5.27,40.91,25,36.36,52,33.58
尼崎,5,一般,2,5155,内山七海,27,福岡,44,B1,4.18,23.33,1.68,0.00,44,40.58,12,25.83
尼崎,5,一般,3,5003,来田衣織,27,兵庫,53,B1,3.33,15.00,4.61,32.26,19,31.69,74,36.09
尼崎,5,一般,4,3999,大瀧明日,44,愛知,45,A1,6.31,45.38,6.00,35.48,29,20.00,55,37.14
尼崎,5,一般,5,4874,池田奈津,29,福岡,53,B1,5.07,36.11,5.24,24.14,41,30.77,18,25.93
尼崎,5,一般,6,5272,松田真実,22,愛知,49,B2,1.60,0.00,0.00,0.00,26,34.75,68,33.08
尼崎,6,昼どきピンク,1,3618,海野ゆか,50,広島,43,A2,6.85,50.00,7.34,65.63,52,26.95,32,36.23
尼崎,6,昼どきピンク,2,5164,森田梨湖,24,福岡,49,B2,2.01,1.14,1.27,0.00,34,35.21,53,30.36
尼崎,6,昼どきピンク,3,4923,末武里奈,31,山口,50,B2,1.83,1.72,2.60,0.00,51,25.53,16,30.83
尼崎,6,昼どきピンク,4,4011,堀之内紀,44,岡山,45,A1,5.04,34.82,7.82,72.73,58,46.85,35,36.64
尼崎,6,昼どきピンク,5,4071,古賀千晶,43,兵庫,47,B1,5.32,32.67,5.64,40.78,54,34.04,57,26.56
尼崎,6,昼どきピンク,6,5151,山下奈緒,28,大阪,48,B1,3.25,5.48,1.52,0.00,18,26.06,34,33.58
尼崎,7,一般,1,4738,清埜翔子,32,埼玉,48,A2,5.80,37.62,4.40,20.00,47,38.73,56,33.85
尼崎,7,一般,2,4965,福岡泉水,26,兵庫,50,B1,3.97,23.08,3.67,14.04,28,20.28,75,39.68
尼崎,7,一般,3,3802,森岡まき,49,岡山,47,B1,2.32,8.51,3.16,12.00,33,44.37,38,29.71
尼崎,7,一般,4,3435,寺田千恵,54,岡山,45,A1,6.65,51.35,7.05,51.16,57,43.26,67,45.11
尼崎,7,一般,5,4289,落合直子,39,大阪,48,A2,6.35,48.86,6.48,50.00,14,31.65,63,36.69
尼崎,7,一般,6,5281,井上遥妃,20,徳島,47,B2,3.08,11.46,1.71,0.00,35,34.27,33,35.11
尼崎,8,一般,1,4909,薮内瑞希,28,岡山,44,A2,5.03,27.87,6.29,42.86,55,28.67,62,31.62
尼崎,8,一般,2,5218,山田理央,23,香川,47,B1,5.14,35.23,0.00,0.00,46,33.10,65,36.96
尼崎,8,一般,3,4534,坂咲友理,34,大阪,45,B1,3.75,16.67,0.00,0.00,17,25.87,15,29.75
尼崎,8,一般,4,3871,池田紫乃,48,長崎,44,A2,5.63,43.42,4.41,23.53,15,41.96,72,22.96
尼崎,8,一般,5,4714,喜多須杏,33,徳島,49,B1,4.96,25.27,5.39,33.33,32,26.00,61,36.88
尼崎,8,一般,6,5144,中尾彩香,22,福岡,47,B1,4.39,16.49,1.36,0.00,21,21.90,58,27.82
尼崎,9,一般,1,4845,前田紗希,30,埼玉,47,A2,5.77,47.54,3.80,10.00,60,24.11,42,28.93
尼崎,9,一般,2,4994,山本梨菜,25,佐賀,47,B1,5.43,26.73,4.97,26.32,20,20.14,17,38.24
尼崎,9,一般,3,4546,浜田亜理,35,埼玉,47,A1,6.92,50.00,0.00,0.00,7,39.16,45,37.23
尼崎,9,一般,4,5003,来田衣織,27,兵庫,53,B1,3.33,15.00,4.61,32.26,19,31.69,74,36.09
尼崎,9,一般,5,4065,金田幸子,44,岡山,43,A2,5.58,38.39,5.50,40.91,38,31.69,44,21.77
尼崎,9,一般,6,5231,寺田空詩,20,山口,47,B1,3.51,15.96,2.00,0.00,24,43.97,46,27.69
尼崎,10,準優勝戦,1,5088,高憧四季,24,大阪,45,A1,6.78,58.02,6.90,60.00,10,43.26,22,41.30
尼崎,10,準優勝戦,2,4530,小野生奈,35,福岡,45,B2,7.00,50.00,8.58,78.95,27,39.01,70,34.81
尼崎,10,準優勝戦,3,4884,勝浦真帆,27,岡山,50,B1,4.94,34.86,4.06,25.00,5,41.30,19,39.26
尼崎,10,準優勝戦,4,4501,樋口由加,35,岡山,45,B1,5.56,35.42,0.00,0.00,40,36.88,24,41.48
尼崎,10,準優勝戦,5,4011,堀之内紀,44,岡山,45,A1,5.04,34.82,7.82,72.73,58,46.85,35,36.64
尼崎,10,準優勝戦,6,5155,内山七海,27,福岡,44,B1,4.18,23.33,1.68,0.00,44,40.58,12,25.83
尼崎,11,準優勝戦,1,4347,魚谷香織,38,福岡,45,A2,6.33,41.67,4.55,27.27,9,38.19,31,35.11
尼崎,11,準優勝戦,2,3618,海野ゆか,50,広島,43,A2,6.85,50.00,7.34,65.63,52,26.95,32,36.23
尼崎,11,準優勝戦,3,4791,黒澤めぐ,34,東京,48,B1,5.31,35.85,5.21,24.14,13,42.66,13,30.88
尼崎,11,準優勝戦,4,4964,土屋　南,26,岡山,46,A2,5.61,34.41,5.27,40.91,25,36.36,52,33.58
尼崎,11,準優勝戦,5,4900,中田夕貴,31,埼玉,46,B1,4.77,28.07,6.80,55.00,3,41.43,50,26.32
尼崎,11,準優勝戦,6,4738,清埜翔子,32,埼玉,48,A2,5.80,37.62,4.40,20.00,47,38.73,56,33.85
尼崎,12,準優勝戦,1,3435,寺田千恵,54,岡山,45,A1,6.65,51.35,7.05,51.16,57,43.26,67,45.11
尼崎,12,準優勝戦,2,3999,大瀧明日,44,愛知,45,A1,6.31,45.38,6.00,35.48,29,20.00,55,37.14
尼崎,12,準優勝戦,3,4117,廣中智紗,42,東京,46,A1,6.13,37.80,5.64,40.91,22,45.83,47,33.09
尼崎,12,準優勝戦,4,4909,薮内瑞希,28,岡山,44,A2,5.03,27.87,6.29,42.86,55,28.67,62,31.62
尼崎,12,準優勝戦,5,4680,後藤美翼,33,東京,46,B1,5.34,30.43,5.31,31.25,23,34.29,14,30.83
尼崎,12,準優勝戦,6,4569,中澤宏奈,35,東京,48,B1,4.64,29.31,4.44,33.33,50,27.97,41,37.31
津,1,ツッキーレー,1,3842,星野太郎,47,三重,54,A2,5.72,38.64,6.52,49.24,51,0.00,70,0.00
津,1,ツッキーレー,2,4725,佐竹太一,37,兵庫,52,B1,5.53,38.89,5.35,30.00,65,0.00,65,0.00
津,1,ツッキーレー,3,4440,萩原知哉,37,東京,55,B1,3.90,14.13,3.60,10.00,71,0.00,68,0.00
津,1,ツッキーレー,4,3895,堀本裕也,47,愛知,49,B1,3.27,9.52,4.11,17.78,66,0.00,49,0.00
津,1,ツッキーレー,5,4303,牧原　崇,40,愛知,52,B1,5.09,33.00,5.11,30.16,50,0.00,37,0.00
津,1,ツッキーレー,6,5319,近藤颯斗,22,愛知,52,B2,1.43,0.00,0.00,0.00,25,0.00,71,0.00
津,2,予選,1,4623,中北将史,39,三重,53,B1,5.12,23.26,4.67,16.96,63,0.00,66,0.00
津,2,予選,2,4656,大崎　翔,36,兵庫,60,B1,5.09,28.75,4.63,25.00,46,0.00,60,0.00
津,2,予選,3,4138,中井俊祐,43,大阪,54,B1,4.11,20.25,4.56,30.56,45,0.00,72,0.00
津,2,予選,4,4527,高野心吾,35,愛知,51,B1,4.32,24.71,4.58,28.95,52,0.00,54,0.00
津,2,予選,5,5273,山下拓巳,22,兵庫,50,B2,2.12,1.18,2.09,4.55,30,0.00,52,0.00
津,2,予選,6,4039,村上功祐,44,大阪,58,B1,5.53,33.68,5.14,42.86,69,0.00,76,0.00
津,3,予選,1,4410,井上大輔,37,岡山,52,B1,4.95,30.10,5.41,41.38,43,0.00,48,0.00
津,3,予選,2,5197,中野仁照,22,愛知,52,B1,3.70,17.02,4.00,15.38,48,0.00,33,0.00
津,3,予選,3,3919,村上　純,49,岡山,55,A2,5.22,35.19,5.58,33.33,23,0.00,63,0.00
津,3,予選,4,3517,高橋　勲,55,東京,58,B1,4.63,28.57,6.16,42.11,67,0.00,61,0.00
津,3,予選,5,3984,坂口　周,45,三重,55,A1,6.36,46.15,7.02,53.85,60,0.00,58,0.00
津,3,予選,6,3713,伊藤誠二,49,愛知,54,A2,5.96,45.76,6.45,49.02,19,0.00,69,0.00
津,4,予選,1,3463,乙津康志,56,東京,52,B1,4.55,23.17,5.79,36.84,49,0.00,59,0.00
津,4,予選,2,4156,浜野孝志,42,三重,56,A2,5.53,36.04,6.21,41.03,62,0.00,56,0.00
津,4,予選,3,5061,中村駿平,26,愛知,54,B1,3.91,17.65,3.24,13.51,41,0.00,50,0.00
津,4,予選,4,4639,雑賀勇貴,33,大阪,54,B1,4.31,19.77,5.67,44.44,29,0.00,75,0.00
津,4,予選,5,3837,秋山広一,48,香川,53,A2,6.30,46.90,6.79,46.15,40,0.00,44,0.00
津,4,予選,6,4907,小池修平,28,大阪,53,A1,7.55,59.14,7.25,52.78,72,0.00,35,0.00
津,5,５ールドレー,1,4832,権藤俊光,37,大阪,51,A1,6.50,43.66,4.00,0.00,38,0.00,73,0.00
津,5,５ールドレー,2,3710,吉永泰弘,49,香川,53,B1,5.29,28.95,5.25,34.38,37,0.00,64,0.00
津,5,５ールドレー,3,3558,山本浩次,50,岡山,54,B1,4.78,26.09,5.28,27.78,26,0.00,46,0.00
津,5,５ールドレー,4,4139,丹下　健,43,愛知,55,B1,4.55,27.27,4.53,21.33,27,0.00,55,0.00
津,5,５ールドレー,5,4725,佐竹太一,37,兵庫,52,B1,5.53,38.89,5.35,30.00,65,0.00,65,0.00
津,5,５ールドレー,6,5318,河内一馬,22,愛知,54,B2,1.14,0.00,0.00,0.00,68,0.00,41,0.00
津,6,予選,1,4389,伊藤喜智,38,大阪,51,B1,5.03,29.67,5.75,41.67,17,0.00,67,0.00
津,6,予選,2,4215,吉島祥之,39,愛知,56,A2,5.58,34.09,5.02,27.78,44,0.00,36,0.00
津,6,予選,3,4220,深川和仁,42,香川,56,A2,5.42,37.08,0.00,0.00,21,0.00,47,0.00
津,6,予選,4,4656,大崎　翔,36,兵庫,60,B1,5.09,28.75,4.63,25.00,46,0.00,60,0.00
津,6,予選,5,5319,近藤颯斗,22,愛知,52,B2,1.43,0.00,0.00,0.00,25,0.00,71,0.00
津,6,予選,6,4344,新田雄史,38,三重,54,A1,7.33,52.08,7.79,66.94,73,0.00,51,0.00
津,7,予選,1,3895,堀本裕也,47,愛知,49,B1,3.27,9.52,4.11,17.78,66,0.00,49,0.00
津,7,予選,2,3919,村上　純,49,岡山,55,A2,5.22,35.19,5.58,33.33,23,0.00,63,0.00
津,7,予選,3,4181,花本夏樹,40,三重,54,B1,4.66,26.53,4.66,22.83,39,0.00,39,0.00
津,7,予選,4,4039,村上功祐,44,大阪,58,B1,5.53,33.68,5.14,42.86,69,0.00,76,0.00
津,7,予選,5,3557,太田和美,50,大阪,55,A1,7.03,46.00,5.78,22.22,18,0.00,57,0.00
津,7,予選,6,4086,寺本重宣,43,東京,50,A2,6.10,37.14,5.77,36.36,24,0.00,53,0.00
津,8,予選,1,4365,盛本真輔,38,兵庫,52,B1,5.02,28.07,5.68,41.94,20,0.00,45,0.00
津,8,予選,2,5121,定松勇樹,22,佐賀,51,A1,7.64,65.25,0.00,0.00,47,0.00,38,0.00
津,8,予選,3,4142,平野和明,42,愛知,53,A2,6.07,40.65,6.21,46.15,64,0.00,62,0.00
津,8,予選,4,5273,山下拓巳,22,兵庫,50,B2,2.12,1.18,2.09,4.55,30,0.00,52,0.00
津,8,予選,5,3517,高橋　勲,55,東京,58,B1,4.63,28.57,6.16,42.11,67,0.00,61,0.00
津,8,予選,6,4156,浜野孝志,42,三重,56,A2,5.53,36.04,6.21,41.03,62,0.00,56,0.00
津,9,予選特賞,1,3809,吉田　光,48,佐賀,49,A2,5.29,31.40,5.64,36.36,61,0.00,34,0.00
津,9,予選特賞,2,4907,小池修平,28,大阪,53,A1,7.55,59.14,7.25,52.78,72,0.00,35,0.00
津,9,予選特賞,3,4623,中北将史,39,三重,53,B1,5.12,23.26,4.67,16.96,63,0.00,66,0.00
津,9,予選特賞,4,3852,澤　大介,51,三重,52,A2,5.77,37.50,5.74,39.20,22,0.00,40,0.00
津,9,予選特賞,5,5197,中野仁照,22,愛知,52,B1,3.70,17.02,4.00,15.38,48,0.00,33,0.00
津,9,予選特賞,6,3710,吉永泰弘,49,香川,53,B1,5.29,28.95,5.25,34.38,37,0.00,64,0.00
津,10,予選特賞,1,4215,吉島祥之,39,愛知,56,A2,5.58,34.09,5.02,27.78,44,0.00,36,0.00
津,10,予選特賞,2,4261,岡　祐臣,39,三重,55,A2,6.51,50.47,6.20,45.45,70,0.00,43,0.00
津,10,予選特賞,3,4527,高野心吾,35,愛知,51,B1,4.32,24.71,4.58,28.95,52,0.00,54,0.00
津,10,予選特賞,4,3984,坂口　周,45,三重,55,A1,6.36,46.15,7.02,53.85,60,0.00,58,0.00
津,10,予選特賞,5,4404,岸蔭　亮,38,兵庫,53,B1,4.16,26.14,5.39,39.29,28,0.00,74,0.00
津,10,予選特賞,6,4440,萩原知哉,37,東京,55,B1,3.90,14.13,3.60,10.00,71,0.00,68,0.00
津,11,予選特選,1,3837,秋山広一,48,香川,53,A2,6.30,46.90,6.79,46.15,40,0.00,44,0.00
津,11,予選特選,2,4344,新田雄史,38,三重,54,A1,7.33,52.08,7.79,66.94,73,0.00,51,0.00
津,11,予選特選,3,4086,寺本重宣,43,東京,50,A2,6.10,37.14,5.77,36.36,24,0.00,53,0.00
津,11,予選特選,4,4303,牧原　崇,40,愛知,52,B1,5.09,33.00,5.11,30.16,50,0.00,37,0.00
津,11,予選特選,5,3713,伊藤誠二,49,愛知,54,A2,5.96,45.76,6.45,49.02,19,0.00,69,0.00
津,11,予選特選,6,4139,丹下　健,43,愛知,55,B1,4.55,27.27,4.53,21.33,27,0.00,55,0.00
津,12,兄弟船選抜戦,1,3557,太田和美,50,大阪,55,A1,7.03,46.00,5.78,22.22,18,0.00,57,0.00
津,12,兄弟船選抜戦,2,4220,深川和仁,42,香川,56,A2,5.42,37.08,0.00,0.00,21,0.00,47,0.00
津,12,兄弟船選抜戦,3,4832,権藤俊光,37,大阪,51,A1,6.50,43.66,4.00,0.00,38,0.00,73,0.00
津,12,兄弟船選抜戦,4,4365,盛本真輔,38,兵庫,52,B1,5.02,28.07,5.68,41.94,20,0.00,45,0.00
津,12,兄弟船選抜戦,5,3842,星野太郎,47,三重,54,A2,5.72,38.64,6.52,49.24,51,0.00,70,0.00
津,12,兄弟船選抜戦,6,4639,雑賀勇貴,33,大阪,54,B1,4.31,19.77,5.67,44.44,29,0.00,75,0.00
常滑,1,一般,1,5111,三村岳人,24,岡山,51,B1,4.68,27.40,3.78,22.22,5,0.00,74,34.58
常滑,1,一般,2,5081,篠原飛翔,25,福岡,52,A1,4.60,22.31,3.08,0.00,3,0.00,61,43.93
常滑,1,一般,3,5211,高井駿弥,25,愛知,50,B1,2.90,6.94,2.00,1.69,42,0.00,42,29.41
常滑,1,一般,4,5222,津田陸翔,22,広島,51,B1,5.17,28.92,2.33,0.00,35,0.00,52,42.86
常滑,1,一般,5,5159,笠間憲哉,25,愛知,50,B1,2.61,8.70,2.18,8.97,50,0.00,19,35.40
常滑,1,一般,6,4872,山下流心,30,広島,53,A2,5.93,37.69,5.78,34.38,14,0.00,14,31.13
常滑,2,一般,1,5127,沼田大都,27,愛知,51,B1,4.28,20.21,2.22,5.19,22,0.00,64,38.00
常滑,2,一般,2,5034,若林義人,25,静岡,55,A2,5.91,37.74,4.87,26.09,25,0.00,45,26.26
常滑,2,一般,3,5075,中島秀治,28,滋賀,53,A2,5.95,42.86,4.10,13.79,21,0.00,33,29.82
常滑,2,一般,4,5110,杉山喜一,24,静岡,51,B1,4.45,26.55,3.78,14.55,15,0.00,38,18.00
常滑,2,一般,5,5137,川原　涼,23,愛知,53,B1,4.29,22.09,3.75,14.67,31,0.00,28,25.27
常滑,2,一般,6,5029,中　亮太,26,福岡,54,A2,6.11,47.95,6.07,53.33,54,0.00,13,32.69
常滑,3,一般,1,4979,中野夢斗,27,愛知,53,B1,4.19,26.61,5.13,31.58,53,0.00,43,30.61
常滑,3,一般,2,5175,島崎丈一,19,東京,52,B1,4.04,18.56,1.08,0.00,8,0.00,29,33.96
常滑,3,一般,3,4852,川原祐明,28,香川,52,A1,6.64,48.23,5.42,41.67,27,0.00,22,20.00
常滑,3,一般,4,4934,佐々木翔,27,大阪,56,A2,6.11,44.55,6.24,38.10,1,0.00,17,33.62
常滑,3,一般,5,5169,堀本翔太,22,愛知,49,B1,3.66,11.48,2.49,6.41,24,0.00,70,37.38
常滑,3,一般,6,5166,仲道大輔,23,愛知,50,B1,5.75,32.95,4.13,21.35,12,0.00,47,40.57
常滑,4,一般,1,5026,安河内健,28,佐賀,53,A1,5.84,40.87,7.43,64.29,11,0.00,50,38.94
常滑,4,一般,2,5087,佐藤　航,24,埼玉,54,A2,4.70,32.61,6.00,43.75,9,0.00,39,47.22
常滑,4,一般,3,5134,大原祥昌,24,広島,54,B1,4.90,27.27,0.00,0.00,41,0.00,49,28.30
常滑,4,一般,4,5196,鰐部太空,22,愛知,53,B1,4.31,16.13,2.74,8.57,29,0.00,34,28.87
常滑,4,一般,5,5023,久永祥平,28,東京,50,B1,4.52,22.83,3.89,11.11,13,0.00,20,33.33
常滑,4,一般,6,4826,井上一輝,29,大阪,52,A1,6.79,51.28,5.88,41.18,47,0.00,44,46.30
常滑,5,一般,1,4910,中村泰平,27,愛知,52,A2,6.05,41.23,5.95,39.56,2,0.00,69,45.26
常滑,5,一般,2,5157,市川健太,26,滋賀,54,B2,3.30,15.58,2.31,15.38,43,0.00,73,34.74
常滑,5,一般,3,4980,佐々木完,27,山口,51,A1,7.62,64.41,4.94,33.33,28,0.00,54,32.46
常滑,5,一般,4,5007,近藤雄一,27,東京,53,B1,4.69,25.93,4.04,18.52,55,0.00,41,34.62
常滑,5,一般,5,5252,荒木颯斗,21,愛知,54,B1,3.16,9.47,2.35,2.33,10,0.00,35,31.43
常滑,5,一般,6,5082,一色凌雅,25,愛知,57,B1,4.69,20.00,4.61,32.65,33,0.00,65,27.10
常滑,6,一般,1,5005,石田貴洋,27,埼玉,52,A2,6.05,40.00,5.17,28.57,45,0.00,11,33.03
常滑,6,一般,2,5109,川崎智稔,24,岡山,50,B1,5.57,37.14,5.20,40.00,26,0.00,51,38.05
常滑,6,一般,3,5137,川原　涼,23,愛知,53,B1,4.29,22.09,3.75,14.67,31,0.00,28,25.27
常滑,6,一般,4,5089,前田　翔,23,愛知,51,A1,5.98,35.92,5.43,34.15,48,0.00,60,26.92
常滑,6,一般,5,5014,梶山涼斗,25,佐賀,52,B1,4.44,21.43,2.83,0.00,49,0.00,37,35.48
常滑,6,一般,6,5222,津田陸翔,22,広島,51,B1,5.17,28.92,2.33,0.00,35,0.00,52,42.86
常滑,7,一般,1,5075,中島秀治,28,滋賀,53,A2,5.95,42.86,4.10,13.79,21,0.00,33,29.82
常滑,7,一般,2,5159,笠間憲哉,25,愛知,50,B1,2.61,8.70,2.18,8.97,50,0.00,19,35.40
常滑,7,一般,3,5111,三村岳人,24,岡山,51,B1,4.68,27.40,3.78,22.22,5,0.00,74,34.58
常滑,7,一般,4,5028,原田才一,27,福岡,50,A1,6.12,43.42,5.56,41.03,30,0.00,12,37.84
常滑,7,一般,5,5098,大江　純,28,愛知,53,B1,4.55,22.62,3.68,17.78,7,0.00,23,31.78
常滑,7,一般,6,5266,石田勇斗,23,愛知,52,B2,1.38,0.00,1.27,0.00,4,0.00,46,39.81
常滑,8,一般,1,4985,井本昌也,26,山口,50,A1,6.49,50.35,5.77,38.46,51,0.00,16,26.32
常滑,8,一般,2,5110,杉山喜一,24,静岡,51,B1,4.45,26.55,3.78,14.55,15,0.00,18,26.26
常滑,8,一般,3,5169,堀本翔太,22,愛知,49,B1,3.66,11.48,2.49,6.41,24,0.00,70,37.38
常滑,8,一般,4,5134,大原祥昌,24,広島,54,B1,4.90,27.27,0.00,0.00,41,0.00,49,28.30
常滑,8,一般,5,5127,沼田大都,27,愛知,51,B1,4.28,20.21,2.22,5.19,22,0.00,64,38.00
常滑,8,一般,6,4908,上田龍星,28,大阪,52,A1,7.24,62.26,6.80,40.00,52,0.00,62,30.48
常滑,9,一般,1,5042,畑田汰一,25,埼玉,53,A2,7.11,56.93,6.05,43.18,34,0.00,30,36.45
常滑,9,一般,2,5166,仲道大輔,23,愛知,50,B1,5.75,32.95,4.13,21.35,12,0.00,47,40.57
常滑,9,一般,3,5252,荒木颯斗,21,愛知,54,B1,3.16,9.47,2.35,2.33,10,0.00,35,31.43
常滑,9,一般,4,4872,山下流心,30,広島,53,A2,5.93,37.69,5.78,34.38,14,0.00,14,31.13
常滑,9,一般,5,5175,島崎丈一,19,東京,52,B1,4.04,18.56,1.08,0.00,8,0.00,29,33.96
常滑,9,一般,6,5300,横田海人,21,愛知,52,B2,1.64,1.45,1.42,0.00,44,0.00,32,33.33
常滑,10,準優勝戦,1,5029,中　亮太,26,福岡,54,A2,6.11,47.95,6.07,53.33,54,0.00,13,32.69
常滑,10,準優勝戦,2,5023,久永祥平,28,東京,50,B1,4.52,22.83,3.89,11.11,13,0.00,20,33.33
常滑,10,準優勝戦,3,5089,前田　翔,23,愛知,51,A1,5.98,35.92,5.43,34.15,48,0.00,60,26.92
常滑,10,準優勝戦,4,4852,川原祐明,28,香川,52,A1,6.64,48.23,5.42,41.67,27,0.00,22,20.00
常滑,10,準優勝戦,5,5087,佐藤　航,24,埼玉,54,A2,4.70,32.61,6.00,43.75,9,0.00,39,47.22
常滑,10,準優勝戦,6,4979,中野夢斗,27,愛知,53,B1,4.19,26.61,5.13,31.58,53,0.00,43,30.61
常滑,11,準優勝戦,1,4826,井上一輝,29,大阪,52,A1,6.79,51.28,5.88,41.18,47,0.00,44,46.30
常滑,11,準優勝戦,2,5014,梶山涼斗,25,佐賀,52,B1,4.44,21.43,2.83,0.00,49,0.00,37,35.48
常滑,11,準優勝戦,3,5028,原田才一,27,福岡,50,A1,6.12,43.42,5.56,41.03,30,0.00,12,37.84
常滑,11,準優勝戦,4,4980,佐々木完,27,山口,51,A1,7.62,64.41,4.94,33.33,28,0.00,54,32.46
常滑,11,準優勝戦,5,5034,若林義人,25,静岡,55,A2,5.91,37.74,4.87,26.09,25,0.00,45,26.26
常滑,11,準優勝戦,6,5196,鰐部太空,22,愛知,53,B1,4.31,16.13,2.74,8.57,29,0.00,34,28.87
常滑,12,準優勝戦,1,4908,上田龍星,28,大阪,52,A1,7.24,62.26,6.80,40.00,52,0.00,62,30.48
常滑,12,準優勝戦,2,5005,石田貴洋,27,埼玉,52,A2,6.05,40.00,5.17,28.57,45,0.00,11,33.03
常滑,12,準優勝戦,3,4934,佐々木翔,27,大阪,56,A2,6.11,44.55,6.24,38.10,1,0.00,17,33.62
常滑,12,準優勝戦,4,5026,安河内健,28,佐賀,53,A1,5.84,40.87,7.43,64.29,11,0.00,50,38.94
常滑,12,準優勝戦,5,4985,井本昌也,26,山口,50,A1,6.49,50.35,5.77,38.46,51,0.00,16,26.32
常滑,12,準優勝戦,6,4910,中村泰平,27,愛知,52,A2,6.05,41.23,5.95,39.56,2,0.00,69,45.26
蒲郡,1,一般戦,1,4020,川上清人,43,香川,65,B1,4.00,20.93,0.00,0.00,16,26.67,20,30.93
蒲郡,1,一般戦,2,4558,宮野　仁,33,岡山,55,B1,5.55,35.78,2.78,11.11,55,35.71,57,22.77
蒲郡,1,一般戦,3,3839,川合理司,48,静岡,63,B1,3.80,20.75,3.68,18.64,54,37.17,41,39.47
蒲郡,1,一般戦,4,3605,中村守成,52,三重,54,B1,3.91,13.33,4.73,23.08,52,21.36,37,35.85
蒲郡,1,一般戦,5,4988,牟田奨太,26,静岡,56,B1,4.64,31.33,4.80,34.09,49,30.91,26,25.56
蒲郡,1,一般戦,6,3722,西村秀樹,53,福岡,52,B1,3.57,10.00,3.95,20.00,77,37.17,60,41.59
蒲郡,2,一般戦,1,4023,柴田友和,46,福岡,52,B1,3.98,14.44,4.76,29.41,53,43.14,25,33.63
蒲郡,2,一般戦,2,4866,橋本英一,33,福岡,54,B1,4.51,23.96,2.44,0.00,17,43.12,58,25.58
蒲郡,2,一般戦,3,4415,下出卓矢,37,福井,57,A1,6.08,39.34,6.67,61.90,32,22.43,50,27.18
蒲郡,2,一般戦,4,4918,川島拓郎,34,静岡,53,B1,5.00,27.16,5.38,30.77,36,36.63,35,48.15
蒲郡,2,一般戦,5,4759,今泉友吾,34,東京,52,A2,6.80,54.72,5.84,40.00,28,41.90,67,30.93
蒲郡,2,一般戦,6,4508,野間大樹,35,大阪,50,B1,5.75,35.71,4.27,18.18,56,28.97,19,35.14
蒲郡,3,一般戦,1,5128,坪井爽佑,26,三重,59,B1,3.24,17.91,1.25,0.00,59,29.36,71,29.09
蒲郡,3,一般戦,2,5036,福田翔吾,25,大阪,53,B1,4.87,30.38,4.92,33.33,29,44.25,43,40.63
蒲郡,3,一般戦,3,4193,郷原章平,42,福岡,52,A2,6.05,39.02,0.00,0.00,57,33.33,30,32.14
蒲郡,3,一般戦,4,4391,松田祐季,37,福井,53,A1,6.35,43.36,6.08,44.44,47,27.93,61,40.19
蒲郡,3,一般戦,5,5329,金子龍斗,20,兵庫,49,B2,1.71,0.00,0.00,0.00,60,25.69,46,43.59
蒲郡,3,一般戦,6,4518,大須賀友,36,愛知,52,A2,6.61,51.19,5.76,40.68,26,40.43,54,34.23
蒲郡,4,一般戦,1,4917,岩橋裕馬,35,兵庫,53,B1,4.47,22.83,4.11,11.11,20,32.14,16,45.95
蒲郡,4,一般戦,2,4583,古田祐貴,34,香川,52,A2,5.97,44.17,0.00,0.00,23,26.92,22,37.07
蒲郡,4,一般戦,3,4521,小池公生,36,福岡,52,A2,5.91,40.24,0.00,0.00,30,21.51,59,25.74
蒲郡,4,一般戦,4,4277,金田大輔,40,岡山,52,B1,4.81,36.17,4.59,29.41,21,32.73,23,17.95
蒲郡,4,一般戦,5,4074,柳沢　一,42,愛知,52,A1,6.71,43.75,7.02,54.10,18,24.73,52,22.94
蒲郡,4,一般戦,6,3548,室田泰史,53,福井,54,B1,5.48,38.75,5.41,36.21,46,34.78,24,30.30
蒲郡,5,一般戦,1,4369,丹下　将,38,愛知,57,A1,6.02,41.73,6.15,47.06,24,32.46,47,34.23
蒲郡,5,一般戦,2,4034,西原明生,45,香川,55,B1,4.18,20.22,0.00,0.00,62,60.58,33,25.47
蒲郡,5,一般戦,3,4732,堀本和也,34,徳島,54,A2,6.70,50.89,0.00,0.00,22,32.26,55,40.59
蒲郡,5,一般戦,4,4800,小寺拳人,30,福井,57,B2,3.94,18.18,2.64,14.29,25,21.43,49,27.27
蒲郡,5,一般戦,5,3955,眞田英二,46,徳島,52,A2,5.09,35.48,5.15,33.33,31,24.07,56,35.16
蒲郡,5,一般戦,6,5294,豊田祥生,21,静岡,49,B2,1.72,0.00,1.13,0.00,65,40.00,53,40.20
蒲郡,6,一般戦,1,4704,河野　大,35,徳島,50,A2,6.53,45.45,6.67,42.86,19,31.25,48,42.28
蒲郡,6,一般戦,2,3722,西村秀樹,53,福岡,52,B1,3.57,10.00,3.95,20.00,77,37.17,60,41.59
蒲郡,6,一般戦,3,4319,三宅　潤,38,大阪,54,B1,5.39,30.08,5.59,39.29,37,43.43,18,34.23
蒲郡,6,一般戦,4,4512,高野哲史,34,兵庫,51,A2,6.48,50.38,6.64,42.86,63,33.03,32,37.72
蒲郡,6,一般戦,5,4330,奈須啓太,40,福岡,52,A1,5.87,46.34,8.00,76.92,64,23.64,29,20.21
蒲郡,6,一般戦,6,4579,中嶋健一,34,三重,53,A2,6.16,44.54,5.78,38.89,35,34.12,39,40.21
蒲郡,7,一般戦,1,4083,福島勇樹,44,東京,53,A1,6.05,46.22,6.40,53.45,51,38.79,65,34.95
蒲郡,7,一般戦,2,3981,今坂晃広,46,静岡,53,B1,4.24,24.10,4.24,23.91,48,22.22,38,37.37
蒲郡,7,一般戦,3,4529,嶋　義信,35,香川,54,A2,5.68,37.40,5.64,36.36,76,30.48,36,31.86
蒲郡,7,一般戦,4,4706,三浦洋次,35,愛知,49,A2,5.80,41.41,6.37,48.00,50,19.32,31,30.00
蒲郡,7,一般戦,5,4558,宮野　仁,33,岡山,55,B1,5.55,35.78,2.78,11.11,55,35.71,57,22.77
蒲郡,7,一般戦,6,5329,金子龍斗,20,兵庫,49,B2,1.71,0.00,0.00,0.00,60,25.69,46,43.59
蒲郡,8,一般戦,1,4583,古田祐貴,34,香川,52,A2,5.97,44.17,0.00,0.00,23,26.92,22,37.07
蒲郡,8,一般戦,2,4058,野末智一,44,静岡,51,B1,5.57,38.05,5.72,43.75,58,29.09,28,37.82
蒲郡,8,一般戦,3,4561,藤山翔大,32,大阪,53,A2,6.17,50.00,6.98,54.35,33,35.29,63,30.69
蒲郡,8,一般戦,4,4988,牟田奨太,26,静岡,56,B1,4.64,31.33,4.80,34.09,49,30.91,26,25.56
蒲郡,8,一般戦,5,4453,永田郁弥,35,愛知,53,B1,3.29,15.56,4.31,30.91,61,38.53,51,39.81
蒲郡,8,一般戦,6,4199,北川潤二,41,愛知,56,A1,6.37,44.29,6.54,47.86,27,30.21,40,25.96
蒲郡,9,準優勝戦,1,3955,眞田英二,46,徳島,52,A2,5.09,35.48,5.15,33.33,31,24.07,56,35.16
蒲郡,9,準優勝戦,2,4369,丹下　将,38,愛知,57,A1,6.02,41.73,6.15,47.06,24,32.46,47,34.23
蒲郡,9,準優勝戦,3,5036,福田翔吾,25,大阪,53,B1,4.87,30.38,4.92,33.33,29,44.25,43,40.63
蒲郡,9,準優勝戦,4,3548,室田泰史,53,福井,54,B1,5.48,38.75,5.41,36.21,46,34.78,24,30.30
蒲郡,9,準優勝戦,5,4415,下出卓矢,37,福井,57,A1,6.08,39.34,6.67,61.90,32,22.43,50,27.18
蒲郡,9,準優勝戦,6,4521,小池公生,36,福岡,52,A2,5.91,40.24,0.00,0.00,30,21.51,59,25.74
蒲郡,10,準優勝戦,1,4193,郷原章平,42,福岡,52,A2,6.05,39.02,0.00,0.00,57,33.33,30,32.14
蒲郡,10,準優勝戦,2,4704,河野　大,35,徳島,50,A2,6.53,45.45,6.67,42.86,19,31.25,48,42.28
蒲郡,10,準優勝戦,3,4074,柳沢　一,42,愛知,52,A1,6.71,43.75,7.02,54.10,18,24.73,52,22.94
蒲郡,10,準優勝戦,4,4866,橋本英一,33,福岡,54,B1,4.51,23.96,2.44,0.00,17,43.12,58,25.58
蒲郡,10,準優勝戦,5,4034,西原明生,45,香川,55,B1,4.18,20.22,0.00,0.00,62,60.58,33,25.47
蒲郡,10,準優勝戦,6,4391,松田祐季,37,福井,53,A1,6.35,43.36,6.08,44.44,47,27.93,61,40.19
蒲郡,11,準優勝戦,1,4512,高野哲史,34,兵庫,51,A2,6.48,50.38,6.64,42.86,63,33.03,32,37.72
蒲郡,11,準優勝戦,2,4083,福島勇樹,44,東京,53,A1,6.05,46.22,6.40,53.45,51,38.79,65,34.95
蒲郡,11,準優勝戦,3,4518,大須賀友,36,愛知,52,A2,6.61,51.19,5.76,40.68,26,40.43,54,34.23
蒲郡,11,準優勝戦,4,4759,今泉友吾,34,東京,52,A2,6.80,54.72,5.84,40.00,28,41.90,67,30.93
蒲郡,11,準優勝戦,5,4732,堀本和也,34,徳島,54,A2,6.70,50.89,0.00,0.00,22,32.26,55,40.59
蒲郡,11,準優勝戦,6,4529,嶋　義信,35,香川,54,A2,5.68,37.40,5.64,36.36,76,30.48,36,31.86
蒲郡,12,一般戦,1,4561,藤山翔大,32,大阪,53,A2,6.17,50.00,6.98,54.35,33,35.29,63,30.69
蒲郡,12,一般戦,2,4706,三浦洋次,35,愛知,49,A2,5.80,41.41,6.37,48.00,50,19.32,31,30.00
蒲郡,12,一般戦,3,4277,金田大輔,40,岡山,52,B1,4.81,36.17,4.59,29.41,21,32.73,23,17.95
蒲郡,12,一般戦,4,4330,奈須啓太,40,福岡,52,A1,5.87,46.34,8.00,76.92,64,23.64,29,20.21
蒲郡,12,一般戦,5,4918,川島拓郎,34,静岡,53,B1,5.00,27.16,5.38,30.77,36,36.63,35,48.15
蒲郡,12,一般戦,6,4800,小寺拳人,30,福井,57,B2,3.94,18.18,2.64,14.29,25,21.43,49,27.27
浜名湖,1,一般,1,3539,金子順一,55,山口,54,B1,4.21,22.55,4.96,32.14,66,28.18,54,35.71
浜名湖,1,一般,2,3385,渡邉睦広,54,東京,52,B1,5.47,32.18,5.45,34.69,46,25.00,64,34.38
浜名湖,1,一般,3,3624,大石和彦,54,静岡,54,B1,3.19,12.50,4.52,22.39,44,26.61,30,56.67
浜名湖,1,一般,4,4271,川崎公靖,41,広島,52,B1,4.32,25.27,2.78,11.11,19,43.61,12,38.71
浜名湖,1,一般,5,4693,松下誉士,39,福岡,53,B1,4.29,20.79,4.50,12.50,60,36.50,22,44.83
浜名湖,1,一般,6,5288,尾道佳諭,24,埼玉,57,B2,1.98,4.76,1.11,0.00,38,50.33,58,22.22
浜名湖,2,一般,1,4126,吉本玲緒,44,広島,58,B1,3.72,19.72,4.62,30.77,54,34.27,27,41.38
浜名湖,2,一般,2,4121,富永修一,42,福岡,53,B1,5.72,37.50,0.00,0.00,32,34.51,50,34.38
浜名湖,2,一般,3,3986,沖島広和,45,福岡,57,A2,6.08,46.94,3.33,16.67,17,32.31,45,37.93
浜名湖,2,一般,4,3910,松下知幸,50,香川,52,B1,4.18,15.66,2.00,0.00,51,25.22,32,35.71
浜名湖,2,一般,5,4173,岡谷健吾,41,広島,56,B1,5.56,37.37,3.41,5.88,45,34.88,25,30.00
浜名湖,2,一般,6,3684,清水攻二,49,山口,53,A2,5.56,30.00,0.00,0.00,26,32.86,17,22.22
浜名湖,3,一般,1,4672,守屋大地,37,岡山,52,B1,4.05,23.68,3.40,20.00,62,43.24,72,16.67
浜名湖,3,一般,2,3965,北中元樹,44,滋賀,58,A2,5.34,31.43,5.60,50.00,63,41.38,56,36.00
浜名湖,3,一般,3,4103,山崎善庸,44,埼玉,54,B1,4.57,24.42,4.40,17.14,18,40.28,57,37.04
浜名湖,3,一般,4,4982,中村将隆,27,兵庫,53,B2,5.11,31.58,3.85,20.00,36,33.58,53,50.00
浜名湖,3,一般,5,4154,森安弘雅,43,香川,52,A2,4.72,25.00,6.27,26.67,24,35.21,37,15.15
浜名湖,3,一般,6,5333,山下智己,19,兵庫,53,B2,1.38,0.00,0.00,0.00,23,41.98,66,22.22
浜名湖,4,一般,1,5022,伊藤尚汰,28,福岡,49,B1,4.51,23.94,3.60,20.00,52,44.70,14,56.00
浜名湖,4,一般,2,3550,都築正治,52,愛知,55,B1,5.51,37.50,6.02,44.57,41,28.68,44,33.33
浜名湖,4,一般,3,4564,山本景士,36,広島,53,A2,5.36,33.61,5.81,33.33,7,26.19,18,25.00
浜名湖,4,一般,4,3945,橋口真樹,48,愛知,52,B1,3.83,13.04,4.88,24.69,11,35.97,68,25.81
浜名湖,4,一般,5,3596,河上年昭,54,埼玉,56,B1,4.89,27.50,4.00,15.15,9,38.46,62,57.69
浜名湖,4,一般,6,4015,前野竜一,44,山口,58,A1,6.02,37.29,0.00,0.00,37,28.23,41,32.14
浜名湖,5,ランチタイム,1,3849,中岡正彦,46,香川,53,A1,6.67,55.00,8.83,66.67,39,39.72,75,40.00
浜名湖,5,ランチタイム,2,4327,加藤　翔,40,静岡,53,B1,4.24,20.21,4.52,25.71,50,31.34,23,32.14
浜名湖,5,ランチタイム,3,4271,川崎公靖,41,広島,52,B1,4.32,25.27,2.78,11.11,19,43.61,12,38.71
浜名湖,5,ランチタイム,4,4177,萬　正嗣,41,群馬,57,B1,4.52,28.05,5.00,29.63,43,28.07,19,23.33
浜名湖,5,ランチタイム,5,3539,金子順一,55,山口,54,B1,4.21,22.55,4.96,32.14,66,28.18,54,35.71
浜名湖,5,ランチタイム,6,4203,小倉康典,41,群馬,52,B1,4.38,23.91,4.90,34.15,30,29.69,21,22.58
浜名湖,6,ランチタイム,1,3813,佐藤大介,47,愛知,55,A1,6.59,48.65,6.89,48.89,6,29.93,61,26.92
浜名湖,6,ランチタイム,2,3929,杢野誓良,48,愛知,51,B1,5.20,33.33,5.69,44.44,40,33.57,60,42.31
浜名湖,6,ランチタイム,3,4121,富永修一,42,福岡,53,B1,5.72,37.50,0.00,0.00,32,34.51,50,34.38
浜名湖,6,ランチタイム,4,5066,鈴木孝明,25,埼玉,55,A2,6.04,41.07,5.60,35.00,31,26.40,13,44.44
浜名湖,6,ランチタイム,5,3624,大石和彦,54,静岡,54,B1,3.19,12.50,4.52,22.39,44,26.61,30,56.67
浜名湖,6,ランチタイム,6,3273,石田　豪,58,広島,52,B1,4.37,24.73,0.00,0.00,34,35.25,55,17.86
浜名湖,7,一般,1,4486,野村　誠,37,群馬,52,A2,6.10,43.01,5.14,34.48,29,27.21,28,51.85
浜名湖,7,一般,2,5022,伊藤尚汰,28,福岡,49,B1,4.51,23.94,3.60,20.00,52,44.70,14,56.00
浜名湖,7,一般,3,4982,中村将隆,27,兵庫,53,B2,5.11,31.58,3.85,20.00,36,33.58,53,50.00
浜名湖,7,一般,4,4126,吉本玲緒,44,広島,58,B1,3.72,19.72,4.62,30.77,54,34.27,27,41.38
浜名湖,7,一般,5,5288,尾道佳諭,24,埼玉,57,B2,1.98,4.76,1.11,0.00,38,50.33,58,22.22
浜名湖,7,一般,6,3458,東　健介,57,岡山,54,B1,3.98,20.00,5.00,25.00,13,38.69,26,26.92
浜名湖,8,一般,1,3769,佐竹恒彦,50,滋賀,53,A2,4.82,24.66,5.10,30.77,20,49.64,52,44.83
浜名湖,8,一般,2,4203,小倉康典,41,群馬,52,B1,4.38,23.91,4.90,34.15,30,29.69,21,22.58
浜名湖,8,一般,3,4173,岡谷健吾,41,広島,56,B1,5.56,37.37,3.41,5.88,45,34.88,25,30.00
浜名湖,8,一般,4,4564,山本景士,36,広島,53,A2,5.36,33.61,5.81,33.33,7,26.19,18,25.00
浜名湖,8,一般,5,4672,守屋大地,37,岡山,52,B1,4.05,23.68,3.40,20.00,62,43.24,72,16.67
浜名湖,8,一般,6,3385,渡邉睦広,54,東京,52,B1,5.47,32.18,5.45,34.69,46,25.00,64,34.38
浜名湖,9,一般特選,1,3986,沖島広和,45,福岡,57,A2,6.08,46.94,3.33,16.67,17,32.31,45,37.93
浜名湖,9,一般特選,2,4693,松下誉士,39,福岡,53,B1,4.29,20.79,4.50,12.50,60,36.50,22,44.83
浜名湖,9,一般特選,3,3945,橋口真樹,48,愛知,52,B1,3.83,13.04,4.88,24.69,11,35.97,68,25.81
浜名湖,9,一般特選,4,3929,杢野誓良,48,愛知,51,B1,5.20,33.33,5.69,44.44,40,33.57,60,42.31
浜名湖,9,一般特選,5,3965,北中元樹,44,滋賀,58,A2,5.34,31.43,5.60,50.00,63,41.38,56,36.00
浜名湖,9,一般特選,6,4327,加藤　翔,40,静岡,53,B1,4.24,20.21,4.52,25.71,50,31.34,23,32.14
浜名湖,10,選抜戦,1,3596,河上年昭,54,埼玉,56,B1,4.89,27.50,4.00,15.15,9,38.46,62,57.69
浜名湖,10,選抜戦,2,4154,森安弘雅,43,香川,52,A2,4.72,25.00,6.27,26.67,24,35.21,37,15.15
浜名湖,10,選抜戦,3,3813,佐藤大介,47,愛知,55,A1,6.59,48.65,6.89,48.89,6,29.93,61,26.92
浜名湖,10,選抜戦,4,4486,野村　誠,37,群馬,52,A2,6.10,43.01,5.14,34.48,29,27.21,28,51.85
浜名湖,10,選抜戦,5,3910,松下知幸,50,香川,52,B1,4.18,15.66,2.00,0.00,51,25.22,32,35.71
浜名湖,10,選抜戦,6,4177,萬　正嗣,41,群馬,57,B1,4.52,28.05,5.00,29.63,43,28.07,19,23.33
浜名湖,11,選抜戦,1,5066,鈴木孝明,25,埼玉,55,A2,6.04,41.07,5.60,35.00,31,26.40,13,44.44
浜名湖,11,選抜戦,2,3849,中岡正彦,46,香川,53,A1,6.67,55.00,8.83,66.67,39,39.72,75,40.00
浜名湖,11,選抜戦,3,3458,東　健介,57,岡山,54,B1,3.98,20.00,5.00,25.00,13,38.69,26,26.92
浜名湖,11,選抜戦,4,3769,佐竹恒彦,50,滋賀,53,A2,4.82,24.66,5.10,30.77,20,49.64,52,44.83
浜名湖,11,選抜戦,5,3550,都築正治,52,愛知,55,B1,5.51,37.50,6.02,44.57,41,28.68,44,33.33
浜名湖,11,選抜戦,6,4103,山崎善庸,44,埼玉,54,B1,4.57,24.42,4.40,17.14,18,40.28,57,37.04
浜名湖,12,優勝戦,1,3070,山室展弘,62,岡山,50,A2,6.39,51.90,6.00,50.00,3,35.14,38,21.43
浜名湖,12,優勝戦,2,4290,稲田浩二,39,兵庫,51,A1,6.68,44.90,5.71,35.29,59,41.55,34,25.00
浜名湖,12,優勝戦,3,3613,角谷健吾,50,東京,52,A2,6.35,48.70,6.36,50.56,12,50.00,20,22.22
浜名湖,12,優勝戦,4,4012,中村有裕,44,滋賀,58,A2,5.63,41.25,6.00,45.45,61,25.00,39,25.93
浜名湖,12,優勝戦,5,4033,伊藤将吉,45,静岡,52,A1,6.71,53.17,6.29,47.06,55,26.32,48,21.21
浜名湖,12,優勝戦,6,3442,宮武英司,54,香川,55,A2,4.98,28.26,4.78,22.22,27,27.01,65,33.33
平和島,1,一般,1,3993,永井聖美,44,東京,49,A2,4.73,22.22,6.50,50.00,13,38.54,12,35.42
平和島,1,一般,2,3516,吉原聖人,56,広島,53,B1,3.63,9.38,0.00,0.00,74,24.49,45,37.61
平和島,1,一般,3,3065,増田弘喜,64,埼玉,56,B1,4.34,17.24,4.20,18.42,66,32.99,37,40.86
平和島,1,一般,4,3538,菊池峰晴,55,群馬,54,A2,5.01,28.57,5.78,34.92,63,31.07,25,35.29
平和島,1,一般,5,3977,山本兼士,46,大阪,50,B1,5.08,31.52,3.71,0.00,32,36.27,38,37.11
平和島,1,一般,6,2538,高橋二朗,74,東京,50,B1,3.51,11.36,4.67,24.11,43,34.04,73,37.35
平和島,2,一般,1,3696,白井友晴,51,埼玉,53,B1,4.86,24.69,6.24,42.22,14,42.16,27,29.91
平和島,2,一般,2,4788,小池哲也,34,大阪,54,A2,6.52,50.40,5.10,50.00,38,34.69,70,22.97
平和島,2,一般,3,4317,木村紗友,39,静岡,47,B1,4.87,30.49,4.47,26.32,11,43.16,20,22.00
平和島,2,一般,4,4123,細川裕子,42,愛知,46,A1,7.25,55.81,8.10,70.00,28,23.40,74,35.05
平和島,2,一般,5,3519,冨田秀幸,55,愛知,52,B1,4.70,21.35,4.85,25.00,36,37.11,32,41.88
平和島,2,一般,6,3642,大塚浩二,52,静岡,52,B1,4.30,17.50,4.83,27.78,19,29.00,69,26.67
平和島,3,一般,1,4183,宇野弥生,37,愛知,48,A1,5.72,38.66,5.90,45.00,56,16.49,24,37.62
平和島,3,一般,2,3315,広瀬聖仁,58,愛知,53,B1,5.16,32.95,4.82,31.11,30,33.33,49,33.64
平和島,3,一般,3,3748,小黒竜吾,48,埼玉,58,B1,3.65,14.08,3.63,12.50,50,25.49,21,39.66
平和島,3,一般,4,3853,岩崎正哉,51,福岡,57,A2,5.95,38.79,3.71,14.29,22,36.46,72,25.58
平和島,3,一般,5,4809,外崎　悟,34,埼玉,52,A2,6.07,41.75,5.86,39.29,44,27.72,18,30.56
平和島,3,一般,6,5320,岩崎麗子,22,群馬,50,B2,1.14,0.00,0.00,0.00,72,33.33,11,44.44
平和島,4,一般,1,4929,梅内夕貴,28,東京,47,B2,2.29,6.67,2.76,8.00,16,50.98,30,30.97
平和島,4,一般,2,4903,吉田凌太,30,愛知,50,A1,6.25,49.15,5.89,44.44,64,28.16,36,35.63
平和島,4,一般,3,4422,永井亮次,35,大阪,53,B1,4.18,22.37,4.57,21.74,45,27.45,13,29.81
平和島,4,一般,4,4887,富澤祐作,37,群馬,55,A2,4.98,31.58,4.92,27.45,34,36.36,28,37.00
平和島,4,一般,5,3507,藤井　徹,52,大阪,52,B1,4.51,23.08,5.53,42.50,55,38.61,71,29.03
平和島,4,一般,6,3740,大澤普司,49,群馬,55,A2,6.64,53.15,6.14,42.47,54,29.41,35,32.74
平和島,5,一般,1,4345,西舘　健,38,東京,56,B1,5.36,35.87,5.05,31.25,23,41.41,47,44.44
平和島,5,一般,2,5006,久保原秀,27,群馬,55,B1,3.92,16.09,3.33,8.33,58,35.05,23,33.94
平和島,5,一般,3,4539,金子賢志,33,群馬,52,A2,5.53,37.25,6.35,49.30,41,19.79,44,34.38
平和島,5,一般,4,4731,間野兼礼,34,愛知,53,B1,5.10,31.87,5.35,30.23,24,21.21,40,30.61
平和島,5,一般,5,4596,葛原大陽,40,徳島,52,A2,5.71,40.48,0.00,0.00,27,28.71,68,34.04
平和島,5,一般,6,3995,重野哲之,44,静岡,56,A1,6.15,43.75,5.56,37.21,57,40.38,22,33.94
平和島,6,一般,1,4708,半田尚也,34,広島,56,B1,4.32,18.18,0.00,0.00,62,29.29,33,32.08
平和島,6,一般,2,3771,折下寛法,49,東京,51,A2,5.79,36.27,5.66,29.69,35,37.62,16,33.98
平和島,6,一般,3,4478,櫻本あゆ,35,群馬,49,A2,6.00,44.44,6.23,43.59,75,32.00,39,32.61
平和島,6,一般,4,3696,白井友晴,51,埼玉,53,B1,4.86,24.69,6.24,42.22,14,42.16,27,29.91
平和島,6,一般,5,4044,湯川浩司,44,大阪,52,A1,6.67,46.46,6.63,45.83,73,49.02,34,34.26
平和島,6,一般,6,4097,貫地谷直,41,広島,56,B1,4.39,21.52,5.00,28.57,26,27.27,29,26.92
平和島,7,一般,1,4124,池田雄一,41,静岡,52,A1,6.50,49.53,6.00,44.44,46,28.57,19,30.38
平和島,7,一般,2,3977,山本兼士,46,大阪,50,B1,5.08,31.52,3.71,0.00,32,36.27,38,37.11
平和島,7,一般,3,4464,山下友貴,37,静岡,44,B1,5.39,31.76,6.10,52.38,49,21.05,48,31.25
平和島,7,一般,4,4771,下寺秀和,30,広島,53,A2,5.82,39.13,0.00,0.00,53,30.21,41,43.27
平和島,7,一般,5,3841,佐々木和,47,徳島,55,A1,6.20,49.56,0.00,0.00,48,53.98,31,30.53
平和島,7,一般,6,3536,一色雅昭,57,愛知,56,B1,3.58,17.31,4.37,20.00,70,33.66,10,23.47
平和島,8,一般,1,3538,菊池峰晴,55,群馬,54,A2,5.01,28.57,5.78,34.92,63,31.07,25,35.29
平和島,8,一般,2,3507,藤井　徹,52,大阪,52,B1,4.51,23.08,5.53,42.50,55,38.61,71,29.03
平和島,8,一般,3,4513,河野真也,34,福岡,52,A2,5.54,37.39,5.78,44.44,65,36.27,17,40.00
平和島,8,一般,4,3546,中里昌志,54,埼玉,52,B1,4.21,17.78,4.54,23.53,18,27.08,75,37.50
平和島,8,一般,5,3516,吉原聖人,56,広島,53,B1,3.63,9.38,0.00,0.00,74,24.49,45,37.61
平和島,8,一般,6,3966,作間　章,44,東京,53,A1,6.05,37.98,6.46,46.23,29,46.53,43,22.77
平和島,9,一般特賞,1,4123,細川裕子,42,愛知,46,A1,7.25,55.81,8.10,70.00,28,23.40,74,35.05
平和島,9,一般特賞,2,4596,葛原大陽,40,徳島,52,A2,5.71,40.48,0.00,0.00,27,28.71,68,34.04
平和島,9,一般特賞,3,4952,吉武真也,29,福岡,52,B1,4.21,17.81,0.00,0.00,10,35.48,15,19.51
平和島,9,一般特賞,4,3993,永井聖美,44,東京,49,A2,4.73,22.22,6.50,50.00,13,38.54,12,35.42
平和島,9,一般特賞,5,4788,小池哲也,34,大阪,54,A2,6.52,50.40,5.10,50.00,38,34.69,70,22.97
平和島,9,一般特賞,6,3542,清水紀克,55,愛知,57,B1,4.16,19.39,4.35,26.47,17,38.61,14,41.96
平和島,10,準優勝戦,1,3995,重野哲之,44,静岡,56,A1,6.15,43.75,5.56,37.21,57,40.38,22,33.94
平和島,10,準優勝戦,2,4044,湯川浩司,44,大阪,52,A1,6.67,46.46,6.63,45.83,73,49.02,34,34.26
平和島,10,準優勝戦,3,4887,富澤祐作,37,群馬,55,A2,4.98,31.58,4.92,27.45,34,36.36,28,37.00
平和島,10,準優勝戦,4,4539,金子賢志,33,群馬,52,A2,5.53,37.25,6.35,49.30,41,19.79,44,34.38
平和島,10,準優勝戦,5,4903,吉田凌太,30,愛知,50,A1,6.25,49.15,5.89,44.44,64,28.16,36,35.63
平和島,10,準優勝戦,6,4183,宇野弥生,37,愛知,48,A1,5.72,38.66,5.90,45.00,56,16.49,24,37.62
平和島,11,準優勝戦,1,3740,大澤普司,49,群馬,55,A2,6.64,53.15,6.14,42.47,54,29.41,35,32.74
平和島,11,準優勝戦,2,3841,佐々木和,47,徳島,55,A1,6.20,49.56,0.00,0.00,48,53.98,31,30.53
平和島,11,準優勝戦,3,3853,岩崎正哉,51,福岡,57,A2,5.95,38.79,3.71,14.29,22,36.46,72,25.58
平和島,11,準優勝戦,4,4478,櫻本あゆ,35,群馬,49,A2,6.00,44.44,6.23,43.59,75,32.00,39,32.61
平和島,11,準優勝戦,5,3771,折下寛法,49,東京,51,A2,5.79,36.27,5.66,29.69,35,37.62,16,33.98
平和島,11,準優勝戦,6,4124,池田雄一,41,静岡,52,A1,6.50,49.53,6.00,44.44,46,28.57,19,30.38
平和島,12,準優勝戦,1,3966,作間　章,44,東京,53,A1,6.05,37.98,6.46,46.23,29,46.53,43,22.77
平和島,12,準優勝戦,2,4809,外崎　悟,34,埼玉,52,A2,6.07,41.75,5.86,39.29,44,27.72,18,30.56
平和島,12,準優勝戦,3,4771,下寺秀和,30,広島,53,A2,5.82,39.13,0.00,0.00,53,30.21,41,43.27
平和島,12,準優勝戦,4,4513,河野真也,34,福岡,52,A2,5.54,37.39,5.78,44.44,65,36.27,17,40.00
平和島,12,準優勝戦,5,3315,広瀬聖仁,58,愛知,53,B1,5.16,32.95,4.82,31.11,30,33.33,49,33.64
平和島,12,準優勝戦,6,4708,半田尚也,34,広島,56,B1,4.32,18.18,0.00,0.00,62,29.29,33,32.08
江戸川,1,予選,1,4169,多田有佑,41,東京,56,B1,4.73,27.84,4.26,24.73,51,40.63,59,34.81
江戸川,1,予選,2,5130,上野拓馬,25,三重,52,B1,4.26,15.38,3.24,9.68,23,20.80,15,33.82
江戸川,1,予選,3,4270,岸本雄貴,41,三重,62,B1,3.61,14.12,4.00,28.57,25,29.23,29,19.53
江戸川,1,予選,4,5183,中野孝二,25,三重,54,B1,4.56,22.86,3.07,14.63,21,33.07,38,28.79
江戸川,1,予選,5,5290,坂本一真,22,東京,56,B2,1.35,0.00,1.86,0.00,54,30.25,43,29.41
江戸川,1,予選,6,5301,岩下巧斗,21,群馬,52,B2,2.16,1.64,2.09,0.00,32,36.64,58,26.23
江戸川,2,予選,1,4618,乃村康友,40,三重,55,B1,5.35,32.71,4.79,32.14,10,45.19,62,40.91
江戸川,2,予選,2,4550,石岡将太,35,群馬,57,B1,4.46,18.46,5.81,47.22,17,31.58,66,33.33
江戸川,2,予選,3,4466,南　佑典,37,三重,52,B1,5.29,33.33,5.81,42.31,30,32.06,45,48.03
江戸川,2,予選,4,3850,小川知行,51,群馬,53,B1,4.40,26.04,5.84,39.50,35,26.87,48,32.09
江戸川,2,予選,5,4049,荒川健太,43,三重,57,A2,6.15,39.64,5.82,41.03,68,22.31,49,38.69
江戸川,2,予選,6,4615,板倉敦史,43,東京,53,B1,4.33,18.95,4.63,25.22,59,35.34,63,37.78
江戸川,3,予選,1,4407,鹿島敏弘,37,群馬,57,B1,5.20,27.45,5.68,33.02,66,27.69,50,28.13
江戸川,3,予選,2,4420,津久井拓,36,群馬,54,A2,5.85,41.35,5.91,38.89,16,37.50,25,22.48
江戸川,3,予選,3,3653,品川賢次,50,群馬,55,B1,4.83,18.45,5.50,34.62,11,48.09,10,33.85
江戸川,3,予選,4,4245,高橋直哉,42,東京,53,B1,4.66,25.61,5.43,33.65,13,35.16,40,35.07
江戸川,3,予選,5,4438,森作雄大,37,東京,52,A2,5.59,37.50,5.38,32.08,64,38.52,11,38.17
江戸川,3,予選,6,5275,松田淳平,21,三重,54,B1,3.18,8.86,3.40,10.00,40,34.88,65,31.01
江戸川,4,予選,1,4431,石塚裕介,37,三重,52,B1,5.38,28.38,5.47,38.33,34,30.37,27,36.50
江戸川,4,予選,2,4645,上村純一,43,群馬,53,A2,6.24,46.22,5.80,40.00,27,43.65,56,34.85
江戸川,4,予選,3,3277,齋藤　勇,57,東京,51,B1,4.45,21.88,5.38,34.09,41,32.06,26,39.34
江戸川,4,予選,4,5065,伊久間陽,25,群馬,54,B1,4.67,31.82,4.11,28.57,22,28.57,31,25.58
江戸川,4,予選,5,3475,橋本久和,53,群馬,52,A2,5.71,39.25,6.02,43.68,19,34.62,21,41.94
江戸川,4,予選,6,3392,小森信雄,58,三重,53,B1,4.54,25.30,5.70,40.00,70,39.37,67,25.64
江戸川,5,予選,1,3790,佐口達也,51,群馬,54,B1,4.66,25.00,6.37,47.37,14,44.62,30,35.11
江戸川,5,予選,2,3256,三角哲男,56,東京,51,A1,6.57,51.18,6.33,41.43,24,21.05,69,41.18
江戸川,5,予選,3,3602,奥平拓也,53,東京,51,B1,3.99,14.94,5.87,41.08,36,44.53,55,33.33
江戸川,5,予選,4,4888,金児隆太,36,群馬,51,A2,5.57,33.00,5.63,38.46,20,31.06,70,39.20
江戸川,5,予選,5,5234,塚越海斗,25,群馬,54,B1,4.50,23.30,2.63,0.00,58,28.23,51,24.60
江戸川,5,予選,6,5183,中野孝二,25,三重,54,B1,4.56,22.86,3.07,14.63,21,33.07,38,28.79
江戸川,6,予選,1,3619,長谷川充,50,群馬,52,B1,4.80,23.76,5.57,40.74,45,26.52,17,38.46
江戸川,6,予選,2,4824,松井洪弥,30,三重,52,A2,6.46,46.67,6.40,57.14,63,28.57,13,30.47
江戸川,6,予選,3,5141,大澤風葵,22,群馬,53,A1,6.39,46.77,3.61,5.56,26,28.79,16,35.56
江戸川,6,予選,4,4615,板倉敦史,43,東京,53,B1,4.33,18.95,4.63,25.22,59,35.34,63,37.78
江戸川,6,予選,5,5010,宇留田翔,26,三重,56,B1,5.03,31.73,3.35,16.67,28,24.60,39,39.26
江戸川,6,予選,6,4358,松本庸平,39,三重,52,B1,3.89,21.69,5.18,34.21,47,23.62,60,32.80
江戸川,7,予選,1,3569,増田　進,52,東京,54,B1,4.06,10.45,5.44,33.33,55,28.46,52,41.30
江戸川,7,予選,2,4470,平田健之,36,三重,53,B1,5.58,28.70,5.72,36.11,31,37.31,71,37.40
江戸川,7,予選,3,4407,鹿島敏弘,37,群馬,57,B1,5.20,27.45,5.68,33.02,66,27.69,50,28.13
江戸川,7,予選,4,5290,坂本一真,22,東京,56,B2,1.35,0.00,1.86,0.00,54,30.25,43,29.41
江戸川,7,予選,5,4754,松尾　充,35,三重,49,A2,6.05,40.31,5.04,41.67,37,36.57,54,25.62
江戸川,7,予選,6,4813,宮内直哉,33,東京,52,B1,4.30,23.68,4.65,28.32,29,38.64,12,38.03
江戸川,8,予選,1,5065,伊久間陽,25,群馬,54,B1,4.67,31.82,4.11,28.57,22,28.57,31,25.58
江戸川,8,予選,2,4077,品田直樹,45,東京,50,B1,4.38,21.57,5.67,38.30,50,25.98,36,27.78
江戸川,8,予選,3,5130,上野拓馬,25,三重,52,B1,4.26,15.38,3.24,9.68,23,20.80,15,33.82
江戸川,8,予選,4,3827,今泉　徹,50,群馬,52,B1,4.54,22.00,4.16,16.22,43,32.58,28,35.34
江戸川,8,予選,5,4797,中山　将,31,三重,53,A2,6.07,46.90,3.89,11.11,38,23.88,22,36.64
江戸川,8,予選,6,4438,森作雄大,37,東京,52,A2,5.59,37.50,5.38,32.08,64,38.52,11,38.17
江戸川,9,予選特賞,1,4049,荒川健太,43,三重,57,A2,6.15,39.64,5.82,41.03,68,22.31,49,38.69
江戸川,9,予選特賞,2,3303,渡辺　豊,56,東京,54,A2,6.39,42.11,6.13,47.16,46,40.15,47,33.08
江戸川,9,予選特賞,3,5234,塚越海斗,25,群馬,54,B1,4.50,23.30,2.63,0.00,58,28.23,51,24.60
江戸川,9,予選特賞,4,3392,小森信雄,58,三重,53,B1,4.54,25.30,5.70,40.00,70,39.37,67,25.64
江戸川,9,予選特賞,5,4420,津久井拓,36,群馬,54,A2,5.85,41.35,5.91,38.89,16,37.50,25,22.48
江戸川,9,予選特賞,6,4270,岸本雄貴,41,三重,62,B1,3.61,14.12,4.00,28.57,25,29.23,29,19.53
江戸川,10,予選特賞,1,4748,渡邉雄朗,37,東京,53,A2,6.02,47.41,6.34,46.53,39,32.62,37,36.29
江戸川,10,予選特賞,2,3655,本橋克洋,50,群馬,54,A2,5.56,37.19,6.64,50.00,53,42.75,23,28.57
江戸川,10,予選特賞,3,4618,乃村康友,40,三重,55,B1,5.35,32.71,4.79,32.14,10,45.19,62,40.91
江戸川,10,予選特賞,4,4645,上村純一,43,群馬,53,A2,6.24,46.22,5.80,40.00,27,43.65,56,34.85
江戸川,10,予選特賞,5,3790,佐口達也,51,群馬,54,B1,4.66,25.00,6.37,47.37,14,44.62,30,35.11
江戸川,10,予選特賞,6,5010,宇留田翔,26,三重,56,B1,5.03,31.73,3.35,16.67,28,24.60,39,39.26
江戸川,11,予選特選,1,4824,松井洪弥,30,三重,52,A2,6.46,46.67,6.40,57.14,63,28.57,13,30.47
江戸川,11,予選特選,2,4245,高橋直哉,42,東京,53,B1,4.66,25.61,5.43,33.65,13,35.16,40,35.07
江戸川,11,予選特選,3,3256,三角哲男,56,東京,51,A1,6.57,51.18,6.33,41.43,24,21.05,69,41.18
江戸川,11,予選特選,4,3569,増田　進,52,東京,54,B1,4.06,10.45,5.44,33.33,55,28.46,52,41.30
江戸川,11,予選特選,5,4550,石岡将太,35,群馬,57,B1,4.46,18.46,5.81,47.22,17,31.58,66,33.33
江戸川,11,予選特選,6,3475,橋本久和,53,群馬,52,A2,5.71,39.25,6.02,43.68,19,34.62,21,41.94
江戸川,12,記者選抜戦,1,5141,大澤風葵,22,群馬,53,A1,6.39,46.77,3.61,5.56,26,28.79,16,35.56
江戸川,12,記者選抜戦,2,4466,南　佑典,37,三重,52,B1,5.29,33.33,5.81,42.31,30,32.06,45,48.03
江戸川,12,記者選抜戦,3,4888,金児隆太,36,群馬,51,A2,5.57,33.00,5.63,38.46,20,31.06,70,39.20
江戸川,12,記者選抜戦,4,3653,品川賢次,50,群馬,55,B1,4.83,18.45,5.50,34.62,11,48.09,10,33.85
江戸川,12,記者選抜戦,5,4813,宮内直哉,33,東京,52,B1,4.30,23.68,4.65,28.32,29,38.64,12,38.03
江戸川,12,記者選抜戦,6,3863,海老澤泰,49,東京,56,A2,4.72,27.27,6.08,44.58,52,43.44,18,36.15
戸田,1,予選,1,3808,秋田健太,48,埼玉,61,B1,3.61,7.79,4.38,22.97,58,7.58,64,23.71
戸田,1,予選,2,4243,西村　歩,37,大阪,48,B1,6.32,46.74,5.00,33.33,48,36.90,34,43.82
戸田,1,予選,3,5031,渡辺空依,26,福岡,54,B1,3.96,22.45,2.33,0.00,40,33.72,37,51.90
戸田,1,予選,4,3537,田山和広,55,福岡,60,B1,3.24,5.56,0.00,0.00,15,28.95,15,24.47
戸田,1,予選,5,4006,小野勇作,45,佐賀,51,B1,4.91,29.35,5.47,41.18,47,41.86,22,14.61
戸田,1,予選,6,5314,中曽瑠華,23,東京,47,B2,0.88,0.00,0.00,0.00,54,44.21,71,28.17
戸田,2,予選,1,4201,佐竹友樹,41,埼玉,52,B1,5.00,27.00,5.31,34.88,61,47.56,28,35.14
戸田,2,予選,2,5140,吉田彩乃,23,静岡,48,B1,3.31,7.69,3.64,18.18,60,32.91,54,32.39
戸田,2,予選,3,4515,藤田浩人,37,佐賀,54,A2,5.75,41.41,0.00,0.00,6,36.67,25,37.21
戸田,2,予選,4,4995,田邉亮蔵,32,東京,55,B1,4.42,26.03,3.15,10.00,4,24.69,67,27.50
戸田,2,予選,5,3202,三品隆浩,58,東京,54,B1,4.46,21.18,4.76,26.67,50,40.21,17,36.71
戸田,2,予選,6,4786,佐藤博亮,35,愛知,54,A2,6.76,56.70,5.57,30.43,52,30.56,41,34.85
戸田,3,予選,1,4222,山口高志,42,佐賀,51,B1,5.28,38.75,3.29,28.57,13,19.72,52,45.12
戸田,3,予選,2,3207,田村美和,58,東京,53,B1,4.36,25.00,3.56,6.25,7,32.94,39,40.51
戸田,3,予選,3,4046,谷村啓司,44,福岡,54,B1,3.53,9.21,2.67,0.00,19,48.31,40,40.54
戸田,3,予選,4,3347,矢後　剛,56,東京,57,A2,5.08,27.59,0.00,0.00,1,25.00,31,22.73
戸田,3,予選,5,4230,濱崎直矢,40,埼玉,55,A1,5.08,28.24,5.88,37.50,8,44.19,76,29.89
戸田,3,予選,6,4035,杉江浩明,45,愛知,51,B1,4.06,21.21,4.85,33.33,57,25.32,26,29.27
戸田,4,予選,1,4747,山戸信二,38,長崎,52,B1,3.70,15.00,0.00,0.00,10,21.52,73,27.38
戸田,4,予選,2,5101,表　健太,27,福岡,54,B1,3.35,15.38,0.00,0.00,12,42.11,30,31.82
戸田,4,予選,3,4240,今井裕梨,39,群馬,45,A2,5.58,38.37,5.22,34.78,62,20.45,48,38.71
戸田,4,予選,4,4260,中越博紀,39,香川,53,A2,5.69,37.19,0.00,0.00,55,27.16,50,41.56
戸田,4,予選,5,4294,古賀繁輝,37,佐賀,56,A1,7.15,53.57,6.11,33.33,59,26.58,32,40.85
戸田,4,予選,6,4281,大澤大夢,40,埼玉,54,B1,5.48,37.50,5.20,31.69,17,23.86,63,39.02
戸田,5,ウインウイン,1,3907,村越　篤,45,香川,55,A2,5.81,40.00,5.88,50.00,2,23.23,62,38.27
戸田,5,ウインウイン,2,4487,三原　司,37,福岡,53,B1,4.27,17.44,2.89,0.00,22,33.33,68,45.95
戸田,5,ウインウイン,3,3293,宮内由紀,58,東京,52,B1,4.32,18.89,4.54,18.64,5,33.71,72,41.25
戸田,5,ウインウイン,4,4528,黒井達矢,35,埼玉,53,A1,6.48,50.82,7.17,52.26,53,28.95,42,33.72
戸田,5,ウインウイン,5,5314,中曽瑠華,23,東京,47,B2,0.88,0.00,0.00,0.00,54,44.21,71,28.17
戸田,5,ウインウイン,6,4110,小澤和也,43,埼玉,57,B1,4.73,25.51,5.23,34.26,65,36.46,38,41.25
戸田,6,予選,1,3690,河合三弘,53,愛知,52,B1,5.07,30.91,4.97,33.33,18,32.22,27,47.83
戸田,6,予選,2,3826,村田修次,50,東京,52,A2,5.78,38.33,6.82,46.43,14,31.65,77,24.00
戸田,6,予選,3,3656,伯母芳恒,50,東京,56,A2,4.65,29.03,3.90,25.00,11,47.52,60,17.17
戸田,6,予選,4,5140,吉田彩乃,23,静岡,48,B1,3.31,7.69,3.64,18.18,60,32.91,54,32.39
戸田,6,予選,5,5031,渡辺空依,26,福岡,54,B1,3.96,22.45,2.33,0.00,40,33.72,37,51.90
戸田,6,予選,6,4505,島田賢人,35,埼玉,55,A1,6.43,46.67,6.48,47.22,46,34.94,59,32.14
戸田,7,ウインウイン,1,3944,山口裕二,44,長崎,53,A1,5.75,35.64,0.00,0.00,20,49.02,57,24.72
戸田,7,ウインウイン,2,4046,谷村啓司,44,福岡,54,B1,3.53,9.21,2.67,0.00,19,48.31,40,40.54
戸田,7,ウインウイン,3,3808,秋田健太,48,埼玉,61,B1,3.61,7.79,4.38,22.97,58,7.58,64,23.71
戸田,7,ウインウイン,4,4697,國弘翔平,37,福岡,50,B1,4.00,19.23,4.17,33.33,64,32.61,70,43.08
戸田,7,ウインウイン,5,4201,佐竹友樹,41,埼玉,52,B1,5.00,27.00,5.31,34.88,61,47.56,28,35.14
戸田,7,ウインウイン,6,3885,久田　武,49,愛知,54,B1,6.01,41.03,5.78,41.67,39,19.74,58,36.36
戸田,8,予選,1,3207,田村美和,58,東京,53,B1,4.36,25.00,3.56,6.25,7,32.94,39,40.51
戸田,8,予選,2,3679,飯島昌弘,50,埼玉,53,A1,6.33,42.00,6.42,42.42,51,36.90,49,49.37
戸田,8,予選,3,3537,田山和広,55,福岡,60,B1,3.24,5.56,0.00,0.00,15,28.95,15,24.47
戸田,8,予選,4,5101,表　健太,27,福岡,54,B1,3.35,15.38,0.00,0.00,12,42.11,30,31.82
戸田,8,予選,5,4995,田邉亮蔵,32,東京,55,B1,4.42,26.03,3.15,10.00,4,24.69,67,27.50
戸田,8,予選,6,5045,平川香織,23,埼玉,47,A2,5.92,41.41,4.92,30.77,49,35.16,43,25.97
戸田,9,戸田特賞,1,3347,矢後　剛,56,東京,57,A2,5.08,27.59,0.00,0.00,1,25.00,31,22.73
戸田,9,戸田特賞,2,4294,古賀繁輝,37,佐賀,56,A1,7.15,53.57,6.11,33.33,59,26.58,32,40.85
戸田,9,戸田特賞,3,4273,佐藤　旭,41,静岡,53,B1,5.46,36.45,5.20,37.04,16,46.46,14,29.87
戸田,9,戸田特賞,4,3907,村越　篤,45,香川,55,A2,5.81,40.00,5.88,50.00,2,23.23,62,38.27
戸田,9,戸田特賞,5,4603,谷川将太,35,長崎,53,B1,4.56,23.53,0.00,0.00,56,40.24,16,43.84
戸田,9,戸田特賞,6,4515,藤田浩人,37,佐賀,54,A2,5.75,41.41,0.00,0.00,6,36.67,25,37.21
戸田,10,戸田特賞,1,4240,今井裕梨,39,群馬,45,A2,5.58,38.37,5.22,34.78,62,20.45,48,38.71
戸田,10,戸田特賞,2,4230,濱崎直矢,40,埼玉,55,A1,5.08,28.24,5.88,37.50,8,44.19,76,29.89
戸田,10,戸田特賞,3,4110,小澤和也,43,埼玉,57,B1,4.73,25.51,5.23,34.26,65,36.46,38,41.25
戸田,10,戸田特賞,4,3105,内山文典,60,東京,55,A2,5.33,33.33,4.80,21.95,63,23.94,19,30.23
戸田,10,戸田特賞,5,3826,村田修次,50,東京,52,A2,5.78,38.33,6.82,46.43,14,31.65,77,24.00
戸田,10,戸田特賞,6,3994,茶谷　桜,44,滋賀,45,B1,5.14,26.14,5.92,37.50,9,27.16,23,28.92
戸田,11,戸田特選,1,4260,中越博紀,39,香川,53,A2,5.69,37.19,0.00,0.00,55,27.16,50,41.56
戸田,11,戸田特選,2,4551,三川昂暁,35,福岡,52,B1,5.69,43.16,0.00,0.00,21,47.25,51,47.30
戸田,11,戸田特選,3,3944,山口裕二,44,長崎,53,A1,5.75,35.64,0.00,0.00,20,49.02,57,24.72
戸田,11,戸田特選,4,3293,宮内由紀,58,東京,52,B1,4.32,18.89,4.54,18.64,5,33.71,72,41.25
戸田,11,戸田特選,5,4505,島田賢人,35,埼玉,55,A1,6.43,46.67,6.48,47.22,46,34.94,59,32.14
戸田,11,戸田特選,6,4286,平田さや,39,東京,48,A2,5.43,32.43,5.65,39.22,3,27.06,24,35.00
戸田,12,記者選抜戦,1,4528,黒井達矢,35,埼玉,53,A1,6.48,50.82,7.17,52.26,53,28.95,42,33.72
戸田,12,記者選抜戦,2,4786,佐藤博亮,35,愛知,54,A2,6.76,56.70,5.57,30.43,52,30.56,41,34.85
戸田,12,記者選抜戦,3,3679,飯島昌弘,50,埼玉,53,A1,6.33,42.00,6.42,42.42,51,36.90,49,49.37
戸田,12,記者選抜戦,4,3885,久田　武,49,愛知,54,B1,6.01,41.03,5.78,41.67,39,19.74,58,36.36
戸田,12,記者選抜戦,5,4747,山戸信二,38,長崎,52,B1,3.70,15.00,0.00,0.00,10,21.52,73,27.38
戸田,12,記者選抜戦,6,3656,伯母芳恒,50,東京,56,A2,4.65,29.03,3.90,25.00,11,47.52,60,17.17
