日付,レース場,レース番号,舟券種,組合せ,払戻金
2023-01-27,大村,1,単勝,4,780
2023-01-27,大村,1,複勝,4,650
2023-01-27,大村,1,複勝,3,360
2023-01-27,大村,1,２連単,4-3,5590
2023-01-27,大村,1,２連複,3-4,1530
2023-01-27,大村,1,拡連複,3-4,140
2023-01-27,大村,1,３連単,4-3-1,7920
2023-01-27,大村,1,３連複,1-3-4,370
2023-01-27,大村,2,単勝,3,270
2023-01-27,大村,2,複勝,3,230
2023-01-27,大村,2,２連単,3-6,8240
2023-01-27,大村,2,２連複,3-6,5250
2023-01-27,大村,2,拡連複,3-6,970
2023-01-27,大村,2,３連単,3-6-5,14200
2023-01-27,大村,2,３連複,3-5-6,1200
2023-01-27,大村,3,単勝,5,560
2023-01-27,大村,3,複勝,5,150
2023-01-27,大村,3,複勝,3,150
2023-01-27,大村,3,２連単,5-3,3240
2023-01-27,大村,3,２連複,3-5,1010
2023-01-27,大村,3,拡連複,3-5,380
2023-01-27,大村,3,３連単,5-3-2,11730
2023-01-27,大村,3,３連複,2-3-5,1590
2023-01-27,大村,4,単勝,1,170
2023-01-27,大村,4,複勝,1,140
2023-01-27,大村,4,複勝,3,170
2023-01-27,大村,4,２連単,1-3,460
2023-01-27,大村,4,２連複,1-3,140
2023-01-27,大村,4,拡連複,1-3,200
2023-01-27,大村,4,３連単,1-3-2,1480
2023-01-27,大村,4,３連複,1-2-3,450
2023-01-27,大村,5,単勝,1,130
2023-01-27,大村,5,複勝,1,100
2023-01-27,大村,5,複勝,2,100
2023-01-27,大村,5,２連単,1-2,330
2023-01-27,大村,5,２連複,1-2,230
2023-01-27,大村,5,拡連複,1-2,140
2023-01-27,大村,5,３連単,1-2-5,1000
2023-01-27,大村,5,３連複,1-2-5,590
2023-01-27,大村,6,単勝,2,170
2023-01-27,大村,6,複勝,2,130
2023-01-27,大村,6,複勝,4,270
2023-01-27,大村,6,２連単,2-4,1040
2023-01-27,大村,6,２連複,2-4,1000
2023-01-27,大村,6,拡連複,2-4,160
2023-01-27,大村,6,３連単,2-4-1,2620
2023-01-27,大村,6,３連複,1-2-4,220
2023-01-27,唐津,1,単勝,1,100
2023-01-27,唐津,1,複勝,1,100
2023-01-27,唐津,1,複勝,2,140
2023-01-27,唐津,1,２連単,1-2,270
2023-01-27,唐津,1,２連複,1-2,320
2023-01-27,唐津,1,拡連複,1-2,140
2023-01-27,唐津,1,３連単,1-2-4,650
2023-01-27,唐津,1,３連複,1-2-4,360
2023-01-27,唐津,2,単勝,2,180
2023-01-27,唐津,2,複勝,2,100
2023-01-27,唐津,2,複勝,1,100
2023-01-27,唐津,2,２連単,2-1,340
2023-01-27,唐津,2,２連複,1-2,180
2023-01-27,唐津,2,拡連複,1-2,110
2023-01-27,唐津,2,３連単,2-1-3,760
2023-01-27,唐津,2,３連複,1-2-3,190
2023-01-27,唐津,3,単勝,3,230
2023-01-27,唐津,3,複勝,3,100
2023-01-27,唐津,3,複勝,1,100
2023-01-27,唐津,3,２連単,3-1,1010
2023-01-27,唐津,3,２連複,1-3,270
2023-01-27,唐津,3,拡連複,1-3,140
2023-01-27,唐津,3,３連単,3-1-6,3720
2023-01-27,唐津,3,３連複,1-3-6,830
2023-01-27,唐津,4,単勝,1,190
2023-01-27,唐津,4,複勝,1,100
2023-01-27,唐津,4,複勝,6,180
2023-01-27,唐津,4,２連単,1-6,550
2023-01-27,唐津,4,２連複,1-6,520
2023-01-27,唐津,4,拡連複,1-6,190
2023-01-27,唐津,4,３連単,1-6-3,1780
2023-01-27,唐津,4,３連複,1-3-6,710
2023-01-27,唐津,5,単勝,1,170
2023-01-27,唐津,5,複勝,1,130
2023-01-27,唐津,5,複勝,3,360
2023-01-27,唐津,5,２連単,1-3,790
2023-01-27,唐津,5,２連複,1-3,590
2023-01-27,唐津,5,拡連複,1-3,290
2023-01-27,唐津,5,３連単,1-3-4,2470
2023-01-27,唐津,5,３連複,1-3-4,830
2023-01-27,唐津,6,単勝,1,120
2023-01-27,唐津,6,複勝,1,100
2023-01-27,唐津,6,複勝,3,100
2023-01-27,唐津,6,２連単,1-3,330
2023-01-27,唐津,6,２連複,1-3,230
2023-01-27,唐津,6,拡連複,1-3,160
2023-01-27,唐津,6,３連単,1-3-6,1090
2023-01-27,唐津,6,３連複,1-3-6,490
2023-01-27,唐津,7,単勝,2,260
2023-01-27,唐津,7,複勝,2,200
2023-01-27,唐津,7,複勝,6,140
2023-01-27,唐津,7,２連単,2-6,1000
2023-01-27,唐津,7,２連複,2-6,400
2023-01-27,唐津,7,拡連複,2-6,170
2023-01-27,唐津,7,３連単,2-6-1,3630
2023-01-27,唐津,7,３連複,1-2-6,550
2023-01-27,唐津,8,単勝,2,450
2023-01-27,唐津,8,複勝,2,490
2023-01-27,唐津,8,複勝,1,490
2023-01-27,唐津,8,２連単,2-1,2530
2023-01-27,唐津,8,２連複,1-2,620
2023-01-27,唐津,8,拡連複,1-2,350
2023-01-27,唐津,8,３連単,2-1-3,4970
2023-01-27,唐津,8,３連複,1-2-3,590
2023-01-27,唐津,9,単勝,1,150
2023-01-27,唐津,9,複勝,1,100
2023-01-27,唐津,9,複勝,6,180
2023-01-27,唐津,9,２連単,1-6,1200
2023-01-27,唐津,9,２連複,1-6,1530
2023-01-27,唐津,9,拡連複,1-6,170
2023-01-27,唐津,9,３連単,1-6-2,4270
2023-01-27,唐津,9,３連複,1-2-6,630
2023-01-27,唐津,10,単勝,1,100
2023-01-27,唐津,10,複勝,1,100
2023-01-27,唐津,10,複勝,2,160
2023-01-27,唐津,10,２連単,1-2,280
2023-01-27,唐津,10,２連複,1-2,310
2023-01-27,唐津,10,拡連複,1-2,170
2023-01-27,唐津,10,３連単,1-2-3,870
2023-01-27,唐津,10,３連複,1-2-3,480
2023-01-27,唐津,11,単勝,2,790
2023-01-27,唐津,11,複勝,2,100
2023-01-27,唐津,11,複勝,3,150
2023-01-27,唐津,11,２連単,2-3,730
2023-01-27,唐津,11,２連複,2-3,340
2023-01-27,唐津,11,拡連複,2-3,210
2023-01-27,唐津,11,３連単,2-3-4,3790
2023-01-27,唐津,11,３連複,2-3-4,1870
2023-01-27,唐津,12,単勝,2,830
2023-01-27,唐津,12,複勝,2,180
2023-01-27,唐津,12,複勝,4,160
2023-01-27,唐津,12,２連単,2-4,2830
2023-01-27,唐津,12,２連複,2-4,1240
2023-01-27,唐津,12,拡連複,2-4,370
2023-01-27,唐津,12,３連単,2-4-1,8760
2023-01-27,唐津,12,３連複,1-2-4,730
2023-01-27,福岡,1,単勝,1,100
2023-01-27,福岡,1,複勝,1,100
2023-01-27,福岡,1,複勝,2,110
2023-01-27,福岡,1,２連単,1-2,350
2023-01-27,福岡,1,２連複,1-2,270
2023-01-27,福岡,1,拡連複,1-2,160
2023-01-27,福岡,1,３連単,1-2-3,560
2023-01-27,福岡,1,３連複,1-2-3,300
2023-01-27,福岡,2,単勝,1,160
2023-01-27,福岡,2,複勝,1,100
2023-01-27,福岡,2,複勝,3,240
2023-01-27,福岡,2,２連単,1-3,470
2023-01-27,福岡,2,２連複,1-3,290
2023-01-27,福岡,2,拡連複,1-3,170
2023-01-27,福岡,2,３連単,1-3-4,1180
2023-01-27,福岡,2,３連複,1-3-4,440
2023-01-27,福岡,3,単勝,1,230
2023-01-27,福岡,3,複勝,1,190
2023-01-27,福岡,3,複勝,2,310
2023-01-27,福岡,3,２連単,1-2,1140
2023-01-27,福岡,3,２連複,1-2,1340
2023-01-27,福岡,3,拡連複,1-2,370
2023-01-27,福岡,3,３連単,1-2-5,5660
2023-01-27,福岡,3,３連複,1-2-5,2010
2023-01-27,福岡,4,単勝,1,200
2023-01-27,福岡,4,複勝,1,120
2023-01-27,福岡,4,複勝,3,280
2023-01-27,福岡,4,２連単,1-3,490
2023-01-27,福岡,4,２連複,1-3,500
2023-01-27,福岡,4,拡連複,1-3,190
2023-01-27,福岡,4,３連単,1-3-2,1710
2023-01-27,福岡,4,３連複,1-2-3,510
2023-01-27,福岡,5,単勝,3,100
2023-01-27,福岡,5,複勝,3,100
2023-01-27,福岡,5,複勝,2,150
2023-01-27,福岡,5,２連単,3-2,510
2023-01-27,福岡,5,２連複,2-3,490
2023-01-27,福岡,5,拡連複,2-3,150
2023-01-27,福岡,5,３連単,3-2-6,1080
2023-01-27,福岡,5,３連複,2-3-6,420
2023-01-27,福岡,6,単勝,2,180
2023-01-27,福岡,6,複勝,2,100
2023-01-27,福岡,6,複勝,1,130
2023-01-27,福岡,6,２連単,2-1,300
2023-01-27,福岡,6,２連複,1-2,120
2023-01-27,福岡,6,拡連複,1-2,130
2023-01-27,福岡,6,３連単,2-1-3,800
2023-01-27,福岡,6,３連複,1-2-3,170
2023-01-27,福岡,7,単勝,6,100
2023-01-27,福岡,7,複勝,6,100
2023-01-27,福岡,7,複勝,1,230
2023-01-27,福岡,7,２連単,6-1,400
2023-01-27,福岡,7,２連複,1-6,260
2023-01-27,福岡,7,拡連複,1-6,160
2023-01-27,福岡,7,３連単,6-1-2,1170
2023-01-27,福岡,7,３連複,1-2-6,430
2023-01-27,福岡,8,単勝,1,120
2023-01-27,福岡,8,複勝,1,100
2023-01-27,福岡,8,複勝,2,180
2023-01-27,福岡,8,２連単,1-2,330
2023-01-27,福岡,8,２連複,1-2,250
2023-01-27,福岡,8,拡連複,1-2,200
2023-01-27,福岡,8,３連単,1-2-4,970
2023-01-27,福岡,8,３連複,1-2-4,270
2023-01-27,福岡,9,単勝,5,1200
2023-01-27,福岡,9,複勝,5,170
2023-01-27,福岡,9,複勝,2,330
2023-01-27,福岡,9,２連単,5-2,6840
2023-01-27,福岡,9,２連複,2-5,3150
2023-01-27,福岡,9,拡連複,2-5,800
2023-01-27,福岡,9,３連単,5-2-1,33640
2023-01-27,福岡,9,３連複,1-2-5,1470
2023-01-27,福岡,10,単勝,1,130
2023-01-27,福岡,10,複勝,1,100
2023-01-27,福岡,10,複勝,2,100
2023-01-27,福岡,10,２連単,1-2,220
2023-01-27,福岡,10,２連複,1-2,140
2023-01-27,福岡,10,拡連複,1-2,110
2023-01-27,福岡,10,３連単,1-2-3,460
2023-01-27,福岡,10,３連複,1-2-3,260
2023-01-27,福岡,11,単勝,3,330
2023-01-27,福岡,11,複勝,3,100
2023-01-27,福岡,11,複勝,1,100
2023-01-27,福岡,11,２連単,3-1,850
2023-01-27,福岡,11,２連複,1-3,180
2023-01-27,福岡,11,拡連複,1-3,130
2023-01-27,福岡,11,３連単,3-1-4,5530
2023-01-27,福岡,11,３連複,1-3-4,1470
2023-01-27,福岡,12,単勝,1,120
2023-01-27,福岡,12,複勝,1,100
2023-01-27,福岡,12,複勝,2,110
2023-01-27,福岡,12,２連単,1-2,410
2023-01-27,福岡,12,２連複,1-2,390
2023-01-27,福岡,12,拡連複,1-2,200
2023-01-27,福岡,12,３連単,1-2-5,3410
2023-01-27,福岡,12,３連複,1-2-5,2790
2023-01-27,下関,1,単勝,2,400
2023-01-27,下関,1,複勝,2,120
2023-01-27,下関,1,複勝,1,100
2023-01-27,下関,1,２連単,2-1,1130
2023-01-27,下関,1,２連複,1-2,280
2023-01-27,下関,1,拡連複,1-2,170
2023-01-27,下関,1,３連単,2-1-3,3100
2023-01-27,下関,1,３連複,1-2-3,640
2023-01-27,下関,2,単勝,1,190
2023-01-27,下関,2,複勝,1,200
2023-01-27,下関,2,複勝,2,260
2023-01-27,下関,2,２連単,1-2,300
2023-01-27,下関,2,２連複,1-2,430
2023-01-27,下関,2,拡連複,1-2,140
2023-01-27,下関,2,３連単,1-2-4,1130
2023-01-27,下関,2,３連複,1-2-4,340
2023-01-27,下関,3,単勝,3,210
2023-01-27,下関,3,複勝,3,130
2023-01-27,下関,3,複勝,4,230
2023-01-27,下関,3,２連単,3-4,1280
2023-01-27,下関,3,２連複,3-4,920
2023-01-27,下関,3,拡連複,3-4,340
2023-01-27,下関,3,３連単,3-4-1,2850
2023-01-27,下関,3,３連複,1-3-4,420
2023-01-27,下関,4,単勝,1,100
2023-01-27,下関,4,複勝,1,100
2023-01-27,下関,4,複勝,4,100
2023-01-27,下関,4,２連単,1-4,310
2023-01-27,下関,4,２連複,1-4,270
2023-01-27,下関,4,拡連複,1-4,100
2023-01-27,下関,4,３連単,1-4-6,770
2023-01-27,下関,4,３連複,1-4-6,390
2023-01-27,下関,5,単勝,1,250
2023-01-27,下関,5,複勝,1,130
2023-01-27,下関,5,複勝,6,190
2023-01-27,下関,5,２連単,1-6,800
2023-01-27,下関,5,２連複,1-6,660
2023-01-27,下関,5,拡連複,1-6,190
2023-01-27,下関,5,３連単,1-6-4,1520
2023-01-27,下関,5,３連複,1-4-6,240
2023-01-27,下関,6,単勝,1,160
2023-01-27,下関,6,複勝,1,120
2023-01-27,下関,6,複勝,4,260
2023-01-27,下関,6,２連単,1-4,890
2023-01-27,下関,6,２連複,1-4,640
2023-01-27,下関,6,拡連複,1-4,210
2023-01-27,下関,6,３連単,1-4-5,9250
2023-01-27,下関,6,３連複,1-4-5,5300
2023-01-27,下関,7,単勝,1,160
2023-01-27,下関,7,複勝,1,100
2023-01-27,下関,7,複勝,3,230
2023-01-27,下関,7,２連単,1-3,230
2023-01-27,下関,7,２連複,1-3,190
2023-01-27,下関,7,拡連複,1-3,130
2023-01-27,下関,7,３連単,1-3-5,1160
2023-01-27,下関,7,３連複,1-3-5,790
2023-01-27,下関,8,単勝,1,160
2023-01-27,下関,8,複勝,1,140
2023-01-27,下関,8,複勝,2,450
2023-01-27,下関,8,２連単,1-2,320
2023-01-27,下関,8,２連複,1-2,260
2023-01-27,下関,8,拡連複,1-2,130
2023-01-27,下関,8,３連単,1-2-4,720
2023-01-27,下関,8,３連複,1-2-4,270
2023-01-27,下関,9,単勝,1,100
2023-01-27,下関,9,複勝,1,120
2023-01-27,下関,9,複勝,2,110
2023-01-27,下関,9,２連単,1-2,220
2023-01-27,下関,9,２連複,1-2,220
2023-01-27,下関,9,拡連複,1-2,120
2023-01-27,下関,9,３連単,1-2-3,620
2023-01-27,下関,9,３連複,1-2-3,340
2023-01-27,下関,10,単勝,3,600
2023-01-27,下関,10,複勝,3,130
2023-01-27,下関,10,複勝,1,100
2023-01-27,下関,10,２連単,3-1,840
2023-01-27,下関,10,２連複,1-3,230
2023-01-27,下関,10,拡連複,1-3,190
2023-01-27,下関,10,３連単,3-1-6,9010
2023-01-27,下関,10,３連複,1-3-6,1850
2023-01-27,下関,11,単勝,1,100
2023-01-27,下関,11,複勝,1,100
2023-01-27,下関,11,複勝,2,180
2023-01-27,下関,11,２連単,1-2,320
2023-01-27,下関,11,２連複,1-2,320
2023-01-27,下関,11,拡連複,1-2,190
2023-01-27,下関,11,３連単,1-2-5,1520
2023-01-27,下関,11,３連複,1-2-5,1050
2023-01-27,下関,12,単勝,2,710
2023-01-27,下関,12,複勝,2,250
2023-01-27,下関,12,複勝,1,110
2023-01-27,下関,12,２連単,2-1,2450
2023-01-27,下関,12,２連複,1-2,290
2023-01-27,下関,12,拡連複,1-2,130
2023-01-27,下関,12,３連単,2-1-4,7430
2023-01-27,下関,12,３連複,1-2-4,320
2023-01-27,徳山,1,単勝,1,110
2023-01-27,徳山,1,複勝,1,100
2023-01-27,徳山,1,複勝,2,150
2023-01-27,徳山,1,２連単,1-2,240
2023-01-27,徳山,1,２連複,1-2,280
2023-01-27,徳山,1,拡連複,1-2,130
2023-01-27,徳山,1,３連単,1-2-3,880
2023-01-27,徳山,1,３連複,1-2-3,530
2023-01-27,徳山,2,単勝,1,240
2023-01-27,徳山,2,複勝,1,150
2023-01-27,徳山,2,複勝,3,200
2023-01-27,徳山,2,２連単,1-3,330
2023-01-27,徳山,2,２連複,1-3,220
2023-01-27,徳山,2,拡連複,1-3,140
2023-01-27,徳山,2,３連単,1-3-2,1520
2023-01-27,徳山,2,３連複,1-2-3,520
2023-01-27,徳山,3,単勝,3,810
2023-01-27,徳山,3,複勝,3,260
2023-01-27,徳山,3,複勝,1,130
2023-01-27,徳山,3,２連単,3-1,1750
2023-01-27,徳山,3,２連複,1-3,510
2023-01-27,徳山,3,拡連複,1-3,230
2023-01-27,徳山,3,３連単,3-1-4,6040
2023-01-27,徳山,3,３連複,1-3-4,1440
2023-01-27,徳山,4,単勝,4,1510
2023-01-27,徳山,4,複勝,4,660
2023-01-27,徳山,4,複勝,2,300
2023-01-27,徳山,4,２連単,4-2,13270
2023-01-27,徳山,4,２連複,2-4,4250
2023-01-27,徳山,4,拡連複,2-4,550
2023-01-27,徳山,4,３連単,4-2-6,124380
2023-01-27,徳山,4,３連複,2-4-6,20550
2023-01-27,徳山,5,単勝,1,160
2023-01-27,徳山,5,複勝,1,100
2023-01-27,徳山,5,複勝,2,140
2023-01-27,徳山,5,２連単,1-2,420
2023-01-27,徳山,5,２連複,1-2,380
2023-01-27,徳山,5,拡連複,1-2,120
2023-01-27,徳山,5,３連単,1-2-5,1220
2023-01-27,徳山,5,３連複,1-2-5,390
2023-01-27,徳山,6,単勝,1,200
2023-01-27,徳山,6,複勝,1,100
2023-01-27,徳山,6,複勝,2,130
2023-01-27,徳山,6,２連単,1-2,560
2023-01-27,徳山,6,２連複,1-2,220
2023-01-27,徳山,6,拡連複,1-2,180
2023-01-27,徳山,6,３連単,1-2-3,1350
2023-01-27,徳山,6,３連複,1-2-3,780
2023-01-27,徳山,7,単勝,6,2020
2023-01-27,徳山,7,複勝,6,1470
2023-01-27,徳山,7,複勝,4,250
2023-01-27,徳山,7,２連単,6-4,14210
2023-01-27,徳山,7,２連複,4-6,2940
2023-01-27,徳山,7,拡連複,4-6,690
2023-01-27,徳山,7,３連単,6-4-3,135850
2023-01-27,徳山,7,３連複,3-4-6,5530
2023-01-27,徳山,8,単勝,4,180
2023-01-27,徳山,8,複勝,4,100
2023-01-27,徳山,8,複勝,1,210
2023-01-27,徳山,8,２連単,4-1,620
2023-01-27,徳山,8,２連複,1-4,400
2023-01-27,徳山,8,拡連複,1-4,150
2023-01-27,徳山,8,３連単,4-1-2,1870
2023-01-27,徳山,8,３連複,1-2-4,490
2023-01-27,徳山,9,単勝,1,250
2023-01-27,徳山,9,複勝,1,100
2023-01-27,徳山,9,複勝,2,100
2023-01-27,徳山,9,２連単,1-2,300
2023-01-27,徳山,9,２連複,1-2,300
2023-01-27,徳山,9,拡連複,1-2,210
2023-01-27,徳山,9,３連単,1-2-5,1480
2023-01-27,徳山,9,３連複,1-2-5,800
2023-01-27,徳山,10,単勝,2,360
2023-01-27,徳山,10,複勝,2,100
2023-01-27,徳山,10,複勝,1,100
2023-01-27,徳山,10,２連単,2-1,660
2023-01-27,徳山,10,２連複,1-2,220
2023-01-27,徳山,10,拡連複,1-2,140
2023-01-27,徳山,10,３連単,2-1-3,1590
2023-01-27,徳山,10,３連複,1-2-3,230
2023-01-27,徳山,11,単勝,3,680
2023-01-27,徳山,11,複勝,3,170
2023-01-27,徳山,11,複勝,6,420
2023-01-27,徳山,11,２連単,3-6,2330
2023-01-27,徳山,11,２連複,3-6,1310
2023-01-27,徳山,11,拡連複,3-6,460
2023-01-27,徳山,11,３連単,3-6-4,9220
2023-01-27,徳山,11,３連複,3-4-6,2420
2023-01-27,徳山,12,単勝,1,100
2023-01-27,徳山,12,複勝,1,100
2023-01-27,徳山,12,複勝,3,180
2023-01-27,徳山,12,２連単,1-3,240
2023-01-27,徳山,12,２連複,1-3,250
2023-01-27,徳山,12,拡連複,1-3,140
2023-01-27,徳山,12,３連単,1-3-4,640
2023-01-27,徳山,12,３連複,1-3-4,420
2023-01-27,宮島,1,単勝,1,100
2023-01-27,宮島,1,複勝,1,100
2023-01-27,宮島,1,複勝,2,210
2023-01-27,宮島,1,２連単,1-2,250
2023-01-27,宮島,1,２連複,1-2,180
2023-01-27,宮島,1,拡連複,1-2,130
2023-01-27,宮島,1,３連単,1-2-4,550
2023-01-27,宮島,1,３連複,1-2-4,240
2023-01-27,宮島,2,単勝,1,160
2023-01-27,宮島,2,複勝,1,130
2023-01-27,宮島,2,複勝,2,170
2023-01-27,宮島,2,２連単,1-2,480
2023-01-27,宮島,2,２連複,1-2,310
2023-01-27,宮島,2,拡連複,1-2,210
2023-01-27,宮島,2,３連単,1-2-3,1120
2023-01-27,宮島,2,３連複,1-2-3,500
2023-01-27,宮島,3,単勝,2,280
2023-01-27,宮島,3,複勝,2,160
2023-01-27,宮島,3,複勝,3,110
2023-01-27,宮島,3,２連単,2-3,900
2023-01-27,宮島,3,２連複,2-3,520
2023-01-27,宮島,3,拡連複,2-3,160
2023-01-27,宮島,3,３連単,2-3-1,1840
2023-01-27,宮島,3,３連複,1-2-3,260
2023-01-27,宮島,4,単勝,1,140
2023-01-27,宮島,4,複勝,1,100
2023-01-27,宮島,4,複勝,3,120
2023-01-27,宮島,4,２連単,1-3,200
2023-01-27,宮島,4,２連複,1-3,140
2023-01-27,宮島,4,拡連複,1-3,110
2023-01-27,宮島,4,３連単,1-3-5,580
2023-01-27,宮島,4,３連複,1-3-5,320
2023-01-27,宮島,5,単勝,1,100
2023-01-27,宮島,5,複勝,1,100
2023-01-27,宮島,5,複勝,5,480
2023-01-27,宮島,5,２連単,1-5,1410
2023-01-27,宮島,5,２連複,1-5,1330
2023-01-27,宮島,5,拡連複,1-5,280
2023-01-27,宮島,5,３連単,1-5-3,3510
2023-01-27,宮島,5,３連複,1-3-5,670
2023-01-27,宮島,6,単勝,1,200
2023-01-27,宮島,6,複勝,1,100
2023-01-27,宮島,6,複勝,4,150
2023-01-27,宮島,6,２連単,1-4,290
2023-01-27,宮島,6,２連複,1-4,330
2023-01-27,宮島,6,拡連複,1-4,100
2023-01-27,宮島,6,３連単,1-4-2,680
2023-01-27,宮島,6,３連複,1-2-4,250
2023-01-27,宮島,7,単勝,4,270
2023-01-27,宮島,7,複勝,4,110
2023-01-27,宮島,7,複勝,1,110
2023-01-27,宮島,7,２連単,4-1,550
2023-01-27,宮島,7,２連複,1-4,190
2023-01-27,宮島,7,拡連複,1-4,120
2023-01-27,宮島,7,３連単,4-1-3,3850
2023-01-27,宮島,7,３連複,1-3-4,570
2023-01-27,宮島,8,単勝,1,120
2023-01-27,宮島,8,複勝,1,120
2023-01-27,宮島,8,複勝,4,190
2023-01-27,宮島,8,２連単,1-4,400
2023-01-27,宮島,8,２連複,1-4,340
2023-01-27,宮島,8,拡連複,1-4,230
2023-01-27,宮島,8,３連単,1-4-6,1300
2023-01-27,宮島,8,３連複,1-4-6,620
2023-01-27,宮島,9,単勝,1,130
2023-01-27,宮島,9,複勝,1,100
2023-01-27,宮島,9,複勝,2,120
2023-01-27,宮島,9,２連単,1-2,230
2023-01-27,宮島,9,２連複,1-2,230
2023-01-27,宮島,9,拡連複,1-2,160
2023-01-27,宮島,9,３連単,1-2-4,970
2023-01-27,宮島,9,３連複,1-2-4,580
2023-01-27,宮島,10,単勝,4,430
2023-01-27,宮島,10,複勝,4,190
2023-01-27,宮島,10,複勝,1,130
2023-01-27,宮島,10,２連単,4-1,920
2023-01-27,宮島,10,２連複,1-4,590
2023-01-27,宮島,10,拡連複,1-4,160
2023-01-27,宮島,10,３連単,4-1-2,3770
2023-01-27,宮島,10,３連複,1-2-4,330
2023-01-27,宮島,11,単勝,2,470
2023-01-27,宮島,11,複勝,2,240
2023-01-27,宮島,11,複勝,5,640
2023-01-27,宮島,11,２連単,2-5,4150
2023-01-27,宮島,11,２連複,2-5,2530
2023-01-27,宮島,11,拡連複,2-5,350
2023-01-27,宮島,11,３連単,2-5-4,17950
2023-01-27,宮島,11,３連複,2-4-5,3500
2023-01-27,宮島,12,単勝,2,500
2023-01-27,宮島,12,複勝,2,150
2023-01-27,宮島,12,複勝,1,100
2023-01-27,宮島,12,２連単,2-1,870
2023-01-27,宮島,12,２連複,1-2,210
2023-01-27,宮島,12,拡連複,1-2,130
2023-01-27,宮島,12,３連単,2-1-4,2410
2023-01-27,宮島,12,３連複,1-2-4,350
2023-01-27,児島,1,単勝,1,100
2023-01-27,児島,1,複勝,1,100
2023-01-27,児島,1,複勝,4,170
2023-01-27,児島,1,２連単,1-4,310
2023-01-27,児島,1,２連複,1-4,250
2023-01-27,児島,1,拡連複,1-4,110
2023-01-27,児島,1,３連単,1-4-2,650
2023-01-27,児島,1,３連複,1-2-4,270
2023-01-27,児島,2,単勝,1,210
2023-01-27,児島,2,複勝,1,110
2023-01-27,児島,2,複勝,4,200
2023-01-27,児島,2,２連単,1-4,460
2023-01-27,児島,2,２連複,1-4,250
2023-01-27,児島,2,拡連複,1-4,180
2023-01-27,児島,2,３連単,1-4-2,2050
2023-01-27,児島,2,３連複,1-2-4,470
2023-01-27,児島,3,単勝,1,130
2023-01-27,児島,3,複勝,1,100
2023-01-27,児島,3,複勝,2,310
2023-01-27,児島,3,２連単,1-2,340
2023-01-27,児島,3,２連複,1-2,360
2023-01-27,児島,3,拡連複,1-2,420
2023-01-27,児島,3,３連単,1-2-3,880
2023-01-27,児島,3,３連複,1-2-3,400
2023-01-27,児島,4,単勝,1,110
2023-01-27,児島,4,複勝,1,100
2023-01-27,児島,4,複勝,5,450
2023-01-27,児島,4,２連単,1-5,3140
2023-01-27,児島,4,２連複,1-5,2890
2023-01-27,児島,4,拡連複,1-5,920
2023-01-27,児島,4,３連単,1-5-2,14740
2023-01-27,児島,4,３連複,1-2-5,4300
2023-01-27,児島,5,単勝,6,700
2023-01-27,児島,5,複勝,6,370
2023-01-27,児島,5,複勝,3,400
2023-01-27,児島,5,２連単,6-3,2280
2023-01-27,児島,5,２連複,3-6,1200
2023-01-27,児島,5,拡連複,3-6,270
2023-01-27,児島,5,３連単,6-3-4,7910
2023-01-27,児島,5,３連複,3-4-6,2340
2023-01-27,児島,6,単勝,1,110
2023-01-27,児島,6,複勝,1,180
2023-01-27,児島,6,複勝,4,280
2023-01-27,児島,6,２連単,1-4,1510
2023-01-27,児島,6,２連複,1-4,1460
2023-01-27,児島,6,拡連複,1-4,390
2023-01-27,児島,6,３連単,1-4-5,8900
2023-01-27,児島,6,３連複,1-4-5,6320
2023-01-27,児島,7,単勝,1,260
2023-01-27,児島,7,複勝,1,150
2023-01-27,児島,7,複勝,2,100
2023-01-27,児島,7,２連単,1-2,620
2023-01-27,児島,7,２連複,1-2,560
2023-01-27,児島,7,拡連複,1-2,250
2023-01-27,児島,7,３連単,1-2-4,4120
2023-01-27,児島,7,３連複,1-2-4,770
2023-01-27,児島,8,単勝,2,1860
2023-01-27,児島,8,複勝,2,350
2023-01-27,児島,8,複勝,4,280
2023-01-27,児島,8,２連単,2-4,9180
2023-01-27,児島,8,２連複,2-4,4250
2023-01-27,児島,8,拡連複,2-4,690
2023-01-27,児島,8,３連単,2-4-1,20210
2023-01-27,児島,8,３連複,1-2-4,720
2023-01-27,児島,9,単勝,1,120
2023-01-27,児島,9,複勝,1,100
2023-01-27,児島,9,複勝,3,180
2023-01-27,児島,9,２連単,1-3,280
2023-01-27,児島,9,２連複,1-3,240
2023-01-27,児島,9,拡連複,1-3,120
2023-01-27,児島,9,３連単,1-3-2,840
2023-01-27,児島,9,３連複,1-2-3,340
2023-01-27,児島,10,単勝,3,370
2023-01-27,児島,10,複勝,3,160
2023-01-27,児島,10,複勝,2,130
2023-01-27,児島,10,２連単,3-2,1970
2023-01-27,児島,10,２連複,2-3,1540
2023-01-27,児島,10,拡連複,2-3,120
2023-01-27,児島,10,３連単,3-2-1,5240
2023-01-27,児島,10,３連複,1-2-3,350
2023-01-27,児島,11,単勝,1,120
2023-01-27,児島,11,複勝,1,150
2023-01-27,児島,11,複勝,3,380
2023-01-27,児島,11,２連単,1-3,430
2023-01-27,児島,11,２連複,1-3,760
2023-01-27,児島,11,拡連複,1-3,260
2023-01-27,児島,11,３連単,1-3-2,2220
2023-01-27,児島,11,３連複,1-2-3,790
2023-01-27,児島,12,単勝,1,100
2023-01-27,児島,12,複勝,1,120
2023-01-27,児島,12,複勝,5,520
2023-01-27,児島,12,２連単,1-5,940
2023-01-27,児島,12,２連複,1-5,1010
2023-01-27,児島,12,拡連複,1-5,290
2023-01-27,児島,12,３連単,1-5-4,3620
2023-01-27,児島,12,３連複,1-4-5,1020
2023-01-27,丸亀,1,単勝,2,1200
2023-01-27,丸亀,1,複勝,2,300
2023-01-27,丸亀,1,複勝,3,220
2023-01-27,丸亀,1,２連単,2-3,5140
2023-01-27,丸亀,1,２連複,2-3,2430
2023-01-27,丸亀,1,拡連複,2-3,410
2023-01-27,丸亀,1,３連単,2-3-5,20800
2023-01-27,丸亀,1,３連複,2-3-5,6550
2023-01-27,丸亀,2,単勝,4,440
2023-01-27,丸亀,2,複勝,4,130
2023-01-27,丸亀,2,複勝,6,410
2023-01-27,丸亀,2,２連単,4-6,2220
2023-01-27,丸亀,2,２連複,4-6,1440
2023-01-27,丸亀,2,拡連複,4-6,220
2023-01-27,丸亀,2,３連単,4-6-1,8310
2023-01-27,丸亀,2,３連複,1-4-6,1510
2023-01-27,丸亀,3,単勝,2,220
2023-01-27,丸亀,3,複勝,2,160
2023-01-27,丸亀,3,複勝,3,270
2023-01-27,丸亀,3,２連単,2-3,650
2023-01-27,丸亀,3,２連複,2-3,440
2023-01-27,丸亀,3,拡連複,2-3,360
2023-01-27,丸亀,3,３連単,2-3-4,3390
2023-01-27,丸亀,3,３連複,2-3-4,1280
2023-01-27,丸亀,4,単勝,2,490
2023-01-27,丸亀,4,複勝,2,140
2023-01-27,丸亀,4,複勝,3,170
2023-01-27,丸亀,4,２連単,2-3,850
2023-01-27,丸亀,4,２連複,2-3,480
2023-01-27,丸亀,4,拡連複,2-3,250
2023-01-27,丸亀,4,３連単,2-3-6,1600
2023-01-27,丸亀,4,３連複,2-3-6,510
2023-01-27,鳴門,1,単勝,1,100
2023-01-27,鳴門,1,複勝,1,110
2023-01-27,鳴門,1,複勝,4,180
2023-01-27,鳴門,1,２連単,1-4,390
2023-01-27,鳴門,1,２連複,1-4,510
2023-01-27,鳴門,1,拡連複,1-4,130
2023-01-27,鳴門,1,３連単,1-4-2,810
2023-01-27,鳴門,1,３連複,1-2-4,240
2023-01-27,鳴門,2,単勝,1,360
2023-01-27,鳴門,2,複勝,1,100
2023-01-27,鳴門,2,複勝,2,240
2023-01-27,鳴門,2,２連単,1-2,1120
2023-01-27,鳴門,2,２連複,1-2,1250
2023-01-27,鳴門,2,拡連複,1-2,360
2023-01-27,鳴門,2,３連単,1-2-5,2850
2023-01-27,鳴門,2,３連複,1-2-5,1050
2023-01-27,鳴門,3,単勝,1,160
2023-01-27,鳴門,3,複勝,1,300
2023-01-27,鳴門,3,複勝,5,870
2023-01-27,鳴門,3,２連単,1-5,460
2023-01-27,鳴門,3,２連複,1-5,390
2023-01-27,鳴門,3,拡連複,1-5,130
2023-01-27,鳴門,3,３連単,1-5-2,770
2023-01-27,鳴門,3,３連複,1-2-5,230
2023-01-27,鳴門,4,単勝,2,210
2023-01-27,鳴門,4,複勝,2,130
2023-01-27,鳴門,4,複勝,1,100
2023-01-27,鳴門,4,２連単,2-1,520
2023-01-27,鳴門,4,２連複,1-2,270
2023-01-27,鳴門,4,拡連複,1-2,100
2023-01-27,鳴門,4,３連単,2-1-3,730
2023-01-27,鳴門,4,３連複,1-2-3,190
2023-01-27,鳴門,5,単勝,4,220
2023-01-27,鳴門,5,複勝,4,100
2023-01-27,鳴門,5,複勝,1,170
2023-01-27,鳴門,5,２連単,4-1,740
2023-01-27,鳴門,5,２連複,1-4,380
2023-01-27,鳴門,5,拡連複,1-4,180
2023-01-27,鳴門,5,３連単,4-1-6,1680
2023-01-27,鳴門,5,３連複,1-4-6,460
2023-01-27,鳴門,6,単勝,3,540
2023-01-27,鳴門,6,複勝,3,310
2023-01-27,鳴門,6,複勝,5,130
2023-01-27,鳴門,6,２連単,3-5,2370
2023-01-27,鳴門,6,２連複,3-5,1920
2023-01-27,鳴門,6,拡連複,3-5,650
2023-01-27,鳴門,6,３連単,3-5-6,6940
2023-01-27,鳴門,6,３連複,3-5-6,3750
2023-01-27,鳴門,7,単勝,3,330
2023-01-27,鳴門,7,複勝,3,120
2023-01-27,鳴門,7,複勝,1,130
2023-01-27,鳴門,7,２連単,3-1,420
2023-01-27,鳴門,7,２連複,1-3,200
2023-01-27,鳴門,7,拡連複,1-3,220
2023-01-27,鳴門,7,３連単,3-1-4,850
2023-01-27,鳴門,7,３連複,1-3-4,210
2023-01-27,鳴門,8,単勝,1,260
2023-01-27,鳴門,8,複勝,1,110
2023-01-27,鳴門,8,複勝,4,210
2023-01-27,鳴門,8,２連単,1-4,290
2023-01-27,鳴門,8,２連複,1-4,370
2023-01-27,鳴門,8,拡連複,1-4,140
2023-01-27,鳴門,8,３連単,1-4-2,1150
2023-01-27,鳴門,8,３連複,1-2-4,190
2023-01-27,鳴門,9,単勝,2,190
2023-01-27,鳴門,9,複勝,2,140
2023-01-27,鳴門,9,複勝,3,110
2023-01-27,鳴門,9,２連単,2-3,770
2023-01-27,鳴門,9,２連複,2-3,260
2023-01-27,鳴門,9,拡連複,2-3,100
2023-01-27,鳴門,9,３連単,2-3-5,960
2023-01-27,鳴門,9,３連複,2-3-5,130
2023-01-27,鳴門,10,単勝,2,940
2023-01-27,鳴門,10,複勝,2,140
2023-01-27,鳴門,10,複勝,3,120
2023-01-27,鳴門,10,２連単,2-3,490
2023-01-27,鳴門,10,２連複,2-3,150
2023-01-27,鳴門,10,拡連複,2-3,180
2023-01-27,鳴門,10,３連単,2-3-6,1250
2023-01-27,鳴門,10,３連複,2-3-6,330
2023-01-27,鳴門,11,単勝,1,110
2023-01-27,鳴門,11,複勝,1,110
2023-01-27,鳴門,11,複勝,3,100
2023-01-27,鳴門,11,２連単,1-3,220
2023-01-27,鳴門,11,２連複,1-3,210
2023-01-27,鳴門,11,拡連複,1-3,130
2023-01-27,鳴門,11,３連単,1-3-2,660
2023-01-27,鳴門,11,３連複,1-2-3,190
2023-01-27,鳴門,12,単勝,1,100
2023-01-27,鳴門,12,複勝,1,100
2023-01-27,鳴門,12,複勝,2,240
2023-01-27,鳴門,12,２連単,1-2,290
2023-01-27,鳴門,12,２連複,1-2,270
2023-01-27,鳴門,12,拡連複,1-2,210
2023-01-27,鳴門,12,３連単,1-2-4,1060
2023-01-27,鳴門,12,３連複,1-2-4,570
2023-01-27,津,1,単勝,1,100
2023-01-27,津,1,複勝,1,110
2023-01-27,津,1,複勝,2,260
2023-01-27,津,1,２連単,1-2,450
2023-01-27,津,1,２連複,1-2,250
2023-01-27,津,1,拡連複,1-2,210
2023-01-27,津,1,３連単,1-2-6,2330
2023-01-27,津,1,３連複,1-2-6,1400
2023-01-27,津,2,単勝,1,150
2023-01-27,津,2,複勝,1,130
2023-01-27,津,2,複勝,3,100
2023-01-27,津,2,２連単,1-3,320
2023-01-27,津,2,２連複,1-3,430
2023-01-27,津,2,拡連複,1-3,180
2023-01-27,津,2,３連単,1-3-5,860
2023-01-27,津,2,３連複,1-3-5,420
2023-01-27,津,3,単勝,1,390
2023-01-27,津,3,複勝,1,150
2023-01-27,津,3,複勝,3,140
2023-01-27,津,3,２連単,1-3,400
2023-01-27,津,3,２連複,1-3,190
2023-01-27,津,3,拡連複,1-3,180
2023-01-27,津,3,３連単,1-3-2,1630
2023-01-27,津,3,３連複,1-2-3,480
2023-01-27,津,4,単勝,4,290
2023-01-27,津,4,複勝,4,120
2023-01-27,津,4,複勝,1,250
2023-01-27,津,4,２連単,4-1,2250
2023-01-27,津,4,２連複,1-4,990
2023-01-27,津,4,拡連複,1-4,890
2023-01-27,津,4,３連単,4-1-2,10880
2023-01-27,津,4,３連複,1-2-4,1210
2023-01-27,津,5,単勝,1,130
2023-01-27,津,5,複勝,1,100
2023-01-27,津,5,複勝,2,130
2023-01-27,津,5,２連単,1-2,350
2023-01-27,津,5,２連複,1-2,160
2023-01-27,津,5,拡連複,1-2,100
2023-01-27,津,5,３連単,1-2-3,310
2023-01-27,津,5,３連複,1-2-3,200
2023-01-27,津,6,単勝,3,300
2023-01-27,津,6,複勝,3,230
2023-01-27,津,6,複勝,5,120
2023-01-27,津,6,２連単,3-5,950
2023-01-27,津,6,２連複,3-5,460
2023-01-27,津,6,拡連複,3-5,120
2023-01-27,津,6,３連単,3-5-1,2900
2023-01-27,津,6,３連複,1-3-5,310
2023-01-27,津,7,単勝,1,100
2023-01-27,津,7,複勝,1,140
2023-01-27,津,7,複勝,2,160
2023-01-27,津,7,２連単,1-2,640
2023-01-27,津,7,２連複,1-2,690
2023-01-27,津,7,拡連複,1-2,260
2023-01-27,津,7,３連単,1-2-6,3350
2023-01-27,津,7,３連複,1-2-6,1280
2023-01-27,津,8,単勝,2,2040
2023-01-27,津,8,複勝,2,130
2023-01-27,津,8,複勝,1,120
2023-01-27,津,8,２連単,2-1,3660
2023-01-27,津,8,２連複,1-2,460
2023-01-27,津,8,拡連複,1-2,170
2023-01-27,津,8,３連単,2-1-4,15120
2023-01-27,津,8,３連複,1-2-4,1170
2023-01-27,津,9,単勝,1,180
2023-01-27,津,9,複勝,1,100
2023-01-27,津,9,複勝,2,100
2023-01-27,津,9,２連単,1-2,180
2023-01-27,津,9,２連複,1-2,130
2023-01-27,津,9,拡連複,1-2,100
2023-01-27,津,9,３連単,1-2-4,280
2023-01-27,津,9,３連複,1-2-4,170
2023-01-27,津,10,単勝,3,270
2023-01-27,津,10,複勝,3,120
2023-01-27,津,10,複勝,4,230
2023-01-27,津,10,２連単,3-4,570
2023-01-27,津,10,２連複,3-4,510
2023-01-27,津,10,拡連複,3-4,130
2023-01-27,津,10,３連単,3-4-1,1090
2023-01-27,津,10,３連複,1-3-4,150
2023-01-27,津,11,単勝,1,140
2023-01-27,津,11,複勝,1,100
2023-01-27,津,11,複勝,2,100
2023-01-27,津,11,２連単,1-2,170
2023-01-27,津,11,２連複,1-2,170
2023-01-27,津,11,拡連複,1-2,110
2023-01-27,津,11,３連単,1-2-4,500
2023-01-27,津,11,３連複,1-2-4,290
2023-01-27,津,12,単勝,1,190
2023-01-27,津,12,複勝,1,100
2023-01-27,津,12,複勝,3,130
2023-01-27,津,12,２連単,1-3,330
2023-01-27,津,12,２連複,1-3,260
2023-01-27,津,12,拡連複,1-3,100
2023-01-27,津,12,３連単,1-3-4,810
2023-01-27,津,12,３連複,1-3-4,450
2023-01-27,蒲郡,1,単勝,3,410
2023-01-27,蒲郡,1,複勝,3,200
2023-01-27,蒲郡,1,複勝,4,210
2023-01-27,蒲郡,1,２連単,3-4,1450
2023-01-27,蒲郡,1,２連複,3-4,820
2023-01-27,蒲郡,1,拡連複,3-4,300
2023-01-27,蒲郡,1,３連単,3-4-2,8350
2023-01-27,蒲郡,1,３連複,2-3-4,1480
2023-01-27,蒲郡,2,単勝,4,540
2023-01-27,蒲郡,2,複勝,4,350
2023-01-27,蒲郡,2,複勝,6,200
2023-01-27,蒲郡,2,２連単,4-6,6620
2023-01-27,蒲郡,2,２連複,4-6,3440
2023-01-27,蒲郡,2,拡連複,4-6,880
2023-01-27,蒲郡,2,３連単,4-6-1,36080
2023-01-27,蒲郡,2,３連複,1-4-6,3030
2023-01-27,蒲郡,3,単勝,2,350
2023-01-27,蒲郡,3,複勝,2,140
2023-01-27,蒲郡,3,複勝,1,110
2023-01-27,蒲郡,3,２連単,2-1,620
2023-01-27,蒲郡,3,２連複,1-2,420
2023-01-27,蒲郡,3,拡連複,1-2,290
2023-01-27,蒲郡,3,３連単,2-1-3,1330
2023-01-27,蒲郡,3,３連複,1-2-3,280
2023-01-27,蒲郡,4,単勝,1,340
2023-01-27,蒲郡,4,複勝,1,120
2023-01-27,蒲郡,4,複勝,2,130
2023-01-27,蒲郡,4,２連単,1-2,560
2023-01-27,蒲郡,4,２連複,1-2,280
2023-01-27,蒲郡,4,拡連複,1-2,160
2023-01-27,蒲郡,4,３連単,1-2-3,970
2023-01-27,蒲郡,4,３連複,1-2-3,390
2023-01-27,蒲郡,5,単勝,4,360
2023-01-27,蒲郡,5,複勝,4,340
2023-01-27,蒲郡,5,複勝,6,2660
2023-01-27,蒲郡,5,２連単,4-6,4340
2023-01-27,蒲郡,5,２連複,4-6,4100
2023-01-27,蒲郡,5,拡連複,4-6,1220
2023-01-27,蒲郡,5,３連単,4-6-5,15170
2023-01-27,蒲郡,5,３連複,4-5-6,3950
2023-01-27,蒲郡,6,単勝,2,970
2023-01-27,蒲郡,6,複勝,2,200
2023-01-27,蒲郡,6,複勝,5,170
2023-01-27,蒲郡,6,２連単,2-5,6910
2023-01-27,蒲郡,6,２連複,2-5,1820
2023-01-27,蒲郡,6,拡連複,2-5,380
2023-01-27,蒲郡,6,３連単,2-5-4,24950
2023-01-27,蒲郡,6,３連複,2-4-5,3780
2023-01-27,蒲郡,7,単勝,5,480
2023-01-27,蒲郡,7,複勝,5,700
2023-01-27,蒲郡,7,複勝,2,1300
2023-01-27,蒲郡,7,２連単,5-2,5870
2023-01-27,蒲郡,7,２連複,2-5,3830
2023-01-27,蒲郡,7,拡連複,2-5,440
2023-01-27,蒲郡,7,３連単,5-2-4,42980
2023-01-27,蒲郡,7,３連複,2-4-5,5830
2023-01-27,蒲郡,8,単勝,3,370
2023-01-27,蒲郡,8,複勝,3,150
2023-01-27,蒲郡,8,複勝,1,100
2023-01-27,蒲郡,8,２連単,3-1,1220
2023-01-27,蒲郡,8,２連複,1-3,170
2023-01-27,蒲郡,8,拡連複,1-3,120
2023-01-27,蒲郡,8,３連単,3-1-6,3310
2023-01-27,蒲郡,8,３連複,1-3-6,390
2023-01-27,蒲郡,9,単勝,1,230
2023-01-27,蒲郡,9,複勝,1,170
2023-01-27,蒲郡,9,複勝,6,160
2023-01-27,蒲郡,9,２連単,1-6,1510
2023-01-27,蒲郡,9,２連複,1-6,910
2023-01-27,蒲郡,9,拡連複,1-6,250
2023-01-27,蒲郡,9,３連単,1-6-4,3910
2023-01-27,蒲郡,9,３連複,1-4-6,850
2023-01-27,蒲郡,10,単勝,1,130
2023-01-27,蒲郡,10,複勝,1,150
2023-01-27,蒲郡,10,複勝,6,230
2023-01-27,蒲郡,10,２連単,1-6,620
2023-01-27,蒲郡,10,２連複,1-6,460
2023-01-27,蒲郡,10,拡連複,1-6,220
2023-01-27,蒲郡,10,３連単,1-6-2,3790
2023-01-27,蒲郡,10,３連複,1-2-6,1420
2023-01-27,蒲郡,11,単勝,1,130
2023-01-27,蒲郡,11,複勝,1,100
2023-01-27,蒲郡,11,複勝,4,110
2023-01-27,蒲郡,11,２連単,1-4,210
2023-01-27,蒲郡,11,２連複,1-4,160
2023-01-27,蒲郡,11,拡連複,1-4,120
2023-01-27,蒲郡,11,３連単,1-4-2,590
2023-01-27,蒲郡,11,３連複,1-2-4,270
2023-01-27,蒲郡,12,単勝,1,120
2023-01-27,蒲郡,12,複勝,1,100
2023-01-27,蒲郡,12,複勝,4,200
2023-01-27,蒲郡,12,２連単,1-4,310
2023-01-27,蒲郡,12,２連複,1-4,320
2023-01-27,蒲郡,12,拡連複,1-4,130
2023-01-27,蒲郡,12,３連単,1-4-3,1160
2023-01-27,蒲郡,12,３連複,1-3-4,560
2023-01-27,浜名湖,1,単勝,2,690
2023-01-27,浜名湖,1,複勝,2,130
2023-01-27,浜名湖,1,複勝,1,120
2023-01-27,浜名湖,1,２連単,2-1,830
2023-01-27,浜名湖,1,２連複,1-2,290
2023-01-27,浜名湖,1,拡連複,1-2,150
2023-01-27,浜名湖,1,３連単,2-1-4,2920
2023-01-27,浜名湖,1,３連複,1-2-4,490
2023-01-27,浜名湖,2,単勝,4,2900
2023-01-27,浜名湖,2,複勝,4,230
2023-01-27,浜名湖,2,複勝,1,190
2023-01-27,浜名湖,2,２連単,4-1,19790
2023-01-27,浜名湖,2,２連複,1-4,7170
2023-01-27,浜名湖,2,拡連複,1-4,5790
2023-01-27,浜名湖,2,３連単,4-1-3,54820
2023-01-27,浜名湖,2,３連複,1-3-4,1060
2023-01-27,浜名湖,3,単勝,1,430
2023-01-27,浜名湖,3,複勝,1,210
2023-01-27,浜名湖,3,複勝,3,120
2023-01-27,浜名湖,3,２連単,1-3,1040
2023-01-27,浜名湖,3,２連複,1-3,1370
2023-01-27,浜名湖,3,拡連複,1-3,150
2023-01-27,浜名湖,3,３連単,1-3-2,1780
2023-01-27,浜名湖,3,３連複,1-2-3,440
2023-01-27,浜名湖,4,単勝,1,180
2023-01-27,浜名湖,4,複勝,1,110
2023-01-27,浜名湖,4,複勝,5,210
2023-01-27,浜名湖,4,２連単,1-5,710
2023-01-27,浜名湖,4,２連複,1-5,580
2023-01-27,浜名湖,4,拡連複,1-5,210
2023-01-27,浜名湖,4,３連単,1-5-6,2930
2023-01-27,浜名湖,4,３連複,1-5-6,1540
2023-01-27,浜名湖,5,単勝,2,290
2023-01-27,浜名湖,5,複勝,2,110
2023-01-27,浜名湖,5,複勝,5,130
2023-01-27,浜名湖,5,２連単,2-5,660
2023-01-27,浜名湖,5,２連複,2-5,390
2023-01-27,浜名湖,5,拡連複,2-5,130
2023-01-27,浜名湖,5,３連単,2-5-4,1380
2023-01-27,浜名湖,5,３連複,2-4-5,230
2023-01-27,浜名湖,6,単勝,1,200
2023-01-27,浜名湖,6,複勝,1,120
2023-01-27,浜名湖,6,複勝,3,130
2023-01-27,浜名湖,6,２連単,1-3,290
2023-01-27,浜名湖,6,２連複,1-3,220
2023-01-27,浜名湖,6,拡連複,1-3,220
2023-01-27,浜名湖,6,３連単,1-3-2,1720
2023-01-27,浜名湖,6,３連複,1-2-3,640
2023-01-27,浜名湖,7,単勝,1,240
2023-01-27,浜名湖,7,複勝,1,100
2023-01-27,浜名湖,7,複勝,4,100
2023-01-27,浜名湖,7,２連単,1-4,290
2023-01-27,浜名湖,7,２連複,1-4,140
2023-01-27,浜名湖,7,拡連複,1-4,110
2023-01-27,浜名湖,7,３連単,1-4-2,810
2023-01-27,浜名湖,7,３連複,1-2-4,310
2023-01-27,浜名湖,8,単勝,3,370
2023-01-27,浜名湖,8,複勝,3,150
2023-01-27,浜名湖,8,複勝,1,120
2023-01-27,浜名湖,8,２連単,3-1,770
2023-01-27,浜名湖,8,２連複,1-3,250
2023-01-27,浜名湖,8,拡連複,1-3,130
2023-01-27,浜名湖,8,３連単,3-1-5,1950
2023-01-27,浜名湖,8,３連複,1-3-5,370
2023-01-27,浜名湖,9,単勝,1,180
2023-01-27,浜名湖,9,複勝,1,120
2023-01-27,浜名湖,9,複勝,3,250
2023-01-27,浜名湖,9,２連単,1-3,960
2023-01-27,浜名湖,9,２連複,1-3,440
2023-01-27,浜名湖,9,拡連複,1-3,150
2023-01-27,浜名湖,9,３連単,1-3-2,1420
2023-01-27,浜名湖,9,３連複,1-2-3,280
2023-01-27,浜名湖,10,単勝,3,210
2023-01-27,浜名湖,10,複勝,3,260
2023-01-27,浜名湖,10,複勝,4,490
2023-01-27,浜名湖,10,２連単,3-4,1090
2023-01-27,浜名湖,10,２連複,3-4,870
2023-01-27,浜名湖,10,拡連複,3-4,170
2023-01-27,浜名湖,10,３連単,3-4-1,2290
2023-01-27,浜名湖,10,３連複,1-3-4,180
2023-01-27,浜名湖,11,単勝,1,130
2023-01-27,浜名湖,11,複勝,1,150
2023-01-27,浜名湖,11,複勝,5,220
2023-01-27,浜名湖,11,２連単,1-5,410
2023-01-27,浜名湖,11,２連複,1-5,410
2023-01-27,浜名湖,11,拡連複,1-5,130
2023-01-27,浜名湖,11,３連単,1-5-2,830
2023-01-27,浜名湖,11,３連複,1-2-5,340
2023-01-27,浜名湖,12,単勝,1,100
2023-01-27,浜名湖,12,複勝,1,100
2023-01-27,浜名湖,12,複勝,2,150
2023-01-27,浜名湖,12,２連単,1-2,210
2023-01-27,浜名湖,12,２連複,1-2,210
2023-01-27,浜名湖,12,拡連複,1-2,120
2023-01-27,浜名湖,12,３連単,1-2-4,510
2023-01-27,浜名湖,12,３連複,1-2-4,280
2023-01-27,多摩川,1,単勝,1,130
2023-01-27,多摩川,1,複勝,1,110
2023-01-27,多摩川,1,複勝,4,110
2023-01-27,多摩川,1,２連単,1-4,280
2023-01-27,多摩川,1,２連複,1-4,310
2023-01-27,多摩川,1,拡連複,1-4,130
2023-01-27,多摩川,1,３連単,1-4-3,860
2023-01-27,多摩川,1,３連複,1-3-4,510
2023-01-27,多摩川,2,単勝,3,1320
2023-01-27,多摩川,2,複勝,3,220
2023-01-27,多摩川,2,複勝,1,130
2023-01-27,多摩川,2,２連単,3-1,3310
2023-01-27,多摩川,2,２連複,1-3,500
2023-01-27,多摩川,2,拡連複,1-3,270
2023-01-27,多摩川,2,３連単,3-1-5,7590
2023-01-27,多摩川,2,３連複,1-3-5,660
2023-01-27,多摩川,3,単勝,1,210
2023-01-27,多摩川,3,複勝,1,180
2023-01-27,多摩川,3,複勝,5,230
2023-01-27,多摩川,3,２連単,1-5,960
2023-01-27,多摩川,3,２連複,1-5,850
2023-01-27,多摩川,3,拡連複,1-5,280
2023-01-27,多摩川,3,３連単,1-5-4,6770
2023-01-27,多摩川,3,３連複,1-4-5,3430
2023-01-27,多摩川,4,単勝,4,1380
2023-01-27,多摩川,4,複勝,4,130
2023-01-27,多摩川,4,複勝,1,150
2023-01-27,多摩川,4,２連単,4-1,7120
2023-01-27,多摩川,4,２連複,1-4,2310
2023-01-27,多摩川,4,拡連複,1-4,460
2023-01-27,多摩川,4,３連単,4-1-2,17470
2023-01-27,多摩川,4,３連複,1-2-4,930
2023-01-27,多摩川,5,単勝,2,660
2023-01-27,多摩川,5,複勝,2,240
2023-01-27,多摩川,5,複勝,1,100
2023-01-27,多摩川,5,２連単,2-1,970
2023-01-27,多摩川,5,２連複,1-2,200
2023-01-27,多摩川,5,拡連複,1-2,120
2023-01-27,多摩川,5,３連単,2-1-3,4970
2023-01-27,多摩川,5,３連複,1-2-3,680
2023-01-27,多摩川,6,単勝,1,100
2023-01-27,多摩川,6,複勝,1,100
2023-01-27,多摩川,6,複勝,2,180
2023-01-27,多摩川,6,２連単,1-2,460
2023-01-27,多摩川,6,２連複,1-2,630
2023-01-27,多摩川,6,拡連複,1-2,250
2023-01-27,多摩川,6,３連単,1-2-6,6530
2023-01-27,多摩川,6,３連複,1-2-6,3950
2023-01-27,多摩川,7,単勝,1,100
2023-01-27,多摩川,7,複勝,1,140
2023-01-27,多摩川,7,複勝,4,140
2023-01-27,多摩川,7,２連単,1-4,1540
2023-01-27,多摩川,7,２連複,1-4,960
2023-01-27,多摩川,7,拡連複,1-4,210
2023-01-27,多摩川,7,３連単,1-4-5,4620
2023-01-27,多摩川,7,３連複,1-4-5,2240
2023-01-27,多摩川,8,単勝,3,390
2023-01-27,多摩川,8,複勝,3,240
2023-01-27,多摩川,8,複勝,6,220
2023-01-27,多摩川,8,２連単,3-6,1220
2023-01-27,多摩川,8,２連複,3-6,490
2023-01-27,多摩川,8,拡連複,3-6,260
2023-01-27,多摩川,8,３連単,3-6-2,6700
2023-01-27,多摩川,8,３連複,2-3-6,1330
2023-01-27,多摩川,9,単勝,1,250
2023-01-27,多摩川,9,複勝,1,110
2023-01-27,多摩川,9,複勝,5,150
2023-01-27,多摩川,9,２連単,1-5,500
2023-01-27,多摩川,9,２連複,1-5,370
2023-01-27,多摩川,9,拡連複,1-5,210
2023-01-27,多摩川,9,３連単,1-5-4,1760
2023-01-27,多摩川,9,３連複,1-4-5,560
2023-01-27,多摩川,10,単勝,1,100
2023-01-27,多摩川,10,複勝,1,120
2023-01-27,多摩川,10,複勝,2,180
2023-01-27,多摩川,10,２連単,1-2,200
2023-01-27,多摩川,10,２連複,1-2,160
2023-01-27,多摩川,10,拡連複,1-2,100
2023-01-27,多摩川,10,３連単,1-2-3,500
2023-01-27,多摩川,10,３連複,1-2-3,270
2023-01-27,多摩川,11,単勝,1,130
2023-01-27,多摩川,11,複勝,1,100
2023-01-27,多摩川,11,複勝,5,310
2023-01-27,多摩川,11,２連単,1-5,600
2023-01-27,多摩川,11,２連複,1-5,670
2023-01-27,多摩川,11,拡連複,1-5,350
2023-01-27,多摩川,11,３連単,1-5-2,1830
2023-01-27,多摩川,11,３連複,1-2-5,680
2023-01-27,多摩川,12,単勝,2,490
2023-01-27,多摩川,12,複勝,2,160
2023-01-27,多摩川,12,複勝,5,490
2023-01-27,多摩川,12,２連単,2-5,20440
2023-01-27,多摩川,12,２連複,2-5,6110
2023-01-27,多摩川,12,拡連複,2-5,1400
2023-01-27,多摩川,12,３連単,2-5-6,59440
2023-01-27,多摩川,12,３連複,2-5-6,15540
2023-01-27,江戸川,1,単勝,1,130
2023-01-27,江戸川,1,複勝,1,100
2023-01-27,江戸川,1,複勝,2,140
2023-01-27,江戸川,1,２連単,1-2,330
2023-01-27,江戸川,1,２連複,1-2,310
2023-01-27,江戸川,1,拡連複,1-2,160
2023-01-27,江戸川,1,３連単,1-2-4,880
2023-01-27,江戸川,1,３連複,1-2-4,380
2023-01-27,江戸川,2,単勝,1,150
2023-01-27,江戸川,2,複勝,1,100
2023-01-27,江戸川,2,複勝,3,150
2023-01-27,江戸川,2,２連単,1-3,370
2023-01-27,江戸川,2,２連複,1-3,210
2023-01-27,江戸川,2,拡連複,1-3,150
2023-01-27,江戸川,2,３連単,1-3-5,940
2023-01-27,江戸川,2,３連複,1-3-5,520
2023-01-27,江戸川,3,単勝,1,210
2023-01-27,江戸川,3,複勝,1,110
2023-01-27,江戸川,3,複勝,3,120
2023-01-27,江戸川,3,２連単,1-3,350
2023-01-27,江戸川,3,２連複,1-3,240
2023-01-27,江戸川,3,拡連複,1-3,170
2023-01-27,江戸川,3,３連単,1-3-6,2340
2023-01-27,江戸川,3,３連複,1-3-6,1340
2023-01-27,江戸川,4,単勝,3,680
2023-01-27,江戸川,4,複勝,3,380
2023-01-27,江戸川,4,複勝,4,270
2023-01-27,江戸川,4,２連単,3-4,3440
2023-01-27,江戸川,4,２連複,3-4,1880
2023-01-27,江戸川,4,拡連複,3-4,560
2023-01-27,江戸川,4,３連単,3-4-1,10520
2023-01-27,江戸川,4,３連複,1-3-4,890
2023-01-27,江戸川,5,単勝,3,460
2023-01-27,江戸川,5,複勝,3,230
2023-01-27,江戸川,5,複勝,1,120
2023-01-27,江戸川,5,２連単,3-1,860
2023-01-27,江戸川,5,２連複,1-3,280
2023-01-27,江戸川,5,拡連複,1-3,110
2023-01-27,江戸川,5,３連単,3-1-5,2220
2023-01-27,江戸川,5,３連複,1-3-5,400
2023-01-27,江戸川,6,単勝,1,110
2023-01-27,江戸川,6,複勝,1,120
2023-01-27,江戸川,6,複勝,6,850
2023-01-27,江戸川,6,２連単,1-6,1690
2023-01-27,江戸川,6,２連複,1-6,2120
2023-01-27,江戸川,6,拡連複,1-6,310
2023-01-27,江戸川,6,３連単,1-6-2,8120
2023-01-27,江戸川,6,３連複,1-2-6,1580
2023-01-27,江戸川,7,単勝,1,110
2023-01-27,江戸川,7,複勝,1,110
2023-01-27,江戸川,7,複勝,5,260
2023-01-27,江戸川,7,２連単,1-5,720
2023-01-27,江戸川,7,２連複,1-5,750
2023-01-27,江戸川,7,拡連複,1-5,250
2023-01-27,江戸川,7,３連単,1-5-2,3690
2023-01-27,江戸川,7,３連複,1-2-5,830
2023-01-27,江戸川,8,単勝,2,440
2023-01-27,江戸川,8,複勝,2,140
2023-01-27,江戸川,8,複勝,4,100
2023-01-27,江戸川,8,２連単,2-4,1870
2023-01-27,江戸川,8,２連複,2-4,1170
2023-01-27,江戸川,8,拡連複,2-4,270
2023-01-27,江戸川,8,３連単,2-4-3,7870
2023-01-27,江戸川,8,３連複,2-3-4,1820
2023-01-27,江戸川,9,単勝,1,120
2023-01-27,江戸川,9,複勝,1,100
2023-01-27,江戸川,9,複勝,2,120
2023-01-27,江戸川,9,２連単,1-2,270
2023-01-27,江戸川,9,２連複,1-2,210
2023-01-27,江戸川,9,拡連複,1-2,120
2023-01-27,江戸川,9,３連単,1-2-3,820
2023-01-27,江戸川,9,３連複,1-2-3,410
2023-01-27,江戸川,10,単勝,1,210
2023-01-27,江戸川,10,複勝,1,130
2023-01-27,江戸川,10,複勝,4,110
2023-01-27,江戸川,10,２連単,1-4,370
2023-01-27,江戸川,10,２連複,1-4,360
2023-01-27,江戸川,10,拡連複,1-4,170
2023-01-27,江戸川,10,３連単,1-4-3,1030
2023-01-27,江戸川,10,３連複,1-3-4,330
2023-01-27,江戸川,11,単勝,1,110
2023-01-27,江戸川,11,複勝,1,150
2023-01-27,江戸川,11,複勝,2,100
2023-01-27,江戸川,11,２連単,1-2,330
2023-01-27,江戸川,11,２連複,1-2,260
2023-01-27,江戸川,11,拡連複,1-2,100
2023-01-27,江戸川,11,３連単,1-2-4,1880
2023-01-27,江戸川,11,３連複,1-2-4,970
2023-01-27,江戸川,12,単勝,1,100
2023-01-27,江戸川,12,複勝,1,110
2023-01-27,江戸川,12,複勝,5,170
2023-01-27,江戸川,12,２連単,1-5,830
2023-01-27,江戸川,12,２連複,1-5,780
2023-01-27,江戸川,12,拡連複,1-5,240
2023-01-27,江戸川,12,３連単,1-5-4,4390
2023-01-27,江戸川,12,３連複,1-4-5,1290
2023-01-27,戸田,1,単勝,1,220
2023-01-27,戸田,1,複勝,1,130
2023-01-27,戸田,1,複勝,5,450
2023-01-27,戸田,1,２連単,1-5,820
2023-01-27,戸田,1,２連複,1-5,450
2023-01-27,戸田,1,拡連複,1-5,210
2023-01-27,戸田,1,３連単,1-5-2,2210
2023-01-27,戸田,1,３連複,1-2-5,780
2023-01-27,戸田,2,単勝,3,320
2023-01-27,戸田,2,複勝,3,170
2023-01-27,戸田,2,複勝,6,900
2023-01-27,戸田,2,２連単,3-6,2020
2023-01-27,戸田,2,２連複,3-6,1540
2023-01-27,戸田,2,拡連複,3-6,480
2023-01-27,戸田,2,３連単,3-6-1,7750
2023-01-27,戸田,2,３連複,1-3-6,800
2023-01-27,戸田,3,単勝,3,230
2023-01-27,戸田,3,複勝,3,160
2023-01-27,戸田,3,複勝,1,210
2023-01-27,戸田,3,２連単,3-1,1130
2023-01-27,戸田,3,２連複,1-3,480
2023-01-27,戸田,3,拡連複,1-3,260
2023-01-27,戸田,3,３連単,3-1-2,3300
2023-01-27,戸田,3,３連複,1-2-3,730
2023-01-27,戸田,4,単勝,4,460
2023-01-27,戸田,4,複勝,4,330
2023-01-27,戸田,4,複勝,2,140
2023-01-27,戸田,4,２連単,4-2,1570
2023-01-27,戸田,4,２連複,2-4,1070
2023-01-27,戸田,4,拡連複,2-4,440
2023-01-27,戸田,4,３連単,4-2-5,8240
2023-01-27,戸田,4,３連複,2-4-5,1730
2023-01-27,戸田,5,単勝,1,140
2023-01-27,戸田,5,複勝,1,100
2023-01-27,戸田,5,複勝,2,110
2023-01-27,戸田,5,２連単,1-2,450
2023-01-27,戸田,5,２連複,1-2,440
2023-01-27,戸田,5,拡連複,1-2,140
2023-01-27,戸田,5,３連単,1-2-4,650
2023-01-27,戸田,5,３連複,1-2-4,200
2023-01-27,戸田,6,単勝,6,1250
2023-01-27,戸田,6,複勝,6,660
2023-01-27,戸田,6,複勝,4,320
2023-01-27,戸田,6,２連単,6-4,4730
2023-01-27,戸田,6,２連複,4-6,2000
2023-01-27,戸田,6,拡連複,4-6,490
2023-01-27,戸田,6,３連単,6-4-5,23870
2023-01-27,戸田,6,３連複,4-5-6,1170
2023-01-27,戸田,7,単勝,1,100
2023-01-27,戸田,7,複勝,1,100
2023-01-27,戸田,7,複勝,4,180
2023-01-27,戸田,7,２連単,1-4,440
2023-01-27,戸田,7,２連複,1-4,420
2023-01-27,戸田,7,拡連複,1-4,130
2023-01-27,戸田,7,３連単,1-4-3,1840
2023-01-27,戸田,7,３連複,1-3-4,550
2023-01-27,戸田,8,単勝,1,250
2023-01-27,戸田,8,複勝,1,160
2023-01-27,戸田,8,複勝,5,230
2023-01-27,戸田,8,２連単,1-5,1600
2023-01-27,戸田,8,２連複,1-5,1330
2023-01-27,戸田,8,拡連複,1-5,620
2023-01-27,戸田,8,３連単,1-5-3,9790
2023-01-27,戸田,8,３連複,1-3-5,2090
2023-01-27,戸田,9,単勝,3,400
2023-01-27,戸田,9,複勝,3,140
2023-01-27,戸田,9,複勝,1,100
2023-01-27,戸田,9,２連単,3-1,520
2023-01-27,戸田,9,２連複,1-3,190
2023-01-27,戸田,9,拡連複,1-3,170
2023-01-27,戸田,9,３連単,3-1-6,2030
2023-01-27,戸田,9,３連複,1-3-6,360
2023-01-27,戸田,10,単勝,2,330
2023-01-27,戸田,10,複勝,2,130
2023-01-27,戸田,10,複勝,1,100
2023-01-27,戸田,10,２連単,2-1,840
2023-01-27,戸田,10,２連複,1-2,470
2023-01-27,戸田,10,拡連複,1-2,120
2023-01-27,戸田,10,３連単,2-1-3,1650
2023-01-27,戸田,10,３連複,1-2-3,240
2023-01-27,戸田,11,単勝,3,430
2023-01-27,戸田,11,複勝,3,270
2023-01-27,戸田,11,複勝,4,340
2023-01-27,戸田,11,２連単,3-4,1440
2023-01-27,戸田,11,２連複,3-4,1280
2023-01-27,戸田,11,拡連複,3-4,210
2023-01-27,戸田,11,３連単,3-4-6,5750
2023-01-27,戸田,11,３連複,3-4-6,1370
2023-01-27,戸田,12,単勝,6,880
2023-01-27,戸田,12,複勝,6,610
2023-01-27,戸田,12,複勝,4,470
2023-01-27,戸田,12,２連単,6-4,3520
2023-01-27,戸田,12,２連複,4-6,1860
2023-01-27,戸田,12,拡連複,4-6,510
2023-01-27,戸田,12,３連単,6-4-1,18860
2023-01-27,戸田,12,３連複,1-4-6,1170
