日付,レース場,レース番号,レース種別,艇番,登録番号,選手名_x,年齢,支部,体重,級別,全国勝率,全国2連対率,当地勝率,当地2連対率,モーター番号,モーター2連対率,ボート番号,ボート2連対率,天候,風向,風速(m),波高(cm),展示タイム,着順,決まり手,進入,スタートタイミング,レースタイム,選手名_y,出走数,勝利回数,2着回数,3着回数,平均ST,逃げ,差し,まくり,まくり差し,抜き,恵まれ,差され,まくられ,まくり差され,逃し,全体平均ST,1着率,2着率,3着率,逃げ率,逃し率,差し率,まくり率,まくり差し率,差され率,まくられ率,まくり差され率
2021-02-27,大村,1,予選,1,3936,三瀬　譲,43,長崎,55,B1,3.59,18.89,4.66,27.89,29,39.49,75,38.61,曇り,北,4,3,6.83,1,逃げ,1,0.13,1.49.6,三瀬譲,21.0,7.0,2.0,0.0,0.1947619047619047,7.0,0.0,0.0,0.0,0.0,0.0,3.0,6.0,3.0,0.0,0.1911486486486486,0.3333333333333333,0.09523809523809523,0.0,0.3333333333333333,0.0,0.0,0.0,0.0,0.14285714285714285,0.2857142857142857,0.14285714285714285
2021-02-27,大村,1,予選,2,3471,赤峰和也,51,佐賀,55,B1,4.11,19.54,4.36,26.23,73,32.43,27,35.85,曇り,北,4,3,6.88,2,逃げ,2,0.17,1.51.1,赤峰和也,39.0,2.0,12.0,6.0,0.2112820512820513,0.0,2.0,0.0,0.0,0.0,0.0,0.0,0.0,0.0,22.0,0.1954726368159204,0.05128205128205128,0.3076923076923077,0.15384615384615385,0.0,0.5641025641025641,0.05128205128205128,0.0,0.0,0.0,0.0,0.0
2021-02-27,大村,1,予選,3,3151,落合敬一,56,長崎,58,B1,4.17,19.0,5.02,30.0,65,29.17,40,36.31,曇り,北,4,3,6.87,3,逃げ,3,0.16,1.52.2,落合敬一,32.0,1.0,1.0,8.0,0.161875,0.0,0.0,0.0,1.0,0.0,0.0,0.0,0.0,0.0,0.0,0.1914606741573033,0.03125,0.03125,0.25,0.0,0.0,0.0,0.0,0.03125,0.0,0.0,0.0
2021-02-27,大村,1,予選,4,3506,宮西真昭,49,佐賀,54,B1,4.17,18.33,3.93,20.0,51,22.92,63,32.0,曇り,北,4,3,6.8,4,逃げ,4,0.3,1.52.4,宮西真昭,30.0,0.0,1.0,4.0,0.2016666666666666,0.0,0.0,0.0,0.0,0.0,0.0,0.0,0.0,0.0,0.0,0.2154545454545454,0.0,0.03333333333333333,0.13333333333333333,0.0,0.0,0.0,0.0,0.0,0.0,0.0,0.0
2021-02-27,大村,1,予選,5,5107,松本真広,22,福岡,52,B2,1.37,0.0,1.35,0.0,57,35.29,66,37.65,曇り,北,4,3,6.79,6,逃げ,6,0.22,.  .,松本真広,48.0,0.0,0.0,0.0,0.1910416666666666,0.0,0.0,0.0,0.0,0.0,0.0,0.0,0.0,0.0,0.0,0.1865131578947368,0.0,0.0,0.0,0.0,0.0,0.0,0.0,0.0,0.0,0.0,0.0
2021-02-27,大村,1,予選,6,3501,川上昇平,51,長崎,55,B1,4.85,27.1,5.16,35.25,54,25.97,68,37.74,曇り,北,4,3,6.82,5,逃げ,5,0.21,.  .,川上昇平,36.0,0.0,3.0,2.0,0.1616666666666666,0.0,0.0,0.0,0.0,0.0,0.0,0.0,0.0,0.0,0.0,0.1625206611570248,0.0,0.08333333333333333,0.05555555555555555,0.0,0.0,0.0,0.0,0.0,0.0,0.0,0.0
2021-02-27,大村,2,予選,1,3261,大川茂実,57,岡山,51,B1,3.82,15.84,4.03,24.24,11,34.19,24,25.17,曇り,北,4,3,6.77,3,まくり差し,1,0.25,1.51.3,大川茂実,30.0,5.0,8.0,7.0,0.1629999999999999,4.0,0.0,0.0,0.0,1.0,0.0,13.0,6.0,3.0,0.0,0.1769124423963133,0.16666666666666666,0.26666666666666666,0.23333333333333334,0.13333333333333333,0.0,0.0,0.0,0.0,0.43333333333333335,0.2,0.1
2021-02-27,大村,2,予選,2,4446,和田兼輔,34,兵庫,50,A1,6.38,45.16,6.22,41.3,16,20.9,73,33.96,曇り,北,4,3,6.81,5,まくり差し,2,0.19,.  .,和田兼輔,47.0,8.0,15.0,11.0,0.1429787234042553,1.0,6.0,0.0,0.0,0.0,1.0,0.0,0.0,0.0,26.0,0.1417164179104477,0.1702127659574468,0.3191489361702128,0.23404255319148937,0.02127659574468085,0.5531914893617021,0.1276595744680851,0.0,0.0,0.0,0.0,0.0
2021-02-27,大村,2,予選,3,4596,葛原大陽,37,徳島,50,A2,5.42,33.59,5.85,37.74,24,29.22,32,28.13,曇り,北,4,3,6.88,6,まくり差し,3,0.26,.  .,葛原大陽,40.0,4.0,10.0,14.0,0.15625,0.0,1.0,2.0,1.0,0.0,0.0,0.0,0.0,0.0,0.0,0.1614285714285714,0.1,0.25,0.35,0.0,0.0,0.025,0.05,0.025,0.0,0.0,0.0
2021-02-27,大村,2,予選,4,3581,加木　郁,48,山口,53,B1,4.92,24.04,5.64,32.73,55,28.13,33,39.13,曇り,北,4,3,6.85,1,まくり差し,4,0.11,1.48.8,加木郁,37.0,2.0,6.0,11.0,0.187027027027027,0.0,1.0,1.0,0.0,0.0,0.0,0.0,0.0,0.0,0.0,0.1916299559471365,0.05405405405405406,0.16216216216216217,0.2972972972972973,0.0,0.0,0.02702702702702703,0.02702702702702703,0.0,0.0,0.0,0.0
2021-02-27,大村,2,予選,5,4474,渡辺　崇,33,福岡,56,A2,5.61,36.3,5.43,35.19,34,29.03,57,29.68,曇り,北,4,3,6.82,4,まくり差し,5,0.11,1.52.6,渡辺崇,43.0,0.0,7.0,11.0,0.1955813953488372,0.0,0.0,0.0,0.0,0.0,0.0,0.0,0.0,0.0,0.0,0.1748863636363636,0.0,0.16279069767441862,0.2558139534883721,0.0,0.0,0.0,0.0,0.0,0.0,0.0,0.0
2021-02-27,大村,2,予選,6,4966,田川大貴,23,長崎,53,B1,4.65,25.0,4.35,21.55,50,47.56,61,40.0,曇り,北,4,3,6.77,2,まくり差し,6,0.11,1.49.9,田川大貴,31.0,0.0,1.0,5.0,0.1654838709677419,0.0,0.0,0.0,0.0,0.0,0.0,0.0,0.0,0.0,0.0,0.1771291866028708,0.0,0.03225806451612903,0.16129032258064516,0.0,0.0,0.0,0.0,0.0,0.0,0.0,0.0
2021-02-27,大村,3,予選,1,3246,星野政彦,56,兵庫,54,B1,4.84,24.56,4.4,20.0,76,28.74,19,39.1,曇り,北,4,3,6.77,5,まくり,1,0.25,.  .,星野政彦,41.0,26.0,4.0,4.0,0.1690243902439024,25.0,0.0,0.0,0.0,1.0,0.0,4.0,7.0,2.0,0.0,0.1775423728813559,0.6341463414634146,0.0975609756097561,0.0975609756097561,0.6097560975609756,0.0,0.0,0.0,0.0,0.0975609756097561,0.17073170731707318,0.04878048780487805
2021-02-27,大村,3,予選,2,4425,大井清貴,35,山口,53,B1,4.75,27.36,6.17,36.11,25,38.75,45,39.75,曇り,北,4,3,6.82,3,まくり,2,0.23,1.50.7,大井清貴,44.0,4.0,9.0,9.0,0.1818181818181818,1.0,2.0,0.0,0.0,1.0,0.0,0.0,0.0,0.0,28.0,0.1786610878661088,0.09090909090909091,0.20454545454545456,0.20454545454545456,0.022727272727272728,0.6363636363636364,0.045454545454545456,0.0,0.0,0.0,0.0,0.0
2021-02-27,大村,3,予選,3,4677,片橋幸貴,32,滋賀,54,A2,6.01,45.04,5.35,30.77,67,31.58,58,35.8,曇り,北,4,3,6.8,4,まくり,4,0.17,1.50.9,片橋幸貴,39.0,3.0,12.0,8.0,0.1297435897435897,0.0,0.0,1.0,1.0,1.0,0.0,0.0,0.0,0.0,0.0,0.1207539682539682,0.07692307692307693,0.3076923076923077,0.20512820512820512,0.0,0.0,0.0,0.02564102564102564,0.02564102564102564,0.0,0.0,0.0
2021-02-27,大村,3,予選,4,4571,菅　章哉,32,徳島,52,B2,7.32,58.9,6.12,41.18,64,30.12,51,30.25,曇り,北,4,3,6.69,1,まくり,5,0.17,1.49.3,菅章哉,15.0,6.0,2.0,3.0,0.18,0.0,0.0,3.0,2.0,1.0,0.0,0.0,0.0,0.0,0.0,0.1502380952380952,0.4,0.13333333333333333,0.2,0.0,0.0,0.0,0.2,0.13333333333333333,0.0,0.0,0.0
2021-02-27,大村,3,予選,5,3837,秋山広一,45,香川,50,A1,5.98,42.19,6.85,51.22,60,33.74,70,34.18,曇り,北,4,3,6.77,2,まくり,6,0.21,1.49.7,秋山広一,36.0,3.0,6.0,11.0,0.1711111111111111,0.0,1.0,0.0,2.0,0.0,0.0,0.0,0.0,0.0,0.0,0.157003745318352,0.08333333333333333,0.16666666666666666,0.3055555555555556,0.0,0.0,0.027777777777777776,0.0,0.05555555555555555,0.0,0.0,0.0
2021-02-27,大村,3,予選,6,3070,山室展弘,59,岡山,51,A2,5.31,35.21,5.7,38.81,12,47.22,62,32.05,曇り,北,4,3,6.84,6,まくり,3,0.23,.  .,山室展弘,24.0,2.0,1.0,6.0,0.18375,1.0,0.0,0.0,0.0,1.0,0.0,0.0,0.0,0.0,0.0,0.1600564971751412,0.08333333333333333,0.041666666666666664,0.25,0.041666666666666664,0.0,0.0,0.0,0.0,0.0,0.0,0.0
2021-02-27,大村,4,予選,1,3283,窪田好弘,53,福井,52,B1,4.35,24.77,3.45,13.16,40,24.38,41,33.95,曇り,北,4,3,6.83,6,まくり,1,0.15,.  .,窪田好弘,30.0,12.0,2.0,3.0,0.166,12.0,0.0,0.0,0.0,0.0,0.0,5.0,8.0,4.0,0.0,0.1850490196078431,0.4,0.06666666666666667,0.1,0.4,0.0,0.0,0.0,0.0,0.16666666666666666,0.26666666666666666,0.13333333333333333
2021-02-27,大村,4,予選,2,4760,山崎　郡,31,大阪,52,A1,6.76,48.06,6.76,60.0,62,36.0,28,35.46,曇り,北,4,3,6.83,1,まくり,2,0.11,1.49.0,山崎郡,42.0,6.0,15.0,7.0,0.1307142857142857,0.0,3.0,2.0,1.0,0.0,0.0,0.0,0.0,0.0,27.0,0.1315677966101694,0.14285714285714285,0.35714285714285715,0.16666666666666666,0.0,0.6428571428571429,0.07142857142857142,0.047619047619047616,0.023809523809523808,0.0,0.0,0.0
2021-02-27,大村,4,予選,3,4704,河野　大,32,徳島,51,A2,5.79,36.09,5.21,27.66,14,36.31,17,40.0,曇り,北,4,3,6.82,2,まくり,3,0.15,1.50.1,河野大,40.0,2.0,15.0,9.0,0.131,0.0,0.0,1.0,1.0,0.0,0.0,0.0,0.0,0.0,0.0,0.1515891472868217,0.05,0.375,0.225,0.0,0.0,0.0,0.025,0.025,0.0,0.0,0.0
2021-02-27,大村,4,予選,4,3892,草場康幸,45,佐賀,54,B1,4.82,23.93,5.2,29.55,38,31.29,53,35.85,曇り,北,4,3,6.83,5,まくり,4,0.21,.  .,草場康幸,34.0,2.0,3.0,9.0,0.1705882352941176,0.0,0.0,1.0,0.0,0.0,1.0,0.0,0.0,0.0,0.0,0.1731578947368421,0.058823529411764705,0.08823529411764706,0.2647058823529412,0.0,0.0,0.0,0.029411764705882353,0.0,0.0,0.0,0.0
2021-02-27,大村,4,予選,5,3434,松尾宣邦,52,福岡,54,B1,4.61,22.94,0.0,0.0,68,33.14,43,41.92,曇り,北,4,3,6.86,3,まくり,5,0.15,1.51.9,松尾宣邦,43.0,0.0,7.0,8.0,0.1820930232558139,0.0,0.0,0.0,0.0,0.0,0.0,0.0,0.0,0.0,0.0,0.1826609442060086,0.0,0.16279069767441862,0.18604651162790697,0.0,0.0,0.0,0.0,0.0,0.0,0.0,0.0
2021-02-27,大村,4,予選,6,4155,長野壮志,40,福岡,57,A2,5.87,39.55,6.45,55.0,31,27.14,36,38.22,曇り,北,4,3,6.81,4,まくり,6,0.16,1.52.9,長野壮志郎,37.0,2.0,2.0,11.0,0.1478378378378378,0.0,1.0,0.0,0.0,1.0,0.0,0.0,0.0,0.0,0.0,0.1552380952380952,0.05405405405405406,0.05405405405405406,0.2972972972972973,0.0,0.0,0.02702702702702703,0.0,0.0,0.0,0.0,0.0
2021-02-27,大村,5,予選,1,4587,木田峰由,30,福井,53,A2,5.52,39.52,6.0,50.0,63,30.43,30,22.86,曇り,北,3,2,6.82,6,まくり,1,0.17,.  .,木田峰由季,44.0,28.0,7.0,3.0,0.1620454545454545,26.0,0.0,0.0,0.0,2.0,0.0,7.0,6.0,3.0,0.0,0.1812244897959183,0.6363636363636364,0.1590909090909091,0.06818181818181818,0.5909090909090909,0.0,0.0,0.0,0.0,0.1590909090909091,0.13636363636363635,0.06818181818181818
2021-02-27,大村,5,予選,2,4116,川田正人,40,徳島,51,B1,5.3,28.03,5.53,38.24,32,27.27,34,27.89,曇り,北,3,2,6.86,5,まくり,2,0.28,.  .,川田正人,42.0,1.0,11.0,13.0,0.18,0.0,0.0,1.0,0.0,0.0,0.0,0.0,0.0,0.0,24.0,0.1731274131274131,0.023809523809523808,0.2619047619047619,0.30952380952380953,0.0,0.5714285714285714,0.0,0.023809523809523808,0.0,0.0,0.0,0.0
2021-02-27,大村,5,予選,3,3918,深井利寿,46,滋賀,51,A1,5.76,33.59,7.26,52.63,23,44.44,44,27.21,曇り,北,3,2,6.82,1,まくり,3,0.24,1.48.5,深井利寿,39.0,9.0,9.0,8.0,0.152051282051282,0.0,0.0,5.0,4.0,0.0,0.0,0.0,0.0,0.0,0.0,0.1744569288389513,0.23076923076923078,0.23076923076923078,0.20512820512820512,0.0,0.0,0.0,0.1282051282051282,0.10256410256410256,0.0,0.0,0.0
2021-02-27,大村,5,予選,4,3501,川上昇平,51,長崎,55,B1,4.85,27.1,5.16,35.25,54,25.97,68,37.74,曇り,北,3,2,6.85,4,まくり,5,0.33,1.52.9,川上昇平,35.0,1.0,5.0,10.0,0.1468571428571428,0.0,0.0,0.0,1.0,0.0,0.0,0.0,0.0,0.0,0.0,0.1625206611570248,0.02857142857142857,0.14285714285714285,0.2857142857142857,0.0,0.0,0.0,0.0,0.02857142857142857,0.0,0.0,0.0
2021-02-27,大村,5,予選,5,4452,松尾　祭,33,香川,54,A2,5.88,39.22,5.83,39.58,49,34.81,74,30.43,曇り,北,3,2,6.75,3,まくり,6,0.32,1.51.4,松尾祭,37.0,0.0,2.0,9.0,0.171081081081081,0.0,0.0,0.0,0.0,0.0,0.0,0.0,0.0,0.0,0.0,0.1640350877192982,0.0,0.05405405405405406,0.24324324324324326,0.0,0.0,0.0,0.0,0.0,0.0,0.0,0.0
2021-02-27,大村,5,予選,6,3795,金子龍介,48,兵庫,52,A1,6.72,47.46,8.6,73.33,66,29.53,65,30.2,曇り,北,3,2,6.85,2,まくり,4,0.29,1.49.5,金子龍介,39.0,6.0,6.0,8.0,0.1558974358974359,0.0,2.0,1.0,2.0,1.0,0.0,0.0,0.0,0.0,0.0,0.1448062015503876,0.15384615384615385,0.15384615384615385,0.20512820512820512,0.0,0.0,0.05128205128205128,0.02564102564102564,0.05128205128205128,0.0,0.0,0.0
2021-02-27,大村,6,予選,1,4410,井上大輔,34,岡山,52,A2,5.94,40.71,5.74,38.71,20,37.35,48,38.99,曇り,南東,1,1,6.84,2,差し,1,0.06,1.49.2,井上大輔,59.0,38.0,13.0,3.0,0.1583050847457627,34.0,0.0,0.0,0.0,4.0,0.0,8.0,8.0,2.0,0.0,0.17078231292517,0.6440677966101694,0.22033898305084745,0.05084745762711865,0.576271186440678,0.0,0.0,0.0,0.0,0.13559322033898305,0.13559322033898305,0.03389830508474576
2021-02-27,大村,6,予選,2,4100,松田隆司,42,福岡,53,B1,5.27,38.6,0.0,0.0,46,27.03,56,31.25,曇り,南東,1,1,6.79,1,差し,2,0.08,1.48.5,松田隆司,38.0,5.0,14.0,7.0,0.1326315789473684,0.0,3.0,2.0,0.0,0.0,0.0,0.0,0.0,0.0,17.0,0.1733014354066985,0.13157894736842105,0.3684210526315789,0.18421052631578946,0.0,0.4473684210526316,0.07894736842105263,0.05263157894736842,0.0,0.0,0.0,0.0
2021-02-27,大村,6,予選,3,3936,三瀬　譲,43,長崎,55,B1,3.59,18.89,4.66,27.89,29,39.49,75,38.61,曇り,南東,1,1,6.84,5,差し,3,0.13,.  .,三瀬譲,28.0,0.0,4.0,4.0,0.1760714285714285,0.0,0.0,0.0,0.0,0.0,0.0,0.0,0.0,0.0,0.0,0.1911486486486486,0.0,0.14285714285714285,0.14285714285714285,0.0,0.0,0.0,0.0,0.0,0.0,0.0,0.0
2021-02-27,大村,6,予選,4,4180,上野秀和,37,福岡,56,B1,4.35,24.79,4.35,25.49,15,33.54,31,24.65,曇り,南東,1,1,6.88,6,差し,4,0.18,.  .,上野秀和,45.0,4.0,8.0,5.0,0.1626666666666666,0.0,0.0,1.0,2.0,1.0,0.0,0.0,0.0,0.0,0.0,0.1703968253968253,0.08888888888888889,0.17777777777777778,0.1111111111111111,0.0,0.0,0.0,0.022222222222222223,0.044444444444444446,0.0,0.0,0.0
2021-02-27,大村,6,予選,5,3581,加木　郁,48,山口,53,B1,4.92,24.04,5.64,32.73,55,28.13,33,39.13,曇り,南東,1,1,6.86,4,差し,5,0.07,1.52.6,加木郁,38.0,0.0,4.0,9.0,0.1881578947368421,0.0,0.0,0.0,0.0,0.0,0.0,0.0,0.0,0.0,0.0,0.1916299559471365,0.0,0.10526315789473684,0.23684210526315788,0.0,0.0,0.0,0.0,0.0,0.0,0.0,0.0
2021-02-27,大村,6,予選,6,4061,萩原秀人,41,福井,55,A1,6.99,52.94,6.7,44.68,61,36.97,15,40.25,曇り,南東,1,1,6.81,3,差し,6,0.1,1.50.6,萩原秀人,37.0,6.0,8.0,7.0,0.1472972972972973,0.0,0.0,0.0,3.0,3.0,0.0,0.0,0.0,0.0,0.0,0.1371830985915492,0.16216216216216217,0.21621621621621623,0.1891891891891892,0.0,0.0,0.0,0.0,0.08108108108108109,0.0,0.0,0.0
2021-02-27,大村,7,予選,3,4966,田川大貴,23,長崎,53,B1,4.65,25.0,4.35,21.55,50,47.56,61,40.0,曇り,南西,1,1,6.82,3,恵まれ,3,0.07,1.52.7,田川大貴,35.0,1.0,5.0,11.0,0.1605714285714286,0.0,0.0,1.0,0.0,0.0,0.0,0.0,0.0,0.0,0.0,0.1771291866028708,0.02857142857142857,0.14285714285714285,0.3142857142857143,0.0,0.0,0.0,0.02857142857142857,0.0,0.0,0.0,0.0
2021-02-27,大村,7,予選,4,4685,島村隆幸,30,徳島,51,A1,7.01,52.0,6.25,41.67,30,40.49,72,30.26,曇り,南西,1,1,6.8,1,恵まれ,4,0.07,1.47.2,島村隆幸,47.0,10.0,11.0,5.0,0.1429787234042553,1.0,3.0,3.0,3.0,0.0,0.0,0.0,0.0,0.0,0.0,0.1336690647482014,0.2127659574468085,0.23404255319148937,0.10638297872340426,0.02127659574468085,0.0,0.06382978723404255,0.06382978723404255,0.06382978723404255,0.0,0.0,0.0
2021-02-27,大村,7,予選,5,3997,北村征嗣,41,大阪,53,A1,7.05,54.22,7.45,55.0,33,28.03,23,27.15,曇り,南西,1,1,6.83,2,恵まれ,5,0.09,1.49.3,北村征嗣,45.0,5.0,9.0,16.0,0.1615555555555555,0.0,2.0,0.0,3.0,0.0,0.0,0.0,0.0,0.0,0.0,0.1558383233532934,0.1111111111111111,0.2,0.35555555555555557,0.0,0.0,0.044444444444444446,0.0,0.06666666666666667,0.0,0.0,0.0
2021-02-27,大村,7,予選,6,5124,上瀧絢也,24,佐賀,57,B2,1.3,0.0,1.11,0.0,59,29.94,14,27.85,曇り,南西,1,1,6.81,4,恵まれ,6,0.16,1.56.6,上瀧絢也,49.0,0.0,0.0,0.0,0.1781632653061224,0.0,0.0,0.0,0.0,0.0,0.0,0.0,0.0,0.0,0.0,0.1850632911392405,0.0,0.0,0.0,0.0,0.0,0.0,0.0,0.0,0.0,0.0,0.0
2021-02-27,大村,8,予選,1,4210,松村康太,37,福井,54,A1,5.95,35.34,5.65,38.46,43,32.5,50,25.16,曇り,北東,1,1,6.8,1,抜き,1,0.12,1.52.1,松村康太,59.0,34.0,14.0,5.0,0.1659322033898305,33.0,0.0,0.0,0.0,1.0,0.0,8.0,10.0,5.0,0.0,0.1713669064748201,0.576271186440678,0.23728813559322035,0.0847457627118644,0.559322033898305,0.0,0.0,0.0,0.0,0.13559322033898305,0.1694915254237288,0.0847457627118644
2021-02-27,大村,8,予選,2,3123,中西宏文,58,滋賀,51,B1,4.5,18.49,4.0,6.25,28,28.77,69,28.17,曇り,北東,1,1,6.9,2,抜き,2,0.09,1.52.8,中西宏文,43.0,5.0,5.0,12.0,0.1781395348837209,0.0,3.0,1.0,0.0,1.0,0.0,0.0,0.0,0.0,26.0,0.1882857142857142,0.11627906976744186,0.11627906976744186,0.27906976744186046,0.0,0.6046511627906976,0.06976744186046512,0.023255813953488372,0.0,0.0,0.0,0.0
2021-02-27,大村,8,予選,3,4352,下條雄太,34,長崎,53,A1,7.11,52.87,7.46,59.65,19,27.27,64,27.89,曇り,北東,1,1,6.83,3,抜き,3,0.06,1.55.4,下條雄太郎,45.0,11.0,14.0,10.0,0.1282222222222222,1.0,0.0,2.0,4.0,4.0,0.0,0.0,0.0,0.0,0.0,0.1240282685512367,0.24444444444444444,0.3111111111111111,0.2222222222222222,0.022222222222222223,0.0,0.0,0.044444444444444446,0.08888888888888889,0.0,0.0,0.0
2021-02-27,大村,8,予選,4,3434,松尾宣邦,52,福岡,54,B1,4.61,22.94,0.0,0.0,68,33.14,43,41.92,曇り,北東,1,1,6.87,5,抜き,4,0.11,.  .,松尾宣邦,34.0,1.0,6.0,4.0,0.1785294117647058,0.0,0.0,0.0,1.0,0.0,0.0,0.0,0.0,0.0,0.0,0.1826609442060086,0.029411764705882353,0.17647058823529413,0.11764705882352941,0.0,0.0,0.0,0.0,0.029411764705882353,0.0,0.0,0.0
2021-02-27,大村,8,予選,5,4425,大井清貴,35,山口,53,B1,4.75,27.36,6.17,36.11,25,38.75,45,39.75,曇り,北東,1,1,6.93,4,抜き,5,0.03,1.57.7,大井清貴,44.0,0.0,4.0,8.0,0.1756818181818182,0.0,0.0,0.0,0.0,0.0,0.0,0.0,0.0,0.0,0.0,0.1786610878661088,0.0,0.09090909090909091,0.18181818181818182,0.0,0.0,0.0,0.0,0.0,0.0,0.0,0.0
2021-02-27,大村,9,予選特賞,1,4330,奈須啓太,37,福岡,52,A1,6.69,45.45,5.88,46.15,44,26.28,29,36.84,曇り,北東,1,1,6.81,1,逃げ,1,0.15,1.47.8,奈須啓太,61.0,45.0,6.0,7.0,0.1375409836065574,42.0,0.0,0.0,0.0,3.0,0.0,2.0,7.0,4.0,0.0,0.1352313167259786,0.7377049180327869,0.09836065573770492,0.11475409836065574,0.6885245901639344,0.0,0.0,0.0,0.0,0.03278688524590164,0.11475409836065574,0.06557377049180328
2021-02-27,大村,9,予選特賞,2,3892,草場康幸,45,佐賀,54,B1,4.82,23.93,5.2,29.55,38,31.29,53,35.85,曇り,北東,1,1,6.84,6,逃げ,2,0.19,.  .,草場康幸,34.0,3.0,8.0,11.0,0.1588235294117647,1.0,1.0,0.0,0.0,0.0,1.0,0.0,0.0,0.0,17.0,0.1731578947368421,0.08823529411764706,0.23529411764705882,0.3235294117647059,0.029411764705882353,0.5,0.029411764705882353,0.0,0.0,0.0,0.0,0.0
2021-02-27,大村,9,予選特賞,3,4571,菅　章哉,32,徳島,52,B2,7.32,58.9,6.12,41.18,64,30.12,51,30.25,曇り,北東,1,1,6.75,2,逃げ,3,0.17,1.49.7,菅章哉,12.0,6.0,2.0,2.0,0.1241666666666666,0.0,0.0,5.0,1.0,0.0,0.0,0.0,0.0,0.0,0.0,0.1502380952380952,0.5,0.16666666666666666,0.16666666666666666,0.0,0.0,0.0,0.4166666666666667,0.08333333333333333,0.0,0.0,0.0
2021-02-27,大村,9,予選特賞,4,3578,塩田雄一,48,香川,50,B1,4.5,23.7,5.09,31.43,36,42.07,55,27.03,曇り,北東,1,1,6.86,5,逃げ,4,0.21,.  .,塩田雄一,46.0,2.0,9.0,5.0,0.1963043478260869,0.0,1.0,0.0,0.0,1.0,0.0,0.0,0.0,0.0,0.0,0.1902592592592592,0.043478260869565216,0.1956521739130435,0.10869565217391304,0.0,0.0,0.021739130434782608,0.0,0.0,0.0,0.0,0.0
2021-02-27,大村,9,予選特賞,5,4587,木田峰由,30,福井,53,A2,5.52,39.52,6.0,50.0,63,30.43,30,22.86,曇り,北東,1,1,6.89,4,逃げ,5,0.21,1.52.6,木田峰由季,39.0,4.0,1.0,10.0,0.1915384615384615,0.0,0.0,0.0,2.0,2.0,0.0,0.0,0.0,0.0,0.0,0.1812244897959183,0.10256410256410256,0.02564102564102564,0.2564102564102564,0.0,0.0,0.0,0.0,0.05128205128205128,0.0,0.0,0.0
2021-02-27,大村,9,予選特賞,6,4446,和田兼輔,34,兵庫,50,A1,6.38,45.16,6.22,41.3,16,20.9,73,33.96,曇り,北東,1,1,6.86,3,逃げ,6,0.17,1.51.6,和田兼輔,34.0,0.0,6.0,4.0,0.143235294117647,0.0,0.0,0.0,0.0,0.0,0.0,0.0,0.0,0.0,0.0,0.1417164179104477,0.0,0.17647058823529413,0.11764705882352941,0.0,0.0,0.0,0.0,0.0,0.0,0.0,0.0
2021-02-27,大村,10,予選特賞,1,3837,秋山広一,45,香川,50,A1,5.98,42.19,6.85,51.22,60,33.74,70,34.18,曇り,南,2,1,6.8,1,逃げ,1,0.18,1.47.0,秋山広一,56.0,40.0,8.0,4.0,0.1446428571428571,39.0,0.0,0.0,0.0,1.0,0.0,6.0,5.0,2.0,0.0,0.157003745318352,0.7142857142857143,0.14285714285714285,0.07142857142857142,0.6964285714285714,0.0,0.0,0.0,0.0,0.10714285714285714,0.08928571428571429,0.03571428571428571
2021-02-27,大村,10,予選特賞,2,4474,渡辺　崇,33,福岡,56,A2,5.61,36.3,5.43,35.19,34,29.03,57,29.68,曇り,南,2,1,6.85,3,逃げ,2,0.15,1.51.4,渡辺崇,41.0,4.0,13.0,8.0,0.1702439024390244,0.0,3.0,1.0,0.0,0.0,0.0,0.0,0.0,0.0,18.0,0.1748863636363636,0.0975609756097561,0.3170731707317073,0.1951219512195122,0.0,0.43902439024390244,0.07317073170731707,0.024390243902439025,0.0,0.0,0.0,0.0
2021-02-27,大村,10,予選特賞,3,4105,松下直也,41,兵庫,52,A2,5.08,30.95,4.79,29.41,21,31.76,76,32.05,曇り,南,2,1,6.89,2,逃げ,3,0.11,1.49.4,松下直也,49.0,4.0,13.0,5.0,0.1965306122448979,0.0,1.0,1.0,2.0,0.0,0.0,0.0,0.0,0.0,0.0,0.195054945054945,0.08163265306122448,0.2653061224489796,0.10204081632653061,0.0,0.0,0.02040816326530612,0.02040816326530612,0.04081632653061224,0.0,0.0,0.0
2021-02-27,大村,10,予選特賞,4,4100,松田隆司,42,福岡,53,B1,5.27,38.6,0.0,0.0,46,27.03,56,31.25,曇り,南,2,1,6.85,5,逃げ,4,0.13,.  .,松田隆司,36.0,4.0,10.0,5.0,0.1713888888888889,0.0,0.0,2.0,2.0,0.0,0.0,0.0,0.0,0.0,0.0,0.1733014354066985,0.1111111111111111,0.2777777777777778,0.1388888888888889,0.0,0.0,0.0,0.05555555555555555,0.05555555555555555,0.0,0.0,0.0
2021-02-27,大村,10,予選特賞,5,4704,河野　大,32,徳島,51,A2,5.79,36.09,5.21,27.66,14,36.31,17,40.0,曇り,南,2,1,6.86,4,逃げ,5,0.13,1.51.8,河野大,50.0,2.0,7.0,17.0,0.1651999999999999,0.0,1.0,0.0,1.0,0.0,0.0,0.0,0.0,0.0,0.0,0.1515891472868217,0.04,0.14,0.34,0.0,0.0,0.02,0.0,0.02,0.0,0.0,0.0
2021-02-27,大村,10,予選特賞,6,3918,深井利寿,46,滋賀,51,A1,5.76,33.59,7.26,52.63,23,44.44,44,27.21,曇り,南,2,1,6.85,6,逃げ,6,0.14,.  .,深井利寿,39.0,2.0,5.0,8.0,0.2051282051282051,0.0,0.0,0.0,1.0,1.0,0.0,0.0,0.0,0.0,0.0,0.1744569288389513,0.05128205128205128,0.1282051282051282,0.20512820512820512,0.0,0.0,0.0,0.0,0.02564102564102564,0.0,0.0,0.0
2021-02-27,大村,11,予選特選,1,3997,北村征嗣,41,大阪,53,A1,7.05,54.22,7.45,55.0,33,28.03,23,27.15,曇り,南西,2,1,6.86,1,逃げ,1,0.06,1.47.7,北村征嗣,80.0,66.0,10.0,2.0,0.1337499999999999,65.0,0.0,0.0,0.0,1.0,0.0,5.0,8.0,0.0,0.0,0.1558383233532934,0.825,0.125,0.025,0.8125,0.0,0.0,0.0,0.0,0.0625,0.1,0.0
2021-02-27,大村,11,予選特選,2,4155,長野壮志,40,福岡,57,A2,5.87,39.55,6.45,55.0,31,27.14,36,38.22,曇り,南西,2,1,6.89,4,逃げ,2,0.08,1.52.6,長野壮志郎,41.0,12.0,9.0,8.0,0.1624390243902439,0.0,8.0,2.0,0.0,2.0,0.0,0.0,0.0,0.0,19.0,0.1552380952380952,0.2926829268292683,0.21951219512195122,0.1951219512195122,0.0,0.4634146341463415,0.1951219512195122,0.04878048780487805,0.0,0.0,0.0,0.0
2021-02-27,大村,11,予選特選,3,4452,松尾　祭,33,香川,54,A2,5.88,39.22,5.83,39.58,49,34.81,74,30.43,曇り,南西,2,1,6.9,2,逃げ,3,0.12,1.49.0,松尾祭,34.0,5.0,6.0,11.0,0.1438235294117646,0.0,0.0,3.0,1.0,1.0,0.0,0.0,0.0,0.0,0.0,0.1640350877192982,0.14705882352941177,0.17647058823529413,0.3235294117647059,0.0,0.0,0.0,0.08823529411764706,0.029411764705882353,0.0,0.0,0.0
2021-02-27,大村,11,予選特選,4,4210,松村康太,37,福井,54,A1,5.95,35.34,5.65,38.46,43,32.5,50,25.16,曇り,南西,2,1,6.9,5,逃げ,4,0.17,.  .,松村康太,51.0,2.0,8.0,20.0,0.1719607843137255,0.0,2.0,0.0,0.0,0.0,0.0,0.0,0.0,0.0,0.0,0.1713669064748201,0.0392156862745098,0.1568627450980392,0.39215686274509803,0.0,0.0,0.0392156862745098,0.0,0.0,0.0,0.0,0.0
2021-02-27,大村,11,予選特選,5,4410,井上大輔,34,岡山,52,A2,5.94,40.71,5.74,38.71,20,37.35,48,38.99,曇り,南西,2,1,6.94,6,逃げ,5,0.13,.  .,井上大輔,47.0,2.0,10.0,9.0,0.1759574468085106,0.0,0.0,0.0,1.0,1.0,0.0,0.0,0.0,0.0,0.0,0.17078231292517,0.0425531914893617,0.2127659574468085,0.19148936170212766,0.0,0.0,0.0,0.0,0.02127659574468085,0.0,0.0,0.0
2021-02-27,大村,11,予選特選,6,4596,葛原大陽,37,徳島,50,A2,5.42,33.59,5.85,37.74,24,29.22,32,28.13,曇り,南西,2,1,6.92,3,逃げ,6,0.18,1.50.4,葛原大陽,42.0,1.0,5.0,9.0,0.1507142857142857,0.0,0.0,0.0,0.0,1.0,0.0,0.0,0.0,0.0,0.0,0.1614285714285714,0.023809523809523808,0.11904761904761904,0.21428571428571427,0.0,0.0,0.0,0.0,0.0,0.0,0.0,0.0
2021-02-27,大村,12,発祥地選抜,1,4352,下條雄太,34,長崎,53,A1,7.11,52.87,7.46,59.65,19,27.27,64,27.89,曇り,西,1,1,6.92,2,差し,1,0.14,1.48.5,下條雄太郎,75.0,65.0,2.0,4.0,0.1110666666666666,59.0,0.0,0.0,0.0,6.0,0.0,3.0,3.0,1.0,0.0,0.1240282685512367,0.8666666666666667,0.02666666666666667,0.05333333333333334,0.7866666666666666,0.0,0.0,0.0,0.0,0.04,0.04,0.013333333333333334
2021-02-27,大村,12,発祥地選抜,2,3795,金子龍介,48,兵庫,52,A1,6.72,47.46,8.6,73.33,66,29.53,65,30.2,曇り,西,1,1,6.94,1,差し,2,0.15,1.47.5,金子龍介,42.0,7.0,18.0,6.0,0.155,0.0,2.0,4.0,0.0,1.0,0.0,0.0,0.0,0.0,23.0,0.1448062015503876,0.16666666666666666,0.42857142857142855,0.14285714285714285,0.0,0.5476190476190477,0.047619047619047616,0.09523809523809523,0.0,0.0,0.0,0.0
2021-02-27,大村,12,発祥地選抜,3,4061,萩原秀人,41,福井,55,A1,6.99,52.94,6.7,44.68,61,36.97,15,40.25,曇り,西,1,1,6.84,3,差し,3,0.17,1.50.4,萩原秀人,46.0,10.0,12.0,10.0,0.1280434782608695,0.0,2.0,4.0,4.0,0.0,0.0,0.0,0.0,0.0,0.0,0.1371830985915492,0.21739130434782608,0.2608695652173913,0.21739130434782608,0.0,0.0,0.043478260869565216,0.08695652173913043,0.08695652173913043,0.0,0.0,0.0
2021-02-27,大村,12,発祥地選抜,4,4760,山崎　郡,31,大阪,52,A1,6.76,48.06,6.76,60.0,62,36.0,28,35.46,曇り,西,1,1,6.83,6,差し,4,0.22,.  .,山崎郡,34.0,7.0,9.0,7.0,0.1214705882352941,0.0,0.0,7.0,0.0,0.0,0.0,0.0,0.0,0.0,0.0,0.1315677966101694,0.20588235294117646,0.2647058823529412,0.20588235294117646,0.0,0.0,0.0,0.20588235294117646,0.0,0.0,0.0,0.0
2021-02-27,大村,12,発祥地選抜,5,4330,奈須啓太,37,福岡,52,A1,6.69,45.45,5.88,46.15,44,26.28,29,36.84,曇り,西,1,1,6.83,5,差し,5,0.21,.  .,奈須啓太,41.0,7.0,6.0,13.0,0.1212195121951219,0.0,2.0,0.0,4.0,1.0,0.0,0.0,0.0,0.0,0.0,0.1352313167259786,0.17073170731707318,0.14634146341463414,0.3170731707317073,0.0,0.0,0.04878048780487805,0.0,0.0975609756097561,0.0,0.0,0.0
2021-02-27,大村,12,発祥地選抜,6,4685,島村隆幸,30,徳島,51,A1,7.01,52.0,6.25,41.67,30,40.49,72,30.26,曇り,西,1,1,6.86,4,差し,6,0.18,1.51.4,島村隆幸,40.0,5.0,7.0,5.0,0.146,0.0,0.0,2.0,2.0,1.0,0.0,0.0,0.0,0.0,0.0,0.1336690647482014,0.125,0.175,0.125,0.0,0.0,0.0,0.05,0.05,0.0,0.0,0.0
2021-02-27,芦屋,1,一般,1,3618,海野ゆか,47,広島,44,A1,6.23,40.94,6.02,39.53,63,34.36,35,31.82,晴,東,4,4,6.65,1,逃げ,1,0.15,1.47.1,海野ゆかり,64.0,46.0,11.0,2.0,0.17046875,45.0,0.0,0.0,0.0,1.0,0.0,8.0,6.0,3.0,0.0,0.1825352112676056,0.71875,0.171875,0.03125,0.703125,0.0,0.0,0.0,0.0,0.125,0.09375,0.046875
2021-02-27,芦屋,1,一般,2,4884,勝浦真帆,25,岡山,48,B1,4.75,27.52,5.9,30.0,57,30.56,20,37.37,晴,東,4,4,6.7,3,逃げ,2,0.11,1.49.3,勝浦真帆,45.0,9.0,15.0,2.0,0.1164444444444444,0.0,2.0,4.0,0.0,3.0,0.0,0.0,0.0,0.0,26.0,0.1406343283582089,0.2,0.3333333333333333,0.044444444444444446,0.0,0.5777777777777777,0.044444444444444446,0.08888888888888889,0.0,0.0,0.0,0.0
2021-02-27,芦屋,1,一般,3,4447,深川麻奈,34,福岡,50,A1,6.3,45.22,6.52,53.7,37,35.33,59,31.89,晴,東,4,4,6.67,2,逃げ,3,0.13,1.48.6,深川麻奈美,36.0,11.0,10.0,4.0,0.1358333333333333,0.0,1.0,6.0,4.0,0.0,0.0,0.0,0.0,0.0,0.0,0.1598804780876494,0.3055555555555556,0.2777777777777778,0.1111111111111111,0.0,0.0,0.027777777777777776,0.16666666666666666,0.1111111111111111,0.0,0.0,0.0
2021-02-27,芦屋,1,一般,4,4546,浜田亜理,32,埼玉,47,A2,6.07,42.62,6.64,45.45,29,38.36,46,35.05,晴,東,4,4,6.68,5,逃げ,4,0.31,1.51.5,浜田亜理沙,28.0,3.0,6.0,8.0,0.1782142857142857,0.0,1.0,2.0,0.0,0.0,0.0,0.0,0.0,0.0,0.0,0.1869491525423729,0.10714285714285714,0.21428571428571427,0.2857142857142857,0.0,0.0,0.03571428571428571,0.07142857142857142,0.0,0.0,0.0,0.0
2021-02-27,芦屋,1,一般,5,3900,香川素子,44,滋賀,47,A1,6.12,44.92,7.57,65.71,19,42.86,34,37.44,晴,東,4,4,6.7,4,逃げ,5,0.22,1.50.6,香川素子,35.0,0.0,9.0,10.0,0.1671428571428571,0.0,0.0,0.0,0.0,0.0,0.0,0.0,0.0,0.0,0.0,0.1691923076923077,0.0,0.2571428571428571,0.2857142857142857,0.0,0.0,0.0,0.0,0.0,0.0,0.0,0.0
2021-02-27,芦屋,1,一般,6,5003,来田衣織,24,兵庫,47,B1,4.1,22.95,3.14,14.29,38,43.75,36,32.64,晴,東,4,4,6.64,6,逃げ,6,0.16,1.53.3,来田衣織,44.0,0.0,3.0,2.0,0.1702272727272727,0.0,0.0,0.0,0.0,0.0,0.0,0.0,0.0,0.0,0.0,0.1701204819277108,0.0,0.06818181818181818,0.045454545454545456,0.0,0.0,0.0,0.0,0.0,0.0,0.0,0.0
2021-02-27,芦屋,2,一般,1,4938,小芦るり,23,佐賀,49,B1,4.48,22.95,3.76,13.79,25,44.59,47,35.79,晴,東,4,4,6.64,2,差し,1,0.09,1.48.8,小芦るり華,16.0,6.0,3.0,2.0,0.135625,5.0,0.0,0.0,0.0,1.0,0.0,3.0,2.0,3.0,0.0,0.1722012578616352,0.375,0.1875,0.125,0.3125,0.0,0.0,0.0,0.0,0.1875,0.125,0.1875
2021-02-27,芦屋,2,一般,2,4225,土屋千明,38,群馬,46,A1,5.6,36.84,0.0,0.0,39,35.95,14,36.5,晴,東,4,4,6.69,1,差し,2,0.05,1.47.6,土屋千明,29.0,10.0,10.0,0.0,0.1162068965517241,0.0,5.0,4.0,0.0,1.0,0.0,0.0,0.0,0.0,13.0,0.1383333333333333,0.3448275862068966,0.3448275862068966,0.0,0.0,0.4482758620689655,0.1724137931034483,0.13793103448275862,0.0,0.0,0.0,0.0
2021-02-27,芦屋,2,一般,3,4758,富樫麗加,31,東京,52,A2,5.61,39.45,6.38,44.83,27,44.97,33,30.16,晴,東,4,4,6.75,3,差し,3,0.07,1.50.7,富樫麗加,41.0,3.0,18.0,6.0,0.1426829268292682,0.0,2.0,0.0,1.0,0.0,0.0,0.0,0.0,0.0,0.0,0.162716049382716,0.07317073170731707,0.43902439024390244,0.14634146341463414,0.0,0.0,0.04878048780487805,0.0,0.024390243902439025,0.0,0.0,0.0
2021-02-27,芦屋,2,一般,4,4304,藤崎小百,37,福岡,48,B1,5.69,39.09,4.88,29.41,14,30.32,65,34.44,晴,東,4,4,6.74,5,差し,4,0.12,1.52.7,藤崎小百合,39.0,0.0,9.0,9.0,0.1258974358974359,0.0,0.0,0.0,0.0,0.0,0.0,0.0,0.0,0.0,0.0,0.1431782945736434,0.0,0.23076923076923078,0.23076923076923078,0.0,0.0,0.0,0.0,0.0,0.0,0.0,0.0
2021-02-27,芦屋,2,一般,5,4433,川野芽唯,34,福岡,47,A1,6.07,42.28,6.78,53.33,13,44.91,11,33.89,晴,東,4,4,6.72,4,差し,5,0.14,1.51.3,川野芽唯,40.0,3.0,4.0,14.0,0.20175,0.0,1.0,0.0,1.0,1.0,0.0,0.0,0.0,0.0,0.0,0.1918518518518518,0.075,0.1,0.35,0.0,0.0,0.025,0.0,0.025,0.0,0.0,0.0
2021-02-27,芦屋,2,一般,6,5069,山崎小葉,20,群馬,44,B1,2.61,7.04,2.11,0.0,30,30.25,12,31.91,晴,東,4,4,6.68,6,差し,6,0.21,1.55.1,山崎小葉音,47.0,0.0,1.0,3.0,0.1797872340425532,0.0,0.0,0.0,0.0,0.0,0.0,0.0,0.0,0.0,0.0,0.1688607594936708,0.0,0.02127659574468085,0.06382978723404255,0.0,0.0,0.0,0.0,0.0,0.0,0.0,0.0
2021-02-27,芦屋,3,一般,1,4773,中川りな,27,福岡,50,A2,6.12,36.55,6.96,48.15,1,34.57,40,29.57,晴,東,4,4,6.65,2,まくり,1,0.15,1.58.5,中川りな,38.0,23.0,8.0,5.0,0.1663157894736842,21.0,0.0,0.0,0.0,2.0,0.0,0.0,10.0,4.0,0.0,0.1739068100358423,0.6052631578947368,0.21052631578947367,0.13157894736842105,0.5526315789473685,0.0,0.0,0.0,0.0,0.0,0.2631578947368421,0.10526315789473684
2021-02-27,芦屋,3,一般,2,5019,柴田百恵,21,静岡,46,B1,4.25,15.0,3.4,13.33,17,37.33,49,38.19,晴,東,4,4,6.68,3,まくり,2,0.17,2.02.7,柴田百恵,25.0,3.0,4.0,8.0,0.1675999999999999,0.0,0.0,1.0,0.0,2.0,0.0,0.0,0.0,0.0,14.0,0.1657803468208092,0.12,0.16,0.32,0.0,0.56,0.0,0.04,0.0,0.0,0.0,0.0
2021-02-27,芦屋,3,一般,3,4825,倉持莉々,27,東京,50,A2,5.45,29.85,0.0,0.0,33,31.48,57,43.01,晴,東,4,4,6.76,5,まくり,3,0.19,2.11.1,倉持莉々,33.0,5.0,10.0,6.0,0.1548484848484848,0.0,1.0,1.0,2.0,1.0,0.0,0.0,0.0,0.0,0.0,0.1572850678733031,0.15151515151515152,0.30303030303030304,0.18181818181818182,0.0,0.0,0.030303030303030304,0.030303030303030304,0.06060606060606061,0.0,0.0,0.0
2021-02-27,芦屋,3,一般,4,4045,佐々木裕,41,山口,46,A2,5.32,33.88,6.3,48.48,43,38.36,13,33.85,晴,東,4,4,6.65,1,まくり,4,0.12,1.55.5,佐々木裕美,43.0,7.0,6.0,11.0,0.1583720930232558,0.0,2.0,4.0,0.0,1.0,0.0,0.0,0.0,0.0,0.0,0.163235294117647,0.16279069767441862,0.13953488372093023,0.2558139534883721,0.0,0.0,0.046511627906976744,0.09302325581395349,0.0,0.0,0.0,0.0
2021-02-27,芦屋,3,一般,6,5078,山川波乙,23,三重,45,B1,2.07,1.72,2.38,12.5,64,36.02,16,29.51,晴,東,4,4,6.69,4,まくり,6,0.15,2.06.5,山川波乙,48.0,0.0,0.0,1.0,0.1722916666666666,0.0,0.0,0.0,0.0,0.0,0.0,0.0,0.0,0.0,0.0,0.1705042016806722,0.0,0.0,0.020833333333333332,0.0,0.0,0.0,0.0,0.0,0.0,0.0,0.0
2021-02-27,芦屋,4,一般,1,3435,寺田千恵,51,岡山,45,A1,6.64,43.86,6.8,50.0,36,36.48,38,33.16,晴,東,4,4,6.69,3,まくり,1,0.22,1.50.1,寺田千恵,51.0,31.0,9.0,5.0,0.1668627450980392,27.0,0.0,0.0,0.0,3.0,1.0,10.0,5.0,3.0,0.0,0.1643442622950819,0.6078431372549019,0.17647058823529413,0.09803921568627451,0.5294117647058824,0.0,0.0,0.0,0.0,0.19607843137254902,0.09803921568627451,0.058823529411764705
2021-02-27,芦屋,4,一般,2,4974,安井瑞紀,27,岡山,50,B1,4.29,27.27,2.06,6.25,49,36.42,64,35.23,晴,東,4,4,6.71,6,まくり,2,0.23,1.57.3,安井瑞紀,26.0,7.0,2.0,5.0,0.1957692307692307,1.0,3.0,3.0,0.0,0.0,0.0,0.0,0.0,0.0,9.0,0.1748148148148148,0.2692307692307692,0.07692307692307693,0.19230769230769232,0.038461538461538464,0.34615384615384615,0.11538461538461539,0.11538461538461539,0.0,0.0,0.0,0.0
2021-02-27,芦屋,4,一般,3,4478,櫻本あゆ,33,東京,48,A1,5.7,40.24,0.0,0.0,31,33.75,68,36.68,晴,東,4,4,6.67,5,まくり,3,0.2,1.54.8,櫻本あゆみ,33.0,9.0,10.0,9.0,0.1621212121212121,0.0,0.0,5.0,2.0,2.0,0.0,0.0,0.0,0.0,0.0,0.1743333333333333,0.2727272727272727,0.30303030303030304,0.2727272727272727,0.0,0.0,0.0,0.15151515151515152,0.06060606060606061,0.0,0.0,0.0
2021-02-27,芦屋,4,一般,4,4387,平山智加,35,香川,45,A1,6.69,41.67,9.0,77.78,45,33.14,23,40.91,晴,東,4,4,6.62,1,まくり,4,0.14,1.47.1,平山智加,43.0,6.0,11.0,10.0,0.1527906976744186,0.0,2.0,3.0,0.0,1.0,0.0,0.0,0.0,0.0,0.0,0.158995983935743,0.13953488372093023,0.2558139534883721,0.23255813953488372,0.0,0.0,0.046511627906976744,0.06976744186046512,0.0,0.0,0.0,0.0
2021-02-27,芦屋,4,一般,5,4882,瀧川千依,25,広島,46,B1,3.72,21.79,5.3,30.0,53,36.63,51,33.16,晴,東,4,4,6.62,2,まくり,5,0.13,1.47.9,瀧川千依,29.0,0.0,3.0,3.0,0.2141379310344827,0.0,0.0,0.0,0.0,0.0,0.0,0.0,0.0,0.0,0.0,0.2050602409638554,0.0,0.10344827586206896,0.10344827586206896,0.0,0.0,0.0,0.0,0.0,0.0,0.0,0.0
2021-02-27,芦屋,4,一般,6,4730,土屋実沙,32,静岡,46,A2,6.25,50.4,5.39,39.29,41,36.59,25,38.78,晴,東,4,4,6.69,4,まくり,6,0.23,1.53.5,土屋実沙希,38.0,0.0,5.0,6.0,0.1776315789473684,0.0,0.0,0.0,0.0,0.0,0.0,0.0,0.0,0.0,0.0,0.17125,0.0,0.13157894736842105,0.15789473684210525,0.0,0.0,0.0,0.0,0.0,0.0,0.0,0.0
2021-02-27,芦屋,5,一般,1,3900,香川素子,44,滋賀,47,A1,6.12,44.92,7.57,65.71,19,42.86,34,37.44,晴,東,3,3,6.7,1,逃げ,1,0.03,1.46.5,香川素子,54.0,38.0,9.0,3.0,0.1616666666666666,36.0,0.0,0.0,0.0,2.0,0.0,5.0,2.0,6.0,0.0,0.1691923076923077,0.7037037037037037,0.16666666666666666,0.05555555555555555,0.6666666666666666,0.0,0.0,0.0,0.0,0.09259259259259259,0.037037037037037035,0.1111111111111111
2021-02-27,芦屋,5,一般,2,4714,喜多須杏,30,徳島,48,B1,5.36,29.73,4.75,20.0,15,29.2,58,41.75,晴,東,3,3,6.73,5,逃げ,2,0.02,1.52.7,喜多須杏奈,31.0,2.0,8.0,8.0,0.1548387096774193,0.0,2.0,0.0,0.0,0.0,0.0,0.0,0.0,0.0,20.0,0.1779787234042553,0.06451612903225806,0.25806451612903225,0.25806451612903225,0.0,0.6451612903225806,0.06451612903225806,0.0,0.0,0.0,0.0,0.0
2021-02-27,芦屋,5,一般,3,4885,大山千広,25,福岡,47,A1,6.02,34.38,6.24,43.85,51,35.06,28,32.31,晴,東,3,3,6.75,2,逃げ,3,0.01,1.48.3,大山千広,29.0,6.0,6.0,5.0,0.123103448275862,0.0,4.0,2.0,0.0,0.0,0.0,0.0,0.0,0.0,0.0,0.1286315789473684,0.20689655172413793,0.20689655172413793,0.1724137931034483,0.0,0.0,0.13793103448275862,0.06896551724137931,0.0,0.0,0.0,0.0
2021-02-27,芦屋,5,一般,4,4678,水野望美,32,愛知,46,A2,5.33,32.06,5.57,36.67,2,34.15,62,31.02,晴,東,3,3,6.71,4,逃げ,4,0.04,1.51.3,水野望美,31.0,2.0,5.0,7.0,0.1438709677419354,0.0,1.0,0.0,0.0,1.0,0.0,0.0,0.0,0.0,0.0,0.1449107142857142,0.06451612903225806,0.16129032258064516,0.22580645161290322,0.0,0.0,0.03225806451612903,0.0,0.0,0.0,0.0,0.0
2021-02-27,芦屋,5,一般,5,4123,細川裕子,39,愛知,47,A1,6.75,49.21,6.91,50.0,40,30.59,70,35.68,晴,東,3,3,6.7,3,逃げ,5,0.08,1.49.5,細川裕子,42.0,4.0,7.0,11.0,0.1819047619047619,0.0,0.0,1.0,3.0,0.0,0.0,0.0,0.0,0.0,0.0,0.1843478260869565,0.09523809523809523,0.16666666666666666,0.2619047619047619,0.0,0.0,0.0,0.023809523809523808,0.07142857142857142,0.0,0.0,0.0
2021-02-27,芦屋,5,一般,6,5057,上田紗奈,24,大阪,46,B1,2.63,11.63,2.38,6.25,59,31.36,53,34.01,晴,東,3,3,6.68,6,逃げ,6,0.13,1.53.9,上田紗奈,43.0,0.0,3.0,3.0,0.193953488372093,0.0,0.0,0.0,0.0,0.0,0.0,0.0,0.0,0.0,0.0,0.1746853146853147,0.0,0.06976744186046512,0.06976744186046512,0.0,0.0,0.0,0.0,0.0,0.0,0.0,0.0
2021-02-27,芦屋,6,一般,1,4433,川野芽唯,34,福岡,47,A1,6.07,42.28,6.78,53.33,13,44.91,11,33.89,晴,南東,2,2,6.72,4,抜き,1,0.19,1.51.1,川野芽唯,64.0,35.0,9.0,9.0,0.191875,34.0,0.0,0.0,0.0,1.0,0.0,10.0,13.0,4.0,0.0,0.1918518518518518,0.546875,0.140625,0.140625,0.53125,0.0,0.0,0.0,0.0,0.15625,0.203125,0.0625
2021-02-27,芦屋,6,一般,2,5003,来田衣織,24,兵庫,47,B1,4.1,22.95,3.14,14.29,38,43.75,36,32.64,晴,南東,2,2,6.68,5,抜き,2,0.23,1.53.4,来田衣織,44.0,3.0,11.0,6.0,0.1859090909090909,0.0,0.0,2.0,0.0,1.0,0.0,0.0,0.0,0.0,27.0,0.1701204819277108,0.06818181818181818,0.25,0.13636363636363635,0.0,0.6136363636363636,0.0,0.045454545454545456,0.0,0.0,0.0,0.0
2021-02-27,芦屋,6,一般,3,4589,塩崎桐加,28,三重,50,A1,6.24,43.41,7.7,60.0,18,42.77,67,29.24,晴,南東,2,2,6.69,3,抜き,3,0.08,1.49.7,塩崎桐加,43.0,9.0,10.0,10.0,0.1493023255813953,0.0,2.0,3.0,2.0,2.0,0.0,0.0,0.0,0.0,0.0,0.1553696498054474,0.20930232558139536,0.23255813953488372,0.23255813953488372,0.0,0.0,0.046511627906976744,0.06976744186046512,0.046511627906976744,0.0,0.0,0.0
2021-02-27,芦屋,6,一般,4,4758,富樫麗加,31,東京,52,A2,5.61,39.45,6.38,44.83,27,44.97,33,30.16,晴,南東,2,2,6.76,2,抜き,4,0.08,1.48.3,富樫麗加,44.0,4.0,7.0,11.0,0.1545454545454545,0.0,1.0,2.0,0.0,1.0,0.0,0.0,0.0,0.0,0.0,0.162716049382716,0.09090909090909091,0.1590909090909091,0.25,0.0,0.0,0.022727272727272728,0.045454545454545456,0.0,0.0,0.0,0.0
2021-02-27,芦屋,6,一般,5,4546,浜田亜理,32,埼玉,47,A2,6.07,42.62,6.64,45.45,29,38.36,46,35.05,晴,南東,2,2,6.73,1,抜き,5,0.12,1.46.8,浜田亜理沙,31.0,2.0,6.0,8.0,0.1790322580645161,0.0,1.0,0.0,1.0,0.0,0.0,0.0,0.0,0.0,0.0,0.1869491525423729,0.06451612903225806,0.1935483870967742,0.25806451612903225,0.0,0.0,0.03225806451612903,0.0,0.03225806451612903,0.0,0.0,0.0
2021-02-27,芦屋,6,一般,6,4909,薮内瑞希,25,岡山,43,B1,4.67,22.22,4.63,25.0,35,33.13,37,33.51,晴,南東,2,2,6.69,6,抜き,6,0.11,1.53.5,薮内瑞希,34.0,1.0,3.0,7.0,0.1588235294117647,0.0,0.0,0.0,1.0,0.0,0.0,0.0,0.0,0.0,0.0,0.1587096774193548,0.029411764705882353,0.08823529411764706,0.20588235294117646,0.0,0.0,0.0,0.0,0.029411764705882353,0.0,0.0,0.0
2021-02-27,芦屋,7,一般,1,4901,出口舞有,28,愛知,46,A2,5.81,43.8,5.55,38.71,10,33.53,55,33.14,晴,東,3,3,6.68,2,まくり,1,0.21,1.49.5,出口舞有子,51.0,33.0,5.0,5.0,0.1486274509803921,32.0,0.0,0.0,0.0,1.0,0.0,0.0,13.0,5.0,0.0,0.1431914893617021,0.6470588235294118,0.09803921568627451,0.09803921568627451,0.6274509803921569,0.0,0.0,0.0,0.0,0.0,0.2549019607843137,0.09803921568627451
2021-02-27,芦屋,7,一般,2,4045,佐々木裕,41,山口,46,A2,5.32,33.88,6.3,48.48,43,38.36,13,33.85,晴,東,3,3,6.7,4,まくり,2,0.2,1.50.8,佐々木裕美,34.0,8.0,3.0,6.0,0.1702941176470588,1.0,7.0,0.0,0.0,0.0,0.0,0.0,0.0,0.0,15.0,0.163235294117647,0.23529411764705882,0.08823529411764706,0.17647058823529413,0.029411764705882353,0.4411764705882353,0.20588235294117646,0.0,0.0,0.0,0.0,0.0
2021-02-27,芦屋,7,一般,3,4938,小芦るり,23,佐賀,49,B1,4.48,22.95,3.76,13.79,25,44.59,47,35.79,晴,東,3,3,6.67,1,まくり,3,0.16,1.47.2,小芦るり華,31.0,5.0,10.0,7.0,0.1535483870967741,0.0,0.0,3.0,0.0,2.0,0.0,0.0,0.0,0.0,0.0,0.1722012578616352,0.16129032258064516,0.3225806451612903,0.22580645161290322,0.0,0.0,0.0,0.0967741935483871,0.0,0.0,0.0,0.0
2021-02-27,芦屋,7,一般,4,4447,深川麻奈,34,福岡,50,A1,6.3,45.22,6.52,53.7,37,35.33,59,31.89,晴,東,3,3,6.75,5,まくり,4,0.11,1.52.5,深川麻奈美,41.0,5.0,9.0,9.0,0.1626829268292683,0.0,1.0,2.0,2.0,0.0,0.0,0.0,0.0,0.0,0.0,0.1598804780876494,0.12195121951219512,0.21951219512195122,0.21951219512195122,0.0,0.0,0.024390243902439025,0.04878048780487805,0.04878048780487805,0.0,0.0,0.0
2021-02-27,芦屋,7,一般,5,5069,山崎小葉,20,群馬,44,B1,2.61,7.04,2.11,0.0,30,30.25,12,31.91,晴,東,3,3,6.72,6,まくり,5,0.13,1.53.6,山崎小葉音,56.0,2.0,3.0,4.0,0.1691071428571428,0.0,0.0,2.0,0.0,0.0,0.0,0.0,0.0,0.0,0.0,0.1688607594936708,0.03571428571428571,0.05357142857142857,0.07142857142857142,0.0,0.0,0.0,0.03571428571428571,0.0,0.0,0.0,0.0
2021-02-27,芦屋,7,一般,6,4825,倉持莉々,27,東京,50,A2,5.45,29.85,0.0,0.0,33,31.48,57,43.01,晴,東,3,3,6.78,3,まくり,6,0.11,1.50.4,倉持莉々,39.0,2.0,2.0,8.0,0.1638461538461538,0.0,0.0,1.0,0.0,1.0,0.0,0.0,0.0,0.0,0.0,0.1572850678733031,0.05128205128205128,0.05128205128205128,0.20512820512820512,0.0,0.0,0.0,0.02564102564102564,0.0,0.0,0.0,0.0
2021-02-27,芦屋,8,一般,1,4387,平山智加,35,香川,45,A1,6.69,41.67,9.0,77.78,45,33.14,23,40.91,晴,東,4,4,6.65,1,逃げ,1,0.11,1.46.1,平山智加,59.0,41.0,8.0,4.0,0.147457627118644,40.0,0.0,0.0,0.0,1.0,0.0,5.0,5.0,5.0,0.0,0.158995983935743,0.6949152542372882,0.13559322033898305,0.06779661016949153,0.6779661016949152,0.0,0.0,0.0,0.0,0.0847457627118644,0.0847457627118644,0.0847457627118644
2021-02-27,芦屋,8,一般,2,4304,藤崎小百,37,福岡,48,B1,5.69,39.09,4.88,29.41,14,30.32,65,34.44,晴,東,4,4,6.78,3,逃げ,2,0.09,1.49.9,藤崎小百合,42.0,6.0,14.0,6.0,0.1514285714285714,0.0,3.0,0.0,0.0,3.0,0.0,0.0,0.0,0.0,24.0,0.1431782945736434,0.14285714285714285,0.3333333333333333,0.14285714285714285,0.0,0.5714285714285714,0.07142857142857142,0.0,0.0,0.0,0.0,0.0
2021-02-27,芦屋,8,一般,3,4773,中川りな,27,福岡,50,A2,6.12,36.55,6.96,48.15,1,34.57,40,29.57,晴,東,4,4,6.68,6,逃げ,3,0.22,1.52.8,中川りな,51.0,10.0,10.0,11.0,0.1784313725490196,0.0,0.0,3.0,5.0,2.0,0.0,0.0,0.0,0.0,0.0,0.1739068100358423,0.19607843137254902,0.19607843137254902,0.21568627450980393,0.0,0.0,0.0,0.058823529411764705,0.09803921568627451,0.0,0.0,0.0
2021-02-27,芦屋,8,一般,4,4478,櫻本あゆ,33,東京,48,A1,5.7,40.24,0.0,0.0,31,33.75,68,36.68,晴,東,4,4,6.74,4,逃げ,4,0.12,1.50.5,櫻本あゆみ,28.0,6.0,7.0,4.0,0.1846428571428571,0.0,0.0,5.0,0.0,1.0,0.0,0.0,0.0,0.0,0.0,0.1743333333333333,0.21428571428571427,0.25,0.14285714285714285,0.0,0.0,0.0,0.17857142857142858,0.0,0.0,0.0,0.0
2021-02-27,芦屋,8,一般,5,3618,海野ゆか,47,広島,44,A1,6.23,40.94,6.02,39.53,63,34.36,35,31.82,晴,東,4,4,6.74,5,逃げ,5,0.13,1.51.9,海野ゆかり,40.0,0.0,6.0,13.0,0.1925,0.0,0.0,0.0,0.0,0.0,0.0,0.0,0.0,0.0,0.0,0.1825352112676056,0.0,0.15,0.325,0.0,0.0,0.0,0.0,0.0,0.0,0.0,0.0
2021-02-27,芦屋,8,一般,6,5019,柴田百恵,21,静岡,46,B1,4.25,15.0,3.4,13.33,17,37.33,49,38.19,晴,東,4,4,6.68,2,逃げ,6,0.13,1.48.8,柴田百恵,37.0,0.0,2.0,5.0,0.1629729729729729,0.0,0.0,0.0,0.0,0.0,0.0,0.0,0.0,0.0,0.0,0.1657803468208092,0.0,0.05405405405405406,0.13513513513513514,0.0,0.0,0.0,0.0,0.0,0.0,0.0,0.0
2021-02-27,芦屋,9,一般,1,4885,大山千広,25,福岡,47,A1,6.02,34.38,6.24,43.85,51,35.06,28,32.31,晴,東,4,4,6.66,1,逃げ,1,0.16,1.46.6,大山千広,47.0,36.0,2.0,1.0,0.1291489361702127,35.0,0.0,0.0,0.0,0.0,1.0,0.0,7.0,1.0,0.0,0.1286315789473684,0.7659574468085106,0.0425531914893617,0.02127659574468085,0.7446808510638298,0.0,0.0,0.0,0.0,0.0,0.14893617021276595,0.02127659574468085
2021-02-27,芦屋,9,一般,2,4882,瀧川千依,25,広島,46,B1,3.72,21.79,5.3,30.0,53,36.63,51,33.16,晴,東,4,4,6.59,2,逃げ,2,0.11,1.47.5,瀧川千依,29.0,3.0,4.0,4.0,0.1962068965517241,0.0,1.0,2.0,0.0,0.0,0.0,0.0,0.0,0.0,15.0,0.2050602409638554,0.10344827586206896,0.13793103448275862,0.13793103448275862,0.0,0.5172413793103449,0.034482758620689655,0.06896551724137931,0.0,0.0,0.0,0.0
2021-02-27,芦屋,9,一般,3,4123,細川裕子,39,愛知,47,A1,6.75,49.21,6.91,50.0,40,30.59,70,35.68,晴,東,4,4,6.66,4,逃げ,3,0.09,1.50.8,細川裕子,60.0,12.0,16.0,18.0,0.1793333333333333,0.0,2.0,3.0,5.0,2.0,0.0,0.0,0.0,0.0,0.0,0.1843478260869565,0.2,0.26666666666666666,0.3,0.0,0.0,0.03333333333333333,0.05,0.08333333333333333,0.0,0.0,0.0
2021-02-27,芦屋,9,一般,4,4823,中村桃佳,28,香川,45,A2,6.72,48.28,0.0,0.0,42,33.33,69,34.62,晴,東,4,4,6.78,3,逃げ,4,0.11,1.49.7,中村桃佳,36.0,5.0,13.0,8.0,0.1497222222222222,0.0,0.0,4.0,1.0,0.0,0.0,0.0,0.0,0.0,0.0,0.1554838709677419,0.1388888888888889,0.3611111111111111,0.2222222222222222,0.0,0.0,0.0,0.1111111111111111,0.027777777777777776,0.0,0.0,0.0
2021-02-27,芦屋,9,一般,5,4225,土屋千明,38,群馬,46,A1,5.6,36.84,0.0,0.0,39,35.95,14,36.5,晴,東,4,4,6.68,6,逃げ,5,0.08,1.53.7,土屋千明,26.0,0.0,4.0,6.0,0.1303846153846153,0.0,0.0,0.0,0.0,0.0,0.0,0.0,0.0,0.0,0.0,0.1383333333333333,0.0,0.15384615384615385,0.23076923076923078,0.0,0.0,0.0,0.0,0.0,0.0,0.0,0.0
2021-02-27,芦屋,9,一般,6,4974,安井瑞紀,27,岡山,50,B1,4.29,27.27,2.06,6.25,49,36.42,64,35.23,晴,東,4,4,6.75,5,逃げ,6,0.26,1.53.7,安井瑞紀,36.0,1.0,2.0,2.0,0.1677777777777777,0.0,0.0,1.0,0.0,0.0,0.0,0.0,0.0,0.0,0.0,0.1748148148148148,0.027777777777777776,0.05555555555555555,0.05555555555555555,0.0,0.0,0.0,0.027777777777777776,0.0,0.0,0.0,0.0
2021-02-27,芦屋,10,準優勝戦,1,4117,廣中智紗,40,東京,45,A1,6.54,49.45,7.57,66.67,4,33.33,15,41.08,晴,東,2,2,6.67,4,差し,1,0.14,1.50.6,廣中智紗衣,41.0,26.0,8.0,3.0,0.1870731707317073,26.0,0.0,0.0,0.0,0.0,0.0,2.0,8.0,4.0,0.0,0.1783248730964467,0.6341463414634146,0.1951219512195122,0.07317073170731707,0.6341463414634146,0.0,0.0,0.0,0.0,0.04878048780487805,0.1951219512195122,0.0975609756097561
2021-02-27,芦屋,10,準優勝戦,2,4399,松本晶恵,33,群馬,48,A1,7.04,55.36,7.18,68.18,6,34.57,45,34.44,晴,東,2,2,6.68,3,差し,2,0.13,1.49.5,松本晶恵,33.0,7.0,16.0,2.0,0.1569696969696969,1.0,5.0,0.0,0.0,1.0,0.0,0.0,0.0,0.0,18.0,0.1584033613445378,0.21212121212121213,0.48484848484848486,0.06060606060606061,0.030303030303030304,0.5454545454545454,0.15151515151515152,0.0,0.0,0.0,0.0,0.0
2021-02-27,芦屋,10,準優勝戦,3,4450,平高奈菜,33,香川,46,A1,6.46,46.46,5.36,31.82,61,34.97,26,29.59,晴,東,2,2,6.63,2,差し,3,0.09,1.47.4,平高奈菜,44.0,8.0,15.0,8.0,0.1452272727272727,0.0,2.0,3.0,3.0,0.0,0.0,0.0,0.0,0.0,0.0,0.137011952191235,0.18181818181818182,0.3409090909090909,0.18181818181818182,0.0,0.0,0.045454545454545456,0.06818181818181818,0.06818181818181818,0.0,0.0,0.0
2021-02-27,芦屋,10,準優勝戦,4,4556,竹井奈美,31,福岡,47,A1,6.59,49.64,5.68,39.47,48,31.72,54,38.55,晴,東,2,2,6.68,1,差し,4,0.1,1.45.5,竹井奈美,35.0,9.0,7.0,6.0,0.1531428571428571,0.0,0.0,7.0,2.0,0.0,0.0,0.0,0.0,0.0,0.0,0.1607818930041152,0.2571428571428571,0.2,0.17142857142857143,0.0,0.0,0.0,0.2,0.05714285714285714,0.0,0.0,0.0
2021-02-27,芦屋,10,準優勝戦,5,4183,宇野弥生,34,愛知,48,A2,5.94,41.82,6.93,62.5,21,35.19,24,31.12,晴,東,2,2,6.64,5,差し,5,0.07,1.52.1,宇野弥生,44.0,3.0,2.0,11.0,0.1372727272727272,0.0,1.0,0.0,1.0,1.0,0.0,0.0,0.0,0.0,0.0,0.1327838827838827,0.06818181818181818,0.045454545454545456,0.25,0.0,0.0,0.022727272727272728,0.0,0.022727272727272728,0.0,0.0,0.0
2021-02-27,芦屋,10,準優勝戦,6,4519,清水沙樹,34,東京,49,B1,5.31,37.25,5.0,25.0,54,36.75,30,36.68,晴,東,2,2,6.63,6,差し,6,0.14,1.53.3,清水沙樹,33.0,3.0,1.0,7.0,0.1809090909090909,0.0,0.0,1.0,2.0,0.0,0.0,0.0,0.0,0.0,0.0,0.1727167630057803,0.09090909090909091,0.030303030303030304,0.21212121212121213,0.0,0.0,0.0,0.030303030303030304,0.06060606060606061,0.0,0.0,0.0
2021-02-27,芦屋,11,準優勝戦,1,4502,遠藤エミ,33,滋賀,45,A1,7.18,51.69,6.55,48.28,12,32.48,56,32.99,晴,東,2,2,6.67,1,逃げ,1,0.17,1.46.5,遠藤エミ,51.0,36.0,8.0,4.0,0.1313725490196078,34.0,0.0,0.0,0.0,2.0,0.0,4.0,4.0,5.0,0.0,0.1419004524886877,0.7058823529411765,0.1568627450980392,0.0784313725490196,0.6666666666666666,0.0,0.0,0.0,0.0,0.0784313725490196,0.0784313725490196,0.09803921568627451
2021-02-27,芦屋,11,準優勝戦,2,4464,山下友貴,34,静岡,44,A2,5.98,39.32,0.0,0.0,60,32.94,29,34.69,晴,東,2,2,6.67,6,逃げ,2,0.22,1.53.2,山下友貴,37.0,7.0,5.0,8.0,0.1694594594594594,0.0,6.0,1.0,0.0,0.0,0.0,0.0,0.0,0.0,18.0,0.160091743119266,0.1891891891891892,0.13513513513513514,0.21621621621621623,0.0,0.4864864864864865,0.16216216216216217,0.02702702702702703,0.0,0.0,0.0,0.0
2021-02-27,芦屋,11,準優勝戦,3,4482,守屋美穂,32,岡山,44,A1,6.52,43.8,7.89,64.44,65,38.85,18,34.55,晴,東,2,2,6.66,5,逃げ,3,0.17,1.50.6,守屋美穂,51.0,10.0,14.0,6.0,0.1676470588235294,0.0,2.0,4.0,3.0,1.0,0.0,0.0,0.0,0.0,0.0,0.1629109589041096,0.19607843137254902,0.27450980392156865,0.11764705882352941,0.0,0.0,0.0392156862745098,0.0784313725490196,0.058823529411764705,0.0,0.0,0.0
2021-02-27,芦屋,11,準優勝戦,4,3611,岩崎芳美,48,徳島,48,A1,6.15,45.04,6.58,47.5,62,37.43,22,30.9,晴,東,2,2,6.72,2,逃げ,4,0.16,1.48.1,岩崎芳美,44.0,4.0,10.0,10.0,0.1625,0.0,0.0,1.0,3.0,0.0,0.0,0.0,0.0,0.0,0.0,0.1584615384615384,0.09090909090909091,0.22727272727272727,0.22727272727272727,0.0,0.0,0.0,0.022727272727272728,0.06818181818181818,0.0,0.0,0.0
2021-02-27,芦屋,11,準優勝戦,5,4313,西村美智,36,香川,49,A2,6.19,42.28,0.0,0.0,50,32.93,21,32.09,晴,東,2,2,6.69,4,逃げ,5,0.15,1.49.9,西村美智子,43.0,4.0,5.0,13.0,0.1481395348837209,0.0,1.0,0.0,2.0,1.0,0.0,0.0,0.0,0.0,0.0,0.1533466135458167,0.09302325581395349,0.11627906976744186,0.3023255813953488,0.0,0.0,0.023255813953488372,0.0,0.046511627906976744,0.0,0.0,0.0
2021-02-27,芦屋,11,準優勝戦,6,4456,鎌倉　涼,31,大阪,45,A1,7.49,61.61,0.0,0.0,28,33.56,17,29.44,晴,東,2,2,6.72,3,逃げ,6,0.16,1.48.4,鎌倉涼,28.0,1.0,4.0,9.0,0.1892857142857142,0.0,1.0,0.0,0.0,0.0,0.0,0.0,0.0,0.0,0.0,0.1627835051546391,0.03571428571428571,0.14285714285714285,0.32142857142857145,0.0,0.0,0.03571428571428571,0.0,0.0,0.0,0.0,0.0
2021-02-27,芦屋,12,準優勝戦,1,4530,小野生奈,32,福岡,46,A1,6.97,52.94,7.25,52.5,56,34.15,75,33.7,晴,東,3,3,6.63,1,逃げ,1,0.17,1.46.5,小野生奈,65.0,47.0,9.0,1.0,0.112,45.0,0.0,0.0,0.0,2.0,0.0,11.0,5.0,2.0,0.0,0.1443115942028985,0.7230769230769231,0.13846153846153847,0.015384615384615385,0.6923076923076923,0.0,0.0,0.0,0.0,0.16923076923076924,0.07692307692307693,0.03076923076923077
2021-02-27,芦屋,12,準優勝戦,2,4726,島田なぎ,33,埼玉,46,B1,5.31,35.64,4.26,25.81,16,31.06,61,37.95,晴,東,3,3,6.66,6,逃げ,2,0.13,1.53.8,島田なぎさ,36.0,5.0,12.0,5.0,0.1516666666666666,0.0,3.0,1.0,0.0,0.0,1.0,0.0,0.0,0.0,22.0,0.1508,0.1388888888888889,0.3333333333333333,0.1388888888888889,0.0,0.6111111111111112,0.08333333333333333,0.027777777777777776,0.0,0.0,0.0,0.0
2021-02-27,芦屋,12,準優勝戦,3,4050,田口節子,40,岡山,45,A1,7.15,58.82,6.91,58.7,5,35.71,50,35.05,晴,東,3,3,6.65,3,逃げ,3,0.12,1.49.7,田口節子,33.0,6.0,13.0,7.0,0.1784848484848484,0.0,0.0,3.0,2.0,1.0,0.0,0.0,0.0,0.0,0.0,0.1695780590717299,0.18181818181818182,0.3939393939393939,0.21212121212121213,0.0,0.0,0.0,0.09090909090909091,0.06060606060606061,0.0,0.0,0.0
2021-02-27,芦屋,12,準優勝戦,4,3232,山川美由,54,香川,45,A1,5.91,38.14,6.77,50.0,9,38.22,44,40.74,晴,東,3,3,6.67,4,逃げ,4,0.08,1.50.2,山川美由紀,29.0,4.0,8.0,7.0,0.156551724137931,0.0,0.0,0.0,3.0,1.0,0.0,0.0,0.0,0.0,0.0,0.1494117647058823,0.13793103448275862,0.27586206896551724,0.2413793103448276,0.0,0.0,0.0,0.0,0.10344827586206896,0.0,0.0,0.0
2021-02-27,芦屋,12,準優勝戦,5,3999,大瀧明日,41,愛知,46,A1,6.25,41.38,6.52,55.17,58,39.51,27,47.4,晴,東,3,3,6.73,2,逃げ,5,0.11,1.47.7,大瀧明日香,46.0,2.0,4.0,18.0,0.173695652173913,0.0,0.0,0.0,1.0,1.0,0.0,0.0,0.0,0.0,0.0,0.1597142857142857,0.043478260869565216,0.08695652173913043,0.391304347826087,0.0,0.0,0.0,0.0,0.021739130434782608,0.0,0.0,0.0
2021-02-27,芦屋,12,準優勝戦,6,4443,津田裕絵,34,山口,50,A2,5.8,39.02,5.64,36.0,24,32.93,52,38.83,晴,東,3,3,6.74,5,逃げ,6,0.19,1.51.6,津田裕絵,34.0,1.0,3.0,5.0,0.2467647058823529,0.0,1.0,0.0,0.0,0.0,0.0,0.0,0.0,0.0,0.0,0.1944505494505494,0.029411764705882353,0.08823529411764706,0.14705882352941177,0.0,0.0,0.029411764705882353,0.0,0.0,0.0,0.0,0.0
2021-02-27,下関,1,シーモ戦,1,3901,松田憲幸,43,山口,53,A2,5.31,38.06,6.04,43.7,28,48.48,50,29.95,晴,南,2,2,6.75,1,逃げ,1,0.14,1.48.6,松田憲幸,52.0,23.0,19.0,4.0,0.175,21.0,0.0,0.0,0.0,2.0,0.0,7.0,4.0,15.0,0.0,0.1885512367491166,0.4423076923076923,0.36538461538461536,0.07692307692307693,0.40384615384615385,0.0,0.0,0.0,0.0,0.1346153846153846,0.07692307692307693,0.28846153846153844
2021-02-27,下関,1,シーモ戦,2,3339,泉　具巳,55,兵庫,55,B1,5.26,33.33,4.15,20.0,30,33.33,74,40.98,晴,南,2,2,6.75,3,逃げ,2,0.18,1.49.6,泉具巳,46.0,4.0,18.0,11.0,0.1576086956521739,0.0,3.0,1.0,0.0,0.0,0.0,0.0,0.0,0.0,25.0,0.1517407407407407,0.08695652173913043,0.391304347826087,0.2391304347826087,0.0,0.5434782608695652,0.06521739130434782,0.021739130434782608,0.0,0.0,0.0,0.0
2021-02-27,下関,1,シーモ戦,3,4567,上村慎太,33,山口,52,B1,4.25,16.13,4.35,17.78,21,39.82,54,36.45,晴,南,2,2,6.67,5,逃げ,4,0.27,.  .,上村慎太郎,34.0,4.0,7.0,4.0,0.1902941176470588,0.0,0.0,4.0,0.0,0.0,0.0,0.0,0.0,0.0,0.0,0.2106153846153846,0.11764705882352941,0.20588235294117646,0.11764705882352941,0.0,0.0,0.0,0.11764705882352941,0.0,0.0,0.0,0.0
2021-02-27,下関,1,シーモ戦,4,4985,井本昌也,23,山口,49,B1,5.45,34.17,4.32,22.34,72,32.51,49,42.31,晴,南,2,2,6.78,4,逃げ,6,0.14,1.51.6,井本昌也,35.0,2.0,5.0,9.0,0.1831428571428571,0.0,1.0,0.0,1.0,0.0,0.0,0.0,0.0,0.0,0.0,0.1862325581395348,0.05714285714285714,0.14285714285714285,0.2571428571428571,0.0,0.0,0.02857142857142857,0.0,0.02857142857142857,0.0,0.0,0.0
2021-02-27,下関,1,シーモ戦,5,4600,井内将太,36,広島,52,B1,5.38,33.33,5.64,40.48,40,41.47,47,32.41,晴,南,2,2,6.68,2,逃げ,3,0.19,1.49.2,井内将太郎,33.0,0.0,3.0,9.0,0.1778787878787879,0.0,0.0,0.0,0.0,0.0,0.0,0.0,0.0,0.0,0.0,0.1703125,0.0,0.09090909090909091,0.2727272727272727,0.0,0.0,0.0,0.0,0.0,0.0,0.0,0.0
2021-02-27,下関,1,シーモ戦,6,5067,山田真聖,22,山口,56,B1,3.47,16.36,2.6,7.14,53,27.27,66,32.86,晴,南,2,2,6.76,6,逃げ,5,0.21,.  .,山田真聖,48.0,0.0,0.0,1.0,0.19,0.0,0.0,0.0,0.0,0.0,0.0,0.0,0.0,0.0,0.0,0.1692817679558011,0.0,0.0,0.020833333333333332,0.0,0.0,0.0,0.0,0.0,0.0,0.0,0.0
2021-02-27,下関,2,予選,1,4871,菊池宏志,28,山口,54,B1,4.36,16.67,3.52,13.79,17,34.6,20,36.23,晴,南,3,3,6.67,1,抜き,1,0.39,1.49.4,菊池宏志,25.0,6.0,3.0,6.0,0.1724,4.0,0.0,0.0,0.0,2.0,0.0,5.0,7.0,4.0,0.0,0.1800574712643678,0.24,0.12,0.24,0.16,0.0,0.0,0.0,0.0,0.2,0.28,0.16
2021-02-27,下関,2,予選,2,4712,冨好祐真,30,兵庫,54,B1,4.02,15.53,3.4,10.0,64,27.36,69,39.71,晴,南,3,3,6.73,3,抜き,2,0.41,1.52.2,冨好祐真,36.0,2.0,7.0,6.0,0.1766666666666666,0.0,2.0,0.0,0.0,0.0,0.0,0.0,0.0,0.0,17.0,0.1809793814432989,0.05555555555555555,0.19444444444444445,0.16666666666666666,0.0,0.4722222222222222,0.05555555555555555,0.0,0.0,0.0,0.0,0.0
2021-02-27,下関,2,予選,3,4041,小林基樹,41,山口,52,B1,3.81,16.24,4.72,32.81,24,35.96,37,34.13,晴,南,3,3,6.69,2,抜き,3,0.36,1.50.8,小林基樹,50.0,3.0,9.0,10.0,0.179,0.0,0.0,2.0,1.0,0.0,0.0,0.0,0.0,0.0,0.0,0.2059245283018868,0.06,0.18,0.2,0.0,0.0,0.0,0.04,0.02,0.0,0.0,0.0
2021-02-27,下関,2,予選,4,4674,池田剛規,33,福岡,52,B1,4.66,26.05,5.8,40.0,32,27.86,65,39.42,晴,南,3,3,6.71,5,抜き,4,0.37,.  .,池田剛規,36.0,2.0,5.0,9.0,0.1580555555555555,0.0,2.0,0.0,0.0,0.0,0.0,0.0,0.0,0.0,0.0,0.1527391304347826,0.05555555555555555,0.1388888888888889,0.25,0.0,0.0,0.05555555555555555,0.0,0.0,0.0,0.0,0.0
2021-02-27,下関,2,予選,5,5106,山崎　祥,22,山口,51,B2,1.83,2.17,2.16,4.0,15,40.36,68,37.25,晴,南,3,3,6.67,6,抜き,6,0.44,.  .,山崎祥,34.0,1.0,2.0,0.0,0.2038235294117647,0.0,0.0,0.0,1.0,0.0,0.0,0.0,0.0,0.0,0.0,0.2037719298245614,0.029411764705882353,0.058823529411764705,0.0,0.0,0.0,0.0,0.0,0.029411764705882353,0.0,0.0,0.0
2021-02-27,下関,2,予選,6,4250,藤川利文,38,福岡,56,B1,3.96,17.33,4.0,17.95,20,33.16,71,34.45,晴,南,3,3,6.76,4,抜き,5,0.41,1.53.6,藤川利文,25.0,0.0,1.0,2.0,0.188,0.0,0.0,0.0,0.0,0.0,0.0,0.0,0.0,0.0,0.0,0.186775956284153,0.0,0.04,0.08,0.0,0.0,0.0,0.0,0.0,0.0,0.0,0.0
2021-02-27,下関,3,予選,1,4981,牧山敦也,24,佐賀,51,B1,4.26,20.54,0.0,0.0,50,33.17,55,33.33,晴,南,3,3,6.67,2,まくり差し,1,0.21,1.50.2,牧山敦也,28.0,10.0,5.0,3.0,0.1835714285714285,9.0,1.0,0.0,0.0,0.0,0.0,1.0,10.0,3.0,0.0,0.1721276595744681,0.35714285714285715,0.17857142857142858,0.10714285714285714,0.32142857142857145,0.0,0.03571428571428571,0.0,0.0,0.03571428571428571,0.35714285714285715,0.10714285714285714
2021-02-27,下関,3,予選,2,3543,福田雅一,52,香川,55,A2,5.65,41.5,5.61,44.44,46,31.51,53,34.91,晴,南,3,3,6.74,5,まくり差し,2,0.17,.  .,福田雅一,40.0,5.0,17.0,6.0,0.15525,0.0,2.0,2.0,1.0,0.0,0.0,0.0,0.0,0.0,22.0,0.1475095785440613,0.125,0.425,0.15,0.0,0.55,0.05,0.05,0.025,0.0,0.0,0.0
2021-02-27,下関,3,予選,3,4839,四宮与寛,30,徳島,52,A2,5.0,32.84,4.94,37.5,35,33.5,34,35.96,晴,南,3,3,6.71,3,まくり差し,3,0.17,1.51.6,四宮与寛,32.0,5.0,11.0,4.0,0.163125,0.0,1.0,1.0,3.0,0.0,0.0,0.0,0.0,0.0,0.0,0.1550510204081632,0.15625,0.34375,0.125,0.0,0.0,0.03125,0.03125,0.09375,0.0,0.0,0.0
2021-02-27,下関,3,予選,4,4672,守屋大地,34,岡山,52,B1,4.08,18.18,4.25,18.75,37,40.65,15,38.34,晴,南,3,3,6.66,4,まくり差し,4,0.09,1.53.0,守屋大地,24.0,0.0,2.0,7.0,0.1729166666666667,0.0,0.0,0.0,0.0,0.0,0.0,0.0,0.0,0.0,0.0,0.1676978417266187,0.0,0.08333333333333333,0.2916666666666667,0.0,0.0,0.0,0.0,0.0,0.0,0.0,0.0
2021-02-27,下関,3,予選,5,4324,海野康志,33,山口,59,A1,7.38,61.26,6.99,54.23,48,42.25,75,31.4,晴,南,3,3,6.66,1,まくり差し,5,0.09,1.49.5,海野康志郎,39.0,4.0,6.0,7.0,0.1669230769230769,0.0,1.0,0.0,2.0,1.0,0.0,0.0,0.0,0.0,0.0,0.1454032258064516,0.10256410256410256,0.15384615384615385,0.1794871794871795,0.0,0.0,0.02564102564102564,0.0,0.05128205128205128,0.0,0.0,0.0
2021-02-27,下関,3,予選,6,5040,木村　颯,22,山口,53,B2,1.51,4.26,1.71,2.08,67,26.24,26,44.55,晴,南,3,3,6.69,6,まくり差し,6,0.11,.  .,木村颯,48.0,0.0,0.0,1.0,0.1920833333333333,0.0,0.0,0.0,0.0,0.0,0.0,0.0,0.0,0.0,0.0,0.1830612244897959,0.0,0.0,0.020833333333333332,0.0,0.0,0.0,0.0,0.0,0.0,0.0,0.0
2021-02-27,下関,4,予選,1,5027,重冨勇哉,24,山口,55,B1,3.87,18.52,2.26,7.58,74,31.75,57,30.29,晴,南,2,2,6.7,2,まくり差し,1,0.16,1.49.5,重冨勇哉,12.0,6.0,0.0,1.0,0.1191666666666666,6.0,0.0,0.0,0.0,0.0,0.0,2.0,3.0,1.0,0.0,0.1658598726114649,0.5,0.0,0.08333333333333333,0.5,0.0,0.0,0.0,0.0,0.16666666666666666,0.25,0.08333333333333333
2021-02-27,下関,4,予選,2,4015,前野竜一,41,山口,59,A2,6.28,44.88,6.27,46.15,18,30.04,60,37.13,晴,南,2,2,6.7,3,まくり差し,2,0.27,1.50.3,前野竜一,43.0,5.0,12.0,16.0,0.1641860465116279,0.0,3.0,1.0,0.0,1.0,0.0,0.0,0.0,0.0,25.0,0.1496442687747035,0.11627906976744186,0.27906976744186046,0.37209302325581395,0.0,0.5813953488372093,0.06976744186046512,0.023255813953488372,0.0,0.0,0.0,0.0
2021-02-27,下関,4,予選,3,3522,長溝一生,52,佐賀,54,A2,6.42,47.12,5.84,39.22,49,28.7,22,37.02,晴,南,2,2,6.67,5,まくり差し,5,0.26,.  .,長溝一生,51.0,6.0,11.0,12.0,0.1656862745098039,0.0,2.0,3.0,0.0,1.0,0.0,0.0,0.0,0.0,0.0,0.1642857142857142,0.11764705882352941,0.21568627450980393,0.23529411764705882,0.0,0.0,0.0392156862745098,0.058823529411764705,0.0,0.0,0.0,0.0
2021-02-27,下関,4,予選,4,5009,大賀龍之,24,福岡,55,B1,4.31,23.28,2.88,8.0,66,34.48,43,36.41,晴,南,2,2,6.69,6,まくり差し,6,0.25,.  .,大賀龍之介,30.0,2.0,2.0,3.0,0.173,0.0,0.0,2.0,0.0,0.0,0.0,0.0,0.0,0.0,0.0,0.1774585635359115,0.06666666666666667,0.06666666666666667,0.1,0.0,0.0,0.0,0.06666666666666667,0.0,0.0,0.0,0.0
2021-02-27,下関,4,予選,5,4703,森永　隆,32,山口,51,A1,6.16,44.74,5.72,36.71,60,29.21,38,41.06,晴,南,2,2,6.7,1,まくり差し,3,0.24,1.48.0,森永隆,41.0,5.0,9.0,8.0,0.1590243902439024,0.0,1.0,2.0,1.0,1.0,0.0,0.0,0.0,0.0,0.0,0.1569536423841059,0.12195121951219512,0.21951219512195122,0.1951219512195122,0.0,0.0,0.024390243902439025,0.04878048780487805,0.024390243902439025,0.0,0.0,0.0
2021-02-27,下関,4,予選,6,3743,林　美憲,46,徳島,52,A1,7.18,57.25,6.5,53.13,62,34.12,61,30.52,晴,南,2,2,6.69,4,まくり差し,4,0.22,1.51.2,林美憲,39.0,6.0,9.0,9.0,0.1469230769230769,0.0,1.0,3.0,1.0,1.0,0.0,0.0,0.0,0.0,0.0,0.1455830388692579,0.15384615384615385,0.23076923076923078,0.23076923076923078,0.0,0.0,0.02564102564102564,0.07692307692307693,0.02564102564102564,0.0,0.0,0.0
2021-02-27,下関,5,予選,1,4584,村岡賢人,31,岡山,53,A1,6.11,41.59,6.24,32.61,59,40.58,11,32.86,晴,南,2,2,6.66,1,抜き,1,0.15,1.48.0,村岡賢人,52.0,32.0,11.0,5.0,0.1553846153846154,30.0,0.0,0.0,0.0,2.0,0.0,7.0,6.0,6.0,0.0,0.1476305220883534,0.6153846153846154,0.21153846153846154,0.09615384615384616,0.5769230769230769,0.0,0.0,0.0,0.0,0.1346153846153846,0.11538461538461539,0.11538461538461539
2021-02-27,下関,5,予選,2,4991,宗行治哉,23,広島,50,B1,5.06,30.77,6.5,41.67,58,28.57,48,35.47,晴,南,2,2,6.73,4,抜き,2,0.16,1.50.8,宗行治哉,29.0,1.0,7.0,6.0,0.216551724137931,0.0,1.0,0.0,0.0,0.0,0.0,0.0,0.0,0.0,13.0,0.1814942528735632,0.034482758620689655,0.2413793103448276,0.20689655172413793,0.0,0.4482758620689655,0.034482758620689655,0.0,0.0,0.0,0.0,0.0
2021-02-27,下関,5,予選,3,5043,中村日向,22,香川,53,B1,5.18,30.43,3.73,15.38,11,51.77,36,35.24,晴,南,2,2,6.62,5,抜き,3,0.28,.  .,中村日向,26.0,3.0,8.0,6.0,0.16,0.0,1.0,0.0,1.0,1.0,0.0,0.0,0.0,0.0,0.0,0.1780769230769231,0.11538461538461539,0.3076923076923077,0.23076923076923078,0.0,0.0,0.038461538461538464,0.0,0.038461538461538464,0.0,0.0,0.0
2021-02-27,下関,5,予選,4,4179,広次　修,38,山口,52,A2,5.54,37.9,5.93,43.33,45,35.81,29,41.12,晴,南,2,2,6.7,2,抜き,4,0.17,1.49.6,広次修,42.0,3.0,8.0,15.0,0.1354761904761904,0.0,1.0,0.0,2.0,0.0,0.0,0.0,0.0,0.0,0.0,0.1543772241992882,0.07142857142857142,0.19047619047619047,0.35714285714285715,0.0,0.0,0.023809523809523808,0.0,0.047619047619047616,0.0,0.0,0.0
2021-02-27,下関,5,予選,5,4411,沢田昭宏,34,大阪,55,B1,5.04,23.33,5.58,26.92,16,31.02,14,36.32,晴,南,2,2,6.72,3,抜き,5,0.19,1.50.4,沢田昭宏,36.0,2.0,3.0,8.0,0.2,0.0,0.0,0.0,2.0,0.0,0.0,0.0,0.0,0.0,0.0,0.2075396825396825,0.05555555555555555,0.08333333333333333,0.2222222222222222,0.0,0.0,0.0,0.0,0.05555555555555555,0.0,0.0,0.0
2021-02-27,下関,5,予選,6,5000,岡本翔太,26,山口,51,B1,3.92,20.24,4.36,23.16,55,32.35,12,35.27,晴,南,2,2,6.62,6,抜き,6,0.21,.  .,岡本翔太郎,31.0,1.0,0.0,5.0,0.1512903225806451,0.0,0.0,0.0,1.0,0.0,0.0,0.0,0.0,0.0,0.0,0.1601630434782608,0.03225806451612903,0.0,0.16129032258064516,0.0,0.0,0.0,0.0,0.03225806451612903,0.0,0.0,0.0
2021-02-27,下関,6,予選,1,3566,川添英正,50,福岡,50,B1,5.09,33.58,6.69,61.54,73,40.19,17,31.71,晴,東,1,1,6.65,2,まくり,1,0.21,1.50.2,川添英正,41.0,15.0,16.0,3.0,0.1582926829268292,13.0,0.0,0.0,0.0,2.0,0.0,11.0,3.0,9.0,0.0,0.1972839506172839,0.36585365853658536,0.3902439024390244,0.07317073170731707,0.3170731707317073,0.0,0.0,0.0,0.0,0.2682926829268293,0.07317073170731707,0.21951219512195122
2021-02-27,下関,6,予選,2,4985,井本昌也,23,山口,49,B1,5.45,34.17,4.32,22.34,72,32.51,49,42.31,晴,東,1,1,6.7,5,まくり,2,0.18,.  .,井本昌也,36.0,4.0,10.0,4.0,0.2033333333333333,0.0,3.0,1.0,0.0,0.0,0.0,0.0,0.0,0.0,17.0,0.1862325581395348,0.1111111111111111,0.2777777777777778,0.1111111111111111,0.0,0.4722222222222222,0.08333333333333333,0.027777777777777776,0.0,0.0,0.0,0.0
2021-02-27,下関,6,予選,3,3961,谷村一哉,42,山口,54,A1,6.8,54.23,7.02,53.49,29,28.64,23,31.46,晴,東,1,1,6.7,4,まくり,3,0.19,1.51.7,谷村一哉,51.0,7.0,15.0,15.0,0.1511764705882353,0.0,2.0,1.0,4.0,0.0,0.0,0.0,0.0,0.0,0.0,0.1580188679245283,0.13725490196078433,0.29411764705882354,0.29411764705882354,0.0,0.0,0.0392156862745098,0.0196078431372549,0.0784313725490196,0.0,0.0,0.0
2021-02-27,下関,6,予選,4,4363,大野芳顕,36,福岡,53,A1,6.38,51.59,5.76,41.18,43,44.12,52,33.17,晴,東,1,1,6.63,1,まくり,4,0.07,1.48.5,大野芳顕,49.0,7.0,10.0,9.0,0.1530612244897959,0.0,1.0,3.0,2.0,1.0,0.0,0.0,0.0,0.0,0.0,0.141505376344086,0.14285714285714285,0.20408163265306123,0.1836734693877551,0.0,0.0,0.02040816326530612,0.061224489795918366,0.04081632653061224,0.0,0.0,0.0
2021-02-27,下関,6,予選,5,4674,池田剛規,33,福岡,52,B1,4.66,26.05,5.8,40.0,32,27.86,65,39.42,晴,東,1,1,6.7,6,まくり,5,0.07,.  .,池田剛規,46.0,2.0,4.0,6.0,0.1434782608695652,0.0,0.0,0.0,2.0,0.0,0.0,0.0,0.0,0.0,0.0,0.1527391304347826,0.043478260869565216,0.08695652173913043,0.13043478260869565,0.0,0.0,0.0,0.0,0.043478260869565216,0.0,0.0,0.0
2021-02-27,下関,6,予選,6,3300,川崎智幸,53,岡山,53,A1,6.64,49.33,5.74,33.33,12,28.26,44,35.92,晴,東,1,1,6.69,3,まくり,6,0.09,1.51.3,川崎智幸,39.0,1.0,6.0,10.0,0.1633333333333333,0.0,0.0,0.0,1.0,0.0,0.0,0.0,0.0,0.0,0.0,0.1472262773722628,0.02564102564102564,0.15384615384615385,0.2564102564102564,0.0,0.0,0.0,0.0,0.02564102564102564,0.0,0.0,0.0
2021-02-27,下関,7,ふく～る特賞,1,4000,松本博昭,44,広島,55,A2,6.08,40.14,5.79,35.71,70,39.42,13,30.95,晴,東,1,1,6.63,3,まくり,1,0.3,1.51.2,松本博昭,61.0,40.0,11.0,5.0,0.1572131147540983,38.0,0.0,0.0,0.0,2.0,0.0,6.0,7.0,5.0,0.0,0.1746315789473684,0.6557377049180327,0.18032786885245902,0.08196721311475409,0.6229508196721312,0.0,0.0,0.0,0.0,0.09836065573770492,0.11475409836065574,0.08196721311475409
2021-02-27,下関,7,ふく～る特賞,2,4981,牧山敦也,24,佐賀,51,B1,4.26,20.54,0.0,0.0,50,33.17,55,33.33,晴,東,1,1,6.71,5,まくり,2,0.24,.  .,牧山敦也,44.0,1.0,9.0,8.0,0.1593181818181818,0.0,1.0,0.0,0.0,0.0,0.0,0.0,0.0,0.0,24.0,0.1721276595744681,0.022727272727272728,0.20454545454545456,0.18181818181818182,0.0,0.5454545454545454,0.022727272727272728,0.0,0.0,0.0,0.0,0.0
2021-02-27,下関,7,ふく～る特賞,3,3658,阪本聖秀,46,大阪,52,B1,3.67,19.57,4.53,31.58,13,38.57,64,39.62,晴,東,1,1,6.7,6,まくり,3,0.23,.  .,阪本聖秀,33.0,3.0,2.0,3.0,0.1527272727272727,0.0,0.0,2.0,0.0,0.0,1.0,0.0,0.0,0.0,0.0,0.1719375,0.09090909090909091,0.06060606060606061,0.09090909090909091,0.0,0.0,0.0,0.06060606060606061,0.0,0.0,0.0,0.0
2021-02-27,下関,7,ふく～る特賞,4,4361,柳生泰二,36,山口,54,A1,6.92,52.94,6.46,43.75,51,36.7,40,36.59,晴,東,1,1,6.74,1,まくり,4,0.13,1.48.5,柳生泰二,46.0,3.0,13.0,9.0,0.1669565217391304,0.0,0.0,3.0,0.0,0.0,0.0,0.0,0.0,0.0,0.0,0.1534507042253521,0.06521739130434782,0.2826086956521739,0.1956521739130435,0.0,0.0,0.0,0.06521739130434782,0.0,0.0,0.0,0.0
2021-02-27,下関,7,ふく～る特賞,5,3711,江本真治,46,山口,54,A2,6.24,45.19,5.6,38.93,25,40.99,62,32.21,晴,東,1,1,6.72,2,まくり,5,0.19,1.49.5,江本真治,59.0,4.0,9.0,12.0,0.1606779661016949,0.0,0.0,1.0,0.0,3.0,0.0,0.0,0.0,0.0,0.0,0.1642628205128205,0.06779661016949153,0.15254237288135594,0.2033898305084746,0.0,0.0,0.0,0.01694915254237288,0.0,0.0,0.0,0.0
2021-02-27,下関,7,ふく～る特賞,6,5106,山崎　祥,22,山口,51,B2,1.83,2.17,2.16,4.0,15,40.36,68,37.25,晴,東,1,1,6.72,4,まくり,6,0.14,1.52.7,山崎祥,77.0,0.0,1.0,3.0,0.2066233766233766,0.0,0.0,0.0,0.0,0.0,0.0,0.0,0.0,0.0,0.0,0.2037719298245614,0.0,0.012987012987012988,0.03896103896103896,0.0,0.0,0.0,0.0,0.0,0.0,0.0,0.0
2021-02-27,下関,8,予選,1,4820,上野　励,29,福岡,57,B2,2.87,11.11,2.19,4.76,42,41.5,16,29.51,晴,東,1,1,6.67,6,まくり差し,1,0.29,.  .,上野励,10.0,2.0,2.0,3.0,0.188,2.0,0.0,0.0,0.0,0.0,0.0,5.0,1.0,2.0,0.0,0.1742727272727273,0.2,0.2,0.3,0.2,0.0,0.0,0.0,0.0,0.5,0.1,0.2
2021-02-27,下関,8,予選,2,3568,木村光宏,50,香川,53,A2,5.58,43.94,7.35,52.94,63,40.69,21,29.89,晴,東,1,1,6.71,5,まくり差し,3,0.18,.  .,木村光宏,48.0,8.0,14.0,6.0,0.1727083333333333,0.0,5.0,3.0,0.0,0.0,0.0,0.0,0.0,0.0,27.0,0.1743014705882353,0.16666666666666666,0.2916666666666667,0.125,0.0,0.5625,0.10416666666666667,0.0625,0.0,0.0,0.0,0.0
2021-02-27,下関,8,予選,3,4239,竹田辰也,37,山口,53,A1,6.65,52.58,6.97,50.0,34,41.96,70,36.76,晴,東,1,1,6.7,1,まくり差し,4,0.17,1.48.1,竹田辰也,32.0,10.0,9.0,6.0,0.136875,0.0,0.0,1.0,8.0,1.0,0.0,0.0,0.0,0.0,0.0,0.1461395348837209,0.3125,0.28125,0.1875,0.0,0.0,0.0,0.03125,0.25,0.0,0.0,0.0
2021-02-27,下関,8,予選,4,5040,木村　颯,22,山口,53,B2,1.51,4.26,1.71,2.08,67,26.24,26,44.55,晴,東,1,1,6.81,2,まくり差し,5,0.1,1.50.2,木村颯,18.0,0.0,0.0,1.0,0.185,0.0,0.0,0.0,0.0,0.0,0.0,0.0,0.0,0.0,0.0,0.1830612244897959,0.0,0.0,0.05555555555555555,0.0,0.0,0.0,0.0,0.0,0.0,0.0,0.0
2021-02-27,下関,8,予選,5,3919,村上　純,46,岡山,53,A1,6.25,50.0,6.18,53.57,56,28.95,63,37.13,晴,東,1,1,6.77,3,まくり差し,2,0.17,1.51.6,村上純,32.0,9.0,4.0,3.0,0.1746875,0.0,5.0,1.0,0.0,2.0,1.0,0.0,0.0,0.0,0.0,0.1558050847457627,0.28125,0.125,0.09375,0.0,0.0,0.15625,0.03125,0.0,0.0,0.0,0.0
2021-02-27,下関,8,予選,6,4712,冨好祐真,30,兵庫,54,B1,4.02,15.53,3.4,10.0,64,27.36,69,39.71,晴,東,1,1,6.77,4,まくり差し,6,0.16,1.52.3,冨好祐真,28.0,1.0,3.0,1.0,0.1539285714285714,0.0,0.0,0.0,1.0,0.0,0.0,0.0,0.0,0.0,0.0,0.1809793814432989,0.03571428571428571,0.10714285714285714,0.03571428571428571,0.0,0.0,0.0,0.0,0.03571428571428571,0.0,0.0,0.0
2021-02-27,下関,9,予選,1,4475,末永祐輝,33,山口,53,A2,6.37,46.34,5.66,33.33,65,29.84,58,40.0,晴,北東,1,1,6.71,3,まくり,1,0.27,1.52.0,末永祐輝,48.0,34.0,8.0,4.0,0.1689583333333333,33.0,0.0,0.0,0.0,1.0,0.0,7.0,5.0,2.0,0.0,0.1770300751879699,0.7083333333333334,0.16666666666666666,0.08333333333333333,0.6875,0.0,0.0,0.0,0.0,0.14583333333333334,0.10416666666666667,0.041666666666666664
2021-02-27,下関,9,予選,2,5067,山田真聖,22,山口,56,B1,3.47,16.36,2.6,7.14,53,27.27,66,32.86,晴,北東,1,1,6.73,6,まくり,3,0.31,.  .,山田真聖,18.0,0.0,3.0,2.0,0.1716666666666666,0.0,0.0,0.0,0.0,0.0,0.0,0.0,0.0,0.0,9.0,0.1692817679558011,0.0,0.16666666666666666,0.1111111111111111,0.0,0.5,0.0,0.0,0.0,0.0,0.0,0.0
2021-02-27,下関,9,予選,3,4980,佐々木完,24,山口,51,A2,5.91,35.04,5.23,26.15,36,36.31,41,35.41,晴,北東,1,1,6.74,1,まくり,4,0.12,1.48.6,佐々木完太,36.0,3.0,5.0,9.0,0.1627777777777778,0.0,1.0,0.0,2.0,0.0,0.0,0.0,0.0,0.0,0.0,0.1597333333333333,0.08333333333333333,0.1388888888888889,0.25,0.0,0.0,0.027777777777777776,0.0,0.05555555555555555,0.0,0.0,0.0
2021-02-27,下関,9,予選,4,4411,沢田昭宏,34,大阪,55,B1,5.04,23.33,5.58,26.92,16,31.02,14,36.32,晴,北東,1,1,6.77,2,まくり,5,0.17,1.50.6,沢田昭宏,46.0,1.0,2.0,15.0,0.1999999999999999,0.0,0.0,0.0,1.0,0.0,0.0,0.0,0.0,0.0,0.0,0.2075396825396825,0.021739130434782608,0.043478260869565216,0.32608695652173914,0.0,0.0,0.0,0.0,0.021739130434782608,0.0,0.0,0.0
2021-02-27,下関,9,予選,5,4672,守屋大地,34,岡山,52,B1,4.08,18.18,4.25,18.75,37,40.65,15,38.34,晴,北東,1,1,6.76,4,まくり,6,0.19,1.53.2,守屋大地,27.0,0.0,1.0,5.0,0.1699999999999999,0.0,0.0,0.0,0.0,0.0,0.0,0.0,0.0,0.0,0.0,0.1676978417266187,0.0,0.037037037037037035,0.18518518518518517,0.0,0.0,0.0,0.0,0.0,0.0,0.0,0.0
2021-02-27,下関,9,予選,6,4237,大峯　豊,37,山口,52,A1,7.31,58.22,6.71,49.06,22,30.81,18,37.31,晴,北東,1,1,6.75,5,まくり,2,0.24,.  .,大峯豊,29.0,1.0,5.0,6.0,0.1889655172413793,0.0,1.0,0.0,0.0,0.0,0.0,0.0,0.0,0.0,0.0,0.1711016949152542,0.034482758620689655,0.1724137931034483,0.20689655172413793,0.0,0.0,0.034482758620689655,0.0,0.0,0.0,0.0,0.0
2021-02-27,下関,10,予選特賞,1,3522,長溝一生,52,佐賀,54,A2,6.42,47.12,5.84,39.22,49,28.7,22,37.02,晴,北,2,2,6.76,5,差し,1,0.21,.  .,長溝一生,52.0,37.0,9.0,3.0,0.1542307692307692,35.0,0.0,0.0,0.0,2.0,0.0,7.0,2.0,5.0,0.0,0.1642857142857142,0.7115384615384616,0.17307692307692307,0.057692307692307696,0.6730769230769231,0.0,0.0,0.0,0.0,0.1346153846153846,0.038461538461538464,0.09615384615384616
2021-02-27,下関,10,予選特賞,2,3961,谷村一哉,42,山口,54,A1,6.8,54.23,7.02,53.49,29,28.64,23,31.46,晴,北,2,2,6.77,1,差し,2,0.2,1.48.3,谷村一哉,49.0,8.0,20.0,10.0,0.1606122448979592,0.0,6.0,1.0,0.0,1.0,0.0,0.0,0.0,0.0,31.0,0.1580188679245283,0.16326530612244897,0.40816326530612246,0.20408163265306123,0.0,0.6326530612244898,0.12244897959183673,0.02040816326530612,0.0,0.0,0.0,0.0
2021-02-27,下関,10,予選特賞,3,3901,松田憲幸,43,山口,53,A2,5.31,38.06,6.04,43.7,28,48.48,50,29.95,晴,北,2,2,6.8,4,差し,3,0.18,1.52.5,松田憲幸,49.0,6.0,12.0,15.0,0.1710204081632653,0.0,0.0,5.0,1.0,0.0,0.0,0.0,0.0,0.0,0.0,0.1885512367491166,0.12244897959183673,0.24489795918367346,0.30612244897959184,0.0,0.0,0.0,0.10204081632653061,0.02040816326530612,0.0,0.0,0.0
2021-02-27,下関,10,予選特賞,4,4250,藤川利文,38,福岡,56,B1,3.96,17.33,4.0,17.95,20,33.16,71,34.45,晴,北,2,2,6.83,6,差し,4,0.19,.  .,藤川利文,29.0,0.0,1.0,7.0,0.1889655172413793,0.0,0.0,0.0,0.0,0.0,0.0,0.0,0.0,0.0,0.0,0.186775956284153,0.0,0.034482758620689655,0.2413793103448276,0.0,0.0,0.0,0.0,0.0,0.0,0.0,0.0
2021-02-27,下関,10,予選特賞,5,3543,福田雅一,52,香川,55,A2,5.65,41.5,5.61,44.44,46,31.51,53,34.91,晴,北,2,2,6.78,2,差し,5,0.1,1.49.7,福田雅一,43.0,1.0,9.0,7.0,0.1511627906976744,0.0,0.0,0.0,1.0,0.0,0.0,0.0,0.0,0.0,0.0,0.1475095785440613,0.023255813953488372,0.20930232558139536,0.16279069767441862,0.0,0.0,0.0,0.0,0.023255813953488372,0.0,0.0,0.0
2021-02-27,下関,10,予選特賞,6,5043,中村日向,22,香川,53,B1,5.18,30.43,3.73,15.38,11,51.77,36,35.24,晴,北,2,2,6.65,3,差し,6,0.07,1.51.3,中村日向,40.0,1.0,1.0,3.0,0.16975,0.0,0.0,0.0,1.0,0.0,0.0,0.0,0.0,0.0,0.0,0.1780769230769231,0.025,0.025,0.075,0.0,0.0,0.0,0.0,0.025,0.0,0.0,0.0
2021-02-27,下関,11,予選特選,1,4324,海野康志,33,山口,59,A1,7.38,61.26,6.99,54.23,48,42.25,75,31.4,晴,北東,1,1,6.75,1,逃げ,1,0.13,1.48.9,海野康志郎,56.0,45.0,6.0,3.0,0.1348214285714285,44.0,0.0,0.0,0.0,0.0,1.0,1.0,3.0,6.0,0.0,0.1454032258064516,0.8035714285714286,0.10714285714285714,0.05357142857142857,0.7857142857142857,0.0,0.0,0.0,0.0,0.017857142857142856,0.05357142857142857,0.10714285714285714
2021-02-27,下関,11,予選特選,2,4600,井内将太,36,広島,52,B1,5.38,33.33,5.64,40.48,40,41.47,47,32.41,晴,北東,1,1,6.71,3,逃げ,2,0.17,1.50.5,井内将太郎,30.0,4.0,3.0,6.0,0.151,0.0,2.0,2.0,0.0,0.0,0.0,0.0,0.0,0.0,15.0,0.1703125,0.13333333333333333,0.1,0.2,0.0,0.5,0.06666666666666667,0.06666666666666667,0.0,0.0,0.0,0.0
2021-02-27,下関,11,予選特選,3,3743,林　美憲,46,徳島,52,A1,7.18,57.25,6.5,53.13,62,34.12,61,30.52,晴,北東,1,1,6.75,2,逃げ,3,0.15,1.49.5,林美憲,43.0,7.0,12.0,7.0,0.1446511627906976,0.0,0.0,5.0,2.0,0.0,0.0,0.0,0.0,0.0,0.0,0.1455830388692579,0.16279069767441862,0.27906976744186046,0.16279069767441862,0.0,0.0,0.0,0.11627906976744186,0.046511627906976744,0.0,0.0,0.0
2021-02-27,下関,11,予選特選,4,4041,小林基樹,41,山口,52,B1,3.81,16.24,4.72,32.81,24,35.96,37,34.13,晴,北東,1,1,6.72,6,逃げ,4,0.24,.  .,小林基樹,49.0,3.0,1.0,8.0,0.2320408163265306,0.0,1.0,2.0,0.0,0.0,0.0,0.0,0.0,0.0,0.0,0.2059245283018868,0.061224489795918366,0.02040816326530612,0.16326530612244897,0.0,0.0,0.02040816326530612,0.04081632653061224,0.0,0.0,0.0,0.0
2021-02-27,下関,11,予選特選,5,4363,大野芳顕,36,福岡,53,A1,6.38,51.59,5.76,41.18,43,44.12,52,33.17,晴,北東,1,1,6.73,5,逃げ,5,0.14,.  .,大野芳顕,37.0,4.0,4.0,8.0,0.1445945945945946,0.0,0.0,0.0,4.0,0.0,0.0,0.0,0.0,0.0,0.0,0.141505376344086,0.10810810810810811,0.10810810810810811,0.21621621621621623,0.0,0.0,0.0,0.0,0.10810810810810811,0.0,0.0,0.0
2021-02-27,下関,11,予選特選,6,4179,広次　修,38,山口,52,A2,5.54,37.9,5.93,43.33,45,35.81,29,41.12,晴,北東,1,1,6.79,4,逃げ,6,0.15,1.51.2,広次修,41.0,0.0,4.0,6.0,0.18,0.0,0.0,0.0,0.0,0.0,0.0,0.0,0.0,0.0,0.0,0.1543772241992882,0.0,0.0975609756097561,0.14634146341463414,0.0,0.0,0.0,0.0,0.0,0.0,0.0,0.0
2021-02-27,下関,12,シーボー特選,1,4361,柳生泰二,36,山口,54,A1,6.92,52.94,6.46,43.75,51,36.7,40,36.59,晴,北東,3,3,6.76,1,逃げ,1,0.09,1.48.6,柳生泰二,65.0,52.0,4.0,6.0,0.1396923076923077,49.0,0.0,1.0,0.0,2.0,0.0,1.0,5.0,5.0,0.0,0.1534507042253521,0.8,0.06153846153846154,0.09230769230769231,0.7538461538461538,0.0,0.0,0.015384615384615385,0.0,0.015384615384615385,0.07692307692307693,0.07692307692307693
2021-02-27,下関,12,シーボー特選,2,3300,川崎智幸,53,岡山,53,A1,6.64,49.33,5.74,33.33,12,28.26,44,35.92,晴,北東,3,3,6.74,5,逃げ,2,0.11,.  .,川崎智幸,52.0,15.0,15.0,7.0,0.1411538461538461,0.0,13.0,2.0,0.0,0.0,0.0,0.0,0.0,0.0,26.0,0.1472262773722628,0.28846153846153844,0.28846153846153844,0.1346153846153846,0.0,0.5,0.25,0.038461538461538464,0.0,0.0,0.0,0.0
2021-02-27,下関,12,シーボー特選,3,3568,木村光宏,50,香川,53,A2,5.58,43.94,7.35,52.94,63,40.69,21,29.89,晴,北東,3,3,6.71,3,逃げ,3,0.18,1.51.3,木村光宏,50.0,6.0,8.0,14.0,0.1716,0.0,2.0,3.0,1.0,0.0,0.0,0.0,0.0,0.0,0.0,0.1743014705882353,0.12,0.16,0.28,0.0,0.0,0.04,0.06,0.02,0.0,0.0,0.0
2021-02-27,下関,12,シーボー特選,4,4584,村岡賢人,31,岡山,53,A1,6.11,41.59,6.24,32.61,59,40.58,11,32.86,晴,北東,3,3,6.75,2,逃げ,4,0.19,1.49.5,村岡賢人,40.0,4.0,8.0,7.0,0.135,0.0,1.0,1.0,2.0,0.0,0.0,0.0,0.0,0.0,0.0,0.1476305220883534,0.1,0.2,0.175,0.0,0.0,0.025,0.025,0.05,0.0,0.0,0.0
2021-02-27,下関,12,シーボー特選,5,4839,四宮与寛,30,徳島,52,A2,5.0,32.84,4.94,37.5,35,33.5,34,35.96,晴,北東,3,3,6.81,6,逃げ,5,0.21,.  .,四宮与寛,36.0,2.0,4.0,6.0,0.1566666666666666,0.0,0.0,0.0,2.0,0.0,0.0,0.0,0.0,0.0,0.0,0.1550510204081632,0.05555555555555555,0.1111111111111111,0.16666666666666666,0.0,0.0,0.0,0.0,0.05555555555555555,0.0,0.0,0.0
2021-02-27,下関,12,シーボー特選,6,4015,前野竜一,41,山口,59,A2,6.28,44.88,6.27,46.15,18,30.04,60,37.13,晴,北東,3,3,6.73,4,逃げ,6,0.12,1.52.6,前野竜一,42.0,2.0,2.0,6.0,0.1471428571428571,0.0,0.0,1.0,0.0,1.0,0.0,0.0,0.0,0.0,0.0,0.1496442687747035,0.047619047619047616,0.047619047619047616,0.14285714285714285,0.0,0.0,0.0,0.023809523809523808,0.0,0.0,0.0,0.0
2021-02-27,徳山,1,モーニング一,1,4719,上條暢嵩,27,大阪,52,A1,7.07,55.88,6.92,51.28,56,33.33,52,38.6,晴,東,4,4,6.92,1,逃げ,1,0.12,1.49.8,上條暢嵩,57.0,42.0,8.0,0.0,0.143859649122807,40.0,0.0,0.0,0.0,2.0,0.0,6.0,1.0,4.0,0.0,0.146,0.7368421052631579,0.14035087719298245,0.0,0.7017543859649122,0.0,0.0,0.0,0.0,0.10526315789473684,0.017543859649122806,0.07017543859649122
2021-02-27,徳山,1,モーニング一,2,2912,尾崎鉄也,65,長崎,57,B1,4.08,25.27,3.76,26.32,19,42.08,38,43.55,晴,東,4,4,6.98,6,逃げ,2,0.21,.  .,尾崎鉄也,35.0,2.0,10.0,5.0,0.1485714285714285,0.0,0.0,2.0,0.0,0.0,0.0,0.0,0.0,0.0,19.0,0.17475,0.05714285714285714,0.2857142857142857,0.14285714285714285,0.0,0.5428571428571428,0.0,0.05714285714285714,0.0,0.0,0.0,0.0
2021-02-27,徳山,1,モーニング一,3,3710,吉永泰弘,46,香川,55,B1,4.29,22.62,4.64,24.44,57,40.09,47,29.41,晴,東,4,4,6.97,5,逃げ,3,0.16,.  .,吉永泰弘,39.0,5.0,3.0,10.0,0.1712820512820512,0.0,1.0,1.0,2.0,1.0,0.0,0.0,0.0,0.0,0.0,0.1737440758293839,0.1282051282051282,0.07692307692307693,0.2564102564102564,0.0,0.0,0.02564102564102564,0.02564102564102564,0.05128205128205128,0.0,0.0,0.0
2021-02-27,徳山,1,モーニング一,4,4009,小林一樹,41,山口,57,B1,4.8,24.71,5.53,35.14,69,42.16,51,32.05,晴,東,4,4,6.92,2,逃げ,4,0.16,1.52.5,小林一樹,36.0,4.0,4.0,14.0,0.1230555555555555,0.0,0.0,3.0,1.0,0.0,0.0,0.0,0.0,0.0,0.0,0.1315656565656565,0.1111111111111111,0.1111111111111111,0.3888888888888889,0.0,0.0,0.0,0.08333333333333333,0.027777777777777776,0.0,0.0,0.0
2021-02-27,徳山,1,モーニング一,5,4004,山本浩輔,43,長崎,52,B1,4.11,13.75,5.0,28.57,33,38.25,39,39.13,晴,東,4,4,6.93,3,逃げ,5,0.28,1.53.9,山本浩輔,39.0,0.0,3.0,6.0,0.18,0.0,0.0,0.0,0.0,0.0,0.0,0.0,0.0,0.0,0.0,0.1969696969696969,0.0,0.07692307692307693,0.15384615384615385,0.0,0.0,0.0,0.0,0.0,0.0,0.0,0.0
2021-02-27,徳山,1,モーニング一,6,4374,永田義紘,36,広島,51,B1,4.65,24.55,4.05,15.79,15,30.5,68,21.74,晴,東,4,4,6.95,4,逃げ,6,0.18,1.54.4,永田義紘,39.0,0.0,2.0,8.0,0.1407692307692307,0.0,0.0,0.0,0.0,0.0,0.0,0.0,0.0,0.0,0.0,0.1368510638297872,0.0,0.05128205128205128,0.20512820512820512,0.0,0.0,0.0,0.0,0.0,0.0,0.0,0.0
2021-02-27,徳山,2,モーニング一,1,4384,鶴本崇文,35,大阪,52,A1,6.19,41.8,6.26,46.0,17,33.33,32,36.0,晴,東,4,4,7.02,1,逃げ,1,0.03,1.50.9,鶴本崇文,63.0,44.0,13.0,6.0,0.1347619047619047,43.0,0.0,0.0,0.0,1.0,0.0,8.0,4.0,5.0,0.0,0.1704059040590406,0.6984126984126984,0.20634920634920634,0.09523809523809523,0.6825396825396826,0.0,0.0,0.0,0.0,0.12698412698412698,0.06349206349206349,0.07936507936507936
2021-02-27,徳山,2,モーニング一,2,3432,宮迫暢彦,52,大阪,53,B1,4.76,25.42,0.0,0.0,67,30.99,22,31.82,晴,東,4,4,6.92,2,逃げ,2,0.09,1.51.8,宮迫暢彦,43.0,4.0,11.0,10.0,0.1530232558139534,0.0,3.0,0.0,0.0,1.0,0.0,0.0,0.0,0.0,26.0,0.1742231075697211,0.09302325581395349,0.2558139534883721,0.23255813953488372,0.0,0.6046511627906976,0.06976744186046512,0.0,0.0,0.0,0.0,0.0
2021-02-27,徳山,2,モーニング一,3,4383,竹田吉行,35,徳島,51,B1,4.89,23.08,3.35,11.76,40,40.61,56,18.46,晴,東,4,4,6.99,4,逃げ,3,0.16,1.55.3,竹田吉行,39.0,4.0,9.0,10.0,0.1741025641025641,0.0,0.0,2.0,0.0,1.0,1.0,0.0,0.0,0.0,0.0,0.175450643776824,0.10256410256410256,0.23076923076923078,0.2564102564102564,0.0,0.0,0.0,0.05128205128205128,0.0,0.0,0.0,0.0
2021-02-27,徳山,2,モーニング一,4,3025,山口哲治,59,長崎,50,B1,4.55,22.08,4.09,17.39,53,30.52,30,26.47,晴,東,4,4,7.04,5,逃げ,4,0.11,.  .,山口哲治,24.0,1.0,1.0,5.0,0.19375,0.0,0.0,1.0,0.0,0.0,0.0,0.0,0.0,0.0,0.0,0.1945238095238095,0.041666666666666664,0.041666666666666664,0.20833333333333334,0.0,0.0,0.0,0.041666666666666664,0.0,0.0,0.0,0.0
2021-02-27,徳山,2,モーニング一,5,4389,伊藤喜智,35,大阪,52,B1,5.12,30.69,6.03,45.0,54,39.21,31,33.33,晴,東,4,4,7.05,3,逃げ,5,0.11,1.55.2,伊藤喜智,38.0,0.0,11.0,5.0,0.1771052631578947,0.0,0.0,0.0,0.0,0.0,0.0,0.0,0.0,0.0,0.0,0.1826605504587156,0.0,0.2894736842105263,0.13157894736842105,0.0,0.0,0.0,0.0,0.0,0.0,0.0,0.0
2021-02-27,徳山,3,モーニング一,1,4522,古澤光紀,33,福岡,53,A1,7.21,56.36,7.26,54.84,22,29.15,58,31.03,晴,東,5,5,7.06,1,逃げ,1,0.16,1.50.2,古澤光紀,54.0,46.0,7.0,0.0,0.1218518518518518,41.0,0.0,0.0,1.0,4.0,0.0,5.0,1.0,1.0,0.0,0.1384169884169884,0.8518518518518519,0.12962962962962962,0.0,0.7592592592592593,0.0,0.0,0.0,0.018518518518518517,0.09259259259259259,0.018518518518518517,0.018518518518518517
2021-02-27,徳山,3,モーニング一,2,4778,堤　啓輔,35,佐賀,51,B2,4.41,18.52,5.25,25.0,32,35.6,26,15.52,晴,東,5,5,7.02,4,逃げ,2,0.39,1.55.6,堤啓輔,22.0,2.0,3.0,4.0,0.1677272727272727,0.0,0.0,2.0,0.0,0.0,0.0,0.0,0.0,0.0,11.0,0.18992700729927,0.09090909090909091,0.13636363636363635,0.18181818181818182,0.0,0.5,0.0,0.09090909090909091,0.0,0.0,0.0,0.0
2021-02-27,徳山,3,モーニング一,3,3282,池本輝明,54,広島,51,B1,5.08,29.1,5.42,31.58,48,33.19,12,38.46,晴,東,5,5,7.05,2,逃げ,3,0.2,1.52.0,池本輝明,50.0,3.0,16.0,9.0,0.1852,0.0,0.0,1.0,1.0,1.0,0.0,0.0,0.0,0.0,0.0,0.1934027777777777,0.06,0.32,0.18,0.0,0.0,0.0,0.02,0.02,0.0,0.0,0.0
2021-02-27,徳山,3,モーニング一,4,3976,内田　圭,44,山口,54,B1,4.4,23.6,4.22,26.02,60,30.54,71,18.97,晴,東,5,5,7.07,5,逃げ,4,0.2,.  .,内田圭,25.0,1.0,1.0,3.0,0.1964,0.0,1.0,0.0,0.0,0.0,0.0,0.0,0.0,0.0,0.0,0.1775,0.04,0.04,0.12,0.0,0.0,0.04,0.0,0.0,0.0,0.0,0.0
2021-02-27,徳山,3,モーニング一,5,4263,武重雄介,36,山口,56,B1,5.27,35.9,5.76,44.53,41,33.17,37,24.24,晴,東,5,5,7.11,3,逃げ,5,0.19,1.52.2,武重雄介,47.0,0.0,3.0,9.0,0.1742553191489361,0.0,0.0,0.0,0.0,0.0,0.0,0.0,0.0,0.0,0.0,0.1662109375,0.0,0.06382978723404255,0.19148936170212766,0.0,0.0,0.0,0.0,0.0,0.0,0.0,0.0
2021-02-27,徳山,3,モーニング一,6,4422,永井亮次,32,大阪,54,B1,4.38,21.62,3.52,14.29,64,30.62,65,34.43,晴,東,5,5,7.12,6,逃げ,6,0.22,.  .,永井亮次,38.0,0.0,0.0,2.0,0.2378947368421052,0.0,0.0,0.0,0.0,0.0,0.0,0.0,0.0,0.0,0.0,0.1965700483091787,0.0,0.0,0.05263157894736842,0.0,0.0,0.0,0.0,0.0,0.0,0.0,0.0
2021-02-27,徳山,4,モーニング一,1,3304,烏野賢太,53,徳島,52,A1,6.12,42.03,6.71,47.62,35,29.89,70,25.0,晴,東,3,3,7.12,1,逃げ,1,0.04,1.51.1,烏野賢太,55.0,35.0,13.0,2.0,0.1447272727272727,33.0,0.0,0.0,0.0,1.0,1.0,4.0,9.0,5.0,0.0,0.1629065743944636,0.6363636363636364,0.23636363636363636,0.03636363636363636,0.6,0.0,0.0,0.0,0.0,0.07272727272727272,0.16363636363636364,0.09090909090909091
2021-02-27,徳山,4,モーニング一,2,4301,関　裕也,37,福岡,52,A1,6.38,51.19,6.0,39.29,62,25.14,25,30.3,晴,東,3,3,7.08,4,逃げ,2,0.06,1.54.6,関裕也,34.0,13.0,11.0,4.0,0.1605882352941176,1.0,8.0,1.0,1.0,2.0,0.0,0.0,0.0,0.0,13.0,0.170873786407767,0.38235294117647056,0.3235294117647059,0.11764705882352941,0.029411764705882353,0.38235294117647056,0.23529411764705882,0.029411764705882353,0.029411764705882353,0.0,0.0,0.0
2021-02-27,徳山,4,モーニング一,3,4167,片岡秀樹,38,徳島,57,B1,4.64,32.73,4.59,27.59,36,38.97,60,31.58,晴,東,3,3,7.04,2,逃げ,3,0.06,1.51.8,片岡秀樹,43.0,4.0,11.0,5.0,0.1576744186046511,0.0,0.0,2.0,1.0,1.0,0.0,0.0,0.0,0.0,0.0,0.1596385542168674,0.09302325581395349,0.2558139534883721,0.11627906976744186,0.0,0.0,0.0,0.046511627906976744,0.023255813953488372,0.0,0.0,0.0
2021-02-27,徳山,4,モーニング一,4,4675,井手良太,33,大阪,52,B1,4.26,23.16,5.0,33.33,61,35.68,21,34.85,晴,東,3,3,7.14,6,逃げ,4,0.14,.  .,井手良太,36.0,6.0,6.0,9.0,0.1038888888888888,0.0,1.0,4.0,0.0,1.0,0.0,0.0,0.0,0.0,0.0,0.1272361809045226,0.16666666666666666,0.16666666666666666,0.25,0.0,0.0,0.027777777777777776,0.1111111111111111,0.0,0.0,0.0,0.0
2021-02-27,徳山,4,モーニング一,5,3998,冨成謙児,41,佐賀,52,B1,5.02,25.0,3.1,10.0,68,31.74,18,38.89,晴,東,3,3,7.07,3,逃げ,5,0.15,1.53.7,冨成謙児,49.0,1.0,4.0,11.0,0.1751020408163265,0.0,0.0,0.0,1.0,0.0,0.0,0.0,0.0,0.0,0.0,0.169812734082397,0.02040816326530612,0.08163265306122448,0.22448979591836735,0.0,0.0,0.0,0.0,0.02040816326530612,0.0,0.0,0.0
2021-02-27,徳山,4,モーニング一,6,4588,田中京介,29,福岡,57,B1,5.6,37.4,4.72,33.33,39,43.65,29,37.5,晴,東,3,3,7.06,5,逃げ,6,0.15,.  .,田中京介,35.0,1.0,0.0,3.0,0.1274285714285714,0.0,1.0,0.0,0.0,0.0,0.0,0.0,0.0,0.0,0.0,0.1287698412698412,0.02857142857142857,0.0,0.08571428571428572,0.0,0.0,0.02857142857142857,0.0,0.0,0.0,0.0,0.0
2021-02-27,徳山,5,一般,1,4779,伊倉　光,35,東京,54,B1,3.97,19.23,0.0,0.0,13,30.27,17,40.68,曇り,東,3,3,6.96,3,差し,1,0.13,1.52.3,伊倉光,20.0,6.0,4.0,3.0,0.126,6.0,0.0,0.0,0.0,0.0,0.0,6.0,3.0,2.0,0.0,0.1546762589928057,0.3,0.2,0.15,0.3,0.0,0.0,0.0,0.0,0.3,0.15,0.1
2021-02-27,徳山,5,一般,2,3614,谷　勝幸,48,広島,54,B1,5.32,35.9,4.15,24.24,49,37.31,72,26.67,曇り,東,3,3,6.87,2,差し,2,0.13,1.50.3,谷勝幸,39.0,3.0,8.0,11.0,0.1728205128205128,0.0,1.0,1.0,0.0,0.0,1.0,0.0,0.0,0.0,23.0,0.1802242152466367,0.07692307692307693,0.20512820512820512,0.28205128205128205,0.0,0.5897435897435898,0.02564102564102564,0.02564102564102564,0.0,0.0,0.0,0.0
2021-02-27,徳山,5,一般,3,3773,津留浩一,46,長崎,55,B1,4.48,26.88,4.48,25.0,50,35.41,46,31.75,曇り,東,3,3,6.94,1,差し,3,0.12,1.49.8,津留浩一郎,31.0,0.0,6.0,7.0,0.1380645161290322,0.0,0.0,0.0,0.0,0.0,0.0,0.0,0.0,0.0,0.0,0.1494240837696335,0.0,0.1935483870967742,0.22580645161290322,0.0,0.0,0.0,0.0,0.0,0.0,0.0,0.0
2021-02-27,徳山,5,一般,4,4831,羽野直也,25,福岡,53,A1,7.2,49.56,7.8,67.5,63,36.1,66,44.83,曇り,東,3,3,7.0,5,差し,4,0.13,.  .,羽野直也,46.0,6.0,15.0,8.0,0.1378260869565217,0.0,2.0,1.0,3.0,0.0,0.0,0.0,0.0,0.0,0.0,0.1455762081784386,0.13043478260869565,0.32608695652173914,0.17391304347826086,0.0,0.0,0.043478260869565216,0.021739130434782608,0.06521739130434782,0.0,0.0,0.0
2021-02-27,徳山,5,一般,5,3722,西村秀樹,50,福岡,52,B1,3.65,12.24,0.0,0.0,46,28.3,13,44.07,曇り,東,3,3,7.08,6,差し,5,0.18,.  .,西村秀樹,26.0,0.0,1.0,4.0,0.183076923076923,0.0,0.0,0.0,0.0,0.0,0.0,0.0,0.0,0.0,0.0,0.1697902097902098,0.0,0.038461538461538464,0.15384615384615385,0.0,0.0,0.0,0.0,0.0,0.0,0.0,0.0
2021-02-27,徳山,5,一般,6,3888,山本英志,45,東京,50,A1,6.52,52.08,7.16,61.29,31,28.57,49,24.62,曇り,東,3,3,7.02,4,差し,6,0.16,1.53.2,山本英志,44.0,3.0,8.0,10.0,0.1509090909090909,0.0,1.0,0.0,2.0,0.0,0.0,0.0,0.0,0.0,0.0,0.1425,0.06818181818181818,0.18181818181818182,0.22727272727272727,0.0,0.0,0.022727272727272728,0.0,0.045454545454545456,0.0,0.0,0.0
2021-02-27,徳山,6,一般,1,4895,門間雄大,29,東京,53,B1,4.58,20.0,3.82,11.76,34,25.73,20,22.03,晴,東,4,4,7.01,6,まくり,1,0.16,.  .,門間雄大,29.0,16.0,6.0,1.0,0.1506896551724137,16.0,0.0,0.0,0.0,0.0,0.0,3.0,1.0,8.0,0.0,0.1597837837837838,0.5517241379310345,0.20689655172413793,0.034482758620689655,0.5517241379310345,0.0,0.0,0.0,0.0,0.10344827586206896,0.034482758620689655,0.27586206896551724
2021-02-27,徳山,6,一般,2,4329,小松卓司,37,福岡,51,B1,5.07,31.52,5.02,25.58,38,44.04,28,36.92,晴,東,4,4,6.95,2,まくり,2,0.18,1.52.0,小松卓司,36.0,4.0,13.0,8.0,0.1730555555555555,0.0,3.0,0.0,0.0,1.0,0.0,0.0,0.0,0.0,21.0,0.1712169312169312,0.1111111111111111,0.3611111111111111,0.2222222222222222,0.0,0.5833333333333334,0.08333333333333333,0.0,0.0,0.0,0.0,0.0
2021-02-27,徳山,6,一般,3,5022,伊藤尚汰,26,福岡,49,B1,3.75,21.52,2.05,0.0,66,37.1,63,39.68,晴,東,4,4,6.9,1,まくり,3,0.17,1.50.5,伊藤尚汰,30.0,0.0,4.0,5.0,0.1416666666666666,0.0,0.0,0.0,0.0,0.0,0.0,0.0,0.0,0.0,0.0,0.1460913705583756,0.0,0.13333333333333333,0.16666666666666666,0.0,0.0,0.0,0.0,0.0,0.0,0.0,0.0
2021-02-27,徳山,6,一般,4,4396,大田直弥,34,山口,53,B1,5.03,27.69,5.09,27.69,65,34.74,23,40.0,晴,東,4,4,7.02,3,まくり,4,0.16,1.52.8,大田直弥,30.0,0.0,5.0,9.0,0.1633333333333333,0.0,0.0,0.0,0.0,0.0,0.0,0.0,0.0,0.0,0.0,0.1731382978723404,0.0,0.16666666666666666,0.3,0.0,0.0,0.0,0.0,0.0,0.0,0.0,0.0
2021-02-27,徳山,6,一般,5,3478,嶋田貴支,50,香川,52,B1,4.24,20.24,5.71,35.48,25,27.67,16,32.26,晴,東,4,4,7.04,5,まくり,5,0.16,.  .,嶋田貴支,31.0,0.0,1.0,7.0,0.1796774193548387,0.0,0.0,0.0,0.0,0.0,0.0,0.0,0.0,0.0,0.0,0.1598578199052132,0.0,0.03225806451612903,0.22580645161290322,0.0,0.0,0.0,0.0,0.0,0.0,0.0,0.0
2021-02-27,徳山,6,一般,6,4468,大池佑来,34,東京,52,A1,6.64,47.79,7.12,52.94,18,38.31,33,42.65,晴,東,4,4,7.03,4,まくり,6,0.18,1.53.5,大池佑来,39.0,3.0,4.0,13.0,0.1628205128205128,0.0,1.0,0.0,2.0,0.0,0.0,0.0,0.0,0.0,0.0,0.1398479087452471,0.07692307692307693,0.10256410256410256,0.3333333333333333,0.0,0.0,0.02564102564102564,0.0,0.05128205128205128,0.0,0.0,0.0
2021-02-27,徳山,7,一般,1,4789,古賀智之,31,福岡,53,B1,4.01,18.0,4.0,17.24,30,30.28,15,22.95,晴,東,3,3,7.04,4,抜き,1,0.22,1.55.4,古賀智之,19.0,3.0,8.0,5.0,0.1842105263157894,3.0,0.0,0.0,0.0,0.0,0.0,6.0,4.0,4.0,0.0,0.184413407821229,0.15789473684210525,0.42105263157894735,0.2631578947368421,0.15789473684210525,0.0,0.0,0.0,0.0,0.3157894736842105,0.21052631578947367,0.21052631578947367
2021-02-27,徳山,7,一般,2,3456,松下　潤,49,徳島,54,B1,3.52,14.29,0.0,0.0,44,40.37,48,29.41,晴,東,3,3,7.0,3,抜き,2,0.25,1.53.4,松下潤,28.0,0.0,6.0,3.0,0.2153571428571428,0.0,0.0,0.0,0.0,0.0,0.0,0.0,0.0,0.0,17.0,0.1978709677419355,0.0,0.21428571428571427,0.10714285714285714,0.0,0.6071428571428571,0.0,0.0,0.0,0.0,0.0,0.0
2021-02-27,徳山,7,一般,3,3025,山口哲治,59,長崎,50,B1,4.55,22.08,4.09,17.39,53,30.52,30,26.47,晴,東,3,3,7.02,5,抜き,3,0.29,.  .,山口哲治,23.0,2.0,3.0,7.0,0.1943478260869565,0.0,1.0,0.0,0.0,1.0,0.0,0.0,0.0,0.0,0.0,0.1945238095238095,0.08695652173913043,0.13043478260869565,0.30434782608695654,0.0,0.0,0.043478260869565216,0.0,0.0,0.0,0.0,0.0
2021-02-27,徳山,7,一般,4,3710,吉永泰弘,46,香川,55,B1,4.29,22.62,4.64,24.44,57,40.09,47,29.41,晴,東,3,3,7.07,2,抜き,4,0.19,1.52.1,吉永泰弘,36.0,1.0,5.0,3.0,0.1858333333333333,0.0,1.0,0.0,0.0,0.0,0.0,0.0,0.0,0.0,0.0,0.1737440758293839,0.027777777777777776,0.1388888888888889,0.08333333333333333,0.0,0.0,0.027777777777777776,0.0,0.0,0.0,0.0,0.0
2021-02-27,徳山,7,一般,5,5143,常盤海心,20,徳島,54,B2,1.33,0.0,1.13,0.0,23,38.74,44,35.94,晴,東,3,3,7.07,6,抜き,6,0.29,.  .,常盤海心,36.0,0.0,0.0,0.0,0.1936111111111111,0.0,0.0,0.0,0.0,0.0,0.0,0.0,0.0,0.0,0.0,0.1838983050847457,0.0,0.0,0.0,0.0,0.0,0.0,0.0,0.0,0.0,0.0,0.0
2021-02-27,徳山,7,一般,6,3976,内田　圭,44,山口,54,B1,4.4,23.6,4.22,26.02,60,30.54,71,18.97,晴,東,3,3,7.08,1,抜き,5,0.26,1.51.0,内田圭,20.0,0.0,0.0,1.0,0.205,0.0,0.0,0.0,0.0,0.0,0.0,0.0,0.0,0.0,0.0,0.1775,0.0,0.0,0.05,0.0,0.0,0.0,0.0,0.0,0.0,0.0,0.0
2021-02-27,徳山,8,一般,1,4948,木場悠介,28,長崎,53,B1,4.65,25.89,3.67,13.33,29,38.12,57,41.54,晴,東,4,4,6.97,2,差し,1,0.13,1.52.5,木場悠介,24.0,8.0,9.0,0.0,0.1725,8.0,0.0,0.0,0.0,0.0,0.0,2.0,7.0,6.0,0.0,0.1777486910994764,0.3333333333333333,0.375,0.0,0.3333333333333333,0.0,0.0,0.0,0.0,0.08333333333333333,0.2916666666666667,0.25
2021-02-27,徳山,8,一般,2,3715,倉尾大介,46,福岡,56,B1,4.67,25.58,4.91,31.25,70,35.62,55,27.14,晴,東,4,4,7.01,4,差し,2,0.09,1.54.3,倉尾大介,29.0,3.0,8.0,7.0,0.1544827586206896,0.0,2.0,1.0,0.0,0.0,0.0,0.0,0.0,0.0,21.0,0.1619277108433734,0.10344827586206896,0.27586206896551724,0.2413793103448276,0.0,0.7241379310344828,0.06896551724137931,0.034482758620689655,0.0,0.0,0.0,0.0
2021-02-27,徳山,8,一般,3,3432,宮迫暢彦,52,大阪,53,B1,4.76,25.42,0.0,0.0,67,30.99,22,31.82,晴,東,4,4,6.93,3,差し,3,0.11,1.53.3,宮迫暢彦,47.0,5.0,10.0,8.0,0.17,0.0,0.0,4.0,0.0,1.0,0.0,0.0,0.0,0.0,0.0,0.1742231075697211,0.10638297872340426,0.2127659574468085,0.1702127659574468,0.0,0.0,0.0,0.0851063829787234,0.0,0.0,0.0,0.0
2021-02-27,徳山,8,一般,4,4075,中野次郎,39,東京,53,A1,6.78,49.68,6.0,35.71,28,36.7,53,42.0,晴,東,4,4,6.94,1,差し,4,0.11,1.50.8,中野次郎,47.0,7.0,13.0,11.0,0.1287234042553191,0.0,1.0,2.0,3.0,0.0,1.0,0.0,0.0,0.0,0.0,0.1383501683501683,0.14893617021276595,0.2765957446808511,0.23404255319148937,0.0,0.0,0.02127659574468085,0.0425531914893617,0.06382978723404255,0.0,0.0,0.0
2021-02-27,徳山,8,一般,5,4119,泥谷一毅,39,大阪,58,B1,5.53,32.56,4.62,20.69,59,31.42,54,37.5,晴,東,4,4,7.0,5,差し,5,0.13,.  .,泥谷一毅,34.0,3.0,3.0,4.0,0.1585294117647058,0.0,0.0,2.0,1.0,0.0,0.0,0.0,0.0,0.0,0.0,0.1714814814814815,0.08823529411764706,0.08823529411764706,0.11764705882352941,0.0,0.0,0.0,0.058823529411764705,0.029411764705882353,0.0,0.0,0.0
2021-02-27,徳山,8,一般,6,4778,堤　啓輔,35,佐賀,51,B2,4.41,18.52,5.25,25.0,32,35.6,26,15.52,晴,東,4,4,6.98,6,差し,6,0.17,.  .,堤啓輔,29.0,1.0,1.0,5.0,0.2120689655172414,0.0,0.0,1.0,0.0,0.0,0.0,0.0,0.0,0.0,0.0,0.18992700729927,0.034482758620689655,0.034482758620689655,0.1724137931034483,0.0,0.0,0.0,0.034482758620689655,0.0,0.0,0.0,0.0
2021-02-27,徳山,9,一般,1,4009,小林一樹,41,山口,57,B1,4.8,24.71,5.53,35.14,69,42.16,51,32.05,曇り,東,2,2,6.97,1,逃げ,1,0.14,1.50.7,小林一樹,29.0,17.0,5.0,2.0,0.1203448275862069,16.0,0.0,0.0,0.0,1.0,0.0,6.0,1.0,5.0,0.0,0.1315656565656565,0.5862068965517241,0.1724137931034483,0.06896551724137931,0.5517241379310345,0.0,0.0,0.0,0.0,0.20689655172413793,0.034482758620689655,0.1724137931034483
2021-02-27,徳山,9,一般,2,4697,國弘翔平,34,福岡,50,B1,4.16,24.0,3.7,15.0,55,44.55,62,26.19,曇り,東,2,2,7.02,4,逃げ,2,0.16,1.54.1,國弘翔平,37.0,1.0,9.0,5.0,0.1878378378378378,0.0,1.0,0.0,0.0,0.0,0.0,0.0,0.0,0.0,20.0,0.194973544973545,0.02702702702702703,0.24324324324324326,0.13513513513513514,0.0,0.5405405405405406,0.02702702702702703,0.0,0.0,0.0,0.0,0.0
2021-02-27,徳山,9,一般,3,3305,小野信樹,53,岡山,54,B1,4.61,27.03,4.67,28.21,37,35.68,34,32.84,曇り,東,2,2,7.02,2,逃げ,3,0.14,1.52.3,小野信樹,38.0,4.0,7.0,3.0,0.1926315789473684,0.0,2.0,0.0,1.0,1.0,0.0,0.0,0.0,0.0,0.0,0.1746428571428571,0.10526315789473684,0.18421052631578946,0.07894736842105263,0.0,0.0,0.05263157894736842,0.0,0.02631578947368421,0.0,0.0,0.0
2021-02-27,徳山,9,一般,4,4167,片岡秀樹,38,徳島,57,B1,4.64,32.73,4.59,27.59,36,38.97,60,31.58,曇り,東,2,2,7.0,6,逃げ,4,0.13,.  .,片岡秀樹,46.0,0.0,7.0,7.0,0.1628260869565217,0.0,0.0,0.0,0.0,0.0,0.0,0.0,0.0,0.0,0.0,0.1596385542168674,0.0,0.15217391304347827,0.15217391304347827,0.0,0.0,0.0,0.0,0.0,0.0,0.0,0.0
2021-02-27,徳山,9,一般,5,3773,津留浩一,46,長崎,55,B1,4.48,26.88,4.48,25.0,50,35.41,46,31.75,曇り,東,2,2,6.97,5,逃げ,5,0.14,.  .,津留浩一郎,34.0,0.0,2.0,4.0,0.148235294117647,0.0,0.0,0.0,0.0,0.0,0.0,0.0,0.0,0.0,0.0,0.1494240837696335,0.0,0.058823529411764705,0.11764705882352941,0.0,0.0,0.0,0.0,0.0,0.0,0.0,0.0
2021-02-27,徳山,9,一般,6,5022,伊藤尚汰,26,福岡,49,B1,3.75,21.52,2.05,0.0,66,37.1,63,39.68,曇り,東,2,2,6.92,3,逃げ,6,0.16,1.52.6,伊藤尚汰,32.0,0.0,2.0,1.0,0.13,0.0,0.0,0.0,0.0,0.0,0.0,0.0,0.0,0.0,0.0,0.1460913705583756,0.0,0.0625,0.03125,0.0,0.0,0.0,0.0,0.0,0.0,0.0,0.0
2021-02-27,徳山,10,準優勝戦,1,4468,大池佑来,34,東京,52,A1,6.64,47.79,7.12,52.94,18,38.31,33,42.65,曇り,東,3,3,6.97,1,逃げ,1,0.06,1.49.6,大池佑来,64.0,51.0,6.0,2.0,0.13109375,49.0,0.0,1.0,0.0,1.0,0.0,2.0,5.0,5.0,0.0,0.1398479087452471,0.796875,0.09375,0.03125,0.765625,0.0,0.0,0.015625,0.0,0.03125,0.078125,0.078125
2021-02-27,徳山,10,準優勝戦,2,4719,上條暢嵩,27,大阪,52,A1,7.07,55.88,6.92,51.28,56,33.33,52,38.6,曇り,東,3,3,6.98,2,逃げ,2,0.08,1.51.0,上條暢嵩,41.0,7.0,21.0,4.0,0.1609756097560975,1.0,4.0,2.0,0.0,0.0,0.0,0.0,0.0,0.0,27.0,0.146,0.17073170731707318,0.5121951219512195,0.0975609756097561,0.024390243902439025,0.6585365853658537,0.0975609756097561,0.04878048780487805,0.0,0.0,0.0,0.0
2021-02-27,徳山,10,準優勝戦,3,4263,武重雄介,36,山口,56,B1,5.27,35.9,5.76,44.53,41,33.17,37,24.24,曇り,東,3,3,7.03,3,逃げ,3,0.1,1.52.9,武重雄介,48.0,6.0,13.0,13.0,0.1558333333333333,0.0,0.0,0.0,4.0,2.0,0.0,0.0,0.0,0.0,0.0,0.1662109375,0.125,0.2708333333333333,0.2708333333333333,0.0,0.0,0.0,0.0,0.08333333333333333,0.0,0.0,0.0
2021-02-27,徳山,10,準優勝戦,4,4384,鶴本崇文,35,大阪,52,A1,6.19,41.8,6.26,46.0,17,33.33,32,36.0,曇り,東,3,3,7.01,4,逃げ,4,0.26,1.53.9,鶴本崇文,47.0,4.0,13.0,14.0,0.1774468085106383,0.0,2.0,0.0,1.0,1.0,0.0,0.0,0.0,0.0,0.0,0.1704059040590406,0.0851063829787234,0.2765957446808511,0.2978723404255319,0.0,0.0,0.0425531914893617,0.0,0.02127659574468085,0.0,0.0,0.0
2021-02-27,徳山,10,準優勝戦,5,3614,谷　勝幸,48,広島,54,B1,5.32,35.9,4.15,24.24,49,37.31,72,26.67,曇り,東,3,3,6.93,6,逃げ,5,0.23,.  .,谷勝幸,34.0,1.0,4.0,4.0,0.1999999999999999,0.0,0.0,1.0,0.0,0.0,0.0,0.0,0.0,0.0,0.0,0.1802242152466367,0.029411764705882353,0.11764705882352941,0.11764705882352941,0.0,0.0,0.0,0.029411764705882353,0.0,0.0,0.0,0.0
2021-02-27,徳山,10,準優勝戦,6,4675,井手良太,33,大阪,52,B1,4.26,23.16,5.0,33.33,61,35.68,21,34.85,曇り,東,3,3,6.97,5,逃げ,6,0.09,.  .,井手良太,31.0,0.0,1.0,7.0,0.1425806451612903,0.0,0.0,0.0,0.0,0.0,0.0,0.0,0.0,0.0,0.0,0.1272361809045226,0.0,0.03225806451612903,0.22580645161290322,0.0,0.0,0.0,0.0,0.0,0.0,0.0,0.0
2021-02-27,徳山,11,準優勝戦,1,4831,羽野直也,25,福岡,53,A1,7.2,49.56,7.8,67.5,63,36.1,66,44.83,曇り,東,3,3,7.0,1,逃げ,1,0.13,1.50.3,羽野直也,58.0,46.0,6.0,2.0,0.1541379310344827,45.0,0.0,0.0,0.0,1.0,0.0,1.0,7.0,2.0,0.0,0.1455762081784386,0.7931034482758621,0.10344827586206896,0.034482758620689655,0.7758620689655172,0.0,0.0,0.0,0.0,0.017241379310344827,0.1206896551724138,0.034482758620689655
2021-02-27,徳山,11,準優勝戦,2,3304,烏野賢太,53,徳島,52,A1,6.12,42.03,6.71,47.62,35,29.89,70,25.0,曇り,東,3,3,7.03,2,逃げ,2,0.15,1.52.1,烏野賢太,51.0,10.0,13.0,7.0,0.1823529411764706,0.0,6.0,2.0,1.0,1.0,0.0,0.0,0.0,0.0,24.0,0.1629065743944636,0.19607843137254902,0.2549019607843137,0.13725490196078433,0.0,0.47058823529411764,0.11764705882352941,0.0392156862745098,0.0196078431372549,0.0,0.0,0.0
2021-02-27,徳山,11,準優勝戦,3,4389,伊藤喜智,35,大阪,52,B1,5.12,30.69,6.03,45.0,54,39.21,67,33.33,曇り,東,3,3,7.01,5,逃げ,3,0.2,.  .,伊藤喜智,39.0,0.0,8.0,7.0,0.1825641025641025,0.0,0.0,0.0,0.0,0.0,0.0,0.0,0.0,0.0,0.0,0.1826605504587156,0.0,0.20512820512820512,0.1794871794871795,0.0,0.0,0.0,0.0,0.0,0.0,0.0,0.0
2021-02-27,徳山,11,準優勝戦,4,3282,池本輝明,54,広島,51,B1,5.08,29.1,5.42,31.58,48,33.19,12,38.46,曇り,東,3,3,6.98,6,逃げ,4,0.26,.  .,池本輝明,46.0,1.0,9.0,10.0,0.195,0.0,1.0,0.0,0.0,0.0,0.0,0.0,0.0,0.0,0.0,0.1934027777777777,0.021739130434782608,0.1956521739130435,0.21739130434782608,0.0,0.0,0.021739130434782608,0.0,0.0,0.0,0.0,0.0
2021-02-27,徳山,11,準優勝戦,5,4396,大田直弥,34,山口,53,B1,5.03,27.69,5.09,27.69,65,34.74,23,40.0,曇り,東,3,3,6.99,3,逃げ,6,0.27,1.52.2,大田直弥,32.0,1.0,4.0,5.0,0.1671875,0.0,0.0,0.0,0.0,1.0,0.0,0.0,0.0,0.0,0.0,0.1731382978723404,0.03125,0.125,0.15625,0.0,0.0,0.0,0.0,0.0,0.0,0.0,0.0
2021-02-27,徳山,11,準優勝戦,6,4301,関　裕也,37,福岡,52,A1,6.38,51.19,6.0,39.29,62,25.14,25,30.3,曇り,東,3,3,7.0,4,逃げ,5,0.26,1.53.4,関裕也,31.0,2.0,3.0,5.0,0.1664516129032258,0.0,0.0,2.0,0.0,0.0,0.0,0.0,0.0,0.0,0.0,0.170873786407767,0.06451612903225806,0.0967741935483871,0.16129032258064516,0.0,0.0,0.0,0.06451612903225806,0.0,0.0,0.0,0.0
2021-02-27,徳山,12,準優勝戦,1,4075,中野次郎,39,東京,53,A1,6.78,49.68,6.0,35.71,28,36.7,53,42.0,曇り,北,2,2,6.97,1,逃げ,1,0.09,1.50.1,中野次郎,60.0,48.0,8.0,3.0,0.1153333333333333,46.0,0.0,0.0,0.0,2.0,0.0,5.0,0.0,7.0,0.0,0.1383501683501683,0.8,0.13333333333333333,0.05,0.7666666666666667,0.0,0.0,0.0,0.0,0.08333333333333333,0.0,0.11666666666666667
2021-02-27,徳山,12,準優勝戦,2,4522,古澤光紀,33,福岡,53,A1,7.21,56.36,7.26,54.84,22,29.15,58,31.03,曇り,北,2,2,6.97,4,逃げ,2,0.2,1.52.9,古澤光紀,50.0,15.0,18.0,11.0,0.1394,0.0,8.0,4.0,1.0,2.0,0.0,0.0,0.0,0.0,28.0,0.1384169884169884,0.3,0.36,0.22,0.0,0.56,0.16,0.08,0.02,0.0,0.0,0.0
2021-02-27,徳山,12,準優勝戦,3,4588,田中京介,29,福岡,57,B1,5.6,37.4,4.72,33.33,39,43.65,29,37.5,曇り,北,2,2,7.07,6,逃げ,3,0.14,.  .,田中京介,50.0,4.0,14.0,11.0,0.1242,0.0,0.0,1.0,2.0,1.0,0.0,0.0,0.0,0.0,0.0,0.1287698412698412,0.08,0.28,0.22,0.0,0.0,0.0,0.02,0.04,0.0,0.0,0.0
2021-02-27,徳山,12,準優勝戦,4,3888,山本英志,45,東京,50,A1,6.52,52.08,7.16,61.29,31,28.57,49,24.62,曇り,北,2,2,7.0,2,逃げ,4,0.11,1.51.6,山本英志,57.0,10.0,12.0,12.0,0.1373684210526315,0.0,1.0,5.0,3.0,1.0,0.0,0.0,0.0,0.0,0.0,0.1425,0.17543859649122806,0.21052631578947367,0.21052631578947367,0.0,0.0,0.017543859649122806,0.08771929824561403,0.05263157894736842,0.0,0.0,0.0
2021-02-27,徳山,12,準優勝戦,5,4329,小松卓司,37,福岡,51,B1,5.07,31.52,5.02,25.58,38,44.04,28,36.92,曇り,北,2,2,6.88,5,逃げ,5,0.14,.  .,小松卓司,32.0,0.0,2.0,4.0,0.186875,0.0,0.0,0.0,0.0,0.0,0.0,0.0,0.0,0.0,0.0,0.1712169312169312,0.0,0.0625,0.125,0.0,0.0,0.0,0.0,0.0,0.0,0.0,0.0
2021-02-27,徳山,12,準優勝戦,6,4383,竹田吉行,35,徳島,51,B1,4.89,23.08,3.35,11.76,40,40.61,56,18.46,曇り,北,2,2,6.94,3,逃げ,6,0.25,1.52.4,竹田吉行,39.0,0.0,3.0,5.0,0.1882051282051282,0.0,0.0,0.0,0.0,0.0,0.0,0.0,0.0,0.0,0.0,0.175450643776824,0.0,0.07692307692307693,0.1282051282051282,0.0,0.0,0.0,0.0,0.0,0.0,0.0,0.0
2021-02-27,児島,1,朝得ガァ～コ,1,3873,別府昌樹,44,広島,51,A2,5.97,43.97,5.78,43.75,71,42.42,19,33.59,晴,北東,4,3,6.85,1,逃げ,1,0.13,1.49.0,別府昌樹,58.0,46.0,6.0,2.0,0.1605172413793103,43.0,0.0,0.0,0.0,3.0,0.0,2.0,5.0,5.0,0.0,0.167410071942446,0.7931034482758621,0.10344827586206896,0.034482758620689655,0.7413793103448276,0.0,0.0,0.0,0.0,0.034482758620689655,0.08620689655172414,0.08620689655172414
2021-02-27,児島,1,朝得ガァ～コ,2,3142,西茂登子,58,徳島,52,B2,3.21,12.5,2.5,0.0,60,41.38,11,32.22,晴,北東,4,3,6.77,5,逃げ,2,0.12,.  .,西茂登子,13.0,0.0,3.0,0.0,0.2061538461538461,0.0,0.0,0.0,0.0,0.0,0.0,0.0,0.0,0.0,7.0,0.209,0.0,0.23076923076923078,0.0,0.0,0.5384615384615384,0.0,0.0,0.0,0.0,0.0,0.0
2021-02-27,児島,1,朝得ガァ～コ,3,4957,竹之内極,25,福岡,55,B1,4.2,23.46,3.67,14.81,14,15.63,54,34.54,晴,北東,4,3,6.81,2,逃げ,3,0.08,1.50.3,竹之内極,32.0,2.0,6.0,6.0,0.1453125,0.0,0.0,1.0,1.0,0.0,0.0,0.0,0.0,0.0,0.0,0.145672514619883,0.0625,0.1875,0.1875,0.0,0.0,0.0,0.03125,0.03125,0.0,0.0,0.0
2021-02-27,児島,1,朝得ガァ～コ,4,3787,天野　誠,49,岡山,53,B1,3.93,20.0,5.56,40.15,62,28.13,20,35.88,晴,北東,4,3,6.89,3,逃げ,4,0.13,1.52.5,天野誠,37.0,1.0,6.0,7.0,0.1854054054054054,0.0,0.0,0.0,1.0,0.0,0.0,0.0,0.0,0.0,0.0,0.1786147186147186,0.02702702702702703,0.16216216216216217,0.1891891891891892,0.0,0.0,0.0,0.0,0.02702702702702703,0.0,0.0,0.0
2021-02-27,児島,1,朝得ガァ～コ,5,5163,清水愛海,21,山口,48,B2,1.68,0.0,0.0,0.0,70,32.14,23,31.49,晴,北東,4,3,6.89,6,逃げ,6,0.12,.  .,清水愛海,13.0,0.0,1.0,0.0,0.1923076923076923,0.0,0.0,0.0,0.0,0.0,0.0,0.0,0.0,0.0,0.0,0.2175675675675676,0.0,0.07692307692307693,0.0,0.0,0.0,0.0,0.0,0.0,0.0,0.0,0.0
2021-02-27,児島,1,朝得ガァ～コ,6,3701,大西隆洋,48,香川,58,B1,4.03,21.25,4.54,21.54,52,38.24,45,34.94,晴,北東,4,3,6.81,4,逃げ,5,0.1,1.53.6,大西隆洋,25.0,0.0,1.0,1.0,0.1576,0.0,0.0,0.0,0.0,0.0,0.0,0.0,0.0,0.0,0.0,0.1645930232558139,0.0,0.04,0.04,0.0,0.0,0.0,0.0,0.0,0.0,0.0,0.0
2021-02-27,児島,2,一般,1,3561,池田真治,52,岡山,53,B1,4.02,20.41,3.99,16.78,27,15.15,72,35.25,晴,南東,4,3,6.82,2,まくり差し,1,0.21,1.50.8,池田真治,31.0,8.0,10.0,1.0,0.1906451612903225,7.0,0.0,0.0,0.0,1.0,0.0,7.0,9.0,4.0,0.0,0.1971904761904762,0.25806451612903225,0.3225806451612903,0.03225806451612903,0.22580645161290322,0.0,0.0,0.0,0.0,0.22580645161290322,0.2903225806451613,0.12903225806451613
2021-02-27,児島,2,一般,2,3486,渋田治代,54,福岡,49,B1,4.62,24.14,4.79,21.05,69,40.0,67,31.4,晴,南東,4,3,6.75,5,まくり差し,2,0.18,.  .,渋田治代,36.0,1.0,9.0,6.0,0.1569444444444444,0.0,0.0,1.0,0.0,0.0,0.0,0.0,0.0,0.0,22.0,0.1940641711229946,0.027777777777777776,0.25,0.16666666666666666,0.0,0.6111111111111112,0.0,0.027777777777777776,0.0,0.0,0.0,0.0
2021-02-27,児島,2,一般,3,5064,品川二千,22,山口,53,B1,3.85,17.95,3.23,6.45,16,17.65,60,32.06,晴,南東,4,3,6.8,1,まくり差し,3,0.07,1.48.8,品川二千翔,19.0,1.0,2.0,2.0,0.1684210526315789,0.0,0.0,0.0,0.0,1.0,0.0,0.0,0.0,0.0,0.0,0.1781481481481481,0.05263157894736842,0.10526315789473684,0.10526315789473684,0.0,0.0,0.0,0.0,0.0,0.0,0.0,0.0
2021-02-27,児島,2,一般,4,4633,森　智也,31,兵庫,50,B1,4.55,24.49,4.79,25.0,19,9.09,43,36.4,晴,南東,4,3,6.78,3,まくり差し,4,0.11,1.52.3,森智也,35.0,0.0,7.0,8.0,0.1537142857142857,0.0,0.0,0.0,0.0,0.0,0.0,0.0,0.0,0.0,0.0,0.1668527918781725,0.0,0.2,0.22857142857142856,0.0,0.0,0.0,0.0,0.0,0.0,0.0,0.0
2021-02-27,児島,2,一般,5,5123,福山恵里,24,山口,46,B2,1.34,0.0,0.0,0.0,72,48.39,37,32.2,晴,南東,4,3,6.84,6,まくり差し,6,0.06,.  .,福山恵里奈,30.0,0.0,0.0,0.0,0.2083333333333333,0.0,0.0,0.0,0.0,0.0,0.0,0.0,0.0,0.0,0.0,0.1861855670103092,0.0,0.0,0.0,0.0,0.0,0.0,0.0,0.0,0.0,0.0,0.0
2021-02-27,児島,2,一般,6,3498,白石浩二,52,兵庫,52,B1,3.41,15.52,4.26,31.58,54,23.53,22,34.63,晴,南東,4,3,6.78,4,まくり差し,5,0.09,1.53.5,白石浩二,27.0,0.0,1.0,1.0,0.2262962962962963,0.0,0.0,0.0,0.0,0.0,0.0,0.0,0.0,0.0,0.0,0.1720979020979021,0.0,0.037037037037037035,0.037037037037037035,0.0,0.0,0.0,0.0,0.0,0.0,0.0,0.0
2021-02-27,児島,3,一般,1,3295,濱村芳宏,54,徳島,52,B1,4.84,29.59,5.27,29.73,21,34.38,29,39.41,晴,南東,4,5,6.73,1,逃げ,1,0.2,1.48.3,濱村芳宏,23.0,11.0,5.0,1.0,0.1765217391304348,11.0,0.0,0.0,0.0,0.0,0.0,4.0,4.0,3.0,0.0,0.1778666666666666,0.4782608695652174,0.21739130434782608,0.043478260869565216,0.4782608695652174,0.0,0.0,0.0,0.0,0.17391304347826086,0.17391304347826086,0.13043478260869565
2021-02-27,児島,3,一般,2,3928,林　恵祐,45,福岡,60,B1,4.59,28.21,3.4,20.0,32,34.38,30,40.24,晴,南東,4,5,6.81,6,逃げ,2,0.29,.  .,林恵祐,45.0,1.0,9.0,7.0,0.2117777777777777,0.0,1.0,0.0,0.0,0.0,0.0,0.0,0.0,0.0,29.0,0.1892622950819672,0.022222222222222223,0.2,0.15555555555555556,0.0,0.6444444444444445,0.022222222222222223,0.0,0.0,0.0,0.0,0.0
2021-02-27,児島,3,一般,3,4504,前田将太,32,福岡,55,A1,7.06,51.45,8.29,70.59,23,31.25,32,31.8,晴,南東,4,5,6.75,4,逃げ,3,0.21,1.52.2,前田将太,52.0,13.0,16.0,11.0,0.1342307692307692,0.0,1.0,5.0,7.0,0.0,0.0,0.0,0.0,0.0,0.0,0.1373684210526315,0.25,0.3076923076923077,0.21153846153846154,0.0,0.0,0.019230769230769232,0.09615384615384616,0.1346153846153846,0.0,0.0,0.0
2021-02-27,児島,3,一般,4,4348,宮崎　奨,35,香川,55,A2,5.85,34.23,5.74,42.11,15,19.35,38,33.33,晴,南東,4,5,6.72,2,逃げ,4,0.31,1.49.4,宮崎奨,35.0,3.0,7.0,13.0,0.1888571428571428,0.0,3.0,0.0,0.0,0.0,0.0,0.0,0.0,0.0,0.0,0.1711885245901639,0.08571428571428572,0.2,0.37142857142857144,0.0,0.0,0.08571428571428572,0.0,0.0,0.0,0.0,0.0
2021-02-27,児島,3,一般,5,3663,木山和幸,51,広島,50,A2,5.49,37.19,6.51,48.65,24,30.77,73,31.75,晴,南東,4,5,6.73,3,逃げ,5,0.18,1.51.3,木山和幸,42.0,1.0,2.0,10.0,0.155,0.0,0.0,0.0,1.0,0.0,0.0,0.0,0.0,0.0,0.0,0.1623166023166023,0.023809523809523808,0.047619047619047616,0.23809523809523808,0.0,0.0,0.0,0.0,0.023809523809523808,0.0,0.0,0.0
2021-02-27,児島,3,一般,6,4657,江崎一雄,33,福岡,55,B1,4.75,30.26,4.9,31.03,20,34.62,49,32.09,晴,南東,4,5,6.83,5,逃げ,6,0.2,.  .,江崎一雄,24.0,1.0,2.0,2.0,0.1591666666666666,0.0,0.0,0.0,1.0,0.0,0.0,0.0,0.0,0.0,0.0,0.1491489361702127,0.041666666666666664,0.08333333333333333,0.08333333333333333,0.0,0.0,0.0,0.0,0.041666666666666664,0.0,0.0,0.0
2021-02-27,児島,4,一般,1,3871,池田紫乃,45,長崎,45,B1,5.28,36.49,5.17,33.33,58,30.77,57,36.28,晴,南東,4,3,6.71,2,差し,1,0.32,1.49.9,池田紫乃,31.0,11.0,7.0,5.0,0.1883870967741935,11.0,0.0,0.0,0.0,0.0,0.0,7.0,7.0,5.0,0.0,0.1906179775280899,0.3548387096774194,0.22580645161290322,0.16129032258064516,0.3548387096774194,0.0,0.0,0.0,0.0,0.22580645161290322,0.22580645161290322,0.16129032258064516
2021-02-27,児島,4,一般,2,3562,山下和彦,51,広島,52,A2,6.45,47.54,6.0,43.75,18,33.33,53,33.33,晴,南東,4,3,6.72,1,差し,2,0.26,1.48.9,山下和彦,54.0,6.0,19.0,6.0,0.1803703703703703,0.0,4.0,2.0,0.0,0.0,0.0,0.0,0.0,0.0,26.0,0.1704195804195804,0.1111111111111111,0.35185185185185186,0.1111111111111111,0.0,0.48148148148148145,0.07407407407407407,0.037037037037037035,0.0,0.0,0.0,0.0
2021-02-27,児島,4,一般,3,3717,立間充宏,46,岡山,55,A1,6.71,54.1,5.99,45.12,59,15.79,40,34.93,晴,南東,4,3,6.71,5,差し,3,0.26,.  .,立間充宏,40.0,2.0,13.0,12.0,0.13275,0.0,0.0,1.0,1.0,0.0,0.0,0.0,0.0,0.0,0.0,0.1479835390946502,0.05,0.325,0.3,0.0,0.0,0.0,0.025,0.025,0.0,0.0,0.0
2021-02-27,児島,4,一般,4,3753,河上哲也,49,香川,55,B1,4.15,21.43,3.66,17.02,31,27.27,21,32.99,晴,南東,4,3,6.82,4,差し,4,0.21,1.51.2,河上哲也,40.0,2.0,3.0,5.0,0.1895,0.0,0.0,0.0,2.0,0.0,0.0,0.0,0.0,0.0,0.0,0.1704888888888888,0.05,0.075,0.125,0.0,0.0,0.0,0.0,0.05,0.0,0.0,0.0
2021-02-27,児島,4,一般,5,4064,原田篤志,41,山口,52,A1,6.69,46.67,6.37,44.74,12,31.25,28,34.46,晴,南東,4,3,6.71,3,差し,5,0.24,1.51.1,原田篤志,42.0,2.0,5.0,10.0,0.1709523809523809,0.0,2.0,0.0,0.0,0.0,0.0,0.0,0.0,0.0,0.0,0.167375415282392,0.047619047619047616,0.11904761904761904,0.23809523809523808,0.0,0.0,0.047619047619047616,0.0,0.0,0.0,0.0,0.0
2021-02-27,児島,4,一般,6,5155,内山七海,24,福岡,48,B2,1.07,0.0,0.0,0.0,51,32.35,12,36.15,晴,南東,4,3,6.89,6,差し,6,0.26,.  .,内山七海,24.0,0.0,0.0,0.0,0.2395833333333333,0.0,0.0,0.0,0.0,0.0,0.0,0.0,0.0,0.0,0.0,0.2236363636363636,0.0,0.0,0.0,0.0,0.0,0.0,0.0,0.0,0.0,0.0,0.0
2021-02-27,児島,5,日替艇食戦,1,4302,西野翔太,37,広島,52,A1,6.62,50.4,6.09,42.59,44,42.31,46,31.38,晴,南東,4,3,6.72,3,まくり,1,0.32,1.52.1,西野翔太,59.0,47.0,5.0,3.0,0.1666101694915254,45.0,0.0,0.0,0.0,2.0,0.0,4.0,4.0,3.0,0.0,0.1656737588652482,0.7966101694915254,0.0847457627118644,0.05084745762711865,0.7627118644067796,0.0,0.0,0.0,0.0,0.06779661016949153,0.06779661016949153,0.05084745762711865
2021-02-27,児島,5,日替艇食戦,2,4544,松田大志,33,福岡,53,A1,7.54,62.14,7.15,58.54,39,20.59,56,37.26,晴,南東,4,3,6.69,5,まくり,2,0.31,.  .,松田大志郎,54.0,21.0,20.0,4.0,0.1603703703703703,1.0,11.0,4.0,0.0,4.0,1.0,0.0,0.0,0.0,19.0,0.1658631921824104,0.3888888888888889,0.37037037037037035,0.07407407407407407,0.018518518518518517,0.35185185185185186,0.2037037037037037,0.07407407407407407,0.0,0.0,0.0,0.0
2021-02-27,児島,5,日替艇食戦,3,3024,西島義則,59,広島,57,A1,6.94,51.18,7.58,66.67,25,30.0,13,35.78,晴,南東,4,3,6.68,6,まくり,3,0.3,.  .,西島義則,45.0,14.0,11.0,5.0,0.1502222222222222,1.0,5.0,8.0,0.0,0.0,0.0,0.0,0.0,0.0,0.0,0.1543396226415094,0.3111111111111111,0.24444444444444444,0.1111111111111111,0.022222222222222223,0.0,0.1111111111111111,0.17777777777777778,0.0,0.0,0.0,0.0
2021-02-27,児島,5,日替艇食戦,4,5088,高憧四季,21,大阪,47,B1,4.07,21.95,0.0,0.0,30,6.45,27,37.55,晴,南東,4,3,6.71,1,まくり,4,0.15,1.48.5,高憧四季,31.0,4.0,3.0,5.0,0.1758064516129032,0.0,1.0,2.0,1.0,0.0,0.0,0.0,0.0,0.0,0.0,0.1815436241610738,0.12903225806451613,0.0967741935483871,0.16129032258064516,0.0,0.0,0.03225806451612903,0.06451612903225806,0.03225806451612903,0.0,0.0,0.0
2021-02-27,児島,5,日替艇食戦,5,3462,竹上真司,53,岡山,52,A2,5.96,40.13,6.54,50.0,53,44.44,31,39.2,晴,南東,4,3,6.77,2,まくり,5,0.16,1.50.5,竹上真司,41.0,6.0,9.0,9.0,0.1597560975609756,0.0,1.0,1.0,3.0,1.0,0.0,0.0,0.0,0.0,0.0,0.1576221498371335,0.14634146341463414,0.21951219512195122,0.21951219512195122,0.0,0.0,0.024390243902439025,0.024390243902439025,0.07317073170731707,0.0,0.0,0.0
2021-02-27,児島,5,日替艇食戦,6,3587,武田信一,47,徳島,62,B1,4.49,16.85,5.28,35.0,63,20.69,68,31.55,晴,南東,4,3,6.73,4,まくり,6,0.21,1.53.0,武田信一,29.0,0.0,2.0,7.0,0.2089655172413793,0.0,0.0,0.0,0.0,0.0,0.0,0.0,0.0,0.0,0.0,0.1588144329896907,0.0,0.06896551724137931,0.2413793103448276,0.0,0.0,0.0,0.0,0.0,0.0,0.0,0.0
2021-02-27,児島,6,昼得クラリス,1,3930,岸本　隆,45,岡山,57,A2,5.63,40.16,6.17,46.79,68,29.63,65,36.4,晴,南東,3,3,6.7,1,逃げ,1,0.14,1.48.5,岸本隆,51.0,35.0,9.0,3.0,0.1380392156862745,34.0,0.0,0.0,0.0,1.0,0.0,4.0,4.0,4.0,0.0,0.1521722846441947,0.6862745098039216,0.17647058823529413,0.058823529411764705,0.6666666666666666,0.0,0.0,0.0,0.0,0.0784313725490196,0.0784313725490196,0.0784313725490196
2021-02-27,児島,6,昼得クラリス,2,3955,眞田英二,43,徳島,51,A2,6.08,39.23,5.69,34.62,22,44.0,14,35.36,晴,南東,3,3,6.72,3,逃げ,2,0.1,1.51.3,眞田英二,41.0,7.0,12.0,12.0,0.1773170731707317,0.0,6.0,1.0,0.0,0.0,0.0,0.0,0.0,0.0,20.0,0.1900378787878787,0.17073170731707318,0.2926829268292683,0.2926829268292683,0.0,0.4878048780487805,0.14634146341463414,0.024390243902439025,0.0,0.0,0.0,0.0
2021-02-27,児島,6,昼得クラリス,3,3499,市川哲也,52,広島,51,A1,6.41,47.33,7.19,53.85,66,42.31,35,34.62,晴,南東,3,3,6.71,4,逃げ,3,0.13,1.51.9,市川哲也,41.0,6.0,16.0,5.0,0.1192682926829268,0.0,0.0,3.0,1.0,2.0,0.0,0.0,0.0,0.0,0.0,0.1412698412698412,0.14634146341463414,0.3902439024390244,0.12195121951219512,0.0,0.0,0.0,0.07317073170731707,0.024390243902439025,0.0,0.0,0.0
2021-02-27,児島,6,昼得クラリス,4,3430,角浜　修,52,広島,55,B1,4.7,28.8,5.21,34.62,67,24.14,17,35.29,晴,南東,3,3,6.72,2,逃げ,4,0.12,1.49.4,角浜修,43.0,2.0,6.0,8.0,0.1741860465116279,0.0,1.0,0.0,1.0,0.0,0.0,0.0,0.0,0.0,0.0,0.1698905109489051,0.046511627906976744,0.13953488372093023,0.18604651162790697,0.0,0.0,0.023255813953488372,0.0,0.023255813953488372,0.0,0.0,0.0
2021-02-27,児島,6,昼得クラリス,5,4316,山口裕太,36,広島,52,B1,5.15,35.62,5.79,34.21,65,50.0,59,33.65,晴,南東,3,3,6.74,5,逃げ,5,0.13,.  .,山口裕太,26.0,1.0,5.0,4.0,0.1842307692307692,0.0,1.0,0.0,0.0,0.0,0.0,0.0,0.0,0.0,0.0,0.1698148148148148,0.038461538461538464,0.19230769230769232,0.15384615384615385,0.0,0.0,0.038461538461538464,0.0,0.0,0.0,0.0,0.0
2021-02-27,児島,6,昼得クラリス,6,5123,福山恵里,24,山口,46,B2,1.34,0.0,0.0,0.0,72,48.39,37,32.2,晴,南東,3,3,6.76,6,逃げ,6,0.12,.  .,福山恵里奈,58.0,0.0,0.0,0.0,0.1812068965517241,0.0,0.0,0.0,0.0,0.0,0.0,0.0,0.0,0.0,0.0,0.1861855670103092,0.0,0.0,0.0,0.0,0.0,0.0,0.0,0.0,0.0,0.0,0.0
2021-02-27,児島,7,一般,1,4757,山田祐也,31,徳島,53,A1,6.89,50.82,5.65,47.06,26,17.24,15,41.47,晴,南東,4,3,6.68,1,逃げ,1,0.16,1.48.1,山田祐也,51.0,44.0,2.0,2.0,0.1305882352941176,42.0,0.0,0.0,0.0,2.0,0.0,0.0,4.0,2.0,0.0,0.1335051546391752,0.8627450980392157,0.0392156862745098,0.0392156862745098,0.8235294117647058,0.0,0.0,0.0,0.0,0.0,0.0784313725490196,0.0392156862745098
2021-02-27,児島,7,一般,2,3701,大西隆洋,48,香川,58,B1,4.03,21.25,4.54,21.54,52,38.24,45,34.94,晴,南東,4,3,6.75,4,逃げ,2,0.21,1.52.6,大西隆洋,31.0,1.0,7.0,5.0,0.1661290322580645,0.0,0.0,1.0,0.0,0.0,0.0,0.0,0.0,0.0,20.0,0.1645930232558139,0.03225806451612903,0.22580645161290322,0.16129032258064516,0.0,0.6451612903225806,0.0,0.03225806451612903,0.0,0.0,0.0,0.0
2021-02-27,児島,7,一般,3,4633,森　智也,31,兵庫,50,B1,4.55,24.49,4.79,25.0,19,9.09,43,36.4,晴,南東,4,3,6.69,5,逃げ,3,0.14,.  .,森智也,36.0,0.0,9.0,10.0,0.1636111111111111,0.0,0.0,0.0,0.0,0.0,0.0,0.0,0.0,0.0,0.0,0.1668527918781725,0.0,0.25,0.2777777777777778,0.0,0.0,0.0,0.0,0.0,0.0,0.0,0.0
2021-02-27,児島,7,一般,4,4418,茅原悠紀,33,岡山,56,A1,7.49,53.01,7.78,67.21,64,23.33,55,33.07,晴,南東,4,3,6.8,3,逃げ,4,0.14,1.51.2,茅原悠紀,36.0,6.0,11.0,11.0,0.165,0.0,0.0,5.0,0.0,1.0,0.0,0.0,0.0,0.0,0.0,0.1512621359223301,0.16666666666666666,0.3055555555555556,0.3055555555555556,0.0,0.0,0.0,0.1388888888888889,0.0,0.0,0.0,0.0
2021-02-27,児島,7,一般,5,4348,宮崎　奨,35,香川,55,A2,5.85,34.23,5.74,42.11,15,19.35,38,33.33,晴,南東,4,3,6.69,2,逃げ,5,0.12,1.49.2,宮崎奨,39.0,3.0,8.0,14.0,0.1735897435897436,0.0,0.0,0.0,1.0,2.0,0.0,0.0,0.0,0.0,0.0,0.1711885245901639,0.07692307692307693,0.20512820512820512,0.358974358974359,0.0,0.0,0.0,0.0,0.02564102564102564,0.0,0.0,0.0
2021-02-27,児島,7,一般,6,4521,小池公生,33,福岡,51,A1,6.15,48.98,5.95,35.71,29,30.77,62,37.74,晴,南東,4,3,6.77,6,逃げ,6,0.26,.  .,小池公生,40.0,1.0,3.0,12.0,0.1895,0.0,1.0,0.0,0.0,0.0,0.0,0.0,0.0,0.0,0.0,0.16868,0.025,0.075,0.3,0.0,0.0,0.025,0.0,0.0,0.0,0.0,0.0
2021-02-27,児島,8,一般,1,4654,篠田優也,34,兵庫,54,B1,4.87,22.34,4.2,20.0,48,38.71,61,35.4,晴,南東,3,3,6.71,1,逃げ,1,0.22,1.48.1,篠田優也,28.0,13.0,6.0,3.0,0.1510714285714285,13.0,0.0,0.0,0.0,0.0,0.0,3.0,6.0,6.0,0.0,0.1657971014492753,0.4642857142857143,0.21428571428571427,0.10714285714285714,0.4642857142857143,0.0,0.0,0.0,0.0,0.10714285714285714,0.21428571428571427,0.21428571428571427
2021-02-27,児島,8,一般,2,5064,品川二千,22,山口,53,B1,3.85,17.95,3.23,6.45,16,17.65,60,32.06,晴,南東,3,3,6.8,4,逃げ,2,0.15,1.52.1,品川二千翔,12.0,1.0,2.0,5.0,0.2291666666666666,0.0,0.0,0.0,1.0,0.0,0.0,0.0,0.0,0.0,5.0,0.1781481481481481,0.08333333333333333,0.16666666666666666,0.4166666666666667,0.0,0.4166666666666667,0.0,0.0,0.08333333333333333,0.0,0.0,0.0
2021-02-27,児島,8,一般,3,3933,山地正樹,44,岡山,54,A1,6.68,50.77,7.19,61.4,40,29.03,24,32.57,晴,南東,3,3,6.61,2,逃げ,3,0.13,1.49.0,山地正樹,45.0,6.0,10.0,17.0,0.1453333333333333,0.0,2.0,1.0,3.0,0.0,0.0,0.0,0.0,0.0,0.0,0.1548056537102473,0.13333333333333333,0.2222222222222222,0.37777777777777777,0.0,0.0,0.044444444444444446,0.022222222222222223,0.06666666666666667,0.0,0.0,0.0
2021-02-27,児島,8,一般,4,3663,木山和幸,51,広島,50,A2,5.49,37.19,6.51,48.65,24,30.77,73,31.75,晴,南東,3,3,6.78,3,逃げ,4,0.14,1.51.2,木山和幸,46.0,2.0,5.0,9.0,0.1654347826086956,0.0,1.0,0.0,1.0,0.0,0.0,0.0,0.0,0.0,0.0,0.1623166023166023,0.043478260869565216,0.10869565217391304,0.1956521739130435,0.0,0.0,0.021739130434782608,0.0,0.021739130434782608,0.0,0.0,0.0
2021-02-27,児島,8,一般,5,5155,内山七海,24,福岡,48,B2,1.07,0.0,0.0,0.0,51,32.35,12,36.15,晴,南東,3,3,6.82,6,逃げ,6,0.25,.  .,内山七海,9.0,0.0,0.0,0.0,0.1811111111111111,0.0,0.0,0.0,0.0,0.0,0.0,0.0,0.0,0.0,0.0,0.2236363636363636,0.0,0.0,0.0,0.0,0.0,0.0,0.0,0.0,0.0,0.0,0.0
2021-02-27,児島,8,一般,6,3787,天野　誠,49,岡山,53,B1,3.93,20.0,5.56,40.15,62,28.13,20,35.88,晴,南東,3,3,6.86,5,逃げ,5,0.16,.  .,天野誠,34.0,0.0,0.0,4.0,0.2041176470588235,0.0,0.0,0.0,0.0,0.0,0.0,0.0,0.0,0.0,0.0,0.1786147186147186,0.0,0.0,0.11764705882352941,0.0,0.0,0.0,0.0,0.0,0.0,0.0,0.0
2021-02-27,児島,9,一般,1,3462,竹上真司,53,岡山,52,A2,5.96,40.13,6.54,50.0,53,44.44,31,39.2,晴,南東,3,3,6.75,1,逃げ,1,0.23,1.48.6,竹上真司,61.0,40.0,9.0,7.0,0.1532786885245901,38.0,0.0,0.0,0.0,2.0,0.0,5.0,12.0,2.0,0.0,0.1576221498371335,0.6557377049180327,0.14754098360655737,0.11475409836065574,0.6229508196721312,0.0,0.0,0.0,0.0,0.08196721311475409,0.19672131147540983,0.03278688524590164
2021-02-27,児島,9,一般,2,3753,河上哲也,49,香川,55,B1,4.15,21.43,3.66,17.02,31,27.27,21,32.99,晴,南東,3,3,6.76,5,逃げ,2,0.28,.  .,河上哲也,38.0,3.0,2.0,10.0,0.1655263157894737,0.0,1.0,2.0,0.0,0.0,0.0,0.0,0.0,0.0,21.0,0.1704888888888888,0.07894736842105263,0.05263157894736842,0.2631578947368421,0.0,0.5526315789473685,0.02631578947368421,0.05263157894736842,0.0,0.0,0.0,0.0
2021-02-27,児島,9,一般,3,3928,林　恵祐,45,福岡,60,B1,4.59,28.21,3.4,20.0,32,34.38,30,40.24,晴,南東,3,3,6.7,2,逃げ,3,0.27,1.50.3,林恵祐,46.0,2.0,14.0,7.0,0.17,0.0,0.0,1.0,1.0,0.0,0.0,0.0,0.0,0.0,0.0,0.1892622950819672,0.043478260869565216,0.30434782608695654,0.15217391304347827,0.0,0.0,0.0,0.021739130434782608,0.021739130434782608,0.0,0.0,0.0
2021-02-27,児島,9,一般,4,4316,山口裕太,36,広島,52,B1,5.15,35.62,5.79,34.21,65,50.0,59,33.65,晴,南東,3,3,6.88,4,逃げ,4,0.28,1.53.2,山口裕太,32.0,2.0,1.0,8.0,0.1746875,0.0,0.0,0.0,1.0,1.0,0.0,0.0,0.0,0.0,0.0,0.1698148148148148,0.0625,0.03125,0.25,0.0,0.0,0.0,0.0,0.03125,0.0,0.0,0.0
2021-02-27,児島,9,一般,5,4729,佐藤謙史,32,福岡,56,B1,4.36,20.0,4.32,21.28,42,54.17,70,36.19,晴,南東,3,3,6.78,3,逃げ,5,0.22,1.52.1,佐藤謙史朗,36.0,1.0,1.0,7.0,0.1783333333333333,0.0,0.0,0.0,0.0,1.0,0.0,0.0,0.0,0.0,0.0,0.1839,0.027777777777777776,0.027777777777777776,0.19444444444444445,0.0,0.0,0.0,0.0,0.0,0.0,0.0,0.0
2021-02-27,児島,9,一般,6,5163,清水愛海,21,山口,48,B2,1.68,0.0,0.0,0.0,70,32.14,23,31.49,晴,南東,3,3,6.75,6,逃げ,6,0.26,.  .,清水愛海,23.0,0.0,0.0,1.0,0.2339130434782608,0.0,0.0,0.0,0.0,0.0,0.0,0.0,0.0,0.0,0.0,0.2175675675675676,0.0,0.0,0.043478260869565216,0.0,0.0,0.0,0.0,0.0,0.0,0.0,0.0
2021-02-27,児島,10,準優勝戦,1,4064,原田篤志,41,山口,52,A1,6.69,46.67,6.37,44.74,12,31.25,28,34.46,晴,南東,3,3,6.68,2,まくり,1,0.12,1.49.0,原田篤志,72.0,57.0,5.0,3.0,0.1590277777777778,54.0,0.0,0.0,0.0,2.0,1.0,4.0,9.0,1.0,0.0,0.167375415282392,0.7916666666666666,0.06944444444444445,0.041666666666666664,0.75,0.0,0.0,0.0,0.0,0.05555555555555555,0.125,0.013888888888888888
2021-02-27,児島,10,準優勝戦,2,4302,西野翔太,37,広島,52,A1,6.62,50.4,6.09,42.59,44,42.31,46,31.38,晴,南東,3,3,6.72,4,まくり,2,0.11,1.51.7,西野翔太,47.0,6.0,15.0,10.0,0.1759574468085106,0.0,4.0,2.0,0.0,0.0,0.0,0.0,0.0,0.0,27.0,0.1656737588652482,0.1276595744680851,0.3191489361702128,0.2127659574468085,0.0,0.574468085106383,0.0851063829787234,0.0425531914893617,0.0,0.0,0.0,0.0
2021-02-27,児島,10,準優勝戦,3,3430,角浜　修,52,広島,55,B1,4.7,28.8,5.21,34.62,67,24.14,17,35.29,晴,南東,3,3,6.75,6,まくり,3,0.22,.  .,角浜修,47.0,8.0,12.0,12.0,0.1759574468085106,0.0,0.0,5.0,3.0,0.0,0.0,0.0,0.0,0.0,0.0,0.1698905109489051,0.1702127659574468,0.2553191489361702,0.2553191489361702,0.0,0.0,0.0,0.10638297872340426,0.06382978723404255,0.0,0.0,0.0
2021-02-27,児島,10,準優勝戦,4,3930,岸本　隆,45,岡山,57,A2,5.63,40.16,6.17,46.79,68,29.63,65,36.4,晴,南東,3,3,6.74,1,まくり,4,0.05,1.47.7,岸本隆,37.0,3.0,4.0,11.0,0.1472972972972973,0.0,0.0,3.0,0.0,0.0,0.0,0.0,0.0,0.0,0.0,0.1521722846441947,0.08108108108108109,0.10810810810810811,0.2972972972972973,0.0,0.0,0.0,0.08108108108108109,0.0,0.0,0.0,0.0
2021-02-27,児島,10,準優勝戦,5,3295,濱村芳宏,54,徳島,52,B1,4.84,29.59,5.27,29.73,21,34.38,29,39.41,晴,南東,3,3,6.73,5,まくり,5,0.13,.  .,濱村芳宏,26.0,0.0,3.0,3.0,0.1884615384615384,0.0,0.0,0.0,0.0,0.0,0.0,0.0,0.0,0.0,0.0,0.1778666666666666,0.0,0.11538461538461539,0.11538461538461539,0.0,0.0,0.0,0.0,0.0,0.0,0.0,0.0
2021-02-27,児島,10,準優勝戦,6,3873,別府昌樹,44,広島,51,A2,5.97,43.97,5.78,43.75,71,42.42,19,33.59,晴,南東,3,3,6.75,3,まくり,6,0.14,1.50.5,別府昌樹,43.0,0.0,3.0,8.0,0.1751162790697674,0.0,0.0,0.0,0.0,0.0,0.0,0.0,0.0,0.0,0.0,0.167410071942446,0.0,0.06976744186046512,0.18604651162790697,0.0,0.0,0.0,0.0,0.0,0.0,0.0,0.0
2021-02-27,児島,11,準優勝戦,1,3717,立間充宏,46,岡山,55,A1,6.71,54.1,5.99,45.12,59,15.79,40,34.93,晴,南東,3,3,6.74,1,逃げ,1,0.07,1.47.3,立間充宏,53.0,33.0,14.0,2.0,0.120754716981132,32.0,0.0,0.0,0.0,1.0,0.0,7.0,5.0,7.0,0.0,0.1479835390946502,0.6226415094339622,0.2641509433962264,0.03773584905660377,0.6037735849056604,0.0,0.0,0.0,0.0,0.1320754716981132,0.09433962264150944,0.1320754716981132
2021-02-27,児島,11,準優勝戦,2,4418,茅原悠紀,33,岡山,56,A1,7.49,53.01,7.78,67.21,64,23.33,55,33.07,晴,南東,3,3,6.7,5,逃げ,2,0.11,.  .,茅原悠紀,30.0,7.0,8.0,8.0,0.1666666666666666,0.0,2.0,1.0,1.0,3.0,0.0,0.0,0.0,0.0,13.0,0.1512621359223301,0.23333333333333334,0.26666666666666666,0.26666666666666666,0.0,0.43333333333333335,0.06666666666666667,0.03333333333333333,0.03333333333333333,0.0,0.0,0.0
2021-02-27,児島,11,準優勝戦,3,4544,松田大志,33,福岡,53,A1,7.54,62.14,7.15,58.54,39,20.59,56,37.26,晴,南東,3,3,6.7,6,逃げ,3,0.13,.  .,松田大志郎,51.0,16.0,15.0,10.0,0.1825490196078431,0.0,1.0,6.0,6.0,3.0,0.0,0.0,0.0,0.0,0.0,0.1658631921824104,0.3137254901960784,0.29411764705882354,0.19607843137254902,0.0,0.0,0.0196078431372549,0.11764705882352941,0.11764705882352941,0.0,0.0,0.0
2021-02-27,児島,11,準優勝戦,4,3562,山下和彦,51,広島,52,A2,6.45,47.54,6.0,43.75,18,33.33,53,33.33,晴,南東,3,3,6.73,2,逃げ,4,0.1,1.48.2,山下和彦,50.0,7.0,14.0,7.0,0.1607999999999999,0.0,1.0,3.0,3.0,0.0,0.0,0.0,0.0,0.0,0.0,0.1704195804195804,0.14,0.28,0.14,0.0,0.0,0.02,0.06,0.06,0.0,0.0,0.0
2021-02-27,児島,11,準優勝戦,5,3955,眞田英二,43,徳島,51,A2,6.08,39.23,5.69,34.62,22,44.0,14,35.36,晴,南東,3,3,6.79,3,逃げ,5,0.12,1.50.3,眞田英二,41.0,1.0,6.0,11.0,0.2036585365853658,0.0,0.0,0.0,1.0,0.0,0.0,0.0,0.0,0.0,0.0,0.1900378787878787,0.024390243902439025,0.14634146341463414,0.2682926829268293,0.0,0.0,0.0,0.0,0.024390243902439025,0.0,0.0,0.0
2021-02-27,児島,11,準優勝戦,6,4504,前田将太,32,福岡,55,A1,7.06,51.45,8.29,70.59,23,31.25,32,31.8,晴,南東,3,3,6.76,4,逃げ,6,0.15,1.50.8,前田将太,45.0,3.0,8.0,14.0,0.1444444444444444,0.0,0.0,1.0,1.0,1.0,0.0,0.0,0.0,0.0,0.0,0.1373684210526315,0.06666666666666667,0.17777777777777778,0.3111111111111111,0.0,0.0,0.0,0.022222222222222223,0.022222222222222223,0.0,0.0,0.0
2021-02-27,児島,12,準優勝戦,1,3933,山地正樹,44,岡山,54,A1,6.68,50.77,7.19,61.4,40,29.03,24,32.57,晴,南東,5,5,6.71,1,逃げ,1,0.17,1.47.2,山地正樹,65.0,46.0,10.0,6.0,0.1576923076923077,44.0,0.0,0.0,0.0,2.0,0.0,7.0,4.0,6.0,0.0,0.1548056537102473,0.7076923076923077,0.15384615384615385,0.09230769230769231,0.676923076923077,0.0,0.0,0.0,0.0,0.1076923076923077,0.06153846153846154,0.09230769230769231
2021-02-27,児島,12,準優勝戦,2,3024,西島義則,59,広島,57,A1,6.94,51.18,7.58,66.67,25,30.0,13,35.78,晴,南東,5,5,6.79,5,逃げ,2,0.17,.  .,西島義則,45.0,11.0,13.0,4.0,0.1591111111111111,4.0,6.0,1.0,0.0,0.0,0.0,0.0,0.0,0.0,19.0,0.1543396226415094,0.24444444444444444,0.28888888888888886,0.08888888888888889,0.08888888888888889,0.4222222222222222,0.13333333333333333,0.022222222222222223,0.0,0.0,0.0,0.0
2021-02-27,児島,12,準優勝戦,3,4757,山田祐也,31,徳島,53,A1,6.89,50.82,5.65,47.06,26,17.24,15,41.47,晴,南東,5,5,6.81,2,逃げ,3,0.19,1.48.6,山田祐也,45.0,5.0,14.0,11.0,0.1457777777777777,0.0,1.0,2.0,2.0,0.0,0.0,0.0,0.0,0.0,0.0,0.1335051546391752,0.1111111111111111,0.3111111111111111,0.24444444444444444,0.0,0.0,0.022222222222222223,0.044444444444444446,0.044444444444444446,0.0,0.0,0.0
2021-02-27,児島,12,準優勝戦,4,4654,篠田優也,34,兵庫,54,B1,4.87,22.34,4.2,20.0,48,38.71,61,35.4,晴,南東,5,5,6.71,4,逃げ,4,0.21,1.51.2,篠田優也,38.0,3.0,5.0,14.0,0.1592105263157894,0.0,1.0,2.0,0.0,0.0,0.0,0.0,0.0,0.0,0.0,0.1657971014492753,0.07894736842105263,0.13157894736842105,0.3684210526315789,0.0,0.0,0.02631578947368421,0.05263157894736842,0.0,0.0,0.0,0.0
2021-02-27,児島,12,準優勝戦,5,3499,市川哲也,52,広島,51,A1,6.41,47.33,7.19,53.85,66,42.31,35,34.62,晴,南東,5,5,6.83,3,逃げ,5,0.23,1.50.3,市川哲也,38.0,3.0,14.0,6.0,0.1471052631578947,0.0,0.0,0.0,3.0,0.0,0.0,0.0,0.0,0.0,0.0,0.1412698412698412,0.07894736842105263,0.3684210526315789,0.15789473684210525,0.0,0.0,0.0,0.0,0.07894736842105263,0.0,0.0,0.0
2021-02-27,児島,12,準優勝戦,6,3871,池田紫乃,45,長崎,45,B1,5.28,36.49,5.17,33.33,58,30.77,57,36.28,晴,南東,5,5,6.82,6,逃げ,6,0.31,.  .,池田紫乃,22.0,2.0,2.0,0.0,0.2136363636363636,0.0,1.0,0.0,0.0,1.0,0.0,0.0,0.0,0.0,0.0,0.1906179775280899,0.09090909090909091,0.09090909090909091,0.0,0.0,0.0,0.045454545454545456,0.0,0.0,0.0,0.0,0.0
2021-02-27,丸亀,1,一般,1,4315,山崎昂介,36,長崎,53,B1,4.8,28.57,4.41,18.52,7,46.97,58,28.26,晴,北西,2,2,6.69,1,逃げ,1,0.16,1.49.4,山崎昂介,32.0,15.0,6.0,3.0,0.1890625,14.0,0.0,0.0,0.0,1.0,0.0,7.0,6.0,4.0,0.0,0.1868348623853211,0.46875,0.1875,0.09375,0.4375,0.0,0.0,0.0,0.0,0.21875,0.1875,0.125
2021-02-27,丸亀,1,一般,2,4458,抹香雄三,35,広島,52,B1,4.82,28.91,4.41,25.64,61,36.51,60,34.31,晴,北西,2,2,6.75,5,逃げ,2,0.08,1.54.6,抹香雄三,47.0,4.0,11.0,9.0,0.1753191489361702,1.0,2.0,1.0,0.0,0.0,0.0,0.0,0.0,0.0,30.0,0.1648828125,0.0851063829787234,0.23404255319148937,0.19148936170212766,0.02127659574468085,0.6382978723404256,0.0425531914893617,0.02127659574468085,0.0,0.0,0.0,0.0
2021-02-27,丸亀,1,一般,3,3804,中渡修作,46,福岡,55,A2,5.01,30.63,6.1,50.0,23,21.82,28,40.88,晴,北西,2,2,6.82,2,逃げ,3,0.11,1.50.5,中渡修作,40.0,0.0,8.0,14.0,0.15325,0.0,0.0,0.0,0.0,0.0,0.0,0.0,0.0,0.0,0.0,0.1629787234042553,0.0,0.2,0.35,0.0,0.0,0.0,0.0,0.0,0.0,0.0,0.0
2021-02-27,丸亀,1,一般,4,4222,山口高志,39,佐賀,51,A2,5.11,37.08,5.5,33.33,45,27.27,6,27.94,晴,北西,2,2,6.74,6,逃げ,4,0.12,1.55.6,山口高志,34.0,5.0,9.0,9.0,0.1623529411764706,0.0,2.0,1.0,1.0,1.0,0.0,0.0,0.0,0.0,0.0,0.170575221238938,0.14705882352941177,0.2647058823529412,0.2647058823529412,0.0,0.0,0.058823529411764705,0.029411764705882353,0.029411764705882353,0.0,0.0,0.0
2021-02-27,丸亀,1,一般,5,4553,坪口竜也,31,長崎,54,A2,6.52,51.24,5.35,36.51,56,28.79,16,31.65,晴,北西,2,2,6.72,4,逃げ,5,0.14,1.53.0,坪口竜也,38.0,1.0,5.0,10.0,0.1784210526315789,0.0,0.0,0.0,1.0,0.0,0.0,0.0,0.0,0.0,0.0,0.1747058823529411,0.02631578947368421,0.13157894736842105,0.2631578947368421,0.0,0.0,0.0,0.0,0.02631578947368421,0.0,0.0,0.0
2021-02-27,丸亀,1,一般,6,3685,荒井輝年,46,岡山,57,A1,6.73,51.77,6.35,50.0,30,25.76,54,25.2,晴,北西,2,2,6.82,3,逃げ,6,0.12,1.51.8,荒井輝年,44.0,3.0,7.0,13.0,0.1563636363636363,0.0,0.0,0.0,2.0,1.0,0.0,0.0,0.0,0.0,0.0,0.1412732919254658,0.06818181818181818,0.1590909090909091,0.29545454545454547,0.0,0.0,0.0,0.0,0.045454545454545456,0.0,0.0,0.0
2021-02-27,丸亀,2,一般,1,4010,越智照浩,41,香川,57,B1,4.41,22.73,4.43,21.77,38,25.45,59,39.67,晴,北西,2,2,6.8,6,まくり差し,1,0.14,1.58.4,越智照浩,29.0,3.0,12.0,3.0,0.156551724137931,3.0,0.0,0.0,0.0,0.0,0.0,8.0,6.0,10.0,0.0,0.1745454545454545,0.10344827586206896,0.41379310344827586,0.10344827586206896,0.10344827586206896,0.0,0.0,0.0,0.0,0.27586206896551724,0.20689655172413793,0.3448275862068966
2021-02-27,丸亀,2,一般,2,3469,潮田浩子,51,福井,47,B2,3.26,18.52,0.0,0.0,59,20.75,40,41.61,晴,北西,2,2,6.67,5,まくり差し,2,0.19,1.55.4,潮田浩子,6.0,0.0,2.0,1.0,0.2133333333333333,0.0,0.0,0.0,0.0,0.0,0.0,0.0,0.0,0.0,4.0,0.233030303030303,0.0,0.3333333333333333,0.16666666666666666,0.0,0.6666666666666666,0.0,0.0,0.0,0.0,0.0,0.0
2021-02-27,丸亀,2,一般,3,2935,幸本　誠,62,広島,52,B1,3.68,15.25,3.1,10.34,64,8.57,22,25.24,晴,北西,2,2,6.59,4,まくり差し,3,0.25,1.53.9,幸本誠,31.0,0.0,2.0,6.0,0.1667741935483871,0.0,0.0,0.0,0.0,0.0,0.0,0.0,0.0,0.0,0.0,0.1776100628930817,0.0,0.06451612903225806,0.1935483870967742,0.0,0.0,0.0,0.0,0.0,0.0,0.0,0.0
2021-02-27,丸亀,2,一般,4,4664,東口　晃,37,福井,53,B1,3.45,14.77,3.45,20.0,21,22.22,18,33.83,晴,北西,2,2,6.73,3,まくり差し,4,0.12,1.52.8,東口晃,36.0,1.0,7.0,6.0,0.1891666666666666,0.0,0.0,0.0,1.0,0.0,0.0,0.0,0.0,0.0,0.0,0.1976732673267326,0.027777777777777776,0.19444444444444445,0.16666666666666666,0.0,0.0,0.0,0.0,0.027777777777777776,0.0,0.0,0.0
2021-02-27,丸亀,2,一般,5,3883,山根大樹,47,広島,55,B1,4.29,22.11,3.67,13.33,15,39.06,35,43.55,晴,北西,2,2,6.7,1,まくり差し,5,0.05,1.50.2,山根大樹,41.0,2.0,3.0,9.0,0.1714634146341463,0.0,0.0,2.0,0.0,0.0,0.0,0.0,0.0,0.0,0.0,0.1723963133640553,0.04878048780487805,0.07317073170731707,0.21951219512195122,0.0,0.0,0.0,0.04878048780487805,0.0,0.0,0.0,0.0
2021-02-27,丸亀,2,一般,6,4098,赤澤文香,38,岡山,47,B1,4.77,26.67,4.26,17.14,28,21.15,55,24.06,晴,北西,2,2,6.72,2,まくり差し,6,0.11,1.51.7,赤澤文香,34.0,0.0,2.0,7.0,0.235,0.0,0.0,0.0,0.0,0.0,0.0,0.0,0.0,0.0,0.0,0.2009178743961353,0.0,0.058823529411764705,0.20588235294117646,0.0,0.0,0.0,0.0,0.0,0.0,0.0,0.0
2021-02-27,丸亀,3,一般,1,4679,植田太一,31,福岡,59,B1,4.13,25.61,4.8,25.0,17,21.05,26,38.24,晴,東,1,1,6.64,1,逃げ,1,0.04,1.49.6,植田太一,22.0,11.0,3.0,2.0,0.1490909090909091,11.0,0.0,0.0,0.0,0.0,0.0,5.0,5.0,1.0,0.0,0.1756081081081081,0.5,0.13636363636363635,0.09090909090909091,0.5,0.0,0.0,0.0,0.0,0.22727272727272727,0.22727272727272727,0.045454545454545456
2021-02-27,丸亀,3,一般,2,4017,向井美鈴,41,山口,45,A2,5.63,39.68,4.64,27.27,53,30.65,1,26.61,晴,東,1,1,6.77,2,逃げ,2,0.09,1.51.4,向井美鈴,46.0,6.0,10.0,14.0,0.1893478260869565,0.0,3.0,3.0,0.0,0.0,0.0,0.0,0.0,0.0,28.0,0.1748360655737705,0.13043478260869565,0.21739130434782608,0.30434782608695654,0.0,0.6086956521739131,0.06521739130434782,0.06521739130434782,0.0,0.0,0.0,0.0
2021-02-27,丸亀,3,一般,3,4441,末永由楽,34,岡山,55,A2,5.77,35.04,6.84,47.37,54,46.15,50,23.85,晴,東,1,1,6.77,3,逃げ,3,0.06,1.52.2,末永由楽,49.0,8.0,7.0,9.0,0.14,0.0,2.0,1.0,1.0,4.0,0.0,0.0,0.0,0.0,0.0,0.1426007326007326,0.16326530612244897,0.14285714285714285,0.1836734693877551,0.0,0.0,0.04081632653061224,0.02040816326530612,0.02040816326530612,0.0,0.0,0.0
2021-02-27,丸亀,3,一般,4,3615,横田　茂,48,広島,51,A2,5.3,32.62,5.37,32.65,60,49.15,61,43.57,晴,東,1,1,6.83,5,逃げ,4,0.05,1.54.4,横田茂,37.0,1.0,4.0,7.0,0.1678378378378378,0.0,0.0,0.0,1.0,0.0,0.0,0.0,0.0,0.0,0.0,0.1590588235294117,0.02702702702702703,0.10810810810810811,0.1891891891891892,0.0,0.0,0.0,0.0,0.02702702702702703,0.0,0.0,0.0
2021-02-27,丸亀,3,一般,5,4220,深川和仁,39,香川,53,B1,6.01,42.54,5.99,47.06,41,34.43,21,32.61,晴,東,1,1,6.8,4,逃げ,5,0.04,1.52.4,深川和仁,36.0,1.0,7.0,12.0,0.1775,0.0,0.0,0.0,1.0,0.0,0.0,0.0,0.0,0.0,0.0,0.1676623376623376,0.027777777777777776,0.19444444444444445,0.3333333333333333,0.0,0.0,0.0,0.0,0.027777777777777776,0.0,0.0,0.0
2021-02-27,丸亀,3,一般,6,3158,島川光男,56,広島,53,A1,5.76,39.5,6.5,46.88,39,26.92,27,20.3,晴,東,1,1,6.76,6,逃げ,6,0.07,1.55.0,島川光男,40.0,0.0,2.0,6.0,0.16175,0.0,0.0,0.0,0.0,0.0,0.0,0.0,0.0,0.0,0.0,0.1418840579710145,0.0,0.05,0.15,0.0,0.0,0.0,0.0,0.0,0.0,0.0,0.0
2021-02-27,丸亀,4,一般,1,4099,吉永則雄,42,大阪,52,A2,6.42,47.69,0.0,0.0,31,33.33,30,26.72,晴,東,2,2,6.75,1,逃げ,1,0.18,1.48.8,吉永則雄,51.0,39.0,2.0,3.0,0.1672549019607843,38.0,0.0,0.0,0.0,1.0,0.0,3.0,4.0,4.0,0.0,0.1568376068376068,0.7647058823529411,0.0392156862745098,0.058823529411764705,0.7450980392156863,0.0,0.0,0.0,0.0,0.058823529411764705,0.0784313725490196,0.0784313725490196
2021-02-27,丸亀,4,一般,2,5114,小林孝彰,21,福井,53,B1,2.1,2.33,2.3,0.0,1,20.34,10,35.71,晴,東,2,2,6.78,6,逃げ,6,0.31,1.54.7,小林孝彰,6.0,0.0,0.0,1.0,0.1716666666666666,0.0,0.0,0.0,0.0,0.0,0.0,0.0,0.0,0.0,2.0,0.2045454545454545,0.0,0.0,0.16666666666666666,0.0,0.3333333333333333,0.0,0.0,0.0,0.0,0.0,0.0
2021-02-27,丸亀,4,一般,3,3986,沖島広和,42,福岡,54,A2,5.87,39.37,6.91,54.55,18,23.21,57,21.6,晴,東,2,2,6.8,3,逃げ,2,0.18,1.52.0,沖島広和,41.0,5.0,13.0,6.0,0.1385365853658536,0.0,1.0,2.0,2.0,0.0,0.0,0.0,0.0,0.0,0.0,0.1508300395256917,0.12195121951219512,0.3170731707317073,0.14634146341463414,0.0,0.0,0.024390243902439025,0.04878048780487805,0.04878048780487805,0.0,0.0,0.0
2021-02-27,丸亀,4,一般,4,4905,土井祥伍,26,大阪,54,B1,3.82,14.14,3.11,11.11,55,43.28,12,25.38,晴,東,2,2,6.84,5,逃げ,4,0.25,1.52.6,土井祥伍,32.0,1.0,2.0,3.0,0.1934375,0.0,0.0,1.0,0.0,0.0,0.0,0.0,0.0,0.0,0.0,0.1866483516483516,0.03125,0.0625,0.09375,0.0,0.0,0.0,0.03125,0.0,0.0,0.0,0.0
2021-02-27,丸亀,4,一般,5,3573,前本泰和,48,広島,51,A1,7.67,52.99,7.42,52.73,33,34.62,5,26.67,晴,東,2,2,6.75,2,逃げ,3,0.22,1.49.7,前本泰和,35.0,10.0,6.0,9.0,0.1902857142857142,0.0,7.0,1.0,1.0,1.0,0.0,0.0,0.0,0.0,0.0,0.16140625,0.2857142857142857,0.17142857142857143,0.2571428571428571,0.0,0.0,0.2,0.02857142857142857,0.02857142857142857,0.0,0.0,0.0
2021-02-27,丸亀,4,一般,6,4256,渡辺浩司,37,福岡,53,A1,7.3,58.02,7.13,50.0,63,33.87,43,32.14,晴,東,2,2,6.8,4,逃げ,5,0.17,1.52.2,渡辺浩司,34.0,2.0,8.0,8.0,0.1517647058823529,0.0,0.0,0.0,1.0,1.0,0.0,0.0,0.0,0.0,0.0,0.1243877551020408,0.058823529411764705,0.23529411764705882,0.23529411764705882,0.0,0.0,0.0,0.0,0.029411764705882353,0.0,0.0,0.0
2021-02-27,丸亀,5,一般,1,4370,山口達也,34,岡山,56,A2,6.55,50.0,7.1,61.9,43,42.65,17,36.51,晴,東,3,3,6.77,1,逃げ,1,0.01,1.49.4,山口達也,42.0,32.0,6.0,1.0,0.1454761904761904,30.0,0.0,0.0,0.0,2.0,0.0,3.0,3.0,2.0,0.0,0.1546857142857143,0.7619047619047619,0.14285714285714285,0.023809523809523808,0.7142857142857143,0.0,0.0,0.0,0.0,0.07142857142857142,0.07142857142857142,0.047619047619047616
2021-02-27,丸亀,5,一般,2,3890,小宮淳史,45,岡山,56,A2,4.96,31.58,5.13,32.26,27,35.94,63,31.06,晴,東,3,3,6.86,2,逃げ,2,0.11,1.50.8,小宮淳史,36.0,4.0,15.0,8.0,0.1505555555555555,0.0,4.0,0.0,0.0,0.0,0.0,0.0,0.0,0.0,23.0,0.1653645833333333,0.1111111111111111,0.4166666666666667,0.2222222222222222,0.0,0.6388888888888888,0.1111111111111111,0.0,0.0,0.0,0.0,0.0
2021-02-27,丸亀,5,一般,3,4764,小池礼乃,30,福岡,46,B2,4.43,24.1,5.72,50.0,26,30.0,32,32.59,晴,東,3,3,6.78,4,逃げ,3,0.12,1.52.7,小池礼乃,18.0,2.0,2.0,1.0,0.1961111111111111,0.0,0.0,0.0,0.0,2.0,0.0,0.0,0.0,0.0,0.0,0.1787640449438202,0.1111111111111111,0.1111111111111111,0.05555555555555555,0.0,0.0,0.0,0.0,0.0,0.0,0.0,0.0
2021-02-27,丸亀,5,一般,4,3737,上平真二,47,広島,53,A1,7.01,50.0,7.61,72.22,4,23.44,52,34.62,晴,東,3,3,6.82,3,逃げ,4,0.21,1.51.6,上平真二,51.0,10.0,15.0,14.0,0.1754901960784313,0.0,2.0,1.0,5.0,2.0,0.0,0.0,0.0,0.0,0.0,0.1625283018867924,0.19607843137254902,0.29411764705882354,0.27450980392156865,0.0,0.0,0.0392156862745098,0.0196078431372549,0.09803921568627451,0.0,0.0,0.0
2021-02-27,丸亀,5,一般,5,5045,平川香織,20,埼玉,46,B1,5.15,30.77,5.33,33.33,16,31.82,9,33.08,晴,東,3,3,6.82,6,逃げ,5,0.18,1.58.0,平川香織,34.0,1.0,5.0,5.0,0.2305882352941176,0.0,1.0,0.0,0.0,0.0,0.0,0.0,0.0,0.0,0.0,0.2140201005025125,0.029411764705882353,0.14705882352941177,0.14705882352941177,0.0,0.0,0.029411764705882353,0.0,0.0,0.0,0.0,0.0
2021-02-27,丸亀,5,一般,6,4907,小池修平,25,大阪,54,A1,6.93,54.26,4.65,30.43,47,34.29,44,44.53,晴,東,3,3,6.82,5,逃げ,6,0.15,1.54.9,小池修平,40.0,5.0,5.0,5.0,0.154,0.0,0.0,1.0,3.0,1.0,0.0,0.0,0.0,0.0,0.0,0.1368821292775665,0.125,0.125,0.125,0.0,0.0,0.0,0.025,0.075,0.0,0.0,0.0
2021-02-27,丸亀,6,カチ勝ち６,1,4172,森定晃史,38,岡山,52,A1,6.47,47.37,6.02,41.3,66,21.15,62,28.68,晴,東,2,2,6.75,1,逃げ,1,0.21,1.49.2,森定晃史,54.0,44.0,4.0,2.0,0.1235185185185185,43.0,0.0,0.0,0.0,1.0,0.0,5.0,0.0,4.0,0.0,0.1551372549019607,0.8148148148148148,0.07407407407407407,0.037037037037037035,0.7962962962962963,0.0,0.0,0.0,0.0,0.09259259259259259,0.0,0.07407407407407407
2021-02-27,丸亀,6,カチ勝ち６,2,4292,麻生慎介,35,広島,50,A2,6.25,44.7,5.18,35.29,65,21.28,29,24.8,晴,東,2,2,6.86,2,逃げ,2,0.07,1.50.8,麻生慎介,40.0,6.0,12.0,10.0,0.145,0.0,3.0,1.0,0.0,2.0,0.0,0.0,0.0,0.0,25.0,0.1486721991701244,0.15,0.3,0.25,0.0,0.625,0.075,0.025,0.0,0.0,0.0,0.0
2021-02-27,丸亀,6,カチ勝ち６,3,4445,宮地元輝,34,佐賀,56,A1,6.38,40.18,7.19,55.56,32,31.82,36,37.68,晴,東,2,2,6.91,3,逃げ,3,0.13,1.52.8,宮地元輝,42.0,13.0,12.0,6.0,0.1126190476190476,0.0,0.0,0.0,9.0,4.0,0.0,0.0,0.0,0.0,0.0,0.1301646090534979,0.30952380952380953,0.2857142857142857,0.14285714285714285,0.0,0.0,0.0,0.0,0.21428571428571427,0.0,0.0,0.0
2021-02-27,丸亀,6,カチ勝ち６,4,3804,中渡修作,46,福岡,55,A2,5.01,30.63,6.1,50.0,23,21.82,28,40.88,晴,東,2,2,6.86,4,逃げ,4,0.08,1.53.7,中渡修作,38.0,4.0,7.0,7.0,0.1555263157894736,0.0,1.0,1.0,1.0,1.0,0.0,0.0,0.0,0.0,0.0,0.1629787234042553,0.10526315789473684,0.18421052631578946,0.18421052631578946,0.0,0.0,0.02631578947368421,0.02631578947368421,0.02631578947368421,0.0,0.0,0.0
2021-02-27,丸亀,6,カチ勝ち６,5,5165,小林愛実,20,岡山,46,B2,1.26,0.0,1.11,0.0,51,45.59,37,23.26,晴,東,2,2,6.9,5,逃げ,6,0.11,1.54.0,小林愛実,14.0,0.0,0.0,0.0,0.2135714285714285,0.0,0.0,0.0,0.0,0.0,0.0,0.0,0.0,0.0,0.0,0.2205,0.0,0.0,0.0,0.0,0.0,0.0,0.0,0.0,0.0,0.0,0.0
2021-02-27,丸亀,6,カチ勝ち６,6,5146,野田彩加,17,山口,49,B2,1.7,2.13,0.0,0.0,19,20.41,65,36.09,晴,東,2,2,6.78,6,逃げ,5,0.01,1.56.2,野田彩加,58.0,0.0,2.0,1.0,0.1518965517241379,0.0,0.0,0.0,0.0,0.0,0.0,0.0,0.0,0.0,0.0,0.1710752688172043,0.0,0.034482758620689655,0.017241379310344827,0.0,0.0,0.0,0.0,0.0,0.0,0.0,0.0
2021-02-27,丸亀,7,穴ガチ７,1,4351,里岡右貴,34,福岡,54,A1,6.36,47.3,6.74,47.37,13,36.92,51,42.14,晴,東,3,3,6.84,1,逃げ,1,0.12,1.48.9,里岡右貴,76.0,57.0,11.0,2.0,0.1439473684210526,52.0,0.0,0.0,0.0,5.0,0.0,5.0,5.0,5.0,0.0,0.1477316293929712,0.75,0.14473684210526316,0.02631578947368421,0.6842105263157895,0.0,0.0,0.0,0.0,0.06578947368421052,0.06578947368421052,0.06578947368421052
2021-02-27,丸亀,7,穴ガチ７,2,4553,坪口竜也,31,長崎,54,A2,6.52,51.24,5.35,36.51,56,28.79,16,31.65,晴,東,3,3,6.78,4,逃げ,2,0.14,1.53.6,坪口竜也,40.0,2.0,19.0,9.0,0.1755,0.0,2.0,0.0,0.0,0.0,0.0,0.0,0.0,0.0,29.0,0.1747058823529411,0.05,0.475,0.225,0.0,0.725,0.05,0.0,0.0,0.0,0.0,0.0
2021-02-27,丸亀,7,穴ガチ７,3,4635,峰重力也,30,岡山,53,B1,4.65,30.49,3.0,13.33,10,28.36,41,33.33,晴,東,3,3,6.87,5,逃げ,3,0.11,1.53.8,峰重力也,32.0,3.0,9.0,3.0,0.1240625,0.0,1.0,2.0,0.0,0.0,0.0,0.0,0.0,0.0,0.0,0.1294652406417112,0.09375,0.28125,0.09375,0.0,0.0,0.03125,0.0625,0.0,0.0,0.0,0.0
2021-02-27,丸亀,7,穴ガチ７,4,4912,中山将太,24,福井,54,B1,5.48,33.75,3.89,16.67,50,46.88,3,28.46,晴,東,3,3,6.83,6,逃げ,4,0.26,1.55.3,中山将太,34.0,5.0,5.0,12.0,0.1397058823529411,0.0,0.0,4.0,1.0,0.0,0.0,0.0,0.0,0.0,0.0,0.1551832460732984,0.14705882352941177,0.14705882352941177,0.35294117647058826,0.0,0.0,0.0,0.11764705882352941,0.029411764705882353,0.0,0.0,0.0
2021-02-27,丸亀,7,穴ガチ７,5,4350,篠崎元志,34,福岡,52,A1,7.11,46.85,8.14,62.07,40,27.94,64,32.37,晴,東,3,3,6.82,2,逃げ,5,0.13,1.50.3,篠崎元志,41.0,3.0,6.0,8.0,0.1468292682926829,0.0,2.0,0.0,1.0,0.0,0.0,0.0,0.0,0.0,0.0,0.1419215686274509,0.07317073170731707,0.14634146341463414,0.1951219512195122,0.0,0.0,0.04878048780487805,0.0,0.024390243902439025,0.0,0.0,0.0
2021-02-27,丸亀,7,穴ガチ７,6,4222,山口高志,39,佐賀,51,A2,5.11,37.08,5.5,33.33,45,27.27,6,27.94,晴,東,3,3,6.79,3,逃げ,6,0.12,1.52.3,山口高志,35.0,0.0,1.0,4.0,0.162,0.0,0.0,0.0,0.0,0.0,0.0,0.0,0.0,0.0,0.0,0.170575221238938,0.0,0.02857142857142857,0.11428571428571428,0.0,0.0,0.0,0.0,0.0,0.0,0.0,0.0
2021-02-27,丸亀,8,ガチ勝゛ち８,1,4451,松崎祐太,33,福岡,52,A1,6.66,50.0,7.94,50.0,24,48.44,39,36.72,晴,東,3,3,6.78,2,まくり差し,1,0.12,1.49.7,松崎祐太郎,61.0,46.0,11.0,0.0,0.1295081967213114,41.0,0.0,0.0,0.0,5.0,0.0,4.0,2.0,3.0,0.0,0.1612996389891696,0.7540983606557377,0.18032786885245902,0.0,0.6721311475409836,0.0,0.0,0.0,0.0,0.06557377049180328,0.03278688524590164,0.04918032786885246
2021-02-27,丸亀,8,ガチ勝゛ち８,2,3615,横田　茂,48,広島,51,A2,5.3,32.62,5.37,32.65,60,49.15,61,43.57,晴,東,3,3,6.81,5,まくり差し,2,0.12,1.53.3,横田茂,41.0,5.0,8.0,13.0,0.1646341463414634,0.0,2.0,1.0,1.0,1.0,0.0,0.0,0.0,0.0,21.0,0.1590588235294117,0.12195121951219512,0.1951219512195122,0.3170731707317073,0.0,0.5121951219512195,0.04878048780487805,0.024390243902439025,0.024390243902439025,0.0,0.0,0.0
2021-02-27,丸亀,8,ガチ勝゛ち８,3,4718,北川太一,28,佐賀,50,B1,5.62,36.36,5.08,30.77,29,39.29,14,37.5,晴,東,3,3,6.88,1,まくり差し,3,0.09,1.48.3,北川太一,38.0,5.0,8.0,7.0,0.1871052631578947,0.0,0.0,0.0,3.0,2.0,0.0,0.0,0.0,0.0,0.0,0.16955,0.13157894736842105,0.21052631578947367,0.18421052631578946,0.0,0.0,0.0,0.0,0.07894736842105263,0.0,0.0,0.0
2021-02-27,丸亀,8,ガチ勝゛ち８,4,3158,島川光男,56,広島,53,A1,5.76,39.5,6.5,46.88,39,26.92,27,20.3,晴,東,3,3,6.85,3,まくり差し,4,0.08,1.51.9,島川光男,42.0,2.0,11.0,8.0,0.1314285714285714,0.0,0.0,0.0,1.0,1.0,0.0,0.0,0.0,0.0,0.0,0.1418840579710145,0.047619047619047616,0.2619047619047619,0.19047619047619047,0.0,0.0,0.0,0.0,0.023809523809523808,0.0,0.0,0.0
2021-02-27,丸亀,8,ガチ勝゛ち８,5,4846,佐藤駿介,27,山口,51,B1,4.25,25.33,3.32,10.53,62,38.33,25,22.22,晴,東,3,3,6.82,4,まくり差し,5,0.09,1.53.0,佐藤駿介,39.0,1.0,2.0,5.0,0.1615384615384615,0.0,0.0,0.0,1.0,0.0,0.0,0.0,0.0,0.0,0.0,0.1716402116402116,0.02564102564102564,0.05128205128205128,0.1282051282051282,0.0,0.0,0.0,0.0,0.02564102564102564,0.0,0.0,0.0
2021-02-27,丸亀,8,ガチ勝゛ち８,6,5162,松尾怜実,21,福岡,48,B2,1.38,0.0,0.0,0.0,25,19.15,49,30.37,晴,東,3,3,6.81,6,まくり差し,6,0.14,1.56.5,松尾怜実,17.0,0.0,0.0,0.0,0.2064705882352941,0.0,0.0,0.0,0.0,0.0,0.0,0.0,0.0,0.0,0.0,0.2271428571428571,0.0,0.0,0.0,0.0,0.0,0.0,0.0,0.0,0.0,0.0,0.0
2021-02-27,丸亀,9,準優勝戦,1,3685,荒井輝年,46,岡山,57,A1,6.73,51.77,6.35,50.0,30,25.76,54,25.2,晴,東,4,4,6.72,1,逃げ,1,0.05,1.48.4,荒井輝年,80.0,63.0,11.0,5.0,0.13225,59.0,1.0,0.0,0.0,3.0,0.0,5.0,4.0,5.0,0.0,0.1412732919254658,0.7875,0.1375,0.0625,0.7375,0.0,0.0125,0.0,0.0,0.0625,0.05,0.0625
2021-02-27,丸亀,9,準優勝戦,2,3573,前本泰和,48,広島,51,A1,7.67,52.99,7.42,52.73,33,34.62,5,26.67,晴,東,4,4,6.74,2,逃げ,2,0.09,1.50.3,前本泰和,43.0,12.0,15.0,12.0,0.1532558139534883,2.0,6.0,2.0,1.0,1.0,0.0,0.0,0.0,0.0,22.0,0.16140625,0.27906976744186046,0.3488372093023256,0.27906976744186046,0.046511627906976744,0.5116279069767442,0.13953488372093023,0.046511627906976744,0.023255813953488372,0.0,0.0,0.0
2021-02-27,丸亀,9,準優勝戦,3,3737,上平真二,47,広島,53,A1,7.01,50.0,7.61,72.22,4,23.44,52,34.62,晴,東,4,4,6.75,3,逃げ,3,0.05,1.50.9,上平真二,40.0,10.0,18.0,4.0,0.14275,0.0,1.0,4.0,4.0,1.0,0.0,0.0,0.0,0.0,0.0,0.1625283018867924,0.25,0.45,0.1,0.0,0.0,0.025,0.1,0.1,0.0,0.0,0.0
2021-02-27,丸亀,9,準優勝戦,4,4441,末永由楽,34,岡山,55,A2,5.77,35.04,6.84,47.37,54,46.15,50,23.85,晴,東,4,4,6.74,4,逃げ,4,0.07,1.52.7,末永由楽,52.0,7.0,12.0,17.0,0.1453846153846154,0.0,4.0,2.0,1.0,0.0,0.0,0.0,0.0,0.0,0.0,0.1426007326007326,0.1346153846153846,0.23076923076923078,0.3269230769230769,0.0,0.0,0.07692307692307693,0.038461538461538464,0.019230769230769232,0.0,0.0,0.0
2021-02-27,丸亀,9,準優勝戦,5,4017,向井美鈴,41,山口,45,A2,5.63,39.68,4.64,27.27,53,30.65,1,26.61,晴,東,4,4,6.86,5,逃げ,5,0.12,1.54.1,向井美鈴,37.0,2.0,5.0,8.0,0.1732432432432432,0.0,0.0,1.0,1.0,0.0,0.0,0.0,0.0,0.0,0.0,0.1748360655737705,0.05405405405405406,0.13513513513513514,0.21621621621621623,0.0,0.0,0.0,0.02702702702702703,0.02702702702702703,0.0,0.0,0.0
2021-02-27,丸亀,9,準優勝戦,6,4099,吉永則雄,42,大阪,52,A2,6.42,47.69,0.0,0.0,31,33.33,30,26.72,晴,東,4,4,6.78,6,逃げ,6,0.12,1.54.8,吉永則雄,31.0,1.0,6.0,7.0,0.1538709677419355,0.0,0.0,1.0,0.0,0.0,0.0,0.0,0.0,0.0,0.0,0.1568376068376068,0.03225806451612903,0.1935483870967742,0.22580645161290322,0.0,0.0,0.0,0.03225806451612903,0.0,0.0,0.0,0.0
2021-02-27,丸亀,10,準優勝戦,1,4256,渡辺浩司,37,福岡,53,A1,7.3,58.02,7.13,50.0,63,33.87,43,32.14,晴,東,4,4,6.8,1,逃げ,1,0.13,1.49.4,渡辺浩司,72.0,55.0,13.0,4.0,0.1027777777777777,54.0,1.0,0.0,0.0,0.0,0.0,9.0,2.0,6.0,0.0,0.1243877551020408,0.7638888888888888,0.18055555555555555,0.05555555555555555,0.75,0.0,0.013888888888888888,0.0,0.0,0.125,0.027777777777777776,0.08333333333333333
2021-02-27,丸亀,10,準優勝戦,2,4172,森定晃史,38,岡山,52,A1,6.47,47.37,6.02,41.3,66,21.15,62,28.68,晴,東,4,4,6.77,5,逃げ,2,0.2,1.53.4,森定晃史,45.0,1.0,20.0,12.0,0.1351111111111111,0.0,1.0,0.0,0.0,0.0,0.0,0.0,0.0,0.0,24.0,0.1551372549019607,0.022222222222222223,0.4444444444444444,0.26666666666666666,0.0,0.5333333333333333,0.022222222222222223,0.0,0.0,0.0,0.0,0.0
2021-02-27,丸亀,10,準優勝戦,3,4370,山口達也,34,岡山,56,A2,6.55,50.0,7.1,61.9,43,42.65,17,36.51,晴,東,4,4,6.78,2,逃げ,3,0.11,1.50.2,山口達也,25.0,5.0,7.0,6.0,0.1352,0.0,1.0,1.0,3.0,0.0,0.0,0.0,0.0,0.0,0.0,0.1546857142857143,0.2,0.28,0.24,0.0,0.0,0.04,0.04,0.12,0.0,0.0,0.0
2021-02-27,丸亀,10,準優勝戦,4,3986,沖島広和,42,福岡,54,A2,5.87,39.37,6.91,54.55,18,23.21,57,21.6,晴,東,4,4,6.82,6,逃げ,4,0.14,2.00.1,沖島広和,33.0,3.0,5.0,7.0,0.1518181818181818,0.0,0.0,3.0,0.0,0.0,0.0,0.0,0.0,0.0,0.0,0.1508300395256917,0.09090909090909091,0.15151515151515152,0.21212121212121213,0.0,0.0,0.0,0.09090909090909091,0.0,0.0,0.0,0.0
2021-02-27,丸亀,10,準優勝戦,5,4292,麻生慎介,35,広島,50,A2,6.25,44.7,5.18,35.29,65,21.28,29,24.8,晴,東,4,4,6.9,3,逃げ,5,0.16,1.51.9,麻生慎介,35.0,6.0,5.0,5.0,0.1457142857142857,0.0,0.0,1.0,5.0,0.0,0.0,0.0,0.0,0.0,0.0,0.1486721991701244,0.17142857142857143,0.14285714285714285,0.14285714285714285,0.0,0.0,0.0,0.02857142857142857,0.14285714285714285,0.0,0.0,0.0
2021-02-27,丸亀,10,準優勝戦,6,4351,里岡右貴,34,福岡,54,A1,6.36,47.3,6.74,47.37,13,36.92,51,42.14,晴,東,4,4,6.84,4,逃げ,6,0.17,1.53.3,里岡右貴,45.0,0.0,2.0,15.0,0.1437777777777777,0.0,0.0,0.0,0.0,0.0,0.0,0.0,0.0,0.0,0.0,0.1477316293929712,0.0,0.044444444444444446,0.3333333333333333,0.0,0.0,0.0,0.0,0.0,0.0,0.0,0.0
2021-02-27,丸亀,11,準優勝戦,1,4350,篠崎元志,34,福岡,52,A1,7.11,46.85,8.14,62.07,40,27.94,64,32.37,晴,東,3,3,6.76,4,差し,1,0.18,1.52.6,篠崎元志,55.0,36.0,10.0,2.0,0.1321818181818181,34.0,0.0,0.0,0.0,2.0,0.0,5.0,4.0,7.0,0.0,0.1419215686274509,0.6545454545454545,0.18181818181818182,0.03636363636363636,0.6181818181818182,0.0,0.0,0.0,0.0,0.09090909090909091,0.07272727272727272,0.12727272727272726
2021-02-27,丸亀,11,準優勝戦,2,4220,深川和仁,39,香川,53,B1,6.01,42.54,5.99,47.06,41,34.43,21,32.61,晴,東,3,3,6.82,6,差し,2,0.09,1.55.8,深川和仁,44.0,17.0,7.0,6.0,0.1493181818181818,0.0,11.0,5.0,1.0,0.0,0.0,0.0,0.0,0.0,15.0,0.1676623376623376,0.38636363636363635,0.1590909090909091,0.13636363636363635,0.0,0.3409090909090909,0.25,0.11363636363636363,0.022727272727272728,0.0,0.0,0.0
2021-02-27,丸亀,11,準優勝戦,3,4451,松崎祐太,33,福岡,52,A1,6.66,50.0,7.94,50.0,24,48.44,39,36.72,晴,東,3,3,6.78,1,差し,3,0.09,1.49.2,松崎祐太郎,44.0,8.0,18.0,9.0,0.1402272727272727,0.0,2.0,3.0,3.0,0.0,0.0,0.0,0.0,0.0,0.0,0.1612996389891696,0.18181818181818182,0.4090909090909091,0.20454545454545456,0.0,0.0,0.045454545454545456,0.06818181818181818,0.06818181818181818,0.0,0.0,0.0
2021-02-27,丸亀,11,準優勝戦,4,4445,宮地元輝,34,佐賀,56,A1,6.38,40.18,7.19,55.56,32,31.82,36,37.68,晴,東,3,3,6.93,2,差し,4,0.17,1.51.5,宮地元輝,37.0,7.0,6.0,7.0,0.1264864864864864,0.0,1.0,1.0,3.0,2.0,0.0,0.0,0.0,0.0,0.0,0.1301646090534979,0.1891891891891892,0.16216216216216217,0.1891891891891892,0.0,0.0,0.02702702702702703,0.02702702702702703,0.08108108108108109,0.0,0.0,0.0
2021-02-27,丸亀,11,準優勝戦,5,3890,小宮淳史,45,岡山,56,A2,4.96,31.58,5.13,32.26,27,35.94,63,31.06,晴,東,3,3,6.78,3,差し,5,0.15,1.52.6,小宮淳史,26.0,2.0,5.0,2.0,0.1492307692307692,0.0,0.0,0.0,1.0,1.0,0.0,0.0,0.0,0.0,0.0,0.1653645833333333,0.07692307692307693,0.19230769230769232,0.07692307692307693,0.0,0.0,0.0,0.0,0.038461538461538464,0.0,0.0,0.0
2021-02-27,丸亀,11,準優勝戦,6,4679,植田太一,31,福岡,59,B1,4.13,25.61,4.8,25.0,17,21.05,26,38.24,晴,東,3,3,6.72,5,差し,6,0.25,1.55.0,植田太一,26.0,0.0,2.0,3.0,0.2038461538461538,0.0,0.0,0.0,0.0,0.0,0.0,0.0,0.0,0.0,0.0,0.1756081081081081,0.0,0.07692307692307693,0.11538461538461539,0.0,0.0,0.0,0.0,0.0,0.0,0.0,0.0
2021-02-27,丸亀,12,一般,1,4764,小池礼乃,30,福岡,46,B2,4.43,24.1,5.72,50.0,26,30.0,32,32.59,晴,東,3,3,6.82,1,逃げ,1,0.19,1.59.4,小池礼乃,13.0,6.0,0.0,2.0,0.1638461538461538,6.0,0.0,0.0,0.0,0.0,0.0,2.0,4.0,1.0,0.0,0.1787640449438202,0.46153846153846156,0.0,0.15384615384615385,0.46153846153846156,0.0,0.0,0.0,0.0,0.15384615384615385,0.3076923076923077,0.07692307692307693
2021-02-27,丸亀,12,一般,3,3469,潮田浩子,51,福井,47,B2,3.26,18.52,0.0,0.0,59,20.75,40,41.61,晴,東,3,3,6.9,4,逃げ,3,0.23,2.06.3,潮田浩子,6.0,0.0,2.0,0.0,0.2416666666666666,0.0,0.0,0.0,0.0,0.0,0.0,0.0,0.0,0.0,0.0,0.233030303030303,0.0,0.3333333333333333,0.0,0.0,0.0,0.0,0.0,0.0,0.0,0.0,0.0
2021-02-27,丸亀,12,一般,4,4098,赤澤文香,38,岡山,47,B1,4.77,26.67,4.26,17.14,28,21.15,55,24.06,晴,東,3,3,6.9,2,逃げ,4,0.2,2.01.3,赤澤文香,33.0,0.0,5.0,12.0,0.2109090909090909,0.0,0.0,0.0,0.0,0.0,0.0,0.0,0.0,0.0,0.0,0.2009178743961353,0.0,0.15151515151515152,0.36363636363636365,0.0,0.0,0.0,0.0,0.0,0.0,0.0,0.0
2021-02-27,丸亀,12,一般,6,5165,小林愛実,20,岡山,46,B2,1.26,0.0,1.11,0.0,51,45.59,37,23.26,晴,東,3,3,6.92,3,逃げ,6,0.37,2.04.4,小林愛実,25.0,0.0,0.0,1.0,0.2251999999999999,0.0,0.0,0.0,0.0,0.0,0.0,0.0,0.0,0.0,0.0,0.2205,0.0,0.0,0.04,0.0,0.0,0.0,0.0,0.0,0.0,0.0,0.0
2021-02-27,鳴門,1,予選,1,4852,川原祐明,26,香川,51,A1,6.04,36.8,5.97,39.47,13,35.32,22,27.44,晴,北,6,6,6.81,1,逃げ,1,0.08,1.47.2,川原祐明,47.0,36.0,1.0,4.0,0.1506382978723404,35.0,0.0,0.0,0.0,1.0,0.0,2.0,5.0,2.0,0.0,0.1716666666666666,0.7659574468085106,0.02127659574468085,0.0851063829787234,0.7446808510638298,0.0,0.0,0.0,0.0,0.0425531914893617,0.10638297872340426,0.0425531914893617
2021-02-27,鳴門,1,予選,2,3477,近藤稔也,50,徳島,55,B1,4.15,20.51,4.45,21.84,27,44.5,69,36.59,晴,北,6,6,6.73,4,逃げ,2,0.12,1.51.9,近藤稔也,38.0,4.0,7.0,12.0,0.1657894736842105,0.0,2.0,2.0,0.0,0.0,0.0,0.0,0.0,0.0,24.0,0.1791443850267379,0.10526315789473684,0.18421052631578946,0.3157894736842105,0.0,0.631578947368421,0.05263157894736842,0.05263157894736842,0.0,0.0,0.0,0.0
2021-02-27,鳴門,1,予選,3,3789,和田敏彦,48,福岡,49,B1,2.98,8.0,4.38,12.5,26,37.76,63,28.22,晴,北,6,6,6.81,2,逃げ,3,0.09,1.49.1,和田敏彦,20.0,0.0,1.0,2.0,0.2314999999999999,0.0,0.0,0.0,0.0,0.0,0.0,0.0,0.0,0.0,0.0,0.2038260869565217,0.0,0.05,0.1,0.0,0.0,0.0,0.0,0.0,0.0,0.0,0.0
2021-02-27,鳴門,1,予選,4,4733,赤井　睦,31,徳島,47,B1,5.0,33.33,4.47,26.32,35,31.75,27,37.14,晴,北,6,6,6.73,3,逃げ,4,0.07,1.51.4,赤井睦,18.0,1.0,3.0,2.0,0.1538888888888888,0.0,0.0,1.0,0.0,0.0,0.0,0.0,0.0,0.0,0.0,0.1607142857142857,0.05555555555555555,0.16666666666666666,0.1111111111111111,0.0,0.0,0.0,0.05555555555555555,0.0,0.0,0.0,0.0
2021-02-27,鳴門,1,予選,5,4947,間庭菜摘,28,福岡,48,B2,3.88,10.2,2.06,5.88,63,33.85,20,34.9,晴,北,6,6,6.77,5,逃げ,5,0.1,.  .,間庭菜摘,14.0,0.0,1.0,1.0,0.2035714285714285,0.0,0.0,0.0,0.0,0.0,0.0,0.0,0.0,0.0,0.0,0.2009756097560975,0.0,0.07142857142857142,0.07142857142857142,0.0,0.0,0.0,0.0,0.0,0.0,0.0,0.0
2021-02-27,鳴門,1,予選,6,4251,川崎誠志,38,山口,51,B1,3.4,16.05,5.17,31.03,34,34.52,28,37.07,晴,北,6,6,6.77,6,逃げ,6,0.12,.  .,川崎誠志,31.0,1.0,0.0,1.0,0.2132258064516129,0.0,1.0,0.0,0.0,0.0,0.0,0.0,0.0,0.0,0.0,0.1884736842105263,0.03225806451612903,0.0,0.03225806451612903,0.0,0.0,0.03225806451612903,0.0,0.0,0.0,0.0,0.0
2021-02-27,鳴門,2,特賞,1,3514,山一鉄也,53,福岡,52,A1,5.85,40.4,6.17,41.67,50,29.28,71,30.56,晴,北西,3,3,6.65,1,逃げ,1,0.06,1.47.8,山一鉄也,71.0,58.0,8.0,1.0,0.1294366197183098,55.0,0.0,0.0,0.0,2.0,1.0,4.0,3.0,5.0,0.0,0.1495608108108108,0.8169014084507042,0.11267605633802817,0.014084507042253521,0.7746478873239436,0.0,0.0,0.0,0.0,0.056338028169014086,0.04225352112676056,0.07042253521126761
2021-02-27,鳴門,2,特賞,2,4927,関野　文,27,大阪,44,B1,5.13,30.59,5.68,32.43,12,33.33,54,39.52,晴,北西,3,3,6.64,5,逃げ,2,0.25,.  .,関野文,34.0,5.0,7.0,7.0,0.185,0.0,4.0,1.0,0.0,0.0,0.0,0.0,0.0,0.0,11.0,0.1766853932584269,0.14705882352941177,0.20588235294117646,0.20588235294117646,0.0,0.3235294117647059,0.11764705882352941,0.029411764705882353,0.0,0.0,0.0,0.0
2021-02-27,鳴門,2,特賞,3,4515,藤田浩人,34,佐賀,54,A2,6.11,42.21,5.48,32.26,77,41.33,12,30.36,晴,北西,3,3,6.76,2,逃げ,3,0.21,1.49.2,藤田浩人,51.0,2.0,13.0,14.0,0.1588235294117647,0.0,0.0,1.0,0.0,0.0,1.0,0.0,0.0,0.0,0.0,0.1648979591836734,0.0392156862745098,0.2549019607843137,0.27450980392156865,0.0,0.0,0.0,0.0196078431372549,0.0,0.0,0.0,0.0
2021-02-27,鳴門,2,特賞,4,4025,山本隆幸,43,兵庫,52,A1,6.9,52.82,6.13,30.77,55,33.33,25,36.41,晴,北西,3,3,6.76,3,逃げ,4,0.16,1.50.8,山本隆幸,48.0,4.0,11.0,15.0,0.1827083333333333,0.0,0.0,0.0,3.0,1.0,0.0,0.0,0.0,0.0,0.0,0.1782562277580071,0.08333333333333333,0.22916666666666666,0.3125,0.0,0.0,0.0,0.0,0.0625,0.0,0.0,0.0
2021-02-27,鳴門,2,特賞,5,3539,金子順一,52,山口,55,B1,4.55,23.85,4.29,22.58,70,36.95,17,35.75,晴,北西,3,3,6.79,4,逃げ,5,0.17,1.52.2,金子順一,39.0,0.0,3.0,4.0,0.2125641025641025,0.0,0.0,0.0,0.0,0.0,0.0,0.0,0.0,0.0,0.0,0.1884347826086956,0.0,0.07692307692307693,0.10256410256410256,0.0,0.0,0.0,0.0,0.0,0.0,0.0,0.0
2021-02-27,鳴門,2,特賞,6,4260,中越博紀,36,香川,53,A2,5.5,33.59,5.63,32.56,64,36.36,80,29.03,晴,北西,3,3,6.76,6,逃げ,6,0.12,.  .,中越博紀,39.0,0.0,5.0,8.0,0.1566666666666666,0.0,0.0,0.0,0.0,0.0,0.0,0.0,0.0,0.0,0.0,0.1572030651340996,0.0,0.1282051282051282,0.20512820512820512,0.0,0.0,0.0,0.0,0.0,0.0,0.0,0.0
2021-02-27,鳴門,3,予選,1,4184,渡邊雄一,34,大阪,49,A1,6.26,44.62,6.52,48.0,20,39.81,10,37.56,晴,北西,3,3,6.67,1,逃げ,1,0.1,1.47.4,渡邊雄一郎,52.0,32.0,7.0,3.0,0.1619230769230769,31.0,0.0,0.0,0.0,1.0,0.0,7.0,4.0,3.0,0.0,0.1572137404580152,0.6153846153846154,0.1346153846153846,0.057692307692307696,0.5961538461538461,0.0,0.0,0.0,0.0,0.1346153846153846,0.07692307692307693,0.057692307692307696
2021-02-27,鳴門,3,予選,2,4564,山本景士,33,広島,53,A2,5.82,37.3,6.09,35.85,60,28.95,51,32.99,晴,北西,3,3,6.8,5,逃げ,2,0.15,.  .,山本景士郎,42.0,7.0,14.0,5.0,0.1573809523809524,0.0,6.0,1.0,0.0,0.0,0.0,0.0,0.0,0.0,21.0,0.1616078431372549,0.16666666666666666,0.3333333333333333,0.11904761904761904,0.0,0.5,0.14285714285714285,0.023809523809523808,0.0,0.0,0.0,0.0
2021-02-27,鳴門,3,予選,3,4652,酒見峻介,35,佐賀,52,B1,4.15,19.05,4.61,24.24,73,32.97,23,31.38,晴,北西,3,3,6.77,2,逃げ,3,0.1,1.50.0,酒見峻介,42.0,3.0,3.0,9.0,0.1971428571428571,0.0,0.0,2.0,0.0,1.0,0.0,0.0,0.0,0.0,0.0,0.1959545454545454,0.07142857142857142,0.07142857142857142,0.21428571428571427,0.0,0.0,0.0,0.047619047619047616,0.0,0.0,0.0,0.0
2021-02-27,鳴門,3,予選,4,4278,藤岡俊介,37,兵庫,51,A1,6.89,49.56,6.78,40.74,32,34.3,35,31.21,晴,北西,3,3,6.83,3,逃げ,4,0.08,1.51.2,藤岡俊介,41.0,12.0,12.0,6.0,0.1278048780487805,0.0,2.0,4.0,5.0,1.0,0.0,0.0,0.0,0.0,0.0,0.1364503816793893,0.2926829268292683,0.2926829268292683,0.14634146341463414,0.0,0.0,0.04878048780487805,0.0975609756097561,0.12195121951219512,0.0,0.0,0.0
2021-02-27,鳴門,3,予選,5,3604,武藤綾子,50,福岡,48,B1,3.97,16.19,4.4,23.26,11,53.1,11,27.98,晴,北西,3,3,6.82,4,逃げ,5,0.14,1.52.4,武藤綾子,37.0,1.0,0.0,6.0,0.2051351351351351,0.0,0.0,0.0,1.0,0.0,0.0,0.0,0.0,0.0,0.0,0.1946153846153846,0.02702702702702703,0.0,0.16216216216216217,0.0,0.0,0.0,0.0,0.02702702702702703,0.0,0.0,0.0
2021-02-27,鳴門,3,予選,6,5148,松本　怜,27,福岡,47,B2,1.1,0.0,0.0,0.0,51,42.92,76,36.76,晴,北西,3,3,6.94,6,逃げ,6,0.26,.  .,松本怜,21.0,0.0,0.0,0.0,0.2433333333333333,0.0,0.0,0.0,0.0,0.0,0.0,0.0,0.0,0.0,0.0,0.249,0.0,0.0,0.0,0.0,0.0,0.0,0.0,0.0,0.0,0.0,0.0
2021-02-27,鳴門,4,予選,1,4817,渡邉　翼,29,山口,49,A2,5.29,32.33,5.8,28.57,56,35.86,36,34.72,晴,北西,2,2,6.72,1,逃げ,1,0.01,1.47.6,渡邉翼,35.0,20.0,4.0,5.0,0.1557142857142857,18.0,0.0,0.0,0.0,2.0,0.0,3.0,8.0,2.0,0.0,0.1807456140350877,0.5714285714285714,0.11428571428571428,0.14285714285714285,0.5142857142857142,0.0,0.0,0.0,0.0,0.08571428571428572,0.22857142857142856,0.05714285714285714
2021-02-27,鳴門,4,予選,2,3507,藤井　徹,49,大阪,53,B1,4.67,23.91,6.65,58.82,16,32.99,32,40.1,晴,北西,2,2,6.74,4,逃げ,2,0.05,1.52.0,藤井徹,30.0,2.0,5.0,6.0,0.1733333333333333,0.0,2.0,0.0,0.0,0.0,0.0,0.0,0.0,0.0,17.0,0.1922727272727273,0.06666666666666667,0.16666666666666666,0.2,0.0,0.5666666666666667,0.06666666666666667,0.0,0.0,0.0,0.0,0.0
2021-02-27,鳴門,4,予選,3,4052,興津　藍,39,徳島,50,A1,8.04,67.41,7.75,62.22,36,32.83,29,34.17,晴,北西,2,2,6.78,2,逃げ,3,0.06,1.48.7,興津藍,38.0,6.0,14.0,9.0,0.1547368421052631,0.0,2.0,2.0,2.0,0.0,0.0,0.0,0.0,0.0,0.0,0.1498443579766536,0.15789473684210525,0.3684210526315789,0.23684210526315788,0.0,0.0,0.05263157894736842,0.05263157894736842,0.05263157894736842,0.0,0.0,0.0
2021-02-27,鳴門,4,予選,4,4487,三原　司,34,福岡,52,B1,3.57,15.38,5.33,44.44,69,31.18,62,37.63,晴,北西,2,2,6.72,6,逃げ,4,0.16,.  .,三原司,20.0,2.0,2.0,7.0,0.196,0.0,1.0,1.0,0.0,0.0,0.0,0.0,0.0,0.0,0.0,0.1973728813559322,0.1,0.1,0.35,0.0,0.0,0.05,0.05,0.0,0.0,0.0,0.0
2021-02-27,鳴門,4,予選,5,3975,小野寺智,44,香川,52,A2,5.98,38.56,5.73,36.36,23,40.74,74,40.85,晴,北西,2,2,6.75,3,逃げ,5,0.13,1.50.2,小野寺智洋,40.0,0.0,6.0,10.0,0.1699999999999999,0.0,0.0,0.0,0.0,0.0,0.0,0.0,0.0,0.0,0.0,0.1500323624595469,0.0,0.15,0.25,0.0,0.0,0.0,0.0,0.0,0.0,0.0,0.0
2021-02-27,鳴門,4,予選,6,4299,中島浩哉,38,長崎,57,B1,4.34,21.05,5.23,30.77,19,29.32,34,23.72,晴,北西,2,2,6.75,5,逃げ,6,0.09,.  .,中島浩哉,31.0,0.0,1.0,5.0,0.1493548387096774,0.0,0.0,0.0,0.0,0.0,0.0,0.0,0.0,0.0,0.0,0.1490338164251207,0.0,0.03225806451612903,0.16129032258064516,0.0,0.0,0.0,0.0,0.0,0.0,0.0,0.0
2021-02-27,鳴門,5,予選,1,4195,前川守嗣,39,福岡,57,A2,5.71,36.76,5.59,29.41,57,32.38,31,41.87,晴,北西,2,2,6.72,3,抜き,1,0.09,1.50.1,前川守嗣,42.0,28.0,6.0,4.0,0.1407142857142857,28.0,0.0,0.0,0.0,0.0,0.0,3.0,4.0,4.0,0.0,0.1361023622047244,0.6666666666666666,0.14285714285714285,0.09523809523809523,0.6666666666666666,0.0,0.0,0.0,0.0,0.07142857142857142,0.09523809523809523,0.09523809523809523
2021-02-27,鳴門,5,予選,2,4343,村岡　賢,36,広島,53,B1,4.69,23.68,4.06,18.46,17,30.37,72,37.76,晴,北西,2,2,6.83,4,抜き,2,0.26,1.50.7,村岡賢,40.0,3.0,7.0,10.0,0.2085,0.0,0.0,1.0,0.0,2.0,0.0,0.0,0.0,0.0,25.0,0.1953917050691244,0.075,0.175,0.25,0.0,0.625,0.0,0.025,0.0,0.0,0.0,0.0
2021-02-27,鳴門,5,予選,3,4666,日笠勝弘,37,大阪,52,B1,4.99,32.5,5.62,37.78,22,29.05,24,42.65,晴,北西,2,2,6.91,2,抜き,3,0.11,1.48.8,日笠勝弘,40.0,4.0,12.0,7.0,0.11825,0.0,0.0,1.0,2.0,0.0,1.0,0.0,0.0,0.0,0.0,0.1474489795918367,0.1,0.3,0.175,0.0,0.0,0.0,0.025,0.05,0.0,0.0,0.0
2021-02-27,鳴門,5,予選,4,4624,高田　明,35,佐賀,50,A1,5.6,36.67,6.0,38.46,84,28.19,38,41.43,晴,北西,2,2,6.71,1,抜き,4,0.12,1.47.3,高田明,39.0,7.0,9.0,6.0,0.16,0.0,2.0,2.0,1.0,2.0,0.0,0.0,0.0,0.0,0.0,0.1724894514767932,0.1794871794871795,0.23076923076923078,0.15384615384615385,0.0,0.0,0.05128205128205128,0.05128205128205128,0.02564102564102564,0.0,0.0,0.0
2021-02-27,鳴門,5,予選,5,5129,山口真喜,23,長崎,50,B2,2.19,2.6,1.65,0.0,58,34.72,30,35.96,晴,北西,2,2,6.86,6,抜き,5,0.12,.  .,山口真喜子,33.0,1.0,0.0,3.0,0.1927272727272727,0.0,0.0,1.0,0.0,0.0,0.0,0.0,0.0,0.0,0.0,0.1783018867924528,0.030303030303030304,0.0,0.09090909090909091,0.0,0.0,0.0,0.030303030303030304,0.0,0.0,0.0,0.0
2021-02-27,鳴門,5,予選,6,4136,江夏　満,40,福岡,54,A1,6.48,46.67,7.67,66.67,31,33.51,79,29.19,晴,北西,2,2,6.82,5,抜き,6,0.07,.  .,江夏満,38.0,5.0,3.0,9.0,0.1513157894736842,0.0,2.0,1.0,1.0,0.0,1.0,0.0,0.0,0.0,0.0,0.1398863636363636,0.13157894736842105,0.07894736842105263,0.23684210526315788,0.0,0.0,0.05263157894736842,0.02631578947368421,0.02631578947368421,0.0,0.0,0.0
2021-02-27,鳴門,6,予選,1,4034,西原明生,42,香川,55,B1,4.22,23.66,4.62,25.64,29,33.33,77,26.83,晴,北,3,3,6.78,1,抜き,1,0.16,1.48.2,西原明生,29.0,13.0,9.0,3.0,0.1558620689655172,13.0,0.0,0.0,0.0,0.0,0.0,4.0,5.0,5.0,0.0,0.1859433962264151,0.4482758620689655,0.3103448275862069,0.10344827586206896,0.4482758620689655,0.0,0.0,0.0,0.0,0.13793103448275862,0.1724137931034483,0.1724137931034483
2021-02-27,鳴門,6,予選,2,4359,横川聖志,36,徳島,55,A2,5.8,42.86,5.7,39.5,18,36.04,58,30.85,晴,北,3,3,6.85,4,抜き,2,0.16,1.51.8,横川聖志,37.0,9.0,10.0,6.0,0.131081081081081,0.0,7.0,1.0,0.0,1.0,0.0,0.0,0.0,0.0,20.0,0.1444723618090452,0.24324324324324326,0.2702702702702703,0.16216216216216217,0.0,0.5405405405405406,0.1891891891891892,0.02702702702702703,0.0,0.0,0.0,0.0
2021-02-27,鳴門,6,予選,3,4088,野田祥子,40,長崎,49,B1,4.1,22.5,3.54,14.29,71,34.02,70,32.97,晴,北,3,3,6.74,3,抜き,3,0.17,1.50.9,野田祥子,24.0,1.0,3.0,5.0,0.1604166666666666,0.0,0.0,0.0,1.0,0.0,0.0,0.0,0.0,0.0,0.0,0.1958823529411764,0.041666666666666664,0.125,0.20833333333333334,0.0,0.0,0.0,0.0,0.041666666666666664,0.0,0.0,0.0
2021-02-27,鳴門,6,予選,4,3903,白石　健,43,兵庫,53,A1,6.87,52.6,9.1,90.0,66,34.98,75,37.31,晴,北,3,3,6.76,2,抜き,4,0.15,1.48.7,白石健,49.0,9.0,15.0,11.0,0.1273469387755102,0.0,2.0,1.0,5.0,1.0,0.0,0.0,0.0,0.0,0.0,0.1317419354838709,0.1836734693877551,0.30612244897959184,0.22448979591836735,0.0,0.0,0.04081632653061224,0.02040816326530612,0.10204081632653061,0.0,0.0,0.0
2021-02-27,鳴門,6,予選,5,3726,桂林　寛,49,福岡,55,A2,4.8,27.34,6.82,55.88,59,36.68,37,38.35,晴,北,3,3,6.72,5,抜き,5,0.24,.  .,桂林寛,48.0,1.0,3.0,9.0,0.1797916666666666,0.0,0.0,1.0,0.0,0.0,0.0,0.0,0.0,0.0,0.0,0.1603767123287671,0.020833333333333332,0.0625,0.1875,0.0,0.0,0.0,0.020833333333333332,0.0,0.0,0.0,0.0
2021-02-27,鳴門,6,予選,6,4927,関野　文,27,大阪,44,B1,5.13,30.59,5.68,32.43,12,33.33,54,39.52,晴,北,3,3,6.76,6,抜き,6,0.26,.  .,関野文,28.0,0.0,1.0,10.0,0.195,0.0,0.0,0.0,0.0,0.0,0.0,0.0,0.0,0.0,0.0,0.1766853932584269,0.0,0.03571428571428571,0.35714285714285715,0.0,0.0,0.0,0.0,0.0,0.0,0.0,0.0
2021-02-27,鳴門,7,予選,1,4652,酒見峻介,35,佐賀,52,B1,4.15,19.05,4.61,24.24,73,32.97,23,31.38,晴,北,3,3,6.68,1,逃げ,1,0.09,1.47.1,酒見峻介,25.0,8.0,4.0,5.0,0.2164,8.0,0.0,0.0,0.0,0.0,0.0,5.0,5.0,3.0,0.0,0.1959545454545454,0.32,0.16,0.2,0.32,0.0,0.0,0.0,0.0,0.2,0.2,0.12
2021-02-27,鳴門,7,予選,2,4260,中越博紀,36,香川,53,A2,5.5,33.59,5.63,32.56,64,36.36,80,29.03,晴,北,3,3,6.75,2,逃げ,2,0.09,1.48.7,中越博紀,46.0,12.0,8.0,7.0,0.145,0.0,10.0,1.0,0.0,1.0,0.0,0.0,0.0,0.0,26.0,0.1572030651340996,0.2608695652173913,0.17391304347826086,0.15217391304347827,0.0,0.5652173913043478,0.21739130434782608,0.021739130434782608,0.0,0.0,0.0,0.0
2021-02-27,鳴門,7,予選,3,4251,川崎誠志,38,山口,51,B1,3.4,16.05,5.17,31.03,34,34.52,28,37.07,晴,北,3,3,6.77,3,逃げ,4,0.08,1.49.4,川崎誠志,31.0,2.0,5.0,9.0,0.1667741935483871,0.0,0.0,1.0,1.0,0.0,0.0,0.0,0.0,0.0,0.0,0.1884736842105263,0.06451612903225806,0.16129032258064516,0.2903225806451613,0.0,0.0,0.0,0.03225806451612903,0.03225806451612903,0.0,0.0,0.0
2021-02-27,鳴門,7,予選,4,4070,中村亮太,40,長崎,51,A1,6.89,53.77,5.0,50.0,25,36.65,59,25.44,晴,北,3,3,6.67,5,逃げ,3,0.05,.  .,中村亮太,48.0,10.0,12.0,11.0,0.1289583333333333,0.0,5.0,1.0,2.0,2.0,0.0,0.0,0.0,0.0,0.0,0.1395780590717299,0.20833333333333334,0.25,0.22916666666666666,0.0,0.0,0.10416666666666667,0.020833333333333332,0.041666666666666664,0.0,0.0,0.0
2021-02-27,鳴門,7,予選,5,4173,岡谷健吾,38,広島,56,A2,5.43,40.31,5.87,38.89,33,35.03,50,37.89,晴,北,3,3,6.78,4,逃げ,5,0.05,1.50.6,岡谷健吾,42.0,3.0,4.0,7.0,0.1757142857142857,0.0,0.0,0.0,2.0,0.0,1.0,0.0,0.0,0.0,0.0,0.1637666666666666,0.07142857142857142,0.09523809523809523,0.16666666666666666,0.0,0.0,0.0,0.0,0.047619047619047616,0.0,0.0,0.0
2021-02-27,鳴門,7,予選,6,5164,森田梨湖,21,福岡,47,B2,1.03,0.0,0.0,0.0,79,44.19,15,38.5,晴,北,3,3,6.77,6,逃げ,6,0.09,.  .,森田梨湖,20.0,0.0,0.0,0.0,0.238,0.0,0.0,0.0,0.0,0.0,0.0,0.0,0.0,0.0,0.0,0.2323333333333333,0.0,0.0,0.0,0.0,0.0,0.0,0.0,0.0,0.0,0.0,0.0
2021-02-27,鳴門,8,予選,1,3604,武藤綾子,50,福岡,48,B1,3.97,16.19,4.4,23.26,11,53.1,11,27.98,晴,北西,2,2,6.67,5,まくり差し,1,0.3,.  .,武藤綾子,28.0,8.0,7.0,3.0,0.1857142857142857,6.0,0.0,0.0,0.0,1.0,1.0,11.0,3.0,4.0,0.0,0.1946153846153846,0.2857142857142857,0.25,0.10714285714285714,0.21428571428571427,0.0,0.0,0.0,0.0,0.39285714285714285,0.10714285714285714,0.14285714285714285
2021-02-27,鳴門,8,予選,2,4583,古田祐貴,31,香川,52,A2,5.47,32.0,6.73,55.56,62,35.27,33,28.99,晴,北西,2,2,6.69,2,まくり差し,2,0.19,1.47.4,古田祐貴,45.0,6.0,15.0,10.0,0.1504444444444444,0.0,3.0,0.0,1.0,2.0,0.0,0.0,0.0,0.0,31.0,0.1536713286713286,0.13333333333333333,0.3333333333333333,0.2222222222222222,0.0,0.6888888888888889,0.06666666666666667,0.0,0.022222222222222223,0.0,0.0,0.0
2021-02-27,鳴門,8,予選,3,4063,市橋卓士,41,徳島,54,A1,6.89,48.63,6.96,53.81,67,40.5,61,28.66,晴,北西,2,2,6.72,1,まくり差し,4,0.16,1.46.7,市橋卓士,53.0,10.0,15.0,8.0,0.1477358490566037,0.0,5.0,2.0,2.0,1.0,0.0,0.0,0.0,0.0,0.0,0.1394407894736842,0.18867924528301888,0.2830188679245283,0.1509433962264151,0.0,0.0,0.09433962264150944,0.03773584905660377,0.03773584905660377,0.0,0.0,0.0
2021-02-27,鳴門,8,予選,4,4248,岡本　大,38,長崎,54,B1,4.57,21.43,4.58,31.58,68,33.87,53,32.11,晴,北西,2,2,6.76,4,まくり差し,5,0.18,1.52.7,岡本大,31.0,0.0,6.0,8.0,0.1732258064516129,0.0,0.0,0.0,0.0,0.0,0.0,0.0,0.0,0.0,0.0,0.1727027027027027,0.0,0.1935483870967742,0.25806451612903225,0.0,0.0,0.0,0.0,0.0,0.0,0.0,0.0
2021-02-27,鳴門,8,予選,5,3507,藤井　徹,49,大阪,53,B1,4.67,23.91,6.65,58.82,16,32.99,32,40.1,晴,北西,2,2,6.71,6,まくり差し,3,0.26,.  .,藤井徹,29.0,0.0,3.0,4.0,0.2068965517241379,0.0,0.0,0.0,0.0,0.0,0.0,0.0,0.0,0.0,0.0,0.1922727272727273,0.0,0.10344827586206896,0.13793103448275862,0.0,0.0,0.0,0.0,0.0,0.0,0.0,0.0
2021-02-27,鳴門,8,予選,6,4515,藤田浩人,34,佐賀,54,A2,6.11,42.21,5.48,32.26,77,41.33,12,30.36,晴,北西,2,2,6.72,3,まくり差し,6,0.17,1.50.3,藤田浩人,38.0,0.0,4.0,6.0,0.1721052631578947,0.0,0.0,0.0,0.0,0.0,0.0,0.0,0.0,0.0,0.0,0.1648979591836734,0.0,0.10526315789473684,0.15789473684210525,0.0,0.0,0.0,0.0,0.0,0.0,0.0,0.0
2021-02-27,鳴門,9,予選,1,3539,金子順一,52,山口,55,B1,4.55,23.85,4.29,22.58,70,36.95,17,35.75,晴,南東,2,2,6.74,1,逃げ,1,0.19,1.47.7,金子順一,34.0,17.0,2.0,4.0,0.1747058823529411,16.0,0.0,0.0,0.0,1.0,0.0,3.0,9.0,4.0,0.0,0.1884347826086956,0.5,0.058823529411764705,0.11764705882352941,0.47058823529411764,0.0,0.0,0.0,0.0,0.08823529411764706,0.2647058823529412,0.11764705882352941
2021-02-27,鳴門,9,予選,2,4624,高田　明,35,佐賀,50,A1,5.6,36.67,6.0,38.46,84,28.19,38,41.43,晴,南東,2,2,6.68,2,逃げ,2,0.21,1.47.9,高田明,36.0,12.0,5.0,8.0,0.1505555555555555,0.0,8.0,3.0,0.0,1.0,0.0,0.0,0.0,0.0,19.0,0.1724894514767932,0.3333333333333333,0.1388888888888889,0.2222222222222222,0.0,0.5277777777777778,0.2222222222222222,0.08333333333333333,0.0,0.0,0.0,0.0
2021-02-27,鳴門,9,予選,3,3975,小野寺智,44,香川,52,A2,5.98,38.56,5.73,36.36,23,40.74,74,40.85,晴,南東,2,2,6.77,3,逃げ,3,0.19,1.49.6,小野寺智洋,56.0,3.0,13.0,20.0,0.1553571428571428,0.0,1.0,1.0,0.0,1.0,0.0,0.0,0.0,0.0,0.0,0.1500323624595469,0.05357142857142857,0.23214285714285715,0.35714285714285715,0.0,0.0,0.017857142857142856,0.017857142857142856,0.0,0.0,0.0,0.0
2021-02-27,鳴門,9,予選,4,4947,間庭菜摘,28,福岡,48,B2,3.88,10.2,2.06,5.88,63,33.85,20,34.9,晴,南東,2,2,6.73,6,逃げ,4,0.25,.  .,間庭菜摘,14.0,1.0,0.0,2.0,0.21,0.0,1.0,0.0,0.0,0.0,0.0,0.0,0.0,0.0,0.0,0.2009756097560975,0.07142857142857142,0.0,0.14285714285714285,0.0,0.0,0.07142857142857142,0.0,0.0,0.0,0.0,0.0
2021-02-27,鳴門,9,予選,5,4508,野間大樹,32,大阪,50,B1,4.0,15.38,4.13,26.67,80,35.12,78,30.12,晴,南東,2,2,6.74,5,逃げ,5,0.16,.  .,野間大樹,27.0,0.0,3.0,7.0,0.2059259259259259,0.0,0.0,0.0,0.0,0.0,0.0,0.0,0.0,0.0,0.0,0.1999999999999999,0.0,0.1111111111111111,0.25925925925925924,0.0,0.0,0.0,0.0,0.0,0.0,0.0,0.0
2021-02-27,鳴門,9,予選,6,4564,山本景士,33,広島,53,A2,5.82,37.3,6.09,35.85,60,28.95,51,32.99,晴,南東,2,2,6.83,4,逃げ,6,0.16,1.50.8,山本景士郎,40.0,0.0,5.0,5.0,0.175,0.0,0.0,0.0,0.0,0.0,0.0,0.0,0.0,0.0,0.0,0.1616078431372549,0.0,0.125,0.125,0.0,0.0,0.0,0.0,0.0,0.0,0.0,0.0
2021-02-27,鳴門,10,特賞,1,3726,桂林　寛,49,福岡,55,A2,4.8,27.34,6.82,55.88,59,36.68,37,38.35,晴,北西,3,3,6.69,2,差し,1,0.12,1.48.5,桂林寛,61.0,28.0,16.0,5.0,0.1780327868852459,27.0,0.0,0.0,0.0,1.0,0.0,10.0,11.0,9.0,0.0,0.1603767123287671,0.45901639344262296,0.26229508196721313,0.08196721311475409,0.4426229508196721,0.0,0.0,0.0,0.0,0.16393442622950818,0.18032786885245902,0.14754098360655737
2021-02-27,鳴門,10,特賞,2,4299,中島浩哉,38,長崎,57,B1,4.34,21.05,5.23,30.77,19,29.32,34,23.72,晴,北西,3,3,6.78,5,差し,2,0.12,.  .,中島浩哉,38.0,3.0,8.0,4.0,0.1542105263157895,0.0,3.0,0.0,0.0,0.0,0.0,0.0,0.0,0.0,26.0,0.1490338164251207,0.07894736842105263,0.21052631578947367,0.10526315789473684,0.0,0.6842105263157895,0.07894736842105263,0.0,0.0,0.0,0.0,0.0
2021-02-27,鳴門,10,特賞,3,5012,加倉侑征,23,福岡,50,B1,4.49,24.3,4.1,19.05,14,33.97,56,34.76,晴,北西,3,3,6.77,4,差し,3,0.1,1.50.1,加倉侑征,39.0,6.0,7.0,7.0,0.1392307692307692,0.0,0.0,5.0,1.0,0.0,0.0,0.0,0.0,0.0,0.0,0.1493333333333333,0.15384615384615385,0.1794871794871795,0.1794871794871795,0.0,0.0,0.0,0.1282051282051282,0.02564102564102564,0.0,0.0,0.0
2021-02-27,鳴門,10,特賞,4,4184,渡邊雄一,34,大阪,49,A1,6.26,44.62,6.52,48.0,20,39.81,10,37.56,晴,北西,3,3,6.73,1,差し,4,0.12,1.46.9,渡邊雄一郎,42.0,5.0,11.0,11.0,0.1547619047619047,0.0,1.0,2.0,2.0,0.0,0.0,0.0,0.0,0.0,0.0,0.1572137404580152,0.11904761904761904,0.2619047619047619,0.2619047619047619,0.0,0.0,0.023809523809523808,0.047619047619047616,0.047619047619047616,0.0,0.0,0.0
2021-02-27,鳴門,10,特賞,5,4852,川原祐明,26,香川,51,A1,6.04,36.8,5.97,39.47,13,35.32,22,27.44,晴,北西,3,3,6.8,3,差し,5,0.15,1.49.8,川原祐明,38.0,1.0,8.0,10.0,0.1942105263157894,0.0,0.0,0.0,0.0,1.0,0.0,0.0,0.0,0.0,0.0,0.1716666666666666,0.02631578947368421,0.21052631578947367,0.2631578947368421,0.0,0.0,0.0,0.0,0.0,0.0,0.0,0.0
2021-02-27,鳴門,10,特賞,6,4666,日笠勝弘,37,大阪,52,B1,4.99,32.5,5.62,37.78,22,29.05,24,42.65,晴,北西,3,3,6.82,6,差し,6,0.17,.  .,日笠勝弘,31.0,0.0,2.0,3.0,0.1693548387096774,0.0,0.0,0.0,0.0,0.0,0.0,0.0,0.0,0.0,0.0,0.1474489795918367,0.0,0.06451612903225806,0.0967741935483871,0.0,0.0,0.0,0.0,0.0,0.0,0.0,0.0
2021-02-27,鳴門,11,特選,1,4173,岡谷健吾,38,広島,56,A2,5.43,40.31,5.87,38.89,33,35.03,50,37.89,晴,北西,4,4,6.69,1,逃げ,1,0.17,1.46.7,岡谷健吾,58.0,44.0,7.0,3.0,0.1486206896551724,40.0,0.0,0.0,0.0,4.0,0.0,4.0,4.0,2.0,0.0,0.1637666666666666,0.7586206896551724,0.1206896551724138,0.05172413793103448,0.6896551724137931,0.0,0.0,0.0,0.0,0.06896551724137931,0.06896551724137931,0.034482758620689655
2021-02-27,鳴門,11,特選,2,4437,中田元泰,34,香川,55,A2,6.36,49.38,6.62,48.89,82,38.92,81,30.11,晴,北西,4,4,6.78,3,逃げ,2,0.17,1.49.5,中田元泰,30.0,7.0,9.0,4.0,0.1366666666666666,0.0,4.0,3.0,0.0,0.0,0.0,0.0,0.0,0.0,16.0,0.1402450980392156,0.23333333333333334,0.3,0.13333333333333333,0.0,0.5333333333333333,0.13333333333333333,0.1,0.0,0.0,0.0,0.0
2021-02-27,鳴門,11,特選,3,4359,横川聖志,36,徳島,55,A2,5.8,42.86,5.7,39.5,18,36.04,58,30.85,晴,北西,4,4,6.86,6,逃げ,3,0.28,.  .,横川聖志,37.0,3.0,8.0,7.0,0.1224324324324324,0.0,0.0,2.0,1.0,0.0,0.0,0.0,0.0,0.0,0.0,0.1444723618090452,0.08108108108108109,0.21621621621621623,0.1891891891891892,0.0,0.0,0.0,0.05405405405405406,0.02702702702702703,0.0,0.0,0.0
2021-02-27,鳴門,11,特選,4,3514,山一鉄也,53,福岡,52,A1,5.85,40.4,6.17,41.67,50,29.28,71,30.56,晴,北西,4,4,6.81,2,逃げ,4,0.15,1.48.3,山一鉄也,47.0,3.0,12.0,7.0,0.1559574468085106,0.0,1.0,1.0,1.0,0.0,0.0,0.0,0.0,0.0,0.0,0.1495608108108108,0.06382978723404255,0.2553191489361702,0.14893617021276595,0.0,0.0,0.02127659574468085,0.02127659574468085,0.02127659574468085,0.0,0.0,0.0
2021-02-27,鳴門,11,特選,5,4817,渡邉　翼,29,山口,49,A2,5.29,32.33,5.8,28.57,56,35.86,36,34.72,晴,北西,4,4,6.77,5,逃げ,5,0.21,.  .,渡邉翼,36.0,0.0,7.0,9.0,0.1972222222222222,0.0,0.0,0.0,0.0,0.0,0.0,0.0,0.0,0.0,0.0,0.1807456140350877,0.0,0.19444444444444445,0.25,0.0,0.0,0.0,0.0,0.0,0.0,0.0,0.0
2021-02-27,鳴門,11,特選,6,4278,藤岡俊介,37,兵庫,51,A1,6.89,49.56,6.78,40.74,32,34.3,35,31.21,晴,北西,4,4,6.77,4,逃げ,6,0.14,1.50.3,藤岡俊介,41.0,0.0,9.0,8.0,0.1534146341463414,0.0,0.0,0.0,0.0,0.0,0.0,0.0,0.0,0.0,0.0,0.1364503816793893,0.0,0.21951219512195122,0.1951219512195122,0.0,0.0,0.0,0.0,0.0,0.0,0.0,0.0
2021-02-27,鳴門,12,ドリーム戦,1,4052,興津　藍,39,徳島,50,A1,8.04,67.41,7.75,62.22,36,32.83,29,34.17,晴,北,4,4,6.74,6,まくり差し,1,0.21,.  .,興津藍,72.0,61.0,6.0,3.0,0.1427777777777777,60.0,0.0,0.0,0.0,1.0,0.0,1.0,5.0,4.0,0.0,0.1498443579766536,0.8472222222222222,0.08333333333333333,0.041666666666666664,0.8333333333333334,0.0,0.0,0.0,0.0,0.013888888888888888,0.06944444444444445,0.05555555555555555
2021-02-27,鳴門,12,ドリーム戦,2,4025,山本隆幸,43,兵庫,52,A1,6.9,52.82,6.13,30.77,55,33.33,25,36.41,晴,北,4,4,6.77,4,まくり差し,2,0.18,1.50.8,山本隆幸,50.0,9.0,19.0,5.0,0.1835999999999999,0.0,4.0,3.0,0.0,2.0,0.0,0.0,0.0,0.0,30.0,0.1782562277580071,0.18,0.38,0.1,0.0,0.6,0.08,0.06,0.0,0.0,0.0,0.0
2021-02-27,鳴門,12,ドリーム戦,3,4136,江夏　満,40,福岡,54,A1,6.48,46.67,7.67,66.67,31,33.51,79,29.19,晴,北,4,4,6.82,3,まくり差し,3,0.13,1.50.2,江夏満,48.0,9.0,15.0,10.0,0.1310416666666666,0.0,3.0,3.0,2.0,1.0,0.0,0.0,0.0,0.0,0.0,0.1398863636363636,0.1875,0.3125,0.20833333333333334,0.0,0.0,0.0625,0.0625,0.041666666666666664,0.0,0.0,0.0
2021-02-27,鳴門,12,ドリーム戦,4,4063,市橋卓士,41,徳島,54,A1,6.89,48.63,6.96,53.81,67,40.5,61,28.66,晴,北,4,4,6.74,2,まくり差し,4,0.05,1.48.8,市橋卓士,51.0,7.0,14.0,14.0,0.1425490196078431,0.0,0.0,4.0,3.0,0.0,0.0,0.0,0.0,0.0,0.0,0.1394407894736842,0.13725490196078433,0.27450980392156865,0.27450980392156865,0.0,0.0,0.0,0.0784313725490196,0.058823529411764705,0.0,0.0,0.0
2021-02-27,鳴門,12,ドリーム戦,5,4070,中村亮太,40,長崎,51,A1,6.89,53.77,5.0,50.0,25,36.65,59,25.44,晴,北,4,4,6.71,1,まくり差し,5,0.06,1.45.9,中村亮太,32.0,5.0,8.0,10.0,0.134375,1.0,0.0,0.0,2.0,2.0,0.0,0.0,0.0,0.0,0.0,0.1395780590717299,0.15625,0.25,0.3125,0.03125,0.0,0.0,0.0,0.0625,0.0,0.0,0.0
2021-02-27,鳴門,12,ドリーム戦,6,3903,白石　健,43,兵庫,53,A1,6.87,52.6,9.1,90.0,66,34.98,75,37.31,晴,北,4,4,6.72,5,まくり差し,6,0.11,.  .,白石健,48.0,2.0,6.0,11.0,0.1435416666666666,0.0,0.0,1.0,0.0,1.0,0.0,0.0,0.0,0.0,0.0,0.1317419354838709,0.041666666666666664,0.125,0.22916666666666666,0.0,0.0,0.0,0.020833333333333332,0.0,0.0,0.0,0.0
2021-02-27,尼崎,1,朝からセンプ,1,4917,岩橋裕馬,32,兵庫,52,B1,3.76,11.88,3.79,17.65,29,27.32,27,36.72,晴,南東,1,0,6.91,4,まくり,1,0.18,1.54.9,岩橋裕馬,28.0,12.0,3.0,4.0,0.1682142857142857,11.0,0.0,0.0,0.0,1.0,0.0,4.0,5.0,1.0,0.0,0.1659405940594059,0.42857142857142855,0.10714285714285714,0.14285714285714285,0.39285714285714285,0.0,0.0,0.0,0.0,0.14285714285714285,0.17857142857142858,0.03571428571428571
2021-02-27,尼崎,1,朝からセンプ,2,5058,前原大道,24,岡山,53,B1,4.5,22.69,2.8,0.0,30,27.18,71,37.89,晴,南東,1,0,6.89,3,まくり,2,0.24,1.52.7,前原大道,21.0,2.0,5.0,5.0,0.1842857142857143,0.0,0.0,2.0,0.0,0.0,0.0,0.0,0.0,0.0,13.0,0.1990995260663507,0.09523809523809523,0.23809523809523808,0.23809523809523808,0.0,0.6190476190476191,0.0,0.09523809523809523,0.0,0.0,0.0,0.0
2021-02-27,尼崎,1,朝からセンプ,3,4886,入海　馨,24,岡山,55,A2,6.45,47.29,7.0,66.67,58,27.66,60,30.11,晴,南東,1,0,6.9,1,まくり,3,0.14,1.49.5,入海馨,35.0,10.0,8.0,7.0,0.1677142857142857,0.0,1.0,1.0,5.0,1.0,2.0,0.0,0.0,0.0,0.0,0.1736697247706422,0.2857142857142857,0.22857142857142856,0.2,0.0,0.0,0.02857142857142857,0.02857142857142857,0.14285714285714285,0.0,0.0,0.0
2021-02-27,尼崎,1,朝からセンプ,4,5125,高井雄基,24,愛知,55,B1,2.49,8.33,0.0,0.0,45,29.78,19,31.03,晴,南東,1,0,7.01,2,まくり,4,0.25,1.51.0,高井雄基,23.0,1.0,2.0,0.0,0.2230434782608695,0.0,0.0,1.0,0.0,0.0,0.0,0.0,0.0,0.0,0.0,0.2166666666666666,0.043478260869565216,0.08695652173913043,0.0,0.0,0.0,0.0,0.043478260869565216,0.0,0.0,0.0,0.0
2021-02-27,尼崎,1,朝からセンプ,5,5110,杉山喜一,21,静岡,51,B1,2.79,3.37,1.75,0.0,48,41.21,22,39.89,晴,南東,1,0,6.9,5,まくり,5,0.21,1.55.4,杉山喜一,59.0,0.0,2.0,5.0,0.1708474576271186,0.0,0.0,0.0,0.0,0.0,0.0,0.0,0.0,0.0,0.0,0.1768639053254438,0.0,0.03389830508474576,0.0847457627118644,0.0,0.0,0.0,0.0,0.0,0.0,0.0,0.0
2021-02-27,尼崎,1,朝からセンプ,6,4890,石川　諒,32,山口,52,B1,3.88,14.43,3.57,17.39,38,29.12,37,28.07,晴,南東,1,0,6.87,6,まくり,6,0.31,2.00.1,石川諒,27.0,0.0,1.0,5.0,0.1455555555555555,0.0,0.0,0.0,0.0,0.0,0.0,0.0,0.0,0.0,0.0,0.1603225806451613,0.0,0.037037037037037035,0.18518518518518517,0.0,0.0,0.0,0.0,0.0,0.0,0.0,0.0
2021-02-27,尼崎,2,予選,1,4821,妻鳥晋也,29,香川,56,A2,6.08,43.0,0.0,0.0,41,28.65,70,39.64,晴,東,5,3,6.84,1,逃げ,1,0.21,1.48.4,妻鳥晋也,34.0,20.0,4.0,2.0,0.1847058823529412,18.0,1.0,0.0,0.0,1.0,0.0,3.0,7.0,1.0,0.0,0.1955445544554455,0.5882352941176471,0.11764705882352941,0.058823529411764705,0.5294117647058824,0.0,0.029411764705882353,0.0,0.0,0.08823529411764706,0.20588235294117646,0.029411764705882353
2021-02-27,尼崎,2,予選,2,4953,尾上雅也,26,埼玉,53,B1,4.85,28.24,4.67,26.67,11,41.06,30,37.93,晴,東,5,3,6.84,5,逃げ,2,0.15,1.54.1,尾上雅也,22.0,3.0,7.0,4.0,0.169090909090909,0.0,0.0,2.0,0.0,1.0,0.0,0.0,0.0,0.0,11.0,0.1946540880503144,0.13636363636363635,0.3181818181818182,0.18181818181818182,0.0,0.5,0.0,0.09090909090909091,0.0,0.0,0.0,0.0
2021-02-27,尼崎,2,予選,3,4902,山川雄大,27,兵庫,51,B1,4.58,30.0,3.83,18.46,9,31.0,21,32.57,晴,東,5,3,6.8,4,逃げ,3,0.15,1.53.2,山川雄大,33.0,4.0,7.0,6.0,0.1542424242424242,0.0,1.0,3.0,0.0,0.0,0.0,0.0,0.0,0.0,0.0,0.1728767123287671,0.12121212121212122,0.21212121212121213,0.18181818181818182,0.0,0.0,0.030303030303030304,0.09090909090909091,0.0,0.0,0.0,0.0
2021-02-27,尼崎,2,予選,4,5042,畑田汰一,22,埼玉,54,A2,6.08,42.64,5.37,31.58,25,30.96,12,36.63,晴,東,5,3,6.79,2,逃げ,4,0.15,1.50.0,畑田汰一,38.0,5.0,8.0,10.0,0.1386842105263158,0.0,0.0,2.0,3.0,0.0,0.0,0.0,0.0,0.0,0.0,0.1515277777777778,0.13157894736842105,0.21052631578947367,0.2631578947368421,0.0,0.0,0.0,0.05263157894736842,0.07894736842105263,0.0,0.0,0.0
2021-02-27,尼崎,2,予選,5,5041,荒牧凪沙,22,福岡,51,B1,4.07,19.57,0.0,0.0,39,32.64,18,33.52,晴,東,5,3,6.87,6,逃げ,5,0.17,1.57.5,荒牧凪沙,42.0,0.0,2.0,7.0,0.1838095238095238,0.0,0.0,0.0,0.0,0.0,0.0,0.0,0.0,0.0,0.0,0.185656108597285,0.0,0.047619047619047616,0.16666666666666666,0.0,0.0,0.0,0.0,0.0,0.0,0.0,0.0
2021-02-27,尼崎,2,予選,6,4903,吉田凌太,27,愛知,53,B1,5.72,33.98,7.2,70.0,1,37.31,16,33.15,晴,東,5,3,6.91,3,逃げ,6,0.22,1.52.1,吉田凌太朗,27.0,0.0,2.0,10.0,0.1962962962962963,0.0,0.0,0.0,0.0,0.0,0.0,0.0,0.0,0.0,0.0,0.207720207253886,0.0,0.07407407407407407,0.37037037037037035,0.0,0.0,0.0,0.0,0.0,0.0,0.0,0.0
2021-02-27,尼崎,3,予選,1,5017,澤田尚也,22,滋賀,53,B1,5.88,39.29,3.73,9.09,37,42.29,14,26.22,晴,北東,4,0,6.85,2,差し,1,0.11,1.48.9,澤田尚也,27.0,14.0,3.0,4.0,0.15,14.0,0.0,0.0,0.0,0.0,0.0,1.0,10.0,1.0,0.0,0.1285576923076923,0.5185185185185185,0.1111111111111111,0.14814814814814814,0.5185185185185185,0.0,0.0,0.0,0.0,0.037037037037037035,0.37037037037037035,0.037037037037037035
2021-02-27,尼崎,3,予選,2,4967,中村魁生,22,大阪,50,A2,5.98,40.32,4.09,22.86,15,38.61,72,35.0,晴,北東,4,0,6.87,1,差し,2,0.11,1.48.8,中村魁生,40.0,7.0,10.0,6.0,0.1535,1.0,3.0,2.0,0.0,1.0,0.0,0.0,0.0,0.0,17.0,0.1416033755274261,0.175,0.25,0.15,0.025,0.425,0.075,0.05,0.0,0.0,0.0,0.0
2021-02-27,尼崎,3,予選,3,5089,前田　翔,20,愛知,49,B1,5.24,27.72,3.61,11.11,3,39.02,32,38.1,晴,北東,4,0,6.86,4,差し,3,0.11,1.51.7,前田翔,29.0,4.0,7.0,4.0,0.1675862068965517,0.0,0.0,1.0,3.0,0.0,0.0,0.0,0.0,0.0,0.0,0.1760301507537688,0.13793103448275862,0.2413793103448276,0.13793103448275862,0.0,0.0,0.0,0.034482758620689655,0.10344827586206896,0.0,0.0,0.0
2021-02-27,尼崎,3,予選,4,5015,高橋竜矢,23,広島,52,A2,5.91,42.74,3.57,7.14,22,34.5,31,38.42,晴,北東,4,0,6.96,3,差し,4,0.15,1.51.1,高橋竜矢,39.0,0.0,11.0,10.0,0.1487179487179487,0.0,0.0,0.0,0.0,0.0,0.0,0.0,0.0,0.0,0.0,0.1571111111111111,0.0,0.28205128205128205,0.2564102564102564,0.0,0.0,0.0,0.0,0.0,0.0,0.0,0.0
2021-02-27,尼崎,3,予選,5,5047,國分将太,26,東京,55,B1,3.14,11.25,0.0,0.0,18,38.38,26,36.31,晴,北東,4,0,6.83,6,差し,6,0.47,1.56.0,國分将太郎,33.0,1.0,1.0,8.0,0.19,0.0,0.0,1.0,0.0,0.0,0.0,0.0,0.0,0.0,0.0,0.1951552795031056,0.030303030303030304,0.030303030303030304,0.24242424242424243,0.0,0.0,0.0,0.030303030303030304,0.0,0.0,0.0,0.0
2021-02-27,尼崎,3,予選,6,5115,香川颯太,21,滋賀,51,B1,2.75,3.23,2.93,13.33,44,25.7,36,35.0,晴,北東,4,0,6.95,5,差し,5,0.13,1.54.2,香川颯太,53.0,0.0,0.0,2.0,0.2083018867924528,0.0,0.0,0.0,0.0,0.0,0.0,0.0,0.0,0.0,0.0,0.195,0.0,0.0,0.03773584905660377,0.0,0.0,0.0,0.0,0.0,0.0,0.0,0.0
2021-02-27,尼崎,4,予選,1,4926,吉川貴仁,27,三重,52,A2,6.04,42.04,3.5,0.0,34,35.78,51,37.7,晴,南東,1,0,6.88,1,逃げ,1,0.11,1.47.7,吉川貴仁,59.0,40.0,13.0,3.0,0.1232203389830508,37.0,0.0,0.0,0.0,3.0,0.0,6.0,5.0,5.0,0.0,0.1444551282051282,0.6779661016949152,0.22033898305084745,0.05084745762711865,0.6271186440677966,0.0,0.0,0.0,0.0,0.1016949152542373,0.0847457627118644,0.0847457627118644
2021-02-27,尼崎,4,予選,2,4873,蒲原健太,27,佐賀,53,B1,4.19,17.76,3.72,11.11,61,33.68,29,27.84,晴,南東,1,0,6.83,3,逃げ,2,0.11,1.51.5,蒲原健太,46.0,6.0,9.0,8.0,0.1539130434782608,0.0,0.0,2.0,0.0,4.0,0.0,0.0,0.0,0.0,20.0,0.1678297872340425,0.13043478260869565,0.1956521739130435,0.17391304347826086,0.0,0.43478260869565216,0.0,0.043478260869565216,0.0,0.0,0.0,0.0
2021-02-27,尼崎,4,予選,3,5029,中　亮太,23,福岡,54,B1,5.16,35.66,2.25,0.0,14,53.09,54,37.57,晴,南東,1,0,6.83,2,逃げ,3,0.1,1.49.9,中亮太,41.0,4.0,11.0,11.0,0.1370731707317073,0.0,1.0,2.0,0.0,1.0,0.0,0.0,0.0,0.0,0.0,0.1552682926829268,0.0975609756097561,0.2682926829268293,0.2682926829268293,0.0,0.0,0.024390243902439025,0.04878048780487805,0.0,0.0,0.0,0.0
2021-02-27,尼崎,4,予選,4,4861,田中宏樹,32,福岡,52,B1,4.11,24.69,0.0,0.0,2,35.96,46,38.51,晴,南東,1,0,6.82,4,逃げ,4,0.24,1.52.4,田中宏樹,38.0,4.0,9.0,1.0,0.1763157894736842,0.0,1.0,0.0,0.0,2.0,1.0,0.0,0.0,0.0,0.0,0.1780097087378641,0.10526315789473684,0.23684210526315788,0.02631578947368421,0.0,0.0,0.02631578947368421,0.0,0.0,0.0,0.0,0.0
2021-02-27,尼崎,4,予選,5,5128,坪井爽佑,24,三重,58,B2,1.75,1.41,0.0,0.0,20,28.65,11,30.0,晴,南東,1,0,6.95,6,逃げ,6,0.24,1.55.4,坪井爽佑,36.0,0.0,0.0,2.0,0.2333333333333333,0.0,0.0,0.0,0.0,0.0,0.0,0.0,0.0,0.0,0.0,0.2434343434343434,0.0,0.0,0.05555555555555555,0.0,0.0,0.0,0.0,0.0,0.0,0.0,0.0
2021-02-27,尼崎,4,予選,6,4736,高倉和士,29,福岡,53,A1,6.93,54.96,6.17,52.17,23,37.95,50,34.5,晴,南東,1,0,6.81,5,逃げ,5,0.23,1.53.1,高倉和士,39.0,0.0,10.0,11.0,0.1582051282051282,0.0,0.0,0.0,0.0,0.0,0.0,0.0,0.0,0.0,0.0,0.1551119402985074,0.0,0.2564102564102564,0.28205128205128205,0.0,0.0,0.0,0.0,0.0,0.0,0.0,0.0
2021-02-27,尼崎,5,５ジラレース,1,4925,森　悠稀,28,兵庫,53,B1,5.28,34.88,4.83,30.43,10,37.82,44,42.04,晴,南,1,0,6.83,3,まくり,1,0.23,1.51.9,森悠稀,34.0,18.0,5.0,2.0,0.1473529411764705,17.0,0.0,0.0,0.0,1.0,0.0,5.0,7.0,1.0,0.0,0.1398642533936651,0.5294117647058824,0.14705882352941177,0.058823529411764705,0.5,0.0,0.0,0.0,0.0,0.14705882352941177,0.20588235294117646,0.029411764705882353
2021-02-27,尼崎,5,５ジラレース,2,4880,澤崎雄哉,25,東京,50,B1,4.39,22.55,4.36,9.09,56,39.71,74,20.12,晴,南,1,0,6.81,1,まくり,2,0.12,1.48.3,澤崎雄哉,41.0,7.0,6.0,9.0,0.1468292682926829,0.0,2.0,4.0,0.0,1.0,0.0,0.0,0.0,0.0,19.0,0.1576923076923077,0.17073170731707318,0.14634146341463414,0.21951219512195122,0.0,0.4634146341463415,0.04878048780487805,0.0975609756097561,0.0,0.0,0.0,0.0
2021-02-27,尼崎,5,５ジラレース,3,4896,花本　剛,29,山口,55,B1,4.02,22.73,4.61,22.22,7,42.21,45,36.52,晴,南,1,0,6.91,2,まくり,3,0.15,1.50.7,花本剛,34.0,4.0,9.0,7.0,0.1691176470588235,0.0,0.0,4.0,0.0,0.0,0.0,0.0,0.0,0.0,0.0,0.1963529411764706,0.11764705882352941,0.2647058823529412,0.20588235294117646,0.0,0.0,0.0,0.11764705882352941,0.0,0.0,0.0,0.0
2021-02-27,尼崎,5,５ジラレース,4,4879,山崎鉄平,26,佐賀,52,A2,5.11,35.14,4.26,26.09,43,28.57,39,29.65,晴,南,1,0,6.95,4,まくり,4,0.17,1.52.8,山崎鉄平,43.0,6.0,9.0,9.0,0.1393023255813953,0.0,0.0,2.0,4.0,0.0,0.0,0.0,0.0,0.0,0.0,0.1435443037974683,0.13953488372093023,0.20930232558139536,0.20930232558139536,0.0,0.0,0.0,0.046511627906976744,0.09302325581395349,0.0,0.0,0.0
2021-02-27,尼崎,5,５ジラレース,5,5014,梶山涼斗,23,佐賀,55,B1,3.33,8.74,3.12,8.82,47,34.16,53,34.66,晴,南,1,0,6.84,5,まくり,5,0.16,1.54.1,梶山涼斗,34.0,2.0,0.0,5.0,0.1476470588235294,0.0,0.0,0.0,2.0,0.0,0.0,0.0,0.0,0.0,0.0,0.1741968911917098,0.058823529411764705,0.0,0.14705882352941177,0.0,0.0,0.0,0.0,0.058823529411764705,0.0,0.0,0.0
2021-02-27,尼崎,5,５ジラレース,6,5110,杉山喜一,21,静岡,51,B1,2.79,3.37,1.75,0.0,48,41.21,22,39.89,晴,南,1,0,6.87,6,まくり,6,0.21,1.54.7,杉山喜一,76.0,1.0,2.0,6.0,0.1897368421052631,0.0,0.0,0.0,0.0,0.0,1.0,0.0,0.0,0.0,0.0,0.1768639053254438,0.013157894736842105,0.02631578947368421,0.07894736842105263,0.0,0.0,0.0,0.0,0.0,0.0,0.0,0.0
2021-02-27,尼崎,6,昼どきピンク,1,4910,中村泰平,25,愛知,53,A2,6.14,40.5,4.89,21.05,35,30.39,43,33.9,晴,南西,1,0,6.83,1,逃げ,1,0.15,1.56.9,中村泰平,55.0,38.0,9.0,2.0,0.1563636363636363,36.0,0.0,0.0,0.0,2.0,0.0,8.0,2.0,6.0,0.0,0.1476984126984127,0.6909090909090909,0.16363636363636364,0.03636363636363636,0.6545454545454545,0.0,0.0,0.0,0.0,0.14545454545454545,0.03636363636363636,0.10909090909090909
2021-02-27,尼崎,6,昼どきピンク,2,4951,新田洋一,27,広島,54,B1,4.98,26.72,3.2,6.67,13,42.25,20,30.36,晴,南西,1,0,6.85,5,逃げ,2,0.23,2.11.9,新田洋一,36.0,1.0,7.0,11.0,0.17,0.0,1.0,0.0,0.0,0.0,0.0,0.0,0.0,0.0,22.0,0.1590909090909091,0.027777777777777776,0.19444444444444445,0.3055555555555556,0.0,0.6111111111111112,0.027777777777777776,0.0,0.0,0.0,0.0,0.0
2021-02-27,尼崎,6,昼どきピンク,3,5058,前原大道,24,岡山,53,B1,4.5,22.69,2.8,0.0,30,27.18,71,37.89,晴,南西,1,0,6.88,4,逃げ,3,0.16,2.06.4,前原大道,26.0,1.0,5.0,4.0,0.2103846153846153,0.0,0.0,1.0,0.0,0.0,0.0,0.0,0.0,0.0,0.0,0.1990995260663507,0.038461538461538464,0.19230769230769232,0.15384615384615385,0.0,0.0,0.0,0.038461538461538464,0.0,0.0,0.0,0.0
2021-02-27,尼崎,6,昼どきピンク,4,4877,鈴谷一平,26,兵庫,56,A2,5.61,33.66,4.91,29.79,16,36.04,73,35.96,晴,南西,1,0,6.8,3,逃げ,4,0.07,2.03.1,鈴谷一平,36.0,3.0,6.0,9.0,0.13,0.0,0.0,2.0,1.0,0.0,0.0,0.0,0.0,0.0,0.0,0.1277941176470588,0.08333333333333333,0.16666666666666666,0.25,0.0,0.0,0.0,0.05555555555555555,0.027777777777777776,0.0,0.0,0.0
2021-02-27,尼崎,6,昼どきピンク,5,4979,中野夢斗,24,愛知,54,B1,3.92,16.81,3.21,10.26,40,22.22,61,35.36,晴,南西,1,0,6.92,2,逃げ,5,0.1,1.59.2,中野夢斗,37.0,1.0,2.0,7.0,0.1429729729729729,0.0,0.0,0.0,0.0,0.0,1.0,0.0,0.0,0.0,0.0,0.1594782608695652,0.02702702702702703,0.05405405405405406,0.1891891891891892,0.0,0.0,0.0,0.0,0.0,0.0,0.0,0.0
2021-02-27,尼崎,7,予選,1,5042,畑田汰一,22,埼玉,54,A2,6.08,42.64,5.37,31.58,25,30.96,12,36.63,晴,南東,3,0,6.83,1,逃げ,1,0.15,1.48.7,畑田汰一,35.0,21.0,3.0,4.0,0.1514285714285714,20.0,0.0,0.0,0.0,1.0,0.0,2.0,8.0,2.0,0.0,0.1515277777777778,0.6,0.08571428571428572,0.11428571428571428,0.5714285714285714,0.0,0.0,0.0,0.0,0.05714285714285714,0.22857142857142856,0.05714285714285714
2021-02-27,尼崎,7,予選,2,4917,岩橋裕馬,32,兵庫,52,B1,3.76,11.88,3.79,17.65,29,27.32,27,36.72,晴,南東,3,0,6.88,5,逃げ,2,0.15,1.53.8,岩橋裕馬,40.0,1.0,5.0,9.0,0.1765,0.0,0.0,1.0,0.0,0.0,0.0,0.0,0.0,0.0,27.0,0.1659405940594059,0.025,0.125,0.225,0.0,0.675,0.0,0.025,0.0,0.0,0.0,0.0
2021-02-27,尼崎,7,予選,3,4950,高岡竜也,27,山口,52,B1,4.26,21.19,4.41,23.53,31,34.17,67,32.75,晴,南東,3,0,6.86,3,逃げ,3,0.15,1.52.7,高岡竜也,42.0,3.0,10.0,8.0,0.1823809523809524,0.0,0.0,2.0,1.0,0.0,0.0,0.0,0.0,0.0,0.0,0.1966507177033493,0.07142857142857142,0.23809523809523808,0.19047619047619047,0.0,0.0,0.0,0.047619047619047616,0.023809523809523808,0.0,0.0,0.0
2021-02-27,尼崎,7,予選,4,5073,上原健次,25,福岡,52,B1,3.27,8.74,3.43,14.29,19,32.16,66,45.45,晴,南東,3,0,6.87,2,逃げ,4,0.11,1.50.5,上原健次郎,27.0,1.0,2.0,6.0,0.1803703703703703,0.0,0.0,0.0,0.0,1.0,0.0,0.0,0.0,0.0,0.0,0.1888383838383838,0.037037037037037035,0.07407407407407407,0.2222222222222222,0.0,0.0,0.0,0.0,0.0,0.0,0.0,0.0
2021-02-27,尼崎,7,予選,5,5115,香川颯太,21,滋賀,51,B1,2.75,3.23,2.93,13.33,44,25.7,36,35.0,晴,南東,3,0,6.88,6,逃げ,5,0.17,1.54.0,香川颯太,42.0,2.0,1.0,2.0,0.1935714285714286,0.0,0.0,0.0,2.0,0.0,0.0,0.0,0.0,0.0,0.0,0.195,0.047619047619047616,0.023809523809523808,0.047619047619047616,0.0,0.0,0.0,0.0,0.047619047619047616,0.0,0.0,0.0
2021-02-27,尼崎,7,予選,6,4920,桐村翔太,29,大阪,49,B2,3.16,15.52,2.57,7.14,21,36.27,40,41.62,晴,南東,3,0,6.85,4,逃げ,6,0.14,1.53.5,桐村翔太,18.0,0.0,1.0,1.0,0.1561111111111111,0.0,0.0,0.0,0.0,0.0,0.0,0.0,0.0,0.0,0.0,0.16,0.0,0.05555555555555555,0.05555555555555555,0.0,0.0,0.0,0.0,0.0,0.0,0.0,0.0
2021-02-27,尼崎,8,予選,1,4958,溝口海義,25,福岡,55,B1,4.87,24.39,0.0,0.0,8,41.36,38,34.46,晴,北西,3,0,6.92,1,逃げ,1,0.15,1.49.1,溝口海義也,34.0,21.0,4.0,2.0,0.1858823529411764,21.0,0.0,0.0,0.0,0.0,0.0,3.0,8.0,2.0,0.0,0.1636015325670498,0.6176470588235294,0.11764705882352941,0.058823529411764705,0.6176470588235294,0.0,0.0,0.0,0.0,0.08823529411764706,0.23529411764705882,0.058823529411764705
2021-02-27,尼崎,8,予選,2,4816,村松修二,29,広島,51,A2,7.41,59.62,5.95,40.0,53,37.86,15,33.9,晴,北西,3,0,6.86,2,逃げ,2,0.13,1.49.8,村松修二,41.0,15.0,11.0,6.0,0.1475609756097561,0.0,6.0,6.0,0.0,2.0,1.0,0.0,0.0,0.0,21.0,0.1497942386831275,0.36585365853658536,0.2682926829268293,0.14634146341463414,0.0,0.5121951219512195,0.14634146341463414,0.14634146341463414,0.0,0.0,0.0,0.0
2021-02-27,尼崎,8,予選,3,4953,尾上雅也,26,埼玉,53,B1,4.85,28.24,4.67,26.67,11,41.06,30,37.93,晴,北西,3,0,6.85,3,逃げ,3,0.07,1.52.3,尾上雅也,28.0,3.0,3.0,8.0,0.1521428571428571,0.0,2.0,1.0,0.0,0.0,0.0,0.0,0.0,0.0,0.0,0.1946540880503144,0.10714285714285714,0.10714285714285714,0.2857142857142857,0.0,0.0,0.07142857142857142,0.03571428571428571,0.0,0.0,0.0,0.0
2021-02-27,尼崎,8,予選,4,5128,坪井爽佑,24,三重,58,B2,1.75,1.41,0.0,0.0,20,28.65,11,30.0,晴,北西,3,0,6.88,6,逃げ,6,0.07,1.55.2,坪井爽佑,11.0,0.0,0.0,1.0,0.2181818181818181,0.0,0.0,0.0,0.0,0.0,0.0,0.0,0.0,0.0,0.0,0.2434343434343434,0.0,0.0,0.09090909090909091,0.0,0.0,0.0,0.0,0.0,0.0,0.0,0.0
2021-02-27,尼崎,8,予選,5,5125,高井雄基,24,愛知,55,B1,2.49,8.33,0.0,0.0,45,29.78,19,31.03,晴,北西,3,0,6.95,4,逃げ,4,0.08,1.52.9,高井雄基,45.0,1.0,2.0,0.0,0.2144444444444444,0.0,0.0,0.0,1.0,0.0,0.0,0.0,0.0,0.0,0.0,0.2166666666666666,0.022222222222222223,0.044444444444444446,0.0,0.0,0.0,0.0,0.0,0.022222222222222223,0.0,0.0,0.0
2021-02-27,尼崎,8,予選,6,5120,山本稔太,19,愛知,53,B1,4.06,17.65,1.88,12.5,59,30.24,57,37.57,晴,北西,3,0,6.94,5,逃げ,5,0.05,1.53.0,山本稔太朗,51.0,1.0,1.0,7.0,0.1631372549019608,0.0,0.0,0.0,1.0,0.0,0.0,0.0,0.0,0.0,0.0,0.1773026315789473,0.0196078431372549,0.0196078431372549,0.13725490196078433,0.0,0.0,0.0,0.0,0.0196078431372549,0.0,0.0,0.0
2021-02-27,尼崎,9,予選特賞,1,4826,井上一輝,26,大阪,50,A2,6.75,53.15,5.79,30.3,17,47.37,49,34.59,晴,西,4,0,6.77,6,まくり,1,0.22,1.54.0,井上一輝,46.0,28.0,6.0,5.0,0.1545652173913043,28.0,0.0,0.0,0.0,0.0,0.0,5.0,7.0,5.0,0.0,0.1578902953586498,0.6086956521739131,0.13043478260869565,0.10869565217391304,0.6086956521739131,0.0,0.0,0.0,0.0,0.10869565217391304,0.15217391304347827,0.10869565217391304
2021-02-27,尼崎,9,予選特賞,2,5017,澤田尚也,22,滋賀,53,B1,5.88,39.29,3.73,9.09,37,42.29,14,26.22,晴,西,4,0,6.78,4,まくり,2,0.21,1.51.6,澤田尚也,32.0,6.0,9.0,9.0,0.124375,0.0,3.0,3.0,0.0,0.0,0.0,0.0,0.0,0.0,19.0,0.1285576923076923,0.1875,0.28125,0.28125,0.0,0.59375,0.09375,0.09375,0.0,0.0,0.0,0.0
2021-02-27,尼崎,9,予選特賞,3,4821,妻鳥晋也,29,香川,56,A2,6.08,43.0,0.0,0.0,41,28.65,70,39.64,晴,西,4,0,6.81,5,まくり,3,0.23,1.53.7,妻鳥晋也,37.0,10.0,7.0,11.0,0.1908108108108108,0.0,1.0,6.0,1.0,2.0,0.0,0.0,0.0,0.0,0.0,0.1955445544554455,0.2702702702702703,0.1891891891891892,0.2972972972972973,0.0,0.0,0.02702702702702703,0.16216216216216217,0.02702702702702703,0.0,0.0,0.0
2021-02-27,尼崎,9,予選特賞,4,5005,石田貴洋,24,埼玉,52,B1,4.39,20.75,3.07,7.14,50,31.34,75,37.29,晴,西,4,0,6.85,1,まくり,4,0.07,1.48.9,石田貴洋,33.0,3.0,3.0,7.0,0.1787878787878788,0.0,1.0,1.0,1.0,0.0,0.0,0.0,0.0,0.0,0.0,0.1759473684210526,0.09090909090909091,0.09090909090909091,0.21212121212121213,0.0,0.0,0.030303030303030304,0.030303030303030304,0.030303030303030304,0.0,0.0,0.0
2021-02-27,尼崎,9,予選特賞,5,5029,中　亮太,23,福岡,54,B1,5.16,35.66,2.25,0.0,14,53.09,54,37.57,晴,西,4,0,6.78,2,まくり,5,0.05,1.49.4,中亮太,32.0,2.0,3.0,6.0,0.1790625,0.0,0.0,1.0,1.0,0.0,0.0,0.0,0.0,0.0,0.0,0.1552682926829268,0.0625,0.09375,0.1875,0.0,0.0,0.0,0.03125,0.03125,0.0,0.0,0.0
2021-02-27,尼崎,9,予選特賞,6,4896,花本　剛,29,山口,55,B1,4.02,22.73,4.61,22.22,7,42.21,45,36.52,晴,西,4,0,6.87,3,まくり,6,0.18,1.51.0,花本剛,26.0,0.0,0.0,1.0,0.245,0.0,0.0,0.0,0.0,0.0,0.0,0.0,0.0,0.0,0.0,0.1963529411764706,0.0,0.0,0.038461538461538464,0.0,0.0,0.0,0.0,0.0,0.0,0.0,0.0
2021-02-27,尼崎,10,予選特賞,1,4886,入海　馨,24,岡山,55,A2,6.45,47.29,7.0,66.67,58,27.66,60,30.11,晴,無風,0,0,6.91,1,逃げ,1,0.13,1.48.1,入海馨,40.0,23.0,8.0,4.0,0.172,23.0,0.0,0.0,0.0,0.0,0.0,7.0,3.0,3.0,0.0,0.1736697247706422,0.575,0.2,0.1,0.575,0.0,0.0,0.0,0.0,0.175,0.075,0.075
2021-02-27,尼崎,10,予選特賞,2,4736,高倉和士,29,福岡,53,A1,6.93,54.96,6.17,52.17,23,37.95,50,34.5,晴,無風,0,0,6.83,3,逃げ,2,0.13,1.51.1,高倉和士,38.0,11.0,9.0,5.0,0.1636842105263158,0.0,7.0,1.0,0.0,3.0,0.0,0.0,0.0,0.0,15.0,0.1551119402985074,0.2894736842105263,0.23684210526315788,0.13157894736842105,0.0,0.39473684210526316,0.18421052631578946,0.02631578947368421,0.0,0.0,0.0,0.0
2021-02-27,尼崎,10,予選特賞,3,4903,吉田凌太,27,愛知,53,B1,5.72,33.98,7.2,70.0,1,37.31,16,33.15,晴,無風,0,0,6.91,4,逃げ,3,0.11,1.51.2,吉田凌太朗,32.0,6.0,6.0,5.0,0.2240625,0.0,0.0,1.0,3.0,2.0,0.0,0.0,0.0,0.0,0.0,0.207720207253886,0.1875,0.1875,0.15625,0.0,0.0,0.0,0.03125,0.09375,0.0,0.0,0.0
2021-02-27,尼崎,10,予選特賞,4,4880,澤崎雄哉,25,東京,50,B1,4.39,22.55,4.36,9.09,56,39.71,74,20.12,晴,無風,0,0,6.83,2,逃げ,4,0.12,1.49.4,澤崎雄哉,34.0,5.0,9.0,4.0,0.15,0.0,1.0,4.0,0.0,0.0,0.0,0.0,0.0,0.0,0.0,0.1576923076923077,0.14705882352941177,0.2647058823529412,0.11764705882352941,0.0,0.0,0.029411764705882353,0.11764705882352941,0.0,0.0,0.0,0.0
2021-02-27,尼崎,10,予選特賞,5,5015,高橋竜矢,23,広島,52,A2,5.91,42.74,3.57,7.14,22,34.5,31,38.42,晴,無風,0,0,6.95,6,逃げ,5,0.16,1.58.2,高橋竜矢,36.0,1.0,9.0,9.0,0.1683333333333333,0.0,0.0,0.0,0.0,1.0,0.0,0.0,0.0,0.0,0.0,0.1571111111111111,0.027777777777777776,0.25,0.25,0.0,0.0,0.0,0.0,0.0,0.0,0.0,0.0
2021-02-27,尼崎,10,予選特賞,6,4951,新田洋一,27,広島,54,B1,4.98,26.72,3.2,6.67,13,42.25,20,30.36,晴,無風,0,0,6.9,5,逃げ,6,0.16,1.53.1,新田洋一,33.0,1.0,4.0,7.0,0.1421212121212121,0.0,1.0,0.0,0.0,0.0,0.0,0.0,0.0,0.0,0.0,0.1590909090909091,0.030303030303030304,0.12121212121212122,0.21212121212121213,0.0,0.0,0.030303030303030304,0.0,0.0,0.0,0.0,0.0
2021-02-27,尼崎,11,予選特選,1,4877,鈴谷一平,26,兵庫,56,A2,5.61,33.66,4.91,29.79,16,36.04,73,35.96,晴,無風,0,0,6.86,1,逃げ,1,0.11,1.48.5,鈴谷一平,33.0,26.0,3.0,1.0,0.136969696969697,25.0,0.0,0.0,0.0,1.0,0.0,2.0,1.0,3.0,0.0,0.1277941176470588,0.7878787878787878,0.09090909090909091,0.030303030303030304,0.7575757575757576,0.0,0.0,0.0,0.0,0.06060606060606061,0.030303030303030304,0.09090909090909091
2021-02-27,尼崎,11,予選特選,2,4879,山崎鉄平,26,佐賀,52,A2,5.11,35.14,4.26,26.09,43,28.57,39,29.65,晴,無風,0,0,6.97,4,逃げ,2,0.19,1.53.0,山崎鉄平,36.0,4.0,12.0,6.0,0.1569444444444444,0.0,4.0,0.0,0.0,0.0,0.0,0.0,0.0,0.0,19.0,0.1435443037974683,0.1111111111111111,0.3333333333333333,0.16666666666666666,0.0,0.5277777777777778,0.1111111111111111,0.0,0.0,0.0,0.0,0.0
2021-02-27,尼崎,11,予選特選,3,4926,吉川貴仁,27,三重,52,A2,6.04,42.04,3.5,0.0,34,35.78,51,37.7,晴,無風,0,0,6.99,3,逃げ,3,0.12,1.51.5,吉川貴仁,56.0,10.0,11.0,14.0,0.1342857142857142,0.0,1.0,4.0,5.0,0.0,0.0,0.0,0.0,0.0,0.0,0.1444551282051282,0.17857142857142858,0.19642857142857142,0.25,0.0,0.0,0.017857142857142856,0.07142857142857142,0.08928571428571429,0.0,0.0,0.0
2021-02-27,尼崎,11,予選特選,4,5089,前田　翔,20,愛知,49,B1,5.24,27.72,3.61,11.11,3,39.02,32,38.1,晴,無風,0,0,6.91,2,逃げ,4,0.08,1.49.9,前田翔,38.0,1.0,4.0,14.0,0.1926315789473684,0.0,0.0,0.0,1.0,0.0,0.0,0.0,0.0,0.0,0.0,0.1760301507537688,0.02631578947368421,0.10526315789473684,0.3684210526315789,0.0,0.0,0.0,0.0,0.02631578947368421,0.0,0.0,0.0
2021-02-27,尼崎,11,予選特選,5,4920,桐村翔太,29,大阪,49,B2,3.16,15.52,2.57,7.14,21,36.27,40,41.62,晴,無風,0,0,6.96,5,逃げ,5,0.15,1.54.2,桐村翔太,22.0,1.0,0.0,1.0,0.1731818181818182,0.0,0.0,1.0,0.0,0.0,0.0,0.0,0.0,0.0,0.0,0.16,0.045454545454545456,0.0,0.045454545454545456,0.0,0.0,0.0,0.045454545454545456,0.0,0.0,0.0,0.0
2021-02-27,尼崎,11,予選特選,6,4902,山川雄大,27,兵庫,51,B1,4.58,30.0,3.83,18.46,9,31.0,21,32.57,晴,無風,0,0,6.95,6,逃げ,6,0.15,1.55.4,山川雄大,30.0,0.0,2.0,4.0,0.1956666666666666,0.0,0.0,0.0,0.0,0.0,0.0,0.0,0.0,0.0,0.0,0.1728767123287671,0.0,0.06666666666666667,0.13333333333333333,0.0,0.0,0.0,0.0,0.0,0.0,0.0,0.0
2021-02-27,尼崎,12,予選特選,1,4776,竹田和哉,27,香川,53,A1,6.56,49.12,0.0,0.0,42,36.32,63,32.43,晴,東,2,0,6.84,1,抜き,1,0.11,1.47.6,竹田和哉,49.0,36.0,8.0,3.0,0.1393877551020408,36.0,0.0,0.0,0.0,0.0,0.0,3.0,6.0,4.0,0.0,0.1461632653061224,0.7346938775510204,0.16326530612244897,0.061224489795918366,0.7346938775510204,0.0,0.0,0.0,0.0,0.061224489795918366,0.12244897959183673,0.08163265306122448
2021-02-27,尼崎,12,予選特選,2,4910,中村泰平,25,愛知,53,A2,6.14,40.5,4.89,21.05,35,30.39,43,33.9,晴,東,2,0,6.77,2,抜き,2,0.09,1.49.2,中村泰平,40.0,6.0,11.0,8.0,0.154,1.0,3.0,1.0,0.0,1.0,0.0,0.0,0.0,0.0,22.0,0.1476984126984127,0.15,0.275,0.2,0.025,0.55,0.075,0.025,0.0,0.0,0.0,0.0
2021-02-27,尼崎,12,予選特選,3,4925,森　悠稀,28,兵庫,53,B1,5.28,34.88,4.83,30.43,10,37.82,44,42.04,晴,東,2,0,6.79,5,抜き,3,0.06,1.52.3,森悠稀,42.0,8.0,8.0,8.0,0.1414285714285714,0.0,1.0,1.0,5.0,0.0,1.0,0.0,0.0,0.0,0.0,0.1398642533936651,0.19047619047619047,0.19047619047619047,0.19047619047619047,0.0,0.0,0.023809523809523808,0.023809523809523808,0.11904761904761904,0.0,0.0,0.0
2021-02-27,尼崎,12,予選特選,4,4816,村松修二,29,広島,51,A2,7.41,59.62,5.95,40.0,53,37.86,15,33.9,晴,東,2,0,6.85,4,抜き,4,0.08,1.51.9,村松修二,42.0,11.0,12.0,7.0,0.1457142857142857,0.0,7.0,4.0,0.0,0.0,0.0,0.0,0.0,0.0,0.0,0.1497942386831275,0.2619047619047619,0.2857142857142857,0.16666666666666666,0.0,0.0,0.16666666666666666,0.09523809523809523,0.0,0.0,0.0,0.0
2021-02-27,尼崎,12,予選特選,5,4950,高岡竜也,27,山口,52,B1,4.26,21.19,4.41,23.53,31,34.17,67,32.75,晴,東,2,0,6.87,6,抜き,5,0.1,1.56.1,高岡竜也,37.0,1.0,4.0,8.0,0.1883783783783783,0.0,0.0,0.0,1.0,0.0,0.0,0.0,0.0,0.0,0.0,0.1966507177033493,0.02702702702702703,0.10810810810810811,0.21621621621621623,0.0,0.0,0.0,0.0,0.02702702702702703,0.0,0.0,0.0
2021-02-27,尼崎,12,予選特選,6,4967,中村魁生,22,大阪,50,A2,5.98,40.32,4.09,22.86,15,38.61,72,35.0,晴,東,2,0,6.83,3,抜き,6,0.08,1.50.7,中村魁生,41.0,3.0,5.0,10.0,0.1385365853658536,0.0,1.0,0.0,1.0,1.0,0.0,0.0,0.0,0.0,0.0,0.1416033755274261,0.07317073170731707,0.12195121951219512,0.24390243902439024,0.0,0.0,0.024390243902439025,0.0,0.024390243902439025,0.0,0.0,0.0
2021-02-27,三国,1,みくにあさイ,1,3921,川村正輝,46,福井,51,A2,4.87,31.88,5.76,38.57,12,30.0,70,29.95,晴,北西,7,6,6.97,4,まくり,1,0.09,1.53.8,川村正輝,56.0,25.0,12.0,6.0,0.1525,23.0,0.0,0.0,0.0,2.0,0.0,10.0,10.0,9.0,0.0,0.1739436619718309,0.44642857142857145,0.21428571428571427,0.10714285714285714,0.4107142857142857,0.0,0.0,0.0,0.0,0.17857142857142858,0.17857142857142858,0.16071428571428573
2021-02-27,三国,1,みくにあさイ,2,3848,川上聡介,43,愛知,57,B1,4.74,27.94,5.49,27.03,14,26.56,38,32.51,晴,北西,7,6,6.92,5,まくり,2,0.09,.  .,川上聡介,30.0,5.0,5.0,5.0,0.165,0.0,1.0,3.0,0.0,0.0,1.0,0.0,0.0,0.0,18.0,0.1600568181818182,0.16666666666666666,0.16666666666666666,0.16666666666666666,0.0,0.6,0.03333333333333333,0.1,0.0,0.0,0.0,0.0
2021-02-27,三国,1,みくにあさイ,3,4800,小寺拳人,27,福井,55,B1,3.85,14.81,4.54,22.47,34,32.55,42,40.2,晴,北西,7,6,6.9,1,まくり,3,0.09,1.48.3,小寺拳人,27.0,1.0,1.0,6.0,0.1662962962962963,0.0,0.0,0.0,1.0,0.0,0.0,0.0,0.0,0.0,0.0,0.1627215189873417,0.037037037037037035,0.037037037037037035,0.2222222222222222,0.0,0.0,0.0,0.0,0.037037037037037035,0.0,0.0,0.0
2021-02-27,三国,1,みくにあさイ,4,3036,吉本正昭,62,山口,57,B1,3.75,13.04,4.0,11.11,72,29.47,36,27.23,晴,北西,7,6,6.99,2,まくり,4,0.08,1.51.7,吉本正昭,24.0,1.0,3.0,1.0,0.14375,0.0,1.0,0.0,0.0,0.0,0.0,0.0,0.0,0.0,0.0,0.170503144654088,0.041666666666666664,0.125,0.041666666666666664,0.0,0.0,0.041666666666666664,0.0,0.0,0.0,0.0,0.0
2021-02-27,三国,1,みくにあさイ,5,3482,金子猛志,50,群馬,64,B1,4.61,29.13,5.0,33.33,56,29.95,17,25.0,晴,北西,7,6,7.08,3,まくり,5,0.12,1.52.0,金子猛志,43.0,1.0,5.0,5.0,0.1611627906976744,0.0,0.0,1.0,0.0,0.0,0.0,0.0,0.0,0.0,0.0,0.1588510638297872,0.023255813953488372,0.11627906976744186,0.11627906976744186,0.0,0.0,0.0,0.023255813953488372,0.0,0.0,0.0,0.0
2021-02-27,三国,1,みくにあさイ,6,5166,仲道大輔,20,愛知,49,B2,1.94,2.13,0.0,0.0,71,34.55,64,41.38,晴,北西,7,6,7.01,6,まくり,6,0.11,.  .,仲道大輔,30.0,0.0,1.0,2.0,0.154,0.0,0.0,0.0,0.0,0.0,0.0,0.0,0.0,0.0,0.0,0.15,0.0,0.03333333333333333,0.06666666666666667,0.0,0.0,0.0,0.0,0.0,0.0,0.0,0.0
2021-02-27,三国,2,みくにあさガ,1,4793,金子　萌,30,静岡,52,A2,6.12,50.45,6.5,42.86,58,37.57,51,28.57,晴,北,5,5,7.01,4,差し,1,0.09,1.53.8,金子萌,48.0,27.0,7.0,7.0,0.133125,27.0,0.0,0.0,0.0,0.0,0.0,3.0,14.0,4.0,0.0,0.1494047619047619,0.5625,0.14583333333333334,0.14583333333333334,0.5625,0.0,0.0,0.0,0.0,0.0625,0.2916666666666667,0.08333333333333333
2021-02-27,三国,2,みくにあさガ,2,4505,島田賢人,32,埼玉,57,A2,6.08,43.51,5.61,31.37,13,35.32,12,28.1,晴,北,5,5,6.93,1,差し,2,0.15,1.50.8,島田賢人,57.0,8.0,22.0,11.0,0.1596491228070175,0.0,6.0,1.0,1.0,0.0,0.0,0.0,0.0,0.0,33.0,0.1535273972602739,0.14035087719298245,0.38596491228070173,0.19298245614035087,0.0,0.5789473684210527,0.10526315789473684,0.017543859649122806,0.017543859649122806,0.0,0.0,0.0
2021-02-27,三国,2,みくにあさガ,3,5031,渡辺空依,23,福岡,55,B1,2.48,7.94,1.67,0.0,17,34.93,67,29.86,晴,北,5,5,6.94,5,差し,5,0.16,.  .,渡辺空依,36.0,0.0,1.0,1.0,0.1491666666666666,0.0,0.0,0.0,0.0,0.0,0.0,0.0,0.0,0.0,0.0,0.1894642857142857,0.0,0.027777777777777776,0.027777777777777776,0.0,0.0,0.0,0.0,0.0,0.0,0.0,0.0
2021-02-27,三国,2,みくにあさガ,4,4560,庄司樹良,30,東京,55,B1,4.74,27.38,4.95,38.1,41,32.26,63,30.77,晴,北,5,5,6.95,3,差し,4,0.31,1.53.3,庄司樹良々,26.0,1.0,3.0,5.0,0.1373076923076923,0.0,0.0,0.0,1.0,0.0,0.0,0.0,0.0,0.0,0.0,0.1494444444444444,0.038461538461538464,0.11538461538461539,0.19230769230769232,0.0,0.0,0.0,0.0,0.038461538461538464,0.0,0.0,0.0
2021-02-27,三国,2,みくにあさガ,5,5083,柳瀬幹太,22,山口,54,B1,2.35,5.45,1.0,0.0,36,26.26,59,35.47,晴,北,5,5,6.98,6,差し,6,0.2,.  .,柳瀬幹太,41.0,0.0,1.0,1.0,0.2258536585365853,0.0,0.0,0.0,0.0,0.0,0.0,0.0,0.0,0.0,0.0,0.20825,0.0,0.024390243902439025,0.024390243902439025,0.0,0.0,0.0,0.0,0.0,0.0,0.0,0.0
2021-02-27,三国,2,みくにあさガ,6,3891,谷口健一,45,福井,56,B1,3.87,16.5,4.16,18.52,15,41.06,35,37.02,晴,北,5,5,7.0,2,差し,3,0.14,1.52.8,谷口健一,29.0,0.0,0.0,2.0,0.213448275862069,0.0,0.0,0.0,0.0,0.0,0.0,0.0,0.0,0.0,0.0,0.1937320574162679,0.0,0.0,0.06896551724137931,0.0,0.0,0.0,0.0,0.0,0.0,0.0,0.0
2021-02-27,三国,3,みくにあさズ,1,4058,野末智一,41,静岡,51,A2,5.27,33.57,5.61,35.29,40,29.08,49,35.15,晴,北,6,5,6.94,2,まくり,1,0.13,1.51.0,野末智一,49.0,26.0,4.0,10.0,0.1573469387755102,26.0,0.0,0.0,0.0,0.0,0.0,8.0,10.0,4.0,0.0,0.1832394366197183,0.5306122448979592,0.08163265306122448,0.20408163265306123,0.5306122448979592,0.0,0.0,0.0,0.0,0.16326530612244897,0.20408163265306123,0.08163265306122448
2021-02-27,三国,3,みくにあさズ,2,4143,浦田晃嗣,39,佐賀,54,B1,4.61,21.05,0.0,0.0,51,36.04,72,31.07,晴,北,6,5,6.97,3,まくり,2,0.19,1.51.5,浦田晃嗣,42.0,6.0,2.0,9.0,0.1623809523809523,0.0,4.0,2.0,0.0,0.0,0.0,0.0,0.0,0.0,24.0,0.1562978723404255,0.14285714285714285,0.047619047619047616,0.21428571428571427,0.0,0.5714285714285714,0.09523809523809523,0.047619047619047616,0.0,0.0,0.0,0.0
2021-02-27,三国,3,みくにあさズ,3,4713,白神　優,30,岡山,54,A1,5.98,36.07,5.8,40.0,45,30.09,22,21.54,晴,北,6,5,6.94,6,まくり,3,0.23,.  .,白神優,47.0,10.0,11.0,13.0,0.1240425531914893,0.0,1.0,3.0,6.0,0.0,0.0,0.0,0.0,0.0,0.0,0.1373626373626373,0.2127659574468085,0.23404255319148937,0.2765957446808511,0.0,0.0,0.02127659574468085,0.06382978723404255,0.1276595744680851,0.0,0.0,0.0
2021-02-27,三国,3,みくにあさズ,4,4353,下出秀明,32,福井,61,B1,3.4,14.29,4.92,25.26,52,31.8,71,35.47,晴,北,6,5,6.91,5,まくり,4,0.11,.  .,下出秀明,22.0,4.0,2.0,7.0,0.144090909090909,0.0,1.0,2.0,1.0,0.0,0.0,0.0,0.0,0.0,0.0,0.181021897810219,0.18181818181818182,0.09090909090909091,0.3181818181818182,0.0,0.0,0.045454545454545456,0.09090909090909091,0.045454545454545456,0.0,0.0,0.0
2021-02-27,三国,3,みくにあさズ,5,4138,中井俊祐,40,大阪,51,B1,4.8,28.57,5.21,28.57,25,39.47,11,37.14,晴,北,6,5,6.92,4,まくり,6,0.05,1.52.7,中井俊祐,35.0,1.0,3.0,6.0,0.1765714285714285,0.0,0.0,0.0,1.0,0.0,0.0,0.0,0.0,0.0,0.0,0.1610050251256281,0.02857142857142857,0.08571428571428572,0.17142857142857143,0.0,0.0,0.0,0.0,0.02857142857142857,0.0,0.0,0.0
2021-02-27,三国,3,みくにあさズ,6,5038,金田智博,22,福井,53,B1,4.76,25.47,3.31,14.84,16,33.64,66,21.14,晴,北,6,5,6.95,1,まくり,5,0.06,1.50.0,金田智博,28.0,0.0,0.0,4.0,0.2135714285714285,0.0,0.0,0.0,0.0,0.0,0.0,0.0,0.0,0.0,0.0,0.176054054054054,0.0,0.0,0.14285714285714285,0.0,0.0,0.0,0.0,0.0,0.0,0.0,0.0
2021-02-27,三国,4,みくにあさ推,1,4570,前田聖文,32,愛知,54,A2,6.05,44.55,5.47,29.79,64,34.11,37,43.06,晴,北,5,5,6.95,1,逃げ,1,0.09,1.50.0,前田聖文,31.0,22.0,4.0,2.0,0.1748387096774193,22.0,0.0,0.0,0.0,0.0,0.0,3.0,1.0,4.0,0.0,0.1809216589861751,0.7096774193548387,0.12903225806451613,0.06451612903225806,0.7096774193548387,0.0,0.0,0.0,0.0,0.0967741935483871,0.03225806451612903,0.12903225806451613
2021-02-27,三国,4,みくにあさ推,2,4580,長谷川雅,31,岡山,53,A1,5.73,36.23,5.29,33.33,31,29.59,65,28.23,晴,北,5,5,7.04,2,逃げ,2,0.09,1.51.7,長谷川雅和,45.0,7.0,10.0,10.0,0.1666666666666666,0.0,5.0,2.0,0.0,0.0,0.0,0.0,0.0,0.0,26.0,0.1610273972602739,0.15555555555555556,0.2222222222222222,0.2222222222222222,0.0,0.5777777777777777,0.1111111111111111,0.044444444444444446,0.0,0.0,0.0,0.0
2021-02-27,三国,4,みくにあさ推,3,3409,三好　一,51,福井,54,B1,4.23,21.57,5.06,33.53,66,39.61,47,39.71,晴,北,5,5,6.98,3,逃げ,3,0.09,1.52.9,三好一,41.0,1.0,12.0,4.0,0.174390243902439,0.0,0.0,1.0,0.0,0.0,0.0,0.0,0.0,0.0,0.0,0.168051948051948,0.024390243902439025,0.2926829268292683,0.0975609756097561,0.0,0.0,0.0,0.024390243902439025,0.0,0.0,0.0,0.0
2021-02-27,三国,4,みくにあさ推,4,3796,長野道臣,47,静岡,53,B1,5.64,34.55,4.29,20.0,30,28.27,68,37.98,晴,北,5,5,6.98,4,逃げ,4,0.14,1.53.6,長野道臣,39.0,0.0,6.0,12.0,0.1602564102564102,0.0,0.0,0.0,0.0,0.0,0.0,0.0,0.0,0.0,0.0,0.1688617886178861,0.0,0.15384615384615385,0.3076923076923077,0.0,0.0,0.0,0.0,0.0,0.0,0.0,0.0
2021-02-27,三国,4,みくにあさ推,5,3725,向　達哉,49,大阪,54,B1,4.85,27.52,4.03,22.86,59,33.01,54,31.5,晴,北,5,5,7.0,6,逃げ,5,0.16,.  .,向達哉,37.0,1.0,4.0,3.0,0.1913513513513513,0.0,0.0,0.0,1.0,0.0,0.0,0.0,0.0,0.0,0.0,0.1944549763033175,0.02702702702702703,0.10810810810810811,0.08108108108108109,0.0,0.0,0.0,0.0,0.02702702702702703,0.0,0.0,0.0
2021-02-27,三国,4,みくにあさ推,6,4294,古賀繁輝,34,佐賀,56,A1,6.23,45.92,8.27,80.0,20,29.95,21,33.5,晴,北,5,5,6.94,5,逃げ,6,0.16,.  .,古賀繁輝,24.0,1.0,0.0,5.0,0.1575,0.0,0.0,0.0,1.0,0.0,0.0,0.0,0.0,0.0,0.0,0.1425641025641025,0.041666666666666664,0.0,0.20833333333333334,0.0,0.0,0.0,0.0,0.041666666666666664,0.0,0.0,0.0
2021-02-27,三国,5,一般,1,4520,高倉孝太,33,福井,51,B1,4.78,29.89,5.26,31.28,55,35.47,61,26.15,晴,北,7,7,7.02,1,逃げ,1,0.19,1.50.5,高倉孝太,29.0,15.0,6.0,3.0,0.1644827586206896,13.0,0.0,0.0,0.0,2.0,0.0,6.0,3.0,4.0,0.0,0.1751401869158878,0.5172413793103449,0.20689655172413793,0.10344827586206896,0.4482758620689655,0.0,0.0,0.0,0.0,0.20689655172413793,0.10344827586206896,0.13793103448275862
2021-02-27,三国,5,一般,2,4467,渡邉俊介,34,愛知,51,B1,5.22,34.83,5.38,40.54,38,31.92,50,39.51,晴,北,7,7,6.93,4,逃げ,2,0.19,1.54.0,渡邉俊介,45.0,6.0,12.0,7.0,0.1626666666666666,0.0,1.0,3.0,0.0,2.0,0.0,0.0,0.0,0.0,25.0,0.162077922077922,0.13333333333333333,0.26666666666666666,0.15555555555555556,0.0,0.5555555555555556,0.022222222222222223,0.06666666666666667,0.0,0.0,0.0,0.0
2021-02-27,三国,5,一般,3,3532,柴田　光,49,群馬,55,A2,6.6,51.47,5.9,46.67,11,31.53,69,28.43,晴,北,7,7,6.98,2,逃げ,3,0.19,1.52.0,柴田光,41.0,8.0,12.0,6.0,0.1575609756097561,0.0,1.0,1.0,5.0,1.0,0.0,0.0,0.0,0.0,0.0,0.1700344827586207,0.1951219512195122,0.2926829268292683,0.14634146341463414,0.0,0.0,0.024390243902439025,0.024390243902439025,0.12195121951219512,0.0,0.0,0.0
2021-02-27,三国,5,一般,4,3851,森田昭彦,48,福岡,57,B1,4.13,23.91,4.13,21.88,50,27.23,44,35.64,晴,北,7,7,7.02,5,逃げ,4,0.17,.  .,森田昭彦,33.0,2.0,3.0,4.0,0.1618181818181818,0.0,1.0,0.0,1.0,0.0,0.0,0.0,0.0,0.0,0.0,0.1589714285714285,0.06060606060606061,0.09090909090909091,0.12121212121212122,0.0,0.0,0.030303030303030304,0.0,0.030303030303030304,0.0,0.0,0.0
2021-02-27,三国,5,一般,5,4532,秋元　哲,32,埼玉,51,A1,5.42,34.44,6.9,43.33,35,34.43,46,39.02,晴,北,7,7,7.08,3,逃げ,5,0.17,1.53.1,秋元哲,29.0,4.0,3.0,8.0,0.2027586206896551,0.0,0.0,2.0,1.0,1.0,0.0,0.0,0.0,0.0,0.0,0.1698974358974359,0.13793103448275862,0.10344827586206896,0.27586206896551724,0.0,0.0,0.0,0.06896551724137931,0.034482758620689655,0.0,0.0,0.0
2021-02-27,三国,5,一般,6,4547,中田竜太,32,埼玉,50,A1,7.07,59.84,7.79,71.43,39,36.62,28,36.14,晴,北,7,7,6.93,6,逃げ,6,0.14,.  .,中田竜太,38.0,3.0,6.0,7.0,0.1760526315789473,0.0,0.0,1.0,1.0,1.0,0.0,0.0,0.0,0.0,0.0,0.1570081967213114,0.07894736842105263,0.15789473684210525,0.18421052631578946,0.0,0.0,0.0,0.02631578947368421,0.02631578947368421,0.0,0.0,0.0
2021-02-27,三国,6,一般,1,4327,加藤　翔,37,静岡,53,B1,4.56,25.21,4.81,28.57,49,38.42,26,36.41,晴,北,6,5,6.92,1,逃げ,1,0.14,1.50.2,加藤翔,37.0,9.0,6.0,10.0,0.1835135135135135,9.0,0.0,0.0,0.0,0.0,0.0,8.0,7.0,8.0,0.0,0.1881496062992126,0.24324324324324326,0.16216216216216217,0.2702702702702703,0.24324324324324326,0.0,0.0,0.0,0.0,0.21621621621621623,0.1891891891891892,0.21621621621621623
2021-02-27,三国,6,一般,2,3772,一柳和孝,46,埼玉,53,A2,5.67,36.17,5.96,39.58,37,31.25,41,30.0,晴,北,6,5,6.92,2,逃げ,2,0.15,1.51.8,一柳和孝,41.0,3.0,10.0,10.0,0.1697560975609756,0.0,0.0,1.0,0.0,2.0,0.0,0.0,0.0,0.0,27.0,0.1564609053497942,0.07317073170731707,0.24390243902439024,0.24390243902439024,0.0,0.6585365853658537,0.0,0.024390243902439025,0.0,0.0,0.0,0.0
2021-02-27,三国,6,一般,3,3891,谷口健一,45,福井,56,B1,3.87,16.5,4.16,18.52,15,41.06,35,37.02,晴,北,6,5,6.96,5,逃げ,3,0.18,.  .,谷口健一,43.0,2.0,3.0,7.0,0.2086046511627907,0.0,0.0,1.0,1.0,0.0,0.0,0.0,0.0,0.0,0.0,0.1937320574162679,0.046511627906976744,0.06976744186046512,0.16279069767441862,0.0,0.0,0.0,0.023255813953488372,0.023255813953488372,0.0,0.0,0.0
2021-02-27,三国,6,一般,4,3482,金子猛志,50,群馬,64,B1,4.61,29.13,5.0,33.33,56,29.95,17,25.0,晴,北,6,5,7.05,6,逃げ,4,0.14,.  .,金子猛志,37.0,3.0,7.0,6.0,0.1686486486486486,0.0,1.0,0.0,1.0,0.0,1.0,0.0,0.0,0.0,0.0,0.1588510638297872,0.08108108108108109,0.1891891891891892,0.16216216216216217,0.0,0.0,0.02702702702702703,0.0,0.02702702702702703,0.0,0.0,0.0
2021-02-27,三国,6,一般,5,3443,森　秋光,51,岡山,55,A2,5.85,34.44,5.2,29.41,53,35.41,57,33.0,晴,北,6,5,6.95,3,逃げ,5,0.19,1.53.1,森秋光,44.0,1.0,10.0,11.0,0.1868181818181818,0.0,0.0,0.0,0.0,1.0,0.0,0.0,0.0,0.0,0.0,0.1781978798586572,0.022727272727272728,0.22727272727272727,0.25,0.0,0.0,0.0,0.0,0.0,0.0,0.0,0.0
2021-02-27,三国,6,一般,6,3716,石渡鉄兵,46,東京,54,A1,7.09,53.91,5.89,22.22,42,33.83,20,30.0,晴,北,6,5,7.08,4,逃げ,6,0.12,1.54.3,石渡鉄兵,40.0,3.0,7.0,8.0,0.14925,0.0,0.0,1.0,2.0,0.0,0.0,0.0,0.0,0.0,0.0,0.1316828478964401,0.075,0.175,0.2,0.0,0.0,0.0,0.025,0.05,0.0,0.0,0.0
2021-02-27,三国,7,一般,1,4353,下出秀明,32,福井,61,B1,3.4,14.29,4.92,25.26,52,31.8,71,35.47,晴,北,8,7,7.07,2,差し,1,0.19,1.56.9,下出秀明,19.0,8.0,3.0,3.0,0.1721052631578947,7.0,0.0,0.0,0.0,1.0,0.0,4.0,3.0,3.0,0.0,0.181021897810219,0.42105263157894735,0.15789473684210525,0.15789473684210525,0.3684210526315789,0.0,0.0,0.0,0.0,0.21052631578947367,0.15789473684210525,0.15789473684210525
2021-02-27,三国,7,一般,2,4252,松下哲也,37,福岡,52,B1,4.96,30.28,4.94,37.5,24,31.75,34,29.61,晴,北,8,7,7.09,5,差し,2,0.19,.  .,松下哲也,46.0,3.0,9.0,10.0,0.1980434782608695,0.0,2.0,1.0,0.0,0.0,0.0,0.0,0.0,0.0,30.0,0.1634523809523809,0.06521739130434782,0.1956521739130435,0.21739130434782608,0.0,0.6521739130434783,0.043478260869565216,0.021739130434782608,0.0,0.0,0.0,0.0
2021-02-27,三国,7,一般,3,4724,吉田祐貴,35,佐賀,53,B1,3.67,14.77,0.0,0.0,69,30.95,29,26.5,晴,北,8,7,6.92,3,差し,3,0.12,1.59.0,吉田祐貴,35.0,0.0,7.0,8.0,0.1508571428571428,0.0,0.0,0.0,0.0,0.0,0.0,0.0,0.0,0.0,0.0,0.1688265306122449,0.0,0.2,0.22857142857142856,0.0,0.0,0.0,0.0,0.0,0.0,0.0,0.0
2021-02-27,三国,7,一般,4,4800,小寺拳人,27,福井,55,B1,3.85,14.81,4.54,22.47,34,32.55,42,40.2,晴,北,8,7,6.91,1,差し,4,0.06,1.53.4,小寺拳人,25.0,1.0,2.0,5.0,0.1676,0.0,0.0,1.0,0.0,0.0,0.0,0.0,0.0,0.0,0.0,0.1627215189873417,0.04,0.08,0.2,0.0,0.0,0.0,0.04,0.0,0.0,0.0,0.0
2021-02-27,三国,7,一般,5,3859,多羅尾達,47,東京,51,B1,4.11,26.76,3.0,11.11,62,28.34,25,36.95,晴,北,8,7,7.02,4,差し,5,0.05,2.02.2,多羅尾達之,28.0,0.0,4.0,4.0,0.1399999999999999,0.0,0.0,0.0,0.0,0.0,0.0,0.0,0.0,0.0,0.0,0.1476300578034682,0.0,0.14285714285714285,0.14285714285714285,0.0,0.0,0.0,0.0,0.0,0.0,0.0,0.0
2021-02-27,三国,8,一般,1,4138,中井俊祐,40,大阪,51,B1,4.8,28.57,5.21,28.57,25,39.47,11,37.14,晴,北,7,6,7.03,1,逃げ,1,0.11,1.50.0,中井俊祐,27.0,11.0,2.0,6.0,0.1781481481481481,10.0,0.0,0.0,0.0,1.0,0.0,4.0,6.0,3.0,0.0,0.1610050251256281,0.4074074074074074,0.07407407407407407,0.2222222222222222,0.37037037037037035,0.0,0.0,0.0,0.0,0.14814814814814814,0.2222222222222222,0.1111111111111111
2021-02-27,三国,8,一般,2,3838,伊藤啓三,45,埼玉,52,A2,5.83,36.94,6.03,42.42,33,33.33,55,32.52,晴,北,7,6,7.06,3,逃げ,3,0.14,1.53.0,伊藤啓三,39.0,11.0,9.0,8.0,0.1397435897435897,0.0,8.0,1.0,1.0,0.0,1.0,0.0,0.0,0.0,12.0,0.1473877551020408,0.28205128205128205,0.23076923076923078,0.20512820512820512,0.0,0.3076923076923077,0.20512820512820512,0.02564102564102564,0.02564102564102564,0.0,0.0,0.0
2021-02-27,三国,8,一般,3,3725,向　達哉,49,大阪,54,B1,4.85,27.52,4.03,22.86,59,33.01,54,31.5,晴,北,7,6,6.89,4,逃げ,4,0.17,1.54.9,向達哉,35.0,4.0,6.0,7.0,0.2037142857142857,0.0,0.0,4.0,0.0,0.0,0.0,0.0,0.0,0.0,0.0,0.1944549763033175,0.11428571428571428,0.17142857142857143,0.2,0.0,0.0,0.0,0.11428571428571428,0.0,0.0,0.0,0.0
2021-02-27,三国,8,一般,4,5031,渡辺空依,23,福岡,55,B1,2.48,7.94,1.67,0.0,17,34.93,67,29.86,晴,北,7,6,6.86,6,逃げ,5,0.17,.  .,渡辺空依,24.0,1.0,0.0,1.0,0.1929166666666666,0.0,1.0,0.0,0.0,0.0,0.0,0.0,0.0,0.0,0.0,0.1894642857142857,0.041666666666666664,0.0,0.041666666666666664,0.0,0.0,0.041666666666666664,0.0,0.0,0.0,0.0,0.0
2021-02-27,三国,8,一般,5,5166,仲道大輔,20,愛知,49,B2,1.94,2.13,0.0,0.0,71,34.55,64,41.38,晴,北,7,6,7.01,5,逃げ,6,0.18,.  .,仲道大輔,17.0,0.0,0.0,1.0,0.1441176470588235,0.0,0.0,0.0,0.0,0.0,0.0,0.0,0.0,0.0,0.0,0.15,0.0,0.0,0.058823529411764705,0.0,0.0,0.0,0.0,0.0,0.0,0.0,0.0
2021-02-27,三国,8,一般,6,3159,江口晃生,56,群馬,53,A1,7.05,51.22,7.18,63.64,70,34.43,52,27.32,晴,北,7,6,7.07,2,逃げ,2,0.14,1.51.2,江口晃生,36.0,10.0,12.0,5.0,0.1475,3.0,4.0,2.0,0.0,1.0,0.0,0.0,0.0,0.0,0.0,0.1431395348837209,0.2777777777777778,0.3333333333333333,0.1388888888888889,0.08333333333333333,0.0,0.1111111111111111,0.05555555555555555,0.0,0.0,0.0,0.0
2021-02-27,三国,9,一般,1,3895,堀本裕也,44,愛知,51,A2,4.78,24.18,5.25,34.62,67,29.63,24,25.39,晴,北,5,5,7.04,3,まくり,1,0.26,1.52.0,堀本裕也,34.0,20.0,5.0,3.0,0.1558823529411764,19.0,0.0,0.0,0.0,1.0,0.0,6.0,4.0,1.0,0.0,0.1640707964601769,0.5882352941176471,0.14705882352941177,0.08823529411764706,0.5588235294117647,0.0,0.0,0.0,0.0,0.17647058823529413,0.11764705882352941,0.029411764705882353
2021-02-27,三国,9,一般,2,3439,大平誉史,51,大阪,54,A2,6.06,46.21,6.29,50.0,57,32.04,23,34.33,晴,北,5,5,7.1,5,まくり,2,0.23,.  .,大平誉史明,41.0,14.0,10.0,3.0,0.1526829268292683,1.0,9.0,1.0,1.0,2.0,0.0,0.0,0.0,0.0,16.0,0.1559765625,0.34146341463414637,0.24390243902439024,0.07317073170731707,0.024390243902439025,0.3902439024390244,0.21951219512195122,0.024390243902439025,0.024390243902439025,0.0,0.0,0.0
2021-02-27,三国,9,一般,3,3036,吉本正昭,62,山口,57,B1,3.75,13.04,4.0,11.11,72,29.47,36,27.23,晴,北,5,5,7.06,6,まくり,3,0.28,.  .,吉本正昭,31.0,2.0,5.0,4.0,0.1748387096774193,0.0,2.0,0.0,0.0,0.0,0.0,0.0,0.0,0.0,0.0,0.170503144654088,0.06451612903225806,0.16129032258064516,0.12903225806451613,0.0,0.0,0.06451612903225806,0.0,0.0,0.0,0.0,0.0
2021-02-27,三国,9,一般,4,4467,渡邉俊介,34,愛知,51,B1,5.22,34.83,5.38,40.54,38,31.92,50,39.51,晴,北,5,5,6.95,1,まくり,4,0.19,1.49.1,渡邉俊介,38.0,4.0,5.0,12.0,0.1586842105263158,0.0,1.0,0.0,3.0,0.0,0.0,0.0,0.0,0.0,0.0,0.162077922077922,0.10526315789473684,0.13157894736842105,0.3157894736842105,0.0,0.0,0.02631578947368421,0.0,0.07894736842105263,0.0,0.0,0.0
2021-02-27,三国,9,一般,5,4560,庄司樹良,30,東京,55,B1,4.74,27.38,4.95,38.1,41,32.26,63,30.77,晴,北,5,5,7.16,2,まくり,5,0.13,1.50.0,庄司樹良々,23.0,1.0,2.0,3.0,0.1739130434782608,0.0,0.0,0.0,1.0,0.0,0.0,0.0,0.0,0.0,0.0,0.1494444444444444,0.043478260869565216,0.08695652173913043,0.13043478260869565,0.0,0.0,0.0,0.0,0.043478260869565216,0.0,0.0,0.0
2021-02-27,三国,9,一般,6,3409,三好　一,51,福井,54,B1,4.23,21.57,5.06,33.53,66,39.61,47,39.71,晴,北,5,5,7.01,4,まくり,6,0.16,1.53.0,三好一,36.0,0.0,2.0,6.0,0.1941666666666666,0.0,0.0,0.0,0.0,0.0,0.0,0.0,0.0,0.0,0.0,0.168051948051948,0.0,0.05555555555555555,0.16666666666666666,0.0,0.0,0.0,0.0,0.0,0.0,0.0,0.0
2021-02-27,三国,10,準優勝戦,1,4294,古賀繁輝,34,佐賀,56,A1,6.23,45.92,8.27,80.0,20,29.95,21,33.5,晴,北,7,6,7.0,1,逃げ,1,0.11,1.49.2,古賀繁輝,49.0,35.0,7.0,2.0,0.1353061224489795,33.0,0.0,0.0,0.0,2.0,0.0,2.0,3.0,5.0,0.0,0.1425641025641025,0.7142857142857143,0.14285714285714285,0.04081632653061224,0.673469387755102,0.0,0.0,0.0,0.0,0.04081632653061224,0.061224489795918366,0.10204081632653061
2021-02-27,三国,10,準優勝戦,2,3532,柴田　光,49,群馬,55,A2,6.6,51.47,5.9,46.67,11,31.53,69,28.43,晴,北,7,6,7.06,2,逃げ,2,0.2,1.51.2,柴田光,52.0,10.0,18.0,11.0,0.1784615384615384,0.0,8.0,2.0,0.0,0.0,0.0,0.0,0.0,0.0,29.0,0.1700344827586207,0.19230769230769232,0.34615384615384615,0.21153846153846154,0.0,0.5576923076923077,0.15384615384615385,0.038461538461538464,0.0,0.0,0.0,0.0
2021-02-27,三国,10,準優勝戦,3,4505,島田賢人,32,埼玉,57,A2,6.08,43.51,5.61,31.37,13,35.32,12,28.1,晴,北,7,6,6.97,4,逃げ,3,0.15,1.53.9,島田賢人,51.0,7.0,15.0,8.0,0.1490196078431372,0.0,2.0,2.0,2.0,1.0,0.0,0.0,0.0,0.0,0.0,0.1535273972602739,0.13725490196078433,0.29411764705882354,0.1568627450980392,0.0,0.0,0.0392156862745098,0.0392156862745098,0.0392156862745098,0.0,0.0,0.0
2021-02-27,三国,10,準優勝戦,4,3772,一柳和孝,46,埼玉,53,A2,5.67,36.17,5.96,39.58,37,31.25,41,30.0,晴,北,7,6,6.92,3,逃げ,4,0.18,1.51.7,一柳和孝,38.0,5.0,5.0,12.0,0.1576315789473684,0.0,1.0,4.0,0.0,0.0,0.0,0.0,0.0,0.0,0.0,0.1564609053497942,0.13157894736842105,0.13157894736842105,0.3157894736842105,0.0,0.0,0.02631578947368421,0.10526315789473684,0.0,0.0,0.0,0.0
2021-02-27,三国,10,準優勝戦,5,4058,野末智一,41,静岡,51,A2,5.27,33.57,5.61,35.29,40,29.08,49,35.15,晴,北,7,6,7.12,6,逃げ,5,0.15,.  .,野末智一,45.0,1.0,9.0,10.0,0.2022222222222222,0.0,0.0,0.0,1.0,0.0,0.0,0.0,0.0,0.0,0.0,0.1832394366197183,0.022222222222222223,0.2,0.2222222222222222,0.0,0.0,0.0,0.0,0.022222222222222223,0.0,0.0,0.0
2021-02-27,三国,10,準優勝戦,6,4520,高倉孝太,33,福井,51,B1,4.78,29.89,5.26,31.28,55,35.47,61,26.15,晴,北,7,6,6.88,5,逃げ,6,0.15,.  .,高倉孝太,34.0,0.0,3.0,7.0,0.18,0.0,0.0,0.0,0.0,0.0,0.0,0.0,0.0,0.0,0.0,0.1751401869158878,0.0,0.08823529411764706,0.20588235294117646,0.0,0.0,0.0,0.0,0.0,0.0,0.0,0.0
2021-02-27,三国,11,準優勝戦,1,3716,石渡鉄兵,46,東京,54,A1,7.09,53.91,5.89,22.22,42,33.83,20,30.0,晴,北,4,3,6.9,2,抜き,1,0.21,1.49.3,石渡鉄兵,63.0,46.0,8.0,5.0,0.1319047619047619,45.0,0.0,0.0,0.0,1.0,0.0,5.0,3.0,6.0,0.0,0.1316828478964401,0.7301587301587301,0.12698412698412698,0.07936507936507936,0.7142857142857143,0.0,0.0,0.0,0.0,0.07936507936507936,0.047619047619047616,0.09523809523809523
2021-02-27,三国,11,準優勝戦,2,4532,秋元　哲,32,埼玉,51,A1,5.42,34.44,6.9,43.33,35,34.43,46,39.02,晴,北,4,3,6.82,1,抜き,2,0.22,1.47.9,秋元哲,32.0,5.0,9.0,3.0,0.17,0.0,4.0,1.0,0.0,0.0,0.0,0.0,0.0,0.0,16.0,0.1698974358974359,0.15625,0.28125,0.09375,0.0,0.5,0.125,0.03125,0.0,0.0,0.0,0.0
2021-02-27,三国,11,準優勝戦,3,3921,川村正輝,46,福井,51,A2,4.87,31.88,5.76,38.57,12,30.0,70,29.95,晴,北,4,3,6.9,6,抜き,3,0.22,.  .,川村正輝,41.0,6.0,8.0,6.0,0.1736585365853658,0.0,1.0,3.0,2.0,0.0,0.0,0.0,0.0,0.0,0.0,0.1739436619718309,0.14634146341463414,0.1951219512195122,0.14634146341463414,0.0,0.0,0.024390243902439025,0.07317073170731707,0.04878048780487805,0.0,0.0,0.0
2021-02-27,三国,11,準優勝戦,4,4580,長谷川雅,31,岡山,53,A1,5.73,36.23,5.29,33.33,31,29.59,65,28.23,晴,北,4,3,6.87,4,抜き,4,0.18,1.52.9,長谷川雅和,54.0,7.0,10.0,16.0,0.1611111111111111,0.0,0.0,4.0,3.0,0.0,0.0,0.0,0.0,0.0,0.0,0.1610273972602739,0.12962962962962962,0.18518518518518517,0.2962962962962963,0.0,0.0,0.0,0.07407407407407407,0.05555555555555555,0.0,0.0,0.0
2021-02-27,三国,11,準優勝戦,5,4713,白神　優,30,岡山,54,A1,5.98,36.07,5.8,40.0,45,30.09,22,21.54,晴,北,4,3,6.92,3,抜き,5,0.11,1.51.8,白神優,45.0,2.0,9.0,11.0,0.1593333333333333,0.0,0.0,2.0,0.0,0.0,0.0,0.0,0.0,0.0,0.0,0.1373626373626373,0.044444444444444446,0.2,0.24444444444444444,0.0,0.0,0.0,0.044444444444444446,0.0,0.0,0.0,0.0
2021-02-27,三国,11,準優勝戦,6,4327,加藤　翔,37,静岡,53,B1,4.56,25.21,4.81,28.57,49,38.42,26,36.41,晴,北,4,3,6.77,5,抜き,6,0.14,.  .,加藤翔,37.0,0.0,2.0,7.0,0.2075675675675675,0.0,0.0,0.0,0.0,0.0,0.0,0.0,0.0,0.0,0.0,0.1881496062992126,0.0,0.05405405405405406,0.1891891891891892,0.0,0.0,0.0,0.0,0.0,0.0,0.0,0.0
2021-02-27,三国,12,準優勝戦,1,3159,江口晃生,56,群馬,53,A1,7.05,51.22,7.18,63.64,70,34.43,52,27.32,晴,北,3,3,6.94,5,まくり,1,0.22,.  .,江口晃生,61.0,43.0,9.0,5.0,0.1360655737704918,43.0,0.0,0.0,0.0,0.0,0.0,8.0,4.0,4.0,0.0,0.1431395348837209,0.7049180327868853,0.14754098360655737,0.08196721311475409,0.7049180327868853,0.0,0.0,0.0,0.0,0.13114754098360656,0.06557377049180328,0.06557377049180328
2021-02-27,三国,12,準優勝戦,2,3443,森　秋光,51,岡山,55,A2,5.85,34.44,5.2,29.41,53,35.41,57,33.0,晴,北,3,3,6.88,6,まくり,2,0.26,.  .,森秋光,52.0,6.0,14.0,17.0,0.1753846153846153,0.0,4.0,2.0,0.0,0.0,0.0,0.0,0.0,0.0,36.0,0.1781978798586572,0.11538461538461539,0.2692307692307692,0.3269230769230769,0.0,0.6923076923076923,0.07692307692307693,0.038461538461538464,0.0,0.0,0.0,0.0
2021-02-27,三国,12,準優勝戦,3,4547,中田竜太,32,埼玉,50,A1,7.07,59.84,7.79,71.43,39,36.62,28,36.14,晴,北,3,3,6.89,1,まくり,3,0.18,1.48.0,中田竜太,36.0,12.0,10.0,0.0,0.1261111111111111,0.0,1.0,3.0,6.0,2.0,0.0,0.0,0.0,0.0,0.0,0.1570081967213114,0.3333333333333333,0.2777777777777778,0.0,0.0,0.0,0.027777777777777776,0.08333333333333333,0.16666666666666666,0.0,0.0,0.0
2021-02-27,三国,12,準優勝戦,4,4143,浦田晃嗣,39,佐賀,54,B1,4.61,21.05,0.0,0.0,51,36.04,72,31.07,晴,北,3,3,6.91,4,まくり,4,0.13,1.53.3,浦田晃嗣,38.0,5.0,3.0,8.0,0.1410526315789473,0.0,0.0,3.0,1.0,1.0,0.0,0.0,0.0,0.0,0.0,0.1562978723404255,0.13157894736842105,0.07894736842105263,0.21052631578947367,0.0,0.0,0.0,0.07894736842105263,0.02631578947368421,0.0,0.0,0.0
2021-02-27,三国,12,準優勝戦,5,4570,前田聖文,32,愛知,54,A2,6.05,44.55,5.47,29.79,64,34.11,37,43.06,晴,北,3,3,6.97,3,まくり,5,0.12,1.51.9,前田聖文,41.0,3.0,9.0,8.0,0.1956097560975609,0.0,0.0,1.0,2.0,0.0,0.0,0.0,0.0,0.0,0.0,0.1809216589861751,0.07317073170731707,0.21951219512195122,0.1951219512195122,0.0,0.0,0.0,0.024390243902439025,0.04878048780487805,0.0,0.0,0.0
2021-02-27,三国,12,準優勝戦,6,4793,金子　萌,30,静岡,52,A2,6.12,50.45,6.5,42.86,58,37.57,51,28.57,晴,北,3,3,6.9,2,まくり,6,0.19,1.49.3,金子萌,36.0,1.0,6.0,6.0,0.1727777777777777,0.0,0.0,0.0,0.0,1.0,0.0,0.0,0.0,0.0,0.0,0.1494047619047619,0.027777777777777776,0.16666666666666666,0.16666666666666666,0.0,0.0,0.0,0.0,0.0,0.0,0.0,0.0
2021-02-27,常滑,1,予選,1,3519,冨田秀幸,52,愛知,52,B1,5.19,25.89,5.32,30.56,33,23.91,27,32.86,晴,南東,2,1,6.77,1,逃げ,1,0.1,1.49.6,冨田秀幸,38.0,17.0,7.0,7.0,0.1684210526315789,16.0,0.0,0.0,0.0,0.0,1.0,5.0,7.0,6.0,0.0,0.1772727272727272,0.4473684210526316,0.18421052631578946,0.18421052631578946,0.42105263157894735,0.0,0.0,0.0,0.0,0.13157894736842105,0.18421052631578946,0.15789473684210525
2021-02-27,常滑,1,予選,2,3235,鈴木唯由,58,群馬,51,B1,3.4,12.5,5.02,33.33,20,39.22,34,35.29,晴,南東,2,1,6.7,2,逃げ,2,0.16,1.51.7,鈴木唯由,30.0,1.0,6.0,4.0,0.2086666666666666,0.0,0.0,1.0,0.0,0.0,0.0,0.0,0.0,0.0,14.0,0.1985882352941176,0.03333333333333333,0.2,0.13333333333333333,0.0,0.4666666666666667,0.0,0.03333333333333333,0.0,0.0,0.0,0.0
2021-02-27,常滑,1,予選,3,4298,宮下元胤,38,愛知,56,A2,6.02,34.21,5.53,29.63,54,27.08,63,33.33,晴,南東,2,1,6.7,4,逃げ,3,0.17,1.53.6,宮下元胤,37.0,4.0,10.0,8.0,0.1489189189189189,0.0,0.0,3.0,1.0,0.0,0.0,0.0,0.0,0.0,0.0,0.1673148148148148,0.10810810810810811,0.2702702702702703,0.21621621621621623,0.0,0.0,0.0,0.08108108108108109,0.02702702702702703,0.0,0.0,0.0
2021-02-27,常滑,1,予選,4,5072,吉田杏美,26,埼玉,51,B2,1.83,2.44,0.0,0.0,44,20.97,37,31.41,晴,南東,2,1,6.71,6,逃げ,4,0.22,.  .,吉田杏美,21.0,0.0,0.0,1.0,0.1928571428571428,0.0,0.0,0.0,0.0,0.0,0.0,0.0,0.0,0.0,0.0,0.2091578947368421,0.0,0.0,0.047619047619047616,0.0,0.0,0.0,0.0,0.0,0.0,0.0,0.0
2021-02-27,常滑,1,予選,5,3286,坂東　満,52,静岡,53,B1,4.51,27.5,5.69,37.5,36,27.66,43,34.97,晴,南東,2,1,6.73,3,逃げ,5,0.22,1.52.7,坂東満,31.0,0.0,2.0,4.0,0.1938709677419355,0.0,0.0,0.0,0.0,0.0,0.0,0.0,0.0,0.0,0.0,0.1639784946236559,0.0,0.06451612903225806,0.12903225806451613,0.0,0.0,0.0,0.0,0.0,0.0,0.0,0.0
2021-02-27,常滑,1,予選,6,3686,鳥居塚孝,46,群馬,53,A2,6.01,44.44,5.4,40.0,32,23.4,41,30.28,晴,南東,2,1,6.75,5,逃げ,6,0.22,.  .,鳥居塚孝博,42.0,3.0,5.0,5.0,0.1783333333333333,0.0,0.0,2.0,1.0,0.0,0.0,0.0,0.0,0.0,0.0,0.1520074349442379,0.07142857142857142,0.11904761904761904,0.11904761904761904,0.0,0.0,0.0,0.047619047619047616,0.023809523809523808,0.0,0.0,0.0
2021-02-27,常滑,2,予選,1,3220,二橋　学,56,静岡,51,B1,4.56,28.7,4.86,23.73,53,41.18,46,38.06,晴,南,2,1,6.74,6,差し,1,0.24,.  .,二橋学,41.0,13.0,12.0,8.0,0.1639024390243902,11.0,0.0,0.0,0.0,2.0,0.0,13.0,9.0,2.0,0.0,0.1722406639004149,0.3170731707317073,0.2926829268292683,0.1951219512195122,0.2682926829268293,0.0,0.0,0.0,0.0,0.3170731707317073,0.21951219512195122,0.04878048780487805
2021-02-27,常滑,2,予選,2,4140,梶野学志,40,東京,53,A1,6.07,38.0,8.0,71.43,41,51.67,60,30.61,晴,南,2,1,6.75,1,差し,2,0.22,1.49.1,梶野学志,35.0,5.0,13.0,5.0,0.1568571428571428,0.0,2.0,3.0,0.0,0.0,0.0,0.0,0.0,0.0,18.0,0.1516431924882628,0.14285714285714285,0.37142857142857144,0.14285714285714285,0.0,0.5142857142857142,0.05714285714285714,0.08571428571428572,0.0,0.0,0.0,0.0
2021-02-27,常滑,2,予選,3,4317,木村紗友,36,静岡,48,B2,3.96,17.39,4.91,27.27,40,35.94,50,38.15,晴,南,2,1,6.76,5,差し,3,0.19,.  .,木村紗友希,23.0,2.0,2.0,7.0,0.1595652173913043,0.0,0.0,2.0,0.0,0.0,0.0,0.0,0.0,0.0,0.0,0.1774803149606299,0.08695652173913043,0.08695652173913043,0.30434782608695654,0.0,0.0,0.0,0.08695652173913043,0.0,0.0,0.0,0.0
2021-02-27,常滑,2,予選,4,3893,汐崎正則,44,愛知,55,A2,5.63,35.85,6.03,36.67,60,51.56,35,31.85,晴,南,2,1,6.72,4,差し,4,0.18,1.51.7,汐崎正則,39.0,4.0,7.0,12.0,0.1582051282051282,0.0,1.0,1.0,0.0,2.0,0.0,0.0,0.0,0.0,0.0,0.1576293103448275,0.10256410256410256,0.1794871794871795,0.3076923076923077,0.0,0.0,0.02564102564102564,0.02564102564102564,0.0,0.0,0.0,0.0
2021-02-27,常滑,2,予選,5,3802,森岡真希,47,岡山,47,B1,3.92,16.82,3.64,18.18,1,29.31,49,37.5,晴,南,2,1,6.77,3,差し,6,0.26,1.51.4,森岡真希,32.0,0.0,4.0,2.0,0.1790625,0.0,0.0,0.0,0.0,0.0,0.0,0.0,0.0,0.0,0.0,0.1741208791208791,0.0,0.125,0.0625,0.0,0.0,0.0,0.0,0.0,0.0,0.0,0.0
2021-02-27,常滑,2,予選,6,3548,室田泰史,51,福井,55,A2,6.19,44.1,6.42,48.48,51,47.14,30,28.17,晴,南,2,1,6.78,2,差し,5,0.17,1.50.2,室田泰史,39.0,3.0,8.0,7.0,0.1261538461538461,0.0,0.0,0.0,3.0,0.0,0.0,0.0,0.0,0.0,0.0,0.1223448275862069,0.07692307692307693,0.20512820512820512,0.1794871794871795,0.0,0.0,0.0,0.0,0.07692307692307693,0.0,0.0,0.0
2021-02-27,常滑,3,予選,1,3912,川原正明,47,福井,50,A2,5.59,35.71,4.33,28.57,42,38.46,25,31.88,晴,南西,2,1,6.66,1,逃げ,1,0.16,1.47.9,川原正明,59.0,39.0,9.0,7.0,0.1496610169491525,38.0,0.0,0.0,0.0,1.0,0.0,2.0,6.0,7.0,0.0,0.1467207792207792,0.6610169491525424,0.15254237288135594,0.11864406779661017,0.6440677966101694,0.0,0.0,0.0,0.0,0.03389830508474576,0.1016949152542373,0.11864406779661017
2021-02-27,常滑,3,予選,2,3607,原田智和,49,大阪,52,B1,4.6,27.45,4.25,30.0,9,29.31,69,28.28,晴,南西,2,1,6.73,6,逃げ,2,0.18,.  .,原田智和,41.0,5.0,8.0,6.0,0.1853658536585365,0.0,4.0,0.0,0.0,1.0,0.0,0.0,0.0,0.0,21.0,0.1963546798029556,0.12195121951219512,0.1951219512195122,0.14634146341463414,0.0,0.5121951219512195,0.0975609756097561,0.0,0.0,0.0,0.0,0.0
2021-02-27,常滑,3,予選,3,3915,繁野谷圭,46,大阪,52,A2,6.48,39.31,6.48,47.83,26,45.28,39,27.78,晴,南西,2,1,6.72,3,逃げ,3,0.18,1.51.2,繁野谷圭介,43.0,3.0,6.0,15.0,0.1916279069767442,0.0,0.0,0.0,0.0,3.0,0.0,0.0,0.0,0.0,0.0,0.1837354085603113,0.06976744186046512,0.13953488372093023,0.3488372093023256,0.0,0.0,0.0,0.0,0.0,0.0,0.0,0.0
2021-02-27,常滑,3,予選,4,4845,前田紗希,28,埼玉,50,B1,5.35,28.43,4.44,20.0,12,32.79,28,35.25,晴,南西,2,1,6.75,4,逃げ,4,0.18,1.51.4,前田紗希,34.0,2.0,4.0,11.0,0.1547058823529411,0.0,1.0,1.0,0.0,0.0,0.0,0.0,0.0,0.0,0.0,0.1603409090909091,0.058823529411764705,0.11764705882352941,0.3235294117647059,0.0,0.0,0.029411764705882353,0.029411764705882353,0.0,0.0,0.0,0.0
2021-02-27,常滑,3,予選,5,5140,吉田彩乃,20,静岡,51,B2,1.35,0.0,1.07,0.0,6,32.26,72,32.85,晴,南西,2,1,6.76,5,逃げ,6,0.11,.  .,吉田彩乃,32.0,0.0,0.0,2.0,0.2328125,0.0,0.0,0.0,0.0,0.0,0.0,0.0,0.0,0.0,0.0,0.2055,0.0,0.0,0.0625,0.0,0.0,0.0,0.0,0.0,0.0,0.0,0.0
2021-02-27,常滑,3,予選,6,3679,飯島昌弘,47,埼玉,53,A1,6.32,40.86,6.91,47.06,10,37.5,47,33.53,晴,南西,2,1,6.72,2,逃げ,5,0.11,1.50.1,飯島昌弘,36.0,0.0,7.0,15.0,0.1788888888888889,0.0,0.0,0.0,0.0,0.0,0.0,0.0,0.0,0.0,0.0,0.158590308370044,0.0,0.19444444444444445,0.4166666666666667,0.0,0.0,0.0,0.0,0.0,0.0,0.0,0.0
2021-02-27,常滑,4,予選,2,3357,福島陽子,52,岡山,49,B1,4.11,15.48,0.0,0.0,19,35.71,54,34.46,晴,南,2,1,6.73,5,恵まれ,5,0.25,.  .,福島陽子,32.0,3.0,5.0,9.0,0.195,0.0,2.0,1.0,0.0,0.0,0.0,0.0,0.0,0.0,19.0,0.2111797752808989,0.09375,0.15625,0.28125,0.0,0.59375,0.0625,0.03125,0.0,0.0,0.0,0.0
2021-02-27,常滑,4,予選,3,3771,折下寛法,46,東京,52,A2,5.69,38.0,5.87,46.67,28,25.0,23,43.6,晴,南,2,1,6.75,1,恵まれ,2,0.06,1.49.2,折下寛法,40.0,3.0,12.0,10.0,0.12625,0.0,0.0,2.0,0.0,1.0,0.0,0.0,0.0,0.0,0.0,0.1358441558441558,0.075,0.3,0.25,0.0,0.0,0.0,0.05,0.0,0.0,0.0,0.0
2021-02-27,常滑,4,予選,4,5095,小原聡将,26,東京,52,B1,3.79,17.95,3.17,5.56,38,16.67,15,42.11,晴,南,2,1,6.72,4,恵まれ,3,0.12,1.51.8,小原聡将,44.0,1.0,1.0,6.0,0.1797727272727272,0.0,0.0,0.0,1.0,0.0,0.0,0.0,0.0,0.0,0.0,0.1737647058823529,0.022727272727272728,0.022727272727272728,0.13636363636363635,0.0,0.0,0.0,0.0,0.022727272727272728,0.0,0.0,0.0
2021-02-27,常滑,4,予選,5,4035,杉江浩明,42,愛知,51,B1,4.55,27.42,5.57,42.17,23,36.36,65,38.24,晴,南,2,1,6.7,2,恵まれ,4,0.22,1.50.2,杉江浩明,40.0,1.0,8.0,4.0,0.1965,0.0,0.0,1.0,0.0,0.0,0.0,0.0,0.0,0.0,0.0,0.1906374501992032,0.025,0.2,0.1,0.0,0.0,0.0,0.025,0.0,0.0,0.0,0.0
2021-02-27,常滑,4,予選,6,4759,今泉友吾,31,東京,50,A1,6.28,42.66,5.89,32.73,24,33.33,67,31.85,晴,南,2,1,6.7,3,恵まれ,6,0.33,1.51.4,今泉友吾,41.0,0.0,8.0,15.0,0.1912195121951219,0.0,0.0,0.0,0.0,0.0,0.0,0.0,0.0,0.0,0.0,0.1963003663003663,0.0,0.1951219512195122,0.36585365853658536,0.0,0.0,0.0,0.0,0.0,0.0,0.0,0.0
2021-02-27,常滑,5,予選,1,4043,桐本康臣,41,三重,55,A2,5.87,40.16,6.7,52.17,11,36.07,70,25.34,晴,南,2,1,6.77,3,まくり,1,0.16,1.52.1,桐本康臣,53.0,40.0,4.0,4.0,0.1749056603773585,39.0,0.0,0.0,0.0,1.0,0.0,3.0,4.0,4.0,0.0,0.1661510791366906,0.7547169811320755,0.07547169811320754,0.07547169811320754,0.7358490566037735,0.0,0.0,0.0,0.0,0.05660377358490566,0.07547169811320754,0.07547169811320754
2021-02-27,常滑,5,予選,2,5072,吉田杏美,26,埼玉,51,B2,1.83,2.44,0.0,0.0,44,20.97,37,31.41,晴,南,2,1,6.7,6,まくり,3,0.36,.  .,,,,,,,,,,,,,,,,,,0.0,0.0,0.0,0.0,0.0,0.0,0.0,0.0,0.0,0.0,0.0
2021-02-27,常滑,5,予選,3,4876,梅木敬太,26,福井,53,B1,4.61,27.93,3.65,8.7,21,34.78,40,39.53,晴,南,2,1,6.73,1,まくり,4,0.08,1.49.0,梅木敬太,39.0,2.0,11.0,9.0,0.1474358974358974,0.0,0.0,2.0,0.0,0.0,0.0,0.0,0.0,0.0,0.0,0.1518595041322314,0.05128205128205128,0.28205128205128205,0.23076923076923078,0.0,0.0,0.0,0.05128205128205128,0.0,0.0,0.0,0.0
2021-02-27,常滑,5,予選,4,5068,前田　滉,20,愛知,50,A2,6.1,42.59,4.31,20.88,7,30.61,20,33.14,晴,南,2,1,6.67,5,まくり,5,0.08,.  .,前田滉,30.0,5.0,6.0,6.0,0.1323333333333333,0.0,0.0,2.0,1.0,2.0,0.0,0.0,0.0,0.0,0.0,0.1479255319148936,0.16666666666666666,0.2,0.2,0.0,0.0,0.0,0.06666666666666667,0.03333333333333333,0.0,0.0,0.0
2021-02-27,常滑,5,予選,5,3200,熊谷直樹,55,東京,52,A1,6.16,43.01,5.76,29.41,22,31.03,58,36.09,晴,南,2,1,6.72,2,まくり,2,0.18,1.49.8,熊谷直樹,29.0,5.0,3.0,7.0,0.1417241379310345,0.0,0.0,2.0,3.0,0.0,0.0,0.0,0.0,0.0,0.0,0.1527403846153846,0.1724137931034483,0.10344827586206896,0.2413793103448276,0.0,0.0,0.0,0.06896551724137931,0.10344827586206896,0.0,0.0,0.0
2021-02-27,常滑,5,予選,6,5132,中野希一,21,埼玉,53,B2,2.15,7.55,1.17,0.0,43,20.83,74,36.31,晴,南,2,1,6.73,4,まくり,6,0.15,1.52.7,中野希一,52.0,0.0,3.0,3.0,0.1746153846153846,0.0,0.0,0.0,0.0,0.0,0.0,0.0,0.0,0.0,0.0,0.1692045454545454,0.0,0.057692307692307696,0.057692307692307696,0.0,0.0,0.0,0.0,0.0,0.0,0.0,0.0
2021-02-27,常滑,6,予選,1,3655,本橋克洋,47,群馬,55,A2,6.18,47.06,6.16,45.1,3,28.3,53,44.77,晴,南,2,1,6.73,1,逃げ,1,0.16,1.48.6,本橋克洋,41.0,25.0,7.0,5.0,0.1560975609756097,24.0,0.0,0.0,0.0,1.0,0.0,8.0,2.0,4.0,0.0,0.1823628691983122,0.6097560975609756,0.17073170731707318,0.12195121951219512,0.5853658536585366,0.0,0.0,0.0,0.0,0.1951219512195122,0.04878048780487805,0.0975609756097561
2021-02-27,常滑,6,予選,2,3243,佐野隆仁,56,大阪,52,B1,3.76,17.2,4.3,21.74,25,38.24,32,26.21,晴,南,2,1,6.68,5,逃げ,2,0.21,.  .,佐野隆仁,28.0,2.0,4.0,6.0,0.2257142857142857,0.0,2.0,0.0,0.0,0.0,0.0,0.0,0.0,0.0,15.0,0.2167114093959731,0.07142857142857142,0.14285714285714285,0.21428571428571427,0.0,0.5357142857142857,0.07142857142857142,0.0,0.0,0.0,0.0,0.0
2021-02-27,常滑,6,予選,3,3802,森岡真希,47,岡山,47,B1,3.92,16.82,3.64,18.18,1,29.31,49,37.5,晴,南,2,1,6.75,4,逃げ,3,0.22,1.52.6,森岡真希,31.0,1.0,4.0,10.0,0.182258064516129,0.0,0.0,0.0,1.0,0.0,0.0,0.0,0.0,0.0,0.0,0.1741208791208791,0.03225806451612903,0.12903225806451613,0.3225806451612903,0.0,0.0,0.0,0.0,0.03225806451612903,0.0,0.0,0.0
2021-02-27,常滑,6,予選,4,3256,三角哲男,53,東京,52,A1,5.88,43.44,8.14,85.71,50,22.92,11,31.88,晴,南,2,1,6.72,3,逃げ,6,0.29,1.51.4,三角哲男,46.0,11.0,12.0,5.0,0.1432608695652173,0.0,3.0,2.0,3.0,3.0,0.0,0.0,0.0,0.0,0.0,0.1450205761316872,0.2391304347826087,0.2608695652173913,0.10869565217391304,0.0,0.0,0.06521739130434782,0.043478260869565216,0.06521739130434782,0.0,0.0,0.0
2021-02-27,常滑,6,予選,5,4518,大須賀友,34,愛知,52,B1,5.61,41.07,5.95,40.91,59,22.03,21,38.32,晴,南,2,1,6.67,6,逃げ,5,0.27,.  .,大須賀友,28.0,0.0,4.0,6.0,0.2,0.0,0.0,0.0,0.0,0.0,0.0,0.0,0.0,0.0,0.0,0.1786592178770949,0.0,0.14285714285714285,0.21428571428571427,0.0,0.0,0.0,0.0,0.0,0.0,0.0,0.0
2021-02-27,常滑,6,予選,6,4460,後藤翔之,34,東京,56,A1,6.85,51.61,6.35,47.83,14,30.16,56,39.77,晴,南,2,1,6.64,2,逃げ,4,0.24,1.49.4,後藤翔之,37.0,3.0,9.0,11.0,0.1408108108108108,0.0,0.0,1.0,2.0,0.0,0.0,0.0,0.0,0.0,0.0,0.1238695652173913,0.08108108108108109,0.24324324324324326,0.2972972972972973,0.0,0.0,0.0,0.02702702702702703,0.05405405405405406,0.0,0.0,0.0
2021-02-27,常滑,7,予選,1,4419,原加央理,33,埼玉,45,B1,4.81,30.59,4.62,15.38,34,18.97,51,24.65,晴,南西,2,1,6.63,3,まくり差し,1,0.17,1.52.2,原加央理,24.0,5.0,7.0,3.0,0.1791666666666666,5.0,0.0,0.0,0.0,0.0,0.0,9.0,7.0,2.0,0.0,0.1619662921348314,0.20833333333333334,0.2916666666666667,0.125,0.20833333333333334,0.0,0.0,0.0,0.0,0.375,0.2916666666666667,0.08333333333333333
2021-02-27,常滑,7,予選,2,3286,坂東　満,52,静岡,53,B1,4.51,27.5,5.69,37.5,36,27.66,43,34.97,晴,南西,2,1,6.65,5,まくり差し,2,0.2,.  .,坂東満,31.0,4.0,10.0,7.0,0.1454838709677419,1.0,3.0,0.0,0.0,0.0,0.0,0.0,0.0,0.0,17.0,0.1639784946236559,0.12903225806451613,0.3225806451612903,0.22580645161290322,0.03225806451612903,0.5483870967741935,0.0967741935483871,0.0,0.0,0.0,0.0,0.0
2021-02-27,常滑,7,予選,3,3712,淺香文武,46,三重,58,A2,5.54,39.8,5.81,40.54,5,33.33,52,34.31,晴,南西,2,1,6.73,1,まくり差し,3,0.09,1.50.0,淺香文武,31.0,6.0,7.0,3.0,0.1477419354838709,0.0,1.0,2.0,3.0,0.0,0.0,0.0,0.0,0.0,0.0,0.1616888888888889,0.1935483870967742,0.22580645161290322,0.0967741935483871,0.0,0.0,0.03225806451612903,0.06451612903225806,0.0967741935483871,0.0,0.0,0.0
2021-02-27,常滑,7,予選,4,3912,川原正明,47,福井,50,A2,5.59,35.71,4.33,28.57,42,38.46,25,31.88,晴,南西,2,1,6.69,2,まくり差し,4,0.1,1.50.6,川原正明,49.0,6.0,8.0,13.0,0.1561224489795918,0.0,1.0,4.0,1.0,0.0,0.0,0.0,0.0,0.0,0.0,0.1467207792207792,0.12244897959183673,0.16326530612244897,0.2653061224489796,0.0,0.0,0.02040816326530612,0.08163265306122448,0.02040816326530612,0.0,0.0,0.0
2021-02-27,常滑,7,予選,5,3220,二橋　学,56,静岡,51,B1,4.56,28.7,4.86,23.73,53,41.18,46,38.06,晴,南西,2,1,6.71,6,まくり差し,5,0.19,.  .,二橋学,38.0,1.0,2.0,8.0,0.1618421052631579,0.0,0.0,0.0,1.0,0.0,0.0,0.0,0.0,0.0,0.0,0.1722406639004149,0.02631578947368421,0.05263157894736842,0.21052631578947367,0.0,0.0,0.0,0.0,0.02631578947368421,0.0,0.0,0.0
2021-02-27,常滑,7,予選,6,3983,須藤博倫,43,埼玉,52,A1,6.64,46.81,7.07,40.35,30,37.93,64,24.48,晴,南西,2,1,6.73,4,まくり差し,6,0.19,1.53.1,須藤博倫,48.0,2.0,8.0,12.0,0.175,0.0,0.0,1.0,0.0,1.0,0.0,0.0,0.0,0.0,0.0,0.144421768707483,0.041666666666666664,0.16666666666666666,0.25,0.0,0.0,0.0,0.020833333333333332,0.0,0.0,0.0,0.0
2021-02-27,常滑,8,予選,1,4298,宮下元胤,38,愛知,56,A2,6.02,34.21,5.53,29.63,54,27.08,63,33.33,晴,南西,2,1,6.72,3,まくり差し,1,0.3,1.51.6,宮下元胤,34.0,21.0,5.0,5.0,0.1594117647058823,19.0,0.0,0.0,0.0,2.0,0.0,2.0,6.0,5.0,0.0,0.1673148148148148,0.6176470588235294,0.14705882352941177,0.14705882352941177,0.5588235294117647,0.0,0.0,0.0,0.0,0.058823529411764705,0.17647058823529413,0.14705882352941177
2021-02-27,常滑,8,予選,2,3467,森　弘行,52,東京,53,B1,4.2,21.78,4.9,23.81,56,41.38,14,32.34,晴,南西,2,1,6.67,2,まくり差し,2,0.28,1.51.0,森弘行,40.0,4.0,5.0,8.0,0.195,0.0,2.0,1.0,0.0,1.0,0.0,0.0,0.0,0.0,19.0,0.1964563106796116,0.1,0.125,0.2,0.0,0.475,0.05,0.025,0.0,0.0,0.0,0.0
2021-02-27,常滑,8,予選,3,3996,秋山直之,41,群馬,51,A1,6.65,47.27,6.88,51.52,15,22.64,61,25.34,晴,南西,2,1,6.71,1,まくり差し,3,0.24,1.47.6,秋山直之,36.0,8.0,12.0,7.0,0.1747222222222222,0.0,0.0,4.0,3.0,1.0,0.0,0.0,0.0,0.0,0.0,0.1858431372549019,0.2222222222222222,0.3333333333333333,0.19444444444444445,0.0,0.0,0.0,0.1111111111111111,0.08333333333333333,0.0,0.0,0.0
2021-02-27,常滑,8,予選,4,4317,木村紗友,36,静岡,48,B2,3.96,17.39,4.91,27.27,40,35.94,50,38.15,晴,南西,2,1,6.69,5,まくり差し,4,0.37,.  .,木村紗友希,23.0,2.0,2.0,4.0,0.1430434782608695,0.0,0.0,1.0,0.0,1.0,0.0,0.0,0.0,0.0,0.0,0.1774803149606299,0.08695652173913043,0.08695652173913043,0.17391304347826086,0.0,0.0,0.0,0.043478260869565216,0.0,0.0,0.0,0.0
2021-02-27,常滑,8,予選,5,3357,福島陽子,52,岡山,49,B1,4.11,15.48,0.0,0.0,19,35.71,54,34.46,晴,南西,2,1,6.7,6,まくり差し,5,0.38,.  .,福島陽子,33.0,1.0,1.0,5.0,0.2166666666666666,0.0,1.0,0.0,0.0,0.0,0.0,0.0,0.0,0.0,0.0,0.2111797752808989,0.030303030303030304,0.030303030303030304,0.15151515151515152,0.0,0.0,0.030303030303030304,0.0,0.0,0.0,0.0,0.0
2021-02-27,常滑,8,予選,6,3915,繁野谷圭,46,大阪,52,A2,6.48,39.31,6.48,47.83,26,45.28,39,27.78,晴,南西,2,1,6.72,4,まくり差し,6,0.39,1.53.1,繁野谷圭介,38.0,2.0,4.0,10.0,0.1797368421052631,0.0,1.0,0.0,1.0,0.0,0.0,0.0,0.0,0.0,0.0,0.1837354085603113,0.05263157894736842,0.10526315789473684,0.2631578947368421,0.0,0.0,0.02631578947368421,0.0,0.02631578947368421,0.0,0.0,0.0
2021-02-27,常滑,9,予選特賞,1,3893,汐崎正則,44,愛知,55,A2,5.63,35.85,6.03,36.67,60,51.56,35,31.85,晴,西,2,1,6.7,1,逃げ,1,0.12,1.49.2,汐崎正則,34.0,20.0,6.0,4.0,0.1473529411764705,20.0,0.0,0.0,0.0,0.0,0.0,4.0,3.0,4.0,0.0,0.1576293103448275,0.5882352941176471,0.17647058823529413,0.11764705882352941,0.5882352941176471,0.0,0.0,0.0,0.0,0.11764705882352941,0.08823529411764706,0.11764705882352941
2021-02-27,常滑,9,予選特賞,2,3679,飯島昌弘,47,埼玉,53,A1,6.32,40.86,6.91,47.06,10,37.5,47,33.53,晴,西,2,1,6.66,2,逃げ,2,0.14,1.50.0,飯島昌弘,36.0,8.0,13.0,8.0,0.1663888888888889,0.0,3.0,4.0,0.0,1.0,0.0,0.0,0.0,0.0,16.0,0.158590308370044,0.2222222222222222,0.3611111111111111,0.2222222222222222,0.0,0.4444444444444444,0.08333333333333333,0.1111111111111111,0.0,0.0,0.0,0.0
2021-02-27,常滑,9,予選特賞,3,4465,大西　賢,34,東京,53,B1,4.65,28.75,3.68,8.0,35,36.07,17,34.15,晴,西,2,1,6.65,4,逃げ,3,0.1,1.53.5,大西賢,34.0,1.0,6.0,5.0,0.168235294117647,0.0,0.0,1.0,0.0,0.0,0.0,0.0,0.0,0.0,0.0,0.1725698324022346,0.029411764705882353,0.17647058823529413,0.14705882352941177,0.0,0.0,0.0,0.029411764705882353,0.0,0.0,0.0,0.0
2021-02-27,常滑,9,予選特賞,4,4043,桐本康臣,41,三重,55,A2,5.87,40.16,6.7,52.17,11,36.07,70,25.34,晴,西,2,1,6.7,3,逃げ,4,0.08,1.52.5,桐本康臣,40.0,4.0,6.0,9.0,0.15325,0.0,1.0,1.0,1.0,0.0,1.0,0.0,0.0,0.0,0.0,0.1661510791366906,0.1,0.15,0.225,0.0,0.0,0.025,0.025,0.025,0.0,0.0,0.0
2021-02-27,常滑,9,予選特賞,5,3519,冨田秀幸,52,愛知,52,B1,5.19,25.89,5.32,30.56,33,23.91,27,32.86,晴,西,2,1,6.76,5,逃げ,5,0.13,.  .,冨田秀幸,38.0,0.0,4.0,5.0,0.185,0.0,0.0,0.0,0.0,0.0,0.0,0.0,0.0,0.0,0.0,0.1772727272727272,0.0,0.10526315789473684,0.13157894736842105,0.0,0.0,0.0,0.0,0.0,0.0,0.0,0.0
2021-02-27,常滑,9,予選特賞,6,5141,大澤風葵,20,群馬,52,B1,2.92,7.04,2.93,7.14,48,27.42,38,33.33,晴,西,2,1,6.72,6,逃げ,6,0.1,.  .,大澤風葵,57.0,3.0,0.0,5.0,0.1957894736842105,0.0,0.0,0.0,2.0,0.0,1.0,0.0,0.0,0.0,0.0,0.1947058823529412,0.05263157894736842,0.0,0.08771929824561403,0.0,0.0,0.0,0.0,0.03508771929824561,0.0,0.0,0.0
2021-02-27,常滑,10,予選特賞,1,3200,熊谷直樹,55,東京,52,A1,6.16,43.01,5.76,29.41,22,31.03,58,36.09,晴,西,2,1,6.69,1,逃げ,1,0.19,1.48.7,熊谷直樹,46.0,30.0,8.0,1.0,0.152391304347826,29.0,0.0,0.0,0.0,1.0,0.0,4.0,5.0,7.0,0.0,0.1527403846153846,0.6521739130434783,0.17391304347826086,0.021739130434782608,0.6304347826086957,0.0,0.0,0.0,0.0,0.08695652173913043,0.10869565217391304,0.15217391304347827
2021-02-27,常滑,10,予選特賞,2,4035,杉江浩明,42,愛知,51,B1,4.55,27.42,5.57,42.17,23,36.36,65,38.24,晴,西,2,1,6.66,3,逃げ,2,0.19,1.51.2,杉江浩明,50.0,6.0,15.0,6.0,0.1908,0.0,1.0,5.0,0.0,0.0,0.0,0.0,0.0,0.0,23.0,0.1906374501992032,0.12,0.3,0.12,0.0,0.46,0.02,0.1,0.0,0.0,0.0,0.0
2021-02-27,常滑,10,予選特賞,3,3294,野中義生,55,静岡,54,B1,4.38,28.09,4.77,25.58,47,53.97,55,37.72,晴,西,2,1,6.69,6,逃げ,3,0.27,.  .,野中義生,41.0,3.0,7.0,5.0,0.153170731707317,0.0,0.0,1.0,0.0,2.0,0.0,0.0,0.0,0.0,0.0,0.1414583333333333,0.07317073170731707,0.17073170731707318,0.12195121951219512,0.0,0.0,0.0,0.024390243902439025,0.0,0.0,0.0,0.0
2021-02-27,常滑,10,予選特賞,4,3655,本橋克洋,47,群馬,55,A2,6.18,47.06,6.16,45.1,3,28.3,53,44.77,晴,西,2,1,6.65,2,逃げ,4,0.18,1.51.0,本橋克洋,43.0,8.0,11.0,7.0,0.1881395348837209,0.0,3.0,3.0,2.0,0.0,0.0,0.0,0.0,0.0,0.0,0.1823628691983122,0.18604651162790697,0.2558139534883721,0.16279069767441862,0.0,0.0,0.06976744186046512,0.06976744186046512,0.046511627906976744,0.0,0.0,0.0
2021-02-27,常滑,10,予選特賞,5,4845,前田紗希,28,埼玉,50,B1,5.35,28.43,4.44,20.0,12,32.79,28,35.25,晴,西,2,1,6.67,4,逃げ,5,0.05,1.53.0,前田紗希,32.0,3.0,3.0,10.0,0.1659375,0.0,0.0,1.0,1.0,0.0,1.0,0.0,0.0,0.0,0.0,0.1603409090909091,0.09375,0.09375,0.3125,0.0,0.0,0.0,0.03125,0.03125,0.0,0.0,0.0
2021-02-27,常滑,10,予選特賞,6,4140,梶野学志,40,東京,53,A1,6.07,38.0,8.0,71.43,41,51.67,60,30.61,晴,西,2,1,6.7,5,逃げ,6,0.17,.  .,梶野学志,32.0,4.0,7.0,4.0,0.1771875,0.0,1.0,1.0,0.0,2.0,0.0,0.0,0.0,0.0,0.0,0.1516431924882628,0.125,0.21875,0.125,0.0,0.0,0.03125,0.03125,0.0,0.0,0.0,0.0
2021-02-27,常滑,11,予選特選,1,3256,三角哲男,53,東京,52,A1,5.88,43.44,8.14,85.71,50,22.92,11,31.88,晴,南西,2,1,6.71,1,逃げ,1,0.13,1.48.4,三角哲男,48.0,31.0,10.0,3.0,0.1452083333333333,31.0,0.0,0.0,0.0,0.0,0.0,6.0,9.0,2.0,0.0,0.1450205761316872,0.6458333333333334,0.20833333333333334,0.0625,0.6458333333333334,0.0,0.0,0.0,0.0,0.125,0.1875,0.041666666666666664
2021-02-27,常滑,11,予選特選,2,3686,鳥居塚孝,46,群馬,53,A2,6.01,44.44,5.4,40.0,32,23.4,41,30.28,晴,南西,2,1,6.7,2,逃げ,2,0.14,1.50.4,鳥居塚孝博,44.0,5.0,13.0,9.0,0.1325,0.0,4.0,1.0,0.0,0.0,0.0,0.0,0.0,0.0,24.0,0.1520074349442379,0.11363636363636363,0.29545454545454547,0.20454545454545456,0.0,0.5454545454545454,0.09090909090909091,0.022727272727272728,0.0,0.0,0.0,0.0
2021-02-27,常滑,11,予選特選,3,3983,須藤博倫,43,埼玉,52,A1,6.64,46.81,7.07,40.35,30,37.93,64,24.48,晴,南西,2,1,6.73,5,逃げ,3,0.17,.  .,須藤博倫,49.0,8.0,15.0,8.0,0.1391836734693877,0.0,1.0,2.0,2.0,3.0,0.0,0.0,0.0,0.0,0.0,0.144421768707483,0.16326530612244897,0.30612244897959184,0.16326530612244897,0.0,0.0,0.02040816326530612,0.04081632653061224,0.04081632653061224,0.0,0.0,0.0
2021-02-27,常滑,11,予選特選,4,4759,今泉友吾,31,東京,50,A1,6.28,42.66,5.89,32.73,24,33.33,67,31.85,晴,南西,2,1,6.67,3,逃げ,4,0.27,1.51.5,今泉友吾,44.0,4.0,11.0,13.0,0.2040909090909091,0.0,2.0,1.0,1.0,0.0,0.0,0.0,0.0,0.0,0.0,0.1963003663003663,0.09090909090909091,0.25,0.29545454545454547,0.0,0.0,0.045454545454545456,0.022727272727272728,0.022727272727272728,0.0,0.0,0.0
2021-02-27,常滑,11,予選特選,5,3607,原田智和,49,大阪,52,B1,4.6,27.45,4.25,30.0,9,29.31,69,28.28,晴,南西,2,1,6.83,6,逃げ,5,0.33,.  .,原田智和,34.0,2.0,4.0,2.0,0.213235294117647,0.0,0.0,0.0,2.0,0.0,0.0,0.0,0.0,0.0,0.0,0.1963546798029556,0.058823529411764705,0.11764705882352941,0.058823529411764705,0.0,0.0,0.0,0.0,0.058823529411764705,0.0,0.0,0.0
2021-02-27,常滑,11,予選特選,6,5068,前田　滉,20,愛知,50,A2,6.1,42.59,4.31,20.88,7,30.61,20,33.14,晴,南西,2,1,6.73,4,逃げ,6,0.28,1.53.1,前田滉,33.0,1.0,2.0,5.0,0.1742424242424242,0.0,0.0,0.0,1.0,0.0,0.0,0.0,0.0,0.0,0.0,0.1479255319148936,0.030303030303030304,0.06060606060606061,0.15151515151515152,0.0,0.0,0.0,0.0,0.030303030303030304,0.0,0.0,0.0
2021-02-27,常滑,12,予選特選,1,3996,秋山直之,41,群馬,51,A1,6.65,47.27,6.88,51.52,15,22.64,61,25.34,晴,西,2,1,6.68,2,まくり,1,0.14,1.50.9,秋山直之,62.0,43.0,7.0,4.0,0.1629032258064516,41.0,0.0,0.0,0.0,2.0,0.0,3.0,9.0,5.0,0.0,0.1858431372549019,0.6935483870967742,0.11290322580645161,0.06451612903225806,0.6612903225806451,0.0,0.0,0.0,0.0,0.04838709677419355,0.14516129032258066,0.08064516129032258
2021-02-27,常滑,12,予選特選,2,3548,室田泰史,51,福井,55,A2,6.19,44.1,6.42,48.48,51,47.14,30,28.17,晴,西,2,1,6.75,5,まくり,2,0.13,.  .,室田泰史,42.0,13.0,9.0,7.0,0.1257142857142857,0.0,7.0,5.0,0.0,0.0,1.0,0.0,0.0,0.0,20.0,0.1223448275862069,0.30952380952380953,0.21428571428571427,0.16666666666666666,0.0,0.47619047619047616,0.16666666666666666,0.11904761904761904,0.0,0.0,0.0,0.0
2021-02-27,常滑,12,予選特選,3,3939,渡辺真至,43,愛知,53,A1,6.86,56.41,7.18,55.08,57,39.29,66,30.28,晴,西,2,1,6.7,3,まくり,3,0.19,1.52.0,渡辺真至,47.0,8.0,14.0,13.0,0.1334042553191489,0.0,1.0,1.0,6.0,0.0,0.0,0.0,0.0,0.0,0.0,0.1339917695473251,0.1702127659574468,0.2978723404255319,0.2765957446808511,0.0,0.0,0.02127659574468085,0.02127659574468085,0.1276595744680851,0.0,0.0,0.0
2021-02-27,常滑,12,予選特選,4,4460,後藤翔之,34,東京,56,A1,6.85,51.61,6.35,47.83,14,30.16,56,39.77,晴,西,2,1,6.66,1,まくり,4,0.05,1.48.7,後藤翔之,36.0,10.0,8.0,5.0,0.1238888888888888,2.0,1.0,3.0,2.0,2.0,0.0,0.0,0.0,0.0,0.0,0.1238695652173913,0.2777777777777778,0.2222222222222222,0.1388888888888889,0.05555555555555555,0.0,0.027777777777777776,0.08333333333333333,0.05555555555555555,0.0,0.0,0.0
2021-02-27,常滑,12,予選特選,5,3712,淺香文武,46,三重,58,A2,5.54,39.8,5.81,40.54,5,33.33,52,34.31,晴,西,2,1,6.72,4,まくり,5,0.06,1.52.2,淺香文武,35.0,3.0,4.0,5.0,0.1677142857142857,0.0,0.0,0.0,3.0,0.0,0.0,0.0,0.0,0.0,0.0,0.1616888888888889,0.08571428571428572,0.11428571428571428,0.14285714285714285,0.0,0.0,0.0,0.0,0.08571428571428572,0.0,0.0,0.0
2021-02-27,常滑,12,予選特選,6,4876,梅木敬太,26,福井,53,B1,4.61,27.93,3.65,8.7,21,34.78,40,39.53,晴,西,2,1,6.69,6,まくり,6,0.2,.  .,梅木敬太,40.0,0.0,2.0,6.0,0.166,0.0,0.0,0.0,0.0,0.0,0.0,0.0,0.0,0.0,0.0,0.1518595041322314,0.0,0.05,0.15,0.0,0.0,0.0,0.0,0.0,0.0,0.0,0.0
2021-02-27,蒲郡,1,一般戦,1,4199,北川潤二,38,愛知,55,B1,5.64,37.23,5.73,37.5,73,35.96,27,30.37,晴,南西,3,1,6.66,2,差し,1,0.12,1.50.7,北川潤二,52.0,32.0,9.0,5.0,0.145576923076923,31.0,0.0,0.0,0.0,1.0,0.0,3.0,8.0,7.0,0.0,0.1674838709677419,0.6153846153846154,0.17307692307692307,0.09615384615384616,0.5961538461538461,0.0,0.0,0.0,0.0,0.057692307692307696,0.15384615384615385,0.1346153846153846
2021-02-27,蒲郡,1,一般戦,2,4200,早川尚人,38,大阪,54,B1,4.88,27.27,4.86,14.29,28,33.56,15,32.26,晴,南西,3,1,6.62,1,差し,2,0.15,1.49.0,早川尚人,44.0,4.0,9.0,11.0,0.1788636363636363,0.0,2.0,1.0,0.0,1.0,0.0,0.0,0.0,0.0,28.0,0.1786885245901639,0.09090909090909091,0.20454545454545456,0.25,0.0,0.6363636363636364,0.045454545454545456,0.022727272727272728,0.0,0.0,0.0,0.0
2021-02-27,蒲郡,1,一般戦,3,4021,吉田健太,40,愛知,53,B1,4.99,32.93,4.93,37.78,70,31.79,20,32.22,晴,南西,3,1,6.73,6,差し,3,0.17,.  .,吉田健太郎,36.0,3.0,13.0,5.0,0.1644444444444444,0.0,0.0,2.0,1.0,0.0,0.0,0.0,0.0,0.0,0.0,0.1425757575757575,0.08333333333333333,0.3611111111111111,0.1388888888888889,0.0,0.0,0.0,0.05555555555555555,0.027777777777777776,0.0,0.0,0.0
2021-02-27,蒲郡,1,一般戦,4,4405,南野利騰,35,福井,52,B1,5.15,32.38,4.15,17.95,25,34.18,76,43.09,晴,南西,3,1,6.68,4,差し,4,0.26,1.52.3,南野利騰,42.0,2.0,6.0,10.0,0.1623809523809523,0.0,0.0,2.0,0.0,0.0,0.0,0.0,0.0,0.0,0.0,0.1542672413793103,0.047619047619047616,0.14285714285714285,0.23809523809523808,0.0,0.0,0.0,0.047619047619047616,0.0,0.0,0.0,0.0
2021-02-27,蒲郡,1,一般戦,5,5051,松本純平,25,埼玉,57,B1,4.72,28.44,2.25,0.0,52,32.99,75,30.48,晴,南西,3,1,6.7,5,差し,5,0.24,.  .,松本純平,42.0,1.0,5.0,3.0,0.199047619047619,0.0,0.0,0.0,1.0,0.0,0.0,0.0,0.0,0.0,0.0,0.1826699029126213,0.023809523809523808,0.11904761904761904,0.07142857142857142,0.0,0.0,0.0,0.0,0.023809523809523808,0.0,0.0,0.0
2021-02-27,蒲郡,1,一般戦,6,4104,木下陽介,41,東京,52,B1,6.2,52.0,5.45,45.0,49,48.81,51,33.33,晴,南西,3,1,6.68,3,差し,6,0.24,1.51.3,木下陽介,18.0,1.0,3.0,1.0,0.1533333333333333,0.0,1.0,0.0,0.0,0.0,0.0,0.0,0.0,0.0,0.0,0.1569672131147541,0.05555555555555555,0.16666666666666666,0.05555555555555555,0.0,0.0,0.05555555555555555,0.0,0.0,0.0,0.0,0.0
2021-02-27,蒲郡,2,一般戦,1,3619,長谷川充,47,群馬,52,B1,5.19,29.63,5.74,31.58,59,32.2,22,40.0,晴,北西,1,0,6.64,2,差し,1,0.17,1.49.3,長谷川充,41.0,19.0,9.0,9.0,0.154390243902439,16.0,0.0,0.0,0.0,3.0,0.0,9.0,4.0,6.0,0.0,0.1899206349206349,0.4634146341463415,0.21951219512195122,0.21951219512195122,0.3902439024390244,0.0,0.0,0.0,0.0,0.21951219512195122,0.0975609756097561,0.14634146341463414
2021-02-27,蒲郡,2,一般戦,2,3161,古場輝義,60,大阪,52,B1,5.38,32.74,5.33,33.33,68,45.86,41,32.66,晴,北西,1,0,6.62,1,差し,2,0.14,1.48.4,古場輝義,39.0,2.0,12.0,12.0,0.1694871794871795,0.0,1.0,0.0,0.0,1.0,0.0,0.0,0.0,0.0,26.0,0.1876271186440678,0.05128205128205128,0.3076923076923077,0.3076923076923077,0.0,0.6666666666666666,0.02564102564102564,0.0,0.0,0.0,0.0,0.0
2021-02-27,蒲郡,2,一般戦,3,4003,表　憲一,43,福井,54,A2,5.75,32.8,5.66,34.29,47,44.97,64,34.83,晴,北西,1,0,6.7,4,差し,3,0.14,1.51.9,表憲一,42.0,1.0,7.0,15.0,0.1909523809523809,0.0,0.0,0.0,1.0,0.0,0.0,0.0,0.0,0.0,0.0,0.1751153846153846,0.023809523809523808,0.16666666666666666,0.35714285714285715,0.0,0.0,0.0,0.0,0.023809523809523808,0.0,0.0,0.0
2021-02-27,蒲郡,2,一般戦,4,4360,庄司孝輔,36,静岡,52,B1,5.2,31.18,4.35,17.5,14,37.89,59,41.67,晴,北西,1,0,6.63,6,差し,4,0.14,.  .,庄司孝輔,30.0,3.0,5.0,8.0,0.2096666666666666,0.0,0.0,2.0,1.0,0.0,0.0,0.0,0.0,0.0,0.0,0.1881443298969072,0.1,0.16666666666666666,0.26666666666666666,0.0,0.0,0.0,0.06666666666666667,0.03333333333333333,0.0,0.0,0.0
2021-02-27,蒲郡,2,一般戦,5,4665,加藤啓太,37,愛知,52,B1,4.55,27.17,4.72,23.44,24,36.95,71,36.27,晴,北西,1,0,6.64,5,差し,5,0.12,.  .,加藤啓太,35.0,2.0,6.0,4.0,0.1828571428571428,0.0,0.0,1.0,1.0,0.0,0.0,0.0,0.0,0.0,0.0,0.1636764705882352,0.05714285714285714,0.17142857142857143,0.11428571428571428,0.0,0.0,0.0,0.02857142857142857,0.02857142857142857,0.0,0.0,0.0
2021-02-27,蒲郡,2,一般戦,6,3637,齋藤和政,50,愛知,54,B1,4.67,27.88,4.71,28.85,74,43.29,32,33.13,晴,北西,1,0,6.68,3,差し,6,0.09,1.51.4,齋藤和政,30.0,0.0,2.0,3.0,0.2163333333333333,0.0,0.0,0.0,0.0,0.0,0.0,0.0,0.0,0.0,0.0,0.1996135265700483,0.0,0.06666666666666667,0.1,0.0,0.0,0.0,0.0,0.0,0.0,0.0,0.0
2021-02-27,蒲郡,3,一般戦,1,4892,柴田直哉,30,福岡,51,B1,4.88,30.36,4.79,13.79,72,34.52,28,25.9,晴,南西,3,1,6.6,1,逃げ,1,0.11,1.47.9,柴田直哉,29.0,10.0,5.0,5.0,0.1837931034482758,9.0,0.0,0.0,0.0,1.0,0.0,1.0,16.0,1.0,0.0,0.1741777777777777,0.3448275862068966,0.1724137931034483,0.1724137931034483,0.3103448275862069,0.0,0.0,0.0,0.0,0.034482758620689655,0.5517241379310345,0.034482758620689655
2021-02-27,蒲郡,3,一般戦,2,4809,外崎　悟,32,埼玉,52,B1,5.17,34.58,5.42,26.32,66,35.11,53,30.9,晴,南西,3,1,6.61,5,逃げ,2,0.14,.  .,外崎悟,44.0,5.0,14.0,10.0,0.1731818181818182,0.0,4.0,0.0,0.0,1.0,0.0,0.0,0.0,0.0,24.0,0.1674893617021276,0.11363636363636363,0.3181818181818182,0.22727272727272727,0.0,0.5454545454545454,0.09090909090909091,0.0,0.0,0.0,0.0,0.0
2021-02-27,蒲郡,3,一般戦,3,4537,渡邉和将,31,岡山,54,A1,6.66,48.39,8.43,71.43,63,40.37,46,42.86,晴,南西,3,1,6.6,2,逃げ,3,0.22,1.49.2,渡邉和将,43.0,8.0,15.0,9.0,0.1374418604651162,0.0,2.0,3.0,1.0,2.0,0.0,0.0,0.0,0.0,0.0,0.1407450980392157,0.18604651162790697,0.3488372093023256,0.20930232558139536,0.0,0.0,0.046511627906976744,0.06976744186046512,0.023255813953488372,0.0,0.0,0.0
2021-02-27,蒲郡,3,一般戦,4,3251,平石和男,54,埼玉,51,A2,5.68,33.09,5.88,36.0,65,34.67,48,45.2,晴,南西,3,1,6.71,3,逃げ,4,0.23,1.51.2,平石和男,48.0,3.0,6.0,14.0,0.174375,0.0,0.0,0.0,2.0,1.0,0.0,0.0,0.0,0.0,0.0,0.1822592592592592,0.0625,0.125,0.2916666666666667,0.0,0.0,0.0,0.0,0.041666666666666664,0.0,0.0,0.0
2021-02-27,蒲郡,3,一般戦,5,3602,奥平拓也,50,東京,52,A2,5.68,35.94,5.54,34.62,62,45.61,34,34.88,晴,南西,3,1,6.7,6,逃げ,5,0.15,.  .,奥平拓也,43.0,3.0,6.0,13.0,0.1606976744186046,0.0,0.0,0.0,2.0,1.0,0.0,0.0,0.0,0.0,0.0,0.1665338645418326,0.06976744186046512,0.13953488372093023,0.3023255813953488,0.0,0.0,0.0,0.0,0.046511627906976744,0.0,0.0,0.0
2021-02-27,蒲郡,3,一般戦,6,4293,鈴木智啓,35,愛知,58,B1,4.98,31.25,5.34,34.15,30,38.19,68,37.87,晴,南西,3,1,6.7,4,逃げ,6,0.18,1.52.1,鈴木智啓,43.0,0.0,6.0,4.0,0.1827906976744186,0.0,0.0,0.0,0.0,0.0,0.0,0.0,0.0,0.0,0.0,0.1734453781512605,0.0,0.13953488372093023,0.09302325581395349,0.0,0.0,0.0,0.0,0.0,0.0,0.0,0.0
2021-02-27,蒲郡,4,一般戦,1,3550,都築正治,49,愛知,54,A2,6.05,44.27,7.42,63.3,48,32.42,29,46.0,晴,南西,2,1,6.63,1,逃げ,1,0.12,1.47.8,都築正治,59.0,39.0,9.0,3.0,0.1454237288135593,35.0,0.0,0.0,0.0,4.0,0.0,3.0,5.0,12.0,0.0,0.1638735177865612,0.6610169491525424,0.15254237288135594,0.05084745762711865,0.5932203389830508,0.0,0.0,0.0,0.0,0.05084745762711865,0.0847457627118644,0.2033898305084746
2021-02-27,蒲郡,4,一般戦,2,4731,間野兼礼,31,愛知,52,B1,5.0,29.49,5.08,30.77,26,50.98,38,35.71,晴,南西,2,1,6.65,5,逃げ,2,0.07,.  .,間野兼礼,32.0,4.0,8.0,6.0,0.174375,0.0,2.0,1.0,0.0,1.0,0.0,0.0,0.0,0.0,16.0,0.1680310880829015,0.125,0.25,0.1875,0.0,0.5,0.0625,0.03125,0.0,0.0,0.0,0.0
2021-02-27,蒲郡,4,一般戦,3,4516,野口勝弘,34,愛知,53,B1,5.21,29.77,5.82,40.35,22,33.67,24,38.5,晴,南西,2,1,6.59,4,逃げ,3,0.09,1.51.7,野口勝弘,43.0,2.0,8.0,17.0,0.1676744186046511,0.0,0.0,0.0,2.0,0.0,0.0,0.0,0.0,0.0,0.0,0.1722553191489361,0.046511627906976744,0.18604651162790697,0.3953488372093023,0.0,0.0,0.0,0.0,0.046511627906976744,0.0,0.0,0.0
2021-02-27,蒲郡,4,一般戦,4,4430,永田秀二,35,東京,56,A1,6.45,47.11,6.23,43.33,20,40.36,72,35.91,晴,南西,2,1,6.63,3,逃げ,4,0.07,1.51.3,永田秀二,45.0,9.0,12.0,5.0,0.1662222222222222,0.0,0.0,6.0,2.0,1.0,0.0,0.0,0.0,0.0,0.0,0.1516165413533834,0.2,0.26666666666666666,0.1111111111111111,0.0,0.0,0.0,0.13333333333333333,0.044444444444444446,0.0,0.0,0.0
2021-02-27,蒲郡,4,一般戦,5,4273,佐藤　旭,38,静岡,52,B1,5.23,30.11,4.91,27.91,29,32.26,50,30.98,晴,南西,2,1,6.68,6,逃げ,5,0.08,.  .,佐藤旭,37.0,2.0,8.0,7.0,0.1805405405405405,0.0,0.0,0.0,2.0,0.0,0.0,0.0,0.0,0.0,0.0,0.1771428571428571,0.05405405405405406,0.21621621621621623,0.1891891891891892,0.0,0.0,0.0,0.0,0.05405405405405406,0.0,0.0,0.0
2021-02-27,蒲郡,4,一般戦,6,4796,春園功太,29,三重,51,A2,6.14,44.44,5.33,33.33,39,35.48,14,32.12,晴,南西,2,1,6.62,2,逃げ,6,0.12,1.49.8,春園功太,38.0,1.0,7.0,8.0,0.1897368421052631,0.0,1.0,0.0,0.0,0.0,0.0,0.0,0.0,0.0,0.0,0.16556,0.02631578947368421,0.18421052631578946,0.21052631578947367,0.0,0.0,0.02631578947368421,0.0,0.0,0.0,0.0,0.0
2021-02-27,蒲郡,5,一般戦,1,4659,木下翔太,29,大阪,55,A1,7.45,60.14,7.81,76.19,15,33.5,17,29.38,晴,南西,3,1,6.66,1,逃げ,1,0.18,1.47.5,木下翔太,53.0,45.0,5.0,3.0,0.1375471698113207,44.0,0.0,0.0,0.0,1.0,0.0,3.0,1.0,3.0,0.0,0.1554789272030651,0.8490566037735849,0.09433962264150944,0.05660377358490566,0.8301886792452831,0.0,0.0,0.0,0.0,0.05660377358490566,0.018867924528301886,0.05660377358490566
2021-02-27,蒲郡,5,一般戦,2,4394,永嶋裕一,34,福岡,57,B1,5.38,33.93,5.06,22.22,19,39.13,66,28.75,晴,南西,3,1,6.64,5,逃げ,2,0.19,.  .,永嶋裕一,42.0,3.0,10.0,8.0,0.1609523809523809,0.0,2.0,0.0,1.0,0.0,0.0,0.0,0.0,0.0,27.0,0.1532806324110672,0.07142857142857142,0.23809523809523808,0.19047619047619047,0.0,0.6428571428571429,0.047619047619047616,0.0,0.023809523809523808,0.0,0.0,0.0
2021-02-27,蒲郡,5,一般戦,3,4640,山ノ内雅,30,福岡,53,A2,6.51,48.65,4.0,23.53,18,34.05,21,33.69,晴,南西,3,1,6.67,4,逃げ,3,0.19,1.51.5,山ノ内雅人,44.0,10.0,14.0,6.0,0.1404545454545454,0.0,2.0,5.0,1.0,2.0,0.0,0.0,0.0,0.0,0.0,0.1394042553191489,0.22727272727272727,0.3181818181818182,0.13636363636363635,0.0,0.0,0.045454545454545456,0.11363636363636363,0.022727272727272728,0.0,0.0,0.0
2021-02-27,蒲郡,5,一般戦,4,4442,松竹大輔,34,愛知,52,A2,6.28,44.35,5.62,40.74,67,40.86,36,41.24,晴,南西,3,1,6.68,6,逃げ,4,0.25,.  .,松竹大輔,37.0,1.0,12.0,5.0,0.1532432432432432,0.0,0.0,1.0,0.0,0.0,0.0,0.0,0.0,0.0,0.0,0.1602008032128514,0.02702702702702703,0.32432432432432434,0.13513513513513514,0.0,0.0,0.0,0.02702702702702703,0.0,0.0,0.0,0.0
2021-02-27,蒲郡,5,一般戦,5,4021,吉田健太,40,愛知,53,B1,4.99,32.93,4.93,37.78,70,31.79,20,32.22,晴,南西,3,1,6.76,3,逃げ,6,0.14,1.51.5,吉田健太郎,33.0,1.0,3.0,5.0,0.1333333333333333,0.0,0.0,0.0,1.0,0.0,0.0,0.0,0.0,0.0,0.0,0.1425757575757575,0.030303030303030304,0.09090909090909091,0.15151515151515152,0.0,0.0,0.0,0.0,0.030303030303030304,0.0,0.0,0.0
2021-02-27,蒲郡,5,一般戦,6,3622,山崎智也,46,群馬,54,A1,6.7,47.22,6.13,32.26,27,37.35,55,40.89,晴,南西,3,1,6.71,2,逃げ,5,0.22,1.50.1,山崎智也,36.0,1.0,9.0,4.0,0.1613888888888889,0.0,0.0,1.0,0.0,0.0,0.0,0.0,0.0,0.0,0.0,0.1665315315315315,0.027777777777777776,0.25,0.1111111111111111,0.0,0.0,0.0,0.027777777777777776,0.0,0.0,0.0,0.0
2021-02-27,蒲郡,6,一般戦,1,3427,大賀広幸,53,山口,53,A2,5.42,33.33,4.42,25.0,71,35.67,57,42.11,晴,南西,3,1,6.59,1,逃げ,1,0.16,1.48.1,大賀広幸,42.0,23.0,8.0,5.0,0.1711904761904762,21.0,0.0,0.0,0.0,2.0,0.0,2.0,6.0,10.0,0.0,0.1692,0.5476190476190477,0.19047619047619047,0.11904761904761904,0.5,0.0,0.0,0.0,0.0,0.047619047619047616,0.14285714285714285,0.23809523809523808
2021-02-27,蒲郡,6,一般戦,2,4188,久田敏之,39,群馬,52,A1,7.75,64.29,7.33,52.5,13,38.16,37,39.23,晴,南西,3,1,6.7,3,逃げ,2,0.17,1.50.1,久田敏之,47.0,10.0,19.0,9.0,0.1259574468085106,0.0,8.0,2.0,0.0,0.0,0.0,0.0,0.0,0.0,23.0,0.1218840579710145,0.2127659574468085,0.40425531914893614,0.19148936170212766,0.0,0.48936170212765956,0.1702127659574468,0.0425531914893617,0.0,0.0,0.0,0.0
2021-02-27,蒲郡,6,一般戦,3,5051,松本純平,25,埼玉,57,B1,4.72,28.44,2.25,0.0,52,32.99,75,30.48,晴,南西,3,1,6.65,6,逃げ,4,0.08,.  .,松本純平,29.0,1.0,4.0,6.0,0.1737931034482758,0.0,0.0,0.0,0.0,0.0,1.0,0.0,0.0,0.0,0.0,0.1826699029126213,0.034482758620689655,0.13793103448275862,0.20689655172413793,0.0,0.0,0.0,0.0,0.0,0.0,0.0,0.0
2021-02-27,蒲郡,6,一般戦,4,3637,齋藤和政,50,愛知,54,B1,4.67,27.88,4.71,28.85,74,43.29,32,33.13,晴,南西,3,1,6.67,5,逃げ,5,0.09,.  .,齋藤和政,38.0,1.0,9.0,5.0,0.2042105263157894,0.0,0.0,0.0,1.0,0.0,0.0,0.0,0.0,0.0,0.0,0.1996135265700483,0.02631578947368421,0.23684210526315788,0.13157894736842105,0.0,0.0,0.0,0.0,0.02631578947368421,0.0,0.0,0.0
2021-02-27,蒲郡,6,一般戦,5,3934,鋤柄貴俊,43,愛知,52,B1,5.2,28.7,5.26,31.58,35,34.5,47,38.0,晴,南西,3,1,6.7,4,逃げ,6,0.11,1.52.1,鋤柄貴俊,38.0,0.0,6.0,8.0,0.1578947368421052,0.0,0.0,0.0,0.0,0.0,0.0,0.0,0.0,0.0,0.0,0.1579565217391304,0.0,0.15789473684210525,0.21052631578947367,0.0,0.0,0.0,0.0,0.0,0.0,0.0,0.0
2021-02-27,蒲郡,6,一般戦,6,3897,白井英治,44,山口,54,A1,8.19,63.37,7.82,50.0,50,33.99,70,39.89,晴,南西,3,1,6.64,2,逃げ,3,0.13,1.49.1,白井英治,34.0,9.0,10.0,11.0,0.1561764705882352,1.0,3.0,1.0,3.0,0.0,1.0,0.0,0.0,0.0,0.0,0.1343514644351464,0.2647058823529412,0.29411764705882354,0.3235294117647059,0.029411764705882353,0.0,0.08823529411764706,0.029411764705882353,0.08823529411764706,0.0,0.0,0.0
2021-02-27,蒲郡,7,一般戦,1,4594,谷川祐一,39,滋賀,52,A1,6.31,49.56,5.36,27.66,53,30.41,77,33.33,晴,南西,3,1,6.63,2,まくり,1,0.11,1.49.4,谷川祐一,55.0,44.0,6.0,2.0,0.1312727272727273,42.0,0.0,1.0,0.0,1.0,0.0,3.0,5.0,1.0,0.0,0.1325746268656716,0.8,0.10909090909090909,0.03636363636363636,0.7636363636363637,0.0,0.0,0.01818181818181818,0.0,0.05454545454545454,0.09090909090909091,0.01818181818181818
2021-02-27,蒲郡,7,一般戦,2,3752,宇土泰就,49,福岡,55,B1,4.44,20.0,5.2,33.33,75,29.31,73,30.54,晴,南西,3,1,6.64,3,まくり,2,0.22,1.51.4,宇土泰就,38.0,3.0,12.0,6.0,0.1878947368421052,0.0,2.0,1.0,0.0,0.0,0.0,0.0,0.0,0.0,25.0,0.1679716981132075,0.07894736842105263,0.3157894736842105,0.15789473684210525,0.0,0.6578947368421053,0.05263157894736842,0.02631578947368421,0.0,0.0,0.0,0.0
2021-02-27,蒲郡,7,一般戦,3,4226,村田浩司,38,山口,54,B1,4.36,21.31,0.0,0.0,55,34.12,67,30.98,晴,南西,3,1,6.66,5,まくり,3,0.19,.  .,村田浩司,48.0,5.0,8.0,6.0,0.168125,0.0,3.0,0.0,2.0,0.0,0.0,0.0,0.0,0.0,0.0,0.1742553191489362,0.10416666666666667,0.16666666666666666,0.125,0.0,0.0,0.0625,0.0,0.041666666666666664,0.0,0.0,0.0
2021-02-27,蒲郡,7,一般戦,4,4024,井口佳典,43,三重,51,A1,8.17,59.43,8.27,56.86,56,35.33,30,31.07,晴,南西,3,1,6.66,1,まくり,4,0.17,1.48.3,井口佳典,37.0,10.0,11.0,4.0,0.141081081081081,0.0,5.0,4.0,1.0,0.0,0.0,0.0,0.0,0.0,0.0,0.1407964601769911,0.2702702702702703,0.2972972972972973,0.10810810810810811,0.0,0.0,0.13513513513513514,0.10810810810810811,0.02702702702702703,0.0,0.0,0.0
2021-02-27,蒲郡,7,一般戦,5,4003,表　憲一,43,福井,54,A2,5.75,32.8,5.66,34.29,47,44.97,64,34.83,晴,南西,3,1,6.73,6,まくり,5,0.2,.  .,表憲一,47.0,2.0,4.0,14.0,0.17,0.0,1.0,1.0,0.0,0.0,0.0,0.0,0.0,0.0,0.0,0.1751153846153846,0.0425531914893617,0.0851063829787234,0.2978723404255319,0.0,0.0,0.02127659574468085,0.02127659574468085,0.0,0.0,0.0,0.0
2021-02-27,蒲郡,7,一般戦,6,4405,南野利騰,35,福井,52,B1,5.15,32.38,4.15,17.95,25,34.18,76,43.09,晴,南西,3,1,6.63,4,まくり,6,0.2,1.53.1,南野利騰,36.0,3.0,1.0,4.0,0.1655555555555555,0.0,0.0,3.0,0.0,0.0,0.0,0.0,0.0,0.0,0.0,0.1542672413793103,0.08333333333333333,0.027777777777777776,0.1111111111111111,0.0,0.0,0.0,0.08333333333333333,0.0,0.0,0.0,0.0
2021-02-27,蒲郡,8,一般戦,1,4933,板橋侑我,24,静岡,53,A2,6.04,43.8,5.48,48.0,69,34.1,62,39.79,晴,南西,2,1,6.65,6,抜き,1,0.1,.  .,板橋侑我,43.0,27.0,11.0,1.0,0.1467441860465116,25.0,0.0,0.0,0.0,2.0,0.0,7.0,3.0,3.0,0.0,0.1485470085470085,0.627906976744186,0.2558139534883721,0.023255813953488372,0.5813953488372093,0.0,0.0,0.0,0.0,0.16279069767441862,0.06976744186046512,0.06976744186046512
2021-02-27,蒲郡,8,一般戦,2,4150,山田雄太,38,静岡,57,B1,4.65,31.94,6.02,41.3,41,31.61,35,33.75,晴,南西,2,1,6.63,4,抜き,2,0.08,1.52.4,山田雄太,25.0,2.0,11.0,3.0,0.1608,0.0,1.0,1.0,0.0,0.0,0.0,0.0,0.0,0.0,14.0,0.1778082191780822,0.08,0.44,0.12,0.0,0.56,0.04,0.04,0.0,0.0,0.0,0.0
2021-02-27,蒲郡,8,一般戦,3,4200,早川尚人,38,大阪,54,B1,4.88,27.27,4.86,14.29,28,33.56,15,32.26,晴,南西,2,1,6.62,5,抜き,3,0.14,.  .,早川尚人,40.0,1.0,10.0,12.0,0.16325,0.0,0.0,0.0,1.0,0.0,0.0,0.0,0.0,0.0,0.0,0.1786885245901639,0.025,0.25,0.3,0.0,0.0,0.0,0.0,0.025,0.0,0.0,0.0
2021-02-27,蒲郡,8,一般戦,4,3952,中澤和志,44,埼玉,54,A1,6.48,48.65,7.51,62.79,31,29.9,74,28.81,晴,南西,2,1,6.67,1,抜き,4,0.06,1.48.5,中澤和志,39.0,5.0,15.0,8.0,0.1625641025641025,0.0,1.0,3.0,1.0,0.0,0.0,0.0,0.0,0.0,0.0,0.1519029850746268,0.1282051282051282,0.38461538461538464,0.20512820512820512,0.0,0.0,0.02564102564102564,0.07692307692307693,0.02564102564102564,0.0,0.0,0.0
2021-02-27,蒲郡,8,一般戦,5,4073,大橋純一,39,静岡,52,A2,6.67,52.26,7.22,55.56,77,40.45,11,34.39,晴,南西,2,1,6.66,2,抜き,5,0.06,1.49.4,大橋純一郎,48.0,7.0,7.0,12.0,0.1652083333333333,0.0,0.0,1.0,5.0,1.0,0.0,0.0,0.0,0.0,0.0,0.1550657894736842,0.14583333333333334,0.14583333333333334,0.25,0.0,0.0,0.0,0.020833333333333332,0.10416666666666667,0.0,0.0,0.0
2021-02-27,蒲郡,8,一般戦,6,4044,湯川浩司,41,大阪,52,A1,7.03,43.75,7.19,40.38,33,31.05,12,38.07,晴,南西,2,1,6.72,3,抜き,6,0.07,1.51.5,湯川浩司,34.0,3.0,5.0,5.0,0.1823529411764706,0.0,3.0,0.0,0.0,0.0,0.0,0.0,0.0,0.0,0.0,0.1412444444444444,0.08823529411764706,0.14705882352941177,0.14705882352941177,0.0,0.0,0.08823529411764706,0.0,0.0,0.0,0.0,0.0
2021-02-27,蒲郡,9,一般戦,1,3385,渡邉睦広,51,東京,53,A1,6.61,52.55,6.32,42.86,64,39.61,13,33.0,晴,無風,0,0,6.78,1,逃げ,1,0.07,1.48.4,渡邉睦広,57.0,38.0,12.0,3.0,0.146140350877193,35.0,0.0,0.0,0.0,3.0,0.0,7.0,4.0,8.0,0.0,0.1559154929577464,0.6666666666666666,0.21052631578947367,0.05263157894736842,0.6140350877192983,0.0,0.0,0.0,0.0,0.12280701754385964,0.07017543859649122,0.14035087719298245
2021-02-27,蒲郡,9,一般戦,2,4199,北川潤二,38,愛知,55,B1,5.64,37.23,5.73,37.5,73,35.96,27,30.37,晴,無風,0,0,6.78,2,逃げ,2,0.12,1.49.8,北川潤二,56.0,5.0,21.0,11.0,0.1585714285714285,0.0,1.0,2.0,0.0,2.0,0.0,0.0,0.0,0.0,26.0,0.1674838709677419,0.08928571428571429,0.375,0.19642857142857142,0.0,0.4642857142857143,0.017857142857142856,0.03571428571428571,0.0,0.0,0.0,0.0
2021-02-27,蒲郡,9,一般戦,3,3161,古場輝義,60,大阪,52,B1,5.38,32.74,5.33,33.33,68,45.86,41,32.66,晴,無風,0,0,6.72,3,逃げ,3,0.21,1.50.7,古場輝義,45.0,2.0,6.0,13.0,0.1906666666666666,0.0,2.0,0.0,0.0,0.0,0.0,0.0,0.0,0.0,0.0,0.1876271186440678,0.044444444444444446,0.13333333333333333,0.28888888888888886,0.0,0.0,0.044444444444444446,0.0,0.0,0.0,0.0,0.0
2021-02-27,蒲郡,9,一般戦,4,3602,奥平拓也,50,東京,52,A2,5.68,35.94,5.54,34.62,62,45.61,34,34.88,晴,無風,0,0,6.79,5,逃げ,4,0.18,.  .,奥平拓也,42.0,1.0,7.0,15.0,0.175,0.0,0.0,0.0,1.0,0.0,0.0,0.0,0.0,0.0,0.0,0.1665338645418326,0.023809523809523808,0.16666666666666666,0.35714285714285715,0.0,0.0,0.0,0.0,0.023809523809523808,0.0,0.0,0.0
2021-02-27,蒲郡,9,一般戦,5,4516,野口勝弘,34,愛知,53,B1,5.21,29.77,5.82,40.35,22,33.67,24,38.5,晴,無風,0,0,6.71,4,逃げ,5,0.24,1.50.8,野口勝弘,39.0,0.0,3.0,13.0,0.1894871794871794,0.0,0.0,0.0,0.0,0.0,0.0,0.0,0.0,0.0,0.0,0.1722553191489361,0.0,0.07692307692307693,0.3333333333333333,0.0,0.0,0.0,0.0,0.0,0.0,0.0,0.0
2021-02-27,蒲郡,9,一般戦,6,4442,松竹大輔,34,愛知,52,A2,6.28,44.35,5.62,40.74,67,40.86,36,41.24,晴,無風,0,0,6.76,6,逃げ,6,0.22,.  .,松竹大輔,34.0,1.0,4.0,5.0,0.1835294117647058,0.0,0.0,0.0,1.0,0.0,0.0,0.0,0.0,0.0,0.0,0.1602008032128514,0.029411764705882353,0.11764705882352941,0.14705882352941177,0.0,0.0,0.0,0.0,0.029411764705882353,0.0,0.0,0.0
2021-02-27,蒲郡,10,準優勝戦,1,4796,春園功太,29,三重,51,A2,6.14,44.44,5.33,33.33,39,35.48,14,32.12,晴,北西,1,0,6.74,5,まくり,1,0.13,.  .,春園功太,52.0,29.0,13.0,5.0,0.1630769230769231,28.0,0.0,0.0,0.0,1.0,0.0,3.0,6.0,9.0,0.0,0.16556,0.5576923076923077,0.25,0.09615384615384616,0.5384615384615384,0.0,0.0,0.0,0.0,0.057692307692307696,0.11538461538461539,0.17307692307692307
2021-02-27,蒲郡,10,準優勝戦,2,4024,井口佳典,43,三重,51,A1,8.17,59.43,8.27,56.86,56,35.33,30,31.07,晴,北西,1,0,6.79,6,まくり,2,0.12,.  .,井口佳典,31.0,9.0,6.0,7.0,0.1629032258064516,1.0,1.0,5.0,0.0,2.0,0.0,0.0,0.0,0.0,10.0,0.1407964601769911,0.2903225806451613,0.1935483870967742,0.22580645161290322,0.03225806451612903,0.3225806451612903,0.03225806451612903,0.16129032258064516,0.0,0.0,0.0,0.0
2021-02-27,蒲郡,10,準優勝戦,3,3251,平石和男,54,埼玉,51,A2,5.68,33.09,5.88,36.0,65,34.67,48,45.2,晴,北西,1,0,6.83,4,まくり,3,0.11,1.51.7,平石和男,46.0,7.0,7.0,13.0,0.1741304347826087,0.0,1.0,1.0,4.0,1.0,0.0,0.0,0.0,0.0,0.0,0.1822592592592592,0.15217391304347827,0.15217391304347827,0.2826086956521739,0.0,0.0,0.021739130434782608,0.021739130434782608,0.08695652173913043,0.0,0.0,0.0
2021-02-27,蒲郡,10,準優勝戦,4,4892,柴田直哉,30,福岡,51,B1,4.88,30.36,4.79,13.79,72,34.52,28,25.9,晴,北西,1,0,6.78,1,まくり,4,0.02,1.47.4,柴田直哉,41.0,3.0,6.0,9.0,0.1726829268292683,0.0,0.0,2.0,1.0,0.0,0.0,0.0,0.0,0.0,0.0,0.1741777777777777,0.07317073170731707,0.14634146341463414,0.21951219512195122,0.0,0.0,0.0,0.04878048780487805,0.024390243902439025,0.0,0.0,0.0
2021-02-27,蒲郡,10,準優勝戦,5,4188,久田敏之,39,群馬,52,A1,7.75,64.29,7.33,52.5,13,38.16,37,39.23,晴,北西,1,0,6.79,3,まくり,5,0.05,1.50.3,久田敏之,39.0,3.0,8.0,4.0,0.1266666666666666,0.0,0.0,0.0,1.0,1.0,1.0,0.0,0.0,0.0,0.0,0.1218840579710145,0.07692307692307693,0.20512820512820512,0.10256410256410256,0.0,0.0,0.0,0.0,0.02564102564102564,0.0,0.0,0.0
2021-02-27,蒲郡,10,準優勝戦,6,4659,木下翔太,29,大阪,55,A1,7.45,60.14,7.81,76.19,15,33.5,17,29.38,晴,北西,1,0,6.83,2,まくり,6,0.07,1.48.4,木下翔太,36.0,0.0,4.0,7.0,0.1963888888888889,0.0,0.0,0.0,0.0,0.0,0.0,0.0,0.0,0.0,0.0,0.1554789272030651,0.0,0.1111111111111111,0.19444444444444445,0.0,0.0,0.0,0.0,0.0,0.0,0.0,0.0
2021-02-27,蒲郡,11,準優勝戦,1,3897,白井英治,44,山口,54,A1,8.19,63.37,7.82,50.0,50,33.99,70,39.89,晴,無風,0,0,6.69,1,逃げ,1,0.03,1.48.1,白井英治,65.0,52.0,5.0,6.0,0.1318461538461538,48.0,0.0,0.0,0.0,4.0,0.0,6.0,4.0,3.0,0.0,0.1343514644351464,0.8,0.07692307692307693,0.09230769230769231,0.7384615384615385,0.0,0.0,0.0,0.0,0.09230769230769231,0.06153846153846154,0.046153846153846156
2021-02-27,蒲郡,11,準優勝戦,2,3952,中澤和志,44,埼玉,54,A1,6.48,48.65,7.51,62.79,31,29.9,74,28.81,晴,無風,0,0,6.73,2,逃げ,2,0.05,1.49.1,中澤和志,52.0,11.0,16.0,9.0,0.1432692307692307,1.0,9.0,1.0,0.0,0.0,0.0,0.0,0.0,0.0,27.0,0.1519029850746268,0.21153846153846154,0.3076923076923077,0.17307692307692307,0.019230769230769232,0.5192307692307693,0.17307692307692307,0.019230769230769232,0.0,0.0,0.0,0.0
2021-02-27,蒲郡,11,準優勝戦,3,4360,庄司孝輔,36,静岡,52,B1,5.2,31.18,4.35,17.5,14,37.89,59,41.67,晴,無風,0,0,6.72,3,逃げ,3,0.06,1.50.9,庄司孝輔,37.0,3.0,5.0,8.0,0.1862162162162162,0.0,0.0,1.0,1.0,1.0,0.0,0.0,0.0,0.0,0.0,0.1881443298969072,0.08108108108108109,0.13513513513513514,0.21621621621621623,0.0,0.0,0.0,0.02702702702702703,0.02702702702702703,0.0,0.0,0.0
2021-02-27,蒲郡,11,準優勝戦,4,4640,山ノ内雅,30,福岡,53,A2,6.51,48.65,4.0,23.53,18,34.05,21,33.69,晴,無風,0,0,6.76,6,逃げ,5,0.1,.  .,山ノ内雅人,42.0,7.0,7.0,7.0,0.1171428571428571,0.0,0.0,3.0,3.0,0.0,1.0,0.0,0.0,0.0,0.0,0.1394042553191489,0.16666666666666666,0.16666666666666666,0.16666666666666666,0.0,0.0,0.0,0.07142857142857142,0.07142857142857142,0.0,0.0,0.0
2021-02-27,蒲郡,11,準優勝戦,5,3550,都築正治,49,愛知,54,A2,6.05,44.27,7.42,63.3,48,32.42,29,46.0,晴,無風,0,0,6.75,5,逃げ,4,0.05,.  .,都築正治,30.0,3.0,2.0,5.0,0.1816666666666666,0.0,0.0,2.0,1.0,0.0,0.0,0.0,0.0,0.0,0.0,0.1638735177865612,0.1,0.06666666666666667,0.16666666666666666,0.0,0.0,0.0,0.06666666666666667,0.03333333333333333,0.0,0.0,0.0
2021-02-27,蒲郡,11,準優勝戦,6,3427,大賀広幸,53,山口,53,A2,5.42,33.33,4.42,25.0,71,35.67,57,42.11,晴,無風,0,0,6.74,4,逃げ,6,0.12,1.51.3,大賀広幸,25.0,1.0,3.0,10.0,0.1732,0.0,0.0,0.0,1.0,0.0,0.0,0.0,0.0,0.0,0.0,0.1692,0.04,0.12,0.4,0.0,0.0,0.0,0.0,0.04,0.0,0.0,0.0
2021-02-27,蒲郡,12,準優勝戦,1,4044,湯川浩司,41,大阪,52,A1,7.03,43.75,7.19,40.38,33,31.05,58,27.78,晴,南西,1,0,6.72,1,逃げ,1,0.05,1.47.3,湯川浩司,47.0,35.0,7.0,3.0,0.1344680851063829,35.0,0.0,0.0,0.0,0.0,0.0,3.0,3.0,4.0,0.0,0.1412444444444444,0.7446808510638298,0.14893617021276595,0.06382978723404255,0.7446808510638298,0.0,0.0,0.0,0.0,0.06382978723404255,0.06382978723404255,0.0851063829787234
2021-02-27,蒲郡,12,準優勝戦,2,4430,永田秀二,35,東京,56,A1,6.45,47.11,6.23,43.33,20,40.36,72,35.91,晴,南西,1,0,6.73,6,逃げ,5,0.17,.  .,永田秀二,39.0,10.0,12.0,4.0,0.1541025641025641,0.0,5.0,5.0,0.0,0.0,0.0,0.0,0.0,0.0,19.0,0.1516165413533834,0.2564102564102564,0.3076923076923077,0.10256410256410256,0.0,0.48717948717948717,0.1282051282051282,0.1282051282051282,0.0,0.0,0.0,0.0
2021-02-27,蒲郡,12,準優勝戦,3,3622,山崎智也,46,群馬,54,A1,6.7,47.22,6.13,32.26,27,37.35,55,40.89,晴,南西,1,0,6.8,5,逃げ,2,0.07,.  .,山崎智也,33.0,5.0,13.0,6.0,0.1727272727272727,0.0,0.0,4.0,1.0,0.0,0.0,0.0,0.0,0.0,0.0,0.1665315315315315,0.15151515151515152,0.3939393939393939,0.18181818181818182,0.0,0.0,0.0,0.12121212121212122,0.030303030303030304,0.0,0.0,0.0
2021-02-27,蒲郡,12,準優勝戦,4,3619,長谷川充,47,群馬,52,B1,5.19,29.63,5.74,31.58,59,32.2,22,40.0,晴,南西,1,0,6.78,2,逃げ,3,0.14,1.48.4,長谷川充,40.0,1.0,7.0,11.0,0.16875,0.0,1.0,0.0,0.0,0.0,0.0,0.0,0.0,0.0,0.0,0.1899206349206349,0.025,0.175,0.275,0.0,0.0,0.025,0.0,0.0,0.0,0.0,0.0
2021-02-27,蒲郡,12,準優勝戦,5,4537,渡邉和将,31,岡山,54,A1,6.66,48.39,8.43,71.43,63,40.37,46,42.86,晴,南西,1,0,6.78,3,逃げ,6,0.24,1.50.2,渡邉和将,34.0,5.0,3.0,10.0,0.1376470588235294,0.0,2.0,2.0,1.0,0.0,0.0,0.0,0.0,0.0,0.0,0.1407450980392157,0.14705882352941177,0.08823529411764706,0.29411764705882354,0.0,0.0,0.058823529411764705,0.058823529411764705,0.029411764705882353,0.0,0.0,0.0
2021-02-27,蒲郡,12,準優勝戦,6,4594,谷川祐一,39,滋賀,52,A1,6.31,49.56,5.36,27.66,53,30.41,60,28.13,晴,南西,1,0,6.74,4,逃げ,4,0.1,1.51.6,谷川祐一,36.0,2.0,6.0,5.0,0.1527777777777778,1.0,0.0,0.0,0.0,1.0,0.0,0.0,0.0,0.0,0.0,0.1325746268656716,0.05555555555555555,0.16666666666666666,0.1388888888888889,0.027777777777777776,0.0,0.0,0.0,0.0,0.0,0.0,0.0
2021-02-27,多摩川,1,まつりだｏｎ,1,4824,松井洪弥,27,三重,52,A2,5.8,39.67,5.47,42.11,27,32.0,45,33.76,晴,北東,5,2,6.83,2,まくり差し,1,0.19,1.49.0,松井洪弥,43.0,29.0,4.0,4.0,0.1713953488372093,29.0,0.0,0.0,0.0,0.0,0.0,0.0,8.0,2.0,0.0,0.1527642276422764,0.6744186046511628,0.09302325581395349,0.09302325581395349,0.6744186046511628,0.0,0.0,0.0,0.0,0.0,0.18604651162790697,0.046511627906976744
2021-02-27,多摩川,1,まつりだｏｎ,2,4489,岩川仁士,34,大阪,55,B1,4.77,23.85,5.06,31.25,30,21.58,65,30.95,晴,北東,5,2,6.81,3,まくり差し,2,0.22,1.51.5,岩川仁士,34.0,3.0,11.0,3.0,0.1705882352941176,0.0,2.0,1.0,0.0,0.0,0.0,0.0,0.0,0.0,16.0,0.1833173076923077,0.08823529411764706,0.3235294117647059,0.08823529411764706,0.0,0.47058823529411764,0.058823529411764705,0.029411764705882353,0.0,0.0,0.0,0.0
2021-02-27,多摩川,1,まつりだｏｎ,3,3528,笠野友紀,49,愛知,50,B1,3.13,12.9,3.77,13.64,21,37.95,77,32.14,晴,北東,5,2,6.75,5,まくり差し,3,0.27,.  .,笠野友紀恵,23.0,1.0,6.0,1.0,0.1795652173913043,0.0,0.0,0.0,0.0,1.0,0.0,0.0,0.0,0.0,0.0,0.2108799999999999,0.043478260869565216,0.2608695652173913,0.043478260869565216,0.0,0.0,0.0,0.0,0.0,0.0,0.0,0.0
2021-02-27,多摩川,1,まつりだｏｎ,4,4144,石塚久也,39,埼玉,53,A1,6.75,53.13,5.57,32.14,25,24.32,64,40.46,晴,北東,5,2,6.76,1,まくり差し,4,0.18,1.47.6,石塚久也,30.0,1.0,9.0,11.0,0.1533333333333333,0.0,0.0,0.0,0.0,1.0,0.0,0.0,0.0,0.0,0.0,0.174021164021164,0.03333333333333333,0.3,0.36666666666666664,0.0,0.0,0.0,0.0,0.0,0.0,0.0,0.0
2021-02-27,多摩川,1,まつりだｏｎ,5,2841,吉田　稔,64,群馬,54,B1,4.59,22.35,5.04,29.17,50,31.58,27,40.46,晴,北東,5,2,6.7,4,まくり差し,5,0.18,1.52.6,吉田稔,28.0,1.0,7.0,6.0,0.1792857142857142,0.0,0.0,1.0,0.0,0.0,0.0,0.0,0.0,0.0,0.0,0.1960919540229884,0.03571428571428571,0.25,0.21428571428571427,0.0,0.0,0.0,0.03571428571428571,0.0,0.0,0.0,0.0
2021-02-27,多摩川,1,まつりだｏｎ,6,4177,萬　正嗣,38,群馬,58,B1,5.01,32.14,5.33,36.36,11,32.18,41,30.19,晴,北東,5,2,6.87,6,まくり差し,6,0.21,.  .,萬正嗣,29.0,0.0,1.0,4.0,0.2013793103448276,0.0,0.0,0.0,0.0,0.0,0.0,0.0,0.0,0.0,0.0,0.1670114942528735,0.0,0.034482758620689655,0.13793103448275862,0.0,0.0,0.0,0.0,0.0,0.0,0.0,0.0
2021-02-27,多摩川,2,予選,1,3551,藤田美代,49,福岡,45,B1,4.56,18.0,3.9,30.0,35,28.99,51,25.83,晴,北東,3,2,6.63,4,まくり,1,0.2,1.54.0,藤田美代,21.0,8.0,0.0,5.0,0.2071428571428571,8.0,0.0,0.0,0.0,0.0,0.0,2.0,10.0,1.0,0.0,0.1906024096385542,0.38095238095238093,0.0,0.23809523809523808,0.38095238095238093,0.0,0.0,0.0,0.0,0.09523809523809523,0.47619047619047616,0.047619047619047616
2021-02-27,多摩川,2,予選,2,4215,吉島祥之,36,愛知,54,B1,4.8,26.09,4.55,24.24,57,26.06,67,25.17,晴,北東,3,2,6.77,1,まくり,2,0.18,1.48.5,吉島祥之,38.0,4.0,10.0,5.0,0.1934210526315789,0.0,3.0,1.0,0.0,0.0,0.0,0.0,0.0,0.0,22.0,0.1912719298245614,0.10526315789473684,0.2631578947368421,0.13157894736842105,0.0,0.5789473684210527,0.07894736842105263,0.02631578947368421,0.0,0.0,0.0,0.0
2021-02-27,多摩川,2,予選,3,4739,中村晃朋,29,香川,52,A2,6.39,48.68,6.0,33.33,15,30.98,21,39.8,晴,北東,3,2,6.74,2,まくり,3,0.2,1.50.5,中村晃朋,41.0,3.0,16.0,10.0,0.1648780487804878,0.0,1.0,1.0,1.0,0.0,0.0,0.0,0.0,0.0,0.0,0.1737262357414448,0.07317073170731707,0.3902439024390244,0.24390243902439024,0.0,0.0,0.024390243902439025,0.024390243902439025,0.024390243902439025,0.0,0.0,0.0
2021-02-27,多摩川,2,予選,4,3950,石川哲秀,44,大阪,55,B1,4.11,18.69,3.75,18.75,70,34.07,71,40.45,晴,北東,3,2,6.73,5,まくり,4,0.19,.  .,石川哲秀,41.0,1.0,4.0,7.0,0.163170731707317,0.0,0.0,0.0,1.0,0.0,0.0,0.0,0.0,0.0,0.0,0.1689285714285714,0.024390243902439025,0.0975609756097561,0.17073170731707318,0.0,0.0,0.0,0.0,0.024390243902439025,0.0,0.0,0.0
2021-02-27,多摩川,2,予選,5,4663,籾山佳岳,38,愛知,53,B1,4.38,21.0,4.18,17.65,22,32.56,75,33.14,晴,北東,3,2,6.71,6,まくり,5,0.26,.  .,籾山佳岳,34.0,0.0,3.0,5.0,0.178235294117647,0.0,0.0,0.0,0.0,0.0,0.0,0.0,0.0,0.0,0.0,0.173025641025641,0.0,0.08823529411764706,0.14705882352941177,0.0,0.0,0.0,0.0,0.0,0.0,0.0,0.0
2021-02-27,多摩川,2,予選,6,4080,山崎哲司,42,愛知,53,A1,6.9,51.63,7.02,53.23,67,31.9,81,28.06,晴,北東,3,2,6.67,3,まくり,6,0.18,1.52.1,山崎哲司,42.0,5.0,6.0,8.0,0.1323809523809524,0.0,3.0,0.0,1.0,1.0,0.0,0.0,0.0,0.0,0.0,0.1265808823529411,0.11904761904761904,0.14285714285714285,0.19047619047619047,0.0,0.0,0.07142857142857142,0.0,0.023809523809523808,0.0,0.0,0.0
2021-02-27,多摩川,3,予選,1,4068,幸田智裕,40,静岡,55,B1,5.42,33.81,6.25,37.5,68,30.41,24,27.78,晴,北東,3,2,6.77,4,差し,1,0.17,1.52.2,幸田智裕,34.0,18.0,8.0,3.0,0.1552941176470588,16.0,0.0,0.0,0.0,2.0,0.0,7.0,6.0,3.0,0.0,0.1586301369863013,0.5294117647058824,0.23529411764705882,0.08823529411764706,0.47058823529411764,0.0,0.0,0.0,0.0,0.20588235294117646,0.17647058823529413,0.08823529411764706
2021-02-27,多摩川,3,予選,2,4959,井上忠政,24,大阪,52,A1,6.58,47.24,5.9,30.0,16,25.16,37,26.17,晴,北東,3,2,6.71,3,差し,2,0.15,1.50.6,井上忠政,48.0,9.0,14.0,10.0,0.1675,0.0,3.0,4.0,0.0,2.0,0.0,0.0,0.0,0.0,22.0,0.1594773519163763,0.1875,0.2916666666666667,0.20833333333333334,0.0,0.4583333333333333,0.0625,0.08333333333333333,0.0,0.0,0.0,0.0
2021-02-27,多摩川,3,予選,3,4311,岡村　仁,37,大阪,55,A1,6.45,43.16,5.0,20.0,59,30.34,73,32.05,晴,北東,3,2,6.71,1,差し,3,0.07,1.48.1,岡村仁,24.0,7.0,4.0,2.0,0.13875,0.0,0.0,3.0,4.0,0.0,0.0,0.0,0.0,0.0,0.0,0.1618131868131868,0.2916666666666667,0.16666666666666666,0.08333333333333333,0.0,0.0,0.0,0.125,0.16666666666666666,0.0,0.0,0.0
2021-02-27,多摩川,3,予選,4,3207,田村美和,55,東京,53,B2,3.43,14.29,3.92,13.89,47,27.67,63,30.0,晴,北東,3,2,6.74,5,差し,4,0.14,.  .,田村美和,22.0,0.0,1.0,4.0,0.1863636363636363,0.0,0.0,0.0,0.0,0.0,0.0,0.0,0.0,0.0,0.0,0.2003846153846153,0.0,0.045454545454545456,0.18181818181818182,0.0,0.0,0.0,0.0,0.0,0.0,0.0,0.0
2021-02-27,多摩川,3,予選,5,4246,喜多那由,38,静岡,49,B1,4.22,21.62,3.69,18.75,18,29.63,43,31.03,晴,北東,3,2,6.87,6,差し,5,0.08,.  .,喜多那由夏,28.0,1.0,1.0,2.0,0.2253571428571428,0.0,0.0,0.0,1.0,0.0,0.0,0.0,0.0,0.0,0.0,0.2114970059880239,0.03571428571428571,0.03571428571428571,0.07142857142857142,0.0,0.0,0.0,0.0,0.03571428571428571,0.0,0.0,0.0
2021-02-27,多摩川,3,予選,6,3987,後藤正宗,42,静岡,53,A2,5.31,34.13,6.25,50.0,34,34.64,82,21.95,晴,北東,3,2,6.79,2,差し,6,0.02,1.50.5,後藤正宗,39.0,0.0,5.0,6.0,0.1438461538461538,0.0,0.0,0.0,0.0,0.0,0.0,0.0,0.0,0.0,0.0,0.1525619834710743,0.0,0.1282051282051282,0.15384615384615385,0.0,0.0,0.0,0.0,0.0,0.0,0.0,0.0
2021-02-27,多摩川,4,予選,1,3945,橋口真樹,45,愛知,50,B1,4.41,20.25,3.08,0.0,60,29.11,44,32.34,晴,北東,6,2,6.83,1,逃げ,1,0.09,1.48.9,橋口真樹,22.0,8.0,5.0,2.0,0.2177272727272727,8.0,0.0,0.0,0.0,0.0,0.0,7.0,2.0,4.0,0.0,0.194,0.36363636363636365,0.22727272727272727,0.09090909090909091,0.36363636363636365,0.0,0.0,0.0,0.0,0.3181818181818182,0.09090909090909091,0.18181818181818182
2021-02-27,多摩川,4,予選,2,4089,妹尾忠幸,40,岡山,54,A1,6.13,41.72,5.5,30.0,12,34.86,74,37.43,晴,北東,6,2,6.71,2,逃げ,2,0.14,1.49.6,妹尾忠幸,43.0,9.0,14.0,10.0,0.1751162790697674,0.0,9.0,0.0,0.0,0.0,0.0,0.0,0.0,0.0,24.0,0.1724060150375939,0.20930232558139536,0.32558139534883723,0.23255813953488372,0.0,0.5581395348837209,0.20930232558139536,0.0,0.0,0.0,0.0,0.0
2021-02-27,多摩川,4,予選,3,5049,松井友汰,26,大阪,56,B1,4.09,19.83,0.0,0.0,66,29.5,61,25.87,晴,北東,6,2,6.68,3,逃げ,3,0.15,1.52.4,松井友汰,29.0,1.0,6.0,7.0,0.1548275862068965,0.0,0.0,0.0,0.0,1.0,0.0,0.0,0.0,0.0,0.0,0.1757058823529411,0.034482758620689655,0.20689655172413793,0.2413793103448276,0.0,0.0,0.0,0.0,0.0,0.0,0.0,0.0
2021-02-27,多摩川,4,予選,4,4162,竹本太樹,39,大阪,53,A2,5.14,33.33,5.49,32.56,53,31.21,25,39.43,晴,北東,6,2,6.65,5,逃げ,4,0.12,.  .,竹本太樹,33.0,2.0,3.0,9.0,0.1578787878787878,0.0,0.0,1.0,1.0,0.0,0.0,0.0,0.0,0.0,0.0,0.1561538461538461,0.06060606060606061,0.09090909090909091,0.2727272727272727,0.0,0.0,0.0,0.030303030303030304,0.030303030303030304,0.0,0.0,0.0
2021-02-27,多摩川,4,予選,5,3474,松瀬弘美,50,静岡,47,B1,4.61,24.71,0.0,0.0,48,31.17,78,41.95,晴,北東,6,2,6.82,6,逃げ,5,0.14,.  .,松瀬弘美,23.0,0.0,2.0,3.0,0.1943478260869565,0.0,0.0,0.0,0.0,0.0,0.0,0.0,0.0,0.0,0.0,0.2001744186046511,0.0,0.08695652173913043,0.13043478260869565,0.0,0.0,0.0,0.0,0.0,0.0,0.0,0.0
2021-02-27,多摩川,4,予選,6,4129,宇野博之,40,愛知,56,B1,3.55,14.29,0.0,0.0,31,34.33,35,28.57,晴,北東,6,2,6.76,4,逃げ,6,0.17,1.53.1,宇野博之,32.0,1.0,2.0,2.0,0.18375,0.0,0.0,0.0,0.0,1.0,0.0,0.0,0.0,0.0,0.0,0.1758285714285714,0.03125,0.0625,0.0625,0.0,0.0,0.0,0.0,0.0,0.0,0.0,0.0
2021-02-27,多摩川,5,予選,1,3624,大石和彦,52,静岡,54,B1,4.01,20.41,4.56,27.78,63,30.26,49,34.39,晴,北東,4,2,6.98,6,差し,1,0.19,.  .,大石和彦,28.0,9.0,7.0,2.0,0.1785714285714285,8.0,0.0,0.0,0.0,0.0,1.0,7.0,9.0,2.0,0.0,0.1794845360824742,0.32142857142857145,0.25,0.07142857142857142,0.2857142857142857,0.0,0.0,0.0,0.0,0.25,0.32142857142857145,0.07142857142857142
2021-02-27,多摩川,5,予選,2,4762,藤原啓史,30,岡山,50,A1,6.58,52.27,7.33,55.56,44,42.11,70,32.0,晴,北東,4,2,6.87,1,差し,2,0.12,1.49.0,藤原啓史朗,44.0,7.0,17.0,10.0,0.1254545454545454,0.0,4.0,3.0,0.0,0.0,0.0,0.0,0.0,0.0,28.0,0.1319685039370078,0.1590909090909091,0.38636363636363635,0.22727272727272727,0.0,0.6363636363636364,0.09090909090909091,0.06818181818181818,0.0,0.0,0.0,0.0
2021-02-27,多摩川,5,予選,3,4159,向後龍一,39,埼玉,51,A1,6.26,42.4,5.8,35.0,73,26.28,39,45.4,晴,北東,4,2,6.76,2,差し,3,0.16,1.49.6,向後龍一,39.0,6.0,12.0,9.0,0.16,0.0,1.0,3.0,1.0,1.0,0.0,0.0,0.0,0.0,0.0,0.168267716535433,0.15384615384615385,0.3076923076923077,0.23076923076923078,0.0,0.0,0.02564102564102564,0.07692307692307693,0.02564102564102564,0.0,0.0,0.0
2021-02-27,多摩川,5,予選,4,4177,萬　正嗣,38,群馬,58,B1,5.01,32.14,5.33,36.36,11,32.18,41,30.19,晴,北東,4,2,6.95,3,差し,4,0.17,1.52.2,萬正嗣,29.0,3.0,6.0,6.0,0.1527586206896551,0.0,1.0,1.0,1.0,0.0,0.0,0.0,0.0,0.0,0.0,0.1670114942528735,0.10344827586206896,0.20689655172413793,0.20689655172413793,0.0,0.0,0.034482758620689655,0.034482758620689655,0.034482758620689655,0.0,0.0,0.0
2021-02-27,多摩川,5,予選,5,3968,茶谷信次,44,滋賀,54,A2,6.1,43.54,5.48,32.0,17,25.69,83,31.21,晴,北東,4,2,6.94,4,差し,5,0.11,1.52.6,茶谷信次,46.0,1.0,7.0,11.0,0.1591304347826087,0.0,1.0,0.0,0.0,0.0,0.0,0.0,0.0,0.0,0.0,0.1616724738675958,0.021739130434782608,0.15217391304347827,0.2391304347826087,0.0,0.0,0.021739130434782608,0.0,0.0,0.0,0.0,0.0
2021-02-27,多摩川,5,予選,6,4229,市川美宏,37,静岡,53,B1,5.65,34.04,4.61,27.78,24,27.74,59,36.93,晴,北東,4,2,6.88,5,差し,6,0.15,.  .,市川美宏,26.0,1.0,2.0,5.0,0.2019230769230769,0.0,1.0,0.0,0.0,0.0,0.0,0.0,0.0,0.0,0.0,0.1729559748427672,0.038461538461538464,0.07692307692307693,0.19230769230769232,0.0,0.0,0.038461538461538464,0.0,0.0,0.0,0.0,0.0
2021-02-27,多摩川,6,予選,1,3823,本部真吾,48,三重,57,B1,4.96,29.73,5.51,40.0,28,32.43,53,38.07,晴,北東,5,2,6.8,3,差し,1,0.16,1.50.9,本部真吾,30.0,18.0,2.0,1.0,0.1653333333333333,17.0,0.0,0.0,0.0,1.0,0.0,2.0,7.0,1.0,0.0,0.1889756097560975,0.6,0.06666666666666667,0.03333333333333333,0.5666666666666667,0.0,0.0,0.0,0.0,0.06666666666666667,0.23333333333333334,0.03333333333333333
2021-02-27,多摩川,6,予選,2,4409,坂元浩仁,35,愛知,55,A1,6.6,49.29,6.7,46.81,29,24.32,50,29.89,晴,北東,5,2,6.79,2,差し,2,0.2,1.48.8,坂元浩仁,53.0,15.0,16.0,7.0,0.1520754716981132,0.0,9.0,5.0,0.0,1.0,0.0,0.0,0.0,0.0,26.0,0.1531386861313868,0.2830188679245283,0.3018867924528302,0.1320754716981132,0.0,0.49056603773584906,0.16981132075471697,0.09433962264150944,0.0,0.0,0.0,0.0
2021-02-27,多摩川,6,予選,3,4581,吉村　誠,31,静岡,51,A2,5.73,39.82,5.63,50.0,36,39.23,33,29.48,晴,北東,5,2,6.79,4,差し,3,0.2,1.53.2,吉村誠,42.0,8.0,7.0,7.0,0.1523809523809524,0.0,2.0,1.0,5.0,0.0,0.0,0.0,0.0,0.0,0.0,0.1606837606837607,0.19047619047619047,0.16666666666666666,0.16666666666666666,0.0,0.0,0.047619047619047616,0.023809523809523808,0.11904761904761904,0.0,0.0,0.0
2021-02-27,多摩川,6,予選,4,4069,山本修一,40,岡山,54,A1,5.86,36.36,5.25,32.14,39,24.2,72,28.67,晴,北東,5,2,6.84,1,差し,4,0.25,1.47.5,山本修一,47.0,4.0,14.0,13.0,0.1872340425531915,0.0,0.0,1.0,1.0,2.0,0.0,0.0,0.0,0.0,0.0,0.1630882352941176,0.0851063829787234,0.2978723404255319,0.2765957446808511,0.0,0.0,0.0,0.02127659574468085,0.02127659574468085,0.0,0.0,0.0
2021-02-27,多摩川,6,予選,5,3182,久保田美,56,群馬,50,B1,3.73,10.0,3.54,7.69,74,34.3,79,28.57,晴,北東,5,2,6.8,6,差し,5,0.37,.  .,久保田美紀,20.0,0.0,0.0,5.0,0.2234999999999999,0.0,0.0,0.0,0.0,0.0,0.0,0.0,0.0,0.0,0.0,0.2029059829059829,0.0,0.0,0.25,0.0,0.0,0.0,0.0,0.0,0.0,0.0,0.0
2021-02-27,多摩川,6,予選,6,3528,笠野友紀,49,愛知,50,B1,3.13,12.9,3.77,13.64,21,37.95,77,32.14,晴,北東,5,2,6.74,5,差し,6,0.31,.  .,笠野友紀恵,23.0,0.0,0.0,6.0,0.2256521739130434,0.0,0.0,0.0,0.0,0.0,0.0,0.0,0.0,0.0,0.0,0.2108799999999999,0.0,0.0,0.2608695652173913,0.0,0.0,0.0,0.0,0.0,0.0,0.0,0.0
2021-02-27,多摩川,7,予選,1,4215,吉島祥之,36,愛知,54,B1,4.8,26.09,4.55,24.24,57,26.06,67,25.17,晴,北東,5,2,6.92,6,まくり,1,0.32,.  .,吉島祥之,40.0,20.0,9.0,2.0,0.1689999999999999,19.0,0.0,0.0,0.0,1.0,0.0,4.0,9.0,7.0,0.0,0.1912719298245614,0.5,0.225,0.05,0.475,0.0,0.0,0.0,0.0,0.1,0.225,0.175
2021-02-27,多摩川,7,予選,2,4144,石塚久也,39,埼玉,53,A1,6.75,53.13,5.57,32.14,25,24.32,64,40.46,晴,北東,5,2,6.81,1,まくり,2,0.2,1.47.2,石塚久也,32.0,3.0,12.0,8.0,0.1765625,0.0,3.0,0.0,0.0,0.0,0.0,0.0,0.0,0.0,21.0,0.174021164021164,0.09375,0.375,0.25,0.0,0.65625,0.09375,0.0,0.0,0.0,0.0,0.0
2021-02-27,多摩川,7,予選,3,4461,安田吉宏,34,三重,58,B1,4.17,22.73,5.63,40.74,62,33.71,76,32.5,晴,北東,5,2,6.83,2,まくり,3,0.23,1.49.2,安田吉宏,35.0,2.0,5.0,6.0,0.1525714285714285,0.0,0.0,1.0,0.0,1.0,0.0,0.0,0.0,0.0,0.0,0.1796858638743455,0.05714285714285714,0.14285714285714285,0.17142857142857143,0.0,0.0,0.0,0.02857142857142857,0.0,0.0,0.0,0.0
2021-02-27,多摩川,7,予選,4,4068,幸田智裕,40,静岡,55,B1,5.42,33.81,6.25,37.5,68,30.41,84,30.51,晴,北東,5,2,6.85,4,まくり,6,0.13,1.52.5,幸田智裕,34.0,3.0,7.0,7.0,0.1741176470588235,0.0,1.0,0.0,2.0,0.0,0.0,0.0,0.0,0.0,0.0,0.1586301369863013,0.08823529411764706,0.20588235294117646,0.20588235294117646,0.0,0.0,0.029411764705882353,0.0,0.058823529411764705,0.0,0.0,0.0
2021-02-27,多摩川,7,予選,5,3422,服部幸男,50,静岡,56,B1,6.14,48.53,6.52,56.25,58,28.77,60,21.01,晴,北東,5,2,6.88,3,まくり,4,0.21,1.51.5,服部幸男,25.0,2.0,4.0,4.0,0.1852,0.0,0.0,0.0,1.0,1.0,0.0,0.0,0.0,0.0,0.0,0.1761578947368421,0.08,0.16,0.16,0.0,0.0,0.0,0.0,0.04,0.0,0.0,0.0
2021-02-27,多摩川,7,予選,6,3497,後藤　浩,52,埼玉,51,A2,5.6,40.0,5.78,35.29,55,33.52,26,33.33,晴,北東,5,2,6.82,5,まくり,5,0.19,.  .,後藤浩,40.0,2.0,2.0,8.0,0.1785,0.0,0.0,0.0,1.0,1.0,0.0,0.0,0.0,0.0,0.0,0.1766521739130435,0.05,0.05,0.2,0.0,0.0,0.0,0.0,0.025,0.0,0.0,0.0
2021-02-27,多摩川,8,予選特賞,1,4254,川島圭司,37,滋賀,53,A2,5.82,35.06,0.0,0.0,23,32.43,40,27.17,晴,北東,5,2,6.75,1,逃げ,1,0.11,1.49.2,川島圭司,56.0,37.0,10.0,2.0,0.1294642857142857,37.0,0.0,0.0,0.0,0.0,0.0,7.0,6.0,6.0,0.0,0.1500342465753424,0.6607142857142857,0.17857142857142858,0.03571428571428571,0.6607142857142857,0.0,0.0,0.0,0.0,0.125,0.10714285714285714,0.10714285714285714
2021-02-27,多摩川,8,予選特賞,2,3474,松瀬弘美,50,静岡,47,B1,4.61,24.71,0.0,0.0,48,31.17,78,41.95,晴,北東,5,2,6.86,6,逃げ,2,0.17,.  .,松瀬弘美,30.0,0.0,12.0,4.0,0.204,0.0,0.0,0.0,0.0,0.0,0.0,0.0,0.0,0.0,20.0,0.2001744186046511,0.0,0.4,0.13333333333333333,0.0,0.6666666666666666,0.0,0.0,0.0,0.0,0.0,0.0
2021-02-27,多摩川,8,予選特賞,3,4145,小澤　学,39,東京,54,B1,4.05,20.55,3.35,11.54,75,25.77,68,30.68,晴,北東,5,2,6.75,5,逃げ,3,0.12,.  .,小澤学,26.0,0.0,2.0,6.0,0.2434615384615384,0.0,0.0,0.0,0.0,0.0,0.0,0.0,0.0,0.0,0.0,0.2449624060150375,0.0,0.07692307692307693,0.23076923076923078,0.0,0.0,0.0,0.0,0.0,0.0,0.0,0.0
2021-02-27,多摩川,8,予選特賞,4,4824,松井洪弥,27,三重,52,A2,5.8,39.67,5.47,42.11,27,32.0,45,33.76,晴,北東,5,2,6.76,4,逃げ,4,0.07,1.52.9,松井洪弥,36.0,4.0,9.0,7.0,0.1466666666666666,0.0,0.0,1.0,1.0,0.0,2.0,0.0,0.0,0.0,0.0,0.1527642276422764,0.1111111111111111,0.25,0.19444444444444445,0.0,0.0,0.0,0.027777777777777776,0.027777777777777776,0.0,0.0,0.0
2021-02-27,多摩川,8,予選特賞,5,4080,山崎哲司,42,愛知,53,A1,6.9,51.63,7.02,53.23,67,31.9,81,28.06,晴,北東,5,2,6.93,2,逃げ,5,0.05,1.50.5,山崎哲司,44.0,2.0,11.0,13.0,0.1295454545454545,0.0,1.0,0.0,0.0,1.0,0.0,0.0,0.0,0.0,0.0,0.1265808823529411,0.045454545454545456,0.25,0.29545454545454547,0.0,0.0,0.022727272727272728,0.0,0.0,0.0,0.0,0.0
2021-02-27,多摩川,8,予選特賞,6,4959,井上忠政,24,大阪,52,A1,6.58,47.24,5.9,30.0,16,25.16,37,26.17,晴,北東,5,2,6.84,3,逃げ,6,0.07,1.51.4,井上忠政,34.0,2.0,3.0,9.0,0.1761764705882353,0.0,0.0,2.0,0.0,0.0,0.0,0.0,0.0,0.0,0.0,0.1594773519163763,0.058823529411764705,0.08823529411764706,0.2647058823529412,0.0,0.0,0.0,0.058823529411764705,0.0,0.0,0.0,0.0
2021-02-27,多摩川,9,ターゲット９,1,4762,藤原啓史,30,岡山,50,A1,6.58,52.27,7.33,55.56,44,42.11,70,32.0,晴,北東,3,2,6.77,1,逃げ,1,0.11,1.49.0,藤原啓史朗,57.0,46.0,7.0,2.0,0.1433333333333333,44.0,0.0,0.0,0.0,2.0,0.0,3.0,3.0,3.0,0.0,0.1319685039370078,0.8070175438596491,0.12280701754385964,0.03508771929824561,0.7719298245614035,0.0,0.0,0.0,0.0,0.05263157894736842,0.05263157894736842,0.05263157894736842
2021-02-27,多摩川,9,ターゲット９,2,3950,石川哲秀,44,大阪,55,B1,4.11,18.69,3.75,18.75,70,34.07,71,40.45,晴,北東,3,2,6.75,2,逃げ,2,0.11,1.50.3,石川哲秀,39.0,3.0,5.0,6.0,0.1728205128205128,0.0,2.0,0.0,1.0,0.0,0.0,0.0,0.0,0.0,25.0,0.1689285714285714,0.07692307692307693,0.1282051282051282,0.15384615384615385,0.0,0.6410256410256411,0.05128205128205128,0.0,0.02564102564102564,0.0,0.0,0.0
2021-02-27,多摩川,9,ターゲット９,3,4489,岩川仁士,34,大阪,55,B1,4.77,23.85,5.06,31.25,30,21.58,65,30.95,晴,北東,3,2,6.78,5,逃げ,3,0.14,.  .,岩川仁士,40.0,2.0,6.0,13.0,0.16725,0.0,0.0,0.0,2.0,0.0,0.0,0.0,0.0,0.0,0.0,0.1833173076923077,0.05,0.15,0.325,0.0,0.0,0.0,0.0,0.05,0.0,0.0,0.0
2021-02-27,多摩川,9,ターゲット９,4,3652,森下　勇,47,群馬,55,B1,3.88,14.42,4.07,14.81,43,33.33,55,32.05,晴,北東,3,2,6.85,4,逃げ,4,0.14,1.52.4,森下勇,38.0,0.0,3.0,6.0,0.1771052631578947,0.0,0.0,0.0,0.0,0.0,0.0,0.0,0.0,0.0,0.0,0.1802010050251256,0.0,0.07894736842105263,0.15789473684210525,0.0,0.0,0.0,0.0,0.0,0.0,0.0,0.0
2021-02-27,多摩川,9,ターゲット９,5,4129,宇野博之,40,愛知,56,B1,3.55,14.29,0.0,0.0,31,34.33,35,28.57,晴,北東,3,2,6.78,3,逃げ,5,0.16,1.51.5,宇野博之,28.0,1.0,3.0,3.0,0.1810714285714285,0.0,0.0,0.0,1.0,0.0,0.0,0.0,0.0,0.0,0.0,0.1758285714285714,0.03571428571428571,0.10714285714285714,0.10714285714285714,0.0,0.0,0.0,0.0,0.03571428571428571,0.0,0.0,0.0
2021-02-27,多摩川,9,ターゲット９,6,3207,田村美和,55,東京,53,B2,3.43,14.29,3.92,13.89,47,27.67,63,30.0,晴,北東,3,2,6.87,6,逃げ,6,0.15,.  .,田村美和,17.0,0.0,0.0,4.0,0.2317647058823529,0.0,0.0,0.0,0.0,0.0,0.0,0.0,0.0,0.0,0.0,0.2003846153846153,0.0,0.0,0.23529411764705882,0.0,0.0,0.0,0.0,0.0,0.0,0.0,0.0
2021-02-27,多摩川,10,予選特賞,1,4120,柘植政浩,39,滋賀,52,A2,5.59,36.36,5.63,36.84,40,26.24,28,29.73,晴,北東,4,2,6.66,2,差し,1,0.19,1.48.9,柘植政浩,49.0,29.0,11.0,3.0,0.1575510204081632,29.0,0.0,0.0,0.0,0.0,0.0,11.0,2.0,5.0,0.0,0.1716849816849816,0.5918367346938775,0.22448979591836735,0.061224489795918366,0.5918367346938775,0.0,0.0,0.0,0.0,0.22448979591836735,0.04081632653061224,0.10204081632653061
2021-02-27,多摩川,10,予選特賞,2,4311,岡村　仁,37,大阪,55,A1,6.45,43.16,5.0,20.0,59,30.34,73,32.05,晴,北東,4,2,6.74,1,差し,2,0.19,1.48.2,岡村仁,31.0,6.0,13.0,4.0,0.1348387096774193,0.0,4.0,1.0,0.0,1.0,0.0,0.0,0.0,0.0,20.0,0.1618131868131868,0.1935483870967742,0.41935483870967744,0.12903225806451613,0.0,0.6451612903225806,0.12903225806451613,0.03225806451612903,0.0,0.0,0.0,0.0
2021-02-27,多摩川,10,予選特賞,3,4663,籾山佳岳,38,愛知,53,B1,4.38,21.0,4.18,17.65,22,32.56,75,33.14,晴,北東,4,2,6.87,3,差し,3,0.19,1.50.7,籾山佳岳,34.0,2.0,1.0,10.0,0.165,0.0,0.0,0.0,2.0,0.0,0.0,0.0,0.0,0.0,0.0,0.173025641025641,0.058823529411764705,0.029411764705882353,0.29411764705882354,0.0,0.0,0.0,0.0,0.058823529411764705,0.0,0.0,0.0
2021-02-27,多摩川,10,予選特賞,4,4229,市川美宏,37,静岡,53,B1,5.65,34.04,4.61,27.78,24,27.74,59,36.93,晴,北東,4,2,6.77,6,差し,4,0.23,.  .,市川美宏,29.0,3.0,3.0,4.0,0.1958620689655172,0.0,1.0,2.0,0.0,0.0,0.0,0.0,0.0,0.0,0.0,0.1729559748427672,0.10344827586206896,0.10344827586206896,0.13793103448275862,0.0,0.0,0.034482758620689655,0.06896551724137931,0.0,0.0,0.0,0.0
2021-02-27,多摩川,10,予選特賞,5,4162,竹本太樹,39,大阪,53,A2,5.14,33.33,5.49,32.56,53,31.21,25,39.43,晴,北東,4,2,6.77,5,差し,5,0.2,.  .,竹本太樹,33.0,2.0,2.0,5.0,0.1612121212121212,0.0,0.0,0.0,2.0,0.0,0.0,0.0,0.0,0.0,0.0,0.1561538461538461,0.06060606060606061,0.06060606060606061,0.15151515151515152,0.0,0.0,0.0,0.0,0.06060606060606061,0.0,0.0,0.0
2021-02-27,多摩川,10,予選特賞,6,4069,山本修一,40,岡山,54,A1,5.86,36.36,5.25,32.14,39,24.2,72,28.67,晴,北東,4,2,6.8,4,差し,6,0.24,1.51.2,山本修一,42.0,2.0,3.0,15.0,0.1766666666666666,0.0,0.0,0.0,1.0,1.0,0.0,0.0,0.0,0.0,0.0,0.1630882352941176,0.047619047619047616,0.07142857142857142,0.35714285714285715,0.0,0.0,0.0,0.0,0.023809523809523808,0.0,0.0,0.0
2021-02-27,多摩川,11,予選特選,1,4089,妹尾忠幸,40,岡山,54,A1,6.13,41.72,5.5,30.0,12,34.86,74,37.43,晴,北東,5,2,6.79,1,逃げ,1,0.2,1.48.1,妹尾忠幸,55.0,37.0,7.0,3.0,0.1690909090909091,34.0,0.0,0.0,0.0,3.0,0.0,5.0,6.0,5.0,0.0,0.1724060150375939,0.6727272727272727,0.12727272727272726,0.05454545454545454,0.6181818181818182,0.0,0.0,0.0,0.0,0.09090909090909091,0.10909090909090909,0.09090909090909091
2021-02-27,多摩川,11,予選特選,2,3422,服部幸男,50,静岡,56,B1,6.14,48.53,6.52,56.25,58,28.77,60,21.01,晴,北東,5,2,6.65,5,逃げ,2,0.21,.  .,服部幸男,31.0,7.0,11.0,5.0,0.1841935483870967,0.0,3.0,4.0,0.0,0.0,0.0,0.0,0.0,0.0,17.0,0.1761578947368421,0.22580645161290322,0.3548387096774194,0.16129032258064516,0.0,0.5483870967741935,0.0967741935483871,0.12903225806451613,0.0,0.0,0.0,0.0
2021-02-27,多摩川,11,予選特選,3,4246,喜多那由,38,静岡,49,B1,4.22,21.62,3.69,18.75,18,29.63,43,31.03,晴,北東,5,2,6.75,6,逃げ,3,0.21,.  .,喜多那由夏,32.0,2.0,4.0,6.0,0.2015625,0.0,0.0,2.0,0.0,0.0,0.0,0.0,0.0,0.0,0.0,0.2114970059880239,0.0625,0.125,0.1875,0.0,0.0,0.0,0.0625,0.0,0.0,0.0,0.0
2021-02-27,多摩川,11,予選特選,4,4739,中村晃朋,29,香川,52,A2,6.39,48.68,6.0,33.33,15,30.98,21,39.8,晴,北東,5,2,6.7,2,逃げ,4,0.19,1.49.3,中村晃朋,50.0,3.0,12.0,8.0,0.176,0.0,0.0,1.0,2.0,0.0,0.0,0.0,0.0,0.0,0.0,0.1737262357414448,0.06,0.24,0.16,0.0,0.0,0.0,0.02,0.04,0.0,0.0,0.0
2021-02-27,多摩川,11,予選特選,5,4581,吉村　誠,31,静岡,51,A2,5.73,39.82,5.63,50.0,36,39.23,33,29.48,晴,北東,5,2,6.72,3,逃げ,5,0.15,1.51.0,吉村誠,38.0,5.0,4.0,7.0,0.1742105263157894,0.0,0.0,3.0,1.0,0.0,1.0,0.0,0.0,0.0,0.0,0.1606837606837607,0.13157894736842105,0.10526315789473684,0.18421052631578946,0.0,0.0,0.0,0.07894736842105263,0.02631578947368421,0.0,0.0,0.0
2021-02-27,多摩川,11,予選特選,6,3968,茶谷信次,44,滋賀,54,A2,6.1,43.54,5.48,32.0,17,25.69,83,31.21,晴,北東,5,2,6.73,4,逃げ,6,0.3,1.52.2,茶谷信次,42.0,0.0,5.0,5.0,0.1914285714285714,0.0,0.0,0.0,0.0,0.0,0.0,0.0,0.0,0.0,0.0,0.1616724738675958,0.0,0.11904761904761904,0.11904761904761904,0.0,0.0,0.0,0.0,0.0,0.0,0.0,0.0
2021-02-27,多摩川,12,記者選抜戦,1,4409,坂元浩仁,35,愛知,55,A1,6.6,49.29,6.7,46.81,29,24.32,50,29.89,晴,北東,3,2,6.66,1,逃げ,1,0.11,1.46.9,坂元浩仁,50.0,41.0,6.0,0.0,0.1534,41.0,0.0,0.0,0.0,0.0,0.0,1.0,3.0,5.0,0.0,0.1531386861313868,0.82,0.12,0.0,0.82,0.0,0.0,0.0,0.0,0.02,0.06,0.1
2021-02-27,多摩川,12,記者選抜戦,2,2841,吉田　稔,64,群馬,54,B1,4.59,22.35,5.04,29.17,50,31.58,27,40.46,晴,北東,3,2,6.66,4,逃げ,2,0.17,1.51.8,吉田稔,32.0,1.0,11.0,7.0,0.2059375,0.0,0.0,0.0,1.0,0.0,0.0,0.0,0.0,0.0,17.0,0.1960919540229884,0.03125,0.34375,0.21875,0.0,0.53125,0.0,0.0,0.03125,0.0,0.0,0.0
2021-02-27,多摩川,12,記者選抜戦,3,3987,後藤正宗,42,静岡,53,A2,5.31,34.13,6.25,50.0,34,34.64,82,21.95,晴,北東,3,2,6.8,6,逃げ,3,0.22,.  .,後藤正宗,42.0,5.0,13.0,5.0,0.1621428571428571,0.0,1.0,3.0,1.0,0.0,0.0,0.0,0.0,0.0,0.0,0.1525619834710743,0.11904761904761904,0.30952380952380953,0.11904761904761904,0.0,0.0,0.023809523809523808,0.07142857142857142,0.023809523809523808,0.0,0.0,0.0
2021-02-27,多摩川,12,記者選抜戦,4,5049,松井友汰,26,大阪,56,B1,4.09,19.83,0.0,0.0,66,29.5,61,25.87,晴,北東,3,2,6.68,3,逃げ,4,0.12,1.51.2,松井友汰,30.0,1.0,5.0,5.0,0.162,0.0,0.0,1.0,0.0,0.0,0.0,0.0,0.0,0.0,0.0,0.1757058823529411,0.03333333333333333,0.16666666666666666,0.16666666666666666,0.0,0.0,0.0,0.03333333333333333,0.0,0.0,0.0,0.0
2021-02-27,多摩川,12,記者選抜戦,5,3497,後藤　浩,52,埼玉,51,A2,5.6,40.0,5.78,35.29,55,33.52,26,33.33,晴,北東,3,2,6.75,5,逃げ,5,0.13,.  .,後藤浩,34.0,3.0,5.0,7.0,0.1694117647058823,0.0,0.0,1.0,1.0,1.0,0.0,0.0,0.0,0.0,0.0,0.1766521739130435,0.08823529411764706,0.14705882352941177,0.20588235294117646,0.0,0.0,0.0,0.029411764705882353,0.029411764705882353,0.0,0.0,0.0
2021-02-27,多摩川,12,記者選抜戦,6,4159,向後龍一,39,埼玉,51,A1,6.26,42.4,5.8,35.0,73,26.28,39,45.4,晴,北東,3,2,6.65,2,逃げ,6,0.15,1.48.8,向後龍一,36.0,0.0,2.0,11.0,0.1886111111111111,0.0,0.0,0.0,0.0,0.0,0.0,0.0,0.0,0.0,0.0,0.168267716535433,0.0,0.05555555555555555,0.3055555555555556,0.0,0.0,0.0,0.0,0.0,0.0,0.0,0.0
2021-02-27,戸田,1,予選,1,3596,河上年昭,51,埼玉,54,B1,4.62,27.66,4.07,14.29,2,23.89,22,34.07,晴,北,5,2,6.56,5,まくり,1,0.21,.  .,河上年昭,22.0,8.0,8.0,1.0,0.18,7.0,0.0,0.0,0.0,1.0,0.0,5.0,5.0,2.0,0.0,0.182710843373494,0.36363636363636365,0.36363636363636365,0.045454545454545456,0.3181818181818182,0.0,0.0,0.0,0.0,0.22727272727272727,0.22727272727272727,0.09090909090909091
2021-02-27,戸田,1,予選,2,3542,清水紀克,52,愛知,56,B1,4.02,24.21,3.71,21.43,18,33.83,48,38.97,晴,北,5,2,6.5,1,まくり,2,0.14,1.49.1,清水紀克,35.0,1.0,5.0,9.0,0.1774285714285714,1.0,0.0,0.0,0.0,0.0,0.0,0.0,0.0,0.0,18.0,0.191578947368421,0.02857142857142857,0.14285714285714285,0.2571428571428571,0.02857142857142857,0.5142857142857142,0.0,0.0,0.0,0.0,0.0,0.0
2021-02-27,戸田,1,予選,3,4898,菊地敬介,29,埼玉,59,B2,3.98,23.91,3.34,17.07,6,33.33,44,31.11,晴,北,5,2,6.83,2,まくり,3,0.17,1.50.9,菊地敬介,16.0,0.0,3.0,0.0,0.150625,0.0,0.0,0.0,0.0,0.0,0.0,0.0,0.0,0.0,0.0,0.1703658536585366,0.0,0.1875,0.0,0.0,0.0,0.0,0.0,0.0,0.0,0.0,0.0
2021-02-27,戸田,1,予選,4,4380,鈴木峻佑,36,静岡,52,B1,4.23,21.88,4.52,25.81,55,19.77,77,32.86,晴,北,5,2,6.57,3,まくり,4,0.11,1.51.7,鈴木峻佑,27.0,3.0,4.0,10.0,0.184074074074074,0.0,0.0,0.0,3.0,0.0,0.0,0.0,0.0,0.0,0.0,0.1890960451977401,0.1111111111111111,0.14814814814814814,0.37037037037037035,0.0,0.0,0.0,0.0,0.1111111111111111,0.0,0.0,0.0
2021-02-27,戸田,1,予選,5,4078,渡辺史之,42,群馬,50,B1,3.95,18.48,3.93,15.0,9,38.51,66,37.23,晴,北,5,2,6.69,4,まくり,5,0.17,1.52.9,渡辺史之,36.0,0.0,0.0,7.0,0.2233333333333333,0.0,0.0,0.0,0.0,0.0,0.0,0.0,0.0,0.0,0.0,0.2002392344497607,0.0,0.0,0.19444444444444445,0.0,0.0,0.0,0.0,0.0,0.0,0.0,0.0
2021-02-27,戸田,1,予選,6,5150,坂本雄紀,26,群馬,51,B2,1.36,0.0,0.83,0.0,11,30.2,50,36.96,晴,北,5,2,6.75,6,まくり,6,0.25,.  .,坂本雄紀,21.0,0.0,0.0,1.0,0.2271428571428571,0.0,0.0,0.0,0.0,0.0,0.0,0.0,0.0,0.0,0.0,0.2421212121212121,0.0,0.0,0.047619047619047616,0.0,0.0,0.0,0.0,0.0,0.0,0.0,0.0
2021-02-27,戸田,2,ウインウイン,1,4752,西尾亮輔,32,愛知,51,B1,3.69,14.29,3.47,13.33,56,28.89,28,36.03,晴,北,5,2,6.67,4,抜き,1,0.38,1.51.7,西尾亮輔,16.0,8.0,5.0,1.0,0.17375,5.0,0.0,0.0,0.0,3.0,0.0,2.0,2.0,2.0,0.0,0.184516129032258,0.5,0.3125,0.0625,0.3125,0.0,0.0,0.0,0.0,0.125,0.125,0.125
2021-02-27,戸田,2,ウインウイン,2,3533,佐川正道,49,埼玉,50,B1,5.03,29.46,5.62,39.74,63,41.61,74,35.96,晴,北,5,2,6.68,1,抜き,2,0.26,1.50.2,佐川正道,47.0,5.0,9.0,6.0,0.1878723404255319,0.0,4.0,0.0,0.0,1.0,0.0,0.0,0.0,0.0,17.0,0.1866,0.10638297872340426,0.19148936170212766,0.1276595744680851,0.0,0.3617021276595745,0.0851063829787234,0.0,0.0,0.0,0.0,0.0
2021-02-27,戸田,2,ウインウイン,3,3642,大塚浩二,49,静岡,52,B1,4.24,22.99,4.87,26.32,7,36.55,51,26.62,晴,北,5,2,6.75,2,抜き,3,0.24,1.50.6,大塚浩二,32.0,1.0,5.0,5.0,0.16375,0.0,1.0,0.0,0.0,0.0,0.0,0.0,0.0,0.0,0.0,0.1719767441860465,0.03125,0.15625,0.15625,0.0,0.0,0.03125,0.0,0.0,0.0,0.0,0.0
2021-02-27,戸田,2,ウインウイン,4,3319,山崎義明,54,埼玉,53,A1,6.08,44.14,6.47,45.21,14,28.46,45,23.02,晴,北,5,2,6.68,3,抜き,4,0.23,1.51.0,山崎義明,47.0,6.0,10.0,14.0,0.1431914893617021,0.0,1.0,2.0,0.0,3.0,0.0,0.0,0.0,0.0,0.0,0.1472602739726027,0.1276595744680851,0.2127659574468085,0.2978723404255319,0.0,0.0,0.02127659574468085,0.0425531914893617,0.0,0.0,0.0,0.0
2021-02-27,戸田,2,ウインウイン,5,5076,石原　光,24,静岡,48,B1,2.66,11.43,0.0,0.0,23,29.82,37,33.33,晴,北,5,2,6.71,6,抜き,5,0.35,.  .,石原光,28.0,2.0,0.0,2.0,0.2128571428571428,0.0,0.0,1.0,1.0,0.0,0.0,0.0,0.0,0.0,0.0,0.201875,0.07142857142857142,0.0,0.07142857142857142,0.0,0.0,0.0,0.03571428571428571,0.03571428571428571,0.0,0.0,0.0
2021-02-27,戸田,2,ウインウイン,6,5100,栗原一馬,24,群馬,54,B2,1.68,3.33,1.44,0.0,37,34.51,65,33.09,晴,北,5,2,6.67,5,抜き,6,0.25,.  .,栗原一馬,52.0,0.0,0.0,2.0,0.1917307692307692,0.0,0.0,0.0,0.0,0.0,0.0,0.0,0.0,0.0,0.0,0.1975,0.0,0.0,0.038461538461538464,0.0,0.0,0.0,0.0,0.0,0.0,0.0,0.0
2021-02-27,戸田,3,予選,1,4656,大崎　翔,33,兵庫,54,B1,4.85,29.01,4.07,14.29,15,38.93,63,29.29,晴,北,5,2,6.67,3,まくり,2,0.25,1.52.3,大崎翔,32.0,9.0,7.0,4.0,0.1559375,8.0,0.0,0.0,0.0,1.0,0.0,6.0,9.0,4.0,0.0,0.1506666666666666,0.28125,0.21875,0.125,0.25,0.0,0.0,0.0,0.0,0.1875,0.28125,0.125
2021-02-27,戸田,3,予選,2,4527,高野心吾,32,愛知,52,B1,3.99,17.58,5.43,28.57,22,43.56,68,34.35,晴,北,5,2,6.63,1,まくり,3,0.13,1.47.3,高野心吾,32.0,1.0,3.0,10.0,0.2103125,0.0,1.0,0.0,0.0,0.0,0.0,0.0,0.0,0.0,14.0,0.1849189189189189,0.03125,0.09375,0.3125,0.0,0.4375,0.03125,0.0,0.0,0.0,0.0,0.0
2021-02-27,戸田,3,予選,3,4297,山田哲也,38,東京,52,A1,7.13,60.63,7.83,56.67,50,24.44,62,38.02,晴,北,5,2,6.64,6,まくり,4,0.09,.  .,山田哲也,49.0,10.0,10.0,7.0,0.1218367346938775,0.0,2.0,4.0,3.0,1.0,0.0,0.0,0.0,0.0,0.0,0.1212267657992565,0.20408163265306123,0.20408163265306123,0.14285714285714285,0.0,0.0,0.04081632653061224,0.08163265306122448,0.061224489795918366,0.0,0.0,0.0
2021-02-27,戸田,3,予選,4,2876,鈴木幸夫,63,愛知,51,A1,5.84,42.19,5.97,44.12,10,23.85,54,36.3,晴,北,5,2,6.75,5,まくり,1,0.14,.  .,鈴木幸夫,43.0,11.0,8.0,7.0,0.1390697674418604,3.0,2.0,5.0,0.0,0.0,1.0,0.0,0.0,0.0,0.0,0.1471428571428571,0.2558139534883721,0.18604651162790697,0.16279069767441862,0.06976744186046512,0.0,0.046511627906976744,0.11627906976744186,0.0,0.0,0.0,0.0
2021-02-27,戸田,3,予選,5,3445,加藤高史,51,埼玉,53,A2,5.43,30.7,6.07,42.03,39,39.61,40,32.84,晴,北,5,2,6.63,2,まくり,5,0.12,1.47.9,加藤高史,32.0,5.0,7.0,3.0,0.1578125,0.0,2.0,0.0,2.0,1.0,0.0,0.0,0.0,0.0,0.0,0.1690983606557377,0.15625,0.21875,0.09375,0.0,0.0,0.0625,0.0,0.0625,0.0,0.0,0.0
2021-02-27,戸田,3,予選,6,4568,廣瀬真也,33,東京,50,A2,5.38,35.34,5.75,31.25,8,31.16,49,23.88,晴,北,5,2,6.69,4,まくり,6,0.17,1.53.2,廣瀬真也,39.0,1.0,4.0,8.0,0.1635897435897436,0.0,0.0,0.0,1.0,0.0,0.0,0.0,0.0,0.0,0.0,0.1381132075471698,0.02564102564102564,0.10256410256410256,0.20512820512820512,0.0,0.0,0.0,0.0,0.02564102564102564,0.0,0.0,0.0
2021-02-27,戸田,4,予選,1,3981,今坂晃広,43,静岡,53,B1,4.88,31.93,5.62,31.91,1,36.05,55,33.04,晴,北,3,1,6.71,1,逃げ,1,0.04,1.48.0,今坂晃広,44.0,23.0,12.0,3.0,0.1247727272727272,23.0,0.0,0.0,0.0,0.0,0.0,6.0,5.0,8.0,0.0,0.1428517110266159,0.5227272727272727,0.2727272727272727,0.06818181818181818,0.5227272727272727,0.0,0.0,0.0,0.0,0.13636363636363635,0.11363636363636363,0.18181818181818182
2021-02-27,戸田,4,予選,2,4037,別府正幸,42,埼玉,56,A2,5.17,33.12,5.33,39.53,17,28.21,21,38.17,晴,北,3,1,6.71,4,逃げ,2,0.06,1.50.7,別府正幸,45.0,4.0,11.0,8.0,0.1608888888888889,0.0,2.0,2.0,0.0,0.0,0.0,0.0,0.0,0.0,22.0,0.1692830188679245,0.08888888888888889,0.24444444444444444,0.17777777777777778,0.0,0.4888888888888889,0.044444444444444446,0.044444444444444446,0.0,0.0,0.0,0.0
2021-02-27,戸田,4,予選,3,4472,尾嶋一広,33,兵庫,55,A1,6.45,44.67,6.2,44.0,62,42.28,58,27.54,晴,北,3,1,6.73,3,逃げ,3,0.09,1.50.6,尾嶋一広,54.0,8.0,15.0,12.0,0.1488888888888889,0.0,1.0,1.0,4.0,2.0,0.0,0.0,0.0,0.0,0.0,0.1493949044585987,0.14814814814814814,0.2777777777777778,0.2222222222222222,0.0,0.0,0.018518518518518517,0.018518518518518517,0.07407407407407407,0.0,0.0,0.0
2021-02-27,戸田,4,予選,4,3613,角谷健吾,48,東京,51,A1,6.69,50.79,6.58,36.36,54,34.92,53,28.69,晴,北,3,1,6.71,2,逃げ,4,0.07,1.49.3,角谷健吾,50.0,11.0,12.0,14.0,0.1478,0.0,6.0,1.0,3.0,1.0,0.0,0.0,0.0,0.0,0.0,0.141115107913669,0.22,0.24,0.28,0.0,0.0,0.12,0.02,0.06,0.0,0.0,0.0
2021-02-27,戸田,4,予選,5,4637,中田友也,30,埼玉,56,B1,4.9,25.23,4.87,27.27,57,49.69,13,24.62,晴,北,3,1,6.72,6,逃げ,5,0.06,.  .,中田友也,39.0,0.0,6.0,6.0,0.1743589743589743,0.0,0.0,0.0,0.0,0.0,0.0,0.0,0.0,0.0,0.0,0.1685909090909091,0.0,0.15384615384615385,0.15384615384615385,0.0,0.0,0.0,0.0,0.0,0.0,0.0,0.0
2021-02-27,戸田,4,予選,6,3902,蜷川哲平,43,東京,55,A2,5.72,37.6,6.36,43.59,60,33.09,20,37.12,晴,北,3,1,6.74,5,逃げ,6,0.11,.  .,蜷川哲平,35.0,1.0,3.0,10.0,0.2171428571428571,0.0,0.0,0.0,1.0,0.0,0.0,0.0,0.0,0.0,0.0,0.1887671232876712,0.02857142857142857,0.08571428571428572,0.2857142857142857,0.0,0.0,0.0,0.0,0.02857142857142857,0.0,0.0,0.0
2021-02-27,戸田,5,予選,1,4380,鈴木峻佑,36,静岡,52,B1,4.23,21.88,4.52,25.81,55,19.77,77,32.86,晴,北,4,2,6.63,6,抜き,1,0.4,.  .,鈴木峻佑,21.0,6.0,7.0,2.0,0.1776190476190476,5.0,0.0,0.0,0.0,1.0,0.0,4.0,5.0,3.0,0.0,0.1890960451977401,0.2857142857142857,0.3333333333333333,0.09523809523809523,0.23809523809523808,0.0,0.0,0.0,0.0,0.19047619047619047,0.23809523809523808,0.14285714285714285
2021-02-27,戸田,5,予選,2,4488,小山　勉,34,埼玉,53,A1,6.7,49.18,5.97,42.99,4,25.0,59,36.23,晴,北,4,2,6.75,1,抜き,2,0.25,1.48.1,小山勉,38.0,12.0,15.0,6.0,0.1613157894736842,0.0,10.0,1.0,0.0,0.0,1.0,0.0,0.0,0.0,15.0,0.163531746031746,0.3157894736842105,0.39473684210526316,0.15789473684210525,0.0,0.39473684210526316,0.2631578947368421,0.02631578947368421,0.0,0.0,0.0,0.0
2021-02-27,戸田,5,予選,3,4365,盛本真輔,35,兵庫,50,A2,5.14,33.33,5.09,27.27,21,28.85,33,26.67,晴,北,4,2,6.77,2,抜き,3,0.23,1.50.9,盛本真輔,37.0,4.0,7.0,5.0,0.177027027027027,0.0,0.0,3.0,0.0,1.0,0.0,0.0,0.0,0.0,0.0,0.1851388888888889,0.10810810810810811,0.1891891891891892,0.13513513513513514,0.0,0.0,0.0,0.08108108108108109,0.0,0.0,0.0,0.0
2021-02-27,戸田,5,予選,4,4579,中嶋健一,31,三重,52,A1,6.54,52.5,5.16,35.48,19,34.33,39,24.41,晴,北,4,2,6.74,5,抜き,4,0.2,.  .,中嶋健一郎,39.0,6.0,12.0,9.0,0.1479487179487179,0.0,1.0,1.0,4.0,0.0,0.0,0.0,0.0,0.0,0.0,0.1575984251968504,0.15384615384615385,0.3076923076923077,0.23076923076923078,0.0,0.0,0.02564102564102564,0.02564102564102564,0.10256410256410256,0.0,0.0,0.0
2021-02-27,戸田,5,予選,5,3929,杢野誓良,45,愛知,51,B1,5.11,33.33,7.17,66.67,52,33.1,57,36.23,晴,北,4,2,6.66,3,抜き,5,0.17,1.51.9,杢野誓良,31.0,0.0,2.0,3.0,0.1574193548387096,0.0,0.0,0.0,0.0,0.0,0.0,0.0,0.0,0.0,0.0,0.1508920187793427,0.0,0.06451612903225806,0.0967741935483871,0.0,0.0,0.0,0.0,0.0,0.0,0.0,0.0
2021-02-27,戸田,5,予選,6,3792,田中　豪,48,東京,53,A1,6.13,47.13,6.23,35.48,53,34.53,67,32.14,晴,北,4,2,6.71,4,抜き,6,0.18,1.52.7,田中豪,30.0,4.0,4.0,3.0,0.2056666666666666,0.0,1.0,3.0,0.0,0.0,0.0,0.0,0.0,0.0,0.0,0.1712135922330097,0.13333333333333333,0.13333333333333333,0.1,0.0,0.0,0.03333333333333333,0.1,0.0,0.0,0.0,0.0
2021-02-27,戸田,6,予選,1,4233,亀山雅幸,37,群馬,52,A2,5.73,39.84,5.67,43.48,28,34.42,75,30.83,晴,北,3,1,6.64,1,逃げ,1,0.13,1.47.9,亀山雅幸,47.0,23.0,15.0,4.0,0.1476595744680851,22.0,0.0,0.0,0.0,1.0,0.0,8.0,5.0,10.0,0.0,0.1644855967078189,0.48936170212765956,0.3191489361702128,0.0851063829787234,0.46808510638297873,0.0,0.0,0.0,0.0,0.1702127659574468,0.10638297872340426,0.2127659574468085
2021-02-27,戸田,6,予選,2,3642,大塚浩二,49,静岡,52,B1,4.24,22.99,4.87,26.32,7,36.55,51,26.62,晴,北,3,1,6.7,2,逃げ,2,0.13,1.49.9,大塚浩二,34.0,3.0,2.0,5.0,0.155,0.0,3.0,0.0,0.0,0.0,0.0,0.0,0.0,0.0,18.0,0.1719767441860465,0.08823529411764706,0.058823529411764705,0.14705882352941177,0.0,0.5294117647058824,0.08823529411764706,0.0,0.0,0.0,0.0,0.0
2021-02-27,戸田,6,予選,3,4303,牧原　崇,37,愛知,52,B1,5.1,27.66,3.75,12.5,59,20.0,32,38.13,晴,北,3,1,6.68,3,逃げ,3,0.18,1.50.6,牧原崇,42.0,3.0,6.0,14.0,0.2011904761904761,0.0,1.0,1.0,1.0,0.0,0.0,0.0,0.0,0.0,0.0,0.2047179487179487,0.07142857142857142,0.14285714285714285,0.3333333333333333,0.0,0.0,0.023809523809523808,0.023809523809523808,0.023809523809523808,0.0,0.0,0.0
2021-02-27,戸田,6,予選,4,4216,星　栄爾,35,静岡,53,A1,6.12,43.15,5.83,41.67,13,31.47,27,34.33,晴,北,3,1,6.75,6,逃げ,6,0.2,.  .,星栄爾,46.0,6.0,11.0,10.0,0.153695652173913,0.0,1.0,1.0,3.0,1.0,0.0,0.0,0.0,0.0,0.0,0.147797833935018,0.13043478260869565,0.2391304347826087,0.21739130434782608,0.0,0.0,0.021739130434782608,0.021739130434782608,0.06521739130434782,0.0,0.0,0.0
2021-02-27,戸田,6,予選,5,4340,土性雅也,36,三重,54,A2,5.77,38.97,3.94,17.65,64,43.66,71,23.02,晴,北,3,1,6.7,5,逃げ,4,0.17,.  .,土性雅也,36.0,1.0,7.0,8.0,0.1830555555555555,0.0,1.0,0.0,0.0,0.0,0.0,0.0,0.0,0.0,0.0,0.1811450381679389,0.027777777777777776,0.19444444444444445,0.2222222222222222,0.0,0.0,0.027777777777777776,0.0,0.0,0.0,0.0,0.0
2021-02-27,戸田,6,予選,6,4095,福来　剛,39,東京,52,A1,6.87,48.42,6.22,40.74,47,30.82,30,35.51,晴,北,3,1,6.65,4,逃げ,5,0.16,1.51.0,福来剛,31.0,4.0,6.0,6.0,0.1419354838709677,0.0,0.0,0.0,4.0,0.0,0.0,0.0,0.0,0.0,0.0,0.1347826086956521,0.12903225806451613,0.1935483870967742,0.1935483870967742,0.0,0.0,0.0,0.0,0.12903225806451613,0.0,0.0,0.0
2021-02-27,戸田,7,ウインウイン,1,4036,金田　諭,42,埼玉,53,A1,6.68,51.35,6.4,47.57,65,41.22,11,31.06,晴,北,2,1,6.71,1,抜き,1,0.08,1.47.9,金田諭,52.0,36.0,5.0,4.0,0.1494230769230769,35.0,0.0,0.0,0.0,1.0,0.0,4.0,7.0,4.0,0.0,0.1746913580246913,0.6923076923076923,0.09615384615384616,0.07692307692307693,0.6730769230769231,0.0,0.0,0.0,0.0,0.07692307692307693,0.1346153846153846,0.07692307692307693
2021-02-27,戸田,7,ウインウイン,2,3293,宮内由紀,55,東京,53,B1,4.13,18.81,5.06,32.69,20,33.78,42,38.3,晴,北,2,1,6.74,2,抜き,2,0.15,1.50.3,宮内由紀英,33.0,2.0,8.0,6.0,0.2012121212121212,0.0,2.0,0.0,0.0,0.0,0.0,0.0,0.0,0.0,19.0,0.2041791044776119,0.06060606060606061,0.24242424242424243,0.18181818181818182,0.0,0.5757575757575758,0.06060606060606061,0.0,0.0,0.0,0.0,0.0
2021-02-27,戸田,7,ウインウイン,3,4626,伊藤紘章,34,愛知,52,B1,4.57,31.58,3.96,8.0,61,25.66,70,31.65,晴,北,2,1,6.78,6,抜き,3,0.23,.  .,伊藤紘章,33.0,4.0,6.0,3.0,0.18,0.0,0.0,3.0,1.0,0.0,0.0,0.0,0.0,0.0,0.0,0.185524861878453,0.12121212121212122,0.18181818181818182,0.09090909090909091,0.0,0.0,0.0,0.09090909090909091,0.030303030303030304,0.0,0.0,0.0
2021-02-27,戸田,7,ウインウイン,4,4527,高野心吾,32,愛知,52,B1,3.99,17.58,5.43,28.57,22,43.56,68,34.35,晴,北,2,1,6.76,4,抜き,4,0.09,1.51.8,高野心吾,29.0,3.0,2.0,7.0,0.1906896551724138,0.0,2.0,0.0,1.0,0.0,0.0,0.0,0.0,0.0,0.0,0.1849189189189189,0.10344827586206896,0.06896551724137931,0.2413793103448276,0.0,0.0,0.06896551724137931,0.0,0.034482758620689655,0.0,0.0,0.0
2021-02-27,戸田,7,ウインウイン,5,4898,菊地敬介,29,埼玉,59,B2,3.98,23.91,3.34,17.07,6,33.33,44,31.11,晴,北,2,1,6.88,5,抜き,5,0.09,.  .,菊地敬介,15.0,1.0,0.0,1.0,0.1626666666666666,0.0,0.0,1.0,0.0,0.0,0.0,0.0,0.0,0.0,0.0,0.1703658536585366,0.06666666666666667,0.0,0.06666666666666667,0.0,0.0,0.0,0.06666666666666667,0.0,0.0,0.0,0.0
2021-02-27,戸田,7,ウインウイン,6,3406,中里英夫,52,群馬,52,B1,5.95,36.91,6.21,42.11,5,41.52,16,29.93,晴,北,2,1,6.77,3,抜き,6,0.12,1.51.4,中里英夫,51.0,2.0,4.0,13.0,0.1935294117647059,0.0,1.0,0.0,0.0,1.0,0.0,0.0,0.0,0.0,0.0,0.1765037593984962,0.0392156862745098,0.0784313725490196,0.2549019607843137,0.0,0.0,0.0196078431372549,0.0,0.0,0.0,0.0,0.0
2021-02-27,戸田,8,予選,1,3811,石田章央,45,静岡,55,A2,6.12,40.44,5.59,24.14,34,27.27,38,27.54,晴,北,2,1,6.76,1,逃げ,1,0.07,1.47.8,石田章央,57.0,32.0,12.0,7.0,0.1708771929824561,28.0,0.0,0.0,0.0,4.0,0.0,10.0,8.0,5.0,0.0,0.1582562277580071,0.5614035087719298,0.21052631578947367,0.12280701754385964,0.49122807017543857,0.0,0.0,0.0,0.0,0.17543859649122806,0.14035087719298245,0.08771929824561403
2021-02-27,戸田,8,予選,2,4752,西尾亮輔,32,愛知,51,B1,3.69,14.29,3.47,13.33,56,28.89,28,36.03,晴,北,2,1,6.79,6,逃げ,2,0.11,.  .,西尾亮輔,23.0,3.0,2.0,5.0,0.1808695652173913,0.0,1.0,1.0,0.0,1.0,0.0,0.0,0.0,0.0,9.0,0.184516129032258,0.13043478260869565,0.08695652173913043,0.21739130434782608,0.0,0.391304347826087,0.043478260869565216,0.043478260869565216,0.0,0.0,0.0,0.0
2021-02-27,戸田,8,予選,3,4568,廣瀬真也,33,東京,50,A2,5.38,35.34,5.75,31.25,8,31.16,49,23.88,晴,北,2,1,6.68,5,逃げ,3,0.06,.  .,廣瀬真也,42.0,3.0,11.0,10.0,0.1366666666666666,0.0,0.0,1.0,1.0,1.0,0.0,0.0,0.0,0.0,0.0,0.1381132075471698,0.07142857142857142,0.2619047619047619,0.23809523809523808,0.0,0.0,0.0,0.023809523809523808,0.023809523809523808,0.0,0.0,0.0
2021-02-27,戸田,8,予選,4,4037,別府正幸,42,埼玉,56,A2,5.17,33.12,5.33,39.53,17,28.21,21,38.17,晴,北,2,1,6.73,2,逃げ,4,0.07,1.49.7,別府正幸,47.0,4.0,9.0,14.0,0.1785106382978723,0.0,1.0,1.0,2.0,0.0,0.0,0.0,0.0,0.0,0.0,0.1692830188679245,0.0851063829787234,0.19148936170212766,0.2978723404255319,0.0,0.0,0.02127659574468085,0.02127659574468085,0.0425531914893617,0.0,0.0,0.0
2021-02-27,戸田,8,予選,5,3978,齊藤　仁,43,東京,52,A1,6.99,50.63,6.91,45.45,58,35.71,24,28.47,晴,北,2,1,6.68,3,逃げ,5,0.13,1.50.6,齊藤仁,51.0,5.0,6.0,18.0,0.1870588235294117,0.0,0.0,0.0,4.0,1.0,0.0,0.0,0.0,0.0,0.0,0.1577848101265822,0.09803921568627451,0.11764705882352941,0.35294117647058826,0.0,0.0,0.0,0.0,0.0784313725490196,0.0,0.0,0.0
2021-02-27,戸田,8,予選,6,4228,吉田慎二,37,愛知,60,B1,4.47,20.0,5.68,35.48,16,33.95,69,38.06,晴,北,2,1,6.79,4,逃げ,6,0.17,1.53.4,吉田慎二郎,39.0,0.0,0.0,7.0,0.1674358974358974,0.0,0.0,0.0,0.0,0.0,0.0,0.0,0.0,0.0,0.0,0.1732773109243697,0.0,0.0,0.1794871794871795,0.0,0.0,0.0,0.0,0.0,0.0,0.0,0.0
2021-02-27,戸田,9,戸田特賞,1,3319,山崎義明,54,埼玉,53,A1,6.08,44.14,6.47,45.21,14,28.46,45,23.02,晴,北,3,1,6.7,1,逃げ,1,0.05,1.48.9,山崎義明,57.0,35.0,9.0,6.0,0.1568421052631579,31.0,0.0,0.0,0.0,4.0,0.0,7.0,5.0,7.0,0.0,0.1472602739726027,0.6140350877192983,0.15789473684210525,0.10526315789473684,0.543859649122807,0.0,0.0,0.0,0.0,0.12280701754385964,0.08771929824561403,0.12280701754385964
2021-02-27,戸田,9,戸田特賞,2,4365,盛本真輔,35,兵庫,50,A2,5.14,33.33,5.09,27.27,21,28.85,33,26.67,晴,北,3,1,6.76,4,逃げ,2,0.07,1.52.5,盛本真輔,37.0,3.0,11.0,5.0,0.1956756756756756,0.0,2.0,0.0,0.0,1.0,0.0,0.0,0.0,0.0,24.0,0.1851388888888889,0.08108108108108109,0.2972972972972973,0.13513513513513514,0.0,0.6486486486486487,0.05405405405405406,0.0,0.0,0.0,0.0,0.0
2021-02-27,戸田,9,戸田特賞,3,4078,渡辺史之,42,群馬,50,B1,3.95,18.48,3.93,15.0,9,38.51,66,37.23,晴,北,3,1,6.61,2,逃げ,3,0.03,1.50.2,渡辺史之,35.0,2.0,4.0,8.0,0.1822857142857142,0.0,0.0,2.0,0.0,0.0,0.0,0.0,0.0,0.0,0.0,0.2002392344497607,0.05714285714285714,0.11428571428571428,0.22857142857142856,0.0,0.0,0.0,0.05714285714285714,0.0,0.0,0.0,0.0
2021-02-27,戸田,9,戸田特賞,4,3445,加藤高史,51,埼玉,53,A2,5.43,30.7,6.07,42.03,39,39.61,40,32.84,晴,北,3,1,6.69,6,逃げ,4,0.04,.  .,加藤高史,41.0,4.0,8.0,10.0,0.1814634146341463,0.0,1.0,2.0,0.0,1.0,0.0,0.0,0.0,0.0,0.0,0.1690983606557377,0.0975609756097561,0.1951219512195122,0.24390243902439024,0.0,0.0,0.024390243902439025,0.04878048780487805,0.0,0.0,0.0,0.0
2021-02-27,戸田,9,戸田特賞,5,3905,天野友和,43,愛知,55,B1,5.26,26.61,4.92,26.53,3,39.01,72,36.64,晴,北,3,1,6.67,5,逃げ,6,0.14,.  .,天野友和,41.0,1.0,4.0,12.0,0.158780487804878,0.0,0.0,0.0,1.0,0.0,0.0,0.0,0.0,0.0,0.0,0.1660944206008583,0.024390243902439025,0.0975609756097561,0.2926829268292683,0.0,0.0,0.0,0.0,0.024390243902439025,0.0,0.0,0.0
2021-02-27,戸田,9,戸田特賞,6,3613,角谷健吾,48,東京,51,A1,6.69,50.79,6.58,36.36,54,34.92,53,28.69,晴,北,3,1,6.61,3,逃げ,5,0.08,1.51.4,角谷健吾,42.0,1.0,6.0,8.0,0.1511904761904761,0.0,0.0,0.0,1.0,0.0,0.0,0.0,0.0,0.0,0.0,0.141115107913669,0.023809523809523808,0.14285714285714285,0.19047619047619047,0.0,0.0,0.0,0.0,0.023809523809523808,0.0,0.0,0.0
2021-02-27,戸田,10,戸田特賞,1,4216,星　栄爾,35,静岡,53,A1,6.12,43.15,5.83,41.67,13,31.47,27,34.33,晴,北,4,2,6.7,1,逃げ,1,0.16,1.49.4,星栄爾,60.0,44.0,9.0,3.0,0.1306666666666666,44.0,0.0,0.0,0.0,0.0,0.0,3.0,5.0,7.0,0.0,0.147797833935018,0.7333333333333333,0.15,0.05,0.7333333333333333,0.0,0.0,0.0,0.0,0.05,0.08333333333333333,0.11666666666666667
2021-02-27,戸田,10,戸田特賞,2,3988,古川誠之,42,愛知,58,A2,6.06,38.73,5.92,32.0,51,33.09,36,27.54,晴,北,4,2,6.74,2,逃げ,2,0.17,1.50.2,古川誠之,50.0,10.0,12.0,13.0,0.143,0.0,6.0,2.0,0.0,2.0,0.0,0.0,0.0,0.0,31.0,0.1490671641791044,0.2,0.24,0.26,0.0,0.62,0.12,0.04,0.0,0.0,0.0,0.0
2021-02-27,戸田,10,戸田特賞,3,3533,佐川正道,49,埼玉,50,B1,5.03,29.46,5.62,39.74,63,41.61,74,35.96,晴,北,4,2,6.73,6,逃げ,3,0.22,.  .,佐川正道,41.0,7.0,12.0,5.0,0.2082926829268292,0.0,0.0,6.0,1.0,0.0,0.0,0.0,0.0,0.0,0.0,0.1866,0.17073170731707318,0.2926829268292683,0.12195121951219512,0.0,0.0,0.0,0.14634146341463414,0.024390243902439025,0.0,0.0,0.0
2021-02-27,戸田,10,戸田特賞,4,4656,大崎　翔,33,兵庫,54,B1,4.85,29.01,4.07,14.29,15,38.93,63,29.29,晴,北,4,2,6.66,4,逃げ,4,0.16,1.52.3,大崎翔,39.0,3.0,5.0,9.0,0.1505128205128205,0.0,1.0,2.0,0.0,0.0,0.0,0.0,0.0,0.0,0.0,0.1506666666666666,0.07692307692307693,0.1282051282051282,0.23076923076923078,0.0,0.0,0.02564102564102564,0.05128205128205128,0.0,0.0,0.0,0.0
2021-02-27,戸田,10,戸田特賞,5,3902,蜷川哲平,43,東京,55,A2,5.72,37.6,6.36,43.59,60,33.09,20,37.12,晴,北,4,2,6.66,5,逃げ,5,0.16,.  .,蜷川哲平,35.0,2.0,3.0,6.0,0.1948571428571428,0.0,0.0,0.0,1.0,1.0,0.0,0.0,0.0,0.0,0.0,0.1887671232876712,0.05714285714285714,0.08571428571428572,0.17142857142857143,0.0,0.0,0.0,0.0,0.02857142857142857,0.0,0.0,0.0
2021-02-27,戸田,10,戸田特賞,6,4579,中嶋健一,31,三重,52,A1,6.54,52.5,5.16,35.48,19,34.33,39,24.41,晴,北,4,2,6.6,3,逃げ,6,0.11,1.51.4,中嶋健一郎,37.0,2.0,9.0,8.0,0.1494594594594594,0.0,0.0,0.0,0.0,2.0,0.0,0.0,0.0,0.0,0.0,0.1575984251968504,0.05405405405405406,0.24324324324324326,0.21621621621621623,0.0,0.0,0.0,0.0,0.0,0.0,0.0,0.0
2021-02-27,戸田,11,記者選抜戦,1,2876,鈴木幸夫,63,愛知,51,A1,5.84,42.19,5.97,44.12,10,23.85,54,36.3,晴,北,3,1,6.85,6,差し,1,0.12,.  .,鈴木幸夫,62.0,34.0,12.0,8.0,0.1220967741935483,31.0,0.0,0.0,0.0,2.0,1.0,8.0,7.0,10.0,0.0,0.1471428571428571,0.5483870967741935,0.1935483870967742,0.12903225806451613,0.5,0.0,0.0,0.0,0.0,0.12903225806451613,0.11290322580645161,0.16129032258064516
2021-02-27,戸田,11,記者選抜戦,2,4109,谷津幸宏,40,埼玉,54,A2,5.62,41.13,5.86,41.57,12,27.86,31,38.17,晴,北,3,1,6.67,2,差し,2,0.14,1.50.4,谷津幸宏,38.0,7.0,7.0,4.0,0.1586842105263158,0.0,4.0,1.0,1.0,1.0,0.0,0.0,0.0,0.0,20.0,0.1535627530364372,0.18421052631578946,0.18421052631578946,0.10526315789473684,0.0,0.5263157894736842,0.10526315789473684,0.02631578947368421,0.02631578947368421,0.0,0.0,0.0
2021-02-27,戸田,11,記者選抜戦,3,3792,田中　豪,48,東京,53,A1,6.13,47.13,6.23,35.48,53,34.53,67,32.14,晴,北,3,1,6.69,3,差し,3,0.16,1.51.9,田中豪,30.0,6.0,13.0,7.0,0.156,0.0,0.0,2.0,4.0,0.0,0.0,0.0,0.0,0.0,0.0,0.1712135922330097,0.2,0.43333333333333335,0.23333333333333334,0.0,0.0,0.0,0.06666666666666667,0.13333333333333333,0.0,0.0,0.0
2021-02-27,戸田,11,記者選抜戦,4,4340,土性雅也,36,三重,54,A2,5.77,38.97,3.94,17.65,64,43.66,71,23.02,晴,北,3,1,6.63,1,差し,4,0.17,1.48.5,土性雅也,43.0,6.0,10.0,10.0,0.1544186046511627,0.0,2.0,1.0,1.0,1.0,1.0,0.0,0.0,0.0,0.0,0.1811450381679389,0.13953488372093023,0.23255813953488372,0.23255813953488372,0.0,0.0,0.046511627906976744,0.023255813953488372,0.023255813953488372,0.0,0.0,0.0
2021-02-27,戸田,11,記者選抜戦,5,3406,中里英夫,52,群馬,52,B1,5.95,36.91,6.21,42.11,5,41.52,16,29.93,晴,北,3,1,6.67,4,差し,5,0.2,1.52.7,中里英夫,39.0,1.0,1.0,9.0,0.18,0.0,0.0,0.0,1.0,0.0,0.0,0.0,0.0,0.0,0.0,0.1765037593984962,0.02564102564102564,0.02564102564102564,0.23076923076923078,0.0,0.0,0.0,0.0,0.02564102564102564,0.0,0.0,0.0
2021-02-27,戸田,11,記者選抜戦,6,4637,中田友也,30,埼玉,56,B1,4.9,25.23,4.87,27.27,57,49.69,13,24.62,晴,北,3,1,6.69,5,差し,6,0.19,.  .,中田友也,31.0,0.0,0.0,2.0,0.2003225806451612,0.0,0.0,0.0,0.0,0.0,0.0,0.0,0.0,0.0,0.0,0.1685909090909091,0.0,0.0,0.06451612903225806,0.0,0.0,0.0,0.0,0.0,0.0,0.0,0.0
2021-02-27,戸田,12,戸田選抜戦,1,4488,小山　勉,34,埼玉,53,A1,6.7,49.18,5.97,42.99,4,25.0,59,36.23,晴,北,4,2,6.71,1,逃げ,1,0.2,1.47.2,小山勉,49.0,33.0,9.0,3.0,0.1442857142857143,30.0,0.0,0.0,0.0,3.0,0.0,5.0,4.0,4.0,0.0,0.163531746031746,0.673469387755102,0.1836734693877551,0.061224489795918366,0.6122448979591837,0.0,0.0,0.0,0.0,0.10204081632653061,0.08163265306122448,0.08163265306122448
2021-02-27,戸田,12,戸田選抜戦,2,4297,山田哲也,38,東京,52,A1,7.13,60.63,7.83,56.67,50,24.44,62,38.02,晴,北,4,2,6.73,6,逃げ,2,0.22,.  .,山田哲也,41.0,15.0,13.0,3.0,0.1419512195121951,1.0,8.0,6.0,0.0,0.0,0.0,0.0,0.0,0.0,12.0,0.1212267657992565,0.36585365853658536,0.3170731707317073,0.07317073170731707,0.024390243902439025,0.2926829268292683,0.1951219512195122,0.14634146341463414,0.0,0.0,0.0,0.0
2021-02-27,戸田,12,戸田選抜戦,3,4036,金田　諭,42,埼玉,53,A1,6.68,51.35,6.4,47.57,65,41.22,11,31.06,晴,北,4,2,6.71,2,逃げ,3,0.23,1.49.3,金田諭,38.0,7.0,9.0,6.0,0.1781578947368421,0.0,3.0,1.0,3.0,0.0,0.0,0.0,0.0,0.0,0.0,0.1746913580246913,0.18421052631578946,0.23684210526315788,0.15789473684210525,0.0,0.0,0.07894736842105263,0.02631578947368421,0.07894736842105263,0.0,0.0,0.0
2021-02-27,戸田,12,戸田選抜戦,4,4095,福来　剛,39,東京,52,A1,6.87,48.42,6.22,40.74,47,30.82,30,35.51,晴,北,4,2,6.7,5,逃げ,4,0.19,.  .,福来剛,33.0,6.0,4.0,9.0,0.1418181818181818,0.0,1.0,0.0,4.0,0.0,1.0,0.0,0.0,0.0,0.0,0.1347826086956521,0.18181818181818182,0.12121212121212122,0.2727272727272727,0.0,0.0,0.030303030303030304,0.0,0.12121212121212122,0.0,0.0,0.0
2021-02-27,戸田,12,戸田選抜戦,5,4472,尾嶋一広,33,兵庫,55,A1,6.45,44.67,6.2,44.0,62,42.28,58,27.54,晴,北,4,2,6.76,3,逃げ,5,0.22,1.50.6,尾嶋一広,45.0,3.0,6.0,10.0,0.1775555555555555,0.0,0.0,0.0,2.0,1.0,0.0,0.0,0.0,0.0,0.0,0.1493949044585987,0.06666666666666667,0.13333333333333333,0.2222222222222222,0.0,0.0,0.0,0.0,0.044444444444444446,0.0,0.0,0.0
2021-02-27,戸田,12,戸田選抜戦,6,3978,齊藤　仁,43,東京,52,A1,6.99,50.63,6.91,45.45,58,35.71,24,28.47,晴,北,4,2,6.69,4,逃げ,6,0.23,1.52.1,齊藤仁,43.0,2.0,7.0,13.0,0.1876744186046511,0.0,0.0,0.0,2.0,0.0,0.0,0.0,0.0,0.0,0.0,0.1577848101265822,0.046511627906976744,0.16279069767441862,0.3023255813953488,0.0,0.0,0.0,0.0,0.046511627906976744,0.0,0.0,0.0
