日付,レース場,レース番号,レース種別,艇番,登録番号,選手名,年齢,支部,体重,級別,全国勝率,全国2連対率,当地勝率,当地2連対率,モーター番号,モーター2連対率,ボート番号,ボート2連対率,天候,風向,風速(m),波高(cm),展示タイム,着順,決まり手,進入,スタートタイミング,レースタイム,平均ST,全体平均ST,勝利回数,出走数,2着回数,3着回数,逃げ,逃し,差し,まくり,まくり差し,差され,まくられ,まくり差され,1着率,2着率,3着率,逃げ率,逃し率,差し率,まくり率,まくり差し率,差され率,まくられ率,まくり差され率
2023-09-06,唐津,1,朝１戦一般,1,4112,大久保信,43,佐賀,52,A2,5.66,38.64,5.55,35.48,37,10.0,53,33.9,雨,北,8,8,7.09,2,差し,1,0.13,1.54.3,0.135,0.1805281690140845,20,42,13,2,20,0,0,0,0,5,4,12,0.47619047619047616,0.30952380952380953,0.047619047619047616,0.47619047619047616,0.0,0.0,0.0,0.0,0.11904761904761904,0.09523809523809523,0.2857142857142857
2023-09-06,唐津,1,朝１戦一般,2,5025,粟田　祥,28,徳島,57,B2,3.03,12.31,3.22,11.11,28,60.0,47,30.51,雨,北,8,8,7.12,1,差し,2,0.14,1.52.2,0.1691666666666667,0.184,2,24,2,4,0,8,0,2,0,0,0,0,0.08333333333333333,0.08333333333333333,0.16666666666666666,0.0,0.3333333333333333,0.0,0.08333333333333333,0.0,0.0,0.0,0.0
2023-09-06,唐津,1,朝１戦一般,3,3974,深山祐二,46,佐賀,52,B1,4.42,20.78,4.7,28.33,13,36.36,43,45.0,雨,北,8,8,7.1,5,差し,3,0.13,1.59.6,0.1322222222222222,0.1583707865168539,5,36,7,7,0,0,0,5,0,0,0,0,0.1388888888888889,0.19444444444444445,0.19444444444444445,0.0,0.0,0.0,0.1388888888888889,0.0,0.0,0.0,0.0
2023-09-06,唐津,1,朝１戦一般,4,4355,小川広大,39,福岡,57,B1,3.74,12.82,4.36,23.4,32,18.18,40,30.7,雨,北,8,8,7.13,6,差し,4,0.28,2.00.5,0.1791666666666666,0.1841666666666666,0,36,2,10,0,0,0,0,0,0,0,0,0.0,0.05555555555555555,0.2777777777777778,0.0,0.0,0.0,0.0,0.0,0.0,0.0,0.0
2023-09-06,唐津,1,朝１戦一般,5,3544,豊田訓靖,54,静岡,52,B1,3.98,18.18,0.0,0.0,60,0.0,56,35.4,雨,北,8,8,7.24,4,差し,5,0.18,1.58.8,0.1859259259259259,0.189625,1,27,3,3,0,0,0,0,1,0,0,0,0.037037037037037035,0.1111111111111111,0.1111111111111111,0.0,0.0,0.0,0.0,0.037037037037037035,0.0,0.0,0.0
2023-09-06,唐津,1,朝１戦一般,6,5133,堀越雄貴,24,東京,51,B1,4.61,23.81,4.4,20.0,30,80.0,90,25.0,雨,北,8,8,7.09,3,差し,6,0.24,1.56.8,0.2303125,0.1857512953367875,0,32,0,6,0,0,0,0,0,0,0,0,0.0,0.0,0.1875,0.0,0.0,0.0,0.0,0.0,0.0,0.0,0.0
2023-09-06,唐津,2,モー２ング一,1,4072,森永　淳,42,佐賀,53,A1,6.73,54.47,6.5,53.64,59,0.0,51,30.17,曇り,北,8,8,7.16,2,差し,1,0.2,1.55.2,0.1372881355932203,0.1433333333333333,46,59,8,1,42,0,0,0,0,6,4,3,0.7796610169491526,0.13559322033898305,0.01694915254237288,0.711864406779661,0.0,0.0,0.0,0.0,0.1016949152542373,0.06779661016949153,0.05084745762711865
2023-09-06,唐津,2,モー２ング一,2,3736,岡本　猛,49,大阪,53,A2,5.37,33.33,5.32,36.84,14,36.36,62,26.32,曇り,北,8,8,7.07,1,差し,2,0.16,1.53.6,0.18,0.1628506787330317,1,41,18,7,0,25,0,0,0,0,0,0,0.024390243902439025,0.43902439024390244,0.17073170731707318,0.0,0.6097560975609756,0.0,0.0,0.0,0.0,0.0,0.0
2023-09-06,唐津,2,モー２ング一,3,5004,河野主樹,27,大阪,51,B1,4.57,32.61,0.0,0.0,26,0.0,86,29.46,曇り,北,8,8,7.11,3,差し,3,0.2,1.56.8,0.1446666666666666,0.1510869565217391,6,30,7,6,0,0,1,2,3,0,0,0,0.2,0.23333333333333334,0.2,0.0,0.0,0.03333333333333333,0.06666666666666667,0.1,0.0,0.0,0.0
2023-09-06,唐津,2,モー２ング一,4,3615,横田　茂,50,広島,52,B1,4.8,28.57,4.77,26.23,57,0.0,87,23.96,曇り,北,8,8,7.17,5,差し,4,0.19,1.59.0,0.1575,0.1524193548387096,3,40,2,11,0,0,0,3,0,0,0,0,0.075,0.05,0.275,0.0,0.0,0.0,0.075,0.0,0.0,0.0,0.0
2023-09-06,唐津,2,モー２ング一,5,3491,富永　茂,55,福岡,53,B1,3.36,12.16,3.73,15.15,66,0.0,88,37.25,曇り,北,8,8,7.09,4,差し,5,0.27,1.57.8,0.2,0.1876595744680851,0,31,0,2,0,0,0,0,0,0,0,0,0.0,0.0,0.06451612903225806,0.0,0.0,0.0,0.0,0.0,0.0,0.0,0.0
2023-09-06,唐津,2,モー２ング一,6,4668,楠本晃嗣,38,福岡,51,B2,3.75,11.48,3.26,15.79,11,20.0,34,26.5,曇り,北,8,8,7.1,6,差し,6,0.28,2.00.8,0.2053846153846154,0.1796923076923076,0,13,0,2,0,0,0,0,0,0,0,0,0.0,0.0,0.15384615384615385,0.0,0.0,0.0,0.0,0.0,0.0,0.0,0.0
2023-09-06,唐津,3,３ライズ戦一,1,3489,大場　敏,56,静岡,51,A1,6.42,44.17,0.0,0.0,19,36.36,84,36.11,曇り,北,8,8,7.15,2,差し,1,0.22,1.55.2,0.1641071428571428,0.1602272727272727,32,56,15,4,27,0,0,0,0,9,8,5,0.5714285714285714,0.26785714285714285,0.07142857142857142,0.48214285714285715,0.0,0.0,0.0,0.0,0.16071428571428573,0.14285714285714285,0.08928571428571429
2023-09-06,唐津,3,３ライズ戦一,2,4003,表　憲一,45,福井,54,B1,5.61,32.79,6.18,31.82,70,0.0,41,27.03,曇り,北,8,8,7.22,1,差し,2,0.21,1.53.8,0.1991489361702127,0.1884057971014492,3,47,9,12,0,21,3,0,0,0,0,0,0.06382978723404255,0.19148936170212766,0.2553191489361702,0.0,0.44680851063829785,0.06382978723404255,0.0,0.0,0.0,0.0,0.0
2023-09-06,唐津,3,３ライズ戦一,3,3303,渡辺　豊,55,東京,53,A2,6.4,46.32,5.5,30.0,22,12.5,61,35.29,曇り,北,8,8,7.22,3,差し,3,0.15,1.57.1,0.1764705882352941,0.182431506849315,10,51,16,12,0,0,1,6,3,0,0,0,0.19607843137254902,0.3137254901960784,0.23529411764705882,0.0,0.0,0.0196078431372549,0.11764705882352941,0.058823529411764705,0.0,0.0,0.0
2023-09-06,唐津,3,３ライズ戦一,4,3814,金子貴志,47,福井,51,B1,5.47,33.88,5.62,37.93,34,40.0,58,35.04,曇り,北,8,8,7.24,4,差し,4,0.14,1.57.5,0.1661363636363636,0.1734944237918215,3,44,6,10,0,0,1,1,1,0,0,0,0.06818181818181818,0.13636363636363635,0.22727272727272727,0.0,0.0,0.022727272727272728,0.022727272727272728,0.022727272727272728,0.0,0.0,0.0
2023-09-06,唐津,3,３ライズ戦一,5,5244,黒田　剛,22,福岡,53,B2,2.0,1.52,2.11,0.0,63,0.0,49,24.11,曇り,北,8,8,7.19,6,差し,5,0.14,1.59.3,0.1808510638297872,0.1647560975609756,0,47,0,5,0,0,0,0,0,0,0,0,0.0,0.0,0.10638297872340426,0.0,0.0,0.0,0.0,0.0,0.0,0.0,0.0
2023-09-06,唐津,3,３ライズ戦一,6,3488,柳田英明,56,東京,53,B1,3.27,11.11,4.67,33.33,29,11.11,52,28.04,曇り,北,8,8,7.27,5,差し,6,0.18,1.59.1,0.1734782608695652,0.1467479674796748,0,23,0,1,0,0,0,0,0,0,0,0,0.0,0.0,0.043478260869565216,0.0,0.0,0.0,0.0,0.0,0.0,0.0,0.0
2023-09-06,唐津,4,おは４戦一般,1,3616,中村　真,50,福岡,54,A2,4.72,22.54,5.64,36.21,24,80.0,64,42.86,雨,北,7,7,7.07,1,抜き,1,0.06,1.53.6,0.1690625,0.1638990825688073,17,32,3,4,16,0,0,0,0,6,2,3,0.53125,0.09375,0.125,0.5,0.0,0.0,0.0,0.0,0.1875,0.0625,0.09375
2023-09-06,唐津,4,おは４戦一般,2,3714,梶原　正,48,福岡,56,B1,4.53,24.74,4.79,25.64,17,54.55,48,31.67,雨,北,7,7,7.05,3,抜き,2,0.07,1.56.5,0.1474358974358974,0.1535648148148148,1,39,12,8,0,23,1,0,0,0,0,0,0.02564102564102564,0.3076923076923077,0.20512820512820512,0.0,0.5897435897435898,0.02564102564102564,0.0,0.0,0.0,0.0,0.0
2023-09-06,唐津,4,おは４戦一般,3,4182,吉田和仁,39,滋賀,55,B1,4.72,26.85,5.13,37.5,61,0.0,74,40.5,雨,北,7,7,7.09,6,抜き,3,0.09,2.01.8,0.1412244897959183,0.1579921259842519,4,49,10,7,0,0,0,1,2,0,0,0,0.08163265306122448,0.20408163265306123,0.14285714285714285,0.0,0.0,0.0,0.02040816326530612,0.04081632653061224,0.0,0.0,0.0
2023-09-06,唐津,4,おは４戦一般,4,4949,横田貴満,30,佐賀,50,A2,6.1,44.44,5.36,32.12,33,30.0,73,34.78,雨,北,7,7,7.06,2,抜き,4,0.17,1.54.7,0.1655555555555555,0.1683982683982683,9,36,6,7,0,0,0,3,4,0,0,0,0.25,0.16666666666666666,0.19444444444444445,0.0,0.0,0.0,0.08333333333333333,0.1111111111111111,0.0,0.0,0.0
2023-09-06,唐津,4,おは４戦一般,5,3224,栗山繁洋,58,佐賀,53,B1,4.46,27.94,4.51,25.68,40,40.0,81,43.1,雨,北,7,7,7.12,5,抜き,5,0.17,1.59.6,0.1867647058823529,0.1804891304347826,1,34,5,3,0,0,0,1,0,0,0,0,0.029411764705882353,0.14705882352941177,0.08823529411764706,0.0,0.0,0.0,0.029411764705882353,0.0,0.0,0.0,0.0
2023-09-06,唐津,4,おは４戦一般,6,4294,古賀繁輝,37,佐賀,54,A1,6.17,39.02,7.19,54.4,62,0.0,54,47.5,雨,北,7,7,7.12,4,抜き,6,0.23,1.56.6,0.1822222222222222,0.1632085561497326,1,27,2,7,0,0,0,0,1,0,0,0,0.037037037037037035,0.07407407407407407,0.25925925925925924,0.0,0.0,0.0,0.0,0.037037037037037035,0.0,0.0,0.0
2023-09-06,唐津,5,一般,1,3544,豊田訓靖,54,静岡,52,B1,3.98,18.18,0.0,0.0,60,0.0,56,35.4,雨,北,7,7,7.14,2,まくり差し,1,0.24,1.53.8,0.157391304347826,0.189625,2,23,6,6,2,0,0,0,0,6,9,3,0.08695652173913043,0.2608695652173913,0.2608695652173913,0.08695652173913043,0.0,0.0,0.0,0.0,0.2608695652173913,0.391304347826087,0.13043478260869565
2023-09-06,唐津,5,一般,2,5133,堀越雄貴,24,東京,51,B1,4.61,23.81,4.4,20.0,30,80.0,90,25.0,雨,北,7,7,7.05,5,まくり差し,2,0.13,1.58.3,0.1771428571428571,0.1857512953367875,5,35,4,9,0,14,0,4,0,0,0,0,0.14285714285714285,0.11428571428571428,0.2571428571428571,0.0,0.4,0.0,0.11428571428571428,0.0,0.0,0.0,0.0
2023-09-06,唐津,5,一般,3,3613,角谷健吾,50,東京,52,A2,6.06,47.13,5.36,36.36,53,0.0,60,30.0,雨,北,7,7,7.08,4,まくり差し,3,0.17,1.56.3,0.1464864864864865,0.1406481481481481,2,37,10,9,0,0,0,1,0,0,0,0,0.05405405405405406,0.2702702702702703,0.24324324324324326,0.0,0.0,0.0,0.02702702702702703,0.0,0.0,0.0,0.0
2023-09-06,唐津,5,一般,4,4815,伏島祐介,33,東京,52,B1,4.82,23.86,0.0,0.0,58,0.0,76,43.8,雨,北,7,7,7.13,6,まくり差し,5,0.12,2.00.9,0.162,0.1778508771929824,3,40,4,7,0,0,0,3,0,0,0,0,0.075,0.1,0.175,0.0,0.0,0.0,0.075,0.0,0.0,0.0,0.0
2023-09-06,唐津,5,一般,5,4257,古川　健,39,広島,51,A2,5.0,34.57,5.59,45.45,16,50.0,78,34.26,雨,北,7,7,7.07,1,まくり差し,6,0.13,1.52.1,0.1366666666666666,0.1428899082568807,4,39,6,3,0,0,1,0,3,0,0,0,0.10256410256410256,0.15384615384615385,0.07692307692307693,0.0,0.0,0.02564102564102564,0.0,0.07692307692307693,0.0,0.0,0.0
2023-09-06,唐津,5,一般,6,4063,市橋卓士,43,徳島,54,A1,6.68,47.62,5.63,37.21,18,54.55,59,39.32,雨,北,7,7,7.07,3,まくり差し,4,0.09,1.55.2,0.1464285714285714,0.1389743589743589,4,28,3,7,0,0,1,0,1,0,0,0,0.14285714285714285,0.10714285714285714,0.25,0.0,0.0,0.03571428571428571,0.0,0.03571428571428571,0.0,0.0,0.0
2023-09-06,唐津,6,一般,1,3463,乙津康志,56,東京,52,B1,4.53,22.78,0.0,0.0,38,30.0,79,34.71,曇り,北,6,6,7.07,6,差し,1,0.27,2.00.3,0.1716216216216216,0.1806392694063927,13,37,9,2,12,0,0,0,0,13,7,2,0.35135135135135137,0.24324324324324326,0.05405405405405406,0.32432432432432434,0.0,0.0,0.0,0.0,0.35135135135135137,0.1891891891891892,0.05405405405405406
2023-09-06,唐津,6,一般,2,3514,山一鉄也,56,福岡,52,A2,5.67,40.16,5.91,42.22,25,50.0,44,21.9,曇り,北,6,6,7.06,3,差し,2,0.23,1.54.2,0.1621052631578947,0.1689138576779026,4,38,10,11,0,19,2,2,0,0,0,0,0.10526315789473684,0.2631578947368421,0.2894736842105263,0.0,0.5,0.05263157894736842,0.05263157894736842,0.0,0.0,0.0,0.0
2023-09-06,唐津,6,一般,3,5025,粟田　祥,28,徳島,57,B2,3.03,12.31,3.22,11.11,28,60.0,47,30.51,曇り,北,6,6,7.11,1,差し,3,0.17,1.50.7,0.1639285714285714,0.184,1,28,3,4,0,0,0,0,1,0,0,0,0.03571428571428571,0.10714285714285714,0.14285714285714285,0.0,0.0,0.0,0.0,0.03571428571428571,0.0,0.0,0.0
2023-09-06,唐津,6,一般,4,4578,藤山雅弘,34,大阪,53,A2,5.82,47.92,7.36,72.73,65,0.0,85,23.53,曇り,北,6,6,7.13,5,差し,4,0.11,1.58.3,0.19,0.1807281553398058,3,30,9,4,0,0,0,3,0,0,0,0,0.1,0.3,0.13333333333333333,0.0,0.0,0.0,0.1,0.0,0.0,0.0,0.0
2023-09-06,唐津,6,一般,5,3606,川北浩貴,51,滋賀,51,A1,5.86,36.76,4.97,26.47,36,30.0,82,25.47,曇り,北,6,6,7.12,4,差し,5,0.1,1.56.3,0.1564285714285714,0.1473591549295774,3,42,7,13,0,0,1,0,1,0,0,0,0.07142857142857142,0.16666666666666666,0.30952380952380953,0.0,0.0,0.023809523809523808,0.0,0.023809523809523808,0.0,0.0,0.0
2023-09-06,唐津,6,一般,6,5026,安河内健,28,佐賀,53,A1,5.59,34.18,5.85,45.65,15,60.0,72,22.69,曇り,北,6,6,6.97,2,差し,6,0.09,1.53.0,0.1673684210526315,0.1502262443438914,2,38,2,12,0,0,0,0,1,0,0,0,0.05263157894736842,0.05263157894736842,0.3157894736842105,0.0,0.0,0.0,0.0,0.02631578947368421,0.0,0.0,0.0
2023-09-06,唐津,7,一般,1,3692,竹腰正樹,52,福井,52,B1,5.11,29.9,0.0,0.0,69,0.0,33,40.98,晴,北,7,7,7.04,1,逃げ,1,0.13,1.52.6,0.1559375,0.1457510729613734,10,32,5,5,10,0,0,0,0,7,7,6,0.3125,0.15625,0.15625,0.3125,0.0,0.0,0.0,0.0,0.21875,0.21875,0.1875
2023-09-06,唐津,7,一般,2,3491,富永　茂,55,福岡,53,B1,3.36,12.16,3.73,15.15,66,0.0,88,37.25,晴,北,7,7,7.06,5,逃げ,2,0.22,1.56.0,0.166969696969697,0.1876595744680851,3,33,4,3,0,12,2,1,0,0,0,0,0.09090909090909091,0.12121212121212122,0.09090909090909091,0.0,0.36363636363636365,0.06060606060606061,0.030303030303030304,0.0,0.0,0.0,0.0
2023-09-06,唐津,7,一般,3,3814,金子貴志,47,福井,51,B1,5.47,33.88,5.62,37.93,34,40.0,58,35.04,晴,北,7,7,7.12,3,逃げ,3,0.16,1.55.6,0.1707547169811321,0.1734944237918215,6,53,10,16,0,0,1,0,5,0,0,0,0.11320754716981132,0.18867924528301888,0.3018867924528302,0.0,0.0,0.018867924528301886,0.0,0.09433962264150944,0.0,0.0,0.0
2023-09-06,唐津,7,一般,4,4691,水原　慎,40,徳島,50,B1,4.52,22.45,4.49,22.86,68,0.0,67,32.69,晴,北,7,7,7.07,6,逃げ,4,0.1,1.58.2,0.1734146341463414,0.1707114624505928,1,41,4,9,0,0,0,0,0,0,0,0,0.024390243902439025,0.0975609756097561,0.21951219512195122,0.0,0.0,0.0,0.0,0.0,0.0,0.0,0.0
2023-09-06,唐津,7,一般,5,4112,大久保信,43,佐賀,52,A2,5.66,38.64,5.55,35.48,37,10.0,53,33.9,晴,北,7,7,7.03,4,逃げ,5,0.11,1.55.8,0.1930188679245283,0.1805281690140845,4,53,8,10,0,0,0,0,2,0,0,0,0.07547169811320754,0.1509433962264151,0.18867924528301888,0.0,0.0,0.0,0.0,0.03773584905660377,0.0,0.0,0.0
2023-09-06,唐津,7,一般,6,3811,石田章央,47,静岡,54,A2,6.74,49.17,5.64,45.45,23,11.11,69,30.39,晴,北,7,7,7.0,2,逃げ,6,0.11,1.53.6,0.1465853658536585,0.1545973154362416,1,41,7,12,0,0,0,1,0,0,0,0,0.024390243902439025,0.17073170731707318,0.2926829268292683,0.0,0.0,0.0,0.024390243902439025,0.0,0.0,0.0,0.0
2023-09-06,唐津,8,一般,1,3224,栗山繁洋,58,佐賀,53,B1,4.46,27.94,4.51,25.68,40,40.0,81,43.1,晴,北,8,8,7.09,4,差し,1,0.16,2.04.7,0.1657692307692307,0.1804891304347826,11,26,6,2,11,0,0,0,0,6,5,2,0.4230769230769231,0.23076923076923078,0.07692307692307693,0.4230769230769231,0.0,0.0,0.0,0.0,0.23076923076923078,0.19230769230769232,0.07692307692307693
2023-09-06,唐津,8,一般,2,4668,楠本晃嗣,38,福岡,51,B2,3.75,11.48,3.26,15.79,11,20.0,34,26.5,晴,北,8,8,7.07,1,差し,2,0.19,1.57.1,0.187,0.1796923076923076,0,10,2,0,0,6,0,0,0,0,0,0,0.0,0.2,0.0,0.0,0.6,0.0,0.0,0.0,0.0,0.0,0.0
2023-09-06,唐津,8,一般,3,3615,横田　茂,50,広島,52,B1,4.8,28.57,4.77,26.23,57,0.0,87,23.96,晴,北,8,8,7.12,3,差し,3,0.11,2.03.2,0.1508695652173913,0.1524193548387096,5,46,9,7,0,0,0,1,4,0,0,0,0.10869565217391304,0.1956521739130435,0.15217391304347827,0.0,0.0,0.0,0.021739130434782608,0.08695652173913043,0.0,0.0,0.0
2023-09-06,唐津,8,一般,4,3614,谷　勝幸,50,広島,55,B1,4.2,22.73,4.44,23.53,41,50.0,89,32.0,晴,北,8,8,7.06,2,差し,4,0.1,1.59.0,0.1738888888888888,0.1811885245901639,4,36,8,4,0,0,0,3,1,0,0,0,0.1111111111111111,0.2222222222222222,0.1111111111111111,0.0,0.0,0.0,0.08333333333333333,0.027777777777777776,0.0,0.0,0.0
2023-09-06,唐津,8,一般,6,5244,黒田　剛,22,福岡,53,B2,2.0,1.52,2.11,0.0,63,0.0,49,24.11,晴,北,8,8,7.15,5,差し,6,0.12,2.07.2,0.1540217391304348,0.1647560975609756,0,92,0,0,0,0,0,0,0,0,0,0,0.0,0.0,0.0,0.0,0.0,0.0,0.0,0.0,0.0,0.0,0.0
2023-09-06,唐津,9,からっキー特,1,4063,市橋卓士,43,徳島,54,A1,6.68,47.62,5.63,37.21,18,54.55,59,39.32,晴,北,7,7,7.0,2,差し,1,0.1,1.53.6,0.1324489795918367,0.1389743589743589,35,49,5,6,33,0,0,0,0,1,6,5,0.7142857142857143,0.10204081632653061,0.12244897959183673,0.673469387755102,0.0,0.0,0.0,0.0,0.02040816326530612,0.12244897959183673,0.10204081632653061
2023-09-06,唐津,9,からっキー特,2,4257,古川　健,39,広島,51,A2,5.0,34.57,5.59,45.45,16,50.0,78,34.26,晴,北,7,7,7.03,1,差し,2,0.13,1.52.0,0.1296969696969697,0.1428899082568807,8,33,10,4,0,17,3,3,0,0,0,0,0.24242424242424243,0.30303030303030304,0.12121212121212122,0.0,0.5151515151515151,0.09090909090909091,0.09090909090909091,0.0,0.0,0.0,0.0
2023-09-06,唐津,9,からっキー特,3,4949,横田貴満,30,佐賀,50,A2,6.1,44.44,5.36,32.12,33,30.0,73,34.78,晴,北,7,7,7.03,3,差し,3,0.17,1.55.6,0.16725,0.1683982683982683,4,40,10,7,0,0,0,1,2,0,0,0,0.1,0.25,0.175,0.0,0.0,0.0,0.025,0.05,0.0,0.0,0.0
2023-09-06,唐津,9,からっキー特,4,3303,渡辺　豊,55,東京,53,A2,6.4,46.32,5.5,30.0,22,12.5,61,35.29,晴,北,7,7,7.05,4,差し,4,0.13,1.56.6,0.1845,0.182431506849315,4,40,4,11,0,0,1,0,1,0,0,0,0.1,0.1,0.275,0.0,0.0,0.025,0.0,0.025,0.0,0.0,0.0
2023-09-06,唐津,9,からっキー特,5,4182,吉田和仁,39,滋賀,55,B1,4.72,26.85,5.13,37.5,61,0.0,74,40.5,晴,北,7,7,7.1,5,差し,5,0.13,1.58.8,0.1705128205128205,0.1579921259842519,1,39,5,3,0,0,0,0,1,0,0,0,0.02564102564102564,0.1282051282051282,0.07692307692307693,0.0,0.0,0.0,0.0,0.02564102564102564,0.0,0.0,0.0
2023-09-06,唐津,9,からっキー特,6,5004,河野主樹,27,大阪,51,B1,4.57,32.61,0.0,0.0,26,0.0,86,29.46,晴,北,7,7,7.07,6,差し,6,0.07,2.00.3,0.155,0.1510869565217391,0,30,5,7,0,0,0,0,0,0,0,0,0.0,0.16666666666666666,0.23333333333333334,0.0,0.0,0.0,0.0,0.0,0.0,0.0,0.0
2023-09-06,唐津,10,選抜戦,1,3606,川北浩貴,51,滋賀,51,A1,5.86,36.76,4.97,26.47,36,30.0,82,25.47,晴,北,8,8,7.08,1,逃げ,1,0.26,1.54.4,0.1403571428571428,0.1473591549295774,34,56,11,5,34,0,0,0,0,4,7,8,0.6071428571428571,0.19642857142857142,0.08928571428571429,0.6071428571428571,0.0,0.0,0.0,0.0,0.07142857142857142,0.125,0.14285714285714285
2023-09-06,唐津,10,選抜戦,2,3974,深山祐二,46,佐賀,52,B1,4.42,20.78,4.7,28.33,13,36.36,43,45.0,晴,北,8,8,7.04,5,逃げ,2,0.24,1.58.2,0.156875,0.1583707865168539,1,32,5,6,0,20,1,0,0,0,0,0,0.03125,0.15625,0.1875,0.0,0.625,0.03125,0.0,0.0,0.0,0.0,0.0
2023-09-06,唐津,10,選抜戦,3,4072,森永　淳,42,佐賀,53,A1,6.73,54.47,6.5,53.64,59,0.0,51,30.17,晴,北,8,8,7.11,3,逃げ,3,0.21,1.56.9,0.1353658536585366,0.1433333333333333,5,41,14,5,0,0,1,0,4,0,0,0,0.12195121951219512,0.34146341463414637,0.12195121951219512,0.0,0.0,0.024390243902439025,0.0,0.0975609756097561,0.0,0.0,0.0
2023-09-06,唐津,10,選抜戦,4,4294,古賀繁輝,37,佐賀,54,A1,6.17,39.02,7.19,54.4,62,0.0,54,47.5,晴,北,8,8,7.09,2,逃げ,4,0.29,1.55.0,0.154,0.1632085561497326,5,30,5,9,0,0,2,2,0,0,0,0,0.16666666666666666,0.16666666666666666,0.3,0.0,0.0,0.06666666666666667,0.06666666666666667,0.0,0.0,0.0,0.0
2023-09-06,唐津,10,選抜戦,5,3616,中村　真,50,福岡,54,A2,4.72,22.54,5.64,36.21,24,80.0,64,42.86,晴,北,8,8,7.11,4,逃げ,5,0.27,1.56.9,0.1508823529411764,0.1638990825688073,2,34,8,4,0,0,0,0,2,0,0,0,0.058823529411764705,0.23529411764705882,0.11764705882352941,0.0,0.0,0.0,0.0,0.058823529411764705,0.0,0.0,0.0
2023-09-06,唐津,10,選抜戦,6,3613,角谷健吾,50,東京,52,A2,6.06,47.13,5.36,36.36,53,0.0,60,30.0,晴,北,8,8,7.08,6,逃げ,6,0.31,1.58.2,0.1593548387096774,0.1406481481481481,2,31,4,6,0,0,0,1,1,0,0,0,0.06451612903225806,0.12903225806451613,0.1935483870967742,0.0,0.0,0.0,0.03225806451612903,0.03225806451612903,0.0,0.0,0.0
2023-09-06,唐津,11,選抜戦,1,3811,石田章央,47,静岡,54,A2,6.74,49.17,5.64,45.45,23,11.11,69,30.39,晴,北,9,9,7.03,1,逃げ,1,0.19,1.53.3,0.1533333333333333,0.1545973154362416,42,63,12,5,34,0,1,0,0,8,5,5,0.6666666666666666,0.19047619047619047,0.07936507936507936,0.5396825396825397,0.0,0.015873015873015872,0.0,0.0,0.12698412698412698,0.07936507936507936,0.07936507936507936
2023-09-06,唐津,11,選抜戦,2,5026,安河内健,28,佐賀,53,A1,5.59,34.18,5.85,45.65,15,60.0,72,22.69,晴,北,9,9,6.99,2,逃げ,2,0.19,1.54.1,0.155,0.1502262443438914,11,38,13,3,1,14,6,1,2,0,0,0,0.2894736842105263,0.34210526315789475,0.07894736842105263,0.02631578947368421,0.3684210526315789,0.15789473684210525,0.02631578947368421,0.05263157894736842,0.0,0.0,0.0
2023-09-06,唐津,11,選抜戦,3,3489,大場　敏,56,静岡,51,A1,6.42,44.17,0.0,0.0,19,36.36,84,36.11,晴,北,9,9,7.09,3,逃げ,3,0.13,1.54.5,0.1442105263157894,0.1602272727272727,6,57,16,16,1,0,3,0,2,0,0,0,0.10526315789473684,0.2807017543859649,0.2807017543859649,0.017543859649122806,0.0,0.05263157894736842,0.0,0.03508771929824561,0.0,0.0,0.0
2023-09-06,唐津,11,選抜戦,4,3514,山一鉄也,56,福岡,52,A2,5.67,40.16,5.91,42.22,25,50.0,44,21.9,晴,北,9,9,7.05,5,逃げ,4,0.19,1.57.7,0.1826829268292683,0.1689138576779026,4,41,8,10,0,0,3,1,0,0,0,0,0.0975609756097561,0.1951219512195122,0.24390243902439024,0.0,0.0,0.07317073170731707,0.024390243902439025,0.0,0.0,0.0,0.0
2023-09-06,唐津,11,選抜戦,5,3736,岡本　猛,49,大阪,53,A2,5.37,33.33,5.32,36.84,14,36.36,62,26.32,晴,北,9,9,7.07,4,逃げ,5,0.27,1.56.6,0.1545714285714285,0.1628506787330317,1,35,5,9,0,0,0,0,1,0,0,0,0.02857142857142857,0.14285714285714285,0.2571428571428571,0.0,0.0,0.0,0.0,0.02857142857142857,0.0,0.0,0.0
2023-09-06,唐津,11,選抜戦,6,3714,梶原　正,48,福岡,56,B1,4.53,24.74,4.79,25.64,17,54.55,48,31.67,晴,北,9,9,7.14,6,逃げ,6,0.27,2.00.9,0.1748148148148148,0.1535648148148148,0,27,0,6,0,0,0,0,0,0,0,0,0.0,0.0,0.2222222222222222,0.0,0.0,0.0,0.0,0.0,0.0,0.0,0.0
2023-09-06,唐津,12,優勝戦,1,4760,山崎　郡,33,大阪,51,A1,7.38,57.94,7.98,60.87,31,44.44,42,35.96,晴,北,7,7,7.02,3,まくり差し,1,0.23,1.55.7,0.1205479452054794,0.1239072847682119,52,73,13,3,51,0,0,0,0,8,6,5,0.7123287671232876,0.1780821917808219,0.0410958904109589,0.6986301369863014,0.0,0.0,0.0,0.0,0.1095890410958904,0.0821917808219178,0.0684931506849315
2023-09-06,唐津,12,優勝戦,2,3623,深川真二,49,佐賀,51,A1,6.98,49.02,8.03,73.1,64,0.0,57,40.87,晴,北,7,7,7.1,5,まくり差し,2,0.21,1.57.6,0.145625,0.1464661654135338,9,48,17,7,0,27,9,0,0,0,0,0,0.1875,0.3541666666666667,0.14583333333333334,0.0,0.5625,0.1875,0.0,0.0,0.0,0.0,0.0
2023-09-06,唐津,12,優勝戦,3,4468,大池佑来,36,東京,51,A1,6.87,45.65,7.0,54.55,27,0.0,83,38.53,晴,北,7,7,7.11,1,まくり差し,3,0.15,1.52.3,0.1302272727272727,0.1358333333333333,7,44,12,12,0,0,1,2,3,0,0,0,0.1590909090909091,0.2727272727272727,0.2727272727272727,0.0,0.0,0.022727272727272728,0.045454545454545456,0.06818181818181818,0.0,0.0,0.0
2023-09-06,唐津,12,優勝戦,4,5042,畑田汰一,24,埼玉,51,A2,5.92,40.59,6.7,50.0,39,30.0,35,29.69,晴,北,7,7,7.05,4,まくり差し,4,0.09,1.55.8,0.1257894736842105,0.1370319634703196,6,38,9,5,0,0,0,1,5,0,0,0,0.15789473684210525,0.23684210526315788,0.13157894736842105,0.0,0.0,0.0,0.02631578947368421,0.13157894736842105,0.0,0.0,0.0
2023-09-06,唐津,12,優勝戦,5,4624,高田　明,38,佐賀,50,A2,5.61,36.56,6.72,50.33,21,60.0,70,31.97,晴,北,7,7,6.93,2,まくり差し,5,0.13,1.54.9,0.174047619047619,0.1653586497890295,3,42,3,8,0,0,0,1,2,0,0,0,0.07142857142857142,0.07142857142857142,0.19047619047619047,0.0,0.0,0.0,0.023809523809523808,0.047619047619047616,0.0,0.0,0.0
2023-09-06,唐津,12,優勝戦,6,4861,田中宏樹,35,福岡,53,B1,4.25,20.48,4.15,22.22,12,0.0,45,38.18,晴,北,7,7,6.87,6,まくり差し,6,0.14,1.59.7,0.18475,0.1645454545454545,0,40,2,2,0,0,0,0,0,0,0,0,0.0,0.05,0.05,0.0,0.0,0.0,0.0,0.0,0.0,0.0,0.0
2023-09-06,下関,1,一般,1,4200,早川尚人,41,大阪,55,B1,4.74,23.26,4.52,28.0,38,32.38,22,22.22,晴,北東,6,6,6.87,2,差し,1,0.22,1.53.5,0.1835294117647058,0.1839688715953307,11,34,4,4,11,0,0,0,0,8,9,5,0.3235294117647059,0.11764705882352941,0.11764705882352941,0.3235294117647059,0.0,0.0,0.0,0.0,0.23529411764705882,0.2647058823529412,0.14705882352941177
2023-09-06,下関,1,一般,2,4232,笠　雅雄,40,福岡,59,B1,3.77,17.82,3.82,21.43,43,39.18,45,25.74,晴,北東,6,6,6.92,1,差し,2,0.19,1.52.0,0.1729411764705882,0.1886363636363636,3,34,7,6,1,15,1,1,0,0,0,0,0.08823529411764706,0.20588235294117646,0.17647058823529413,0.029411764705882353,0.4411764705882353,0.029411764705882353,0.029411764705882353,0.0,0.0,0.0,0.0
2023-09-06,下関,1,一般,3,4158,木場雄二,42,山口,56,B1,4.92,30.0,5.35,34.11,62,26.17,54,31.78,晴,北東,6,6,6.99,4,差し,3,0.22,1.56.6,0.1606818181818181,0.16546875,3,44,8,11,0,0,0,0,2,0,0,0,0.06818181818181818,0.18181818181818182,0.25,0.0,0.0,0.0,0.0,0.045454545454545456,0.0,0.0,0.0
2023-09-06,下関,1,一般,4,3883,山根大樹,49,広島,56,B1,3.91,14.81,3.35,13.51,32,34.0,43,43.69,晴,北東,6,6,6.93,5,差し,4,0.15,.  .,0.172258064516129,0.179360465116279,0,31,1,4,0,0,0,0,0,0,0,0,0.0,0.03225806451612903,0.12903225806451613,0.0,0.0,0.0,0.0,0.0,0.0,0.0,0.0
2023-09-06,下関,1,一般,5,4176,樋口喜彦,40,兵庫,52,B2,4.13,25.0,2.19,12.5,66,32.74,72,34.95,晴,北東,6,6,6.95,6,差し,5,0.18,.  .,0.16,0.165530303030303,0,22,0,1,0,0,0,0,0,0,0,0,0.0,0.0,0.045454545454545456,0.0,0.0,0.0,0.0,0.0,0.0,0.0,0.0
2023-09-06,下関,1,一般,6,4396,大田直弥,37,山口,52,A2,5.05,29.27,5.95,41.9,44,37.25,24,30.39,晴,北東,6,6,6.85,3,差し,6,0.21,1.55.0,0.2207692307692307,0.1826615969581749,0,39,1,5,0,0,0,0,0,0,0,0,0.0,0.02564102564102564,0.1282051282051282,0.0,0.0,0.0,0.0,0.0,0.0,0.0,0.0
2023-09-06,下関,2,一般,1,4005,瀬川公則,45,山口,55,B1,4.5,23.47,4.28,26.67,23,36.19,37,34.95,晴,北東,6,6,6.9,6,まくり,1,0.23,.  .,0.125,0.1757065217391304,5,24,6,4,5,0,0,0,0,5,3,8,0.20833333333333334,0.25,0.16666666666666666,0.20833333333333334,0.0,0.0,0.0,0.0,0.20833333333333334,0.125,0.3333333333333333
2023-09-06,下関,2,一般,2,3709,田中浩之,49,山口,52,B1,3.72,16.84,4.09,20.69,11,35.29,58,41.75,晴,北東,6,6,6.93,5,まくり,2,0.19,.  .,0.1996969696969697,0.2010526315789473,3,33,4,5,0,12,2,1,0,0,0,0,0.09090909090909091,0.12121212121212122,0.15151515151515152,0.0,0.36363636363636365,0.06060606060606061,0.030303030303030304,0.0,0.0,0.0,0.0
2023-09-06,下関,2,一般,3,3501,川上昇平,54,長崎,54,B1,4.75,27.36,4.55,23.68,71,37.96,15,24.76,晴,北東,6,6,6.82,1,まくり,3,0.12,1.52.2,0.15775,0.1561990950226244,1,40,11,9,0,0,0,1,0,0,0,0,0.025,0.275,0.225,0.0,0.0,0.0,0.025,0.0,0.0,0.0,0.0
2023-09-06,下関,2,一般,4,3559,水長照雄,55,山口,52,B1,3.54,15.48,4.87,25.27,31,40.35,44,22.77,晴,北東,6,6,6.93,4,まくり,4,0.18,1.56.8,0.1720689655172413,0.1769032258064516,0,29,3,4,0,0,0,0,0,0,0,0,0.0,0.10344827586206896,0.13793103448275862,0.0,0.0,0.0,0.0,0.0,0.0,0.0,0.0
2023-09-06,下関,2,一般,5,3808,秋田健太,48,埼玉,60,B1,3.95,14.0,4.1,9.52,68,25.0,28,33.66,晴,北東,6,6,6.89,3,まくり,6,0.19,1.55.3,0.1583870967741935,0.1625136612021858,0,31,1,6,0,0,0,0,0,0,0,0,0.0,0.03225806451612903,0.1935483870967742,0.0,0.0,0.0,0.0,0.0,0.0,0.0,0.0
2023-09-06,下関,2,一般,6,5041,荒牧凪沙,24,福岡,50,B2,4.36,22.41,3.0,11.76,25,39.39,16,37.14,晴,北東,6,6,6.82,2,まくり,5,0.14,1.53.6,0.1795,0.1670921985815603,0,20,0,3,0,0,0,0,0,0,0,0,0.0,0.0,0.15,0.0,0.0,0.0,0.0,0.0,0.0,0.0,0.0
2023-09-06,下関,3,一般,1,4735,角山雄哉,32,兵庫,54,B1,3.94,14.49,0.0,0.0,40,39.64,51,30.19,曇り,北東,6,6,6.9,3,まくり差し,1,0.16,1.53.9,0.1438095238095238,0.1626946107784431,10,21,2,4,9,0,0,0,0,3,4,3,0.47619047619047616,0.09523809523809523,0.19047619047619047,0.42857142857142855,0.0,0.0,0.0,0.0,0.14285714285714285,0.19047619047619047,0.14285714285714285
2023-09-06,下関,3,一般,2,3543,福田雅一,54,香川,54,A2,5.95,44.0,5.03,32.5,45,26.13,47,44.76,曇り,北東,6,6,6.84,4,まくり差し,2,0.15,1.55.1,0.149375,0.1509659090909091,3,32,8,7,0,18,2,1,0,0,0,0,0.09375,0.25,0.21875,0.0,0.5625,0.0625,0.03125,0.0,0.0,0.0,0.0
2023-09-06,下関,3,一般,3,4651,佐藤大騎,38,大阪,51,B1,4.34,23.15,2.86,14.29,72,35.51,68,35.64,曇り,北東,6,6,6.9,1,まくり差し,3,0.15,1.52.4,0.1434146341463414,0.1540277777777778,5,41,8,7,0,0,1,2,2,0,0,0,0.12195121951219512,0.1951219512195122,0.17073170731707318,0.0,0.0,0.024390243902439025,0.04878048780487805,0.04878048780487805,0.0,0.0,0.0
2023-09-06,下関,3,一般,4,4092,岡部大輔,42,佐賀,52,A2,5.52,37.6,6.05,32.43,15,38.39,39,38.68,曇り,北東,6,6,6.95,2,まくり差し,4,0.12,1.53.6,0.1495454545454545,0.1543893129770992,5,44,7,6,0,0,2,0,2,0,0,0,0.11363636363636363,0.1590909090909091,0.13636363636363635,0.0,0.0,0.045454545454545456,0.0,0.045454545454545456,0.0,0.0,0.0
2023-09-06,下関,3,一般,5,4152,深水慎一,43,東京,54,A2,5.39,31.52,0.0,0.0,49,38.24,20,33.66,曇り,北東,6,6,6.87,5,まくり差し,5,0.13,.  .,0.1915384615384615,0.169059405940594,1,26,3,7,0,0,1,0,0,0,0,0,0.038461538461538464,0.11538461538461539,0.2692307692307692,0.0,0.0,0.038461538461538464,0.0,0.0,0.0,0.0,0.0
2023-09-06,下関,3,一般,6,5249,三木晴斗,21,徳島,54,B1,1.98,2.47,0.0,0.0,47,46.0,59,28.04,曇り,北東,6,6,6.82,6,まくり差し,6,0.2,.  .,0.1768831168831169,0.1741134751773049,0,77,1,1,0,0,0,0,0,0,0,0,0.0,0.012987012987012988,0.012987012987012988,0.0,0.0,0.0,0.0,0.0,0.0,0.0,0.0
2023-09-06,下関,4,一般,1,4383,竹田吉行,38,徳島,52,B1,4.53,23.28,5.02,28.57,33,20.56,67,20.0,曇り,北東,6,6,6.89,1,逃げ,1,0.1,1.52.4,0.15,0.1901310043668122,21,32,3,2,20,0,0,0,0,3,2,5,0.65625,0.09375,0.0625,0.625,0.0,0.0,0.0,0.0,0.09375,0.0625,0.15625
2023-09-06,下関,4,一般,2,4318,桑原将光,39,東京,52,A2,5.51,32.61,3.71,14.29,65,39.32,56,37.62,曇り,北東,6,6,6.93,4,逃げ,2,0.14,1.55.4,0.1511363636363636,0.1454545454545454,6,44,17,9,0,17,3,1,0,0,0,0,0.13636363636363635,0.38636363636363635,0.20454545454545456,0.0,0.38636363636363635,0.06818181818181818,0.022727272727272728,0.0,0.0,0.0,0.0
2023-09-06,下関,4,一般,3,3333,丸尾義孝,55,徳島,52,A2,6.17,45.32,5.57,36.36,54,19.19,26,34.62,曇り,北東,6,6,6.9,2,逃げ,3,0.18,1.53.2,0.1478846153846154,0.1457615894039735,5,52,17,12,0,0,1,2,2,0,0,0,0.09615384615384616,0.3269230769230769,0.23076923076923078,0.0,0.0,0.019230769230769232,0.038461538461538464,0.038461538461538464,0.0,0.0,0.0
2023-09-06,下関,4,一般,4,4581,吉村　誠,34,静岡,52,A2,5.67,37.78,7.11,55.56,16,33.98,55,34.95,曇り,北東,6,6,6.86,3,逃げ,4,0.3,1.53.4,0.1222916666666666,0.1339453125,11,48,4,9,0,0,2,6,3,0,0,0,0.22916666666666666,0.08333333333333333,0.1875,0.0,0.0,0.041666666666666664,0.125,0.0625,0.0,0.0,0.0
2023-09-06,下関,4,一般,5,4181,花本夏樹,40,三重,54,B1,4.55,23.73,0.0,0.0,73,27.55,61,32.35,曇り,北東,6,6,6.99,5,逃げ,5,0.27,.  .,0.2132432432432432,0.1851948051948052,0,37,3,9,0,0,0,0,0,0,0,0,0.0,0.08108108108108109,0.24324324324324326,0.0,0.0,0.0,0.0,0.0,0.0,0.0,0.0
2023-09-06,下関,4,一般,6,4315,山崎昂介,39,長崎,52,B1,4.87,29.63,4.19,14.81,60,23.47,38,41.35,曇り,北東,6,6,6.89,6,逃げ,6,0.26,.  .,0.2039024390243902,0.1815322580645161,0,41,0,6,0,0,0,0,0,0,0,0,0.0,0.0,0.14634146341463414,0.0,0.0,0.0,0.0,0.0,0.0,0.0,0.0
2023-09-06,下関,5,シーモ,1,4575,戸塚邦好,34,東京,51,A1,6.68,52.78,0.0,0.0,22,33.64,42,37.62,晴,北東,5,5,6.9,5,まくり,1,0.14,.  .,0.1397619047619047,0.1355066079295154,29,42,6,4,27,0,0,0,0,3,2,4,0.6904761904761905,0.14285714285714285,0.09523809523809523,0.6428571428571429,0.0,0.0,0.0,0.0,0.07142857142857142,0.047619047619047616,0.09523809523809523
2023-09-06,下関,5,シーモ,2,4158,木場雄二,42,山口,56,B1,4.92,30.0,5.35,34.11,62,26.17,54,31.78,晴,北東,5,5,6.99,3,まくり,2,0.18,1.54.4,0.1727906976744186,0.16546875,6,43,9,4,0,20,3,1,0,0,0,0,0.13953488372093023,0.20930232558139536,0.09302325581395349,0.0,0.46511627906976744,0.06976744186046512,0.023255813953488372,0.0,0.0,0.0,0.0
2023-09-06,下関,5,シーモ,3,4150,山田雄太,41,静岡,58,A2,5.6,40.15,6.21,42.11,37,35.87,17,40.0,晴,北東,5,5,6.94,1,まくり,3,0.12,1.51.5,0.131875,0.1379180887372013,10,48,15,7,0,0,0,9,1,0,0,0,0.20833333333333334,0.3125,0.14583333333333334,0.0,0.0,0.0,0.1875,0.020833333333333332,0.0,0.0,0.0
2023-09-06,下関,5,シーモ,4,4908,上田龍星,28,大阪,52,A1,6.76,53.27,7.8,60.0,36,32.0,14,22.12,晴,北東,5,5,6.85,2,まくり,4,0.15,1.52.9,0.1515384615384615,0.1492207792207792,8,39,8,7,0,0,2,2,3,0,0,0,0.20512820512820512,0.20512820512820512,0.1794871794871795,0.0,0.0,0.05128205128205128,0.05128205128205128,0.07692307692307693,0.0,0.0,0.0
2023-09-06,下関,5,シーモ,5,4592,小林孝弘,42,山口,51,B1,4.48,27.72,4.39,22.67,18,26.09,57,35.58,晴,北東,5,5,6.91,4,まくり,5,0.18,1.55.2,0.1858333333333333,0.1737019230769231,0,36,3,7,0,0,0,0,0,0,0,0,0.0,0.08333333333333333,0.19444444444444445,0.0,0.0,0.0,0.0,0.0,0.0,0.0,0.0
2023-09-06,下関,5,シーモ,6,4232,笠　雅雄,40,福岡,59,B1,3.77,17.82,3.82,21.43,43,39.18,45,25.74,晴,北東,5,5,6.91,6,まくり,6,0.17,.  .,0.2048275862068965,0.1886363636363636,0,29,2,2,0,0,0,0,0,0,0,0,0.0,0.06896551724137931,0.06896551724137931,0.0,0.0,0.0,0.0,0.0,0.0,0.0,0.0
2023-09-06,下関,6,一般,1,4811,向井田佑,34,広島,49,B1,5.25,30.36,5.55,36.36,14,39.05,32,29.91,晴,北東,5,5,6.88,3,差し,1,0.17,1.54.8,0.1418421052631579,0.16516,19,38,9,3,18,0,0,0,0,6,6,4,0.5,0.23684210526315788,0.07894736842105263,0.47368421052631576,0.0,0.0,0.0,0.0,0.15789473684210525,0.15789473684210525,0.10526315789473684
2023-09-06,下関,6,一般,2,3808,秋田健太,48,埼玉,60,B1,3.95,14.0,4.1,9.52,68,25.0,28,33.66,晴,北東,5,5,6.91,1,差し,2,0.15,1.52.4,0.1615625,0.1625136612021858,1,32,8,7,0,15,1,0,0,0,0,0,0.03125,0.25,0.21875,0.0,0.46875,0.03125,0.0,0.0,0.0,0.0,0.0
2023-09-06,下関,6,一般,3,4073,大橋純一,42,静岡,52,A2,6.72,52.17,5.85,46.15,52,32.63,25,33.96,晴,北東,5,5,6.91,4,差し,3,0.16,1.55.4,0.156938775510204,0.1513483146067415,9,49,16,11,0,0,2,1,4,0,0,0,0.1836734693877551,0.32653061224489793,0.22448979591836735,0.0,0.0,0.04081632653061224,0.02040816326530612,0.08163265306122448,0.0,0.0,0.0
2023-09-06,下関,6,一般,4,3501,川上昇平,54,長崎,54,B1,4.75,27.36,4.55,23.68,71,37.96,15,24.76,晴,北東,5,5,6.88,5,差し,4,0.17,.  .,0.1520689655172414,0.1561990950226244,1,29,4,10,0,0,0,0,0,0,0,0,0.034482758620689655,0.13793103448275862,0.3448275862068966,0.0,0.0,0.0,0.0,0.0,0.0,0.0,0.0
2023-09-06,下関,6,一般,5,4684,楠原翔太,32,福岡,54,A2,5.12,33.33,5.34,31.58,12,44.55,40,53.77,晴,北東,5,5,6.96,6,差し,5,0.27,.  .,0.1387179487179487,0.1421660649819494,4,39,7,6,0,0,0,0,4,0,0,0,0.10256410256410256,0.1794871794871795,0.15384615384615385,0.0,0.0,0.0,0.0,0.10256410256410256,0.0,0.0,0.0
2023-09-06,下関,6,一般,6,3711,江本真治,49,山口,53,A1,6.32,48.59,6.44,47.06,19,52.08,34,25.24,晴,北東,5,5,6.88,2,差し,6,0.31,1.53.1,0.1888095238095238,0.1594642857142857,0,42,4,12,0,0,0,0,0,0,0,0,0.0,0.09523809523809523,0.2857142857142857,0.0,0.0,0.0,0.0,0.0,0.0,0.0,0.0
2023-09-06,下関,7,ふく～る,1,4154,森安弘雅,43,香川,52,A2,4.65,24.17,5.67,42.19,56,56.14,73,38.68,晴,北東,6,6,6.77,2,差し,1,0.06,1.54.2,0.1605263157894736,0.1721459227467811,21,38,7,5,21,0,0,0,0,6,4,7,0.5526315789473685,0.18421052631578946,0.13157894736842105,0.5526315789473685,0.0,0.0,0.0,0.0,0.15789473684210525,0.10526315789473684,0.18421052631578946
2023-09-06,下関,7,ふく～る,2,4176,樋口喜彦,40,兵庫,52,B2,4.13,25.0,2.19,12.5,66,32.74,72,34.95,晴,北東,6,6,6.9,1,差し,2,0.11,1.53.2,0.18,0.165530303030303,2,26,3,3,0,17,1,1,0,0,0,0,0.07692307692307693,0.11538461538461539,0.11538461538461539,0.0,0.6538461538461539,0.038461538461538464,0.038461538461538464,0.0,0.0,0.0,0.0
2023-09-06,下関,7,ふく～る,3,4005,瀬川公則,45,山口,55,B1,4.5,23.47,4.28,26.67,23,36.19,37,34.95,晴,北東,6,6,6.88,3,差し,3,0.14,1.55.1,0.1666666666666666,0.1757065217391304,0,36,7,10,0,0,0,0,0,0,0,0,0.0,0.19444444444444445,0.2777777777777778,0.0,0.0,0.0,0.0,0.0,0.0,0.0,0.0
2023-09-06,下関,7,ふく～る,4,4152,深水慎一,43,東京,54,A2,5.39,31.52,0.0,0.0,49,38.24,20,33.66,晴,北東,6,6,6.88,4,差し,4,0.2,1.56.1,0.1363157894736842,0.169059405940594,7,38,6,10,0,0,1,5,1,0,0,0,0.18421052631578946,0.15789473684210525,0.2631578947368421,0.0,0.0,0.02631578947368421,0.13157894736842105,0.02631578947368421,0.0,0.0,0.0
2023-09-06,下関,7,ふく～る,5,3709,田中浩之,49,山口,52,B1,3.72,16.84,4.09,20.69,11,35.29,58,41.75,晴,北東,6,6,6.97,5,差し,5,0.24,.  .,0.1991666666666666,0.2010526315789473,0,36,1,5,0,0,0,0,0,0,0,0,0.0,0.027777777777777776,0.1388888888888889,0.0,0.0,0.0,0.0,0.0,0.0,0.0,0.0
2023-09-06,下関,7,ふく～る,6,5010,宇留田翔,26,三重,55,B1,4.85,27.78,4.11,22.22,13,32.74,60,23.76,晴,北東,6,6,6.92,6,差し,6,0.28,.  .,0.1848387096774193,0.1691627906976744,0,31,3,6,0,0,0,0,0,0,0,0,0.0,0.0967741935483871,0.1935483870967742,0.0,0.0,0.0,0.0,0.0,0.0,0.0,0.0
2023-09-06,下関,8,一般,1,4092,岡部大輔,42,佐賀,52,A2,5.52,37.6,6.05,32.43,15,38.39,39,38.68,晴,北東,6,6,6.99,5,差し,1,0.06,.  .,0.1208163265306122,0.1543893129770992,36,49,7,2,36,0,0,0,0,7,5,0,0.7346938775510204,0.14285714285714285,0.04081632653061224,0.7346938775510204,0.0,0.0,0.0,0.0,0.14285714285714285,0.10204081632653061,0.0
2023-09-06,下関,8,一般,2,4181,花本夏樹,40,三重,54,B1,4.55,23.73,0.0,0.0,73,27.55,61,32.35,晴,北東,6,6,7.05,3,差し,2,0.11,1.54.8,0.1711627906976744,0.1851948051948052,3,43,6,14,0,23,2,0,0,0,0,0,0.06976744186046512,0.13953488372093023,0.32558139534883723,0.0,0.5348837209302325,0.046511627906976744,0.0,0.0,0.0,0.0,0.0
2023-09-06,下関,8,一般,3,5041,荒牧凪沙,24,福岡,50,B2,4.36,22.41,3.0,11.76,25,39.39,16,37.14,晴,北東,6,6,6.86,4,差し,3,0.07,1.55.4,0.1644444444444444,0.1670921985815603,1,27,4,3,0,0,1,0,0,0,0,0,0.037037037037037035,0.14814814814814814,0.1111111111111111,0.0,0.0,0.037037037037037035,0.0,0.0,0.0,0.0,0.0
2023-09-06,下関,8,一般,4,4195,前川守嗣,41,福岡,58,A2,5.12,31.36,5.62,31.03,59,33.64,46,42.86,晴,北東,6,6,7.0,1,差し,4,0.11,1.53.1,0.1509375,0.1390909090909091,2,32,9,5,0,0,1,1,0,0,0,0,0.0625,0.28125,0.15625,0.0,0.0,0.03125,0.03125,0.0,0.0,0.0,0.0
2023-09-06,下関,8,一般,5,4173,岡谷健吾,40,広島,55,B1,5.29,32.87,6.18,46.15,35,32.74,12,26.67,晴,北東,6,6,6.98,2,差し,5,0.12,1.53.5,0.1853999999999999,0.1834982332155477,3,50,7,9,0,0,0,0,3,0,0,0,0.06,0.14,0.18,0.0,0.0,0.0,0.0,0.06,0.0,0.0,0.0
2023-09-06,下関,8,一般,6,5249,三木晴斗,21,徳島,54,B1,1.98,2.47,0.0,0.0,47,46.0,59,28.04,晴,北東,6,6,6.91,6,差し,6,0.13,.  .,0.1768831168831169,0.1741134751773049,0,77,1,1,0,0,0,0,0,0,0,0,0.0,0.012987012987012988,0.012987012987012988,0.0,0.0,0.0,0.0,0.0,0.0,0.0,0.0
2023-09-06,下関,9,シーモ特選,1,4150,山田雄太,41,静岡,58,A2,5.6,40.15,6.21,42.11,37,35.87,17,40.0,晴,北東,5,5,7.0,1,逃げ,1,0.15,1.52.0,0.1429629629629629,0.1379180887372013,32,54,9,4,31,0,0,0,0,6,4,9,0.5925925925925926,0.16666666666666666,0.07407407407407407,0.5740740740740741,0.0,0.0,0.0,0.0,0.1111111111111111,0.07407407407407407,0.16666666666666666
2023-09-06,下関,9,シーモ特選,2,4396,大田直弥,37,山口,52,A2,5.05,29.27,5.95,41.9,44,37.25,24,30.39,晴,北東,5,5,6.93,6,逃げ,2,0.25,.  .,0.183170731707317,0.1826615969581749,2,41,18,9,0,23,2,0,0,0,0,0,0.04878048780487805,0.43902439024390244,0.21951219512195122,0.0,0.5609756097560976,0.04878048780487805,0.0,0.0,0.0,0.0,0.0
2023-09-06,下関,9,シーモ特選,3,4315,山崎昂介,39,長崎,52,B1,4.87,29.63,4.19,14.81,60,23.47,38,41.35,晴,北東,5,5,6.9,5,逃げ,3,0.2,.  .,0.1648837209302325,0.1815322580645161,1,43,13,6,0,0,0,0,0,0,0,0,0.023255813953488372,0.3023255813953488,0.13953488372093023,0.0,0.0,0.0,0.0,0.0,0.0,0.0,0.0
2023-09-06,下関,9,シーモ特選,4,4592,小林孝弘,42,山口,51,B1,4.48,27.72,4.39,22.67,18,26.09,57,35.58,晴,北東,5,5,6.88,3,逃げ,4,0.17,1.54.1,0.1762162162162162,0.1737019230769231,4,37,5,8,0,0,1,0,2,0,0,0,0.10810810810810811,0.13513513513513514,0.21621621621621623,0.0,0.0,0.02702702702702703,0.0,0.05405405405405406,0.0,0.0,0.0
2023-09-06,下関,9,シーモ特選,5,4383,竹田吉行,38,徳島,52,B1,4.53,23.28,5.02,28.57,33,20.56,67,20.0,晴,北東,5,5,6.89,2,逃げ,5,0.19,1.53.2,0.2105555555555555,0.1901310043668122,0,36,2,5,0,0,0,0,0,0,0,0,0.0,0.05555555555555555,0.1388888888888889,0.0,0.0,0.0,0.0,0.0,0.0,0.0,0.0
2023-09-06,下関,9,シーモ特選,6,4375,照屋厚仁,39,兵庫,52,A2,5.7,41.9,5.75,37.5,24,33.65,19,33.66,晴,北東,5,5,6.94,4,逃げ,6,0.15,1.54.7,0.1774285714285714,0.1633333333333333,1,35,2,6,0,0,0,1,0,0,0,0,0.02857142857142857,0.05714285714285714,0.17142857142857143,0.0,0.0,0.0,0.02857142857142857,0.0,0.0,0.0,0.0
2023-09-06,下関,10,選抜戦,1,4908,上田龍星,28,大阪,52,A1,6.76,53.27,7.8,60.0,36,32.0,14,22.12,晴,北東,5,5,6.77,1,抜き,1,0.27,1.50.4,0.1264444444444444,0.1492207792207792,38,45,3,3,35,0,0,0,0,2,2,3,0.8444444444444444,0.06666666666666667,0.06666666666666667,0.7777777777777778,0.0,0.0,0.0,0.0,0.044444444444444446,0.044444444444444446,0.06666666666666667
2023-09-06,下関,10,選抜戦,2,4581,吉村　誠,34,静岡,52,A2,5.67,37.78,7.11,55.56,16,33.98,55,34.95,晴,北東,5,5,6.84,3,抜き,2,0.18,1.54.0,0.1423809523809523,0.1339453125,7,42,15,7,0,20,5,1,0,0,0,0,0.16666666666666666,0.35714285714285715,0.16666666666666666,0.0,0.47619047619047616,0.11904761904761904,0.023809523809523808,0.0,0.0,0.0,0.0
2023-09-06,下関,10,選抜戦,3,4684,楠原翔太,32,福岡,54,A2,5.12,33.33,5.34,31.58,12,44.55,40,53.77,晴,北東,5,5,6.85,5,抜き,3,0.23,.  .,0.1308,0.1421660649819494,10,50,13,12,0,0,1,3,6,0,0,0,0.2,0.26,0.24,0.0,0.0,0.02,0.06,0.12,0.0,0.0,0.0
2023-09-06,下関,10,選抜戦,4,4073,大橋純一,42,静岡,52,A2,6.72,52.17,5.85,46.15,52,32.63,25,33.96,晴,北東,5,5,6.84,2,抜き,4,0.14,1.51.6,0.1504166666666666,0.1513483146067415,2,48,11,15,0,0,0,1,1,0,0,0,0.041666666666666664,0.22916666666666666,0.3125,0.0,0.0,0.0,0.020833333333333332,0.020833333333333332,0.0,0.0,0.0
2023-09-06,下関,10,選抜戦,5,4200,早川尚人,41,大阪,55,B1,4.74,23.26,4.52,28.0,38,32.38,22,22.22,晴,北東,5,5,6.88,6,抜き,5,0.24,.  .,0.1754545454545454,0.1839688715953307,1,44,5,9,0,0,0,0,1,0,0,0,0.022727272727272728,0.11363636363636363,0.20454545454545456,0.0,0.0,0.0,0.0,0.022727272727272728,0.0,0.0,0.0
2023-09-06,下関,10,選抜戦,6,4735,角山雄哉,32,兵庫,54,B1,3.94,14.49,0.0,0.0,40,39.64,51,30.19,晴,北東,5,5,6.85,4,抜き,6,0.17,1.54.6,0.2,0.1626946107784431,0,31,0,4,0,0,0,0,0,0,0,0,0.0,0.0,0.12903225806451613,0.0,0.0,0.0,0.0,0.0,0.0,0.0,0.0
2023-09-06,下関,11,選抜戦,1,3711,江本真治,49,山口,53,A1,6.32,48.59,6.44,47.06,19,52.08,34,25.24,晴,北東,4,4,6.86,5,差し,1,0.11,.  .,0.154,0.1594642857142857,35,65,15,8,30,0,0,0,0,13,6,7,0.5384615384615384,0.23076923076923078,0.12307692307692308,0.46153846153846156,0.0,0.0,0.0,0.0,0.2,0.09230769230769231,0.1076923076923077
2023-09-06,下関,11,選抜戦,2,3333,丸尾義孝,55,徳島,52,A2,6.17,45.32,5.57,36.36,54,19.19,26,34.62,晴,北東,4,4,6.85,2,差し,2,0.15,1.51.9,0.1394230769230769,0.1457615894039735,6,52,11,10,0,28,5,0,0,0,0,0,0.11538461538461539,0.21153846153846154,0.19230769230769232,0.0,0.5384615384615384,0.09615384615384616,0.0,0.0,0.0,0.0,0.0
2023-09-06,下関,11,選抜戦,3,3543,福田雅一,54,香川,54,A2,5.95,44.0,5.03,32.5,45,26.13,47,44.76,晴,北東,4,4,6.83,4,差し,3,0.13,1.54.0,0.1440625,0.1509659090909091,4,32,9,4,0,0,0,4,0,0,0,0,0.125,0.28125,0.125,0.0,0.0,0.0,0.125,0.0,0.0,0.0,0.0
2023-09-06,下関,11,選抜戦,4,4575,戸塚邦好,34,東京,51,A1,6.68,52.78,0.0,0.0,22,33.64,42,37.62,晴,北東,4,4,6.83,1,差し,4,0.06,1.50.3,0.1283783783783783,0.1355066079295154,10,37,6,7,0,0,1,5,2,0,0,0,0.2702702702702703,0.16216216216216217,0.1891891891891892,0.0,0.0,0.02702702702702703,0.13513513513513514,0.05405405405405406,0.0,0.0,0.0
2023-09-06,下関,11,選抜戦,5,4811,向井田佑,34,広島,49,B1,5.25,30.36,5.55,36.36,14,39.05,32,29.91,晴,北東,4,4,6.86,3,差し,5,0.14,1.53.2,0.1638636363636363,0.16516,2,44,4,7,0,0,0,0,1,0,0,0,0.045454545454545456,0.09090909090909091,0.1590909090909091,0.0,0.0,0.0,0.0,0.022727272727272728,0.0,0.0,0.0
2023-09-06,下関,11,選抜戦,6,4154,森安弘雅,43,香川,52,A2,4.65,24.17,5.67,42.19,56,56.14,73,38.68,晴,北東,4,4,6.83,6,差し,6,0.15,.  .,0.176060606060606,0.1721459227467811,0,33,1,6,0,0,0,0,0,0,0,0,0.0,0.030303030303030304,0.18181818181818182,0.0,0.0,0.0,0.0,0.0,0.0,0.0,0.0
2023-09-06,下関,12,優勝戦,1,4361,柳生泰二,38,山口,54,A1,6.76,50.94,7.21,57.72,42,36.56,53,35.24,晴,北東,5,5,6.7,1,逃げ,1,0.06,1.50.0,0.1535135135135135,0.1557413249211356,64,74,5,1,62,0,0,0,0,3,2,5,0.8648648648648649,0.06756756756756757,0.013513513513513514,0.8378378378378378,0.0,0.0,0.0,0.0,0.04054054054054054,0.02702702702702703,0.06756756756756757
2023-09-06,下関,12,優勝戦,2,4531,武富智亮,34,佐賀,52,A1,6.06,43.17,6.17,43.1,55,33.03,29,28.43,晴,北東,5,5,6.82,2,逃げ,2,0.07,1.51.7,0.133,0.1376408450704225,16,50,14,9,0,27,10,3,0,0,0,0,0.32,0.28,0.18,0.0,0.54,0.2,0.06,0.0,0.0,0.0,0.0
2023-09-06,下関,12,優勝戦,3,4437,中田元泰,37,香川,54,A1,6.43,46.67,7.1,50.0,21,34.91,50,35.19,晴,北東,5,5,6.8,3,逃げ,3,0.08,1.52.6,0.1475609756097561,0.1504924242424242,15,41,16,4,0,0,1,5,6,0,0,0,0.36585365853658536,0.3902439024390244,0.0975609756097561,0.0,0.0,0.024390243902439025,0.12195121951219512,0.14634146341463414,0.0,0.0,0.0
2023-09-06,下関,12,優勝戦,4,3978,齊藤　仁,46,東京,52,A1,6.99,52.9,7.52,66.67,64,28.42,21,28.3,晴,北東,5,5,6.87,5,逃げ,4,0.08,.  .,0.1674358974358974,0.1516187050359712,9,39,13,6,0,0,1,3,5,0,0,0,0.23076923076923078,0.3333333333333333,0.15384615384615385,0.0,0.0,0.02564102564102564,0.07692307692307693,0.1282051282051282,0.0,0.0,0.0
2023-09-06,下関,12,優勝戦,5,4505,島田賢人,35,埼玉,56,A1,6.09,42.06,0.0,0.0,57,48.11,69,30.77,晴,北東,5,5,6.81,6,逃げ,5,0.09,.  .,0.1621875,0.1528695652173913,3,32,7,7,0,0,0,1,2,0,0,0,0.09375,0.21875,0.21875,0.0,0.0,0.0,0.03125,0.0625,0.0,0.0,0.0
2023-09-06,下関,12,優勝戦,6,4966,田川大貴,25,長崎,54,A2,5.41,35.19,5.05,30.77,70,33.33,31,38.61,晴,北東,5,5,6.78,4,逃げ,6,0.04,1.54.4,0.1436842105263157,0.1408888888888889,2,38,4,5,0,0,0,0,0,0,0,0,0.05263157894736842,0.10526315789473684,0.13157894736842105,0.0,0.0,0.0,0.0,0.0,0.0,0.0,0.0
2023-09-06,宮島,1,ファーストＢ,1,4287,今井貴士,39,福岡,56,A1,6.86,53.66,7.16,53.97,64,28.37,34,34.74,晴,東,1,1,6.81,1,逃げ,1,0.16,1.50.6,0.1301298701298701,0.1490969899665551,63,77,6,4,62,0,0,0,0,3,6,3,0.8181818181818182,0.07792207792207792,0.05194805194805195,0.8051948051948052,0.0,0.0,0.0,0.0,0.03896103896103896,0.07792207792207792,0.03896103896103896
2023-09-06,宮島,1,ファーストＢ,2,4625,渡邊裕貴,37,静岡,52,B1,4.62,25.93,0.0,0.0,23,30.45,47,32.56,晴,東,1,1,6.72,2,逃げ,2,0.22,1.53.6,0.1618421052631579,0.1573404255319149,4,38,7,3,0,19,3,1,0,0,0,0,0.10526315789473684,0.18421052631578946,0.07894736842105263,0.0,0.5,0.07894736842105263,0.02631578947368421,0.0,0.0,0.0,0.0
2023-09-06,宮島,1,ファーストＢ,3,4712,冨好祐真,33,兵庫,53,B1,3.32,9.09,3.13,12.5,24,36.77,56,28.14,晴,東,1,1,6.73,6,逃げ,3,0.23,1.58.8,0.1696153846153846,0.1894871794871794,1,26,0,4,0,0,0,1,0,0,0,0,0.038461538461538464,0.0,0.15384615384615385,0.0,0.0,0.0,0.038461538461538464,0.0,0.0,0.0,0.0
2023-09-06,宮島,1,ファーストＢ,4,3233,小畑実成,56,岡山,53,B1,4.82,29.09,5.33,41.67,22,45.25,54,28.76,晴,東,1,1,6.74,4,逃げ,4,0.2,1.55.3,0.155,0.1552569169960474,3,40,8,4,0,0,1,2,0,0,0,0,0.075,0.2,0.1,0.0,0.0,0.025,0.05,0.0,0.0,0.0,0.0
2023-09-06,宮島,1,ファーストＢ,5,4866,橋本英一,33,福岡,55,B1,4.98,28.57,5.11,28.95,18,35.09,69,35.35,晴,東,1,1,6.75,3,逃げ,5,0.21,1.54.2,0.154,0.1565610859728506,3,40,3,6,0,0,0,1,2,0,0,0,0.075,0.075,0.15,0.0,0.0,0.0,0.025,0.05,0.0,0.0,0.0
2023-09-06,宮島,1,ファーストＢ,6,4470,平田健之,36,三重,52,B1,5.88,35.48,3.36,12.0,62,34.86,24,24.68,晴,東,1,1,6.76,5,逃げ,6,0.21,1.55.5,0.2148717948717949,0.1734170854271356,0,39,4,8,0,0,0,0,0,0,0,0,0.0,0.10256410256410256,0.20512820512820512,0.0,0.0,0.0,0.0,0.0,0.0,0.0,0.0
2023-09-06,宮島,2,予選,1,3757,畑　和宏,51,広島,50,B1,5.03,25.33,5.95,39.82,12,32.02,48,31.19,晴,北東,1,1,6.8,2,まくり,1,0.21,1.54.0,0.1505714285714285,0.1645673076923077,18,35,9,3,18,0,0,0,0,8,4,4,0.5142857142857142,0.2571428571428571,0.08571428571428572,0.5142857142857142,0.0,0.0,0.0,0.0,0.22857142857142856,0.11428571428571428,0.11428571428571428
2023-09-06,宮島,2,予選,2,4197,渥美卓郎,41,静岡,56,B1,3.83,12.63,4.0,27.27,26,31.88,15,39.34,晴,北東,1,1,6.76,3,まくり,2,0.23,1.55.4,0.1944827586206896,0.2099408284023668,0,29,4,6,0,12,0,0,0,0,0,0,0.0,0.13793103448275862,0.20689655172413793,0.0,0.41379310344827586,0.0,0.0,0.0,0.0,0.0,0.0
2023-09-06,宮島,2,予選,3,3338,出本正博,58,広島,55,B1,3.27,6.82,3.83,18.69,37,33.78,17,36.95,晴,北東,1,1,6.78,5,まくり,3,0.19,1.56.9,0.1586666666666666,0.1719607843137255,0,15,0,0,0,0,0,0,0,0,0,0,0.0,0.0,0.0,0.0,0.0,0.0,0.0,0.0,0.0,0.0,0.0
2023-09-06,宮島,2,予選,4,3605,中村守成,51,三重,54,B1,3.75,18.84,5.76,42.86,30,35.56,29,28.42,晴,北東,1,1,6.8,4,まくり,4,0.29,1.56.5,0.1716666666666667,0.1804081632653061,1,30,9,2,0,0,0,1,0,0,0,0,0.03333333333333333,0.3,0.06666666666666667,0.0,0.0,0.0,0.03333333333333333,0.0,0.0,0.0,0.0
2023-09-06,宮島,2,予選,5,3243,佐野隆仁,59,大阪,51,B1,1.95,0.0,0.0,0.0,33,34.09,62,36.11,晴,北東,1,1,6.82,6,まくり,5,0.41,1.58.8,0.1858333333333333,0.1939473684210526,0,12,0,4,0,0,0,0,0,0,0,0,0.0,0.0,0.3333333333333333,0.0,0.0,0.0,0.0,0.0,0.0,0.0,0.0
2023-09-06,宮島,2,予選,6,4683,向井田直,32,広島,47,B1,4.27,28.57,4.73,33.93,41,34.6,26,29.23,晴,北東,1,1,6.77,1,まくり,6,0.09,1.53.3,0.1483333333333333,0.1305978260869565,0,24,2,1,0,0,0,0,0,0,0,0,0.0,0.08333333333333333,0.041666666666666664,0.0,0.0,0.0,0.0,0.0,0.0,0.0,0.0
2023-09-06,宮島,3,予選,1,4672,守屋大地,37,岡山,52,B1,4.36,22.47,4.95,32.79,60,43.18,33,35.48,晴,無風,0,1,6.67,1,逃げ,1,0.2,1.52.0,0.1852173913043478,0.1848780487804878,10,23,3,2,10,0,0,0,0,5,4,2,0.43478260869565216,0.13043478260869565,0.08695652173913043,0.43478260869565216,0.0,0.0,0.0,0.0,0.21739130434782608,0.17391304347826086,0.08695652173913043
2023-09-06,宮島,3,予選,2,3837,秋山広一,48,香川,53,A2,6.54,48.57,5.45,45.45,21,30.95,12,28.91,晴,無風,0,1,6.73,2,逃げ,3,0.17,1.52.5,0.1580851063829787,0.15,13,47,18,3,0,28,11,1,1,0,0,0,0.2765957446808511,0.3829787234042553,0.06382978723404255,0.0,0.5957446808510638,0.23404255319148937,0.02127659574468085,0.02127659574468085,0.0,0.0,0.0
2023-09-06,宮島,3,予選,3,3412,鈴木　博,54,埼玉,52,A2,6.24,42.37,0.0,0.0,34,33.95,58,34.5,晴,無風,0,1,6.74,3,逃げ,4,0.18,1.54.2,0.1743478260869565,0.1635494880546075,11,46,7,12,0,0,1,5,4,0,0,0,0.2391304347826087,0.15217391304347827,0.2608695652173913,0.0,0.0,0.021739130434782608,0.10869565217391304,0.08695652173913043,0.0,0.0,0.0
2023-09-06,宮島,3,予選,4,4094,中島真二,42,福岡,53,B1,4.44,23.17,3.37,11.11,19,37.39,27,30.85,晴,無風,0,1,6.78,6,逃げ,5,0.25,1.58.0,0.1863636363636363,0.1975132275132275,3,33,5,4,0,0,0,1,2,0,0,0,0.09090909090909091,0.15151515151515152,0.12121212121212122,0.0,0.0,0.0,0.030303030303030304,0.06060606060606061,0.0,0.0,0.0
2023-09-06,宮島,3,予選,5,3406,中里英夫,55,群馬,52,A2,5.24,33.33,2.8,0.0,46,36.04,20,39.82,晴,無風,0,1,6.77,5,逃げ,6,0.28,1.56.5,0.1726315789473684,0.1705217391304347,2,38,5,5,0,0,1,0,1,0,0,0,0.05263157894736842,0.13157894736842105,0.13157894736842105,0.0,0.0,0.02631578947368421,0.0,0.02631578947368421,0.0,0.0,0.0
2023-09-06,宮島,3,予選,6,3920,正木聖賢,48,広島,54,A2,5.94,36.75,6.65,51.85,48,44.93,28,25.68,晴,無風,0,1,6.71,4,逃げ,2,0.14,1.54.9,0.1687878787878788,0.1673828125,3,33,7,6,0,0,3,0,0,0,0,0,0.09090909090909091,0.21212121212121213,0.18181818181818182,0.0,0.0,0.09090909090909091,0.0,0.0,0.0,0.0,0.0
2023-09-06,宮島,4,ランチ特賞,1,3952,中澤和志,47,埼玉,53,A1,7.21,51.59,0.0,0.0,29,43.58,51,29.0,晴,南,1,1,6.73,3,まくり,1,0.12,1.53.2,0.1363076923076923,0.1407903780068728,41,65,9,9,37,0,0,1,0,5,8,9,0.6307692307692307,0.13846153846153847,0.13846153846153847,0.5692307692307692,0.0,0.0,0.015384615384615385,0.0,0.07692307692307693,0.12307692307692308,0.13846153846153847
2023-09-06,宮島,4,ランチ特賞,2,3458,東　健介,56,岡山,54,B1,4.2,23.53,4.76,31.37,25,31.14,53,31.46,晴,南,1,1,6.74,6,まくり,2,0.21,1.57.5,0.1727586206896551,0.160989010989011,4,29,4,7,0,14,4,0,0,0,0,0,0.13793103448275862,0.13793103448275862,0.2413793103448276,0.0,0.4827586206896552,0.13793103448275862,0.0,0.0,0.0,0.0,0.0
2023-09-06,宮島,4,ランチ特賞,3,4478,櫻本あゆ,35,群馬,48,A2,6.44,48.98,5.21,37.93,65,38.46,66,35.56,晴,南,1,1,6.72,1,まくり,3,0.06,1.51.4,0.145,0.1644736842105263,10,36,8,7,0,0,0,6,3,0,0,0,0.2777777777777778,0.2222222222222222,0.19444444444444445,0.0,0.0,0.0,0.16666666666666666,0.08333333333333333,0.0,0.0,0.0
2023-09-06,宮島,4,ランチ特賞,4,4374,永田義紘,39,広島,51,B1,4.36,22.0,4.63,24.04,51,30.22,52,37.9,晴,南,1,1,6.68,2,まくり,4,0.12,1.52.3,0.1434285714285714,0.1588571428571428,1,35,3,10,0,0,0,1,0,0,0,0,0.02857142857142857,0.08571428571428572,0.2857142857142857,0.0,0.0,0.0,0.02857142857142857,0.0,0.0,0.0,0.0
2023-09-06,宮島,4,ランチ特賞,5,5257,西丸侑太,19,香川,53,B1,2.45,2.7,2.89,0.0,52,43.18,21,27.07,晴,南,1,1,6.73,4,まくり,5,0.13,1.54.7,0.1925316455696202,0.2013270142180095,1,79,5,3,0,0,0,0,1,0,0,0,0.012658227848101266,0.06329113924050633,0.0379746835443038,0.0,0.0,0.0,0.0,0.012658227848101266,0.0,0.0,0.0
2023-09-06,宮島,4,ランチ特賞,6,4090,中村　尊,42,埼玉,54,A2,6.4,50.0,0.0,0.0,67,29.55,57,32.67,晴,南,1,1,6.77,5,まくり,6,0.19,1.55.5,0.1468571428571428,0.1271308016877637,1,35,8,5,0,0,0,1,0,0,0,0,0.02857142857142857,0.22857142857142856,0.14285714285714285,0.0,0.0,0.0,0.02857142857142857,0.0,0.0,0.0,0.0
2023-09-06,宮島,5,予選,1,4927,関野　文,29,大阪,43,A2,5.92,38.89,5.6,30.0,58,30.0,67,33.64,晴,南,2,2,6.69,2,まくり差し,1,0.33,1.53.0,0.1845454545454545,0.1926206896551724,12,22,3,2,12,0,0,0,0,4,3,2,0.5454545454545454,0.13636363636363635,0.09090909090909091,0.5454545454545454,0.0,0.0,0.0,0.0,0.18181818181818182,0.13636363636363635,0.09090909090909091
2023-09-06,宮島,5,予選,2,3580,水口由紀,50,滋賀,48,B1,5.17,26.83,4.42,20.83,17,35.65,65,34.62,晴,南,2,2,6.7,4,まくり差し,2,0.26,1.55.3,0.1654838709677419,0.1851533742331288,0,31,5,6,0,18,0,0,0,0,0,0,0.0,0.16129032258064516,0.1935483870967742,0.0,0.5806451612903226,0.0,0.0,0.0,0.0,0.0,0.0
2023-09-06,宮島,5,予選,3,4819,蜂須瑞生,32,群馬,47,B1,5.0,33.93,6.0,40.0,53,28.75,55,36.96,晴,南,2,2,6.69,3,まくり差し,3,0.27,1.53.7,0.1559259259259259,0.1713636363636363,3,27,5,6,0,0,0,0,3,0,0,0,0.1111111111111111,0.18518518518518517,0.2222222222222222,0.0,0.0,0.0,0.0,0.1111111111111111,0.0,0.0,0.0
2023-09-06,宮島,5,予選,4,4884,勝浦真帆,27,岡山,50,B1,5.06,30.39,3.71,23.53,35,28.5,61,30.73,晴,南,2,2,6.72,6,まくり差し,4,0.27,1.59.3,0.1297777777777777,0.1332258064516129,6,45,2,8,0,0,2,2,1,0,0,0,0.13333333333333333,0.044444444444444446,0.17777777777777778,0.0,0.0,0.044444444444444446,0.044444444444444446,0.022222222222222223,0.0,0.0,0.0
2023-09-06,宮島,5,予選,5,4399,松本晶恵,36,群馬,45,A1,5.62,40.0,5.57,33.33,28,38.35,45,40.59,晴,南,2,2,6.69,1,まくり差し,5,0.25,1.51.4,0.182,0.1791124260355029,0,25,5,7,0,0,0,0,0,0,0,0,0.0,0.2,0.28,0.0,0.0,0.0,0.0,0.0,0.0,0.0,0.0
2023-09-06,宮島,5,予選,6,4536,喜井つか,33,岡山,47,A1,5.89,37.37,6.58,47.37,50,38.24,22,39.9,晴,南,2,2,6.7,5,まくり差し,6,0.27,1.56.6,0.20125,0.1632579185520362,0,40,1,13,0,0,0,0,0,0,0,0,0.0,0.025,0.325,0.0,0.0,0.0,0.0,0.0,0.0,0.0,0.0
2023-09-06,宮島,6,予選,1,4508,野間大樹,34,大阪,51,B1,4.56,19.12,0.0,0.0,11,34.86,40,31.78,晴,南,3,3,6.68,2,抜き,1,0.17,1.53.2,0.1535,0.1741333333333333,8,20,3,4,7,0,0,0,0,5,4,1,0.4,0.15,0.2,0.35,0.0,0.0,0.0,0.0,0.25,0.2,0.05
2023-09-06,宮島,6,予選,2,4050,田口節子,42,岡山,46,A1,6.84,47.19,7.19,57.14,45,36.75,70,27.87,晴,南,3,3,6.67,1,抜き,2,0.23,1.51.7,0.1344117647058823,0.1360294117647058,6,34,9,7,0,16,5,1,0,0,0,0,0.17647058823529413,0.2647058823529412,0.20588235294117646,0.0,0.47058823529411764,0.14705882352941177,0.029411764705882353,0.0,0.0,0.0,0.0
2023-09-06,宮島,6,予選,3,3251,平石和男,57,埼玉,49,A2,5.99,41.79,5.15,35.0,16,39.29,14,35.78,晴,南,3,3,6.77,3,抜き,3,0.2,1.54.7,0.1831481481481481,0.1930407523510971,7,54,12,13,0,0,2,2,2,0,0,0,0.12962962962962962,0.2222222222222222,0.24074074074074073,0.0,0.0,0.037037037037037035,0.037037037037037035,0.037037037037037035,0.0,0.0,0.0
2023-09-06,宮島,6,予選,4,3338,出本正博,58,広島,55,B1,3.27,6.82,3.83,18.69,37,33.78,17,36.95,晴,南,3,3,6.75,6,抜き,4,0.19,2.02.1,0.1805263157894737,0.1719607843137255,0,19,4,1,0,0,0,0,0,0,0,0,0.0,0.21052631578947367,0.05263157894736842,0.0,0.0,0.0,0.0,0.0,0.0,0.0,0.0
2023-09-06,宮島,6,予選,5,3414,加瀬智宏,53,群馬,53,A2,5.01,29.73,6.6,50.0,43,38.33,16,27.59,晴,南,3,3,6.72,4,抜き,5,0.21,1.57.2,0.1506666666666666,0.1534343434343434,0,30,2,6,0,0,0,0,0,0,0,0,0.0,0.06666666666666667,0.2,0.0,0.0,0.0,0.0,0.0,0.0,0.0,0.0
2023-09-06,宮島,6,予選,6,3233,小畑実成,56,岡山,53,B1,4.82,29.09,5.33,41.67,22,45.25,54,28.76,晴,南,3,3,6.71,5,抜き,6,0.18,1.59.4,0.1571794871794871,0.1552569169960474,0,39,4,7,0,0,0,0,0,0,0,0,0.0,0.10256410256410256,0.1794871794871795,0.0,0.0,0.0,0.0,0.0,0.0,0.0,0.0
2023-09-06,宮島,7,予選,1,3605,中村守成,51,三重,54,B1,3.75,18.84,5.76,42.86,30,35.56,29,28.42,晴,南,1,1,6.74,3,抜き,1,0.26,1.55.3,0.16125,0.1804081632653061,13,32,6,2,13,0,0,0,0,5,6,6,0.40625,0.1875,0.0625,0.40625,0.0,0.0,0.0,0.0,0.15625,0.1875,0.1875
2023-09-06,宮島,7,予選,2,4302,西野翔太,40,広島,51,A1,5.96,38.83,5.71,37.5,63,38.5,44,34.8,晴,南,1,1,6.63,2,抜き,2,0.21,1.53.3,0.1555555555555555,0.1520703125,11,45,13,7,3,26,7,0,0,0,0,0,0.24444444444444444,0.28888888888888886,0.15555555555555556,0.06666666666666667,0.5777777777777777,0.15555555555555556,0.0,0.0,0.0,0.0,0.0
2023-09-06,宮島,7,予選,3,3837,秋山広一,48,香川,53,A2,6.54,48.57,5.45,45.45,21,30.95,12,28.91,晴,南,1,1,6.74,5,抜き,3,0.2,1.56.4,0.1313333333333333,0.15,5,45,11,12,0,0,0,2,3,0,0,0,0.1111111111111111,0.24444444444444444,0.26666666666666666,0.0,0.0,0.0,0.044444444444444446,0.06666666666666667,0.0,0.0,0.0
2023-09-06,宮島,7,予選,4,4504,前田将太,35,福岡,52,A1,7.38,51.13,6.7,45.0,14,33.16,23,33.97,晴,南,1,1,6.79,1,抜き,4,0.24,1.51.7,0.1432653061224489,0.1401661129568106,9,49,17,10,0,0,0,7,2,0,0,0,0.1836734693877551,0.3469387755102041,0.20408163265306123,0.0,0.0,0.0,0.14285714285714285,0.04081632653061224,0.0,0.0,0.0
2023-09-06,宮島,7,予選,5,4625,渡邊裕貴,37,静岡,52,B1,4.62,25.93,0.0,0.0,23,30.45,47,32.56,晴,南,1,1,6.72,4,抜き,5,0.24,1.55.7,0.1469696969696969,0.1573404255319149,2,33,5,6,0,0,0,2,0,0,0,0,0.06060606060606061,0.15151515151515152,0.18181818181818182,0.0,0.0,0.0,0.06060606060606061,0.0,0.0,0.0,0.0
2023-09-06,宮島,7,予選,6,3273,石田　豪,57,広島,53,B1,4.26,16.98,5.37,34.67,57,30.7,59,35.65,晴,南,1,1,6.74,6,抜き,6,0.31,1.58.6,0.2017241379310345,0.1681935483870967,1,29,0,5,0,0,0,0,1,0,0,0,0.034482758620689655,0.0,0.1724137931034483,0.0,0.0,0.0,0.0,0.034482758620689655,0.0,0.0,0.0
2023-09-06,宮島,8,予選,1,3890,小宮淳史,47,岡山,57,A2,5.62,37.97,4.68,25.0,56,32.13,60,35.18,晴,南,3,3,6.7,1,逃げ,1,0.12,1.51.4,0.1625714285714286,0.1737560975609756,15,35,12,4,11,0,0,0,0,5,7,6,0.42857142857142855,0.34285714285714286,0.11428571428571428,0.3142857142857143,0.0,0.0,0.0,0.0,0.14285714285714285,0.2,0.17142857142857143
2023-09-06,宮島,8,予選,2,4220,深川和仁,41,香川,54,A2,5.56,37.11,5.27,45.45,13,36.32,32,40.49,晴,南,3,3,6.68,6,逃げ,2,0.22,1.57.6,0.1586486486486486,0.1448471615720524,8,37,7,9,1,16,4,0,0,0,0,0,0.21621621621621623,0.1891891891891892,0.24324324324324326,0.02702702702702703,0.43243243243243246,0.10810810810810811,0.0,0.0,0.0,0.0,0.0
2023-09-06,宮島,8,予選,3,4094,中島真二,42,福岡,53,B1,4.44,23.17,3.37,11.11,19,37.39,27,30.85,晴,南,3,3,6.73,5,逃げ,3,0.27,1.57.1,0.1844117647058823,0.1975132275132275,1,34,6,7,0,0,0,0,1,0,0,0,0.029411764705882353,0.17647058823529413,0.20588235294117646,0.0,0.0,0.0,0.0,0.029411764705882353,0.0,0.0,0.0
2023-09-06,宮島,8,予選,4,4197,渥美卓郎,41,静岡,56,B1,3.83,12.63,4.0,27.27,26,31.88,15,39.34,晴,南,3,3,6.73,3,逃げ,4,0.11,1.55.2,0.205,0.2099408284023668,1,26,0,1,0,0,0,0,1,0,0,0,0.038461538461538464,0.0,0.038461538461538464,0.0,0.0,0.0,0.0,0.038461538461538464,0.0,0.0,0.0
2023-09-06,宮島,8,予選,5,3744,徳増秀樹,48,静岡,55,A1,7.12,54.13,7.43,51.43,61,29.2,11,40.61,晴,南,3,3,6.83,2,逃げ,5,0.09,1.53.2,0.1293939393939394,0.1377394636015325,6,33,6,7,0,0,0,3,2,0,0,0,0.18181818181818182,0.18181818181818182,0.21212121212121213,0.0,0.0,0.0,0.09090909090909091,0.06060606060606061,0.0,0.0,0.0
2023-09-06,宮島,8,予選,6,5257,西丸侑太,19,香川,53,B1,2.45,2.7,2.89,0.0,52,43.18,21,27.07,晴,南,3,3,6.71,4,逃げ,6,0.14,1.55.7,0.2128571428571428,0.2013270142180095,1,98,4,10,0,0,0,0,0,0,0,0,0.01020408163265306,0.04081632653061224,0.10204081632653061,0.0,0.0,0.0,0.0,0.0,0.0,0.0,0.0
2023-09-06,宮島,9,ティータイム,1,3412,鈴木　博,54,埼玉,52,A2,6.24,42.37,0.0,0.0,34,33.95,58,34.5,晴,南西,3,3,6.69,4,まくり,1,0.18,1.56.9,0.1463793103448276,0.1635494880546075,37,58,6,8,37,0,0,0,0,6,9,6,0.6379310344827587,0.10344827586206896,0.13793103448275862,0.6379310344827587,0.0,0.0,0.0,0.0,0.10344827586206896,0.15517241379310345,0.10344827586206896
2023-09-06,宮島,9,ティータイム,2,3757,畑　和宏,51,広島,50,B1,5.03,25.33,5.95,39.82,12,32.02,48,31.19,晴,南西,3,3,6.73,1,まくり,2,0.1,1.52.8,0.1669999999999999,0.1645673076923077,3,40,11,11,0,29,1,2,0,0,0,0,0.075,0.275,0.275,0.0,0.725,0.025,0.05,0.0,0.0,0.0,0.0
2023-09-06,宮島,9,ティータイム,3,4866,橋本英一,33,福岡,55,B1,4.98,28.57,5.11,28.95,18,35.09,69,35.35,晴,南西,3,3,6.7,6,まくり,3,0.13,1.58.4,0.1635555555555555,0.1565610859728506,3,45,12,8,0,0,0,2,0,0,0,0,0.06666666666666667,0.26666666666666666,0.17777777777777778,0.0,0.0,0.0,0.044444444444444446,0.0,0.0,0.0,0.0
2023-09-06,宮島,9,ティータイム,4,4090,中村　尊,42,埼玉,54,A2,6.4,50.0,0.0,0.0,67,29.55,57,32.67,晴,南西,3,3,6.74,3,まくり,4,0.09,1.55.4,0.1205,0.1271308016877637,4,40,6,11,0,0,1,2,1,0,0,0,0.1,0.15,0.275,0.0,0.0,0.025,0.05,0.025,0.0,0.0,0.0
2023-09-06,宮島,9,ティータイム,5,4674,池田剛規,36,福岡,52,B1,5.06,32.38,5.56,25.0,15,35.0,30,35.05,晴,南西,3,3,6.72,2,まくり,5,0.11,1.53.8,0.133235294117647,0.1542727272727272,2,34,4,6,0,0,0,0,1,0,0,0,0.058823529411764705,0.11764705882352941,0.17647058823529413,0.0,0.0,0.0,0.0,0.029411764705882353,0.0,0.0,0.0
2023-09-06,宮島,9,ティータイム,6,4884,勝浦真帆,27,岡山,50,B1,5.06,30.39,3.71,23.53,35,28.5,61,30.73,晴,南西,3,3,6.71,5,まくり,6,0.28,1.57.5,0.1344444444444444,0.1332258064516129,0,36,2,6,0,0,0,0,0,0,0,0,0.0,0.05555555555555555,0.16666666666666666,0.0,0.0,0.0,0.0,0.0,0.0,0.0,0.0
2023-09-06,宮島,10,特賞,1,4819,蜂須瑞生,32,群馬,47,B1,5.0,33.93,6.0,40.0,53,28.75,55,36.96,晴,南,3,3,6.59,1,逃げ,1,0.22,1.51.2,0.158695652173913,0.1713636363636363,14,23,2,4,14,0,0,0,0,0,5,3,0.6086956521739131,0.08695652173913043,0.17391304347826086,0.6086956521739131,0.0,0.0,0.0,0.0,0.0,0.21739130434782608,0.13043478260869565
2023-09-06,宮島,10,特賞,2,4472,尾嶋一広,36,兵庫,55,A1,6.76,50.78,6.85,55.88,32,33.48,38,38.99,晴,南,3,3,6.6,3,逃げ,2,0.22,1.54.5,0.1579310344827586,0.1488079470198675,20,58,17,9,0,28,11,6,0,0,0,0,0.3448275862068966,0.29310344827586204,0.15517241379310345,0.0,0.4827586206896552,0.1896551724137931,0.10344827586206896,0.0,0.0,0.0,0.0
2023-09-06,宮島,10,特賞,3,3920,正木聖賢,48,広島,54,A2,5.94,36.75,6.65,51.85,48,44.93,28,25.68,晴,南,3,3,6.66,2,逃げ,3,0.18,1.52.2,0.165813953488372,0.1673828125,4,43,6,10,0,0,2,1,1,0,0,0,0.09302325581395349,0.13953488372093023,0.23255813953488372,0.0,0.0,0.046511627906976744,0.023255813953488372,0.023255813953488372,0.0,0.0,0.0
2023-09-06,宮島,10,特賞,4,3414,加瀬智宏,53,群馬,53,A2,5.01,29.73,6.6,50.0,43,38.33,16,27.59,晴,南,3,3,6.69,5,逃げ,4,0.15,1.56.9,0.145,0.1534343434343434,2,30,9,3,0,0,0,1,1,0,0,0,0.06666666666666667,0.3,0.1,0.0,0.0,0.0,0.03333333333333333,0.03333333333333333,0.0,0.0,0.0
2023-09-06,宮島,10,特賞,5,3746,岡瀬正人,48,岡山,51,A2,5.91,41.67,6.74,50.0,31,36.0,63,34.76,晴,南,3,3,6.69,4,逃げ,5,0.13,1.54.8,0.1876086956521739,0.1740199335548173,4,46,7,10,0,0,0,0,4,0,0,0,0.08695652173913043,0.15217391304347827,0.21739130434782608,0.0,0.0,0.0,0.0,0.08695652173913043,0.0,0.0,0.0
2023-09-06,宮島,10,特賞,6,3458,東　健介,56,岡山,54,B1,4.2,23.53,4.76,31.37,25,31.14,53,31.46,晴,南,3,3,6.71,6,逃げ,6,0.13,1.59.1,0.193103448275862,0.160989010989011,0,29,0,2,0,0,0,0,0,0,0,0,0.0,0.0,0.06896551724137931,0.0,0.0,0.0,0.0,0.0,0.0,0.0,0.0
2023-09-06,宮島,11,特選,1,4399,松本晶恵,36,群馬,45,A1,5.62,40.0,5.57,33.33,28,38.35,45,40.59,晴,東,2,2,6.7,4,まくり,1,0.25,1.53.9,0.1775,0.1791124260355029,22,36,7,5,21,0,0,0,0,2,8,2,0.6111111111111112,0.19444444444444445,0.1388888888888889,0.5833333333333334,0.0,0.0,0.0,0.0,0.05555555555555555,0.2222222222222222,0.05555555555555555
2023-09-06,宮島,11,特選,2,3478,嶋田貴支,52,香川,52,B1,4.51,27.03,5.75,37.5,68,32.08,64,34.67,晴,東,2,2,6.67,6,まくり,2,0.21,1.58.8,0.1738461538461538,0.1749032258064516,5,26,4,8,1,12,4,0,0,0,0,0,0.19230769230769232,0.15384615384615385,0.3076923076923077,0.038461538461538464,0.46153846153846156,0.15384615384615385,0.0,0.0,0.0,0.0,0.0
2023-09-06,宮島,11,特選,3,3406,中里英夫,55,群馬,52,A2,5.24,33.33,2.8,0.0,46,36.04,20,39.82,晴,東,2,2,6.73,5,まくり,3,0.19,1.56.1,0.15,0.1705217391304347,1,36,11,4,0,0,1,0,0,0,0,0,0.027777777777777776,0.3055555555555556,0.1111111111111111,0.0,0.0,0.027777777777777776,0.0,0.0,0.0,0.0,0.0
2023-09-06,宮島,11,特選,4,4302,西野翔太,40,広島,51,A1,5.96,38.83,5.71,37.5,63,38.5,44,34.8,晴,東,2,2,6.65,1,まくり,4,0.15,1.51.5,0.1320833333333333,0.1520703125,4,48,11,8,0,0,2,0,2,0,0,0,0.08333333333333333,0.22916666666666666,0.16666666666666666,0.0,0.0,0.041666666666666664,0.0,0.041666666666666664,0.0,0.0,0.0
2023-09-06,宮島,11,特選,5,3952,中澤和志,47,埼玉,53,A1,7.21,51.59,0.0,0.0,29,43.58,51,29.0,晴,東,2,2,6.75,2,まくり,5,0.12,1.52.3,0.152,0.1407903780068728,3,35,6,12,0,0,1,0,2,0,0,0,0.08571428571428572,0.17142857142857143,0.34285714285714286,0.0,0.0,0.02857142857142857,0.0,0.05714285714285714,0.0,0.0,0.0
2023-09-06,宮島,11,特選,6,4050,田口節子,42,岡山,46,A1,6.84,47.19,7.19,57.14,45,36.75,70,27.87,晴,東,2,2,6.66,3,まくり,6,0.17,1.53.7,0.1602857142857142,0.1360294117647058,1,35,10,10,0,0,0,0,0,0,0,0,0.02857142857142857,0.2857142857142857,0.2857142857142857,0.0,0.0,0.0,0.0,0.0,0.0,0.0,0.0
2023-09-06,宮島,12,報知特選,1,4504,前田将太,35,福岡,52,A1,7.38,51.13,6.7,45.0,14,33.16,23,33.97,晴,北東,2,2,6.78,1,逃げ,1,0.14,1.50.8,0.1352173913043478,0.1401661129568106,56,69,6,0,52,0,0,0,0,3,7,3,0.8115942028985508,0.08695652173913043,0.0,0.7536231884057971,0.0,0.0,0.0,0.0,0.043478260869565216,0.10144927536231885,0.043478260869565216
2023-09-06,宮島,12,報知特選,2,4536,喜井つか,33,岡山,47,A1,5.89,37.37,6.58,47.37,50,38.24,22,39.9,晴,北東,2,2,6.77,2,逃げ,2,0.11,1.52.0,0.1384848484848485,0.1632579185520362,8,33,12,9,0,15,5,3,0,0,0,0,0.24242424242424243,0.36363636363636365,0.2727272727272727,0.0,0.45454545454545453,0.15151515151515152,0.09090909090909091,0.0,0.0,0.0,0.0
2023-09-06,宮島,12,報知特選,3,4672,守屋大地,37,岡山,52,B1,4.36,22.47,4.95,32.79,60,43.18,33,35.48,晴,北東,2,2,6.76,3,逃げ,3,0.17,1.53.6,0.2043589743589743,0.1848780487804878,5,39,9,4,0,0,0,3,1,0,0,0,0.1282051282051282,0.23076923076923078,0.10256410256410256,0.0,0.0,0.0,0.07692307692307693,0.02564102564102564,0.0,0.0,0.0
2023-09-06,宮島,12,報知特選,4,3744,徳増秀樹,48,静岡,55,A1,7.12,54.13,7.43,51.43,61,29.2,11,40.61,晴,北東,2,2,6.73,4,逃げ,4,0.15,1.55.1,0.1377499999999999,0.1377394636015325,9,40,9,5,0,0,4,4,1,0,0,0,0.225,0.225,0.125,0.0,0.0,0.1,0.1,0.025,0.0,0.0,0.0
2023-09-06,宮島,12,報知特選,5,3251,平石和男,57,埼玉,49,A2,5.99,41.79,5.15,35.0,16,39.29,14,35.78,晴,北東,2,2,6.92,5,逃げ,5,0.2,1.55.8,0.1875,0.1930407523510971,2,52,8,14,0,0,0,0,2,0,0,0,0.038461538461538464,0.15384615384615385,0.2692307692307692,0.0,0.0,0.0,0.0,0.038461538461538464,0.0,0.0,0.0
2023-09-06,宮島,12,報知特選,6,4478,櫻本あゆ,35,群馬,48,A2,6.44,48.98,5.21,37.93,65,38.46,66,35.56,晴,北東,2,2,6.81,6,逃げ,6,0.14,1.57.1,0.2002702702702702,0.1644736842105263,2,37,6,6,0,0,0,2,0,0,0,0,0.05405405405405406,0.16216216216216217,0.16216216216216217,0.0,0.0,0.0,0.05405405405405406,0.0,0.0,0.0,0.0
2023-09-06,児島,1,朝得ガァ～コ,1,3933,山地正樹,47,岡山,52,A2,5.97,44.27,6.89,56.89,21,33.96,66,47.01,晴,北東,2,3,6.78,1,逃げ,1,0.19,1.50.7,0.1734375,0.1716501650165016,29,64,14,13,26,0,0,0,0,12,11,8,0.453125,0.21875,0.203125,0.40625,0.0,0.0,0.0,0.0,0.1875,0.171875,0.125
2023-09-06,児島,1,朝得ガァ～コ,2,4248,岡本　大,41,長崎,54,B1,4.1,21.0,4.0,16.67,34,23.84,61,29.66,晴,北東,2,3,6.82,3,逃げ,2,0.12,1.54.2,0.1674418604651162,0.1621120689655172,4,43,7,7,0,25,3,0,0,0,0,0,0.09302325581395349,0.16279069767441862,0.16279069767441862,0.0,0.5813953488372093,0.06976744186046512,0.0,0.0,0.0,0.0,0.0
2023-09-06,児島,1,朝得ガァ～コ,3,4747,山戸信二,38,長崎,52,B1,3.87,17.98,4.36,31.82,22,25.85,70,31.9,晴,北東,2,3,6.75,4,逃げ,3,0.13,1.54.3,0.1454285714285714,0.1585046728971962,4,35,2,7,0,0,0,4,0,0,0,0,0.11428571428571428,0.05714285714285714,0.2,0.0,0.0,0.0,0.11428571428571428,0.0,0.0,0.0,0.0
2023-09-06,児島,1,朝得ガァ～コ,4,4731,間野兼礼,34,愛知,52,B1,4.78,25.69,5.8,26.67,67,33.13,67,31.15,晴,北東,2,3,6.7,2,逃げ,4,0.11,1.51.4,0.1388095238095238,0.1562595419847328,4,42,8,11,0,0,1,3,0,0,0,0,0.09523809523809523,0.19047619047619047,0.2619047619047619,0.0,0.0,0.023809523809523808,0.07142857142857142,0.0,0.0,0.0,0.0
2023-09-06,児島,1,朝得ガァ～コ,5,4339,平瀬城啓,39,福井,53,B1,4.2,23.46,4.44,22.22,37,34.39,64,26.5,晴,北東,2,3,6.92,5,逃げ,5,0.26,.  .,0.1961764705882352,0.1838378378378378,0,34,1,0,0,0,0,0,0,0,0,0,0.0,0.029411764705882353,0.0,0.0,0.0,0.0,0.0,0.0,0.0,0.0,0.0
2023-09-06,児島,1,朝得ガァ～コ,6,5258,仲本　舜,18,福岡,52,B2,2.38,10.34,0.0,0.0,18,28.31,23,31.15,晴,北東,2,3,6.81,6,逃げ,6,0.3,.  .,0.2074193548387096,0.1877777777777778,1,62,1,1,0,0,0,0,0,0,0,0,0.016129032258064516,0.016129032258064516,0.016129032258064516,0.0,0.0,0.0,0.0,0.0,0.0,0.0,0.0
2023-09-06,児島,2,一般,1,3708,岡部貴司,49,岡山,56,B1,4.69,22.92,5.56,39.73,62,29.19,19,29.36,晴,南東,2,3,6.8,1,逃げ,1,0.09,1.51.0,0.1471428571428571,0.1799567099567099,20,35,6,5,18,0,0,0,0,4,7,2,0.5714285714285714,0.17142857142857143,0.14285714285714285,0.5142857142857142,0.0,0.0,0.0,0.0,0.11428571428571428,0.2,0.05714285714285714
2023-09-06,児島,2,一般,2,3832,下田哲也,49,香川,56,B1,4.5,27.78,5.0,27.08,44,35.58,46,31.97,晴,南東,2,3,6.78,4,逃げ,2,0.14,1.54.8,0.1602702702702702,0.1732258064516129,3,37,9,9,0,26,3,0,0,0,0,0,0.08108108108108109,0.24324324324324326,0.24324324324324326,0.0,0.7027027027027027,0.08108108108108109,0.0,0.0,0.0,0.0,0.0
2023-09-06,児島,2,一般,3,5134,大原祥昌,24,広島,53,B1,4.91,25.53,3.39,9.76,13,40.76,75,37.07,晴,南東,2,3,6.85,2,逃げ,3,0.11,1.51.8,0.1571428571428571,0.1625698324022346,1,28,8,4,0,0,0,1,0,0,0,0,0.03571428571428571,0.2857142857142857,0.14285714285714285,0.0,0.0,0.0,0.03571428571428571,0.0,0.0,0.0,0.0
2023-09-06,児島,2,一般,4,4329,小松卓司,40,福岡,52,B1,5.36,37.36,4.95,26.32,60,33.54,29,30.09,晴,南東,2,3,6.81,3,逃げ,4,0.13,1.53.4,0.1447619047619047,0.1747368421052631,1,42,6,12,0,0,1,0,0,0,0,0,0.023809523809523808,0.14285714285714285,0.2857142857142857,0.0,0.0,0.023809523809523808,0.0,0.0,0.0,0.0,0.0
2023-09-06,児島,2,一般,5,5243,三馬崇史,23,広島,54,B2,1.75,2.17,1.73,9.09,66,31.68,44,27.35,晴,南東,2,3,6.91,5,逃げ,5,0.18,.  .,0.1969841269841269,0.1919662921348314,1,63,1,0,0,0,0,1,0,0,0,0,0.015873015873015872,0.015873015873015872,0.0,0.0,0.0,0.0,0.015873015873015872,0.0,0.0,0.0,0.0
2023-09-06,児島,2,一般,6,5081,篠原飛翔,24,福岡,51,A1,5.82,42.68,4.48,24.24,56,31.52,28,31.03,晴,南東,2,3,6.86,6,逃げ,6,0.19,.  .,0.1759259259259259,0.1652331606217616,0,27,0,5,0,0,0,0,0,0,0,0,0.0,0.0,0.18518518518518517,0.0,0.0,0.0,0.0,0.0,0.0,0.0,0.0
2023-09-06,児島,3,一般,1,4293,鈴木智啓,38,愛知,59,B1,4.67,26.88,0.0,0.0,28,39.38,25,29.31,晴,南東,3,3,6.81,1,逃げ,1,0.16,1.50.4,0.151860465116279,0.1556321839080459,26,43,13,2,25,0,0,0,0,7,4,6,0.6046511627906976,0.3023255813953488,0.046511627906976744,0.5813953488372093,0.0,0.0,0.0,0.0,0.16279069767441862,0.09302325581395349,0.13953488372093023
2023-09-06,児島,3,一般,2,3619,長谷川充,49,群馬,53,B1,4.77,25.66,0.0,0.0,27,29.81,73,29.46,晴,南東,3,3,6.85,2,逃げ,2,0.17,1.51.7,0.1806122448979591,0.190078125,5,49,14,9,0,25,4,0,0,0,0,0,0.10204081632653061,0.2857142857142857,0.1836734693877551,0.0,0.5102040816326531,0.08163265306122448,0.0,0.0,0.0,0.0,0.0
2023-09-06,児島,3,一般,3,4957,竹之内極,28,福岡,55,B1,5.06,28.44,5.42,38.71,71,28.48,27,30.89,晴,南東,3,3,6.79,3,逃げ,3,0.14,1.53.8,0.17025,0.1563,3,40,7,12,0,0,0,0,2,0,0,0,0.075,0.175,0.3,0.0,0.0,0.0,0.0,0.05,0.0,0.0,0.0
2023-09-06,児島,3,一般,4,3878,胡本悟志,46,山口,52,B1,4.12,15.15,3.63,18.75,47,39.13,57,24.11,晴,南東,3,3,6.73,4,逃げ,4,0.16,1.54.9,0.1782142857142857,0.1839240506329114,0,28,4,7,0,0,0,0,0,0,0,0,0.0,0.14285714285714285,0.25,0.0,0.0,0.0,0.0,0.0,0.0,0.0,0.0
2023-09-06,児島,3,一般,5,3906,飯山晃三,45,長崎,59,B1,4.53,25.69,5.21,37.93,45,27.56,37,23.64,晴,南東,3,3,6.81,5,逃げ,5,0.2,.  .,0.1834042553191489,0.1798850574712643,5,47,5,4,0,0,0,0,5,0,0,0,0.10638297872340426,0.10638297872340426,0.0851063829787234,0.0,0.0,0.0,0.0,0.10638297872340426,0.0,0.0,0.0
2023-09-06,児島,3,一般,6,3600,玄馬　徹,53,岡山,52,B1,3.51,15.38,4.62,20.83,14,40.76,33,20.19,晴,南東,3,3,6.85,6,逃げ,6,0.19,.  .,0.2423684210526316,0.2157416267942584,0,38,3,0,0,0,0,0,0,0,0,0,0.0,0.07894736842105263,0.0,0.0,0.0,0.0,0.0,0.0,0.0,0.0,0.0
2023-09-06,児島,4,コジマだ４っ,1,3176,長谷川巌,59,山口,51,B1,4.81,26.67,4.54,25.0,63,37.27,14,37.93,晴,南東,4,3,6.85,2,まくり差し,1,0.1,1.51.7,0.1755555555555555,0.1829319371727748,8,27,5,4,8,0,0,0,0,1,9,7,0.2962962962962963,0.18518518518518517,0.14814814814814814,0.2962962962962963,0.0,0.0,0.0,0.0,0.037037037037037035,0.3333333333333333,0.25925925925925924
2023-09-06,児島,4,コジマだ４っ,2,4639,雑賀勇貴,32,大阪,54,B1,5.05,29.73,4.74,36.84,25,29.19,48,37.29,晴,南東,4,3,6.69,5,まくり差し,2,0.12,.  .,0.1791891891891892,0.1740825688073394,3,37,10,5,0,18,1,1,0,0,0,0,0.08108108108108109,0.2702702702702703,0.13513513513513514,0.0,0.4864864864864865,0.02702702702702703,0.02702702702702703,0.0,0.0,0.0,0.0
2023-09-06,児島,4,コジマだ４っ,3,4138,中井俊祐,42,大阪,53,B1,4.15,19.72,5.0,30.0,46,35.44,59,37.72,晴,南東,4,3,6.72,3,まくり差し,3,0.13,1.54.1,0.185,0.1573333333333333,4,36,6,6,0,0,1,0,1,0,0,0,0.1111111111111111,0.16666666666666666,0.16666666666666666,0.0,0.0,0.027777777777777776,0.0,0.027777777777777776,0.0,0.0,0.0
2023-09-06,児島,4,コジマだ４っ,4,4587,木田峰由,32,福井,53,A2,4.97,28.71,6.07,44.44,53,25.16,31,22.22,晴,南東,4,3,6.77,4,まくり差し,4,0.09,1.54.2,0.1657446808510638,0.1585971223021582,3,47,9,11,0,0,0,0,2,0,0,0,0.06382978723404255,0.19148936170212766,0.23404255319148937,0.0,0.0,0.0,0.0,0.0425531914893617,0.0,0.0,0.0
2023-09-06,児島,4,コジマだ４っ,5,5282,中本大樹,20,福井,53,B2,1.62,0.0,1.13,0.0,65,37.74,45,41.59,晴,南東,4,3,6.77,6,まくり差し,6,0.14,.  .,0.2038709677419355,0.2033684210526316,0,31,0,0,0,0,0,0,0,0,0,0,0.0,0.0,0.0,0.0,0.0,0.0,0.0,0.0,0.0,0.0,0.0
2023-09-06,児島,4,コジマだ４っ,6,5217,藤原碧生,23,岡山,52,B1,5.2,34.55,4.49,23.91,57,31.33,50,25.66,晴,南東,4,3,6.76,1,まくり差し,5,0.09,1.50.8,0.1867647058823529,0.1627741935483871,1,34,7,3,0,0,0,0,1,0,0,0,0.029411764705882353,0.20588235294117646,0.08823529411764706,0.0,0.0,0.0,0.0,0.029411764705882353,0.0,0.0,0.0
2023-09-06,児島,5,日替艇食戦,1,3539,金子順一,55,山口,51,B1,4.08,21.67,4.12,20.0,32,33.13,49,31.53,晴,南東,4,3,6.79,4,まくり,1,0.32,1.57.1,0.1644117647058823,0.1962698412698412,10,34,11,4,10,0,0,0,0,5,8,8,0.29411764705882354,0.3235294117647059,0.11764705882352941,0.29411764705882354,0.0,0.0,0.0,0.0,0.14705882352941177,0.23529411764705882,0.23529411764705882
2023-09-06,児島,5,日替艇食戦,2,4511,中岡健人,34,香川,58,B1,4.67,30.59,4.31,22.22,33,28.66,26,31.15,晴,南東,4,3,6.74,2,まくり,2,0.29,1.54.4,0.17,0.1724257425742574,4,37,8,8,0,21,4,0,0,0,0,0,0.10810810810810811,0.21621621621621623,0.21621621621621623,0.0,0.5675675675675675,0.10810810810810811,0.0,0.0,0.0,0.0,0.0
2023-09-06,児島,5,日替艇食戦,3,3315,広瀬聖仁,57,愛知,53,B1,4.63,23.94,4.33,0.0,49,37.58,68,44.74,晴,南東,4,3,6.79,6,まくり,3,0.27,.  .,0.18,0.1930167597765363,3,32,7,6,0,0,0,3,0,0,0,0,0.09375,0.21875,0.1875,0.0,0.0,0.0,0.09375,0.0,0.0,0.0,0.0
2023-09-06,児島,5,日替艇食戦,4,4163,山崎裕司,41,広島,51,A2,6.46,47.37,6.68,50.0,38,36.2,52,26.13,晴,南東,4,3,6.69,1,まくり,4,0.19,1.52.7,0.1704,0.172318339100346,4,50,14,14,0,0,1,3,0,0,0,0,0.08,0.28,0.28,0.0,0.0,0.02,0.06,0.0,0.0,0.0,0.0
2023-09-06,児島,5,日替艇食戦,5,5258,仲本　舜,18,福岡,52,B2,2.38,10.34,0.0,0.0,18,28.31,23,31.15,晴,南東,4,3,6.64,5,まくり,5,0.21,.  .,0.1725641025641025,0.1877777777777778,1,39,2,3,0,0,0,1,0,0,0,0,0.02564102564102564,0.05128205128205128,0.07692307692307693,0.0,0.0,0.0,0.02564102564102564,0.0,0.0,0.0,0.0
2023-09-06,児島,5,日替艇食戦,6,4491,田中　堅,36,群馬,53,B1,5.51,36.11,0.0,0.0,26,21.74,54,26.72,晴,南東,4,3,6.77,3,まくり,6,0.26,1.54.7,0.2454054054054054,0.1966932270916334,1,37,1,5,0,0,0,0,1,0,0,0,0.02702702702702703,0.02702702702702703,0.13513513513513514,0.0,0.0,0.0,0.0,0.02702702702702703,0.0,0.0,0.0
2023-09-06,児島,6,昼得クラリス,1,3538,菊池峰晴,55,群馬,52,A2,5.37,34.45,0.0,0.0,30,35.03,36,26.67,晴,南東,4,3,6.77,3,逃げ,2,0.22,1.55.3,0.166875,0.1749019607843137,22,48,12,5,21,0,0,0,0,9,7,8,0.4583333333333333,0.25,0.10416666666666667,0.4375,0.0,0.0,0.0,0.0,0.1875,0.14583333333333334,0.16666666666666666
2023-09-06,児島,6,昼得クラリス,2,4564,山本景士,35,広島,53,A2,5.8,38.89,7.35,55.0,39,32.05,30,35.83,晴,南東,4,3,6.81,2,逃げ,3,0.27,1.53.8,0.1408333333333333,0.1573578595317725,3,48,11,5,0,21,3,0,0,0,0,0,0.0625,0.22916666666666666,0.10416666666666667,0.0,0.4375,0.0625,0.0,0.0,0.0,0.0,0.0
2023-09-06,児島,6,昼得クラリス,3,3473,石川真二,53,福岡,52,A2,6.46,48.48,6.33,41.86,70,23.13,71,28.81,晴,南東,4,3,6.78,1,逃げ,1,0.17,1.51.7,0.1647619047619047,0.1547674418604651,11,42,7,6,4,0,5,0,1,0,0,0,0.2619047619047619,0.16666666666666666,0.14285714285714285,0.09523809523809523,0.0,0.11904761904761904,0.0,0.023809523809523808,0.0,0.0,0.0
2023-09-06,児島,6,昼得クラリス,4,4339,平瀬城啓,39,福井,53,B1,4.2,23.46,4.44,22.22,37,34.39,64,26.5,晴,南東,4,3,6.79,4,逃げ,4,0.24,1.56.3,0.1841935483870967,0.1838378378378378,0,31,4,6,0,0,0,0,0,0,0,0,0.0,0.12903225806451613,0.1935483870967742,0.0,0.0,0.0,0.0,0.0,0.0,0.0,0.0
2023-09-06,児島,6,昼得クラリス,5,4248,岡本　大,41,長崎,54,B1,4.1,21.0,4.0,16.67,34,23.84,61,29.66,晴,南東,4,3,6.67,6,逃げ,5,0.2,.  .,0.1590697674418604,0.1621120689655172,0,43,4,6,0,0,0,0,0,0,0,0,0.0,0.09302325581395349,0.13953488372093023,0.0,0.0,0.0,0.0,0.0,0.0,0.0,0.0
2023-09-06,児島,6,昼得クラリス,6,5134,大原祥昌,24,広島,53,B1,4.91,25.53,3.39,9.76,13,40.76,75,37.07,晴,南東,4,3,6.77,5,逃げ,6,0.17,.  .,0.1517647058823529,0.1625698324022346,1,34,4,4,0,0,0,0,1,0,0,0,0.029411764705882353,0.11764705882352941,0.11764705882352941,0.0,0.0,0.0,0.0,0.029411764705882353,0.0,0.0,0.0
2023-09-06,児島,7,一般,1,4732,堀本和也,34,徳島,54,A2,6.54,51.38,5.55,36.36,72,28.29,16,23.26,晴,南東,5,3,6.74,1,逃げ,1,0.28,1.52.2,0.1247619047619047,0.1216431924882629,31,42,6,1,31,0,0,0,0,1,5,4,0.7380952380952381,0.14285714285714285,0.023809523809523808,0.7380952380952381,0.0,0.0,0.0,0.0,0.023809523809523808,0.11904761904761904,0.09523809523809523
2023-09-06,児島,7,一般,2,4747,山戸信二,38,長崎,52,B1,3.87,17.98,4.36,31.82,22,25.85,70,31.9,晴,南東,5,3,6.66,6,逃げ,2,0.47,.  .,0.1671428571428571,0.1585046728971962,2,42,6,4,0,23,1,1,0,0,0,0,0.047619047619047616,0.14285714285714285,0.09523809523809523,0.0,0.5476190476190477,0.023809523809523808,0.023809523809523808,0.0,0.0,0.0,0.0
2023-09-06,児島,7,一般,3,3832,下田哲也,49,香川,56,B1,4.5,27.78,5.0,27.08,44,35.58,46,31.97,晴,南東,5,3,6.67,2,逃げ,3,0.37,1.53.4,0.1659999999999999,0.1732258064516129,1,45,10,4,0,0,1,0,0,0,0,0,0.022222222222222223,0.2222222222222222,0.08888888888888889,0.0,0.0,0.022222222222222223,0.0,0.0,0.0,0.0,0.0
2023-09-06,児島,7,一般,4,3600,玄馬　徹,53,岡山,52,B1,3.51,15.38,4.62,20.83,14,40.76,33,20.19,晴,南東,5,3,6.7,4,逃げ,4,0.3,1.55.6,0.2341666666666666,0.2157416267942584,1,36,4,2,0,0,1,0,0,0,0,0,0.027777777777777776,0.1111111111111111,0.05555555555555555,0.0,0.0,0.027777777777777776,0.0,0.0,0.0,0.0,0.0
2023-09-06,児島,7,一般,5,3878,胡本悟志,46,山口,52,B1,4.12,15.15,3.63,18.75,47,39.13,57,24.11,晴,南東,5,3,6.69,3,逃げ,5,0.22,1.54.6,0.1741379310344827,0.1839240506329114,0,29,1,4,0,0,0,0,0,0,0,0,0.0,0.034482758620689655,0.13793103448275862,0.0,0.0,0.0,0.0,0.0,0.0,0.0,0.0
2023-09-06,児島,7,一般,6,5243,三馬崇史,23,広島,54,B2,1.75,2.17,1.73,9.09,66,31.68,44,27.35,晴,南東,5,3,6.71,5,逃げ,6,0.28,.  .,0.1848863636363636,0.1919662921348314,0,88,0,3,0,0,0,0,0,0,0,0,0.0,0.0,0.03409090909090909,0.0,0.0,0.0,0.0,0.0,0.0,0.0,0.0
2023-09-06,児島,8,一般,1,5081,篠原飛翔,24,福岡,51,A1,5.82,42.68,4.48,24.24,56,31.52,28,31.03,晴,南東,4,3,6.72,2,差し,1,0.16,1.53.0,0.1609375,0.1652331606217616,21,32,3,3,18,0,0,0,0,2,3,4,0.65625,0.09375,0.09375,0.5625,0.0,0.0,0.0,0.0,0.0625,0.09375,0.125
2023-09-06,児島,8,一般,2,3708,岡部貴司,49,岡山,56,B1,4.69,22.92,5.56,39.73,62,29.19,19,29.36,晴,南東,4,3,6.66,1,差し,2,0.11,1.51.5,0.158,0.1799567099567099,7,45,11,9,0,21,7,0,0,0,0,0,0.15555555555555556,0.24444444444444444,0.2,0.0,0.4666666666666667,0.15555555555555556,0.0,0.0,0.0,0.0,0.0
2023-09-06,児島,8,一般,3,4731,間野兼礼,34,愛知,52,B1,4.78,25.69,5.8,26.67,67,33.13,67,31.15,晴,南東,4,3,6.65,3,差し,3,0.08,1.53.3,0.1528571428571428,0.1562595419847328,1,35,8,7,0,0,0,0,0,0,0,0,0.02857142857142857,0.22857142857142856,0.2,0.0,0.0,0.0,0.0,0.0,0.0,0.0,0.0
2023-09-06,児島,8,一般,4,4957,竹之内極,28,福岡,55,B1,5.06,28.44,5.42,38.71,71,28.48,27,30.89,晴,南東,4,3,6.7,4,差し,4,0.1,1.55.6,0.1548571428571428,0.1563,3,35,6,6,0,0,1,2,0,0,0,0,0.08571428571428572,0.17142857142857143,0.17142857142857143,0.0,0.0,0.02857142857142857,0.05714285714285714,0.0,0.0,0.0,0.0
2023-09-06,児島,8,一般,5,3619,長谷川充,49,群馬,53,B1,4.77,25.66,0.0,0.0,27,29.81,73,29.46,晴,南東,4,3,6.67,6,差し,5,0.15,.  .,0.1976744186046511,0.190078125,0,43,4,9,0,0,0,0,0,0,0,0,0.0,0.09302325581395349,0.20930232558139536,0.0,0.0,0.0,0.0,0.0,0.0,0.0,0.0
2023-09-06,児島,8,一般,6,5282,中本大樹,20,福井,53,B2,1.62,0.0,1.13,0.0,65,37.74,45,41.59,晴,南東,4,3,6.77,5,差し,6,0.12,.  .,0.204,0.2033684210526316,0,60,0,1,0,0,0,0,0,0,0,0,0.0,0.0,0.016666666666666666,0.0,0.0,0.0,0.0,0.0,0.0,0.0,0.0
2023-09-06,児島,9,一般特選,1,4163,山崎裕司,41,広島,51,A2,6.46,47.37,6.68,50.0,38,36.2,52,26.13,雨,北西,2,3,6.63,6,まくり差し,1,0.1,.  .,0.1770175438596491,0.172318339100346,42,57,5,2,41,0,0,0,0,4,5,5,0.7368421052631579,0.08771929824561403,0.03508771929824561,0.7192982456140351,0.0,0.0,0.0,0.0,0.07017543859649122,0.08771929824561403,0.08771929824561403
2023-09-06,児島,9,一般特選,2,4329,小松卓司,40,福岡,52,B1,5.36,37.36,4.95,26.32,60,33.54,29,30.09,雨,北西,2,3,6.76,4,まくり差し,2,0.09,1.55.2,0.1673913043478261,0.1747368421052631,4,46,15,12,0,27,3,0,0,0,0,0,0.08695652173913043,0.32608695652173914,0.2608695652173913,0.0,0.5869565217391305,0.06521739130434782,0.0,0.0,0.0,0.0,0.0
2023-09-06,児島,9,一般特選,3,4511,中岡健人,34,香川,58,B1,4.67,30.59,4.31,22.22,33,28.66,26,31.15,雨,北西,2,3,6.81,2,まくり差し,3,0.07,1.52.7,0.1619444444444444,0.1724257425742574,3,36,6,5,0,0,1,2,0,0,0,0,0.08333333333333333,0.16666666666666666,0.1388888888888889,0.0,0.0,0.027777777777777776,0.05555555555555555,0.0,0.0,0.0,0.0
2023-09-06,児島,9,一般特選,4,4138,中井俊祐,42,大阪,53,B1,4.15,19.72,5.0,30.0,46,35.44,59,37.72,雨,北西,2,3,6.68,5,まくり差し,4,0.06,.  .,0.1502702702702703,0.1573333333333333,3,37,7,4,0,0,0,2,1,0,0,0,0.08108108108108109,0.1891891891891892,0.10810810810810811,0.0,0.0,0.0,0.05405405405405406,0.02702702702702703,0.0,0.0,0.0
2023-09-06,児島,9,一般特選,5,4587,木田峰由,32,福井,53,A2,4.97,28.71,6.07,44.44,53,25.16,31,22.22,雨,北西,2,3,6.75,1,まくり差し,5,0.08,1.51.8,0.1681632653061224,0.1585971223021582,2,49,4,10,0,0,0,0,0,0,0,0,0.04081632653061224,0.08163265306122448,0.20408163265306123,0.0,0.0,0.0,0.0,0.0,0.0,0.0,0.0
2023-09-06,児島,9,一般特選,6,4293,鈴木智啓,38,愛知,59,B1,4.67,26.88,0.0,0.0,28,39.38,25,29.31,雨,北西,2,3,6.79,3,まくり差し,6,0.17,1.53.7,0.16475,0.1556321839080459,0,40,6,4,0,0,0,0,0,0,0,0,0.0,0.15,0.1,0.0,0.0,0.0,0.0,0.0,0.0,0.0,0.0
2023-09-06,児島,10,選抜戦,2,3933,山地正樹,47,岡山,52,A2,5.97,44.27,6.89,56.89,21,33.96,66,47.01,雨,北,4,3,6.65,1,差し,2,0.08,1.52.2,0.1753846153846154,0.1716501650165016,7,52,15,7,0,28,6,0,0,0,0,0,0.1346153846153846,0.28846153846153844,0.1346153846153846,0.0,0.5384615384615384,0.11538461538461539,0.0,0.0,0.0,0.0,0.0
2023-09-06,児島,10,選抜戦,3,3539,金子順一,55,山口,51,B1,4.08,21.67,4.12,20.0,32,33.13,49,31.53,雨,北,4,3,6.81,4,差し,3,0.09,1.59.5,0.173921568627451,0.1962698412698412,2,51,7,7,0,0,1,0,1,0,0,0,0.0392156862745098,0.13725490196078433,0.13725490196078433,0.0,0.0,0.0196078431372549,0.0,0.0196078431372549,0.0,0.0,0.0
2023-09-06,児島,10,選抜戦,5,3176,長谷川巌,59,山口,51,B1,4.81,26.67,4.54,25.0,63,37.27,14,37.93,雨,北,4,3,6.84,3,差し,4,0.1,1.55.0,0.1919354838709677,0.1829319371727748,1,31,4,4,0,0,0,0,1,0,0,0,0.03225806451612903,0.12903225806451613,0.12903225806451613,0.0,0.0,0.0,0.0,0.03225806451612903,0.0,0.0,0.0
2023-09-06,児島,10,選抜戦,6,3538,菊池峰晴,55,群馬,52,A2,5.37,34.45,0.0,0.0,30,35.03,36,26.67,雨,北,4,3,6.8,2,差し,5,0.14,1.54.5,0.2061111111111111,0.1749019607843137,0,36,2,10,0,0,0,0,0,0,0,0,0.0,0.05555555555555555,0.2777777777777778,0.0,0.0,0.0,0.0,0.0,0.0,0.0,0.0
2023-09-06,児島,11,選抜戦,1,4491,田中　堅,36,群馬,53,B1,5.51,36.11,0.0,0.0,26,21.74,54,26.72,曇り,北東,2,3,6.8,1,逃げ,1,0.05,1.50.6,0.1733333333333333,0.1966932270916334,18,39,13,3,17,0,0,0,0,7,2,10,0.46153846153846156,0.3333333333333333,0.07692307692307693,0.4358974358974359,0.0,0.0,0.0,0.0,0.1794871794871795,0.05128205128205128,0.2564102564102564
2023-09-06,児島,11,選抜戦,2,3906,飯山晃三,45,長崎,59,B1,4.53,25.69,5.21,37.93,45,27.56,37,23.64,曇り,北東,2,3,6.77,4,逃げ,4,0.15,1.55.0,0.1718518518518518,0.1798850574712643,6,54,13,10,0,35,4,1,0,0,0,0,0.1111111111111111,0.24074074074074073,0.18518518518518517,0.0,0.6481481481481481,0.07407407407407407,0.018518518518518517,0.0,0.0,0.0,0.0
2023-09-06,児島,11,選抜戦,3,4732,堀本和也,34,徳島,54,A2,6.54,51.38,5.55,36.36,72,28.29,16,23.26,曇り,北東,2,3,6.8,2,逃げ,2,0.04,1.52.6,0.132,0.1216431924882629,3,35,11,5,0,0,1,1,1,0,0,0,0.08571428571428572,0.3142857142857143,0.14285714285714285,0.0,0.0,0.02857142857142857,0.02857142857142857,0.02857142857142857,0.0,0.0,0.0
2023-09-06,児島,11,選抜戦,4,4639,雑賀勇貴,32,大阪,54,B1,5.05,29.73,4.74,36.84,25,29.19,48,37.29,曇り,北東,2,3,6.74,5,逃げ,5,0.15,.  .,0.1816666666666666,0.1740825688073394,2,36,3,7,0,0,0,2,0,0,0,0,0.05555555555555555,0.08333333333333333,0.19444444444444445,0.0,0.0,0.0,0.05555555555555555,0.0,0.0,0.0,0.0
2023-09-06,児島,11,選抜戦,5,3473,石川真二,53,福岡,52,A2,6.46,48.48,6.33,41.86,70,23.13,71,28.81,曇り,北東,2,3,6.84,3,逃げ,3,0.06,1.53.9,0.1705555555555555,0.1547674418604651,5,36,6,12,0,0,3,1,1,0,0,0,0.1388888888888889,0.16666666666666666,0.3333333333333333,0.0,0.0,0.08333333333333333,0.027777777777777776,0.027777777777777776,0.0,0.0,0.0
2023-09-06,児島,11,選抜戦,6,4564,山本景士,35,広島,53,A2,5.8,38.89,7.35,55.0,39,32.05,30,35.83,曇り,北東,2,3,6.9,6,逃げ,6,0.15,.  .,0.1797435897435897,0.1573578595317725,0,39,2,11,0,0,0,0,0,0,0,0,0.0,0.05128205128205128,0.28205128205128205,0.0,0.0,0.0,0.0,0.0,0.0,0.0,0.0
2023-09-06,児島,12,優勝戦,1,4907,小池修平,28,大阪,54,A1,7.15,58.41,8.48,80.95,29,34.78,65,34.71,曇り,北東,3,3,6.73,2,まくり,1,0.09,1.52.1,0.1333898305084745,0.1408679245283018,47,59,7,3,45,0,0,0,0,4,2,3,0.7966101694915254,0.11864406779661017,0.05084745762711865,0.7627118644067796,0.0,0.0,0.0,0.0,0.06779661016949153,0.03389830508474576,0.05084745762711865
2023-09-06,児島,12,優勝戦,2,4118,宇佐見淳,42,愛知,52,A1,6.27,42.55,6.95,52.63,23,39.51,21,27.73,曇り,北東,3,3,6.75,6,まくり,2,0.17,.  .,0.1282456140350877,0.1408484848484848,13,57,17,12,0,26,10,2,0,0,0,0,0.22807017543859648,0.2982456140350877,0.21052631578947367,0.0,0.45614035087719296,0.17543859649122806,0.03508771929824561,0.0,0.0,0.0,0.0
2023-09-06,児島,12,優勝戦,3,5145,島川海輝,20,山口,52,B1,5.57,36.45,3.51,17.54,55,34.38,56,31.62,曇り,北東,3,3,6.69,1,まくり,4,0.08,1.49.9,0.1602439024390244,0.1646058091286307,5,41,12,7,0,0,0,4,0,0,0,0,0.12195121951219512,0.2926829268292683,0.17073170731707318,0.0,0.0,0.0,0.0975609756097561,0.0,0.0,0.0,0.0
2023-09-06,児島,12,優勝戦,4,3621,天野晶夫,49,愛知,55,A1,6.44,45.22,7.11,44.44,11,32.32,38,37.82,曇り,北東,3,3,6.79,4,まくり,5,0.11,1.55.0,0.146875,0.1643589743589743,3,32,10,8,0,0,1,1,1,0,0,0,0.09375,0.3125,0.25,0.0,0.0,0.03125,0.03125,0.03125,0.0,0.0,0.0
2023-09-06,児島,12,優勝戦,5,3554,仲口博崇,51,愛知,52,A1,6.13,45.38,0.0,0.0,69,36.65,51,42.61,曇り,北東,3,3,6.69,3,まくり,3,0.19,1.53.7,0.1962222222222222,0.179419795221843,6,45,13,4,1,0,1,2,2,0,0,0,0.13333333333333333,0.28888888888888886,0.08888888888888889,0.022222222222222223,0.0,0.022222222222222223,0.044444444444444446,0.044444444444444446,0.0,0.0,0.0
2023-09-06,児島,12,優勝戦,6,3908,重成一人,44,香川,56,A1,6.94,49.18,7.55,62.07,36,24.68,40,38.79,曇り,北東,3,3,6.78,5,まくり,6,0.19,.  .,0.1416326530612245,0.1348101265822784,5,49,10,14,0,0,0,1,2,0,0,0,0.10204081632653061,0.20408163265306123,0.2857142857142857,0.0,0.0,0.0,0.02040816326530612,0.04081632653061224,0.0,0.0,0.0
2023-09-06,鳴門,1,とるならなる,1,3070,山室展弘,62,岡山,50,A2,6.3,51.43,6.26,45.65,18,34.02,21,35.11,雨,南東,2,2,6.83,4,差し,1,0.25,1.55.0,0.1465625,0.1626380368098159,16,32,10,3,15,0,0,0,0,7,5,2,0.5,0.3125,0.09375,0.46875,0.0,0.0,0.0,0.0,0.21875,0.15625,0.0625
2023-09-06,鳴門,1,とるならなる,2,4231,鈴木裕隆,40,愛知,59,B1,4.47,22.95,3.33,16.67,38,39.78,55,28.21,雨,南東,2,2,6.91,1,差し,2,0.21,1.50.4,0.1891304347826087,0.1868220338983051,4,46,6,9,0,24,2,1,0,0,0,0,0.08695652173913043,0.13043478260869565,0.1956521739130435,0.0,0.5217391304347826,0.043478260869565216,0.021739130434782608,0.0,0.0,0.0,0.0
2023-09-06,鳴門,1,とるならなる,3,4333,村田友也,39,徳島,64,B1,3.89,21.69,4.56,26.45,66,34.74,71,30.0,雨,南東,2,2,6.86,3,差し,3,0.23,1.53.9,0.1786666666666666,0.1856321839080459,2,30,4,6,0,0,0,1,1,0,0,0,0.06666666666666667,0.13333333333333333,0.2,0.0,0.0,0.0,0.03333333333333333,0.03333333333333333,0.0,0.0,0.0
2023-09-06,鳴門,1,とるならなる,4,4316,山口裕太,39,広島,56,B1,2.91,6.25,4.66,31.43,50,27.18,16,28.24,雨,南東,2,2,6.96,6,差し,4,0.2,.  .,0.1816,0.1701470588235294,2,25,3,4,0,0,0,1,1,0,0,0,0.08,0.12,0.16,0.0,0.0,0.0,0.04,0.04,0.0,0.0,0.0
2023-09-06,鳴門,1,とるならなる,5,4429,豊田泰洋,37,広島,60,B1,4.01,23.0,4.19,22.92,17,26.73,68,26.14,雨,南東,2,2,6.84,2,差し,5,0.21,1.52.8,0.1856410256410256,0.1716517857142857,0,39,2,4,0,0,0,0,0,0,0,0,0.0,0.05128205128205128,0.10256410256410256,0.0,0.0,0.0,0.0,0.0,0.0,0.0,0.0
2023-09-06,鳴門,1,とるならなる,6,5307,富永夏哉,20,佐賀,52,B2,1.6,2.0,0.0,0.0,11,25.77,72,45.54,雨,南東,2,2,6.88,5,差し,6,0.24,.  .,0.1837931034482758,0.188076923076923,0,29,0,0,0,0,0,0,0,0,0,0,0.0,0.0,0.0,0.0,0.0,0.0,0.0,0.0,0.0,0.0,0.0
2023-09-06,鳴門,2,どーなるなる,1,3820,樫葉次郎,51,徳島,57,B1,4.27,18.6,4.32,21.93,27,35.79,38,51.96,雨,東,2,2,6.8,2,まくり差し,1,0.1,1.51.5,0.1662962962962963,0.153,4,27,4,8,4,0,0,0,0,10,5,4,0.14814814814814814,0.14814814814814814,0.2962962962962963,0.14814814814814814,0.0,0.0,0.0,0.0,0.37037037037037035,0.18518518518518517,0.14814814814814814
2023-09-06,鳴門,2,どーなるなる,2,4632,長尾京志,34,福岡,52,B1,5.22,25.74,4.3,24.32,21,26.53,22,30.85,雨,東,2,2,6.77,1,まくり差し,3,0.08,1.49.7,0.1940740740740741,0.1720618556701031,1,27,6,6,0,13,1,0,0,0,0,0,0.037037037037037035,0.2222222222222222,0.2222222222222222,0.0,0.48148148148148145,0.037037037037037035,0.0,0.0,0.0,0.0,0.0
2023-09-06,鳴門,2,どーなるなる,3,4458,抹香雄三,37,広島,54,B1,4.06,20.0,4.7,22.64,68,29.89,52,31.31,雨,東,2,2,6.77,5,まくり差し,4,0.11,.  .,0.1484782608695652,0.15116,7,46,5,7,0,0,3,0,4,0,0,0,0.15217391304347827,0.10869565217391304,0.15217391304347827,0.0,0.0,0.06521739130434782,0.0,0.08695652173913043,0.0,0.0,0.0
2023-09-06,鳴門,2,どーなるなる,4,3297,藤丸光一,56,福岡,48,A2,5.22,30.38,0.0,0.0,26,32.58,56,29.07,雨,東,2,2,6.8,6,まくり差し,2,0.34,.  .,0.1805882352941176,0.1900465116279069,2,34,5,9,0,0,0,2,0,0,0,0,0.058823529411764705,0.14705882352941177,0.2647058823529412,0.0,0.0,0.0,0.058823529411764705,0.0,0.0,0.0,0.0
2023-09-06,鳴門,2,どーなるなる,5,4214,林　祐介,39,岡山,56,A2,5.67,40.71,5.63,37.5,60,34.78,18,35.29,雨,東,2,2,6.77,3,まくり差し,5,0.19,1.52.8,0.1747058823529411,0.1581545064377682,3,34,2,4,0,0,0,1,1,0,0,0,0.08823529411764706,0.058823529411764705,0.11764705882352941,0.0,0.0,0.0,0.029411764705882353,0.029411764705882353,0.0,0.0,0.0
2023-09-06,鳴門,2,どーなるなる,6,4529,嶋　義信,34,香川,55,A2,5.54,34.07,5.16,33.82,25,31.68,64,40.0,雨,東,2,2,6.9,4,まくり差し,6,0.23,1.54.0,0.1722857142857143,0.1440277777777777,0,35,4,7,0,0,0,0,0,0,0,0,0.0,0.11428571428571428,0.2,0.0,0.0,0.0,0.0,0.0,0.0,0.0,0.0
2023-09-06,鳴門,3,どきどきなる,1,3743,林　美憲,48,徳島,51,A1,6.88,51.85,7.18,58.17,72,35.92,75,38.1,曇り,東,1,1,6.81,1,逃げ,1,0.17,1.50.0,0.1320547945205479,0.1436842105263158,55,73,7,6,51,0,0,0,0,7,6,3,0.7534246575342466,0.0958904109589041,0.0821917808219178,0.6986301369863014,0.0,0.0,0.0,0.0,0.0958904109589041,0.0821917808219178,0.0410958904109589
2023-09-06,鳴門,3,どきどきなる,2,4887,富澤祐作,36,群馬,55,A2,5.15,35.0,3.13,12.5,13,34.31,28,28.87,曇り,東,1,1,6.78,3,逃げ,2,0.24,1.53.1,0.1369047619047619,0.1346581196581196,10,42,9,11,0,23,5,3,0,0,0,0,0.23809523809523808,0.21428571428571427,0.2619047619047619,0.0,0.5476190476190477,0.11904761904761904,0.07142857142857142,0.0,0.0,0.0,0.0
2023-09-06,鳴門,3,どきどきなる,3,3662,大庭元明,53,福岡,56,A2,5.3,38.26,6.9,65.31,36,40.23,69,38.1,曇り,東,1,1,6.79,6,逃げ,3,0.26,.  .,0.1333333333333333,0.1493725490196078,5,42,15,7,0,0,0,3,1,0,0,0,0.11904761904761904,0.35714285714285715,0.16666666666666666,0.0,0.0,0.0,0.07142857142857142,0.023809523809523808,0.0,0.0,0.0
2023-09-06,鳴門,3,どきどきなる,4,4989,石原　翼,26,静岡,51,B1,6.42,51.61,7.09,54.55,10,39.8,11,30.59,曇り,東,1,1,6.77,2,逃げ,4,0.22,1.51.5,0.1338235294117647,0.1261643835616438,8,34,9,3,0,0,1,1,6,0,0,0,0.23529411764705882,0.2647058823529412,0.08823529411764706,0.0,0.0,0.029411764705882353,0.029411764705882353,0.17647058823529413,0.0,0.0,0.0
2023-09-06,鳴門,3,どきどきなる,5,4034,西原明生,44,香川,55,B1,4.07,15.12,4.14,18.92,79,37.23,27,20.69,曇り,東,1,1,6.83,5,逃げ,5,0.21,.  .,0.2048571428571428,0.1991666666666667,0,35,1,8,0,0,0,0,0,0,0,0,0.0,0.02857142857142857,0.22857142857142856,0.0,0.0,0.0,0.0,0.0,0.0,0.0,0.0
2023-09-06,鳴門,3,どきどきなる,6,5273,山下拓巳,22,兵庫,51,B2,1.86,1.8,1.33,0.0,77,28.09,13,34.91,曇り,東,1,1,6.85,4,逃げ,6,0.16,1.53.6,0.1938135593220339,0.194041450777202,0,118,0,2,0,0,0,0,0,0,0,0,0.0,0.0,0.01694915254237288,0.0,0.0,0.0,0.0,0.0,0.0,0.0,0.0
2023-09-06,鳴門,4,とにかくなる,1,4188,久田敏之,42,群馬,52,A1,7.66,65.15,8.33,66.67,15,35.64,58,38.38,雨,南西,1,1,6.85,1,逃げ,1,0.11,1.49.0,0.1027272727272727,0.1183333333333333,51,66,13,1,49,0,0,0,0,7,2,4,0.7727272727272727,0.19696969696969696,0.015151515151515152,0.7424242424242424,0.0,0.0,0.0,0.0,0.10606060606060606,0.030303030303030304,0.06060606060606061
2023-09-06,鳴門,4,とにかくなる,2,5211,高井駿弥,24,愛知,48,B1,2.76,3.45,0.0,0.0,34,29.29,54,41.58,雨,南西,1,1,6.81,5,逃げ,2,0.12,.  .,0.1333333333333333,0.1746616541353383,1,3,0,0,0,0,1,0,0,0,0,0,0.3333333333333333,0.0,0.0,0.0,0.0,0.3333333333333333,0.0,0.0,0.0,0.0,0.0
2023-09-06,鳴門,4,とにかくなる,3,4650,中山雄太,39,愛知,52,A2,6.46,51.64,6.3,30.0,22,35.87,79,37.25,雨,南西,1,1,6.77,2,逃げ,3,0.11,1.50.3,0.160204081632653,0.1510992907801418,12,49,10,9,0,0,2,4,5,0,0,0,0.24489795918367346,0.20408163265306123,0.1836734693877551,0.0,0.0,0.04081632653061224,0.08163265306122448,0.10204081632653061,0.0,0.0,0.0
2023-09-06,鳴門,4,とにかくなる,4,4449,中嶋達也,36,兵庫,55,B1,3.73,15.6,3.24,12.0,74,32.63,77,32.98,雨,南西,1,1,6.86,3,逃げ,4,0.1,1.52.8,0.1453191489361702,0.1615720524017467,4,47,5,5,0,0,1,2,1,0,0,0,0.0851063829787234,0.10638297872340426,0.10638297872340426,0.0,0.0,0.02127659574468085,0.0425531914893617,0.02127659574468085,0.0,0.0,0.0
2023-09-06,鳴門,4,とにかくなる,5,4202,浮田圭浩,41,岡山,54,B1,4.42,21.05,5.84,41.25,24,30.21,30,31.58,雨,南西,1,1,6.85,6,逃げ,5,0.15,.  .,0.1953488372093023,0.1887966804979253,0,43,4,6,0,0,0,0,0,0,0,0,0.0,0.09302325581395349,0.13953488372093023,0.0,0.0,0.0,0.0,0.0,0.0,0.0,0.0
2023-09-06,鳴門,4,とにかくなる,6,3966,作間　章,44,東京,52,A1,6.47,46.62,6.25,35.0,75,37.5,23,40.23,雨,南西,1,1,6.9,4,逃げ,6,0.14,1.53.5,0.2092857142857142,0.1818243243243243,4,42,5,10,0,0,0,1,3,0,0,0,0.09523809523809523,0.11904761904761904,0.23809523809523808,0.0,0.0,0.0,0.023809523809523808,0.07142857142857142,0.0,0.0,0.0
2023-09-06,鳴門,5,一般,1,4298,宮下元胤,40,愛知,53,A2,5.96,40.0,0.0,0.0,51,21.43,73,34.34,曇り,北西,1,1,6.82,1,逃げ,1,0.13,1.54.2,0.15625,0.1576603773584905,28,56,15,5,27,0,0,0,0,15,4,8,0.5,0.26785714285714285,0.08928571428571429,0.48214285714285715,0.0,0.0,0.0,0.0,0.26785714285714285,0.07142857142857142,0.14285714285714285
2023-09-06,鳴門,5,一般,3,3888,山本英志,48,東京,51,A2,5.91,40.94,0.0,0.0,23,36.0,15,37.63,曇り,北西,1,1,6.83,2,逃げ,3,0.2,1.56.1,0.1496078431372549,0.1473665480427046,2,51,15,12,0,0,1,0,1,0,0,0,0.0392156862745098,0.29411764705882354,0.23529411764705882,0.0,0.0,0.0196078431372549,0.0,0.0196078431372549,0.0,0.0,0.0
2023-09-06,鳴門,5,一般,4,4434,田中辰彦,37,広島,55,A2,6.53,47.96,6.04,42.31,67,43.18,20,38.61,曇り,北西,1,1,6.79,3,逃げ,4,0.17,1.58.4,0.1560526315789473,0.1771966527196652,7,38,7,13,0,0,2,3,1,0,0,0,0.18421052631578946,0.18421052631578946,0.34210526315789475,0.0,0.0,0.05263157894736842,0.07894736842105263,0.02631578947368421,0.0,0.0,0.0
2023-09-06,鳴門,5,一般,5,5307,富永夏哉,20,佐賀,52,B2,1.6,2.0,0.0,0.0,11,25.77,72,45.54,曇り,北西,1,1,6.86,4,逃げ,6,0.18,2.01.1,0.1968421052631579,0.188076923076923,0,19,1,0,0,0,0,0,0,0,0,0,0.0,0.05263157894736842,0.0,0.0,0.0,0.0,0.0,0.0,0.0,0.0,0.0
2023-09-06,鳴門,5,一般,6,3726,桂林　寛,52,福岡,54,B1,5.19,32.86,4.67,28.57,53,32.29,63,37.25,曇り,北西,1,1,6.91,5,逃げ,5,0.14,.  .,0.161,0.1557894736842105,1,30,1,7,0,0,0,0,1,0,0,0,0.03333333333333333,0.03333333333333333,0.23333333333333334,0.0,0.0,0.0,0.0,0.03333333333333333,0.0,0.0,0.0
2023-09-06,鳴門,6,一般,1,5000,岡本翔太,29,山口,52,B1,4.04,16.46,4.15,18.52,19,33.94,31,28.57,曇り,北,1,1,6.85,3,まくり差し,1,0.17,1.52.7,0.1332142857142857,0.1493333333333333,19,28,3,2,18,0,0,0,0,1,6,2,0.6785714285714286,0.10714285714285714,0.07142857142857142,0.6428571428571429,0.0,0.0,0.0,0.0,0.03571428571428571,0.21428571428571427,0.07142857142857142
2023-09-06,鳴門,6,一般,2,3372,加藤雅之,56,広島,52,B1,3.97,16.67,3.56,10.91,76,29.67,17,24.42,曇り,北,1,1,6.88,5,まくり差し,2,0.25,.  .,0.2176,0.1939375,1,25,4,4,0,14,1,0,0,0,0,0,0.04,0.16,0.16,0.0,0.56,0.04,0.0,0.0,0.0,0.0,0.0
2023-09-06,鳴門,6,一般,3,4648,木村亮太,39,兵庫,53,B2,5.24,30.3,4.79,23.81,39,25.61,33,31.96,曇り,北,1,1,6.89,1,まくり差し,3,0.19,1.49.0,0.1203846153846153,0.1297727272727272,3,26,5,7,0,0,0,1,2,0,0,0,0.11538461538461539,0.19230769230769232,0.2692307692307692,0.0,0.0,0.0,0.038461538461538464,0.07692307692307693,0.0,0.0,0.0
2023-09-06,鳴門,6,一般,4,4515,藤田浩人,37,佐賀,54,A2,5.9,40.17,5.0,33.33,62,33.73,53,27.16,曇り,北,1,1,6.85,4,まくり差し,4,0.17,1.54.2,0.1795454545454545,0.17828125,3,44,10,8,0,0,2,1,0,0,0,0,0.06818181818181818,0.22727272727272727,0.18181818181818182,0.0,0.0,0.045454545454545456,0.022727272727272728,0.0,0.0,0.0,0.0
2023-09-06,鳴門,6,一般,5,4441,末永由楽,37,岡山,54,A1,6.43,50.0,6.97,61.76,32,41.94,19,25.64,曇り,北,1,1,6.92,2,まくり差し,5,0.11,1.51.1,0.1645238095238095,0.1491379310344827,2,42,7,9,0,0,0,0,2,0,0,0,0.047619047619047616,0.16666666666666666,0.21428571428571427,0.0,0.0,0.0,0.0,0.047619047619047616,0.0,0.0,0.0
2023-09-06,鳴門,6,一般,6,4883,岡部大輝,27,東京,53,A2,6.02,41.38,0.0,0.0,31,25.84,51,35.29,曇り,北,1,1,6.93,6,まくり差し,6,0.11,.  .,0.1524444444444444,0.1301777777777777,0,45,10,12,0,0,0,0,0,0,0,0,0.0,0.2222222222222222,0.26666666666666666,0.0,0.0,0.0,0.0,0.0,0.0,0.0,0.0
2023-09-06,鳴門,7,一般,1,4116,川田正人,42,徳島,51,B1,5.34,33.33,5.19,31.82,71,27.18,39,37.08,曇り,東,1,1,6.85,2,まくり差し,1,0.19,1.51.6,0.1594871794871794,0.1753982300884956,18,39,6,5,16,0,0,0,0,7,10,4,0.46153846153846156,0.15384615384615385,0.1282051282051282,0.41025641025641024,0.0,0.0,0.0,0.0,0.1794871794871795,0.2564102564102564,0.10256410256410256
2023-09-06,鳴門,7,一般,2,4034,西原明生,44,香川,55,B1,4.07,15.12,4.14,18.92,79,37.23,27,20.69,曇り,東,1,1,6.85,6,まくり差し,2,0.27,.  .,0.194390243902439,0.1991666666666667,2,41,4,5,0,20,2,0,0,0,0,0,0.04878048780487805,0.0975609756097561,0.12195121951219512,0.0,0.4878048780487805,0.04878048780487805,0.0,0.0,0.0,0.0,0.0
2023-09-06,鳴門,7,一般,3,3297,藤丸光一,56,福岡,48,A2,5.22,30.38,0.0,0.0,26,32.58,56,29.07,曇り,東,1,1,6.77,1,まくり差し,3,0.17,1.49.5,0.1875,0.1900465116279069,3,36,7,8,0,0,0,3,0,0,0,0,0.08333333333333333,0.19444444444444445,0.2222222222222222,0.0,0.0,0.0,0.08333333333333333,0.0,0.0,0.0,0.0
2023-09-06,鳴門,7,一般,4,4739,中村晃朋,31,香川,52,A1,6.28,42.17,5.63,25.0,52,39.78,60,31.58,曇り,東,1,1,6.79,4,まくり差し,4,0.16,1.53.6,0.1580952380952381,0.1591078066914498,6,42,3,14,0,0,1,2,2,0,0,0,0.14285714285714285,0.07142857142857142,0.3333333333333333,0.0,0.0,0.023809523809523808,0.047619047619047616,0.047619047619047616,0.0,0.0,0.0
2023-09-06,鳴門,7,一般,5,3820,樫葉次郎,51,徳島,57,B1,4.27,18.6,4.32,21.93,27,35.79,38,51.96,曇り,東,1,1,6.93,3,まくり差し,5,0.12,1.52.8,0.1333333333333333,0.153,0,30,4,6,0,0,0,0,0,0,0,0,0.0,0.13333333333333333,0.2,0.0,0.0,0.0,0.0,0.0,0.0,0.0,0.0
2023-09-06,鳴門,7,一般,6,4748,渡邉雄朗,37,東京,52,A2,5.83,41.44,4.43,28.57,54,24.14,12,38.46,曇り,東,1,1,6.84,5,まくり差し,6,0.1,.  .,0.1585714285714285,0.161711229946524,0,28,7,6,0,0,0,0,0,0,0,0,0.0,0.25,0.21428571428571427,0.0,0.0,0.0,0.0,0.0,0.0,0.0,0.0
2023-09-06,鳴門,8,一般,1,3441,土屋太朗,54,群馬,55,B1,4.94,27.27,6.18,45.45,35,40.0,67,22.73,曇り,東,1,1,6.87,1,逃げ,1,0.14,1.50.0,0.1872972972972973,0.186578947368421,12,37,10,6,12,0,0,0,0,4,14,6,0.32432432432432434,0.2702702702702703,0.16216216216216217,0.32432432432432434,0.0,0.0,0.0,0.0,0.10810810810810811,0.3783783783783784,0.16216216216216217
2023-09-06,鳴門,8,一般,2,4449,中嶋達也,36,兵庫,55,B1,3.73,15.6,3.24,12.0,74,32.63,77,32.98,曇り,東,1,1,6.82,4,逃げ,2,0.15,1.53.5,0.1736363636363636,0.1615720524017467,4,44,8,7,0,17,2,2,0,0,0,0,0.09090909090909091,0.18181818181818182,0.1590909090909091,0.0,0.38636363636363635,0.045454545454545456,0.045454545454545456,0.0,0.0,0.0,0.0
2023-09-06,鳴門,8,一般,3,3684,清水攻二,49,山口,54,A2,5.84,36.71,5.57,33.96,73,29.89,76,34.69,曇り,東,1,1,6.92,6,逃げ,3,0.16,.  .,0.1675609756097561,0.1791189427312775,4,41,6,12,0,0,1,2,1,0,0,0,0.0975609756097561,0.14634146341463414,0.2926829268292683,0.0,0.0,0.024390243902439025,0.04878048780487805,0.024390243902439025,0.0,0.0,0.0
2023-09-06,鳴門,8,一般,4,3662,大庭元明,53,福岡,56,A2,5.3,38.26,6.9,65.31,36,40.23,69,38.1,曇り,東,1,1,6.88,3,逃げ,4,0.17,1.53.2,0.15075,0.1493725490196078,3,40,9,6,0,0,0,0,3,0,0,0,0.075,0.225,0.15,0.0,0.0,0.0,0.0,0.075,0.0,0.0,0.0
2023-09-06,鳴門,8,一般,5,3849,中岡正彦,45,香川,53,A1,6.46,50.55,6.16,39.47,70,37.23,14,28.21,曇り,東,1,1,6.91,2,逃げ,5,0.14,1.51.9,0.1151724137931034,0.1227601809954751,3,29,4,6,0,0,0,0,3,0,0,0,0.10344827586206896,0.13793103448275862,0.20689655172413793,0.0,0.0,0.0,0.0,0.10344827586206896,0.0,0.0,0.0
2023-09-06,鳴門,8,一般,6,4789,古賀智之,34,福岡,52,B1,4.27,18.92,3.75,12.5,57,41.67,35,36.84,曇り,東,1,1,6.87,5,逃げ,6,0.14,.  .,0.2028571428571428,0.165,0,14,1,0,0,0,0,0,0,0,0,0,0.0,0.07142857142857142,0.0,0.0,0.0,0.0,0.0,0.0,0.0,0.0,0.0
2023-09-06,鳴門,9,一般,1,4434,田中辰彦,37,広島,55,A2,6.53,47.96,6.04,42.31,67,43.18,20,38.61,曇り,南東,1,1,6.84,1,逃げ,1,0.21,1.50.4,0.1637777777777777,0.1771966527196652,28,45,10,4,26,0,0,0,0,5,9,1,0.6222222222222222,0.2222222222222222,0.08888888888888889,0.5777777777777777,0.0,0.0,0.0,0.0,0.1111111111111111,0.2,0.022222222222222223
2023-09-06,鳴門,9,一般,2,4202,浮田圭浩,41,岡山,54,B1,4.42,21.05,5.84,41.25,24,30.21,30,31.58,曇り,南東,1,1,6.78,6,逃げ,2,0.18,.  .,0.1855555555555555,0.1887966804979253,5,45,8,7,0,16,4,1,0,0,0,0,0.1111111111111111,0.17777777777777778,0.15555555555555556,0.0,0.35555555555555557,0.08888888888888889,0.022222222222222223,0.0,0.0,0.0,0.0
2023-09-06,鳴門,9,一般,3,4989,石原　翼,26,静岡,51,B1,6.42,51.61,7.09,54.55,10,39.8,11,30.59,曇り,南東,1,1,6.75,5,逃げ,3,0.15,.  .,0.1242857142857142,0.1261643835616438,7,42,12,8,0,0,0,3,2,0,0,0,0.16666666666666666,0.2857142857142857,0.19047619047619047,0.0,0.0,0.0,0.07142857142857142,0.047619047619047616,0.0,0.0,0.0
2023-09-06,鳴門,9,一般,4,4458,抹香雄三,37,広島,54,B1,4.06,20.0,4.7,22.64,68,29.89,52,31.31,曇り,南東,1,1,6.83,4,逃げ,4,0.22,1.54.5,0.1561111111111111,0.15116,2,36,8,5,0,0,1,1,0,0,0,0,0.05555555555555555,0.2222222222222222,0.1388888888888889,0.0,0.0,0.027777777777777776,0.027777777777777776,0.0,0.0,0.0,0.0
2023-09-06,鳴門,9,一般,5,4632,長尾京志,34,福岡,52,B1,5.22,25.74,4.3,24.32,21,26.53,22,30.85,曇り,南東,1,1,6.76,2,逃げ,5,0.25,1.51.8,0.1686666666666666,0.1720618556701031,1,30,4,6,0,0,0,0,1,0,0,0,0.03333333333333333,0.13333333333333333,0.2,0.0,0.0,0.0,0.0,0.03333333333333333,0.0,0.0,0.0
2023-09-06,鳴門,9,一般,6,5211,高井駿弥,24,愛知,48,B1,2.76,3.45,0.0,0.0,34,29.29,54,41.58,曇り,南東,1,1,6.91,3,逃げ,6,0.19,1.53.0,0.1766666666666666,0.1746616541353383,0,42,2,2,0,0,0,0,0,0,0,0,0.0,0.047619047619047616,0.047619047619047616,0.0,0.0,0.0,0.0,0.0,0.0,0.0,0.0
2023-09-06,鳴門,10,準優勝戦,1,4883,岡部大輝,27,東京,53,A2,6.02,41.38,0.0,0.0,31,25.84,51,35.29,曇り,北西,1,1,6.71,1,逃げ,1,0.08,1.49.1,0.124054054054054,0.1301777777777777,28,37,4,1,27,0,0,0,0,2,5,1,0.7567567567567568,0.10810810810810811,0.02702702702702703,0.7297297297297297,0.0,0.0,0.0,0.0,0.05405405405405406,0.13513513513513514,0.02702702702702703
2023-09-06,鳴門,10,準優勝戦,2,4214,林　祐介,39,岡山,56,A2,5.67,40.71,5.63,37.5,60,34.78,18,35.29,曇り,北西,1,1,6.81,5,逃げ,2,0.15,.  .,0.1552777777777777,0.1581545064377682,8,36,8,8,1,16,5,1,0,0,0,0,0.2222222222222222,0.2222222222222222,0.2222222222222222,0.027777777777777776,0.4444444444444444,0.1388888888888889,0.027777777777777776,0.0,0.0,0.0,0.0
2023-09-06,鳴門,10,準優勝戦,3,4188,久田敏之,42,群馬,52,A1,7.66,65.15,8.33,66.67,15,35.64,58,38.38,曇り,北西,1,1,6.84,6,逃げ,3,0.11,.  .,0.1211627906976744,0.1183333333333333,15,43,16,7,1,0,3,7,2,0,0,0,0.3488372093023256,0.37209302325581395,0.16279069767441862,0.023255813953488372,0.0,0.06976744186046512,0.16279069767441862,0.046511627906976744,0.0,0.0,0.0
2023-09-06,鳴門,10,準優勝戦,4,4650,中山雄太,39,愛知,52,A2,6.46,51.64,6.3,30.0,22,35.87,79,37.25,曇り,北西,1,1,6.7,2,逃げ,4,0.08,1.50.5,0.1428571428571428,0.1510992907801418,8,49,13,9,0,0,1,4,2,0,0,0,0.16326530612244897,0.2653061224489796,0.1836734693877551,0.0,0.0,0.02040816326530612,0.08163265306122448,0.04081632653061224,0.0,0.0,0.0
2023-09-06,鳴門,10,準優勝戦,5,4887,富澤祐作,36,群馬,55,A2,5.15,35.0,3.13,12.5,13,34.31,28,28.87,曇り,北西,1,1,6.8,3,逃げ,5,0.12,1.52.4,0.1222857142857142,0.1346581196581196,7,35,11,4,0,0,0,2,5,0,0,0,0.2,0.3142857142857143,0.11428571428571428,0.0,0.0,0.0,0.05714285714285714,0.14285714285714285,0.0,0.0,0.0
2023-09-06,鳴門,10,準優勝戦,6,4298,宮下元胤,40,愛知,53,A2,5.96,40.0,0.0,0.0,51,21.43,73,34.34,曇り,北西,1,1,6.86,4,逃げ,6,0.17,1.52.4,0.1732432432432432,0.1576603773584905,0,37,2,8,0,0,0,0,0,0,0,0,0.0,0.05405405405405406,0.21621621621621623,0.0,0.0,0.0,0.0,0.0,0.0,0.0,0.0
2023-09-06,鳴門,11,準優勝戦,1,4529,嶋　義信,34,香川,55,A2,5.54,34.07,5.16,33.82,25,31.68,64,40.0,曇り,北西,2,2,6.89,1,逃げ,1,0.1,1.50.6,0.12,0.1440277777777777,19,34,7,2,18,0,0,0,0,6,6,3,0.5588235294117647,0.20588235294117646,0.058823529411764705,0.5294117647058824,0.0,0.0,0.0,0.0,0.17647058823529413,0.17647058823529413,0.08823529411764706
2023-09-06,鳴門,11,準優勝戦,2,3966,作間　章,44,東京,52,A1,6.47,46.62,6.25,35.0,75,37.5,23,40.23,曇り,北西,2,2,6.79,5,逃げ,2,0.17,.  .,0.1907407407407407,0.1818243243243243,8,54,16,14,0,28,7,1,0,0,0,0,0.14814814814814814,0.2962962962962963,0.25925925925925924,0.0,0.5185185185185185,0.12962962962962962,0.018518518518518517,0.0,0.0,0.0,0.0
2023-09-06,鳴門,11,準優勝戦,3,4515,藤田浩人,37,佐賀,54,A2,5.9,40.17,5.0,33.33,62,33.73,53,27.16,曇り,北西,2,2,6.87,2,逃げ,3,0.13,1.51.4,0.1683720930232558,0.17828125,5,43,10,9,0,0,3,2,0,0,0,0,0.11627906976744186,0.23255813953488372,0.20930232558139536,0.0,0.0,0.06976744186046512,0.046511627906976744,0.0,0.0,0.0,0.0
2023-09-06,鳴門,11,準優勝戦,4,3743,林　美憲,48,徳島,51,A1,6.88,51.85,7.18,58.17,72,35.92,75,38.1,曇り,北西,2,2,6.89,3,逃げ,4,0.19,1.53.1,0.1523404255319149,0.1436842105263158,6,47,10,12,0,0,0,2,4,0,0,0,0.1276595744680851,0.2127659574468085,0.2553191489361702,0.0,0.0,0.0,0.0425531914893617,0.0851063829787234,0.0,0.0,0.0
2023-09-06,鳴門,11,準優勝戦,5,4648,木村亮太,39,兵庫,53,B2,5.24,30.3,4.79,23.81,39,25.61,33,31.96,曇り,北西,2,2,6.96,6,逃げ,5,0.14,.  .,0.1235,0.1297727272727272,2,20,0,3,0,0,0,1,1,0,0,0,0.1,0.0,0.15,0.0,0.0,0.0,0.05,0.05,0.0,0.0,0.0
2023-09-06,鳴門,11,準優勝戦,6,4942,柴田朋哉,33,福岡,53,B1,4.16,15.94,3.55,13.64,65,34.09,57,38.83,曇り,北西,2,2,6.89,4,逃げ,6,0.12,1.53.2,0.1833333333333333,0.1835502958579881,0,27,1,4,0,0,0,0,0,0,0,0,0.0,0.037037037037037035,0.14814814814814814,0.0,0.0,0.0,0.0,0.0,0.0,0.0,0.0
2023-09-06,鳴門,12,準優勝戦,1,3849,中岡正彦,45,香川,53,A1,6.46,50.55,6.16,39.47,70,37.23,14,28.21,晴,北西,2,2,6.91,1,逃げ,1,0.05,1.49.1,0.1222222222222222,0.1227601809954751,38,54,9,2,38,0,0,0,0,2,6,3,0.7037037037037037,0.16666666666666666,0.037037037037037035,0.7037037037037037,0.0,0.0,0.0,0.0,0.037037037037037035,0.1111111111111111,0.05555555555555555
2023-09-06,鳴門,12,準優勝戦,2,4441,末永由楽,37,岡山,54,A1,6.43,50.0,6.97,61.76,32,41.94,19,25.64,晴,北西,2,2,6.88,5,逃げ,2,0.19,.  .,0.134313725490196,0.1491379310344827,11,51,19,5,0,26,6,2,2,0,0,0,0.21568627450980393,0.37254901960784315,0.09803921568627451,0.0,0.5098039215686274,0.11764705882352941,0.0392156862745098,0.0392156862745098,0.0,0.0,0.0
2023-09-06,鳴門,12,準優勝戦,3,4739,中村晃朋,31,香川,52,A1,6.28,42.17,5.63,25.0,52,39.78,60,31.58,晴,北西,2,2,6.82,3,逃げ,4,0.16,1.52.7,0.147,0.1591078066914498,6,40,14,9,0,0,2,2,2,0,0,0,0.15,0.35,0.225,0.0,0.0,0.05,0.05,0.05,0.0,0.0,0.0
2023-09-06,鳴門,12,準優勝戦,4,4116,川田正人,42,徳島,51,B1,5.34,33.33,5.19,31.82,71,27.18,39,37.08,晴,北西,2,2,7.0,2,逃げ,5,0.12,1.51.5,0.2029268292682927,0.1753982300884956,3,41,3,9,0,0,0,2,1,0,0,0,0.07317073170731707,0.07317073170731707,0.21951219512195122,0.0,0.0,0.0,0.04878048780487805,0.024390243902439025,0.0,0.0,0.0
2023-09-06,鳴門,12,準優勝戦,5,3441,土屋太朗,54,群馬,55,B1,4.94,27.27,6.18,45.45,35,40.0,67,22.73,晴,北西,2,2,6.95,6,逃げ,6,0.16,.  .,0.2214634146341463,0.186578947368421,0,41,4,10,0,0,0,0,0,0,0,0,0.0,0.0975609756097561,0.24390243902439024,0.0,0.0,0.0,0.0,0.0,0.0,0.0,0.0
2023-09-06,鳴門,12,準優勝戦,6,3070,山室展弘,62,岡山,50,A2,6.3,51.43,6.26,45.65,18,34.02,21,35.11,晴,北西,2,2,6.88,4,逃げ,3,0.26,1.53.1,0.1988461538461538,0.1626380368098159,2,26,6,6,0,0,2,0,0,0,0,0,0.07692307692307693,0.23076923076923078,0.23076923076923078,0.0,0.0,0.07692307692307693,0.0,0.0,0.0,0.0,0.0
2023-09-06,住之江,1,予選,1,4324,海野康志,35,山口,60,A1,6.41,48.36,5.9,40.48,17,41.0,74,44.71,雨,無風,0,1,6.93,2,抜き,1,0.12,1.51.7,0.1277966101694915,0.1400383141762452,47,59,6,2,47,0,0,0,0,1,7,3,0.7966101694915254,0.1016949152542373,0.03389830508474576,0.7966101694915254,0.0,0.0,0.0,0.0,0.01694915254237288,0.11864406779661017,0.05084745762711865
2023-09-06,住之江,1,予選,2,4311,岡村　仁,39,大阪,54,A1,6.48,51.68,7.02,53.97,29,30.48,86,38.95,雨,無風,0,1,6.94,1,抜き,2,0.16,1.50.1,0.1399999999999999,0.1445084745762712,14,51,16,10,1,22,6,5,0,0,0,0,0.27450980392156865,0.3137254901960784,0.19607843137254902,0.0196078431372549,0.43137254901960786,0.11764705882352941,0.09803921568627451,0.0,0.0,0.0,0.0
2023-09-06,住之江,1,予選,3,3499,市川哲也,54,広島,51,A1,6.59,50.78,6.38,50.0,68,35.0,11,43.88,雨,無風,0,1,6.97,4,抜き,3,0.16,1.53.9,0.1258490566037735,0.1369097222222222,8,53,14,14,0,0,0,3,5,0,0,0,0.1509433962264151,0.2641509433962264,0.2641509433962264,0.0,0.0,0.0,0.05660377358490566,0.09433962264150944,0.0,0.0,0.0
2023-09-06,住之江,1,予選,4,4266,長田頼宗,38,東京,53,A1,7.68,64.04,6.44,33.33,34,34.02,59,30.39,雨,無風,0,1,6.94,6,抜き,4,0.21,1.55.2,0.1588,0.1421403508771929,7,50,8,13,1,0,3,1,2,0,0,0,0.14,0.16,0.26,0.02,0.0,0.06,0.02,0.04,0.0,0.0,0.0
2023-09-06,住之江,1,予選,5,4024,井口佳典,46,三重,52,A1,6.99,44.32,7.13,50.0,18,33.33,89,34.41,雨,無風,0,1,6.96,5,抜き,5,0.25,1.54.0,0.1473529411764705,0.1492771084337349,6,34,9,5,0,0,0,1,2,0,0,0,0.17647058823529413,0.2647058823529412,0.14705882352941177,0.0,0.0,0.0,0.029411764705882353,0.058823529411764705,0.0,0.0,0.0
2023-09-06,住之江,1,予選,6,4427,秦　英悟,37,大阪,51,A1,7.29,56.41,6.87,54.55,51,40.2,50,38.0,雨,無風,0,1,6.99,3,抜き,6,0.29,1.53.3,0.1572222222222222,0.1498854961832061,1,36,4,14,0,0,1,0,0,0,0,0,0.027777777777777776,0.1111111111111111,0.3888888888888889,0.0,0.0,0.027777777777777776,0.0,0.0,0.0,0.0,0.0
2023-09-06,住之江,2,予選,2,4042,丸岡正典,44,大阪,52,A1,6.66,50.38,6.63,46.11,32,29.52,35,36.0,雨,無風,0,1,6.89,3,まくり差し,2,0.17,2.02.3,0.1627272727272727,0.1587372013651877,9,44,15,7,1,22,5,2,0,0,0,0,0.20454545454545456,0.3409090909090909,0.1590909090909091,0.022727272727272728,0.5,0.11363636363636363,0.045454545454545456,0.0,0.0,0.0,0.0
2023-09-06,住之江,2,予選,3,4851,関　浩哉,28,群馬,49,A1,7.34,53.78,6.1,70.0,21,31.07,38,35.48,雨,無風,0,1,6.91,5,まくり差し,3,0.17,2.14.1,0.1420454545454545,0.147921146953405,11,44,7,13,0,0,1,3,3,0,0,0,0.25,0.1590909090909091,0.29545454545454547,0.0,0.0,0.022727272727272728,0.06818181818181818,0.06818181818181818,0.0,0.0,0.0
2023-09-06,住之江,2,予選,4,3556,田中信一,50,大阪,54,A1,7.27,54.2,6.62,47.62,78,33.98,13,37.5,雨,無風,0,1,6.92,2,まくり差し,4,0.13,1.58.7,0.153695652173913,0.1434027777777778,7,46,11,14,0,0,1,1,2,0,0,0,0.15217391304347827,0.2391304347826087,0.30434782608695654,0.0,0.0,0.021739130434782608,0.021739130434782608,0.043478260869565216,0.0,0.0,0.0
2023-09-06,住之江,2,予選,5,3960,菊地孝平,45,静岡,53,A1,7.19,53.85,8.04,66.67,58,39.42,37,49.45,雨,無風,0,1,6.86,1,まくり差し,5,0.06,1.55.9,0.11,0.1156302521008403,4,36,8,5,0,0,0,1,2,0,0,0,0.1111111111111111,0.2222222222222222,0.1388888888888889,0.0,0.0,0.0,0.027777777777777776,0.05555555555555555,0.0,0.0,0.0
2023-09-06,住之江,2,予選,6,4532,秋元　哲,34,埼玉,51,A1,6.87,54.31,6.63,50.0,67,34.0,70,35.92,雨,無風,0,1,6.97,4,まくり差し,6,0.13,2.07.4,0.1620588235294117,0.1447619047619047,3,34,5,7,0,0,1,2,0,0,0,0,0.08823529411764706,0.14705882352941177,0.20588235294117646,0.0,0.0,0.029411764705882353,0.058823529411764705,0.0,0.0,0.0,0.0
2023-09-06,住之江,3,予選,1,4002,古結　宏,45,兵庫,53,A1,7.02,57.89,6.85,50.0,88,44.04,22,32.61,曇り,南東,1,1,6.84,1,逃げ,1,0.04,1.50.3,0.1532258064516129,0.1520748299319728,49,62,8,4,49,0,0,0,0,4,2,6,0.7903225806451613,0.12903225806451613,0.06451612903225806,0.7903225806451613,0.0,0.0,0.0,0.0,0.06451612903225806,0.03225806451612903,0.0967741935483871
2023-09-06,住之江,3,予選,2,4545,岡村慶太,35,福岡,54,A1,6.9,55.14,5.8,45.0,39,32.99,20,41.57,曇り,南東,1,1,6.87,2,逃げ,2,0.07,1.50.6,0.1404761904761904,0.1429482071713147,10,42,11,10,0,26,8,1,0,0,0,0,0.23809523809523808,0.2619047619047619,0.23809523809523808,0.0,0.6190476190476191,0.19047619047619047,0.023809523809523808,0.0,0.0,0.0,0.0
2023-09-06,住之江,3,予選,3,4168,石野貴之,41,大阪,52,A1,7.87,54.41,6.98,54.76,70,31.0,80,38.46,曇り,南東,1,1,6.84,4,逃げ,3,0.05,1.53.9,0.1219354838709677,0.1338349514563107,9,31,12,4,0,0,0,4,4,0,0,0,0.2903225806451613,0.3870967741935484,0.12903225806451613,0.0,0.0,0.0,0.12903225806451613,0.12903225806451613,0.0,0.0,0.0
2023-09-06,住之江,3,予選,4,3779,原田幸哉,47,長崎,52,A1,7.14,48.33,5.9,25.81,73,34.02,14,29.76,曇り,南東,1,1,6.88,5,逃げ,4,0.13,1.55.2,0.1173684210526315,0.1029811320754717,3,38,13,5,0,0,1,2,0,0,0,0,0.07894736842105263,0.34210526315789475,0.13157894736842105,0.0,0.0,0.02631578947368421,0.05263157894736842,0.0,0.0,0.0,0.0
2023-09-06,住之江,3,予選,5,4227,安達裕樹,40,三重,53,A1,6.71,53.13,7.33,54.55,89,33.96,27,38.46,曇り,南東,1,1,6.83,3,逃げ,5,0.12,1.52.2,0.1392105263157894,0.1441129032258064,7,38,14,3,0,0,0,4,2,0,0,0,0.18421052631578946,0.3684210526315789,0.07894736842105263,0.0,0.0,0.0,0.10526315789473684,0.05263157894736842,0.0,0.0,0.0
2023-09-06,住之江,3,予選,6,4095,福来　剛,42,東京,52,A1,6.87,51.35,7.11,62.96,23,31.07,10,28.41,曇り,南東,1,1,6.91,6,逃げ,6,0.11,1.56.4,0.1391891891891892,0.1379591836734693,3,37,6,12,0,0,0,1,2,0,0,0,0.08108108108108109,0.16216216216216217,0.32432432432432434,0.0,0.0,0.0,0.02702702702702703,0.05405405405405406,0.0,0.0,0.0
2023-09-06,住之江,4,予選,1,4028,田村隆信,45,徳島,57,A1,6.21,33.33,7.1,51.61,64,35.35,69,37.65,曇り,南東,1,1,6.89,3,差し,1,0.03,1.53.1,0.1268518518518518,0.1494372294372294,37,54,11,3,37,0,0,0,0,7,2,6,0.6851851851851852,0.2037037037037037,0.05555555555555555,0.6851851851851852,0.0,0.0,0.0,0.0,0.12962962962962962,0.037037037037037035,0.1111111111111111
2023-09-06,住之江,4,予選,2,4397,西村拓也,36,大阪,53,A1,7.58,58.4,7.08,52.06,26,45.45,58,35.71,曇り,南東,1,1,6.83,1,差し,2,0.03,1.49.9,0.1471111111111111,0.1496864111498257,20,45,13,7,2,16,5,6,1,0,0,0,0.4444444444444444,0.28888888888888886,0.15555555555555556,0.044444444444444446,0.35555555555555557,0.1111111111111111,0.13333333333333333,0.022222222222222223,0.0,0.0,0.0
2023-09-06,住之江,4,予選,3,4497,桑原　悠,36,長崎,51,A1,6.47,46.07,6.7,53.33,62,38.68,81,57.14,曇り,南東,1,1,6.89,6,差し,3,0.17,1.55.9,0.1664516129032258,0.1566666666666666,3,31,12,6,0,0,0,1,2,0,0,0,0.0967741935483871,0.3870967741935484,0.1935483870967742,0.0,0.0,0.0,0.03225806451612903,0.06451612903225806,0.0,0.0,0.0
2023-09-06,住之江,4,予選,4,3780,魚谷智之,47,兵庫,51,A1,6.79,50.5,6.4,20.93,77,33.02,21,36.96,曇り,南東,1,1,6.95,2,差し,4,0.03,1.50.8,0.1813636363636363,0.1628515625,3,44,7,10,0,0,0,1,2,0,0,0,0.06818181818181818,0.1590909090909091,0.22727272727272727,0.0,0.0,0.0,0.022727272727272728,0.045454545454545456,0.0,0.0,0.0
2023-09-06,住之江,4,予選,5,3557,太田和美,50,大阪,53,A1,7.07,46.43,6.89,50.38,27,35.51,82,43.68,曇り,南東,1,1,6.88,4,差し,5,0.04,1.54.4,0.148125,0.1573617021276595,3,32,6,10,0,0,0,1,2,0,0,0,0.09375,0.1875,0.3125,0.0,0.0,0.0,0.03125,0.0625,0.0,0.0,0.0
2023-09-06,住之江,4,予選,6,4494,河合佑樹,36,静岡,51,A1,7.3,57.03,6.92,60.0,19,31.73,71,38.54,曇り,南東,1,1,6.92,5,差し,6,0.08,1.55.5,0.1356818181818181,0.13375,4,44,6,8,0,0,2,0,1,0,0,0,0.09090909090909091,0.13636363636363635,0.18181818181818182,0.0,0.0,0.045454545454545456,0.0,0.022727272727272728,0.0,0.0,0.0
2023-09-06,住之江,5,予選,1,4939,宮之原輝,25,東京,50,A1,6.67,48.98,7.61,64.52,55,30.77,23,34.34,曇り,南東,1,1,6.88,3,差し,1,0.17,1.52.4,0.1322,0.1466379310344827,41,50,5,1,38,0,0,0,0,3,3,2,0.82,0.1,0.02,0.76,0.0,0.0,0.0,0.0,0.06,0.06,0.04
2023-09-06,住之江,5,予選,2,4719,上條暢嵩,29,大阪,50,A1,7.07,55.66,7.28,56.91,20,33.02,54,35.11,曇り,南東,1,1,6.85,4,差し,2,0.08,1.52.5,0.14,0.143796992481203,7,43,13,7,0,23,3,3,0,0,0,0,0.16279069767441862,0.3023255813953488,0.16279069767441862,0.0,0.5348837209302325,0.06976744186046512,0.06976744186046512,0.0,0.0,0.0,0.0
2023-09-06,住之江,5,予選,3,4794,和田拓也,33,兵庫,54,A1,7.06,57.63,5.71,21.43,81,25.22,68,29.29,曇り,南東,1,1,6.89,6,差し,3,0.08,1.55.5,0.1387179487179487,0.135813953488372,8,39,12,9,0,0,0,6,0,0,0,0,0.20512820512820512,0.3076923076923077,0.23076923076923078,0.0,0.0,0.0,0.15384615384615385,0.0,0.0,0.0,0.0
2023-09-06,住之江,5,予選,4,4444,桐生順平,36,埼玉,52,A1,8.1,47.89,8.03,64.52,66,36.08,67,39.33,曇り,南東,1,1,6.92,1,差し,4,0.03,1.50.6,0.13,0.1303211009174311,1,39,10,15,0,0,0,0,0,0,0,0,0.02564102564102564,0.2564102564102564,0.38461538461538464,0.0,0.0,0.0,0.0,0.0,0.0,0.0,0.0
2023-09-06,住之江,5,予選,5,4075,中野次郎,42,東京,53,A1,6.67,45.6,7.31,50.98,79,38.18,55,42.86,曇り,南東,1,1,6.92,2,差し,5,0.03,1.51.7,0.1414285714285714,0.1383941605839416,3,42,10,7,0,0,1,0,2,0,0,0,0.07142857142857142,0.23809523809523808,0.16666666666666666,0.0,0.0,0.023809523809523808,0.0,0.047619047619047616,0.0,0.0,0.0
2023-09-06,住之江,5,予選,6,3942,寺田　祥,44,山口,53,A1,7.33,49.46,7.83,55.56,16,50.91,56,30.1,曇り,南東,1,1,6.95,5,差し,6,0.05,1.55.5,0.1523529411764705,0.1486345381526104,2,34,7,9,0,0,0,1,1,0,0,0,0.058823529411764705,0.20588235294117646,0.2647058823529412,0.0,0.0,0.0,0.029411764705882353,0.029411764705882353,0.0,0.0,0.0
2023-09-06,住之江,6,予選,1,4643,近江翔吾,30,香川,52,A1,6.8,45.76,4.0,16.67,69,38.46,31,37.93,曇り,南東,2,1,6.87,1,逃げ,1,0.1,1.49.8,0.1209433962264151,0.1365271966527196,45,53,3,1,44,0,0,0,0,3,1,3,0.8490566037735849,0.05660377358490566,0.018867924528301886,0.8301886792452831,0.0,0.0,0.0,0.0,0.05660377358490566,0.018867924528301886,0.05660377358490566
2023-09-06,住之江,6,予選,2,4787,椎名　豊,34,群馬,51,A1,7.3,49.6,6.57,40.91,24,33.33,18,34.31,曇り,南東,2,1,6.89,5,逃げ,5,0.18,1.54.6,0.1340384615384615,0.1205072463768115,13,52,17,5,0,24,5,7,0,0,0,0,0.25,0.3269230769230769,0.09615384615384616,0.0,0.46153846153846156,0.09615384615384616,0.1346153846153846,0.0,0.0,0.0,0.0
2023-09-06,住之江,6,予選,3,3783,瓜生正義,47,福岡,52,A1,7.12,48.39,7.6,55.0,75,41.75,61,32.32,曇り,南東,2,1,6.88,3,逃げ,2,0.11,1.52.9,0.1366666666666666,0.1449173553719008,9,36,9,7,0,0,0,5,3,0,0,0,0.25,0.25,0.19444444444444445,0.0,0.0,0.0,0.1388888888888889,0.08333333333333333,0.0,0.0,0.0
2023-09-06,住之江,6,予選,4,3415,松井　繁,53,大阪,51,A1,6.95,41.18,6.88,49.59,71,36.89,63,39.76,曇り,南東,2,1,6.9,2,逃げ,3,0.12,1.51.7,0.1493023255813953,0.1583650190114068,2,43,8,15,0,0,0,1,0,0,0,0,0.046511627906976744,0.18604651162790697,0.3488372093023256,0.0,0.0,0.0,0.023255813953488372,0.0,0.0,0.0,0.0
2023-09-06,住之江,6,予選,5,4812,西野雄貴,33,徳島,52,A1,7.29,58.62,7.32,52.0,83,28.7,87,39.58,曇り,南東,2,1,6.9,4,逃げ,4,0.19,1.53.5,0.1270588235294117,0.1235497835497835,4,34,6,8,0,0,0,2,0,0,0,0,0.11764705882352941,0.17647058823529413,0.23529411764705882,0.0,0.0,0.0,0.058823529411764705,0.0,0.0,0.0,0.0
2023-09-06,住之江,6,予選,6,4044,湯川浩司,43,大阪,51,A1,6.74,46.23,7.0,53.33,11,32.41,77,46.07,曇り,南東,2,1,6.9,6,逃げ,6,0.25,2.04.0,0.1477777777777777,0.1429019607843137,4,36,10,9,0,0,0,3,0,0,0,0,0.1111111111111111,0.2777777777777778,0.25,0.0,0.0,0.0,0.08333333333333333,0.0,0.0,0.0,0.0
2023-09-06,住之江,7,予選,1,4798,浜先真範,30,広島,52,A1,7.25,59.8,6.7,50.0,65,38.1,17,44.09,曇り,南東,2,1,6.88,1,逃げ,1,0.06,1.50.4,0.1218867924528301,0.1338376383763837,40,53,10,1,37,0,0,0,0,2,4,6,0.7547169811320755,0.18867924528301888,0.018867924528301886,0.6981132075471698,0.0,0.0,0.0,0.0,0.03773584905660377,0.07547169811320754,0.11320754716981132
2023-09-06,住之江,7,予選,2,4448,青木玄太,36,滋賀,51,A1,7.55,63.41,6.55,45.45,12,30.36,90,41.0,曇り,南東,2,1,6.86,2,逃げ,2,0.13,1.50.9,0.1465625,0.1483076923076923,9,32,13,5,0,16,5,2,1,0,0,0,0.28125,0.40625,0.15625,0.0,0.5,0.15625,0.0625,0.03125,0.0,0.0,0.0
2023-09-06,住之江,7,予選,3,4477,篠崎仁志,35,福岡,54,A1,7.27,39.36,5.8,22.0,87,39.22,84,42.22,曇り,南東,2,1,6.86,4,逃げ,3,0.12,1.52.9,0.1266666666666666,0.1329130434782608,6,33,11,9,0,0,0,3,3,0,0,0,0.18181818181818182,0.3333333333333333,0.2727272727272727,0.0,0.0,0.0,0.09090909090909091,0.09090909090909091,0.0,0.0,0.0
2023-09-06,住之江,7,予選,4,4238,毒島　誠,39,群馬,52,A1,7.77,55.81,7.73,50.0,38,34.65,53,29.52,曇り,南東,2,1,6.98,3,逃げ,4,0.08,1.52.4,0.1393333333333333,0.1350228310502283,7,30,3,4,1,0,3,1,2,0,0,0,0.23333333333333334,0.1,0.13333333333333333,0.03333333333333333,0.0,0.1,0.03333333333333333,0.06666666666666667,0.0,0.0,0.0
2023-09-06,住之江,7,予選,5,4659,木下翔太,32,大阪,54,A1,6.77,55.74,6.66,48.08,30,32.71,24,29.13,曇り,南東,2,1,7.0,6,逃げ,5,0.11,1.57.5,0.1497058823529411,0.1468076923076923,4,34,6,6,0,0,0,0,3,0,0,0,0.11764705882352941,0.17647058823529413,0.17647058823529413,0.0,0.0,0.0,0.0,0.08823529411764706,0.0,0.0,0.0
2023-09-06,住之江,7,予選,6,4042,丸岡正典,44,大阪,52,A1,6.66,50.38,6.63,46.11,32,29.52,35,36.0,曇り,南東,2,1,6.93,5,逃げ,6,0.15,1.54.3,0.1780952380952381,0.1587372013651877,3,42,5,12,0,0,0,0,2,0,0,0,0.07142857142857142,0.11904761904761904,0.2857142857142857,0.0,0.0,0.0,0.0,0.047619047619047616,0.0,0.0,0.0
2023-09-06,住之江,8,予選,1,4055,吉田俊彦,45,兵庫,53,A1,6.88,54.84,6.97,50.0,15,33.96,62,31.18,曇り,南東,2,1,6.9,1,逃げ,1,0.11,1.49.8,0.141311475409836,0.1459283387622149,51,61,6,3,48,0,0,0,0,3,2,4,0.8360655737704918,0.09836065573770492,0.04918032786885246,0.7868852459016393,0.0,0.0,0.0,0.0,0.04918032786885246,0.03278688524590164,0.06557377049180328
2023-09-06,住之江,8,予選,2,4362,土屋智則,38,群馬,54,A1,7.11,51.0,7.13,37.5,14,34.74,29,28.57,曇り,南東,2,1,6.92,3,逃げ,2,0.08,1.52.7,0.1371052631578947,0.1330042918454935,6,38,10,8,1,24,2,0,0,0,0,0,0.15789473684210525,0.2631578947368421,0.21052631578947367,0.02631578947368421,0.631578947368421,0.05263157894736842,0.0,0.0,0.0,0.0,0.0
2023-09-06,住之江,8,予選,3,3822,平尾崇典,50,岡山,50,A1,6.65,48.18,7.1,51.72,25,35.05,51,31.0,曇り,南東,2,1,6.84,6,逃げ,3,0.05,1.56.6,0.1933333333333333,0.1814285714285714,10,42,9,7,0,0,1,6,3,0,0,0,0.23809523809523808,0.21428571428571427,0.16666666666666666,0.0,0.0,0.023809523809523808,0.14285714285714285,0.07142857142857142,0.0,0.0,0.0
2023-09-06,住之江,8,予選,4,4320,峰　竜太,38,佐賀,52,A1,8.84,75.49,9.07,84.44,53,44.14,19,43.02,曇り,南東,2,1,6.87,2,逃げ,4,0.09,1.50.6,0.1246153846153846,0.1230204081632653,12,39,13,6,0,0,2,4,4,0,0,0,0.3076923076923077,0.3333333333333333,0.15384615384615385,0.0,0.0,0.05128205128205128,0.10256410256410256,0.10256410256410256,0.0,0.0,0.0
2023-09-06,住之江,8,予選,5,5043,中村日向,24,香川,52,A1,6.44,49.0,7.05,59.09,50,41.35,33,33.33,曇り,南東,2,1,6.89,5,逃げ,5,0.08,1.56.5,0.1511428571428571,0.1402768166089965,7,35,8,5,0,0,2,2,3,0,0,0,0.2,0.22857142857142856,0.14285714285714285,0.0,0.0,0.05714285714285714,0.05714285714285714,0.08571428571428572,0.0,0.0,0.0
2023-09-06,住之江,8,予選,6,4851,関　浩哉,28,群馬,49,A1,7.34,53.78,6.1,70.0,21,31.07,38,35.48,曇り,南東,2,1,6.88,4,逃げ,6,0.12,1.53.8,0.1634782608695652,0.147921146953405,2,46,17,9,0,0,0,1,1,0,0,0,0.043478260869565216,0.3695652173913043,0.1956521739130435,0.0,0.0,0.0,0.021739130434782608,0.021739130434782608,0.0,0.0,0.0
2023-09-06,住之江,9,予選,1,4227,安達裕樹,40,三重,53,A1,6.71,53.13,7.33,54.55,89,33.96,27,38.46,曇り,無風,0,1,6.86,1,逃げ,1,0.06,1.50.2,0.1521052631578947,0.1441129032258064,45,57,6,4,42,0,0,0,0,6,1,3,0.7894736842105263,0.10526315789473684,0.07017543859649122,0.7368421052631579,0.0,0.0,0.0,0.0,0.10526315789473684,0.017543859649122806,0.05263157894736842
2023-09-06,住之江,9,予選,2,3556,田中信一,50,大阪,54,A1,7.27,54.2,6.62,47.62,78,33.98,13,37.5,曇り,無風,0,1,6.94,4,逃げ,2,0.11,1.52.7,0.1723404255319149,0.1434027777777778,8,47,18,8,0,28,7,1,0,0,0,0,0.1702127659574468,0.3829787234042553,0.1702127659574468,0.0,0.5957446808510638,0.14893617021276595,0.02127659574468085,0.0,0.0,0.0,0.0
2023-09-06,住之江,9,予選,3,4762,藤原啓史,33,岡山,51,A1,7.12,51.26,6.94,56.25,52,30.0,30,34.95,曇り,無風,0,1,6.93,3,逃げ,3,0.05,1.52.6,0.1335294117647059,0.1264925373134328,7,34,13,7,0,0,2,3,2,0,0,0,0.20588235294117646,0.38235294117647056,0.20588235294117646,0.0,0.0,0.058823529411764705,0.08823529411764706,0.058823529411764705,0.0,0.0,0.0
2023-09-06,住之江,9,予選,4,4503,上野真之,35,佐賀,52,A1,7.05,56.82,7.22,43.48,85,33.66,12,36.73,曇り,無風,0,1,6.95,2,逃げ,4,0.09,1.51.3,0.1217999999999999,0.1262046204620462,17,50,5,6,0,0,3,8,5,0,0,0,0.34,0.1,0.12,0.0,0.0,0.06,0.16,0.1,0.0,0.0,0.0
2023-09-06,住之江,9,予選,5,3780,魚谷智之,47,兵庫,51,A1,6.79,50.5,6.4,20.93,77,33.02,21,36.96,曇り,無風,0,1,6.93,5,逃げ,5,0.1,1.54.0,0.1476315789473684,0.1628515625,3,38,10,5,0,0,1,0,1,0,0,0,0.07894736842105263,0.2631578947368421,0.13157894736842105,0.0,0.0,0.02631578947368421,0.0,0.02631578947368421,0.0,0.0,0.0
2023-09-06,住之江,9,予選,6,4024,井口佳典,46,三重,52,A1,6.99,44.32,7.13,50.0,18,33.33,89,34.41,曇り,無風,0,1,6.96,6,逃げ,6,0.11,1.55.0,0.14325,0.1492771084337349,4,40,5,7,0,0,0,0,3,0,0,0,0.1,0.125,0.175,0.0,0.0,0.0,0.0,0.075,0.0,0.0,0.0
2023-09-06,住之江,10,予選,1,4686,丸野一樹,32,滋賀,53,A1,6.89,47.15,6.13,41.03,22,29.63,73,36.26,曇り,北,4,2,6.85,1,抜き,1,0.18,1.49.4,0.1468518518518518,0.1488841201716738,39,54,6,1,38,0,0,0,0,2,6,4,0.7222222222222222,0.1111111111111111,0.018518518518518517,0.7037037037037037,0.0,0.0,0.0,0.0,0.037037037037037035,0.1111111111111111,0.07407407407407407
2023-09-06,住之江,10,予選,2,3942,寺田　祥,44,山口,53,A1,7.33,49.46,7.83,55.56,16,50.91,56,30.1,曇り,北,4,2,6.93,3,抜き,2,0.21,1.53.4,0.1546341463414634,0.1486345381526104,10,41,9,9,1,22,7,1,0,0,0,0,0.24390243902439024,0.21951219512195122,0.21951219512195122,0.024390243902439025,0.5365853658536586,0.17073170731707318,0.024390243902439025,0.0,0.0,0.0,0.0
2023-09-06,住之江,10,予選,3,4230,濱崎直矢,40,埼玉,54,A1,6.09,44.87,5.25,45.0,54,38.0,76,49.45,曇り,北,4,2,6.92,6,抜き,3,0.14,1.56.8,0.11,0.1362068965517241,12,37,10,4,0,0,0,10,1,0,0,0,0.32432432432432434,0.2702702702702703,0.10810810810810811,0.0,0.0,0.0,0.2702702702702703,0.02702702702702703,0.0,0.0,0.0
2023-09-06,住之江,10,予選,4,3557,太田和美,50,大阪,53,A1,7.07,46.43,6.89,50.38,27,35.51,82,43.68,曇り,北,4,2,6.94,2,抜き,4,0.13,1.51.6,0.1730555555555555,0.1573617021276595,5,36,8,8,0,0,0,3,0,0,0,0,0.1388888888888889,0.2222222222222222,0.2222222222222222,0.0,0.0,0.0,0.08333333333333333,0.0,0.0,0.0,0.0
2023-09-06,住之江,10,予選,5,3783,瓜生正義,47,福岡,52,A1,7.12,48.39,7.6,55.0,75,41.75,61,32.32,曇り,北,4,2,6.93,5,抜き,5,0.13,1.56.1,0.1371428571428571,0.1449173553719008,3,35,6,7,0,0,1,0,2,0,0,0,0.08571428571428572,0.17142857142857143,0.2,0.0,0.0,0.02857142857142857,0.0,0.05714285714285714,0.0,0.0,0.0
2023-09-06,住之江,10,予選,6,4266,長田頼宗,38,東京,53,A1,7.68,64.04,6.44,33.33,34,34.02,59,30.39,曇り,北,4,2,6.92,4,抜き,6,0.14,1.54.4,0.1541666666666666,0.1421403508771929,5,36,7,5,0,0,1,0,3,0,0,0,0.1388888888888889,0.19444444444444445,0.1388888888888889,0.0,0.0,0.027777777777777776,0.0,0.08333333333333333,0.0,0.0,0.0
2023-09-06,住之江,11,予選,1,4166,吉田拡郎,41,岡山,53,A1,7.32,54.03,7.25,56.25,36,38.14,32,38.71,曇り,北,2,1,6.92,1,逃げ,1,0.08,1.50.1,0.1399999999999999,0.1322222222222222,50,65,6,4,49,0,0,0,0,6,4,5,0.7692307692307693,0.09230769230769231,0.06153846153846154,0.7538461538461538,0.0,0.0,0.0,0.0,0.09230769230769231,0.06153846153846154,0.07692307692307693
2023-09-06,住之江,11,予選,2,3779,原田幸哉,47,長崎,52,A1,7.14,48.33,5.9,25.81,73,34.02,14,29.76,曇り,北,2,1,6.92,5,逃げ,2,0.14,1.55.9,0.0931578947368421,0.1029811320754717,12,38,9,3,0,18,8,2,0,0,0,0,0.3157894736842105,0.23684210526315788,0.07894736842105263,0.0,0.47368421052631576,0.21052631578947367,0.05263157894736842,0.0,0.0,0.0,0.0
2023-09-06,住之江,11,予選,3,4297,山田哲也,40,東京,52,A1,6.0,42.02,7.67,60.0,35,43.88,85,40.86,曇り,北,2,1,6.95,4,逃げ,4,0.05,1.53.9,0.1106521739130434,0.1068799999999999,9,46,6,3,0,0,1,7,1,0,0,0,0.1956521739130435,0.13043478260869565,0.06521739130434782,0.0,0.0,0.021739130434782608,0.15217391304347827,0.021739130434782608,0.0,0.0,0.0
2023-09-06,住之江,11,予選,4,4477,篠崎仁志,35,福岡,54,A1,7.27,39.36,5.8,22.0,87,39.22,84,42.22,曇り,北,2,1,6.97,3,逃げ,5,0.08,1.52.5,0.1339473684210526,0.1329130434782608,6,38,6,12,0,0,4,0,2,0,0,0,0.15789473684210525,0.15789473684210525,0.3157894736842105,0.0,0.0,0.10526315789473684,0.0,0.05263157894736842,0.0,0.0,0.0
2023-09-06,住之江,11,予選,5,4939,宮之原輝,25,東京,50,A1,6.67,48.98,7.61,64.52,55,30.77,23,34.34,曇り,北,2,1,6.97,6,逃げ,6,0.15,1.58.4,0.1448484848484848,0.1466379310344827,5,33,11,7,0,0,1,0,4,0,0,0,0.15151515151515152,0.3333333333333333,0.21212121212121213,0.0,0.0,0.030303030303030304,0.0,0.12121212121212122,0.0,0.0,0.0
2023-09-06,住之江,11,予選,6,4344,新田雄史,38,三重,53,A1,7.45,65.63,8.12,52.0,84,35.29,83,33.98,曇り,北,2,1,7.05,2,逃げ,3,0.11,1.50.9,0.199375,0.1560262008733624,2,32,7,9,0,0,0,1,1,0,0,0,0.0625,0.21875,0.28125,0.0,0.0,0.0,0.03125,0.03125,0.0,0.0,0.0
2023-09-06,住之江,12,ドリームＥＸ,1,3960,菊地孝平,45,静岡,53,A1,7.19,53.85,8.04,66.67,58,39.42,37,49.45,曇り,無風,0,1,6.89,1,逃げ,1,0.03,1.48.9,0.1205172413793103,0.1156302521008403,45,58,8,2,44,0,0,0,0,5,2,6,0.7758620689655172,0.13793103448275862,0.034482758620689655,0.7586206896551724,0.0,0.0,0.0,0.0,0.08620689655172414,0.034482758620689655,0.10344827586206896
2023-09-06,住之江,12,ドリームＥＸ,2,4444,桐生順平,36,埼玉,52,A1,8.1,47.89,8.03,64.52,66,36.08,67,39.33,曇り,無風,0,1,6.97,2,逃げ,2,0.02,1.50.6,0.1322857142857142,0.1303211009174311,9,35,12,5,0,16,8,0,0,0,0,0,0.2571428571428571,0.34285714285714286,0.14285714285714285,0.0,0.45714285714285713,0.22857142857142856,0.0,0.0,0.0,0.0,0.0
2023-09-06,住之江,12,ドリームＥＸ,3,4320,峰　竜太,38,佐賀,52,A1,8.84,75.49,9.07,84.44,53,44.14,19,43.02,曇り,無風,0,1,6.87,5,逃げ,3,0.04,1.53.9,0.1063888888888889,0.1230204081632653,17,36,10,3,0,0,3,5,8,0,0,0,0.4722222222222222,0.2777777777777778,0.08333333333333333,0.0,0.0,0.08333333333333333,0.1388888888888889,0.2222222222222222,0.0,0.0,0.0
2023-09-06,住之江,12,ドリームＥＸ,4,4168,石野貴之,41,大阪,52,A1,7.87,54.41,6.98,54.76,70,31.0,80,38.46,曇り,無風,0,1,6.93,6,逃げ,4,0.13,1.55.3,0.126551724137931,0.1338349514563107,7,29,7,5,0,0,2,4,1,0,0,0,0.2413793103448276,0.2413793103448276,0.1724137931034483,0.0,0.0,0.06896551724137931,0.13793103448275862,0.034482758620689655,0.0,0.0,0.0
2023-09-06,住之江,12,ドリームＥＸ,5,3415,松井　繁,53,大阪,51,A1,6.95,41.18,6.88,49.59,71,36.89,63,39.76,曇り,無風,0,1,6.97,3,逃げ,5,0.08,1.52.1,0.1767647058823529,0.1583650190114068,2,34,9,5,0,0,1,0,1,0,0,0,0.058823529411764705,0.2647058823529412,0.14705882352941177,0.0,0.0,0.029411764705882353,0.0,0.029411764705882353,0.0,0.0,0.0
2023-09-06,住之江,12,ドリームＥＸ,6,4238,毒島　誠,39,群馬,52,A1,7.77,55.81,7.73,50.0,38,34.65,53,29.52,曇り,無風,0,1,6.95,4,逃げ,6,0.05,1.53.5,0.1648387096774193,0.1350228310502283,7,31,5,6,0,0,3,1,2,0,0,0,0.22580645161290322,0.16129032258064516,0.1935483870967742,0.0,0.0,0.0967741935483871,0.03225806451612903,0.06451612903225806,0.0,0.0,0.0
2023-09-06,びわこ,1,おはパタ予選,1,4813,宮内直哉,33,東京,53,B1,4.47,29.31,2.89,11.11,41,36.49,26,30.49,曇り,北東,2,2,6.89,1,逃げ,1,0.18,1.51.0,0.1733333333333333,0.2001829268292682,6,21,7,3,6,0,0,0,0,4,6,3,0.2857142857142857,0.3333333333333333,0.14285714285714285,0.2857142857142857,0.0,0.0,0.0,0.0,0.19047619047619047,0.2857142857142857,0.14285714285714285
2023-09-06,びわこ,1,おはパタ予選,2,4253,西川真人,40,滋賀,57,B1,4.8,28.0,4.68,25.0,34,32.61,48,31.76,曇り,北東,2,2,6.84,3,逃げ,2,0.17,1.54.3,0.1829545454545454,0.1789029535864978,7,44,7,8,0,25,4,3,0,0,0,0,0.1590909090909091,0.1590909090909091,0.18181818181818182,0.0,0.5681818181818182,0.09090909090909091,0.06818181818181818,0.0,0.0,0.0,0.0
2023-09-06,びわこ,1,おはパタ予選,3,4382,高山智至,38,滋賀,55,B1,4.21,17.35,4.45,20.24,50,32.14,52,31.82,曇り,北東,2,2,6.85,6,逃げ,3,0.15,.  .,0.1598039215686274,0.1593073593073593,3,51,6,12,0,0,0,1,1,0,0,0,0.058823529411764705,0.11764705882352941,0.23529411764705882,0.0,0.0,0.0,0.0196078431372549,0.0196078431372549,0.0,0.0,0.0
2023-09-06,びわこ,1,おはパタ予選,4,5126,山下大輝,27,兵庫,50,B1,4.53,21.43,2.63,0.0,51,31.08,44,40.43,曇り,北東,2,2,6.81,2,逃げ,4,0.13,1.51.4,0.1911904761904762,0.162286995515695,3,42,3,8,0,0,0,3,0,0,0,0,0.07142857142857142,0.07142857142857142,0.19047619047619047,0.0,0.0,0.0,0.07142857142857142,0.0,0.0,0.0,0.0
2023-09-06,びわこ,1,おはパタ予選,5,3880,浅見宗孝,50,埼玉,55,B1,4.9,25.44,5.8,46.0,23,33.71,21,24.29,曇り,北東,2,2,7.0,4,逃げ,5,0.16,1.55.1,0.183170731707317,0.169763779527559,2,41,3,3,0,0,0,1,1,0,0,0,0.04878048780487805,0.07317073170731707,0.07317073170731707,0.0,0.0,0.0,0.024390243902439025,0.024390243902439025,0.0,0.0,0.0
2023-09-06,びわこ,1,おはパタ予選,6,3620,信濃由行,49,福井,53,B1,4.2,24.44,4.17,20.99,30,40.4,50,32.14,曇り,北東,2,2,6.96,5,逃げ,6,0.16,.  .,0.2045454545454545,0.1755238095238095,0,22,0,2,0,0,0,0,0,0,0,0,0.0,0.0,0.09090909090909091,0.0,0.0,0.0,0.0,0.0,0.0,0.0,0.0
2023-09-06,びわこ,2,予選,1,4139,丹下　健,42,愛知,54,B1,4.98,28.71,4.33,22.22,14,37.08,28,36.14,曇り,北東,2,2,6.81,3,まくり差し,1,0.26,1.53.1,0.1475,0.1631007751937984,18,36,8,2,18,0,0,0,0,6,5,5,0.5,0.2222222222222222,0.05555555555555555,0.5,0.0,0.0,0.0,0.0,0.16666666666666666,0.1388888888888889,0.1388888888888889
2023-09-06,びわこ,2,予選,2,5204,宇恵有香,26,三重,45,B1,3.04,10.59,1.96,0.0,55,34.41,29,32.97,曇り,北東,2,2,6.89,6,まくり差し,2,0.3,.  .,0.2825,0.20734375,0,4,1,0,0,3,0,0,0,0,0,0,0.0,0.25,0.0,0.0,0.75,0.0,0.0,0.0,0.0,0.0,0.0
2023-09-06,びわこ,2,予選,3,4469,土山卓也,36,福井,55,A2,5.54,33.67,0.0,0.0,11,36.17,63,44.44,曇り,北東,2,2,6.88,5,まくり差し,3,0.43,.  .,0.1648780487804878,0.1651867219917012,8,41,11,10,0,0,0,2,4,0,0,0,0.1951219512195122,0.2682926829268293,0.24390243902439024,0.0,0.0,0.0,0.04878048780487805,0.0975609756097561,0.0,0.0,0.0
2023-09-06,びわこ,2,予選,4,5247,大森　翼,21,兵庫,50,B1,2.4,3.85,1.61,0.0,22,39.08,66,42.11,曇り,北東,2,2,6.84,4,まくり差し,4,0.23,1.53.3,0.19,0.1807909604519774,1,38,5,6,0,0,0,1,0,0,0,0,0.02631578947368421,0.13157894736842105,0.15789473684210525,0.0,0.0,0.0,0.02631578947368421,0.0,0.0,0.0,0.0
2023-09-06,びわこ,2,予選,5,4099,吉永則雄,44,大阪,52,A2,6.61,46.9,6.46,47.37,69,27.27,18,29.63,曇り,北東,2,2,6.95,1,まくり差し,5,0.19,1.50.7,0.1416129032258064,0.1610655737704918,2,31,4,6,0,0,0,0,2,0,0,0,0.06451612903225806,0.12903225806451613,0.1935483870967742,0.0,0.0,0.0,0.0,0.06451612903225806,0.0,0.0,0.0
2023-09-06,びわこ,2,予選,6,4380,鈴木峻佑,39,静岡,53,B1,5.29,35.11,4.72,33.33,58,28.4,72,27.14,曇り,北東,2,2,6.84,2,まくり差し,6,0.14,1.52.1,0.2266666666666666,0.1724186046511628,0,33,3,4,0,0,0,0,0,0,0,0,0.0,0.09090909090909091,0.12121212121212122,0.0,0.0,0.0,0.0,0.0,0.0,0.0,0.0
2023-09-06,びわこ,3,予選,1,3484,芝田浩治,51,兵庫,54,A1,6.45,44.55,7.45,60.0,71,33.33,47,32.56,雨,北東,3,3,6.91,1,逃げ,1,0.13,1.50.2,0.1544897959183673,0.1600369003690036,37,49,6,2,36,0,0,0,0,2,3,3,0.7551020408163265,0.12244897959183673,0.04081632653061224,0.7346938775510204,0.0,0.0,0.0,0.0,0.04081632653061224,0.061224489795918366,0.061224489795918366
2023-09-06,びわこ,3,予選,2,3947,寺本昇平,47,群馬,49,B1,5.12,34.62,5.11,22.22,72,25.97,25,34.12,雨,北東,3,3,6.91,4,逃げ,2,0.18,1.53.2,0.1737777777777777,0.175439330543933,4,45,9,9,0,31,3,0,0,0,0,0,0.08888888888888889,0.2,0.2,0.0,0.6888888888888889,0.06666666666666667,0.0,0.0,0.0,0.0,0.0
2023-09-06,びわこ,3,予選,3,4743,木村仁紀,30,滋賀,54,A1,5.98,41.46,6.16,39.04,21,40.22,58,21.13,雨,北東,3,3,6.88,2,逃げ,3,0.15,1.51.2,0.1255,0.1409876543209876,4,40,14,11,0,0,0,1,1,0,0,0,0.1,0.35,0.275,0.0,0.0,0.0,0.025,0.025,0.0,0.0,0.0
2023-09-06,びわこ,3,予選,4,3107,平岡重典,59,大阪,51,B1,4.14,17.72,5.05,20.0,28,19.7,45,39.77,雨,北東,3,3,6.9,5,逃げ,4,0.21,.  .,0.1965625,0.1858024691358024,0,32,3,6,0,0,0,0,0,0,0,0,0.0,0.09375,0.1875,0.0,0.0,0.0,0.0,0.0,0.0,0.0,0.0
2023-09-06,びわこ,3,予選,5,5277,井上未都,21,福岡,47,B2,2.01,1.47,1.67,0.0,40,31.65,33,20.0,雨,北東,3,3,6.9,6,逃げ,6,0.19,.  .,0.1769767441860465,0.1748412698412698,0,43,0,2,0,0,0,0,0,0,0,0,0.0,0.0,0.046511627906976744,0.0,0.0,0.0,0.0,0.0,0.0,0.0,0.0
2023-09-06,びわこ,3,予選,6,3654,武田光史,49,福井,53,A2,6.45,41.18,6.64,49.09,37,26.51,65,43.18,雨,北東,3,3,6.93,3,逃げ,5,0.33,1.51.9,0.1530232558139534,0.1662977099236641,6,43,4,13,0,0,0,5,1,0,0,0,0.13953488372093023,0.09302325581395349,0.3023255813953488,0.0,0.0,0.0,0.11627906976744186,0.023255813953488372,0.0,0.0,0.0
2023-09-06,びわこ,4,予選,1,3776,横井健太,48,愛知,56,B1,4.11,21.7,3.33,11.11,36,46.79,27,45.35,雨,北東,2,2,6.91,4,まくり差し,1,0.2,2.05.2,0.1846666666666666,0.1803508771929824,10,30,6,3,10,0,0,0,0,5,8,1,0.3333333333333333,0.2,0.1,0.3333333333333333,0.0,0.0,0.0,0.0,0.16666666666666666,0.26666666666666666,0.03333333333333333
2023-09-06,びわこ,4,予選,2,3569,増田　進,52,東京,54,B1,4.11,11.9,4.38,18.75,66,48.28,51,31.46,雨,北東,2,2,6.85,2,まくり差し,2,0.14,1.58.8,0.1882978723404255,0.1851464435146443,7,47,5,12,0,21,2,4,0,0,0,0,0.14893617021276595,0.10638297872340426,0.2553191489361702,0.0,0.44680851063829785,0.0425531914893617,0.0851063829787234,0.0,0.0,0.0,0.0
2023-09-06,びわこ,4,予選,3,4611,今井美亜,33,福井,49,A2,5.65,39.71,4.68,26.32,73,29.58,23,28.77,雨,北東,2,2,6.98,3,まくり差し,3,0.1,2.02.1,0.1385185185185185,0.1604761904761905,9,27,9,3,0,0,1,5,2,0,0,0,0.3333333333333333,0.3333333333333333,0.1111111111111111,0.0,0.0,0.037037037037037035,0.18518518518518517,0.07407407407407407,0.0,0.0,0.0
2023-09-06,びわこ,4,予選,4,4218,吉川喜継,42,滋賀,52,A1,6.35,46.81,6.27,43.51,48,22.81,15,33.73,雨,北東,2,2,6.98,5,まくり差し,4,0.14,.  .,0.1757777777777777,0.1683870967741935,2,45,16,6,0,0,2,0,0,0,0,0,0.044444444444444446,0.35555555555555557,0.13333333333333333,0.0,0.0,0.044444444444444446,0.0,0.0,0.0,0.0,0.0
2023-09-06,びわこ,4,予選,5,4109,谷津幸宏,43,埼玉,54,A2,6.07,42.15,5.37,41.46,59,36.9,68,37.8,雨,北東,2,2,6.91,1,まくり差し,5,0.11,1.56.7,0.1444680851063829,0.1357876712328767,7,47,9,10,0,0,3,3,0,0,0,0,0.14893617021276595,0.19148936170212766,0.2127659574468085,0.0,0.0,0.06382978723404255,0.06382978723404255,0.0,0.0,0.0,0.0
2023-09-06,びわこ,5,こんパタ予選,1,4389,伊藤喜智,37,大阪,52,B1,5.15,28.57,5.26,31.58,64,39.08,57,12.16,雨,北東,3,3,6.85,5,差し,1,0.2,.  .,0.1748,0.1778061224489796,14,25,3,1,14,0,0,0,0,3,6,2,0.56,0.12,0.04,0.56,0.0,0.0,0.0,0.0,0.12,0.24,0.08
2023-09-06,びわこ,5,こんパタ予選,2,3959,坪井康晴,45,静岡,53,A1,6.87,40.19,8.29,68.42,53,28.57,14,40.66,雨,北東,3,3,6.82,2,差し,3,0.09,1.51.7,0.14725,0.1453007518796992,8,40,12,7,0,19,6,2,0,0,0,0,0.2,0.3,0.175,0.0,0.475,0.15,0.05,0.0,0.0,0.0,0.0
2023-09-06,びわこ,5,こんパタ予選,3,3740,大澤普司,49,群馬,54,A2,5.71,35.37,5.55,30.0,46,24.71,59,40.66,雨,北東,3,3,6.89,1,差し,4,0.12,1.50.3,0.133,0.1581782945736434,7,40,10,10,0,0,0,4,2,0,0,0,0.175,0.25,0.25,0.0,0.0,0.0,0.1,0.05,0.0,0.0,0.0
2023-09-06,びわこ,5,こんパタ予選,4,3647,伊藤雄二,50,埼玉,49,B1,4.15,14.75,4.39,18.42,57,51.0,13,35.56,雨,北東,3,3,6.89,3,差し,5,0.17,1.53.8,0.1669230769230769,0.1774096385542168,1,26,6,3,0,0,0,0,0,0,0,0,0.038461538461538464,0.23076923076923078,0.11538461538461539,0.0,0.0,0.0,0.0,0.0,0.0,0.0,0.0
2023-09-06,びわこ,5,こんパタ予選,5,4813,宮内直哉,33,東京,53,B1,4.47,29.31,2.89,11.11,41,36.49,26,30.49,雨,北東,3,3,6.9,6,差し,6,0.21,.  .,0.2155555555555555,0.2001829268292682,1,27,4,4,0,0,0,0,1,0,0,0,0.037037037037037035,0.14814814814814814,0.14814814814814814,0.0,0.0,0.0,0.0,0.037037037037037035,0.0,0.0,0.0
2023-09-06,びわこ,5,こんパタ予選,6,3542,清水紀克,54,愛知,56,B1,3.36,14.67,4.04,21.43,20,40.0,53,27.85,雨,北東,3,3,6.92,4,差し,2,0.16,1.55.1,0.1961538461538461,0.1837264150943396,0,26,2,4,0,0,0,0,0,0,0,0,0.0,0.07692307692307693,0.15384615384615385,0.0,0.0,0.0,0.0,0.0,0.0,0.0,0.0
2023-09-06,びわこ,6,ゴゴイチびわ,1,3159,江口晃生,58,群馬,55,A1,7.32,61.62,8.0,72.73,29,32.5,40,27.16,雨,北,3,3,6.85,1,逃げ,1,0.12,1.51.0,0.1304545454545454,0.1469019607843137,43,66,12,4,42,0,0,0,0,8,4,9,0.6515151515151515,0.18181818181818182,0.06060606060606061,0.6363636363636364,0.0,0.0,0.0,0.0,0.12121212121212122,0.06060606060606061,0.13636363636363635
2023-09-06,びわこ,6,ゴゴイチびわ,2,4134,杉山貴博,43,東京,54,A2,6.07,45.53,5.0,31.11,45,39.81,67,24.39,雨,北,3,3,6.86,2,逃げ,2,0.11,1.52.1,0.1676190476190476,0.1679245283018867,4,42,14,10,0,16,2,2,0,0,0,0,0.09523809523809523,0.3333333333333333,0.23809523809523808,0.0,0.38095238095238093,0.047619047619047616,0.047619047619047616,0.0,0.0,0.0,0.0
2023-09-06,びわこ,6,ゴゴイチびわ,3,4268,和合俊介,37,福岡,60,B1,3.93,20.99,4.08,16.0,26,41.05,73,28.57,雨,北,3,3,6.85,4,逃げ,3,0.19,1.55.0,0.1442857142857142,0.1589204545454545,3,35,8,6,0,0,0,3,0,0,0,0,0.08571428571428572,0.22857142857142856,0.17142857142857143,0.0,0.0,0.0,0.08571428571428572,0.0,0.0,0.0,0.0
2023-09-06,びわこ,6,ゴゴイチびわ,4,5135,仲　航太,23,東京,54,B1,4.81,26.47,2.67,6.67,68,18.97,37,35.96,雨,北,3,3,6.9,3,逃げ,4,0.2,1.53.7,0.1594444444444444,0.1658415841584158,1,36,6,8,0,0,1,0,0,0,0,0,0.027777777777777776,0.16666666666666666,0.2222222222222222,0.0,0.0,0.027777777777777776,0.0,0.0,0.0,0.0,0.0
2023-09-06,びわこ,6,ゴゴイチびわ,5,4253,西川真人,40,滋賀,57,B1,4.8,28.0,4.68,25.0,34,32.61,48,31.76,雨,北,3,3,6.92,5,逃げ,5,0.23,.  .,0.1917073170731707,0.1789029535864978,0,41,0,4,0,0,0,0,0,0,0,0,0.0,0.0,0.0975609756097561,0.0,0.0,0.0,0.0,0.0,0.0,0.0,0.0
2023-09-06,びわこ,6,ゴゴイチびわ,6,5247,大森　翼,21,兵庫,50,B1,2.4,3.85,1.61,0.0,22,39.08,66,42.11,雨,北,3,3,6.81,6,逃げ,6,0.27,.  .,0.1780722891566265,0.1807909604519774,0,83,0,5,0,0,0,0,0,0,0,0,0.0,0.0,0.060240963855421686,0.0,0.0,0.0,0.0,0.0,0.0,0.0,0.0
2023-09-06,びわこ,7,予選,1,3999,大瀧明日,44,愛知,46,A1,6.29,44.62,6.46,43.48,60,35.8,34,25.71,雨,北東,1,1,6.9,3,抜き,1,0.07,1.53.0,0.1556666666666666,0.1673356401384083,34,60,11,8,32,0,0,0,0,5,12,6,0.5666666666666667,0.18333333333333332,0.13333333333333333,0.5333333333333333,0.0,0.0,0.0,0.0,0.08333333333333333,0.2,0.1
2023-09-06,びわこ,7,予選,2,4714,喜多須杏,32,徳島,49,B1,4.71,26.15,4.9,30.0,67,37.78,31,22.22,雨,北東,1,1,6.95,2,抜き,2,0.11,1.52.2,0.1627272727272727,0.1867948717948718,4,22,6,5,0,16,2,1,0,0,0,0,0.18181818181818182,0.2727272727272727,0.22727272727272727,0.0,0.7272727272727273,0.09090909090909091,0.045454545454545456,0.0,0.0,0.0,0.0
2023-09-06,びわこ,7,予選,3,5204,宇恵有香,26,三重,45,B1,3.04,10.59,1.96,0.0,55,34.41,29,32.97,雨,北東,1,1,6.96,4,抜き,3,0.14,1.53.5,0.1683333333333333,0.20734375,1,6,1,1,0,0,0,0,0,0,0,0,0.16666666666666666,0.16666666666666666,0.16666666666666666,0.0,0.0,0.0,0.0,0.0,0.0,0.0,0.0
2023-09-06,びわこ,7,予選,4,4941,孫崎百世,34,滋賀,45,B1,4.47,22.99,4.41,19.67,24,31.71,43,31.03,雨,北東,1,1,6.92,5,抜き,4,0.14,.  .,0.1834285714285714,0.1932460732984293,0,35,7,8,0,0,0,0,0,0,0,0,0.0,0.2,0.22857142857142856,0.0,0.0,0.0,0.0,0.0,0.0,0.0,0.0
2023-09-06,びわこ,7,予選,5,3900,香川素子,46,滋賀,47,A2,5.86,37.5,5.92,38.82,35,36.05,54,19.44,雨,北東,1,1,6.94,1,抜き,5,0.0,1.50.7,0.1551282051282051,0.1726339285714286,2,39,7,9,0,0,0,0,2,0,0,0,0.05128205128205128,0.1794871794871795,0.23076923076923078,0.0,0.0,0.0,0.0,0.05128205128205128,0.0,0.0,0.0
2023-09-06,びわこ,8,予選,1,4060,島田一生,44,福岡,55,B1,4.88,32.5,4.11,11.11,65,30.3,17,35.23,雨,北東,1,2,6.74,2,差し,1,0.08,1.51.9,0.1315,0.1632934131736527,10,20,5,1,9,0,0,0,0,6,3,1,0.5,0.25,0.05,0.45,0.0,0.0,0.0,0.0,0.3,0.15,0.05
2023-09-06,びわこ,8,予選,2,3257,田頭　実,56,福岡,50,A2,7.24,64.84,4.0,8.33,32,34.48,56,31.58,雨,北東,1,2,6.8,1,差し,2,0.07,1.50.1,0.1158974358974359,0.1267757009345794,8,39,15,1,0,15,4,4,0,0,0,0,0.20512820512820512,0.38461538461538464,0.02564102564102564,0.0,0.38461538461538464,0.10256410256410256,0.10256410256410256,0.0,0.0,0.0,0.0
2023-09-06,びわこ,8,予選,3,3620,信濃由行,49,福井,53,B1,4.2,24.44,4.17,20.99,30,40.4,50,32.14,雨,北東,1,2,6.83,3,差し,3,0.12,1.54.4,0.1683333333333333,0.1755238095238095,1,42,9,7,0,0,0,1,0,0,0,0,0.023809523809523808,0.21428571428571427,0.16666666666666666,0.0,0.0,0.0,0.023809523809523808,0.0,0.0,0.0,0.0
2023-09-06,びわこ,8,予選,4,4460,後藤翔之,37,東京,54,A2,6.48,46.34,6.57,47.62,38,28.0,11,28.95,雨,北東,1,2,6.8,5,差し,4,0.11,.  .,0.1317777777777777,0.1333699633699633,12,45,5,9,0,0,3,6,2,0,0,0,0.26666666666666666,0.1111111111111111,0.2,0.0,0.0,0.06666666666666667,0.13333333333333333,0.044444444444444446,0.0,0.0,0.0
2023-09-06,びわこ,8,予選,5,3569,増田　進,52,東京,54,B1,4.11,11.9,4.38,18.75,66,48.28,51,31.46,雨,北東,1,2,6.85,4,差し,5,0.15,1.55.5,0.199047619047619,0.1851464435146443,0,42,5,3,0,0,0,0,0,0,0,0,0.0,0.11904761904761904,0.07142857142857142,0.0,0.0,0.0,0.0,0.0,0.0,0.0,0.0
2023-09-06,びわこ,8,予選,6,4467,渡邉俊介,36,愛知,51,A2,5.62,36.19,5.88,42.42,39,32.1,62,39.76,雨,北東,1,2,6.87,6,差し,6,0.13,.  .,0.17,0.1419123505976095,2,38,5,8,0,0,0,1,1,0,0,0,0.05263157894736842,0.13157894736842105,0.21052631578947367,0.0,0.0,0.0,0.02631578947368421,0.02631578947368421,0.0,0.0,0.0
2023-09-06,びわこ,9,予選特賞,1,4218,吉川喜継,42,滋賀,52,A1,6.35,46.81,6.27,43.51,48,22.81,71,34.07,曇り,北,2,2,6.79,1,逃げ,1,0.14,1.50.7,0.1564516129032258,0.1683870967741935,39,62,14,7,38,0,0,0,0,8,6,7,0.6290322580645161,0.22580645161290322,0.11290322580645161,0.6129032258064516,0.0,0.0,0.0,0.0,0.12903225806451613,0.0967741935483871,0.11290322580645161
2023-09-06,びわこ,9,予選特賞,2,4139,丹下　健,42,愛知,54,B1,4.98,28.71,4.33,22.22,14,37.08,28,36.14,曇り,北,2,2,6.81,4,逃げ,3,0.18,1.54.7,0.1928846153846153,0.1631007751937984,5,52,7,10,0,29,5,0,0,0,0,0,0.09615384615384616,0.1346153846153846,0.19230769230769232,0.0,0.5576923076923077,0.09615384615384616,0.0,0.0,0.0,0.0,0.0
2023-09-06,びわこ,9,予選特賞,3,3542,清水紀克,54,愛知,56,B1,3.36,14.67,4.04,21.43,20,40.0,53,27.85,曇り,北,2,2,6.83,6,逃げ,2,0.14,.  .,0.1844444444444444,0.1837264150943396,0,36,7,2,0,0,0,0,0,0,0,0,0.0,0.19444444444444445,0.05555555555555555,0.0,0.0,0.0,0.0,0.0,0.0,0.0,0.0
2023-09-06,びわこ,9,予選特賞,4,3880,浅見宗孝,50,埼玉,55,B1,4.9,25.44,5.8,46.0,23,33.71,21,24.29,曇り,北,2,2,6.89,2,逃げ,4,0.21,1.52.3,0.1655813953488372,0.169763779527559,3,43,8,7,0,0,1,1,1,0,0,0,0.06976744186046512,0.18604651162790697,0.16279069767441862,0.0,0.0,0.023255813953488372,0.023255813953488372,0.023255813953488372,0.0,0.0,0.0
2023-09-06,びわこ,9,予選特賞,5,3484,芝田浩治,51,兵庫,54,A1,6.45,44.55,7.45,60.0,71,33.33,47,32.56,曇り,北,2,2,6.91,5,逃げ,5,0.17,.  .,0.16,0.1600369003690036,0,42,9,11,0,0,0,0,0,0,0,0,0.0,0.21428571428571427,0.2619047619047619,0.0,0.0,0.0,0.0,0.0,0.0,0.0,0.0
2023-09-06,びわこ,9,予選特賞,6,4436,渋谷明憲,37,大阪,51,A2,5.98,40.0,6.66,61.7,70,38.27,39,29.27,曇り,北,2,2,6.94,3,逃げ,6,0.19,1.53.0,0.1641860465116279,0.1483524904214559,1,43,4,10,0,0,0,0,1,0,0,0,0.023255813953488372,0.09302325581395349,0.23255813953488372,0.0,0.0,0.0,0.0,0.023255813953488372,0.0,0.0,0.0
2023-09-06,びわこ,10,予選特賞,1,4099,吉永則雄,44,大阪,52,A2,6.61,46.9,6.46,47.37,69,27.27,18,29.63,曇り,北東,2,2,6.81,5,差し,1,0.11,.  .,0.1676,0.1610655737704918,35,50,5,3,34,0,0,0,0,3,6,3,0.7,0.1,0.06,0.68,0.0,0.0,0.0,0.0,0.06,0.12,0.06
2023-09-06,びわこ,10,予選特賞,2,3294,野中義生,58,静岡,53,B1,4.15,21.84,3.89,19.44,43,33.01,49,39.76,曇り,北東,2,2,6.86,2,差し,2,0.1,1.51.4,0.1635714285714285,0.14375,4,28,5,2,0,12,3,1,0,0,0,0,0.14285714285714285,0.17857142857142858,0.07142857142857142,0.0,0.42857142857142855,0.10714285714285714,0.03571428571428571,0.0,0.0,0.0,0.0
2023-09-06,びわこ,10,予選特賞,3,4134,杉山貴博,43,東京,54,A2,6.07,45.53,5.0,31.11,45,39.81,67,24.39,曇り,北東,2,2,6.88,1,差し,3,0.09,1.50.4,0.1591111111111111,0.1679245283018867,9,45,11,10,0,0,1,3,4,0,0,0,0.2,0.24444444444444444,0.2222222222222222,0.0,0.0,0.022222222222222223,0.06666666666666667,0.08888888888888889,0.0,0.0,0.0
2023-09-06,びわこ,10,予選特賞,4,3959,坪井康晴,45,静岡,53,A1,6.87,40.19,8.29,68.42,53,28.57,14,40.66,曇り,北東,2,2,6.83,4,差し,4,0.11,1.53.5,0.1260526315789473,0.1453007518796992,7,38,9,8,0,0,3,3,0,0,0,0,0.18421052631578946,0.23684210526315788,0.21052631578947367,0.0,0.0,0.07894736842105263,0.07894736842105263,0.0,0.0,0.0,0.0
2023-09-06,びわこ,10,予選特賞,5,3776,横井健太,48,愛知,56,B1,4.11,21.7,3.33,11.11,36,46.79,27,45.35,曇り,北東,2,2,6.96,6,差し,5,0.18,.  .,0.1820454545454545,0.1803508771929824,2,44,1,10,0,0,0,0,1,0,0,0,0.045454545454545456,0.022727272727272728,0.22727272727272727,0.0,0.0,0.0,0.0,0.022727272727272728,0.0,0.0,0.0
2023-09-06,びわこ,10,予選特賞,6,5126,山下大輝,27,兵庫,50,B1,4.53,21.43,2.63,0.0,51,31.08,44,40.43,曇り,北東,2,2,6.86,3,差し,6,0.11,1.52.9,0.1703333333333333,0.162286995515695,0,30,0,3,0,0,0,0,0,0,0,0,0.0,0.0,0.1,0.0,0.0,0.0,0.0,0.0,0.0,0.0,0.0
2023-09-06,びわこ,11,予選特選,1,4109,谷津幸宏,43,埼玉,54,A2,6.07,42.15,5.37,41.46,59,36.9,68,37.8,曇り,北東,1,1,6.74,1,逃げ,1,0.08,1.49.6,0.1167924528301886,0.1357876712328767,35,53,8,6,31,0,0,0,0,4,8,6,0.660377358490566,0.1509433962264151,0.11320754716981132,0.5849056603773585,0.0,0.0,0.0,0.0,0.07547169811320754,0.1509433962264151,0.11320754716981132
2023-09-06,びわこ,11,予選特選,2,3654,武田光史,49,福井,53,A2,6.45,41.18,6.64,49.09,37,26.51,65,43.18,曇り,北東,1,1,6.91,3,逃げ,2,0.16,1.52.8,0.1863829787234042,0.1662977099236641,6,47,13,9,0,23,4,2,0,0,0,0,0.1276595744680851,0.2765957446808511,0.19148936170212766,0.0,0.48936170212765956,0.0851063829787234,0.0425531914893617,0.0,0.0,0.0,0.0
2023-09-06,びわこ,11,予選特選,3,3999,大瀧明日,44,愛知,46,A1,6.29,44.62,6.46,43.48,60,35.8,34,25.71,曇り,北東,1,1,6.84,2,逃げ,3,0.16,1.51.3,0.1640425531914893,0.1673356401384083,11,47,18,9,0,0,3,6,2,0,0,0,0.23404255319148937,0.3829787234042553,0.19148936170212766,0.0,0.0,0.06382978723404255,0.1276595744680851,0.0425531914893617,0.0,0.0,0.0
2023-09-06,びわこ,11,予選特選,4,4389,伊藤喜智,37,大阪,52,B1,5.15,28.57,5.26,31.58,64,39.08,57,12.16,曇り,北東,1,1,6.85,5,逃げ,4,0.17,.  .,0.1896551724137931,0.1778061224489796,2,29,6,8,0,0,1,0,1,0,0,0,0.06896551724137931,0.20689655172413793,0.27586206896551724,0.0,0.0,0.034482758620689655,0.0,0.034482758620689655,0.0,0.0,0.0
2023-09-06,びわこ,11,予選特選,5,4469,土山卓也,36,福井,55,A2,5.54,33.67,0.0,0.0,11,36.17,63,44.44,曇り,北東,1,1,6.83,6,逃げ,5,0.25,.  .,0.1536111111111111,0.1651867219917012,4,36,4,4,0,0,0,3,0,0,0,0,0.1111111111111111,0.1111111111111111,0.1111111111111111,0.0,0.0,0.0,0.08333333333333333,0.0,0.0,0.0,0.0
2023-09-06,びわこ,11,予選特選,6,5135,仲　航太,23,東京,54,B1,4.81,26.47,2.67,6.67,68,18.97,37,35.96,曇り,北東,1,1,6.95,4,逃げ,6,0.25,1.53.4,0.1832142857142857,0.1658415841584158,1,28,1,5,0,0,0,0,1,0,0,0,0.03571428571428571,0.03571428571428571,0.17857142857142858,0.0,0.0,0.0,0.0,0.03571428571428571,0.0,0.0,0.0
2023-09-06,びわこ,12,予選特選,1,4743,木村仁紀,30,滋賀,54,A1,5.98,41.46,6.16,39.04,21,40.22,58,21.13,曇り,無風,0,1,6.84,1,逃げ,1,0.15,1.49.5,0.1336734693877551,0.1409876543209876,38,49,6,3,37,0,0,0,0,4,3,3,0.7755102040816326,0.12244897959183673,0.061224489795918366,0.7551020408163265,0.0,0.0,0.0,0.0,0.08163265306122448,0.061224489795918366,0.061224489795918366
2023-09-06,びわこ,12,予選特選,2,3159,江口晃生,58,群馬,55,A1,7.32,61.62,8.0,72.73,29,32.5,40,27.16,曇り,無風,0,1,6.86,2,逃げ,2,0.1,1.50.8,0.1489361702127659,0.1469019607843137,8,47,12,10,1,16,4,3,0,0,0,0,0.1702127659574468,0.2553191489361702,0.2127659574468085,0.02127659574468085,0.3404255319148936,0.0851063829787234,0.06382978723404255,0.0,0.0,0.0,0.0
2023-09-06,びわこ,12,予選特選,3,4460,後藤翔之,37,東京,54,A2,6.48,46.34,6.57,47.62,38,28.0,11,28.95,曇り,無風,0,1,6.85,4,逃げ,3,0.14,1.54.5,0.1399999999999999,0.1333699633699633,12,51,8,8,1,0,2,3,4,0,0,0,0.23529411764705882,0.1568627450980392,0.1568627450980392,0.0196078431372549,0.0,0.0392156862745098,0.058823529411764705,0.0784313725490196,0.0,0.0,0.0
2023-09-06,びわこ,12,予選特選,4,4382,高山智至,38,滋賀,55,B1,4.21,17.35,4.45,20.24,50,32.14,52,31.82,曇り,無風,0,1,6.89,3,逃げ,4,0.14,1.53.0,0.1497058823529411,0.1593073593073593,0,34,3,2,0,0,0,0,0,0,0,0,0.0,0.08823529411764706,0.058823529411764705,0.0,0.0,0.0,0.0,0.0,0.0,0.0,0.0
2023-09-06,びわこ,12,予選特選,5,4611,今井美亜,33,福井,49,A2,5.65,39.71,4.68,26.32,73,29.58,23,28.77,曇り,無風,0,1,6.91,6,逃げ,5,0.16,.  .,0.1856,0.1604761904761905,0,25,3,5,0,0,0,0,0,0,0,0,0.0,0.12,0.2,0.0,0.0,0.0,0.0,0.0,0.0,0.0,0.0
2023-09-06,びわこ,12,予選特選,6,3647,伊藤雄二,50,埼玉,49,B1,4.15,14.75,4.39,18.42,57,51.0,13,35.56,曇り,無風,0,1,6.85,5,逃げ,6,0.15,.  .,0.211,0.1774096385542168,0,30,0,6,0,0,0,0,0,0,0,0,0.0,0.0,0.2,0.0,0.0,0.0,0.0,0.0,0.0,0.0,0.0
2023-09-06,浜名湖,1,予選,1,4327,加藤　翔,40,静岡,52,B1,4.11,19.63,4.49,25.24,57,24.36,34,37.82,曇り,南,1,0,6.7,1,逃げ,1,0.21,1.51.8,0.1640625,0.1913861386138614,9,32,10,4,7,0,0,0,0,9,7,5,0.28125,0.3125,0.125,0.21875,0.0,0.0,0.0,0.0,0.28125,0.21875,0.15625
2023-09-06,浜名湖,1,予選,2,5020,宮村勇哉,31,三重,54,B1,3.56,20.0,3.98,14.63,19,40.0,63,31.69,曇り,南,1,0,6.68,2,逃げ,4,0.24,1.53.5,0.181578947368421,0.1816037735849056,1,19,4,4,0,11,1,0,0,0,0,0,0.05263157894736842,0.21052631578947367,0.21052631578947367,0.0,0.5789473684210527,0.05263157894736842,0.0,0.0,0.0,0.0,0.0
2023-09-06,浜名湖,1,予選,3,3973,崎　利仁,47,群馬,54,B1,4.35,21.93,4.28,21.88,49,40.0,27,33.89,曇り,南,1,0,6.76,4,逃げ,2,0.23,1.55.8,0.1957446808510638,0.190748031496063,1,47,7,6,0,0,0,1,0,0,0,0,0.02127659574468085,0.14893617021276595,0.1276595744680851,0.0,0.0,0.0,0.02127659574468085,0.0,0.0,0.0,0.0
2023-09-06,浜名湖,1,予選,4,4439,近藤友宝,37,埼玉,53,B1,4.29,21.78,4.84,24.0,64,27.72,75,31.31,曇り,南,1,0,6.7,5,逃げ,5,0.24,.  .,0.206,0.1777325581395349,0,30,2,4,0,0,0,0,0,0,0,0,0.0,0.06666666666666667,0.13333333333333333,0.0,0.0,0.0,0.0,0.0,0.0,0.0,0.0
2023-09-06,浜名湖,1,予選,5,4151,下河誉史,41,福岡,54,B1,5.03,31.25,4.67,29.17,60,39.22,53,33.04,曇り,南,1,0,6.72,3,逃げ,3,0.27,1.54.3,0.1834210526315789,0.2012053571428571,3,38,7,3,1,0,0,0,0,0,0,0,0.07894736842105263,0.18421052631578946,0.07894736842105263,0.02631578947368421,0.0,0.0,0.0,0.0,0.0,0.0,0.0
2023-09-06,浜名湖,1,予選,6,5285,若林　麗,24,東京,50,B2,1.1,0.0,0.0,0.0,4,38.94,40,36.33,曇り,南,1,0,6.71,6,逃げ,6,0.27,.  .,0.2363888888888888,0.2332,0,36,0,0,0,0,0,0,0,0,0,0,0.0,0.0,0.0,0.0,0.0,0.0,0.0,0.0,0.0,0.0,0.0
2023-09-06,浜名湖,2,予選,3,3912,川原正明,49,福井,50,B1,5.01,33.82,5.72,35.9,55,25.32,46,30.67,曇り,無風,0,0,6.74,2,恵まれ,3,0.1,1.53.6,0.1478378378378378,0.1466666666666666,9,37,4,3,0,0,2,6,1,0,0,0,0.24324324324324326,0.10810810810810811,0.08108108108108109,0.0,0.0,0.05405405405405406,0.16216216216216217,0.02702702702702703,0.0,0.0,0.0
2023-09-06,浜名湖,2,予選,4,5105,富田恕生,24,福岡,53,B1,4.74,28.26,4.47,17.65,43,20.0,58,37.89,曇り,無風,0,0,6.8,3,恵まれ,4,0.1,1.54.0,0.191578947368421,0.1853225806451612,3,38,6,4,0,0,2,0,0,0,0,0,0.07894736842105263,0.15789473684210525,0.10526315789473684,0.0,0.0,0.05263157894736842,0.0,0.0,0.0,0.0,0.0
2023-09-06,浜名湖,2,予選,5,3517,高橋　勲,55,東京,58,B1,4.93,32.53,5.65,39.13,46,27.47,62,35.54,曇り,無風,0,0,6.79,4,恵まれ,6,0.13,1.57.3,0.1462962962962963,0.1544604316546762,3,27,2,4,0,0,2,0,0,0,0,0,0.1111111111111111,0.07407407407407407,0.14814814814814814,0.0,0.0,0.07407407407407407,0.0,0.0,0.0,0.0,0.0
2023-09-06,浜名湖,2,予選,6,4461,安田吉宏,37,三重,55,B1,4.05,20.48,4.4,23.33,18,39.62,23,37.64,曇り,無風,0,0,6.74,1,恵まれ,5,0.1,1.52.0,0.1857692307692307,0.1706134969325153,0,26,2,2,0,0,0,0,0,0,0,0,0.0,0.07692307692307693,0.07692307692307693,0.0,0.0,0.0,0.0,0.0,0.0,0.0,0.0
2023-09-06,浜名湖,3,予選,1,4143,浦田晃嗣,42,佐賀,57,B1,4.61,24.55,4.43,14.29,52,47.73,70,35.8,曇り,東,3,1,6.8,6,まくり,1,0.19,.  .,0.13375,0.1514666666666666,14,32,6,5,14,0,0,0,0,6,6,4,0.4375,0.1875,0.15625,0.4375,0.0,0.0,0.0,0.0,0.1875,0.1875,0.125
2023-09-06,浜名湖,3,予選,2,3928,林　恵祐,47,福岡,60,B1,4.66,27.87,0.0,0.0,27,26.17,76,31.93,曇り,東,3,1,6.8,4,まくり,2,0.2,1.55.9,0.1756862745098039,0.1679467680608365,7,51,12,10,0,30,4,2,0,0,0,0,0.13725490196078433,0.23529411764705882,0.19607843137254902,0.0,0.5882352941176471,0.0784313725490196,0.0392156862745098,0.0,0.0,0.0,0.0
2023-09-06,浜名湖,3,予選,3,3577,向所浩二,50,兵庫,57,B1,4.77,28.85,5.91,39.13,62,45.13,44,42.36,曇り,東,3,1,6.76,1,まくり,3,0.11,1.51.3,0.1564102564102564,0.1628712871287128,2,39,9,8,0,0,0,1,0,0,0,0,0.05128205128205128,0.23076923076923078,0.20512820512820512,0.0,0.0,0.0,0.02564102564102564,0.0,0.0,0.0,0.0
2023-09-06,浜名湖,3,予選,4,5255,藤原仙二,19,滋賀,53,B1,3.58,9.76,2.75,0.0,7,25.97,49,34.45,曇り,東,3,1,6.81,2,まくり,4,0.23,1.53.0,0.1811428571428571,0.1879670329670329,1,35,3,11,0,0,1,0,0,0,0,0,0.02857142857142857,0.08571428571428572,0.3142857142857143,0.0,0.0,0.02857142857142857,0.0,0.0,0.0,0.0,0.0
2023-09-06,浜名湖,3,予選,5,5114,小林孝彰,23,福井,52,B1,4.18,21.62,3.03,13.89,6,28.83,13,35.74,曇り,東,3,1,6.8,5,まくり,5,0.25,.  .,0.1558536585365853,0.1529059829059829,1,41,6,4,0,0,0,0,1,0,0,0,0.024390243902439025,0.14634146341463414,0.0975609756097561,0.0,0.0,0.0,0.0,0.024390243902439025,0.0,0.0,0.0
2023-09-06,浜名湖,3,予選,6,4839,四宮与寛,33,徳島,53,B1,5.28,30.56,0.0,0.0,44,21.13,47,35.44,曇り,東,3,1,6.81,3,まくり,6,0.21,1.55.3,0.16,0.1526086956521739,1,31,3,5,0,0,0,0,1,0,0,0,0.03225806451612903,0.0967741935483871,0.16129032258064516,0.0,0.0,0.0,0.0,0.03225806451612903,0.0,0.0,0.0
2023-09-06,浜名湖,4,予選,1,3550,都築正治,52,愛知,53,B1,5.41,40.52,5.96,44.44,56,22.67,67,33.47,雨,東,2,1,6.83,1,逃げ,1,0.06,1.51.4,0.174,0.1679565217391304,22,40,6,1,22,0,0,0,0,4,4,9,0.55,0.15,0.025,0.55,0.0,0.0,0.0,0.0,0.1,0.1,0.225
2023-09-06,浜名湖,4,予選,2,4780,マイケ田,37,東京,52,B1,3.67,19.19,6.22,44.44,41,23.96,36,35.12,雨,東,2,1,6.81,2,逃げ,2,0.13,1.52.6,0.1919354838709677,0.1929813664596273,3,31,5,5,0,13,3,0,0,0,0,0,0.0967741935483871,0.16129032258064516,0.16129032258064516,0.0,0.41935483870967744,0.0967741935483871,0.0,0.0,0.0,0.0,0.0
2023-09-06,浜名湖,4,予選,3,4902,山川雄大,30,兵庫,52,B1,4.55,27.27,4.44,33.33,26,33.96,66,38.27,雨,東,2,1,6.78,3,逃げ,3,0.15,1.53.8,0.1655813953488372,0.1770175438596491,3,43,9,5,0,0,1,1,1,0,0,0,0.06976744186046512,0.20930232558139536,0.11627906976744186,0.0,0.0,0.023255813953488372,0.023255813953488372,0.023255813953488372,0.0,0.0,0.0
2023-09-06,浜名湖,4,予選,4,4761,山田晃大,33,滋賀,53,B1,5.3,33.33,6.43,47.62,1,29.73,68,33.48,雨,東,2,1,6.77,5,逃げ,4,0.38,.  .,0.152051282051282,0.1591489361702127,2,39,5,8,0,0,0,2,0,0,0,0,0.05128205128205128,0.1282051282051282,0.20512820512820512,0.0,0.0,0.0,0.05128205128205128,0.0,0.0,0.0,0.0
2023-09-06,浜名湖,4,予選,5,3432,宮迫暢彦,55,大阪,54,B1,5.11,34.02,5.19,34.62,66,22.58,38,30.3,雨,東,2,1,6.81,6,逃げ,5,0.21,.  .,0.1864444444444444,0.1673745173745174,2,45,4,4,0,0,1,1,0,0,0,0,0.044444444444444446,0.08888888888888889,0.08888888888888889,0.0,0.0,0.022222222222222223,0.022222222222222223,0.0,0.0,0.0,0.0
2023-09-06,浜名湖,4,予選,6,4708,半田尚也,34,広島,53,B1,4.63,21.59,4.88,23.53,58,33.98,59,37.24,雨,東,2,1,6.91,4,逃げ,6,0.31,1.54.1,0.2295833333333333,0.1947457627118644,0,24,0,2,0,0,0,0,0,0,0,0,0.0,0.0,0.08333333333333333,0.0,0.0,0.0,0.0,0.0,0.0,0.0,0.0
2023-09-06,浜名湖,5,予選,1,5220,青木　蓮,22,埼玉,51,B1,4.55,23.68,1.94,0.0,61,26.47,12,34.32,曇り,東,2,1,6.76,1,逃げ,1,0.05,1.51.9,0.216,0.1887790697674418,2,10,2,3,2,0,0,0,0,1,4,2,0.2,0.2,0.3,0.2,0.0,0.0,0.0,0.0,0.1,0.4,0.2
2023-09-06,浜名湖,5,予選,2,4816,村松修二,32,広島,56,B1,5.1,34.48,6.58,52.63,53,23.08,37,35.56,曇り,東,2,1,6.8,2,逃げ,2,0.08,1.53.4,0.1603333333333333,0.1612359550561797,6,30,7,5,0,13,2,4,0,0,0,0,0.2,0.23333333333333334,0.16666666666666666,0.0,0.43333333333333335,0.06666666666666667,0.13333333333333333,0.0,0.0,0.0,0.0
2023-09-06,浜名湖,5,予選,3,4695,尾崎雄二,37,長崎,53,B1,4.63,33.33,0.0,0.0,30,32.97,61,35.78,曇り,東,2,1,6.8,4,逃げ,3,0.11,1.56.9,0.1675862068965517,0.1733125,5,29,8,4,0,0,0,1,3,0,0,0,0.1724137931034483,0.27586206896551724,0.13793103448275862,0.0,0.0,0.0,0.034482758620689655,0.10344827586206896,0.0,0.0,0.0
2023-09-06,浜名湖,5,予選,4,4263,武重雄介,39,山口,55,B1,5.72,41.41,6.43,57.14,37,24.71,24,30.58,曇り,東,2,1,6.88,3,逃げ,5,0.14,1.55.1,0.1906060606060606,0.1950980392156862,1,33,7,9,0,0,0,1,0,0,0,0,0.030303030303030304,0.21212121212121213,0.2727272727272727,0.0,0.0,0.0,0.030303030303030304,0.0,0.0,0.0,0.0
2023-09-06,浜名湖,5,予選,5,5266,石田勇斗,23,愛知,54,B2,1.39,0.0,1.0,0.0,15,31.68,29,39.44,曇り,東,2,1,6.83,6,逃げ,6,0.09,.  .,0.1988235294117647,0.1972222222222222,0,34,0,1,0,0,0,0,0,0,0,0,0.0,0.0,0.029411764705882353,0.0,0.0,0.0,0.0,0.0,0.0,0.0,0.0
2023-09-06,浜名湖,5,予選,6,3227,長岡茂一,58,東京,53,B1,5.03,39.71,4.26,21.05,31,24.21,64,36.61,曇り,東,2,1,6.77,5,逃げ,4,0.14,.  .,0.184375,0.1674698795180723,0,32,6,1,0,0,0,0,0,0,0,0,0.0,0.1875,0.03125,0.0,0.0,0.0,0.0,0.0,0.0,0.0,0.0
2023-09-06,浜名湖,6,予選,1,4894,原村拓也,32,香川,53,B1,4.38,21.35,6.0,54.55,63,40.19,16,32.48,曇り,東,2,1,6.83,1,逃げ,1,0.13,1.51.6,0.153125,0.1678059071729958,13,32,9,3,12,0,0,0,0,11,2,4,0.40625,0.28125,0.09375,0.375,0.0,0.0,0.0,0.0,0.34375,0.0625,0.125
2023-09-06,浜名湖,6,予選,2,4729,佐藤謙史,34,福岡,54,B1,4.21,16.3,0.0,0.0,48,24.42,20,39.17,曇り,東,2,1,6.77,3,逃げ,2,0.19,1.54.1,0.1896296296296296,0.1719774011299435,1,27,6,5,0,15,0,1,0,0,0,0,0.037037037037037035,0.2222222222222222,0.18518518518518517,0.0,0.5555555555555556,0.0,0.037037037037037035,0.0,0.0,0.0,0.0
2023-09-06,浜名湖,6,予選,3,5027,重冨勇哉,26,山口,55,B1,4.95,28.92,0.0,0.0,33,37.96,33,34.45,曇り,東,2,1,6.81,4,逃げ,4,0.12,1.56.9,0.1251219512195122,0.1428571428571428,6,41,3,9,0,0,0,4,1,0,0,0,0.14634146341463414,0.07317073170731707,0.21951219512195122,0.0,0.0,0.0,0.0975609756097561,0.024390243902439025,0.0,0.0,0.0
2023-09-06,浜名湖,6,予選,4,4390,松本弓雄,37,徳島,53,B1,4.16,19.57,0.0,0.0,50,32.43,28,32.35,曇り,東,2,1,6.84,6,逃げ,5,0.14,.  .,0.1514814814814814,0.180503144654088,0,27,1,6,0,0,0,0,0,0,0,0,0.0,0.037037037037037035,0.2222222222222222,0.0,0.0,0.0,0.0,0.0,0.0,0.0,0.0
2023-09-06,浜名湖,6,予選,5,5285,若林　麗,24,東京,50,B2,1.1,0.0,0.0,0.0,4,38.94,40,36.33,曇り,東,2,1,6.76,5,逃げ,6,0.13,.  .,0.225,0.2332,0,14,0,0,0,0,0,0,0,0,0,0,0.0,0.0,0.0,0.0,0.0,0.0,0.0,0.0,0.0,0.0,0.0
2023-09-06,浜名湖,6,予選,6,3558,山本浩次,50,岡山,54,B1,5.4,36.96,5.43,35.71,13,30.86,18,35.74,曇り,東,2,1,6.79,2,逃げ,3,0.21,1.52.8,0.1748484848484848,0.1604419889502762,3,33,5,8,0,0,1,1,1,0,0,0,0.09090909090909091,0.15151515151515152,0.24242424242424243,0.0,0.0,0.030303030303030304,0.030303030303030304,0.030303030303030304,0.0,0.0,0.0
2023-09-06,浜名湖,7,予選,1,4440,萩原知哉,37,東京,52,B1,3.97,15.05,3.81,15.63,22,39.02,71,36.32,雨,東,1,0,6.73,3,差し,1,0.24,2.00.6,0.1571428571428571,0.1910937499999999,6,28,8,6,6,0,0,0,0,8,11,1,0.21428571428571427,0.2857142857142857,0.21428571428571427,0.21428571428571427,0.0,0.0,0.0,0.0,0.2857142857142857,0.39285714285714285,0.03571428571428571
2023-09-06,浜名湖,7,予選,3,4839,四宮与寛,33,徳島,53,B1,5.28,30.56,0.0,0.0,44,21.13,47,35.44,雨,東,1,0,6.85,1,差し,3,0.11,1.54.9,0.14875,0.1526086956521739,1,32,7,6,0,0,0,1,0,0,0,0,0.03125,0.21875,0.1875,0.0,0.0,0.0,0.03125,0.0,0.0,0.0,0.0
2023-09-06,浜名湖,7,予選,5,4979,中野夢斗,27,愛知,53,B1,4.15,24.51,4.15,22.5,51,25.37,74,34.02,雨,東,1,0,6.84,2,差し,4,0.11,1.57.6,0.1606060606060606,0.1662380952380952,2,33,1,6,0,0,0,0,2,0,0,0,0.06060606060606061,0.030303030303030304,0.18181818181818182,0.0,0.0,0.0,0.0,0.06060606060606061,0.0,0.0,0.0
2023-09-06,浜名湖,7,予選,6,4896,花本　剛,31,山口,57,B1,4.0,20.83,0.0,0.0,32,32.67,52,37.29,雨,東,1,0,6.86,4,差し,5,0.44,2.03.5,0.2174074074074074,0.1816666666666666,0,27,0,4,0,0,0,0,0,0,0,0,0.0,0.0,0.14814814814814814,0.0,0.0,0.0,0.0,0.0,0.0,0.0,0.0
2023-09-06,浜名湖,8,予選,1,5105,富田恕生,24,福岡,53,B1,4.74,28.26,4.47,17.65,43,20.0,58,37.89,雨,東,1,0,6.79,2,まくり,1,0.31,1.53.3,0.2024,0.1853225806451612,12,25,2,2,12,0,0,0,0,2,8,3,0.48,0.08,0.08,0.48,0.0,0.0,0.0,0.0,0.08,0.32,0.12
2023-09-06,浜名湖,8,予選,2,4782,浜崎準也,36,岡山,52,B1,5.69,42.86,4.1,20.0,17,26.51,65,32.78,雨,東,1,0,6.8,1,まくり,2,0.2,1.51.6,0.1496666666666666,0.1615730337078652,9,30,8,6,1,12,5,1,1,0,0,0,0.3,0.26666666666666666,0.2,0.03333333333333333,0.4,0.16666666666666666,0.03333333333333333,0.03333333333333333,0.0,0.0,0.0
2023-09-06,浜名湖,8,予選,3,4708,半田尚也,34,広島,53,B1,4.63,21.59,4.88,23.53,58,33.98,59,37.24,雨,東,1,0,6.83,4,まくり,3,0.22,1.56.2,0.1936842105263158,0.1947457627118644,2,38,4,11,0,0,0,2,0,0,0,0,0.05263157894736842,0.10526315789473684,0.2894736842105263,0.0,0.0,0.0,0.05263157894736842,0.0,0.0,0.0,0.0
2023-09-06,浜名湖,8,予選,4,3568,木村光宏,52,香川,55,B1,5.51,36.36,6.5,62.5,34,34.55,21,35.62,雨,東,1,0,6.8,6,まくり,4,0.3,.  .,0.1647222222222222,0.1725688073394495,5,36,6,6,0,0,1,3,1,0,0,0,0.1388888888888889,0.16666666666666666,0.16666666666666666,0.0,0.0,0.027777777777777776,0.08333333333333333,0.027777777777777776,0.0,0.0,0.0
2023-09-06,浜名湖,8,予選,5,4724,吉田祐貴,37,佐賀,52,B1,4.16,22.45,3.78,11.11,16,24.0,32,35.27,雨,東,1,0,6.77,5,まくり,5,0.31,.  .,0.1566666666666666,0.1634433962264151,3,39,5,2,0,0,0,0,3,0,0,0,0.07692307692307693,0.1282051282051282,0.05128205128205128,0.0,0.0,0.0,0.0,0.07692307692307693,0.0,0.0,0.0
2023-09-06,浜名湖,8,予選,6,4439,近藤友宝,37,埼玉,53,B1,4.29,21.78,4.84,24.0,64,27.72,75,31.31,雨,東,1,0,6.78,3,まくり,6,0.28,1.54.2,0.1746153846153846,0.1777325581395349,0,26,0,4,0,0,0,0,0,0,0,0,0.0,0.0,0.15384615384615385,0.0,0.0,0.0,0.0,0.0,0.0,0.0,0.0
2023-09-06,浜名湖,9,予選特賞,1,3912,川原正明,49,福井,50,B1,5.01,33.82,5.72,35.9,55,25.32,46,30.67,雨,北東,2,1,6.75,1,逃げ,1,0.11,1.51.9,0.1657575757575757,0.1466666666666666,18,33,6,3,18,0,0,0,0,4,3,7,0.5454545454545454,0.18181818181818182,0.09090909090909091,0.5454545454545454,0.0,0.0,0.0,0.0,0.12121212121212122,0.09090909090909091,0.21212121212121213
2023-09-06,浜名湖,9,予選特賞,2,5175,島崎丈一,19,東京,53,B1,3.44,11.7,2.67,0.0,25,36.61,15,33.76,雨,北東,2,1,6.79,5,逃げ,2,0.14,.  .,0.1980769230769231,0.1891463414634146,0,26,4,1,0,13,0,0,0,0,0,0,0.0,0.15384615384615385,0.038461538461538464,0.0,0.5,0.0,0.0,0.0,0.0,0.0,0.0
2023-09-06,浜名湖,9,予選特賞,3,3432,宮迫暢彦,55,大阪,54,B1,5.11,34.02,5.19,34.62,66,22.58,38,30.3,雨,北東,2,1,6.82,2,逃げ,3,0.12,1.52.6,0.1673809523809523,0.1673745173745174,2,42,8,10,0,0,0,1,1,0,0,0,0.047619047619047616,0.19047619047619047,0.23809523809523808,0.0,0.0,0.0,0.023809523809523808,0.023809523809523808,0.0,0.0,0.0
2023-09-06,浜名湖,9,予選特賞,4,4892,柴田直哉,33,福岡,53,B1,4.75,28.28,0.0,0.0,10,22.95,45,33.33,雨,北東,2,1,6.8,3,逃げ,4,0.16,1.54.9,0.1691666666666666,0.1749193548387096,3,36,8,6,0,0,1,0,2,0,0,0,0.08333333333333333,0.2222222222222222,0.16666666666666666,0.0,0.0,0.027777777777777776,0.0,0.05555555555555555,0.0,0.0,0.0
2023-09-06,浜名湖,9,予選特賞,5,4143,浦田晃嗣,42,佐賀,57,B1,4.61,24.55,4.43,14.29,52,47.73,70,35.8,雨,北東,2,1,6.84,6,逃げ,5,0.13,.  .,0.1375,0.1514666666666666,2,40,6,9,0,0,0,0,2,0,0,0,0.05,0.15,0.225,0.0,0.0,0.0,0.0,0.05,0.0,0.0,0.0
2023-09-06,浜名湖,9,予選特賞,6,5020,宮村勇哉,31,三重,54,B1,3.56,20.0,3.98,14.63,19,40.0,63,31.69,雨,北東,2,1,6.77,4,逃げ,6,0.1,1.56.1,0.1979999999999999,0.1816037735849056,0,15,0,2,0,0,0,0,0,0,0,0,0.0,0.0,0.13333333333333333,0.0,0.0,0.0,0.0,0.0,0.0,0.0,0.0
2023-09-06,浜名湖,10,予選特賞,1,3581,加木　郁,50,山口,53,B1,4.71,20.83,4.68,21.05,36,35.4,50,40.34,雨,北東,2,1,6.79,2,まくり,1,0.03,1.57.2,0.18,0.1879629629629629,14,33,7,3,14,0,0,0,0,4,11,3,0.42424242424242425,0.21212121212121213,0.09090909090909091,0.42424242424242425,0.0,0.0,0.0,0.0,0.12121212121212122,0.3333333333333333,0.09090909090909091
2023-09-06,浜名湖,10,予選特賞,2,3973,崎　利仁,47,群馬,54,B1,4.35,21.93,4.28,21.88,49,40.0,27,33.89,雨,北東,2,1,6.82,5,まくり,3,0.06,.  .,0.1842222222222222,0.190748031496063,3,45,12,11,0,20,2,0,0,0,0,0,0.06666666666666667,0.26666666666666666,0.24444444444444444,0.0,0.4444444444444444,0.044444444444444446,0.0,0.0,0.0,0.0,0.0
2023-09-06,浜名湖,10,予選特賞,3,4780,マイケ田,37,東京,52,B1,3.67,19.19,6.22,44.44,41,23.96,36,35.12,雨,北東,2,1,6.79,3,まくり,2,0.14,1.58.8,0.1846428571428571,0.1929813664596273,1,28,5,2,0,0,0,0,1,0,0,0,0.03571428571428571,0.17857142857142858,0.07142857142857142,0.0,0.0,0.0,0.0,0.03571428571428571,0.0,0.0,0.0
2023-09-06,浜名湖,10,予選特賞,4,4816,村松修二,32,広島,56,B1,5.1,34.48,6.58,52.63,53,23.08,37,35.56,雨,北東,2,1,6.8,4,まくり,4,0.11,2.01.6,0.1708333333333333,0.1612359550561797,2,24,1,2,0,0,0,0,2,0,0,0,0.08333333333333333,0.041666666666666664,0.08333333333333333,0.0,0.0,0.0,0.0,0.08333333333333333,0.0,0.0,0.0
2023-09-06,浜名湖,10,予選特賞,5,4904,松本一毅,29,大阪,52,B1,5.21,28.57,0.0,0.0,11,33.33,56,31.74,雨,北東,2,1,6.71,1,まくり,5,0.06,1.54.7,0.160625,0.1640772532188841,2,32,4,8,0,0,0,1,1,0,0,0,0.0625,0.125,0.25,0.0,0.0,0.0,0.03125,0.03125,0.0,0.0,0.0
2023-09-06,浜名湖,11,予選特選,1,4016,西川新太,43,愛知,53,B1,5.37,34.55,5.09,28.26,40,31.13,60,31.49,雨,東,1,0,6.8,1,逃げ,1,0.16,1.51.0,0.1565384615384615,0.1604225352112676,12,26,7,1,12,0,0,0,0,5,1,8,0.46153846153846156,0.2692307692307692,0.038461538461538464,0.46153846153846156,0.0,0.0,0.0,0.0,0.19230769230769232,0.038461538461538464,0.3076923076923077
2023-09-06,浜名湖,11,予選特選,2,3680,森林　太,50,長崎,52,B1,4.56,24.44,7.2,60.0,29,31.07,55,32.61,雨,東,1,0,6.82,5,逃げ,2,0.23,.  .,0.2002702702702702,0.212994923857868,2,37,5,6,0,23,0,1,0,0,0,0,0.05405405405405406,0.13513513513513514,0.16216216216216217,0.0,0.6216216216216216,0.0,0.02702702702702703,0.0,0.0,0.0,0.0
2023-09-06,浜名湖,11,予選特選,3,4761,山田晃大,33,滋賀,53,B1,5.3,33.33,6.43,47.62,1,29.73,68,33.48,雨,東,1,0,6.78,2,逃げ,3,0.17,1.52.7,0.14,0.1591489361702127,9,41,14,6,0,0,0,6,2,0,0,0,0.21951219512195122,0.34146341463414637,0.14634146341463414,0.0,0.0,0.0,0.14634146341463414,0.04878048780487805,0.0,0.0,0.0
2023-09-06,浜名湖,11,予選特選,4,4894,原村拓也,32,香川,53,B1,4.38,21.35,6.0,54.55,63,40.19,16,32.48,雨,東,1,0,6.82,4,逃げ,4,0.12,1.55.4,0.1718421052631579,0.1678059071729958,2,38,1,7,0,0,0,1,1,0,0,0,0.05263157894736842,0.02631578947368421,0.18421052631578946,0.0,0.0,0.0,0.02631578947368421,0.02631578947368421,0.0,0.0,0.0
2023-09-06,浜名湖,11,予選特選,5,4263,武重雄介,39,山口,55,B1,5.72,41.41,6.43,57.14,37,24.71,24,30.58,雨,東,1,0,6.93,3,逃げ,5,0.16,1.53.7,0.2165625,0.1950980392156862,1,32,2,7,0,0,1,0,0,0,0,0,0.03125,0.0625,0.21875,0.0,0.0,0.03125,0.0,0.0,0.0,0.0,0.0
2023-09-06,浜名湖,11,予選特選,6,3928,林　恵祐,47,福岡,60,B1,4.66,27.87,0.0,0.0,27,26.17,76,31.93,雨,東,1,0,6.88,6,逃げ,6,0.22,.  .,0.1923076923076923,0.1679467680608365,1,39,1,4,0,0,0,0,0,0,0,0,0.02564102564102564,0.02564102564102564,0.10256410256410256,0.0,0.0,0.0,0.0,0.0,0.0,0.0,0.0
2023-09-06,浜名湖,12,ドリーム戦,1,2014,高塚清一,76,静岡,53,B1,4.12,15.05,4.44,24.14,47,27.08,11,24.44,曇り,無風,0,0,6.8,6,差し,5,0.21,.  .,0.1413888888888889,0.1695192307692307,10,36,10,7,8,0,1,0,0,11,8,5,0.2777777777777778,0.2777777777777778,0.19444444444444445,0.2222222222222222,0.0,0.027777777777777776,0.0,0.0,0.3055555555555556,0.2222222222222222,0.1388888888888889
2023-09-06,浜名湖,12,ドリーム戦,2,3558,山本浩次,50,岡山,54,B1,5.4,36.96,5.43,35.71,13,30.86,18,35.74,曇り,無風,0,0,6.76,2,差し,1,0.11,1.52.7,0.1735714285714285,0.1604419889502762,3,28,7,4,0,15,2,1,0,0,0,0,0.10714285714285714,0.25,0.14285714285714285,0.0,0.5357142857142857,0.07142857142857142,0.03571428571428571,0.0,0.0,0.0,0.0
2023-09-06,浜名湖,12,ドリーム戦,3,3227,長岡茂一,58,東京,53,B1,5.03,39.71,4.26,21.05,31,24.21,64,36.61,曇り,無風,0,0,6.76,5,差し,2,0.13,.  .,0.1747826086956521,0.1674698795180723,5,23,3,4,0,0,0,2,2,0,0,0,0.21739130434782608,0.13043478260869565,0.17391304347826086,0.0,0.0,0.0,0.08695652173913043,0.08695652173913043,0.0,0.0,0.0
2023-09-06,浜名湖,12,ドリーム戦,4,3550,都築正治,52,愛知,53,B1,5.41,40.52,5.96,44.44,56,22.67,67,33.47,曇り,無風,0,0,6.78,3,差し,3,0.1,1.54.7,0.1602702702702702,0.1679565217391304,6,37,3,7,0,0,0,5,1,0,0,0,0.16216216216216217,0.08108108108108109,0.1891891891891892,0.0,0.0,0.0,0.13513513513513514,0.02702702702702703,0.0,0.0,0.0
2023-09-06,浜名湖,12,ドリーム戦,5,3577,向所浩二,50,兵庫,57,B1,4.77,28.85,5.91,39.13,62,45.13,44,42.36,曇り,無風,0,0,6.73,1,差し,4,0.09,1.50.1,0.136060606060606,0.1628712871287128,4,33,2,4,0,0,0,4,0,0,0,0,0.12121212121212122,0.06060606060606061,0.12121212121212122,0.0,0.0,0.0,0.12121212121212122,0.0,0.0,0.0,0.0
2023-09-06,浜名湖,12,ドリーム戦,6,3517,高橋　勲,55,東京,58,B1,4.93,32.53,5.65,39.13,46,27.47,62,35.54,曇り,無風,0,0,6.86,4,差し,6,0.21,1.55.0,0.1534615384615384,0.1544604316546762,2,26,3,4,0,0,0,0,1,0,0,0,0.07692307692307693,0.11538461538461539,0.15384615384615385,0.0,0.0,0.0,0.0,0.038461538461538464,0.0,0.0,0.0
2023-09-06,多摩川,1,まつりだｏｎ,1,4642,松尾夏海,31,香川,45,A2,6.05,42.37,5.95,40.0,56,37.66,41,31.88,雨,南,3,2,6.73,6,抜き,1,0.33,.  .,0.134,0.1533082706766917,19,25,2,3,16,0,0,0,0,1,3,2,0.76,0.08,0.12,0.64,0.0,0.0,0.0,0.0,0.04,0.12,0.08
2023-09-06,多摩川,1,まつりだｏｎ,2,5151,山下奈緒,28,大阪,48,B1,2.87,2.44,0.0,0.0,53,38.46,47,33.33,雨,南,3,2,6.83,5,抜き,2,0.27,.  .,0.2253571428571428,0.2313541666666666,0,28,2,2,0,16,0,0,0,0,0,0,0.0,0.07142857142857142,0.07142857142857142,0.0,0.5714285714285714,0.0,0.0,0.0,0.0,0.0,0.0
2023-09-06,多摩川,1,まつりだｏｎ,3,4940,白石有美,25,東京,54,B2,3.84,16.88,2.42,3.03,20,38.16,70,37.31,雨,南,3,2,6.75,2,抜き,3,0.14,1.53.8,0.1408333333333333,0.1834959349593496,1,24,3,2,0,0,0,0,0,0,0,0,0.041666666666666664,0.125,0.08333333333333333,0.0,0.0,0.0,0.0,0.0,0.0,0.0,0.0
2023-09-06,多摩川,1,まつりだｏｎ,4,4936,戸敷晃美,27,福岡,47,A2,4.57,28.4,0.0,0.0,17,31.65,45,36.92,雨,南,3,2,6.8,3,抜き,4,0.21,1.54.7,0.1715384615384615,0.1674842767295597,2,26,6,4,0,0,0,2,0,0,0,0,0.07692307692307693,0.23076923076923078,0.15384615384615385,0.0,0.0,0.0,0.07692307692307693,0.0,0.0,0.0,0.0
2023-09-06,多摩川,1,まつりだｏｎ,5,4400,加藤奈月,35,福井,57,B1,3.78,11.25,4.31,19.23,22,32.0,87,34.72,雨,南,3,2,6.9,1,抜き,5,0.1,1.53.0,0.1951515151515151,0.2001036269430051,0,33,2,4,0,0,0,0,0,0,0,0,0.0,0.06060606060606061,0.12121212121212122,0.0,0.0,0.0,0.0,0.0,0.0,0.0,0.0
2023-09-06,多摩川,1,まつりだｏｎ,6,4893,渡邉真奈,32,東京,48,B1,4.49,22.22,4.68,32.35,26,32.35,31,34.78,雨,南,3,2,6.85,4,抜き,6,0.09,1.54.7,0.1736,0.170551724137931,1,25,1,2,0,0,0,0,1,0,0,0,0.04,0.04,0.08,0.0,0.0,0.0,0.0,0.04,0.0,0.0,0.0
2023-09-06,多摩川,2,予選,1,3693,栢場優子,52,東京,44,B1,4.01,19.35,3.29,14.71,71,30.14,83,28.57,曇り,南,3,2,6.7,2,差し,1,0.14,1.52.6,0.1718518518518518,0.1789673913043478,6,27,7,3,6,0,0,0,0,8,5,4,0.2222222222222222,0.25925925925925924,0.1111111111111111,0.2222222222222222,0.0,0.0,0.0,0.0,0.2962962962962963,0.18518518518518517,0.14814814814814814
2023-09-06,多摩川,2,予選,2,3674,岸　恵子,50,徳島,46,A2,5.54,38.46,3.96,23.08,68,30.14,34,43.06,曇り,南,3,2,6.77,4,差し,2,0.12,1.54.9,0.1510714285714285,0.1562941176470588,8,28,4,6,0,13,5,3,0,0,0,0,0.2857142857142857,0.14285714285714285,0.21428571428571427,0.0,0.4642857142857143,0.17857142857142858,0.10714285714285714,0.0,0.0,0.0,0.0
2023-09-06,多摩川,2,予選,3,4990,田中博子,26,福岡,48,B1,3.21,10.71,2.67,11.11,38,38.81,85,52.94,曇り,南,3,2,6.79,1,差し,3,0.17,1.50.3,0.1807692307692307,0.2018292682926829,0,13,0,3,0,0,0,0,0,0,0,0,0.0,0.0,0.23076923076923078,0.0,0.0,0.0,0.0,0.0,0.0,0.0,0.0
2023-09-06,多摩川,2,予選,4,4275,菅野はや,40,広島,51,B1,3.96,16.25,3.32,15.79,61,40.0,65,41.79,曇り,南,3,2,6.81,6,差し,4,0.19,.  .,0.1711111111111111,0.1823350253807106,4,36,3,3,0,0,0,3,0,0,0,0,0.1111111111111111,0.08333333333333333,0.08333333333333333,0.0,0.0,0.0,0.08333333333333333,0.0,0.0,0.0,0.0
2023-09-06,多摩川,2,予選,5,4414,大澤真菜,36,東京,44,B1,4.43,20.37,0.0,0.0,25,41.27,28,39.71,曇り,南,3,2,6.73,5,差し,5,0.19,.  .,0.1670588235294117,0.1766386554621848,1,17,2,3,0,0,0,0,1,0,0,0,0.058823529411764705,0.11764705882352941,0.17647058823529413,0.0,0.0,0.0,0.0,0.058823529411764705,0.0,0.0,0.0
2023-09-06,多摩川,2,予選,6,3618,海野ゆか,49,広島,44,A2,6.2,42.72,6.1,41.38,51,25.0,27,29.41,曇り,南,3,2,6.72,3,差し,6,0.18,1.53.1,0.2055555555555555,0.1721052631578947,2,36,0,7,0,0,0,0,2,0,0,0,0.05555555555555555,0.0,0.19444444444444445,0.0,0.0,0.0,0.0,0.05555555555555555,0.0,0.0,0.0
2023-09-06,多摩川,3,予選,1,4283,石井裕美,39,東京,51,B2,4.03,16.95,3.72,22.22,65,40.58,75,34.78,晴,南,2,2,6.8,2,差し,1,0.16,1.51.4,0.1770588235294117,0.188041958041958,2,17,3,4,2,0,0,0,0,4,8,1,0.11764705882352941,0.17647058823529413,0.23529411764705882,0.11764705882352941,0.0,0.0,0.0,0.0,0.23529411764705882,0.47058823529411764,0.058823529411764705
2023-09-06,多摩川,3,予選,2,4289,落合直子,38,大阪,46,A2,6.42,45.45,6.79,62.07,64,29.87,59,32.31,晴,南,2,2,6.82,1,差し,2,0.2,1.50.4,0.1574285714285714,0.1421428571428571,9,35,10,8,1,15,6,2,0,0,0,0,0.2571428571428571,0.2857142857142857,0.22857142857142856,0.02857142857142857,0.42857142857142855,0.17142857142857143,0.05714285714285714,0.0,0.0,0.0,0.0
2023-09-06,多摩川,3,予選,3,4385,鈴木祐美,38,三重,50,B1,4.41,21.95,0.0,0.0,47,40.28,43,32.88,晴,南,2,2,6.84,5,差し,3,0.29,.  .,0.24625,0.2236036036036036,4,24,3,7,0,0,0,3,1,0,0,0,0.16666666666666666,0.125,0.2916666666666667,0.0,0.0,0.0,0.125,0.041666666666666664,0.0,0.0,0.0
2023-09-06,多摩川,3,予選,4,3994,茶谷　桜,44,滋賀,46,B1,5.69,37.31,5.38,40.54,66,33.33,60,29.23,晴,南,2,2,6.77,4,差し,4,0.22,1.53.5,0.2139285714285714,0.2028888888888889,2,28,7,6,0,0,0,2,0,0,0,0,0.07142857142857142,0.25,0.21428571428571427,0.0,0.0,0.0,0.07142857142857142,0.0,0.0,0.0,0.0
2023-09-06,多摩川,3,予選,5,4589,塩崎桐加,31,三重,49,A2,5.68,35.14,5.58,29.17,44,46.05,44,29.23,晴,南,2,2,6.73,3,差し,5,0.17,1.52.4,0.15125,0.1476027397260274,2,24,1,10,0,0,0,1,1,0,0,0,0.08333333333333333,0.041666666666666664,0.4166666666666667,0.0,0.0,0.0,0.041666666666666664,0.041666666666666664,0.0,0.0,0.0
2023-09-06,多摩川,3,予選,6,4993,下野京香,25,東京,47,B1,4.84,26.23,3.78,11.11,33,34.29,80,52.78,晴,南,2,2,6.86,6,差し,6,0.25,.  .,0.2104545454545454,0.2009868421052631,0,22,0,1,0,0,0,0,0,0,0,0,0.0,0.0,0.045454545454545456,0.0,0.0,0.0,0.0,0.0,0.0,0.0,0.0
2023-09-06,多摩川,4,予選,1,4690,高石梨菜,29,東京,49,B1,4.87,20.0,3.92,20.0,69,48.65,53,34.33,晴,南,2,2,6.83,4,まくり,1,0.1,1.55.1,0.1511764705882353,0.1717164179104477,5,17,3,4,5,0,0,0,0,3,4,3,0.29411764705882354,0.17647058823529413,0.23529411764705882,0.29411764705882354,0.0,0.0,0.0,0.0,0.17647058823529413,0.23529411764705882,0.17647058823529413
2023-09-06,多摩川,4,予選,2,4473,藤堂里香,36,福井,43,B1,5.42,38.18,0.0,0.0,58,30.0,49,34.85,晴,南,2,2,6.87,6,まくり,2,0.18,.  .,0.1394736842105263,0.1533628318584071,6,19,5,3,0,11,4,1,0,0,0,0,0.3157894736842105,0.2631578947368421,0.15789473684210525,0.0,0.5789473684210527,0.21052631578947367,0.05263157894736842,0.0,0.0,0.0,0.0
2023-09-06,多摩川,4,予選,3,4286,平田さや,39,東京,48,A2,5.94,40.94,6.1,44.3,46,31.25,58,27.69,晴,南,2,2,6.8,1,まくり,3,0.16,1.51.0,0.1606666666666666,0.1595604395604395,5,45,23,6,0,0,2,3,0,0,0,0,0.1111111111111111,0.5111111111111111,0.13333333333333333,0.0,0.0,0.044444444444444446,0.06666666666666667,0.0,0.0,0.0,0.0
2023-09-06,多摩川,4,予選,4,4456,鎌倉　涼,34,大阪,44,A2,7.91,71.64,7.0,56.0,39,38.71,35,31.34,晴,南,2,2,6.82,2,まくり,4,0.14,1.52.5,0.1772,0.1662576687116564,7,25,10,5,0,0,2,2,2,0,0,0,0.28,0.4,0.2,0.0,0.0,0.08,0.08,0.08,0.0,0.0,0.0
2023-09-06,多摩川,4,予選,5,3551,藤田美代,51,福岡,45,B1,4.77,21.92,2.86,0.0,60,42.42,24,38.03,晴,南,2,2,6.73,5,まくり,5,0.17,.  .,0.213103448275862,0.1898404255319148,0,29,3,5,0,0,0,0,0,0,0,0,0.0,0.10344827586206896,0.1724137931034483,0.0,0.0,0.0,0.0,0.0,0.0,0.0,0.0
2023-09-06,多摩川,4,予選,6,5146,野田彩加,20,山口,49,B1,3.17,10.61,3.32,10.53,48,40.98,56,39.13,晴,南,2,2,6.84,3,まくり,6,0.25,1.54.1,0.256,0.2403973509933774,0,30,1,4,0,0,0,0,0,0,0,0,0.0,0.03333333333333333,0.13333333333333333,0.0,0.0,0.0,0.0,0.0,0.0,0.0,0.0
2023-09-06,多摩川,5,予選,1,3778,安達美帆,47,埼玉,46,B1,4.38,22.41,3.88,23.08,15,34.62,40,50.0,晴,南西,6,2,6.73,5,まくり差し,1,0.3,.  .,0.2166666666666666,0.2124113475177305,2,21,2,5,2,0,0,0,0,8,5,3,0.09523809523809523,0.09523809523809523,0.23809523809523808,0.09523809523809523,0.0,0.0,0.0,0.0,0.38095238095238093,0.23809523809523808,0.14285714285714285
2023-09-06,多摩川,5,予選,2,4893,渡邉真奈,32,東京,48,B1,4.49,22.22,4.68,32.35,26,32.35,31,34.78,晴,南西,6,2,6.8,2,まくり差し,2,0.11,1.51.8,0.1908695652173913,0.170551724137931,1,23,2,6,0,16,1,0,0,0,0,0,0.043478260869565216,0.08695652173913043,0.2608695652173913,0.0,0.6956521739130435,0.043478260869565216,0.0,0.0,0.0,0.0,0.0
2023-09-06,多摩川,5,予選,3,4590,渡邉優美,30,福岡,48,A1,7.21,56.73,7.0,47.22,50,38.24,79,29.41,晴,南西,6,2,6.83,1,まくり差し,3,0.08,1.50.2,0.1329268292682927,0.1331439393939394,7,41,13,10,1,0,0,2,1,0,0,0,0.17073170731707318,0.3170731707317073,0.24390243902439024,0.024390243902439025,0.0,0.0,0.04878048780487805,0.024390243902439025,0.0,0.0,0.0
2023-09-06,多摩川,5,予選,4,4224,大橋栄里,41,福岡,45,B1,4.39,23.68,5.5,40.0,19,36.62,21,38.89,晴,南西,6,2,6.77,6,まくり差し,4,0.14,.  .,0.200625,0.2005434782608695,1,32,1,6,0,0,1,0,0,0,0,0,0.03125,0.03125,0.1875,0.0,0.0,0.03125,0.0,0.0,0.0,0.0,0.0
2023-09-06,多摩川,5,予選,5,4627,藤原菜希,37,東京,47,A2,6.48,51.38,5.85,46.15,11,31.34,52,31.88,晴,南西,6,2,6.79,3,まくり差し,5,0.13,1.53.3,0.1605263157894736,0.1394422310756972,3,38,4,10,0,0,0,0,3,0,0,0,0.07894736842105263,0.10526315789473684,0.2631578947368421,0.0,0.0,0.0,0.0,0.07894736842105263,0.0,0.0,0.0
2023-09-06,多摩川,5,予選,6,4243,西村　歩,37,大阪,47,B1,5.72,35.79,0.0,0.0,74,53.52,71,36.11,晴,南西,6,2,6.75,4,まくり差し,6,0.16,1.53.7,0.1610344827586207,0.1692432432432432,1,29,2,3,0,0,0,0,1,0,0,0,0.034482758620689655,0.06896551724137931,0.10344827586206896,0.0,0.0,0.0,0.0,0.034482758620689655,0.0,0.0,0.0
2023-09-06,多摩川,6,予選,1,3207,田村美和,57,東京,54,B1,4.19,20.93,3.72,17.54,27,34.29,73,42.25,曇り,南,5,2,6.8,6,まくり,1,0.31,.  .,0.2020833333333333,0.1954545454545454,6,24,5,0,6,0,0,0,0,5,10,1,0.25,0.20833333333333334,0.0,0.25,0.0,0.0,0.0,0.0,0.20833333333333334,0.4166666666666667,0.041666666666666664
2023-09-06,多摩川,6,予選,2,3845,中谷朋子,46,兵庫,45,A1,7.13,54.87,5.33,38.1,24,42.67,76,29.41,曇り,南,5,2,6.77,1,まくり,2,0.21,1.51.3,0.1884615384615384,0.1869827586206896,10,39,14,8,0,20,9,0,0,0,0,0,0.2564102564102564,0.358974358974359,0.20512820512820512,0.0,0.5128205128205128,0.23076923076923078,0.0,0.0,0.0,0.0,0.0
2023-09-06,多摩川,6,予選,3,4400,加藤奈月,35,福井,57,B1,3.78,11.25,4.31,19.23,22,32.0,87,34.72,曇り,南,5,2,6.89,4,まくり,3,0.14,1.55.0,0.1994594594594594,0.2001036269430051,1,37,7,4,0,0,1,0,0,0,0,0,0.02702702702702703,0.1891891891891892,0.10810810810810811,0.0,0.0,0.02702702702702703,0.0,0.0,0.0,0.0,0.0
2023-09-06,多摩川,6,予選,4,3693,栢場優子,52,東京,44,B1,4.01,19.35,3.29,14.71,71,30.14,83,28.57,曇り,南,5,2,6.79,3,まくり,4,0.16,1.53.0,0.2051724137931034,0.1789673913043478,2,29,1,5,0,0,1,1,0,0,0,0,0.06896551724137931,0.034482758620689655,0.1724137931034483,0.0,0.0,0.034482758620689655,0.034482758620689655,0.0,0.0,0.0,0.0
2023-09-06,多摩川,6,予選,5,4419,原加央理,36,埼玉,47,B1,5.03,26.32,5.0,30.0,57,31.94,72,33.85,曇り,南,5,2,6.82,5,まくり,5,0.11,.  .,0.1463636363636363,0.1491935483870967,2,33,4,8,0,0,1,0,1,0,0,0,0.06060606060606061,0.12121212121212122,0.24242424242424243,0.0,0.0,0.030303030303030304,0.0,0.030303030303030304,0.0,0.0,0.0
2023-09-06,多摩川,6,予選,6,4963,實森美祐,26,広島,46,A2,6.2,43.02,4.0,0.0,55,35.29,78,45.07,曇り,南,5,2,6.73,2,まくり,6,0.09,1.52.9,0.1538709677419355,0.1504972375690607,1,31,6,3,0,0,0,0,1,0,0,0,0.03225806451612903,0.1935483870967742,0.0967741935483871,0.0,0.0,0.0,0.0,0.03225806451612903,0.0,0.0,0.0
2023-09-06,多摩川,7,予選,1,4414,大澤真菜,36,東京,44,B1,4.43,20.37,0.0,0.0,25,41.27,28,39.71,曇り,南,3,2,6.77,6,まくり差し,1,0.27,.  .,0.18875,0.1766386554621848,1,16,4,3,1,0,0,0,0,5,8,2,0.0625,0.25,0.1875,0.0625,0.0,0.0,0.0,0.0,0.3125,0.5,0.125
2023-09-06,多摩川,7,予選,2,4589,塩崎桐加,31,三重,49,A2,5.68,35.14,5.58,29.17,44,46.05,44,29.23,曇り,南,3,2,6.7,2,まくり差し,2,0.13,1.51.9,0.1495833333333333,0.1476027397260274,4,24,4,8,0,11,2,1,0,0,0,0,0.16666666666666666,0.16666666666666666,0.3333333333333333,0.0,0.4583333333333333,0.08333333333333333,0.041666666666666664,0.0,0.0,0.0,0.0
2023-09-06,多摩川,7,予選,3,5218,山田理央,23,香川,46,B1,3.71,16.28,0.0,0.0,63,30.77,38,27.78,曇り,南,3,2,6.79,1,まくり差し,3,0.18,1.50.6,0.2021428571428571,0.1992567567567567,3,14,1,2,0,0,0,0,2,0,0,0,0.21428571428571427,0.07142857142857142,0.14285714285714285,0.0,0.0,0.0,0.0,0.14285714285714285,0.0,0.0,0.0
2023-09-06,多摩川,7,予選,4,4387,平山智加,38,香川,46,A1,7.07,55.65,7.02,52.38,29,42.25,57,34.78,曇り,南,3,2,6.73,3,まくり差し,4,0.11,1.53.8,0.1487179487179487,0.1521900826446281,4,39,9,10,0,0,0,2,1,0,0,0,0.10256410256410256,0.23076923076923078,0.2564102564102564,0.0,0.0,0.0,0.05128205128205128,0.02564102564102564,0.0,0.0,0.0
2023-09-06,多摩川,7,予選,5,3528,笠野友紀,52,愛知,47,B1,4.1,18.57,2.86,13.64,59,32.86,48,44.62,曇り,南,3,2,6.8,5,まくり差し,5,0.19,.  .,0.2286363636363636,0.220062893081761,1,22,1,0,0,0,0,1,0,0,0,0,0.045454545454545456,0.045454545454545456,0.0,0.0,0.0,0.0,0.045454545454545456,0.0,0.0,0.0,0.0
2023-09-06,多摩川,7,予選,6,4940,白石有美,25,東京,54,B2,3.84,16.88,2.42,3.03,20,38.16,70,37.31,曇り,南,3,2,6.81,4,まくり差し,6,0.14,1.55.4,0.2223529411764706,0.1834959349593496,0,17,1,2,0,0,0,0,0,0,0,0,0.0,0.058823529411764705,0.11764705882352941,0.0,0.0,0.0,0.0,0.0,0.0,0.0,0.0
2023-09-06,多摩川,8,予選,1,3551,藤田美代,51,福岡,45,B1,4.77,21.92,2.86,0.0,60,42.42,24,38.03,曇り,南,2,2,6.73,1,逃げ,1,0.14,1.50.4,0.1906896551724138,0.1898404255319148,8,29,5,2,8,0,0,0,0,5,9,6,0.27586206896551724,0.1724137931034483,0.06896551724137931,0.27586206896551724,0.0,0.0,0.0,0.0,0.1724137931034483,0.3103448275862069,0.20689655172413793
2023-09-06,多摩川,8,予選,2,4283,石井裕美,39,東京,51,B2,4.03,16.95,3.72,22.22,65,40.58,75,34.78,曇り,南,2,2,6.8,5,逃げ,2,0.17,.  .,0.1734615384615384,0.188041958041958,3,26,5,5,0,14,1,2,0,0,0,0,0.11538461538461539,0.19230769230769232,0.19230769230769232,0.0,0.5384615384615384,0.038461538461538464,0.07692307692307693,0.0,0.0,0.0,0.0
2023-09-06,多摩川,8,予選,3,5151,山下奈緒,28,大阪,48,B1,2.87,2.44,0.0,0.0,53,38.46,47,33.33,曇り,南,2,2,6.83,4,逃げ,3,0.18,1.55.0,0.2318181818181818,0.2313541666666666,0,33,1,5,0,0,0,0,0,0,0,0,0.0,0.030303030303030304,0.15151515151515152,0.0,0.0,0.0,0.0,0.0,0.0,0.0,0.0
2023-09-06,多摩川,8,予選,4,4045,佐々木裕,43,山口,47,A2,5.21,39.6,5.95,36.36,18,37.5,50,55.88,曇り,南,2,2,6.77,6,逃げ,4,0.14,.  .,0.1575862068965517,0.1593838862559241,5,29,2,4,0,0,1,3,1,0,0,0,0.1724137931034483,0.06896551724137931,0.13793103448275862,0.0,0.0,0.034482758620689655,0.10344827586206896,0.034482758620689655,0.0,0.0,0.0
2023-09-06,多摩川,8,予選,5,3188,日高逸子,61,福岡,44,A1,6.25,48.35,6.91,36.36,32,33.85,54,37.68,曇り,南,2,2,6.79,2,逃げ,5,0.11,1.52.6,0.1793023255813953,0.1727675276752767,2,43,9,6,0,0,0,0,0,0,0,0,0.046511627906976744,0.20930232558139536,0.13953488372093023,0.0,0.0,0.0,0.0,0.0,0.0,0.0,0.0
2023-09-06,多摩川,8,予選,6,4791,黒澤めぐ,33,東京,48,B1,4.97,29.11,5.14,28.57,43,34.67,66,30.43,曇り,南,2,2,6.82,3,逃げ,6,0.11,1.53.8,0.224516129032258,0.1951041666666666,0,31,2,3,0,0,0,0,0,0,0,0,0.0,0.06451612903225806,0.0967741935483871,0.0,0.0,0.0,0.0,0.0,0.0,0.0,0.0
2023-09-06,多摩川,9,予選,1,4286,平田さや,39,東京,48,A2,5.94,40.94,6.1,44.3,46,31.25,58,27.69,曇り,南西,4,2,6.77,1,抜き,1,0.13,1.50.4,0.1685185185185185,0.1595604395604395,22,54,16,6,21,0,0,0,0,8,15,5,0.4074074074074074,0.2962962962962963,0.1111111111111111,0.3888888888888889,0.0,0.0,0.0,0.0,0.14814814814814814,0.2777777777777778,0.09259259259259259
2023-09-06,多摩川,9,予選,2,3778,安達美帆,47,埼玉,46,B1,4.38,22.41,3.88,23.08,15,34.62,40,50.0,曇り,南西,4,2,6.79,3,抜き,2,0.13,1.54.0,0.2211111111111111,0.2124113475177305,5,27,2,6,0,11,3,1,0,0,0,0,0.18518518518518517,0.07407407407407407,0.2222222222222222,0.0,0.4074074074074074,0.1111111111111111,0.037037037037037035,0.0,0.0,0.0,0.0
2023-09-06,多摩川,9,予選,3,4014,片岡恵里,43,山口,49,B1,5.08,26.25,5.2,36.67,37,32.84,55,39.73,曇り,南西,4,2,6.81,6,抜き,3,0.12,.  .,0.1660714285714286,0.19,1,28,3,9,0,0,1,0,0,0,0,0,0.03571428571428571,0.10714285714285714,0.32142857142857145,0.0,0.0,0.03571428571428571,0.0,0.0,0.0,0.0,0.0
2023-09-06,多摩川,9,予選,4,4569,中澤宏奈,35,東京,47,B1,4.23,26.61,4.92,24.32,12,34.29,69,35.14,曇り,南西,4,2,6.87,2,抜き,4,0.12,1.52.1,0.17825,0.181900826446281,2,40,10,5,0,0,0,1,1,0,0,0,0.05,0.25,0.125,0.0,0.0,0.0,0.025,0.025,0.0,0.0,0.0
2023-09-06,多摩川,9,予選,5,4990,田中博子,26,福岡,48,B1,3.21,10.71,2.67,11.11,38,38.81,85,52.94,曇り,南西,4,2,6.89,5,抜き,5,0.12,.  .,0.2,0.2018292682926829,0,14,1,0,0,0,0,0,0,0,0,0,0.0,0.07142857142857142,0.0,0.0,0.0,0.0,0.0,0.0,0.0,0.0,0.0
2023-09-06,多摩川,9,予選,6,4936,戸敷晃美,27,福岡,47,A2,4.57,28.4,0.0,0.0,17,31.65,45,36.92,曇り,南西,4,2,6.83,4,抜き,6,0.15,1.54.4,0.1975,0.1674842767295597,1,36,3,7,0,0,0,0,1,0,0,0,0.027777777777777776,0.08333333333333333,0.19444444444444445,0.0,0.0,0.0,0.0,0.027777777777777776,0.0,0.0,0.0
2023-09-06,多摩川,10,予選特賞,1,3232,山川美由,56,香川,47,A2,6.13,44.12,5.95,45.45,45,33.82,22,38.36,曇り,南西,3,2,6.77,1,逃げ,1,0.16,1.50.5,0.1251162790697674,0.1510614525139664,26,43,7,4,25,0,0,0,0,9,5,3,0.6046511627906976,0.16279069767441862,0.09302325581395349,0.5813953488372093,0.0,0.0,0.0,0.0,0.20930232558139536,0.11627906976744186,0.06976744186046512
2023-09-06,多摩川,10,予選特賞,2,4484,稲生夏季,33,東京,49,B1,4.56,16.88,4.63,18.52,40,46.15,63,32.84,曇り,南西,3,2,6.73,3,逃げ,2,0.18,1.52.4,0.1703333333333333,0.1876966292134831,2,30,4,10,1,14,0,1,0,0,0,0,0.06666666666666667,0.13333333333333333,0.3333333333333333,0.03333333333333333,0.4666666666666667,0.0,0.03333333333333333,0.0,0.0,0.0,0.0
2023-09-06,多摩川,10,予選特賞,3,4243,西村　歩,37,大阪,47,B1,5.72,35.79,0.0,0.0,74,53.52,71,36.11,曇り,南西,3,2,6.75,2,逃げ,3,0.14,1.51.7,0.152,0.1692432432432432,2,25,8,9,0,0,2,0,0,0,0,0,0.08,0.32,0.36,0.0,0.0,0.08,0.0,0.0,0.0,0.0,0.0
2023-09-06,多摩川,10,予選特賞,4,4240,今井裕梨,39,群馬,44,A2,6.3,50.52,5.0,35.14,21,49.25,32,48.68,曇り,南西,3,2,6.79,5,逃げ,4,0.19,.  .,0.1451282051282051,0.1447413793103448,5,39,7,2,0,0,0,1,4,0,0,0,0.1282051282051282,0.1794871794871795,0.05128205128205128,0.0,0.0,0.0,0.02564102564102564,0.10256410256410256,0.0,0.0,0.0
2023-09-06,多摩川,10,予選特賞,5,4275,菅野はや,40,広島,51,B1,3.96,16.25,3.32,15.79,61,40.0,65,41.79,曇り,南西,3,2,6.81,6,逃げ,5,0.29,.  .,0.1681081081081081,0.1823350253807106,1,37,4,3,0,0,1,0,0,0,0,0,0.02702702702702703,0.10810810810810811,0.08108108108108109,0.0,0.0,0.02702702702702703,0.0,0.0,0.0,0.0,0.0
2023-09-06,多摩川,10,予選特賞,6,4482,守屋美穂,34,岡山,45,A1,7.19,51.82,7.74,67.74,73,34.33,33,34.33,曇り,南西,3,2,6.7,4,逃げ,6,0.23,1.52.5,0.1718918918918919,0.146,3,37,4,12,0,0,2,0,0,0,0,0,0.08108108108108109,0.10810810810810811,0.32432432432432434,0.0,0.0,0.05405405405405406,0.0,0.0,0.0,0.0,0.0
2023-09-06,多摩川,11,予選特選,1,4590,渡邉優美,30,福岡,48,A1,7.21,56.73,7.0,47.22,50,38.24,79,29.41,曇り,北西,3,2,6.77,1,逃げ,1,0.13,1.49.3,0.1425757575757575,0.1331439393939394,48,66,7,6,47,0,0,0,0,6,3,7,0.7272727272727273,0.10606060606060606,0.09090909090909091,0.7121212121212122,0.0,0.0,0.0,0.0,0.09090909090909091,0.045454545454545456,0.10606060606060606
2023-09-06,多摩川,11,予選特選,2,5146,野田彩加,20,山口,49,B1,3.17,10.61,3.32,10.53,48,40.98,56,39.13,曇り,北西,3,2,6.79,2,逃げ,2,0.17,1.52.2,0.2378260869565217,0.2403973509933774,1,23,2,5,0,11,1,0,0,0,0,0,0.043478260869565216,0.08695652173913043,0.21739130434782608,0.0,0.4782608695652174,0.043478260869565216,0.0,0.0,0.0,0.0,0.0
2023-09-06,多摩川,11,予選特選,3,4642,松尾夏海,31,香川,45,A2,6.05,42.37,5.95,40.0,56,37.66,41,31.88,曇り,北西,3,2,6.7,3,逃げ,3,0.12,1.53.3,0.1571428571428571,0.1533082706766917,4,21,3,2,0,0,1,3,0,0,0,0,0.19047619047619047,0.14285714285714285,0.09523809523809523,0.0,0.0,0.047619047619047616,0.14285714285714285,0.0,0.0,0.0,0.0
2023-09-06,多摩川,11,予選特選,4,4680,後藤美翼,33,東京,45,B1,5.6,34.91,5.53,35.0,75,31.43,37,39.73,曇り,北西,3,2,6.81,4,逃げ,4,0.09,1.54.0,0.1983333333333333,0.2038425925925926,2,36,5,9,0,0,0,0,1,0,0,0,0.05555555555555555,0.1388888888888889,0.25,0.0,0.0,0.0,0.0,0.027777777777777776,0.0,0.0,0.0
2023-09-06,多摩川,11,予選特選,5,4993,下野京香,25,東京,47,B1,4.84,26.23,3.78,11.11,33,34.29,80,52.78,曇り,北西,3,2,6.83,5,逃げ,5,0.13,.  .,0.2168181818181818,0.2009868421052631,1,22,3,4,0,0,0,0,0,0,0,0,0.045454545454545456,0.13636363636363635,0.18181818181818182,0.0,0.0,0.0,0.0,0.0,0.0,0.0,0.0
2023-09-06,多摩川,11,予選特選,6,3674,岸　恵子,50,徳島,46,A2,5.54,38.46,3.96,23.08,68,30.14,34,43.06,曇り,北西,3,2,6.8,6,逃げ,6,0.13,.  .,0.1854166666666666,0.1562941176470588,0,24,1,4,0,0,0,0,0,0,0,0,0.0,0.041666666666666664,0.16666666666666666,0.0,0.0,0.0,0.0,0.0,0.0,0.0,0.0
2023-09-06,多摩川,12,ドリーム２ｎ,1,4456,鎌倉　涼,34,大阪,44,A2,7.91,71.64,7.0,56.0,39,38.71,35,31.34,雨,北,1,2,6.8,1,逃げ,1,0.27,1.49.4,0.1412195121951219,0.1662576687116564,32,41,6,3,32,0,0,0,0,4,3,2,0.7804878048780488,0.14634146341463414,0.07317073170731707,0.7804878048780488,0.0,0.0,0.0,0.0,0.0975609756097561,0.07317073170731707,0.04878048780487805
2023-09-06,多摩川,12,ドリーム２ｎ,2,4387,平山智加,38,香川,46,A1,7.07,55.65,7.02,52.38,29,42.25,57,34.78,雨,北,1,2,6.77,4,逃げ,2,0.22,1.53.4,0.1575609756097561,0.1521900826446281,8,41,15,8,0,24,1,7,0,0,0,0,0.1951219512195122,0.36585365853658536,0.1951219512195122,0.0,0.5853658536585366,0.024390243902439025,0.17073170731707318,0.0,0.0,0.0,0.0
2023-09-06,多摩川,12,ドリーム２ｎ,3,3618,海野ゆか,49,広島,44,A2,6.2,42.72,6.1,41.38,51,25.0,27,29.41,雨,北,1,2,6.82,2,逃げ,3,0.21,1.51.0,0.157906976744186,0.1721052631578947,9,43,9,10,0,0,1,5,2,0,0,0,0.20930232558139536,0.20930232558139536,0.23255813953488372,0.0,0.0,0.023255813953488372,0.11627906976744186,0.046511627906976744,0.0,0.0,0.0
2023-09-06,多摩川,12,ドリーム２ｎ,4,4627,藤原菜希,37,東京,47,A2,6.48,51.38,5.85,46.15,11,31.34,52,31.88,雨,北,1,2,6.79,3,逃げ,4,0.17,1.52.5,0.165813953488372,0.1394422310756972,9,43,8,10,0,0,1,4,2,0,0,0,0.20930232558139536,0.18604651162790697,0.23255813953488372,0.0,0.0,0.023255813953488372,0.09302325581395349,0.046511627906976744,0.0,0.0,0.0
2023-09-06,多摩川,12,ドリーム２ｎ,5,3845,中谷朋子,46,兵庫,45,A1,7.13,54.87,5.33,38.1,24,42.67,76,29.41,雨,北,1,2,6.84,5,逃げ,5,0.24,.  .,0.1921212121212121,0.1869827586206896,4,33,6,10,0,0,0,2,1,0,0,0,0.12121212121212122,0.18181818181818182,0.30303030303030304,0.0,0.0,0.0,0.06060606060606061,0.030303030303030304,0.0,0.0,0.0
2023-09-06,多摩川,12,ドリーム２ｎ,6,4045,佐々木裕,43,山口,47,A2,5.21,39.6,5.95,36.36,18,37.5,50,55.88,雨,北,1,2,6.86,6,逃げ,6,0.23,.  .,0.183125,0.1593838862559241,1,32,3,1,0,0,0,1,0,0,0,0,0.03125,0.09375,0.03125,0.0,0.0,0.0,0.03125,0.0,0.0,0.0,0.0
2023-09-06,平和島,1,予選,1,4093,吉田宗弘,42,東京,49,B1,4.18,22.06,5.09,29.31,23,42.22,53,32.14,曇り,南,2,3,6.87,3,差し,1,0.19,1.54.6,0.1866666666666666,0.2084027777777778,7,27,4,6,7,0,0,0,0,7,8,4,0.25925925925925924,0.14814814814814814,0.2222222222222222,0.25925925925925924,0.0,0.0,0.0,0.0,0.25925925925925924,0.2962962962962963,0.14814814814814814
2023-09-06,平和島,1,予選,2,4871,菊池宏志,31,山口,54,B1,3.72,14.81,3.11,22.22,45,24.44,71,16.67,曇り,南,2,3,6.94,4,差し,2,0.17,1.55.5,0.22,0.1945544554455445,1,18,2,7,0,12,1,0,0,0,0,0,0.05555555555555555,0.1111111111111111,0.3888888888888889,0.0,0.6666666666666666,0.05555555555555555,0.0,0.0,0.0,0.0,0.0
2023-09-06,平和島,1,予選,3,4124,池田雄一,41,静岡,53,A1,6.21,47.66,5.41,41.18,67,42.22,44,34.88,曇り,南,2,3,6.83,2,差し,3,0.2,1.53.2,0.1561363636363636,0.1621074380165289,6,44,17,12,0,0,0,3,2,0,0,0,0.13636363636363635,0.38636363636363635,0.2727272727272727,0.0,0.0,0.0,0.06818181818181818,0.045454545454545456,0.0,0.0,0.0
2023-09-06,平和島,1,予選,4,3805,高橋英之,49,東京,52,A2,5.69,37.89,6.01,39.29,63,39.13,70,27.78,曇り,南,2,3,6.99,1,差し,4,0.17,1.52.4,0.1116129032258064,0.131421568627451,7,31,4,7,0,0,0,5,2,0,0,0,0.22580645161290322,0.12903225806451613,0.22580645161290322,0.0,0.0,0.0,0.16129032258064516,0.06451612903225806,0.0,0.0,0.0
2023-09-06,平和島,1,予選,5,3965,北中元樹,44,滋賀,57,A2,5.14,27.27,5.19,43.75,54,22.22,69,30.23,曇り,南,2,3,7.09,6,差し,5,0.19,.  .,0.155,0.1648547717842323,4,40,3,8,0,0,0,1,3,0,0,0,0.1,0.075,0.2,0.0,0.0,0.0,0.025,0.075,0.0,0.0,0.0
2023-09-06,平和島,1,予選,6,5301,岩下巧斗,20,群馬,51,B2,1.93,0.0,0.0,0.0,47,45.45,16,36.0,曇り,南,2,3,6.97,5,差し,6,0.19,.  .,0.2024324324324324,0.1916666666666666,0,37,0,2,0,0,0,0,0,0,0,0,0.0,0.0,0.05405405405405406,0.0,0.0,0.0,0.0,0.0,0.0,0.0,0.0
2023-09-06,平和島,2,予選,1,3653,品川賢次,50,群馬,57,B1,4.85,20.24,4.89,25.93,53,13.64,65,23.81,曇り,南,3,3,6.96,5,差し,1,0.11,.  .,0.1811111111111111,0.1968181818181818,13,36,6,6,12,0,0,0,0,10,5,7,0.3611111111111111,0.16666666666666666,0.16666666666666666,0.3333333333333333,0.0,0.0,0.0,0.0,0.2777777777777778,0.1388888888888889,0.19444444444444445
2023-09-06,平和島,2,予選,2,4377,濱本優一,39,大阪,49,A1,6.08,45.19,6.62,53.85,58,26.19,11,50.98,曇り,南,3,3,6.93,1,差し,2,0.15,1.52.7,0.1413333333333333,0.153943661971831,9,45,13,10,0,24,5,0,0,0,0,0,0.2,0.28888888888888886,0.2222222222222222,0.0,0.5333333333333333,0.1111111111111111,0.0,0.0,0.0,0.0,0.0
2023-09-06,平和島,2,予選,3,3505,山田竜一,52,東京,53,A2,5.47,25.0,5.74,34.21,29,44.44,61,20.45,曇り,南,3,3,6.96,2,差し,3,0.09,1.53.7,0.1526190476190476,0.1566046511627907,6,42,7,12,0,0,0,3,2,0,0,0,0.14285714285714285,0.16666666666666666,0.2857142857142857,0.0,0.0,0.0,0.07142857142857142,0.047619047619047616,0.0,0.0,0.0
2023-09-06,平和島,2,予選,4,3831,安藤裕貴,49,愛知,54,B1,4.47,22.92,3.72,22.22,41,30.43,51,38.0,曇り,南,3,3,6.95,6,差し,4,0.11,.  .,0.1502941176470588,0.1571748878923766,3,34,3,6,0,0,0,2,1,0,0,0,0.08823529411764706,0.08823529411764706,0.17647058823529413,0.0,0.0,0.0,0.058823529411764705,0.029411764705882353,0.0,0.0,0.0
2023-09-06,平和島,2,予選,5,4114,深澤達徳,42,東京,52,A2,5.46,31.25,5.66,35.19,11,31.11,54,42.86,曇り,南,3,3,6.92,4,差し,5,0.11,1.56.6,0.1689999999999999,0.1712605042016806,2,40,3,7,0,0,0,0,2,0,0,0,0.05,0.075,0.175,0.0,0.0,0.0,0.0,0.05,0.0,0.0,0.0
2023-09-06,平和島,2,予選,6,4144,石塚久也,42,埼玉,52,B1,6.15,44.71,6.38,50.0,70,35.56,47,41.86,曇り,南,3,3,6.99,3,差し,6,0.13,1.54.6,0.1783333333333333,0.1735294117647058,1,18,2,5,0,0,0,0,1,0,0,0,0.05555555555555555,0.1111111111111111,0.2777777777777778,0.0,0.0,0.0,0.0,0.05555555555555555,0.0,0.0,0.0
2023-09-06,平和島,3,予選,1,4663,籾山佳岳,40,愛知,52,B2,4.93,29.41,4.36,8.0,59,34.78,14,42.62,雨,南,1,3,6.99,4,まくり差し,1,0.19,1.55.6,0.1442857142857143,0.167032967032967,7,14,2,4,5,0,0,0,0,2,3,1,0.5,0.14285714285714285,0.2857142857142857,0.35714285714285715,0.0,0.0,0.0,0.0,0.14285714285714285,0.21428571428571427,0.07142857142857142
2023-09-06,平和島,3,予選,2,4089,妹尾忠幸,43,岡山,55,A1,6.09,39.69,5.56,22.22,60,38.78,55,28.26,雨,南,1,3,6.94,2,まくり差し,2,0.22,1.52.7,0.1495744680851063,0.1606688963210702,8,47,16,11,0,27,4,2,0,0,0,0,0.1702127659574468,0.3404255319148936,0.23404255319148937,0.0,0.574468085106383,0.0851063829787234,0.0425531914893617,0.0,0.0,0.0,0.0
2023-09-06,平和島,3,予選,3,3656,伯母芳恒,49,東京,56,A2,4.58,28.21,5.67,38.28,73,47.73,72,19.51,雨,南,1,3,7.02,6,まくり差し,3,0.27,.  .,0.1505555555555555,0.1680263157894737,6,36,7,8,0,0,1,1,3,0,0,0,0.16666666666666666,0.19444444444444445,0.2222222222222222,0.0,0.0,0.027777777777777776,0.027777777777777776,0.08333333333333333,0.0,0.0,0.0
2023-09-06,平和島,3,予選,4,3319,山崎義明,56,埼玉,53,A2,5.8,35.56,5.92,37.84,55,33.33,12,33.33,雨,南,1,3,6.99,3,まくり差し,4,0.14,1.53.9,0.1463414634146341,0.1459437751004016,7,41,4,8,0,0,3,2,2,0,0,0,0.17073170731707318,0.0975609756097561,0.1951219512195122,0.0,0.0,0.07317073170731707,0.04878048780487805,0.04878048780487805,0.0,0.0,0.0
2023-09-06,平和島,3,予選,5,3340,池田雷太,58,東京,54,B1,4.45,23.73,4.72,24.24,75,38.64,17,54.9,雨,南,1,3,6.95,1,まくり差し,5,0.11,1.51.7,0.1928571428571428,0.1842585551330798,1,42,8,8,0,0,0,1,0,0,0,0,0.023809523809523808,0.19047619047619047,0.19047619047619047,0.0,0.0,0.0,0.023809523809523808,0.0,0.0,0.0,0.0
2023-09-06,平和島,3,予選,6,4539,金子賢志,32,群馬,52,A2,5.69,40.63,6.49,49.25,37,28.21,74,44.44,雨,南,1,3,6.98,5,まくり差し,6,0.11,.  .,0.1945,0.1528292682926829,0,40,2,7,0,0,0,0,0,0,0,0,0.0,0.05,0.175,0.0,0.0,0.0,0.0,0.0,0.0,0.0,0.0
2023-09-06,平和島,4,予選,1,4211,村田　敦,40,東京,59,B1,3.97,22.81,4.14,19.44,44,38.64,49,23.91,曇り,南,1,3,6.98,5,差し,1,0.17,.  .,0.1718918918918919,0.1539299610894941,9,37,10,3,8,0,0,0,0,14,2,6,0.24324324324324326,0.2702702702702703,0.08108108108108109,0.21621621621621623,0.0,0.0,0.0,0.0,0.3783783783783784,0.05405405405405406,0.16216216216216217
2023-09-06,平和島,4,予選,2,4120,柘植政浩,42,滋賀,53,A2,5.49,36.61,6.56,48.0,65,44.44,73,37.21,曇り,南,1,3,6.85,1,差し,2,0.14,1.51.8,0.1545652173913043,0.1569581749049429,4,46,21,4,0,29,3,1,0,0,0,0,0.08695652173913043,0.45652173913043476,0.08695652173913043,0.0,0.6304347826086957,0.06521739130434782,0.021739130434782608,0.0,0.0,0.0,0.0
2023-09-06,平和島,4,予選,3,4847,佐藤隆太,29,東京,54,A1,6.61,50.85,6.63,47.14,39,21.43,41,44.9,曇り,南,1,3,6.88,2,差し,3,0.09,1.53.1,0.1439130434782608,0.1464620938628159,7,46,15,10,0,0,2,2,3,0,0,0,0.15217391304347827,0.32608695652173914,0.21739130434782608,0.0,0.0,0.043478260869565216,0.043478260869565216,0.06521739130434782,0.0,0.0,0.0
2023-09-06,平和島,4,予選,4,4462,夏山亮平,37,大阪,58,A2,5.31,29.41,3.5,5.56,52,38.78,67,45.65,曇り,南,1,3,6.85,6,差し,4,0.08,.  .,0.1074193548387096,0.1406770833333333,4,31,10,3,0,0,0,2,2,0,0,0,0.12903225806451613,0.3225806451612903,0.0967741935483871,0.0,0.0,0.0,0.06451612903225806,0.06451612903225806,0.0,0.0,0.0
2023-09-06,平和島,4,予選,5,3659,藤生雄人,48,群馬,53,A2,5.89,40.54,5.63,32.2,28,18.18,45,37.78,曇り,南,1,3,6.88,3,差し,5,0.08,1.55.0,0.1630555555555555,0.1611111111111111,1,36,7,7,0,0,0,1,0,0,0,0,0.027777777777777776,0.19444444444444445,0.19444444444444445,0.0,0.0,0.0,0.027777777777777776,0.0,0.0,0.0,0.0
2023-09-06,平和島,4,予選,6,4864,小川日紀,34,福岡,53,B1,4.32,24.05,0.0,0.0,34,31.11,50,29.79,曇り,南,1,3,6.87,4,差し,6,0.09,1.57.2,0.142,0.1381865284974093,1,25,0,4,0,0,0,1,0,0,0,0,0.04,0.0,0.16,0.0,0.0,0.0,0.04,0.0,0.0,0.0,0.0
2023-09-06,平和島,5,東京ベイラン,1,4933,板橋侑我,27,静岡,53,A1,6.01,39.19,6.25,12.5,22,36.36,40,32.43,曇り,南,4,3,6.84,1,逃げ,1,0.16,1.52.5,0.1365306122448979,0.1300869565217391,26,49,12,3,25,0,0,0,0,2,9,8,0.5306122448979592,0.24489795918367346,0.061224489795918366,0.5102040816326531,0.0,0.0,0.0,0.0,0.04081632653061224,0.1836734693877551,0.16326530612244897
2023-09-06,平和島,5,東京ベイラン,2,3948,大町利克,47,大阪,55,B1,4.2,22.54,4.05,20.51,24,21.28,58,32.56,曇り,南,4,3,6.91,5,逃げ,2,0.18,.  .,0.2062068965517241,0.1987058823529411,1,29,8,4,0,17,1,0,0,0,0,0,0.034482758620689655,0.27586206896551724,0.13793103448275862,0.0,0.5862068965517241,0.034482758620689655,0.0,0.0,0.0,0.0,0.0
2023-09-06,平和島,5,東京ベイラン,3,3141,山来和人,61,東京,55,B1,4.27,19.28,4.63,30.77,10,50.0,63,20.45,曇り,南,4,3,6.92,2,逃げ,3,0.19,1.54.4,0.1891891891891892,0.1914146341463414,3,37,3,6,0,0,1,1,1,0,0,0,0.08108108108108109,0.08108108108108109,0.16216216216216217,0.0,0.0,0.02702702702702703,0.02702702702702703,0.02702702702702703,0.0,0.0,0.0
2023-09-06,平和島,5,東京ベイラン,4,4871,菊池宏志,31,山口,54,B1,3.72,14.81,3.11,22.22,45,24.44,71,16.67,曇り,南,4,3,6.9,4,逃げ,4,0.18,1.56.4,0.2047619047619047,0.1945544554455445,1,21,0,0,0,0,0,1,0,0,0,0,0.047619047619047616,0.0,0.0,0.0,0.0,0.0,0.047619047619047616,0.0,0.0,0.0,0.0
2023-09-06,平和島,5,東京ベイラン,5,3385,渡邉睦広,54,東京,52,B1,5.61,32.04,6.11,47.54,32,31.91,56,23.64,曇り,南,4,3,6.96,3,逃げ,5,0.19,1.55.5,0.1803333333333333,0.1614423076923077,2,30,3,6,0,0,0,1,0,0,0,0,0.06666666666666667,0.1,0.2,0.0,0.0,0.0,0.03333333333333333,0.0,0.0,0.0,0.0
2023-09-06,平和島,5,東京ベイラン,6,5229,吉川晴人,20,滋賀,54,B1,3.01,6.58,0.0,0.0,33,33.33,60,32.61,曇り,南,4,3,6.91,6,逃げ,6,0.26,.  .,0.18,0.1667096774193548,0,41,1,4,0,0,0,0,0,0,0,0,0.0,0.024390243902439025,0.0975609756097561,0.0,0.0,0.0,0.0,0.0,0.0,0.0,0.0
2023-09-06,平和島,6,予選,1,3381,滝沢芳行,55,埼玉,53,B1,5.65,39.32,4.27,21.82,38,52.27,57,31.91,曇り,南,4,3,6.93,1,逃げ,1,0.25,1.52.3,0.1389999999999999,0.1490094339622641,15,30,8,3,14,0,0,0,0,9,4,1,0.5,0.26666666666666666,0.1,0.4666666666666667,0.0,0.0,0.0,0.0,0.3,0.13333333333333333,0.03333333333333333
2023-09-06,平和島,6,予選,2,4345,西舘　健,38,東京,53,B1,5.48,39.08,4.98,30.68,64,28.26,66,29.55,曇り,南,4,3,7.01,3,逃げ,5,0.21,1.55.2,0.1873333333333333,0.1700598802395209,3,30,6,5,0,14,1,0,0,0,0,0,0.1,0.2,0.16666666666666666,0.0,0.4666666666666667,0.03333333333333333,0.0,0.0,0.0,0.0,0.0
2023-09-06,平和島,6,予選,3,4076,杉田篤光,45,静岡,51,A2,5.52,34.58,5.53,34.29,57,34.78,75,31.37,曇り,南,4,3,6.96,4,逃げ,2,0.29,1.57.1,0.1761702127659574,0.1855673758865248,9,47,13,7,0,0,1,5,2,0,0,0,0.19148936170212766,0.2765957446808511,0.14893617021276595,0.0,0.0,0.02127659574468085,0.10638297872340426,0.0425531914893617,0.0,0.0,0.0
2023-09-06,平和島,6,予選,4,3467,森　弘行,54,東京,53,B1,3.91,17.0,3.91,19.53,43,35.85,39,30.56,曇り,南,4,3,7.05,5,逃げ,6,0.19,.  .,0.1806666666666666,0.1808733624454148,0,30,2,6,0,0,0,0,0,0,0,0,0.0,0.06666666666666667,0.2,0.0,0.0,0.0,0.0,0.0,0.0,0.0,0.0
2023-09-06,平和島,6,予選,5,4872,山下流心,30,広島,51,A2,5.39,35.43,6.55,45.45,16,58.33,59,29.55,曇り,南,4,3,7.09,2,逃げ,3,0.25,1.53.9,0.1827450980392156,0.1637762237762237,2,51,6,9,0,0,0,0,2,0,0,0,0.0392156862745098,0.11764705882352941,0.17647058823529413,0.0,0.0,0.0,0.0,0.0392156862745098,0.0,0.0,0.0
2023-09-06,平和島,6,予選,6,4199,北川潤二,41,愛知,57,A1,6.67,52.14,6.04,30.43,12,31.82,64,29.41,曇り,南,4,3,6.99,6,逃げ,4,0.25,.  .,0.14175,0.1269318181818181,3,40,15,10,0,0,0,2,0,0,0,0,0.075,0.375,0.25,0.0,0.0,0.0,0.05,0.0,0.0,0.0,0.0
2023-09-06,平和島,7,予選,1,4111,奥田　誠,43,広島,55,A2,5.19,32.48,5.39,27.78,49,28.89,10,29.17,曇り,南,4,3,6.96,3,まくり差し,1,0.2,1.55.2,0.1646511627906976,0.1935521235521235,23,43,9,2,21,0,0,0,0,9,2,6,0.5348837209302325,0.20930232558139536,0.046511627906976744,0.4883720930232558,0.0,0.0,0.0,0.0,0.20930232558139536,0.046511627906976744,0.13953488372093023
2023-09-06,平和島,7,予選,2,4570,前田聖文,35,愛知,53,A2,5.86,40.63,6.34,48.78,26,27.27,68,34.21,曇り,南,4,3,6.94,2,まくり差し,2,0.18,1.53.6,0.1387499999999999,0.1437860082304526,6,40,17,3,1,25,3,1,0,0,0,0,0.15,0.425,0.075,0.025,0.625,0.075,0.025,0.0,0.0,0.0,0.0
2023-09-06,平和島,7,予選,3,4093,吉田宗弘,42,東京,49,B1,4.18,22.06,5.09,29.31,23,42.22,53,32.14,曇り,南,4,3,6.98,4,まくり差し,3,0.29,1.57.2,0.1977777777777777,0.2084027777777778,1,27,2,4,0,0,1,0,0,0,0,0,0.037037037037037035,0.07407407407407407,0.14814814814814814,0.0,0.0,0.037037037037037035,0.0,0.0,0.0,0.0,0.0
2023-09-06,平和島,7,予選,4,4953,尾上雅也,28,埼玉,53,A1,6.16,44.96,4.22,29.63,62,30.43,48,32.61,曇り,南,4,3,6.95,1,まくり差し,4,0.14,1.52.2,0.151,0.1559712230215827,11,50,9,7,0,0,1,8,2,0,0,0,0.22,0.18,0.14,0.0,0.0,0.02,0.16,0.04,0.0,0.0,0.0
2023-09-06,平和島,7,予選,5,5070,中島　航,29,東京,51,A2,4.1,23.08,5.0,35.85,21,34.04,15,19.44,曇り,南,4,3,6.87,6,まくり差し,5,0.21,.  .,0.1877419354838709,0.1817857142857142,2,31,5,1,0,0,0,1,1,0,0,0,0.06451612903225806,0.16129032258064516,0.03225806451612903,0.0,0.0,0.0,0.03225806451612903,0.03225806451612903,0.0,0.0,0.0
2023-09-06,平和島,7,予選,6,4425,大井清貴,38,山口,56,B1,5.3,31.4,0.0,0.0,13,39.62,13,30.91,曇り,南,4,3,7.12,5,まくり差し,6,0.25,.  .,0.1846428571428571,0.1728846153846154,1,28,1,7,0,0,0,0,1,0,0,0,0.03571428571428571,0.03571428571428571,0.25,0.0,0.0,0.0,0.0,0.03571428571428571,0.0,0.0,0.0
2023-09-06,平和島,8,予選,1,3505,山田竜一,52,東京,53,A2,5.47,25.0,5.74,34.21,29,44.44,61,20.45,曇り,南,4,4,6.92,1,逃げ,1,0.14,1.52.1,0.1711764705882353,0.1566046511627907,15,34,4,6,13,0,0,0,0,6,4,8,0.4411764705882353,0.11764705882352941,0.17647058823529413,0.38235294117647056,0.0,0.0,0.0,0.0,0.17647058823529413,0.11764705882352941,0.23529411764705882
2023-09-06,平和島,8,予選,2,4539,金子賢志,32,群馬,52,A2,5.69,40.63,6.49,49.25,37,28.21,74,44.44,曇り,南,4,4,6.9,6,逃げ,2,0.18,.  .,0.1491428571428571,0.1528292682926829,8,35,6,6,1,16,5,2,0,0,0,0,0.22857142857142856,0.17142857142857143,0.17142857142857143,0.02857142857142857,0.45714285714285713,0.14285714285714285,0.05714285714285714,0.0,0.0,0.0,0.0
2023-09-06,平和島,8,予選,3,4211,村田　敦,40,東京,59,B1,3.97,22.81,4.14,19.44,44,38.64,49,23.91,曇り,南,4,4,7.1,5,逃げ,3,0.21,.  .,0.1476086956521739,0.1539299610894941,3,46,6,7,0,0,0,2,1,0,0,0,0.06521739130434782,0.13043478260869565,0.15217391304347827,0.0,0.0,0.0,0.043478260869565216,0.021739130434782608,0.0,0.0,0.0
2023-09-06,平和島,8,予選,4,3951,石川吉鎬,47,大阪,55,A2,5.56,34.26,0.0,0.0,40,28.89,43,36.73,曇り,南,4,4,6.99,4,逃げ,4,0.19,1.55.6,0.1747619047619047,0.1801190476190476,2,42,9,13,0,0,1,0,1,0,0,0,0.047619047619047616,0.21428571428571427,0.30952380952380953,0.0,0.0,0.023809523809523808,0.0,0.023809523809523808,0.0,0.0,0.0
2023-09-06,平和島,8,予選,5,4831,羽野直也,28,福岡,55,A1,8.23,64.38,8.24,58.62,25,29.55,46,37.04,曇り,南,4,4,6.91,2,逃げ,5,0.13,1.53.8,0.1137142857142857,0.123578431372549,1,35,6,11,0,0,0,0,1,0,0,0,0.02857142857142857,0.17142857142857143,0.3142857142857143,0.0,0.0,0.0,0.0,0.02857142857142857,0.0,0.0,0.0
2023-09-06,平和島,8,予選,6,4565,西村豪洋,35,愛知,53,B1,4.99,26.76,4.13,25.0,69,31.82,52,25.53,曇り,南,4,4,6.86,3,逃げ,6,0.18,1.55.6,0.1817857142857142,0.1735975609756097,1,28,2,4,0,0,0,0,1,0,0,0,0.03571428571428571,0.07142857142857142,0.14285714285714285,0.0,0.0,0.0,0.0,0.03571428571428571,0.0,0.0,0.0
2023-09-06,平和島,9,予選特賞,1,3319,山崎義明,56,埼玉,53,A2,5.8,35.56,5.92,37.84,55,33.33,12,33.33,曇り,南,4,4,6.91,2,差し,1,0.17,1.53.0,0.1523809523809524,0.1459437751004016,24,42,10,2,23,0,0,0,0,6,5,6,0.5714285714285714,0.23809523809523808,0.047619047619047616,0.5476190476190477,0.0,0.0,0.0,0.0,0.14285714285714285,0.11904761904761904,0.14285714285714285
2023-09-06,平和島,9,予選特賞,2,3805,高橋英之,49,東京,52,A2,5.69,37.89,6.01,39.29,63,39.13,70,27.78,曇り,南,4,4,7.03,6,差し,2,0.08,.  .,0.1351515151515151,0.131421568627451,5,33,12,6,0,18,3,2,0,0,0,0,0.15151515151515152,0.36363636363636365,0.18181818181818182,0.0,0.5454545454545454,0.09090909090909091,0.06060606060606061,0.0,0.0,0.0,0.0
2023-09-06,平和島,9,予選特賞,3,4120,柘植政浩,42,滋賀,53,A2,5.49,36.61,6.56,48.0,65,44.44,73,37.21,曇り,南,4,4,6.86,1,差し,3,0.06,1.51.4,0.1474468085106383,0.1569581749049429,7,47,15,13,0,0,1,4,2,0,0,0,0.14893617021276595,0.3191489361702128,0.2765957446808511,0.0,0.0,0.02127659574468085,0.0851063829787234,0.0425531914893617,0.0,0.0,0.0
2023-09-06,平和島,9,予選特賞,4,3653,品川賢次,50,群馬,57,B1,4.85,20.24,4.89,25.93,53,13.64,65,23.81,曇り,南,4,4,6.91,4,差し,4,0.08,1.56.1,0.1948780487804878,0.1968181818181818,0,41,4,13,0,0,0,0,0,0,0,0,0.0,0.0975609756097561,0.3170731707317073,0.0,0.0,0.0,0.0,0.0,0.0,0.0,0.0
2023-09-06,平和島,9,予選特賞,5,3948,大町利克,47,大阪,55,B1,4.2,22.54,4.05,20.51,24,21.28,58,32.56,曇り,南,4,4,6.94,5,差し,5,0.1,.  .,0.1728571428571428,0.1987058823529411,0,28,2,5,0,0,0,0,0,0,0,0,0.0,0.07142857142857142,0.17857142857142858,0.0,0.0,0.0,0.0,0.0,0.0,0.0,0.0
2023-09-06,平和島,9,予選特賞,6,4842,山下昂大,31,岡山,55,A1,6.27,45.45,0.0,0.0,66,37.21,62,25.64,曇り,南,4,4,6.99,3,差し,6,0.14,1.54.9,0.1805,0.1392279411764705,0,40,5,8,0,0,0,0,0,0,0,0,0.0,0.125,0.2,0.0,0.0,0.0,0.0,0.0,0.0,0.0,0.0
2023-09-06,平和島,10,予選特賞,1,4872,山下流心,30,広島,51,A2,5.39,35.43,6.55,45.45,16,58.33,59,29.55,曇り,南,4,4,6.9,1,逃げ,1,0.17,1.51.6,0.1378431372549019,0.1637762237762237,21,51,9,8,19,0,0,0,0,13,10,1,0.4117647058823529,0.17647058823529413,0.1568627450980392,0.37254901960784315,0.0,0.0,0.0,0.0,0.2549019607843137,0.19607843137254902,0.0196078431372549
2023-09-06,平和島,10,予選特賞,2,3385,渡邉睦広,54,東京,52,B1,5.61,32.04,6.11,47.54,32,31.91,56,23.64,曇り,南,4,4,6.97,2,逃げ,2,0.2,1.53.8,0.1551219512195122,0.1614423076923077,10,41,10,10,0,20,7,2,0,0,0,0,0.24390243902439024,0.24390243902439024,0.24390243902439024,0.0,0.4878048780487805,0.17073170731707318,0.04878048780487805,0.0,0.0,0.0,0.0
2023-09-06,平和島,10,予選特賞,3,3659,藤生雄人,48,群馬,53,A2,5.89,40.54,5.63,32.2,28,18.18,45,37.78,曇り,南,4,4,7.01,3,逃げ,3,0.21,1.54.7,0.1597619047619047,0.1611111111111111,3,42,13,10,0,0,0,1,2,0,0,0,0.07142857142857142,0.30952380952380953,0.23809523809523808,0.0,0.0,0.0,0.023809523809523808,0.047619047619047616,0.0,0.0,0.0
2023-09-06,平和島,10,予選特賞,4,4663,籾山佳岳,40,愛知,52,B2,4.93,29.41,4.36,8.0,59,34.78,14,42.62,曇り,南,4,4,7.04,6,逃げ,4,0.21,.  .,0.16875,0.167032967032967,3,16,5,2,0,0,1,0,2,0,0,0,0.1875,0.3125,0.125,0.0,0.0,0.0625,0.0,0.125,0.0,0.0,0.0
2023-09-06,平和島,10,予選特賞,5,4377,濱本優一,39,大阪,49,A1,6.08,45.19,6.62,53.85,58,26.19,11,50.98,曇り,南,4,4,6.96,4,逃げ,5,0.22,1.55.1,0.1593478260869565,0.153943661971831,7,46,7,9,0,0,0,3,2,0,0,0,0.15217391304347827,0.15217391304347827,0.1956521739130435,0.0,0.0,0.0,0.06521739130434782,0.043478260869565216,0.0,0.0,0.0
2023-09-06,平和島,10,予選特賞,6,3965,北中元樹,44,滋賀,57,A2,5.14,27.27,5.19,43.75,54,22.22,69,30.23,曇り,南,4,4,7.03,5,逃げ,6,0.19,.  .,0.211025641025641,0.1648547717842323,0,39,4,6,0,0,0,0,0,0,0,0,0.0,0.10256410256410256,0.15384615384615385,0.0,0.0,0.0,0.0,0.0,0.0,0.0,0.0
2023-09-06,平和島,11,予選特選,1,4124,池田雄一,41,静岡,53,A1,6.21,47.66,5.41,41.18,67,42.22,44,34.88,曇り,南,4,4,6.98,1,逃げ,1,0.16,1.52.2,0.1527272727272727,0.1621074380165289,25,44,8,2,25,0,0,0,0,6,8,4,0.5681818181818182,0.18181818181818182,0.045454545454545456,0.5681818181818182,0.0,0.0,0.0,0.0,0.13636363636363635,0.18181818181818182,0.09090909090909091
2023-09-06,平和島,11,予選特選,2,3656,伯母芳恒,49,東京,56,A2,4.58,28.21,5.67,38.28,73,47.73,72,19.51,曇り,南,4,4,7.02,2,逃げ,2,0.15,1.53.9,0.1697560975609756,0.1680263157894737,6,41,13,11,0,29,3,2,1,0,0,0,0.14634146341463414,0.3170731707317073,0.2682926829268293,0.0,0.7073170731707317,0.07317073170731707,0.04878048780487805,0.024390243902439025,0.0,0.0,0.0
2023-09-06,平和島,11,予選特選,3,4144,石塚久也,42,埼玉,52,B1,6.15,44.71,6.38,50.0,70,35.56,47,41.86,曇り,南,4,4,7.02,3,逃げ,3,0.11,1.55.0,0.1545454545454545,0.1735294117647058,7,22,5,6,0,0,1,4,2,0,0,0,0.3181818181818182,0.22727272727272727,0.2727272727272727,0.0,0.0,0.045454545454545456,0.18181818181818182,0.09090909090909091,0.0,0.0,0.0
2023-09-06,平和島,11,予選特選,4,4570,前田聖文,35,愛知,53,A2,5.86,40.63,6.34,48.78,26,27.27,68,34.21,曇り,南,4,4,6.9,6,逃げ,4,0.13,.  .,0.1455555555555555,0.1437860082304526,3,45,10,10,0,0,1,0,0,0,0,0,0.06666666666666667,0.2222222222222222,0.2222222222222222,0.0,0.0,0.022222222222222223,0.0,0.0,0.0,0.0,0.0
2023-09-06,平和島,11,予選特選,5,4345,西舘　健,38,東京,53,B1,5.48,39.08,4.98,30.68,64,28.26,66,29.55,曇り,南,4,4,7.01,4,逃げ,5,0.12,1.56.4,0.164375,0.1700598802395209,3,32,8,5,0,0,0,1,2,0,0,0,0.09375,0.25,0.15625,0.0,0.0,0.0,0.03125,0.0625,0.0,0.0,0.0
2023-09-06,平和島,11,予選特選,6,4462,夏山亮平,37,大阪,58,A2,5.31,29.41,3.5,5.56,52,38.78,67,45.65,曇り,南,4,4,6.93,5,逃げ,6,0.17,.  .,0.1735714285714285,0.1406770833333333,2,28,0,4,0,0,0,0,1,0,0,0,0.07142857142857142,0.0,0.14285714285714285,0.0,0.0,0.0,0.0,0.03571428571428571,0.0,0.0,0.0
2023-09-06,平和島,12,平和島選抜,1,4831,羽野直也,28,福岡,55,A1,8.23,64.38,8.24,58.62,25,29.55,46,37.04,曇り,南,3,3,6.84,2,抜き,1,0.15,1.52.3,0.1214583333333333,0.123578431372549,39,48,6,2,37,0,1,1,0,2,2,4,0.8125,0.125,0.041666666666666664,0.7708333333333334,0.0,0.020833333333333332,0.020833333333333332,0.0,0.041666666666666664,0.041666666666666664,0.08333333333333333
2023-09-06,平和島,12,平和島選抜,2,4199,北川潤二,41,愛知,57,A1,6.67,52.14,6.04,30.43,12,31.82,64,29.41,曇り,南,3,3,6.87,4,抜き,2,0.14,1.55.5,0.1281578947368421,0.1269318181818181,5,38,14,5,0,20,2,2,0,0,0,0,0.13157894736842105,0.3684210526315789,0.13157894736842105,0.0,0.5263157894736842,0.05263157894736842,0.05263157894736842,0.0,0.0,0.0,0.0
2023-09-06,平和島,12,平和島選抜,3,4953,尾上雅也,28,埼玉,53,A1,6.16,44.96,4.22,29.63,62,30.43,48,32.61,曇り,南,3,3,6.9,1,抜き,3,0.2,1.51.1,0.1397674418604651,0.1559712230215827,9,43,12,9,1,0,1,3,4,0,0,0,0.20930232558139536,0.27906976744186046,0.20930232558139536,0.023255813953488372,0.0,0.023255813953488372,0.06976744186046512,0.09302325581395349,0.0,0.0,0.0
2023-09-06,平和島,12,平和島選抜,4,4089,妹尾忠幸,43,岡山,55,A1,6.09,39.69,5.56,22.22,60,38.78,55,28.26,曇り,南,3,3,6.9,3,抜き,4,0.16,1.54.6,0.15,0.1606688963210702,4,48,11,11,0,0,2,0,2,0,0,0,0.08333333333333333,0.22916666666666666,0.22916666666666666,0.0,0.0,0.041666666666666664,0.0,0.041666666666666664,0.0,0.0,0.0
2023-09-06,平和島,12,平和島選抜,5,4933,板橋侑我,27,静岡,53,A1,6.01,39.19,6.25,12.5,22,36.36,40,32.43,曇り,南,3,3,6.84,6,抜き,5,0.13,.  .,0.1372727272727272,0.1300869565217391,2,33,9,6,0,0,0,0,2,0,0,0,0.06060606060606061,0.2727272727272727,0.18181818181818182,0.0,0.0,0.0,0.0,0.06060606060606061,0.0,0.0,0.0
2023-09-06,平和島,12,平和島選抜,6,4847,佐藤隆太,29,東京,54,A1,6.61,50.85,6.63,47.14,39,21.43,41,44.9,曇り,南,3,3,6.87,5,抜き,6,0.11,.  .,0.1583720930232558,0.1464620938628159,2,43,7,12,0,0,1,0,1,0,0,0,0.046511627906976744,0.16279069767441862,0.27906976744186046,0.0,0.0,0.023255813953488372,0.0,0.023255813953488372,0.0,0.0,0.0
2023-09-06,江戸川,1,一般,1,3226,浦田信義,58,東京,49,B1,4.6,22.55,5.16,35.34,28,27.14,40,40.63,曇り,南,8,25,6.92,1,逃げ,1,0.23,1.19.0,0.1613513513513513,0.1714285714285714,11,37,8,3,10,0,0,0,0,9,10,4,0.2972972972972973,0.21621621621621623,0.08108108108108109,0.2702702702702703,0.0,0.0,0.0,0.0,0.24324324324324326,0.2702702702702703,0.10810810810810811
2023-09-06,江戸川,1,一般,2,4911,片岡大地,27,東京,51,B1,4.17,23.6,4.57,24.26,30,27.94,24,27.42,曇り,南,8,25,7.0,3,逃げ,2,0.12,1.20.5,0.1394117647058823,0.1399512195121951,3,34,6,8,0,19,2,1,0,0,0,0,0.08823529411764706,0.17647058823529413,0.23529411764705882,0.0,0.5588235294117647,0.058823529411764705,0.029411764705882353,0.0,0.0,0.0,0.0
2023-09-06,江戸川,1,一般,3,3967,鈴木茂高,43,愛知,58,B1,4.52,25.96,4.71,25.76,61,14.71,60,34.78,曇り,南,8,25,6.93,2,逃げ,3,0.13,1.20.3,0.185,0.1899563318777292,2,40,5,7,0,0,1,0,1,0,0,0,0.05,0.125,0.175,0.0,0.0,0.025,0.0,0.025,0.0,0.0,0.0
2023-09-06,江戸川,1,一般,4,5242,高山弘斗,23,埼玉,58,B2,2.03,6.35,2.31,0.0,66,24.59,26,39.68,曇り,南,8,25,6.83,4,逃げ,4,0.06,1.21.2,0.1442105263157894,0.1633644859813084,2,19,0,0,0,0,0,1,0,0,0,0,0.10526315789473684,0.0,0.0,0.0,0.0,0.0,0.05263157894736842,0.0,0.0,0.0,0.0
2023-09-06,江戸川,1,一般,5,5259,野田昇吾,30,埼玉,56,B2,1.71,1.37,0.0,0.0,49,24.62,28,38.57,曇り,南,8,25,6.93,6,逃げ,5,0.13,.  .,0.1927906976744186,0.20144,1,43,0,2,0,0,0,1,0,0,0,0,0.023255813953488372,0.0,0.046511627906976744,0.0,0.0,0.0,0.023255813953488372,0.0,0.0,0.0,0.0
2023-09-06,江戸川,1,一般,6,4727,安部慎一,36,福岡,54,B1,3.94,18.07,3.78,16.67,35,28.0,29,22.81,曇り,南,8,25,6.78,5,逃げ,6,0.23,.  .,0.1574074074074074,0.1652910052910053,0,27,0,4,0,0,0,0,0,0,0,0,0.0,0.0,0.14814814814814814,0.0,0.0,0.0,0.0,0.0,0.0,0.0,0.0
2023-09-06,桐生,1,予選,1,4126,吉本玲緒,44,広島,57,B1,3.61,18.48,0.0,0.0,68,31.48,13,32.0,雨,北,1,1,6.9,2,差し,1,0.19,1.53.8,0.1658823529411764,0.1678318584070796,12,34,8,4,11,0,0,0,0,5,8,8,0.35294117647058826,0.23529411764705882,0.11764705882352941,0.3235294117647059,0.0,0.0,0.0,0.0,0.14705882352941177,0.23529411764705882,0.23529411764705882
2023-09-06,桐生,1,予選,2,3461,渡邊哲也,56,静岡,56,B1,3.75,15.05,3.96,15.56,72,35.63,53,30.2,雨,北,1,1,7.05,5,差し,2,0.26,1.57.0,0.1791176470588235,0.1897142857142857,1,34,8,10,1,20,0,0,0,0,0,0,0.029411764705882353,0.23529411764705882,0.29411764705882354,0.029411764705882353,0.5882352941176471,0.0,0.0,0.0,0.0,0.0,0.0
2023-09-06,桐生,1,予選,3,4023,柴田友和,46,福岡,51,B1,3.94,16.83,4.04,12.5,67,32.64,30,33.53,雨,北,1,1,6.95,4,差し,3,0.12,1.54.8,0.1616666666666666,0.1762222222222222,4,42,5,9,0,0,1,2,1,0,0,0,0.09523809523809523,0.11904761904761904,0.21428571428571427,0.0,0.0,0.023809523809523808,0.047619047619047616,0.023809523809523808,0.0,0.0,0.0
2023-09-06,桐生,1,予選,4,3809,吉田　光,48,佐賀,50,A2,4.77,22.22,0.0,0.0,52,41.06,19,31.03,雨,北,1,1,6.89,3,差し,4,0.09,1.54.4,0.1654285714285714,0.1632682926829268,3,35,7,10,0,0,0,1,2,0,0,0,0.08571428571428572,0.2,0.2857142857142857,0.0,0.0,0.0,0.02857142857142857,0.05714285714285714,0.0,0.0,0.0
2023-09-06,桐生,1,予選,5,4836,大谷健太,34,埼玉,52,B1,4.18,22.39,4.64,22.22,27,31.82,16,32.95,雨,北,1,1,7.0,6,差し,5,0.11,1.57.8,0.156551724137931,0.1561797752808988,3,29,2,5,0,0,0,3,0,0,0,0,0.10344827586206896,0.06896551724137931,0.1724137931034483,0.0,0.0,0.0,0.10344827586206896,0.0,0.0,0.0,0.0
2023-09-06,桐生,1,予選,6,3833,中辻博訓,49,福井,53,A2,6.62,51.52,6.16,46.88,58,39.22,32,30.67,雨,北,1,1,6.9,1,差し,6,0.13,1.50.8,0.1313888888888889,0.1291902834008097,0,36,6,5,0,0,0,0,0,0,0,0,0.0,0.16666666666666666,0.1388888888888889,0.0,0.0,0.0,0.0,0.0,0.0,0.0,0.0
2023-09-06,桐生,2,予選,1,4146,柳橋宏紀,41,滋賀,52,B1,4.88,31.78,0.0,0.0,40,51.09,18,37.35,雨,無風,0,0,6.86,2,差し,1,0.07,1.52.3,0.1703030303030303,0.1638967136150235,13,33,9,2,12,0,0,0,0,9,4,4,0.3939393939393939,0.2727272727272727,0.06060606060606061,0.36363636363636365,0.0,0.0,0.0,0.0,0.2727272727272727,0.12121212121212122,0.12121212121212122
2023-09-06,桐生,2,予選,2,3911,鈴木　猛,49,東京,52,B1,5.46,34.69,5.73,42.86,23,46.15,65,29.59,雨,無風,0,0,6.81,1,差し,2,0.1,1.51.2,0.1627906976744186,0.1543589743589743,5,43,11,9,0,29,3,1,1,0,0,0,0.11627906976744186,0.2558139534883721,0.20930232558139536,0.0,0.6744186046511628,0.06976744186046512,0.023255813953488372,0.023255813953488372,0.0,0.0,0.0
2023-09-06,桐生,2,予選,3,4331,三好勇人,40,香川,55,B1,5.42,34.95,0.0,0.0,43,28.93,15,24.83,雨,無風,0,0,6.79,3,差し,3,0.11,1.54.4,0.1467567567567567,0.1528571428571428,4,37,11,5,0,0,0,1,3,0,0,0,0.10810810810810811,0.2972972972972973,0.13513513513513514,0.0,0.0,0.0,0.02702702702702703,0.08108108108108109,0.0,0.0,0.0
2023-09-06,桐生,2,予選,4,5164,森田梨湖,23,福岡,47,B2,1.89,2.08,1.64,0.0,20,37.67,73,30.99,雨,無風,0,0,6.87,6,差し,4,0.24,1.57.5,0.2302631578947368,0.2317587939698492,0,38,0,2,0,0,0,0,0,0,0,0,0.0,0.0,0.05263157894736842,0.0,0.0,0.0,0.0,0.0,0.0,0.0,0.0
2023-09-06,桐生,2,予選,5,3655,本橋克洋,49,群馬,54,A2,5.73,35.9,5.82,41.59,30,31.78,24,30.54,雨,無風,0,0,6.99,4,差し,5,0.19,1.54.9,0.1713888888888889,0.1745344129554656,3,36,6,7,0,0,0,1,2,0,0,0,0.08333333333333333,0.16666666666666666,0.19444444444444445,0.0,0.0,0.0,0.027777777777777776,0.05555555555555555,0.0,0.0,0.0
2023-09-06,桐生,2,予選,6,4518,大須賀友,36,愛知,52,A2,6.54,45.95,5.22,37.5,62,36.08,43,38.1,雨,無風,0,0,6.8,5,差し,6,0.2,1.56.4,0.2003846153846153,0.1714215686274509,2,26,5,5,0,0,0,2,0,0,0,0,0.07692307692307693,0.19230769230769232,0.19230769230769232,0.0,0.0,0.0,0.07692307692307693,0.0,0.0,0.0,0.0
2023-09-06,桐生,3,予選,1,4088,野田祥子,43,長崎,47,B1,3.7,15.63,1.4,0.0,60,28.57,59,23.88,雨,無風,0,0,6.74,2,差し,1,0.06,1.52.1,0.2084210526315789,0.196441717791411,2,19,6,2,2,0,0,0,0,8,7,1,0.10526315789473684,0.3157894736842105,0.10526315789473684,0.10526315789473684,0.0,0.0,0.0,0.0,0.42105263157894735,0.3684210526315789,0.05263157894736842
2023-09-06,桐生,3,予選,2,3635,石田政吾,52,福井,53,A2,6.05,42.37,5.47,39.66,29,31.69,23,28.67,雨,無風,0,0,6.88,1,差し,2,0.03,1.51.1,0.1343636363636363,0.1541868512110726,12,55,21,6,0,25,8,3,0,0,0,0,0.21818181818181817,0.38181818181818183,0.10909090909090909,0.0,0.45454545454545453,0.14545454545454545,0.05454545454545454,0.0,0.0,0.0,0.0
2023-09-06,桐生,3,予選,3,3986,沖島広和,45,福岡,55,A2,6.37,44.62,7.0,50.0,28,29.41,75,24.66,雨,無風,0,0,6.85,5,差し,5,0.11,1.55.6,0.1504878048780487,0.1635222672064777,3,41,10,17,0,0,0,2,1,0,0,0,0.07317073170731707,0.24390243902439024,0.4146341463414634,0.0,0.0,0.0,0.04878048780487805,0.024390243902439025,0.0,0.0,0.0
2023-09-06,桐生,3,予選,4,4676,後藤隼之,35,東京,56,B1,4.89,31.43,5.35,33.33,15,44.14,11,28.38,雨,無風,0,0,6.91,4,差し,3,0.05,1.53.6,0.1797619047619047,0.1731660231660231,3,42,2,14,0,0,1,1,1,0,0,0,0.07142857142857142,0.047619047619047616,0.3333333333333333,0.0,0.0,0.023809523809523808,0.023809523809523808,0.023809523809523808,0.0,0.0,0.0
2023-09-06,桐生,3,予選,5,3582,吉川昭男,50,滋賀,54,A1,5.87,42.22,6.09,45.45,53,29.93,67,41.18,雨,無風,0,0,6.86,3,差し,4,0.1,1.53.5,0.1611764705882353,0.1611555555555555,4,34,6,4,0,0,2,2,0,0,0,0,0.11764705882352941,0.17647058823529413,0.11764705882352941,0.0,0.0,0.058823529411764705,0.058823529411764705,0.0,0.0,0.0,0.0
2023-09-06,桐生,3,予選,6,3448,高山秀雄,53,群馬,53,B1,4.5,26.14,4.74,25.42,31,30.3,14,28.48,雨,無風,0,0,6.85,6,差し,6,0.23,1.56.0,0.1855555555555555,0.1700480769230769,0,27,2,2,0,0,0,0,0,0,0,0,0.0,0.07407407407407407,0.07407407407407407,0.0,0.0,0.0,0.0,0.0,0.0,0.0,0.0
2023-09-06,桐生,4,予選,1,3277,齋藤　勇,57,東京,51,B1,4.58,23.46,4.03,18.92,44,33.33,45,38.89,雨,北東,1,1,6.8,3,恵まれ,1,0.14,1.55.3,0.1667741935483871,0.1639673913043478,9,31,10,3,9,0,0,0,0,7,8,6,0.2903225806451613,0.3225806451612903,0.0967741935483871,0.2903225806451613,0.0,0.0,0.0,0.0,0.22580645161290322,0.25806451612903225,0.1935483870967742
2023-09-06,桐生,4,予選,2,4630,岩永雅人,36,愛知,51,A2,5.79,34.71,4.58,21.21,21,39.62,49,36.88,雨,北東,1,1,6.73,5,恵まれ,2,0.09,1.57.9,0.1543243243243243,0.1554065040650406,8,37,7,9,1,18,5,0,0,0,0,0,0.21621621621621623,0.1891891891891892,0.24324324324324326,0.02702702702702703,0.4864864864864865,0.13513513513513514,0.0,0.0,0.0,0.0,0.0
2023-09-06,桐生,4,予選,3,4306,畔柳俊吾,39,愛知,51,A2,6.07,49.47,5.76,45.95,26,29.34,55,36.73,雨,北東,1,1,6.88,1,恵まれ,3,0.1,1.51.4,0.1774358974358974,0.1828448275862069,6,39,15,9,0,0,1,3,0,0,0,0,0.15384615384615385,0.38461538461538464,0.23076923076923078,0.0,0.0,0.02564102564102564,0.07692307692307693,0.0,0.0,0.0,0.0
2023-09-06,桐生,4,予選,5,3065,増田弘喜,63,埼玉,56,B1,3.79,15.07,4.19,15.58,55,35.54,50,35.12,雨,北東,1,1,6.85,4,恵まれ,6,0.04,1.56.5,0.2303030303030303,0.2178640776699029,0,33,2,9,0,0,0,0,0,0,0,0,0.0,0.06060606060606061,0.2727272727272727,0.0,0.0,0.0,0.0,0.0,0.0,0.0,0.0
2023-09-06,桐生,4,予選,6,4033,伊藤将吉,44,静岡,53,A1,6.35,48.23,7.02,61.7,37,30.77,28,27.74,雨,北東,1,1,6.75,2,恵まれ,5,0.05,1.53.6,0.15,0.1312635379061371,2,48,2,12,0,0,1,0,1,0,0,0,0.041666666666666664,0.041666666666666664,0.25,0.0,0.0,0.020833333333333332,0.0,0.020833333333333332,0.0,0.0,0.0
2023-09-06,桐生,5,予選,1,3175,渡辺千草,59,東京,49,B1,5.13,37.33,4.25,20.0,56,28.68,56,35.5,曇り,東,2,1,6.8,6,まくり差し,1,0.29,1.59.0,0.1656756756756756,0.1567961165048543,6,37,8,11,6,0,0,0,0,10,14,5,0.16216216216216217,0.21621621621621623,0.2972972972972973,0.16216216216216217,0.0,0.0,0.0,0.0,0.2702702702702703,0.3783783783783784,0.13513513513513514
2023-09-06,桐生,5,予選,2,4023,柴田友和,46,福岡,51,B1,3.94,16.83,4.04,12.5,67,32.64,30,33.53,曇り,東,2,1,6.82,3,まくり差し,2,0.13,1.54.1,0.1733333333333333,0.1762222222222222,5,42,5,6,0,24,4,1,0,0,0,0,0.11904761904761904,0.11904761904761904,0.14285714285714285,0.0,0.5714285714285714,0.09523809523809523,0.023809523809523808,0.0,0.0,0.0,0.0
2023-09-06,桐生,5,予選,3,4652,酒見峻介,38,佐賀,51,A2,5.92,43.48,6.11,33.33,35,33.33,63,31.93,曇り,東,2,1,6.74,5,まくり差し,3,0.28,1.56.8,0.1509302325581395,0.1595833333333333,10,43,14,6,0,0,0,9,0,0,0,0,0.23255813953488372,0.32558139534883723,0.13953488372093023,0.0,0.0,0.0,0.20930232558139536,0.0,0.0,0.0,0.0
2023-09-06,桐生,5,予選,4,4486,野村　誠,37,群馬,52,A2,6.12,42.28,5.94,43.23,33,33.96,72,29.07,曇り,東,2,1,6.85,1,まくり差し,4,0.1,1.50.5,0.1639130434782608,0.1556055363321799,6,46,8,14,0,0,1,4,1,0,0,0,0.13043478260869565,0.17391304347826086,0.30434782608695654,0.0,0.0,0.021739130434782608,0.08695652173913043,0.021739130434782608,0.0,0.0,0.0
2023-09-06,桐生,5,予選,5,4718,北川太一,30,佐賀,52,A1,6.3,47.5,6.05,47.62,25,36.55,71,39.53,曇り,東,2,1,6.75,2,まくり差し,5,0.09,1.52.0,0.1508108108108108,0.144031007751938,4,37,5,8,0,0,0,0,3,0,0,0,0.10810810810810811,0.13513513513513514,0.21621621621621623,0.0,0.0,0.0,0.0,0.08108108108108109,0.0,0.0,0.0
2023-09-06,桐生,5,予選,6,4349,犬童千秋,37,福岡,50,B1,4.82,29.17,2.89,0.0,69,30.97,61,25.2,曇り,東,2,1,6.82,4,まくり差し,6,0.1,1.55.1,0.155,0.1554245283018868,0,34,2,5,0,0,0,0,0,0,0,0,0.0,0.058823529411764705,0.14705882352941177,0.0,0.0,0.0,0.0,0.0,0.0,0.0,0.0
2023-09-06,桐生,6,ドラドキ目玉,1,3422,服部幸男,52,静岡,55,A1,6.67,51.94,5.97,44.83,32,32.85,20,23.68,曇り,北東,1,1,6.68,1,逃げ,1,0.14,1.51.1,0.1564406779661017,0.1565399239543726,39,59,12,4,38,0,0,0,0,5,5,5,0.6610169491525424,0.2033898305084746,0.06779661016949153,0.6440677966101694,0.0,0.0,0.0,0.0,0.0847457627118644,0.0847457627118644,0.0847457627118644
2023-09-06,桐生,6,ドラドキ目玉,2,3518,倉田郁美,55,静岡,48,B2,4.0,15.15,5.5,30.0,22,35.37,29,32.32,曇り,北東,1,1,6.66,2,逃げ,2,0.12,1.52.6,0.2314285714285714,0.2097058823529412,0,7,2,1,0,2,0,0,0,0,0,0,0.0,0.2857142857142857,0.14285714285714285,0.0,0.2857142857142857,0.0,0.0,0.0,0.0,0.0,0.0
2023-09-06,桐生,6,ドラドキ目玉,3,5164,森田梨湖,23,福岡,47,B2,1.89,2.08,1.64,0.0,20,37.67,73,30.99,曇り,北東,1,1,6.75,6,逃げ,3,0.19,1.58.2,0.242972972972973,0.2317587939698492,0,37,1,1,0,0,0,0,0,0,0,0,0.0,0.02702702702702703,0.02702702702702703,0.0,0.0,0.0,0.0,0.0,0.0,0.0,0.0
2023-09-06,桐生,6,ドラドキ目玉,4,4534,坂咲友理,33,大阪,45,B1,3.89,16.07,0.0,0.0,17,32.95,37,32.52,曇り,北東,1,1,6.73,3,逃げ,4,0.14,1.54.5,0.1771428571428571,0.1864772727272727,3,14,1,3,0,0,1,1,1,0,0,0,0.21428571428571427,0.07142857142857142,0.21428571428571427,0.0,0.0,0.07142857142857142,0.07142857142857142,0.07142857142857142,0.0,0.0,0.0
2023-09-06,桐生,6,ドラドキ目玉,5,3602,奥平拓也,53,東京,50,B1,4.0,17.82,5.26,32.35,41,29.03,69,33.13,曇り,北東,1,1,6.83,5,逃げ,5,0.17,1.57.5,0.1613333333333333,0.1756888888888889,2,30,5,4,0,0,1,1,0,0,0,0,0.06666666666666667,0.16666666666666666,0.13333333333333333,0.0,0.0,0.03333333333333333,0.03333333333333333,0.0,0.0,0.0,0.0
2023-09-06,桐生,6,ドラドキ目玉,6,4550,石岡将太,34,群馬,56,B1,4.11,18.75,5.18,25.88,49,31.29,36,28.65,曇り,北東,1,1,6.8,4,逃げ,6,0.18,1.55.3,0.1625,0.1513966480446927,0,28,0,8,0,0,0,0,0,0,0,0,0.0,0.0,0.2857142857142857,0.0,0.0,0.0,0.0,0.0,0.0,0.0,0.0
2023-09-06,桐生,7,ドラドキ３,1,3655,本橋克洋,49,群馬,54,A2,5.73,35.9,5.82,41.59,30,31.78,24,30.54,曇り,北東,1,1,6.76,1,逃げ,1,0.17,1.51.8,0.1837777777777777,0.1745344129554656,25,45,7,4,24,0,0,0,0,7,9,3,0.5555555555555556,0.15555555555555556,0.08888888888888889,0.5333333333333333,0.0,0.0,0.0,0.0,0.15555555555555556,0.2,0.06666666666666667
2023-09-06,桐生,7,ドラドキ３,2,4453,永田郁弥,35,愛知,52,B1,3.44,15.46,2.0,9.09,18,34.42,54,29.87,曇り,北東,1,1,6.76,5,逃げ,2,0.11,1.55.5,0.1711111111111111,0.1658100558659218,2,27,5,5,0,14,0,2,0,0,0,0,0.07407407407407407,0.18518518518518517,0.18518518518518517,0.0,0.5185185185185185,0.0,0.07407407407407407,0.0,0.0,0.0,0.0
2023-09-06,桐生,7,ドラドキ３,3,4140,梶野学志,42,東京,53,A1,6.87,53.85,6.84,53.33,70,31.94,35,36.42,曇り,北東,1,1,6.84,2,逃げ,3,0.09,1.52.6,0.1475,0.1437344398340249,13,36,10,5,0,0,3,3,3,0,0,0,0.3611111111111111,0.2777777777777778,0.1388888888888889,0.0,0.0,0.08333333333333333,0.08333333333333333,0.08333333333333333,0.0,0.0,0.0
2023-09-06,桐生,7,ドラドキ３,4,3461,渡邊哲也,56,静岡,56,B1,3.75,15.05,3.96,15.56,72,35.63,53,30.2,曇り,北東,1,1,6.79,4,逃げ,4,0.13,1.55.4,0.2075675675675675,0.1897142857142857,0,37,5,4,0,0,0,0,0,0,0,0,0.0,0.13513513513513514,0.10810810810810811,0.0,0.0,0.0,0.0,0.0,0.0,0.0,0.0
2023-09-06,桐生,7,ドラドキ３,5,4088,野田祥子,43,長崎,47,B1,3.7,15.63,1.4,0.0,60,28.57,59,23.88,曇り,北東,1,1,6.72,6,逃げ,5,0.13,1.57.8,0.2103333333333333,0.196441717791411,0,30,1,3,0,0,0,0,0,0,0,0,0.0,0.03333333333333333,0.1,0.0,0.0,0.0,0.0,0.0,0.0,0.0,0.0
2023-09-06,桐生,7,ドラドキ３,6,3578,塩田雄一,50,香川,52,B1,4.39,22.34,4.89,33.33,66,28.87,51,32.34,曇り,北東,1,1,6.86,3,逃げ,6,0.08,1.55.0,0.194516129032258,0.1896638655462185,0,31,4,2,0,0,0,0,0,0,0,0,0.0,0.12903225806451613,0.06451612903225806,0.0,0.0,0.0,0.0,0.0,0.0,0.0,0.0
2023-09-06,桐生,8,ドラドキ５,1,4700,金子和之,36,埼玉,53,A2,5.32,39.62,5.3,34.0,75,40.49,34,27.08,曇り,北東,1,1,6.84,4,まくり,1,0.3,1.55.2,0.1711764705882353,0.1850248756218905,19,34,2,6,19,0,0,0,0,1,9,5,0.5588235294117647,0.058823529411764705,0.17647058823529413,0.5588235294117647,0.0,0.0,0.0,0.0,0.029411764705882353,0.2647058823529412,0.14705882352941177
2023-09-06,桐生,8,ドラドキ５,2,5153,佐藤ほの,27,東京,47,B1,2.16,2.0,4.0,22.22,45,37.96,41,31.18,曇り,北東,1,1,6.83,5,まくり,2,0.31,1.56.1,0.178,0.1647305389221557,3,30,0,4,0,15,2,1,0,0,0,0,0.1,0.0,0.13333333333333333,0.0,0.5,0.06666666666666667,0.03333333333333333,0.0,0.0,0.0,0.0
2023-09-06,桐生,8,ドラドキ５,3,4836,大谷健太,34,埼玉,52,B1,4.18,22.39,4.64,22.22,27,31.82,16,32.95,曇り,北東,1,1,6.88,1,まくり,3,0.18,1.51.2,0.1683333333333333,0.1561797752808988,3,30,3,6,0,0,0,2,1,0,0,0,0.1,0.1,0.2,0.0,0.0,0.0,0.06666666666666667,0.03333333333333333,0.0,0.0,0.0
2023-09-06,桐生,8,ドラドキ５,4,3448,高山秀雄,53,群馬,53,B1,4.5,26.14,4.74,25.42,31,30.3,14,28.48,曇り,北東,1,1,6.88,6,まくり,4,0.34,1.57.4,0.1689743589743589,0.1700480769230769,2,39,6,8,0,0,0,0,1,0,0,0,0.05128205128205128,0.15384615384615385,0.20512820512820512,0.0,0.0,0.0,0.0,0.02564102564102564,0.0,0.0,0.0
2023-09-06,桐生,8,ドラドキ５,5,4033,伊藤将吉,44,静岡,53,A1,6.35,48.23,7.02,61.7,37,30.77,28,27.74,曇り,北東,1,1,6.82,2,まくり,5,0.14,1.52.0,0.13225,0.1312635379061371,4,40,5,4,0,0,0,1,3,0,0,0,0.1,0.125,0.1,0.0,0.0,0.0,0.025,0.075,0.0,0.0,0.0
2023-09-06,桐生,8,ドラドキ５,6,3715,倉尾大介,48,福岡,54,B1,4.69,25.0,3.14,0.0,59,29.03,47,30.06,曇り,北東,1,1,6.87,3,まくり,6,0.18,1.53.3,0.1803125,0.1619662921348314,0,32,2,7,0,0,0,0,0,0,0,0,0.0,0.0625,0.21875,0.0,0.0,0.0,0.0,0.0,0.0,0.0,0.0
2023-09-06,桐生,9,予選特賞,1,4945,上村宏太,31,東京,50,B1,4.73,25.97,4.56,23.26,16,44.68,22,33.33,曇り,北,1,1,6.72,1,逃げ,1,0.16,1.51.0,0.1858620689655172,0.153224043715847,8,29,8,5,6,0,0,0,0,13,3,3,0.27586206896551724,0.27586206896551724,0.1724137931034483,0.20689655172413793,0.0,0.0,0.0,0.0,0.4482758620689655,0.10344827586206896,0.10344827586206896
2023-09-06,桐生,9,予選特賞,2,5141,大澤風葵,22,群馬,52,A1,6.23,45.95,6.1,47.46,57,32.48,17,33.33,曇り,北,1,1,6.8,4,逃げ,2,0.11,1.54.7,0.1388888888888889,0.1322844827586207,9,36,11,6,0,20,5,4,0,0,0,0,0.25,0.3055555555555556,0.16666666666666666,0.0,0.5555555555555556,0.1388888888888889,0.1111111111111111,0.0,0.0,0.0,0.0
2023-09-06,桐生,9,予選特賞,3,3911,鈴木　猛,49,東京,52,B1,5.46,34.69,5.73,42.86,23,46.15,65,29.59,曇り,北,1,1,6.85,2,逃げ,3,0.17,1.52.1,0.1561904761904762,0.1543589743589743,1,42,10,12,0,0,0,1,0,0,0,0,0.023809523809523808,0.23809523809523808,0.2857142857142857,0.0,0.0,0.0,0.023809523809523808,0.0,0.0,0.0,0.0
2023-09-06,桐生,9,予選特賞,4,4349,犬童千秋,37,福岡,50,B1,4.82,29.17,2.89,0.0,69,30.97,61,25.2,曇り,北,1,1,6.8,6,逃げ,6,0.14,1.56.5,0.1587096774193548,0.1554245283018868,4,31,8,6,0,0,0,4,0,0,0,0,0.12903225806451613,0.25806451612903225,0.1935483870967742,0.0,0.0,0.0,0.12903225806451613,0.0,0.0,0.0,0.0
2023-09-06,桐生,9,予選特賞,5,3986,沖島広和,45,福岡,55,A2,6.37,44.62,7.0,50.0,28,29.41,75,24.66,曇り,北,1,1,6.74,5,逃げ,4,0.19,1.54.8,0.1605882352941176,0.1635222672064777,1,34,3,12,0,0,0,0,1,0,0,0,0.029411764705882353,0.08823529411764706,0.35294117647058826,0.0,0.0,0.0,0.0,0.029411764705882353,0.0,0.0,0.0
2023-09-06,桐生,9,予選特賞,6,3809,吉田　光,48,佐賀,50,A2,4.77,22.22,0.0,0.0,52,41.06,19,31.03,曇り,北,1,1,6.93,3,逃げ,5,0.18,1.53.9,0.1817241379310345,0.1632682926829268,0,29,3,7,0,0,0,0,0,0,0,0,0.0,0.10344827586206896,0.2413793103448276,0.0,0.0,0.0,0.0,0.0,0.0,0.0,0.0
2023-09-06,桐生,10,予選特賞,1,4420,津久井拓,35,群馬,52,A2,5.57,35.38,5.57,36.92,74,28.57,62,42.94,曇り,無風,0,0,6.86,2,まくり差し,1,0.14,1.51.7,0.1529787234042553,0.1521454545454545,25,47,9,7,23,0,0,0,0,3,7,11,0.5319148936170213,0.19148936170212766,0.14893617021276595,0.48936170212765956,0.0,0.0,0.0,0.0,0.06382978723404255,0.14893617021276595,0.23404255319148937
2023-09-06,桐生,10,予選特賞,2,4331,三好勇人,40,香川,55,B1,5.42,34.95,0.0,0.0,43,28.93,15,24.83,曇り,無風,0,0,6.87,4,まくり差し,2,0.15,1.55.2,0.1388372093023255,0.1528571428571428,7,43,12,7,0,21,6,1,0,0,0,0,0.16279069767441862,0.27906976744186046,0.16279069767441862,0.0,0.4883720930232558,0.13953488372093023,0.023255813953488372,0.0,0.0,0.0,0.0
2023-09-06,桐生,10,予選特賞,3,3635,石田政吾,52,福井,53,A2,6.05,42.37,5.47,39.66,29,31.69,23,28.67,曇り,無風,0,0,6.85,5,まくり差し,3,0.18,1.56.4,0.1495454545454545,0.1541868512110726,8,44,13,9,0,0,0,1,5,0,0,0,0.18181818181818182,0.29545454545454547,0.20454545454545456,0.0,0.0,0.0,0.022727272727272728,0.11363636363636363,0.0,0.0,0.0
2023-09-06,桐生,10,予選特賞,4,3175,渡辺千草,59,東京,49,B1,5.13,37.33,4.25,20.0,56,28.68,56,35.5,曇り,無風,0,0,6.75,6,まくり差し,4,0.27,1.58.4,0.1417647058823529,0.1567961165048543,4,34,3,7,0,0,0,1,3,0,0,0,0.11764705882352941,0.08823529411764706,0.20588235294117646,0.0,0.0,0.0,0.029411764705882353,0.08823529411764706,0.0,0.0,0.0
2023-09-06,桐生,10,予選特賞,5,4428,有賀達也,37,埼玉,53,A1,6.59,45.65,6.02,42.86,38,38.37,52,31.08,曇り,無風,0,0,6.78,3,まくり差し,5,0.16,1.52.8,0.1427272727272727,0.1372908366533864,1,33,8,11,0,0,0,0,1,0,0,0,0.030303030303030304,0.24242424242424243,0.3333333333333333,0.0,0.0,0.0,0.0,0.030303030303030304,0.0,0.0,0.0
2023-09-06,桐生,10,予選特賞,6,4738,清埜翔子,32,埼玉,47,A2,6.2,43.9,5.43,34.78,46,31.79,26,31.36,曇り,無風,0,0,6.81,1,まくり差し,6,0.16,1.50.1,0.1685714285714286,0.151793893129771,0,35,3,6,0,0,0,0,0,0,0,0,0.0,0.08571428571428572,0.17142857142857143,0.0,0.0,0.0,0.0,0.0,0.0,0.0,0.0
2023-09-06,桐生,11,予選特選,1,4718,北川太一,30,佐賀,52,A1,6.3,47.5,6.05,47.62,25,36.55,71,39.53,曇り,北西,1,1,6.73,1,逃げ,1,0.16,1.50.2,0.1452083333333333,0.144031007751938,30,48,9,2,27,0,0,0,0,6,6,3,0.625,0.1875,0.041666666666666664,0.5625,0.0,0.0,0.0,0.0,0.125,0.125,0.0625
2023-09-06,桐生,11,予選特選,2,3422,服部幸男,52,静岡,55,A1,6.67,51.94,5.97,44.83,32,32.85,20,23.68,曇り,北西,1,1,6.88,2,逃げ,2,0.19,1.52.3,0.1633333333333333,0.1565399239543726,10,45,16,6,0,25,4,6,0,0,0,0,0.2222222222222222,0.35555555555555557,0.13333333333333333,0.0,0.5555555555555556,0.08888888888888889,0.13333333333333333,0.0,0.0,0.0,0.0
2023-09-06,桐生,11,予選特選,3,3833,中辻博訓,49,福井,53,A2,6.62,51.52,6.16,46.88,58,39.22,32,30.67,曇り,北西,1,1,6.82,3,逃げ,3,0.25,1.54.0,0.1373913043478261,0.1291902834008097,6,46,16,8,0,0,1,0,3,0,0,0,0.13043478260869565,0.34782608695652173,0.17391304347826086,0.0,0.0,0.021739130434782608,0.0,0.06521739130434782,0.0,0.0,0.0
2023-09-06,桐生,11,予選特選,4,4146,柳橋宏紀,41,滋賀,52,B1,4.88,31.78,0.0,0.0,40,51.09,18,37.35,曇り,北西,1,1,6.83,5,逃げ,4,0.26,1.56.0,0.1681081081081081,0.1638967136150235,5,37,2,11,0,0,1,0,1,0,0,0,0.13513513513513514,0.05405405405405406,0.2972972972972973,0.0,0.0,0.02702702702702703,0.0,0.02702702702702703,0.0,0.0,0.0
2023-09-06,桐生,11,予選特選,5,4306,畔柳俊吾,39,愛知,51,A2,6.07,49.47,5.76,45.95,26,29.34,55,36.73,曇り,北西,1,1,6.88,6,逃げ,5,0.35,1.57.5,0.1502380952380952,0.1828448275862069,2,42,8,12,0,0,0,2,0,0,0,0,0.047619047619047616,0.19047619047619047,0.2857142857142857,0.0,0.0,0.0,0.047619047619047616,0.0,0.0,0.0,0.0
2023-09-06,桐生,11,予選特選,6,4676,後藤隼之,35,東京,56,B1,4.89,31.43,5.35,33.33,15,44.14,11,28.38,曇り,北西,1,1,6.91,4,逃げ,6,0.29,1.54.8,0.1717948717948718,0.1731660231660231,0,39,2,3,0,0,0,0,0,0,0,0,0.0,0.05128205128205128,0.07692307692307693,0.0,0.0,0.0,0.0,0.0,0.0,0.0,0.0
2023-09-06,桐生,12,桐生特選,1,4140,梶野学志,42,東京,53,A1,6.87,53.85,6.84,53.33,70,31.94,35,36.42,曇り,北西,1,1,6.91,4,まくり,1,0.13,1.54.4,0.1352830188679245,0.1437344398340249,37,53,10,2,37,0,0,0,0,0,8,6,0.6981132075471698,0.18867924528301888,0.03773584905660377,0.6981132075471698,0.0,0.0,0.0,0.0,0.0,0.1509433962264151,0.11320754716981132
2023-09-06,桐生,12,桐生特選,2,4700,金子和之,36,埼玉,53,A2,5.32,39.62,5.3,34.0,75,40.49,34,27.08,曇り,北西,1,1,6.85,2,まくり,3,0.23,1.51.8,0.1996551724137931,0.1850248756218905,4,29,14,2,0,12,3,0,0,0,0,0,0.13793103448275862,0.4827586206896552,0.06896551724137931,0.0,0.41379310344827586,0.10344827586206896,0.0,0.0,0.0,0.0,0.0
2023-09-06,桐生,12,桐生特選,3,4518,大須賀友,36,愛知,52,A2,6.54,45.95,5.22,37.5,62,36.08,43,38.1,曇り,北西,1,1,6.8,1,まくり,4,0.12,1.50.9,0.1903225806451613,0.1714215686274509,5,31,6,10,0,0,1,1,3,0,0,0,0.16129032258064516,0.1935483870967742,0.3225806451612903,0.0,0.0,0.03225806451612903,0.03225806451612903,0.0967741935483871,0.0,0.0,0.0
2023-09-06,桐生,12,桐生特選,4,3582,吉川昭男,50,滋賀,54,A1,5.87,42.22,6.09,45.45,53,29.93,67,41.18,曇り,北西,1,1,6.8,6,まくり,2,0.17,1.57.3,0.1512903225806451,0.1611555555555555,4,31,4,6,0,0,3,0,0,0,0,0,0.12903225806451613,0.12903225806451613,0.1935483870967742,0.0,0.0,0.0967741935483871,0.0,0.0,0.0,0.0,0.0
2023-09-06,桐生,12,桐生特選,5,4630,岩永雅人,36,愛知,51,A2,5.79,34.71,4.58,21.21,21,39.62,49,36.88,曇り,北西,1,1,6.8,3,まくり,5,0.12,1.53.3,0.1639473684210526,0.1554065040650406,2,38,8,10,0,0,0,0,2,0,0,0,0.05263157894736842,0.21052631578947367,0.2631578947368421,0.0,0.0,0.0,0.0,0.05263157894736842,0.0,0.0,0.0
2023-09-06,桐生,12,桐生特選,6,4652,酒見峻介,38,佐賀,51,A2,5.92,43.48,6.11,33.33,35,33.33,63,31.93,曇り,北西,1,1,6.73,5,まくり,6,0.21,1.55.0,0.1764705882352941,0.1595833333333333,3,34,2,6,0,0,0,3,0,0,0,0,0.08823529411764706,0.058823529411764705,0.17647058823529413,0.0,0.0,0.0,0.08823529411764706,0.0,0.0,0.0,0.0
