日付,レース場,レース番号,レース種別,艇番,登録番号,選手名,年齢,支部,体重,級別,全国勝率,全国2連対率,当地勝率,当地2連対率,モーター番号,モーター2連対率,ボート番号,ボート2連対率,天候,風向,風速(m),波高(cm),展示タイム,着順,決まり手,進入,スタートタイミング,レースタイム,平均ST,全体平均ST,勝利回数,出走数,2着回数,3着回数,逃げ,逃し,差し,まくり,まくり差し,差され,まくられ,まくり差され,1着率,2着率,3着率,逃げ率,逃し率,差し率,まくり率,まくり差し率,差され率,まくられ率,まくり差され率
2023-10-09,芦屋,1,サンライズＶ,1,4709,岡村将也,34,福岡,54,A2,6.1,44.23,5.09,31.58,65,41.96,38,47.13,曇り,東,3,3,6.73,2,まくり差し,1,0.11,1.49.0,0.1502222222222222,0.1552439024390244,29,45,6,4,26,0,0,0,0,4,4,7,0.6444444444444445,0.13333333333333333,0.08888888888888889,0.5777777777777777,0.0,0.0,0.0,0.0,0.08888888888888889,0.08888888888888889,0.15555555555555556
2023-10-09,芦屋,1,サンライズＶ,2,5046,松山裕基,29,大阪,53,B1,4.96,30.34,3.72,16.67,51,16.67,15,27.27,曇り,東,3,3,6.76,4,まくり差し,2,0.17,1.53.2,0.1752941176470588,0.1502,1,34,14,3,0,23,1,0,0,0,0,0,0.029411764705882353,0.4117647058823529,0.08823529411764706,0.0,0.6764705882352942,0.029411764705882353,0.0,0.0,0.0,0.0,0.0
2023-10-09,芦屋,1,サンライズＶ,3,4889,後藤盛也,34,東京,52,B1,5.88,44.0,0.0,0.0,16,49.5,55,26.61,曇り,東,3,3,6.76,1,まくり差し,3,0.14,1.48.1,0.1209090909090909,0.143125,7,33,6,6,0,0,2,1,4,0,0,0,0.21212121212121213,0.18181818181818182,0.18181818181818182,0.0,0.0,0.06060606060606061,0.030303030303030304,0.12121212121212122,0.0,0.0,0.0
2023-10-09,芦屋,1,サンライズＶ,4,5077,滝沢　崚,26,埼玉,50,B1,3.73,12.7,0.0,0.0,35,24.42,48,24.76,曇り,東,3,3,6.71,6,まくり差し,4,0.13,.  .,0.1604166666666666,0.1759398496240601,2,24,2,4,0,0,1,1,0,0,0,0,0.08333333333333333,0.08333333333333333,0.16666666666666666,0.0,0.0,0.041666666666666664,0.041666666666666664,0.0,0.0,0.0,0.0
2023-10-09,芦屋,1,サンライズＶ,5,4919,吉田翔悟,32,長崎,52,B1,5.25,32.35,4.53,29.41,25,47.37,60,43.64,曇り,東,3,3,6.75,3,まくり差し,5,0.14,1.50.4,0.1587878787878787,0.162603550295858,4,33,3,7,0,0,0,1,2,0,0,0,0.12121212121212122,0.09090909090909091,0.21212121212121213,0.0,0.0,0.0,0.030303030303030304,0.06060606060606061,0.0,0.0,0.0
2023-10-09,芦屋,1,サンライズＶ,6,5164,森田梨湖,23,福岡,47,B2,1.98,3.03,1.29,0.0,57,23.76,39,30.36,曇り,東,3,3,6.75,5,まくり差し,6,0.21,.  .,0.2215151515151515,0.2333663366336633,0,33,0,1,0,0,0,0,0,0,0,0,0.0,0.0,0.030303030303030304,0.0,0.0,0.0,0.0,0.0,0.0,0.0,0.0
2023-10-09,芦屋,2,サンライズＷ,1,4105,松下直也,44,兵庫,52,A2,5.9,42.03,5.5,35.71,38,35.19,17,24.04,曇り,東,3,3,6.76,3,まくり,1,0.31,1.51.5,0.1772093023255814,0.1771538461538461,17,43,9,9,16,0,0,0,0,2,15,6,0.3953488372093023,0.20930232558139536,0.20930232558139536,0.37209302325581395,0.0,0.0,0.0,0.0,0.046511627906976744,0.3488372093023256,0.13953488372093023
2023-10-09,芦屋,2,サンライズＷ,2,5102,原田雄次,25,福岡,51,B1,4.41,22.97,3.84,15.57,46,35.14,23,33.33,曇り,東,3,3,6.78,2,まくり,2,0.26,1.50.0,0.1893103448275862,0.1800581395348837,0,29,7,4,0,12,0,0,0,0,0,0,0.0,0.2413793103448276,0.13793103448275862,0.0,0.41379310344827586,0.0,0.0,0.0,0.0,0.0,0.0
2023-10-09,芦屋,2,サンライズＷ,3,5198,奥村明日,21,福岡,43,B1,3.48,13.48,1.49,2.22,60,27.59,49,27.1,曇り,東,3,3,6.8,6,まくり,3,0.18,.  .,0.2089285714285714,0.2072432432432432,0,28,5,5,0,0,0,0,0,0,0,0,0.0,0.17857142857142858,0.17857142857142858,0.0,0.0,0.0,0.0,0.0,0.0,0.0,0.0
2023-10-09,芦屋,2,サンライズＷ,4,4308,河村　了,39,愛知,52,A1,6.89,49.58,7.0,60.0,45,32.35,41,27.55,曇り,東,3,3,6.78,1,まくり,4,0.12,1.49.0,0.1490243902439024,0.1486328125,7,41,9,12,0,0,2,1,4,0,0,0,0.17073170731707318,0.21951219512195122,0.2926829268292683,0.0,0.0,0.04878048780487805,0.024390243902439025,0.0975609756097561,0.0,0.0,0.0
2023-10-09,芦屋,2,サンライズＷ,5,4078,渡辺史之,44,群馬,51,B1,3.45,12.5,3.89,22.22,62,28.28,74,41.58,曇り,東,3,3,6.79,5,まくり,5,0.26,.  .,0.1783783783783783,0.1866517857142857,0,37,0,7,0,0,0,0,0,0,0,0,0.0,0.0,0.1891891891891892,0.0,0.0,0.0,0.0,0.0,0.0,0.0,0.0
2023-10-09,芦屋,2,サンライズＷ,6,4905,土井祥伍,28,大阪,54,B1,4.55,24.19,4.22,11.11,13,29.7,56,26.0,曇り,東,3,3,6.76,4,まくり,6,0.28,1.51.9,0.2504,0.1984615384615384,0,25,1,1,0,0,0,0,0,0,0,0,0.0,0.04,0.04,0.0,0.0,0.0,0.0,0.0,0.0,0.0,0.0
2023-10-09,芦屋,3,サンライズＸ,1,3514,山一鉄也,56,福岡,51,A2,5.78,40.0,6.48,49.02,49,26.5,30,35.78,曇り,東,3,3,6.73,1,逃げ,1,0.11,1.48.9,0.1548148148148148,0.1696654275092936,41,54,7,2,39,0,0,0,0,3,3,6,0.7592592592592593,0.12962962962962962,0.037037037037037035,0.7222222222222222,0.0,0.0,0.0,0.0,0.05555555555555555,0.05555555555555555,0.1111111111111111
2023-10-09,芦屋,3,サンライズＸ,2,3970,亀山高雅,47,群馬,54,B1,4.79,25.77,5.0,37.5,17,30.84,58,44.95,曇り,東,3,3,6.74,5,逃げ,2,0.15,.  .,0.1779310344827586,0.1811538461538461,2,29,6,4,0,15,1,0,0,0,0,0,0.06896551724137931,0.20689655172413793,0.13793103448275862,0.0,0.5172413793103449,0.034482758620689655,0.0,0.0,0.0,0.0,0.0
2023-10-09,芦屋,3,サンライズＸ,3,4933,板橋侑我,27,静岡,53,A1,6.56,45.68,7.09,54.55,18,27.37,73,31.25,曇り,東,3,3,6.73,2,逃げ,3,0.14,1.50.6,0.1002857142857142,0.130695652173913,10,35,11,7,0,0,2,1,7,0,0,0,0.2857142857142857,0.3142857142857143,0.2,0.0,0.0,0.05714285714285714,0.02857142857142857,0.2,0.0,0.0,0.0
2023-10-09,芦屋,3,サンライズＸ,4,5196,鰐部太空,22,愛知,53,B1,3.87,15.29,0.0,0.0,26,26.73,70,24.49,曇り,東,3,3,6.74,3,逃げ,4,0.29,1.51.3,0.1943396226415094,0.188659217877095,5,53,9,13,0,0,0,1,2,0,0,0,0.09433962264150944,0.16981132075471697,0.24528301886792453,0.0,0.0,0.0,0.018867924528301886,0.03773584905660377,0.0,0.0,0.0
2023-10-09,芦屋,3,サンライズＸ,5,3618,海野ゆか,49,広島,44,A2,6.73,51.33,6.28,44.83,20,51.79,51,36.28,曇り,東,3,3,6.74,4,逃げ,5,0.26,1.53.4,0.1717647058823529,0.1717269076305221,6,34,6,2,0,0,0,0,5,0,0,0,0.17647058823529413,0.17647058823529413,0.058823529411764705,0.0,0.0,0.0,0.0,0.14705882352941177,0.0,0.0,0.0
2023-10-09,芦屋,3,サンライズＸ,6,4791,黒澤めぐ,33,東京,48,B1,5.17,30.61,3.89,11.11,52,35.35,52,38.14,曇り,東,3,3,6.73,6,逃げ,6,0.31,.  .,0.2234375,0.1955329949238579,0,32,2,5,0,0,0,0,0,0,0,0,0.0,0.0625,0.15625,0.0,0.0,0.0,0.0,0.0,0.0,0.0,0.0
2023-10-09,芦屋,4,サンライズＹ,1,4052,興津　藍,42,徳島,51,A1,5.88,42.61,7.18,59.09,33,42.99,67,39.22,曇り,東,2,2,6.74,1,逃げ,1,0.13,1.47.7,0.1669841269841269,0.1661619718309859,44,63,6,4,44,0,0,0,0,3,4,8,0.6984126984126984,0.09523809523809523,0.06349206349206349,0.6984126984126984,0.0,0.0,0.0,0.0,0.047619047619047616,0.06349206349206349,0.12698412698412698
2023-10-09,芦屋,4,サンライズＹ,2,4638,小林遼太,32,福岡,54,B1,4.73,29.03,5.3,31.52,63,34.26,27,49.0,曇り,東,2,2,6.79,2,逃げ,2,0.21,1.50.7,0.1961538461538461,0.1922815533980582,5,39,7,7,0,16,4,0,0,0,0,0,0.1282051282051282,0.1794871794871795,0.1794871794871795,0.0,0.41025641025641024,0.10256410256410256,0.0,0.0,0.0,0.0,0.0
2023-10-09,芦屋,4,サンライズＹ,3,3860,松本浩貴,50,埼玉,52,B1,3.88,18.75,0.0,0.0,27,22.12,35,32.69,曇り,東,2,2,6.81,5,逃げ,3,0.21,.  .,0.1894117647058823,0.1903846153846153,1,34,7,4,0,0,0,1,0,0,0,0,0.029411764705882353,0.20588235294117646,0.11764705882352941,0.0,0.0,0.0,0.029411764705882353,0.0,0.0,0.0,0.0
2023-10-09,芦屋,4,サンライズＹ,4,3347,矢後　剛,56,東京,57,A2,4.74,20.18,5.73,45.45,5,48.7,42,32.08,曇り,東,2,2,6.71,3,逃げ,4,0.19,1.51.7,0.1791176470588235,0.174763948497854,1,34,3,8,0,0,0,0,1,0,0,0,0.029411764705882353,0.08823529411764706,0.23529411764705882,0.0,0.0,0.0,0.0,0.029411764705882353,0.0,0.0,0.0
2023-10-09,芦屋,4,サンライズＹ,5,4727,安部慎一,36,福岡,53,B1,3.89,21.43,3.21,9.52,30,38.46,57,25.0,曇り,東,2,2,6.8,4,逃げ,5,0.21,1.53.2,0.1637142857142857,0.1675132275132275,1,35,4,7,0,0,0,0,1,0,0,0,0.02857142857142857,0.11428571428571428,0.2,0.0,0.0,0.0,0.0,0.02857142857142857,0.0,0.0,0.0
2023-10-09,芦屋,4,サンライズＹ,6,5283,植木美帆,19,東京,50,B2,0.0,0.0,0.0,0.0,55,26.53,24,29.9,曇り,東,2,2,6.8,6,逃げ,6,0.24,.  .,0.2216666666666666,0.22,0,24,0,1,0,0,0,0,0,0,0,0,0.0,0.0,0.041666666666666664,0.0,0.0,0.0,0.0,0.0,0.0,0.0,0.0
2023-10-09,芦屋,5,サンライズＺ,1,4786,佐藤博亮,35,愛知,54,A2,6.92,55.65,8.3,80.0,21,44.95,43,31.48,曇り,北,1,1,6.65,1,逃げ,1,0.13,1.47.0,0.1477419354838709,0.1377450980392157,23,31,5,1,22,0,0,0,0,2,2,4,0.7419354838709677,0.16129032258064516,0.03225806451612903,0.7096774193548387,0.0,0.0,0.0,0.0,0.06451612903225806,0.06451612903225806,0.12903225806451613
2023-10-09,芦屋,5,サンライズＺ,2,3994,茶谷　桜,44,滋賀,46,B1,5.85,36.99,0.0,0.0,50,34.0,28,32.43,曇り,北,1,1,6.77,5,逃げ,2,0.14,.  .,0.2191891891891891,0.2021546961325967,4,37,10,11,0,20,3,1,0,0,0,0,0.10810810810810811,0.2702702702702703,0.2972972972972973,0.0,0.5405405405405406,0.08108108108108109,0.02702702702702703,0.0,0.0,0.0,0.0
2023-10-09,芦屋,5,サンライズＺ,3,4363,大野芳顕,38,福岡,52,B1,5.5,36.75,5.85,43.08,10,42.71,53,25.23,曇り,北,1,1,6.74,2,逃げ,3,0.08,1.49.9,0.17175,0.1720081967213114,8,40,9,10,0,0,1,6,1,0,0,0,0.2,0.225,0.25,0.0,0.0,0.025,0.15,0.025,0.0,0.0,0.0
2023-10-09,芦屋,5,サンライズＺ,4,4889,後藤盛也,34,東京,52,B1,5.88,44.0,0.0,0.0,16,49.5,55,26.61,曇り,北,1,1,6.79,6,逃げ,6,0.15,.  .,0.1275,0.143125,3,28,5,7,0,0,0,2,1,0,0,0,0.10714285714285714,0.17857142857142858,0.25,0.0,0.0,0.0,0.07142857142857142,0.03571428571428571,0.0,0.0,0.0
2023-10-09,芦屋,5,サンライズＺ,5,4103,山崎善庸,44,埼玉,53,B1,4.03,19.74,0.0,0.0,59,35.64,16,34.74,曇り,北,1,1,6.79,3,逃げ,4,0.15,1.51.6,0.2317857142857143,0.2291139240506329,0,28,1,4,0,0,0,0,0,0,0,0,0.0,0.03571428571428571,0.14285714285714285,0.0,0.0,0.0,0.0,0.0,0.0,0.0,0.0
2023-10-09,芦屋,5,サンライズＺ,6,4057,松井賢治,44,兵庫,52,A1,5.68,37.21,5.58,34.62,39,23.71,34,30.25,曇り,北,1,1,6.72,4,逃げ,5,0.13,1.52.8,0.1647727272727272,0.1564705882352941,1,44,7,7,0,0,0,1,0,0,0,0,0.022727272727272728,0.1590909090909091,0.1590909090909091,0.0,0.0,0.0,0.022727272727272728,0.0,0.0,0.0,0.0
2023-10-09,芦屋,6,予選,1,3855,大熊辰弥,51,香川,54,B1,3.73,13.33,4.88,21.95,56,39.45,22,41.28,晴,東,3,3,6.72,4,まくり,1,0.21,1.53.7,0.1873076923076923,0.2048663101604278,7,26,5,6,7,0,0,0,0,5,9,2,0.2692307692307692,0.19230769230769232,0.23076923076923078,0.2692307692307692,0.0,0.0,0.0,0.0,0.19230769230769232,0.34615384615384615,0.07692307692307693
2023-10-09,芦屋,6,予選,2,3805,高橋英之,49,東京,53,A2,5.83,38.38,0.0,0.0,64,34.95,19,27.96,晴,東,3,3,6.75,1,まくり,2,0.12,1.48.4,0.1348484848484848,0.1300966183574879,5,33,12,6,0,18,3,2,0,0,0,0,0.15151515151515152,0.36363636363636365,0.18181818181818182,0.0,0.5454545454545454,0.09090909090909091,0.06060606060606061,0.0,0.0,0.0,0.0
2023-10-09,芦屋,6,予選,3,5199,垂水　悠,21,徳島,56,B1,3.94,24.39,2.08,4.0,54,29.0,44,33.33,晴,東,3,3,6.8,2,まくり,3,0.12,1.49.5,0.1327586206896552,0.1464634146341463,0,29,6,5,0,0,0,0,0,0,0,0,0.0,0.20689655172413793,0.1724137931034483,0.0,0.0,0.0,0.0,0.0,0.0,0.0,0.0
2023-10-09,芦屋,6,予選,4,5164,森田梨湖,23,福岡,47,B2,1.98,3.03,1.29,0.0,57,23.76,39,30.36,晴,東,3,3,6.72,6,まくり,4,0.21,.  .,0.2325,0.2333663366336633,0,44,0,3,0,0,0,0,0,0,0,0,0.0,0.0,0.06818181818181818,0.0,0.0,0.0,0.0,0.0,0.0,0.0,0.0
2023-10-09,芦屋,6,予選,5,4462,夏山亮平,37,大阪,59,A2,5.33,31.13,4.56,26.67,48,38.33,65,36.11,晴,東,3,3,6.79,3,まくり,5,0.18,1.51.7,0.1288372093023256,0.1370792079207921,6,43,6,13,0,0,0,0,6,0,0,0,0.13953488372093023,0.13953488372093023,0.3023255813953488,0.0,0.0,0.0,0.0,0.13953488372093023,0.0,0.0,0.0
2023-10-09,芦屋,6,予選,6,4207,松下一也,40,静岡,55,A1,5.97,50.0,5.29,28.57,15,31.18,61,25.25,晴,東,3,3,6.73,5,まくり,6,0.15,.  .,0.1572413793103448,0.1286904761904762,1,29,3,5,0,0,0,0,1,0,0,0,0.034482758620689655,0.10344827586206896,0.1724137931034483,0.0,0.0,0.0,0.0,0.034482758620689655,0.0,0.0,0.0
2023-10-09,芦屋,7,予選,1,3953,志道吉和,47,福岡,52,B1,4.44,26.83,4.48,25.0,47,25.0,47,45.95,晴,東,3,3,6.73,2,まくり差し,1,0.19,1.51.4,0.1325,0.17248322147651,10,20,3,1,9,0,0,0,0,1,4,3,0.5,0.15,0.05,0.45,0.0,0.0,0.0,0.0,0.05,0.2,0.15
2023-10-09,芦屋,7,予選,2,4078,渡辺史之,44,群馬,51,B1,3.45,12.5,3.89,22.22,62,28.28,74,41.58,晴,東,3,3,6.79,5,まくり差し,2,0.21,.  .,0.17875,0.1866517857142857,0,40,12,6,0,24,0,0,0,0,0,0,0.0,0.3,0.15,0.0,0.6,0.0,0.0,0.0,0.0,0.0,0.0
2023-10-09,芦屋,7,予選,3,4923,末武里奈,31,山口,51,B2,1.97,0.0,2.88,0.0,11,26.61,69,41.75,晴,東,3,3,6.79,6,まくり差し,3,0.23,.  .,0.1949999999999999,0.2134375,0,6,0,0,0,0,0,0,0,0,0,0,0.0,0.0,0.0,0.0,0.0,0.0,0.0,0.0,0.0,0.0,0.0
2023-10-09,芦屋,7,予選,4,4046,谷村啓司,43,福岡,54,B1,3.25,5.66,4.46,22.22,7,20.56,64,29.9,晴,東,3,3,6.82,4,まくり差し,4,0.34,1.53.8,0.2059259259259259,0.1858181818181818,0,27,1,3,0,0,0,0,0,0,0,0,0.0,0.037037037037037035,0.1111111111111111,0.0,0.0,0.0,0.0,0.0,0.0,0.0,0.0
2023-10-09,芦屋,7,予選,5,4821,妻鳥晋也,31,香川,55,B1,5.15,33.33,5.8,40.0,6,35.71,33,42.11,晴,東,3,3,6.73,1,まくり差し,5,0.12,1.49.7,0.1782051282051282,0.1931018518518518,1,39,3,8,0,0,0,0,1,0,0,0,0.02564102564102564,0.07692307692307693,0.20512820512820512,0.0,0.0,0.0,0.0,0.02564102564102564,0.0,0.0,0.0
2023-10-09,芦屋,7,予選,6,5196,鰐部太空,22,愛知,53,B1,3.87,15.29,0.0,0.0,26,26.73,70,24.49,晴,東,3,3,6.71,3,まくり差し,6,0.16,1.52.2,0.1866666666666666,0.188659217877095,0,66,4,15,0,0,0,0,0,0,0,0,0.0,0.06060606060606061,0.22727272727272727,0.0,0.0,0.0,0.0,0.0,0.0,0.0,0.0
2023-10-09,芦屋,8,予選,1,3860,松本浩貴,50,埼玉,52,B1,3.88,18.75,0.0,0.0,27,22.12,35,32.69,曇り,東,3,3,6.79,2,差し,1,0.14,1.51.6,0.1846428571428571,0.1903846153846153,8,28,4,7,7,0,0,0,0,10,5,5,0.2857142857142857,0.14285714285714285,0.25,0.25,0.0,0.0,0.0,0.0,0.35714285714285715,0.17857142857142858,0.17857142857142858
2023-10-09,芦屋,8,予選,2,3616,中村　真,50,福岡,54,A2,5.13,26.88,5.64,39.47,43,20.39,21,30.28,曇り,東,3,3,6.8,1,差し,2,0.14,1.49.2,0.19125,0.1631132075471698,4,32,5,11,0,16,3,1,0,0,0,0,0.125,0.15625,0.34375,0.0,0.5,0.09375,0.03125,0.0,0.0,0.0,0.0
2023-10-09,芦屋,8,予選,3,5046,松山裕基,29,大阪,53,B1,4.96,30.34,3.72,16.67,51,16.67,15,27.27,曇り,東,3,3,6.76,5,差し,3,0.16,.  .,0.1551351351351351,0.1502,4,37,7,10,0,0,0,1,3,0,0,0,0.10810810810810811,0.1891891891891892,0.2702702702702703,0.0,0.0,0.0,0.02702702702702703,0.08108108108108109,0.0,0.0,0.0
2023-10-09,芦屋,8,予選,4,5198,奥村明日,21,福岡,43,B1,3.48,13.48,1.49,2.22,60,27.59,49,27.1,曇り,東,3,3,6.79,6,差し,4,0.24,.  .,0.2141176470588235,0.2072432432432432,1,34,2,3,0,0,0,1,0,0,0,0,0.029411764705882353,0.058823529411764705,0.08823529411764706,0.0,0.0,0.0,0.029411764705882353,0.0,0.0,0.0,0.0
2023-10-09,芦屋,8,予選,5,3970,亀山高雅,47,群馬,54,B1,4.79,25.77,5.0,37.5,17,30.84,58,44.95,曇り,東,3,3,6.77,3,差し,5,0.21,1.53.1,0.1820833333333333,0.1811538461538461,1,24,4,7,0,0,0,0,0,0,0,0,0.041666666666666664,0.16666666666666666,0.2916666666666667,0.0,0.0,0.0,0.0,0.0,0.0,0.0,0.0
2023-10-09,芦屋,8,予選,6,4540,相原利章,36,東京,53,A2,6.17,40.0,0.0,0.0,41,18.18,40,32.71,曇り,東,3,3,6.81,4,差し,6,0.17,1.53.6,0.1339130434782608,0.1163787375415282,1,46,2,7,0,0,0,0,1,0,0,0,0.021739130434782608,0.043478260869565216,0.15217391304347827,0.0,0.0,0.0,0.0,0.021739130434782608,0.0,0.0,0.0
2023-10-09,芦屋,9,予選特賞,1,4526,池田雄祐,35,愛知,52,A1,5.99,41.8,0.0,0.0,31,20.83,18,37.72,曇り,北東,4,4,6.73,1,逃げ,1,0.08,1.48.8,0.1264814814814814,0.1344485294117647,35,54,9,8,33,0,0,0,0,2,7,7,0.6481481481481481,0.16666666666666666,0.14814814814814814,0.6111111111111112,0.0,0.0,0.0,0.0,0.037037037037037035,0.12962962962962962,0.12962962962962962
2023-10-09,芦屋,9,予選特賞,2,5077,滝沢　崚,26,埼玉,50,B1,3.73,12.7,0.0,0.0,35,24.42,48,24.76,曇り,北東,4,4,6.78,5,逃げ,2,0.07,.  .,0.1695833333333333,0.1759398496240601,2,24,1,7,0,10,1,0,0,0,0,0,0.08333333333333333,0.041666666666666664,0.2916666666666667,0.0,0.4166666666666667,0.041666666666666664,0.0,0.0,0.0,0.0,0.0
2023-10-09,芦屋,9,予選特賞,3,3994,茶谷　桜,44,滋賀,46,B1,5.85,36.99,0.0,0.0,50,34.0,11,30.7,曇り,北東,4,4,6.79,6,逃げ,3,0.09,.  .,0.1884375,0.2021546961325967,5,32,5,8,0,0,3,0,0,0,0,0,0.15625,0.15625,0.25,0.0,0.0,0.09375,0.0,0.0,0.0,0.0,0.0
2023-10-09,芦屋,9,予選特賞,4,4133,高橋正男,43,兵庫,53,A2,5.82,40.46,6.24,37.93,61,41.23,31,28.43,曇り,北東,4,4,6.74,2,逃げ,4,0.06,1.49.7,0.1335555555555555,0.1452189781021897,5,45,15,11,0,0,1,3,1,0,0,0,0.1111111111111111,0.3333333333333333,0.24444444444444444,0.0,0.0,0.022222222222222223,0.06666666666666667,0.022222222222222223,0.0,0.0,0.0
2023-10-09,芦屋,9,予選特賞,5,5190,大月遊雅,22,東京,54,B1,3.01,11.59,0.0,0.0,42,22.02,37,31.96,曇り,北東,4,4,6.74,4,逃げ,5,0.12,1.53.0,0.1616129032258064,0.1727464788732394,0,31,2,2,0,0,0,0,0,0,0,0,0.0,0.06451612903225806,0.06451612903225806,0.0,0.0,0.0,0.0,0.0,0.0,0.0,0.0
2023-10-09,芦屋,9,予選特賞,6,4424,松尾昂明,38,福岡,51,A2,5.98,40.58,6.4,52.54,53,33.33,54,40.74,曇り,北東,4,4,6.7,3,逃げ,6,0.21,1.51.7,0.1639473684210526,0.1645138888888889,1,38,0,9,0,0,0,0,0,0,0,0,0.02631578947368421,0.0,0.23684210526315788,0.0,0.0,0.0,0.0,0.0,0.0,0.0,0.0
2023-10-09,芦屋,10,予選特賞,1,4539,金子賢志,32,群馬,52,A2,5.54,38.68,5.33,22.22,58,27.84,20,26.8,晴,東,3,3,6.8,2,まくり差し,1,0.23,1.52.2,0.125,0.1528310502283105,35,44,2,0,35,0,0,0,0,3,3,1,0.7954545454545454,0.045454545454545456,0.0,0.7954545454545454,0.0,0.0,0.0,0.0,0.06818181818181818,0.06818181818181818,0.022727272727272728
2023-10-09,芦屋,10,予選特賞,2,3514,山一鉄也,56,福岡,51,A2,5.78,40.0,6.48,49.02,49,26.5,30,35.78,晴,東,3,3,6.74,3,まくり差し,2,0.24,1.55.1,0.1631818181818181,0.1696654275092936,5,44,11,14,0,22,3,2,0,0,0,0,0.11363636363636363,0.25,0.3181818181818182,0.0,0.5,0.06818181818181818,0.045454545454545456,0.0,0.0,0.0,0.0
2023-10-09,芦屋,10,予選特賞,3,4638,小林遼太,32,福岡,54,B1,4.73,29.03,5.3,31.52,63,34.26,27,49.0,晴,東,3,3,6.75,5,まくり差し,3,0.21,.  .,0.1791891891891892,0.1922815533980582,7,37,8,2,0,0,0,5,1,0,0,0,0.1891891891891892,0.21621621621621623,0.05405405405405406,0.0,0.0,0.0,0.13513513513513514,0.02702702702702703,0.0,0.0,0.0
2023-10-09,芦屋,10,予選特賞,5,4300,加藤　綾,40,三重,50,B1,4.88,30.95,5.36,48.0,2,34.74,75,40.0,晴,東,3,3,6.8,1,まくり差し,5,0.16,1.49.2,0.1931428571428571,0.1773429951690821,1,35,4,10,0,0,0,0,1,0,0,0,0.02857142857142857,0.11428571428571428,0.2857142857142857,0.0,0.0,0.0,0.0,0.02857142857142857,0.0,0.0,0.0
2023-10-09,芦屋,10,予選特賞,6,3805,高橋英之,49,東京,53,A2,5.83,38.38,0.0,0.0,64,34.95,19,27.96,晴,東,3,3,6.76,4,まくり差し,6,0.14,1.58.1,0.1445454545454545,0.1300966183574879,0,33,0,6,0,0,0,0,0,0,0,0,0.0,0.0,0.18181818181818182,0.0,0.0,0.0,0.0,0.0,0.0,0.0,0.0
2023-10-09,芦屋,11,予選特選,1,4462,夏山亮平,37,大阪,59,A2,5.33,31.13,4.56,26.67,48,38.33,65,36.11,晴,北,2,2,6.78,1,逃げ,1,0.13,1.48.9,0.1351724137931034,0.1370792079207921,15,29,5,0,14,0,0,0,0,5,4,4,0.5172413793103449,0.1724137931034483,0.0,0.4827586206896552,0.0,0.0,0.0,0.0,0.1724137931034483,0.13793103448275862,0.13793103448275862
2023-10-09,芦屋,11,予選特選,2,4821,妻鳥晋也,31,香川,55,B1,5.15,33.33,5.8,40.0,6,35.71,33,42.11,晴,北,2,2,6.72,2,逃げ,2,0.18,1.50.5,0.1925581395348837,0.1931018518518518,4,43,10,8,0,19,2,2,0,0,0,0,0.09302325581395349,0.23255813953488372,0.18604651162790697,0.0,0.4418604651162791,0.046511627906976744,0.046511627906976744,0.0,0.0,0.0,0.0
2023-10-09,芦屋,11,予選特選,3,4709,岡村将也,34,福岡,54,A2,6.1,44.23,5.09,31.58,65,41.96,38,47.13,晴,北,2,2,6.76,5,逃げ,3,0.21,.  .,0.15625,0.1552439024390244,5,40,13,9,0,0,0,3,2,0,0,0,0.125,0.325,0.225,0.0,0.0,0.0,0.075,0.05,0.0,0.0,0.0
2023-10-09,芦屋,11,予選特選,4,3618,海野ゆか,49,広島,44,A2,6.73,51.33,6.28,44.83,20,51.79,51,36.28,晴,北,2,2,6.76,3,逃げ,4,0.18,1.51.7,0.1613636363636363,0.1717269076305221,7,44,9,11,0,0,0,6,1,0,0,0,0.1590909090909091,0.20454545454545456,0.25,0.0,0.0,0.0,0.13636363636363635,0.022727272727272728,0.0,0.0,0.0
2023-10-09,芦屋,11,予選特選,5,4363,大野芳顕,38,福岡,52,B1,5.5,36.75,5.85,43.08,10,42.71,53,25.23,晴,北,2,2,6.74,4,逃げ,5,0.19,1.52.2,0.1655555555555555,0.1720081967213114,2,36,6,5,0,0,0,1,1,0,0,0,0.05555555555555555,0.16666666666666666,0.1388888888888889,0.0,0.0,0.0,0.027777777777777776,0.027777777777777776,0.0,0.0,0.0
2023-10-09,芦屋,11,予選特選,6,3347,矢後　剛,56,東京,57,A2,4.74,20.18,5.73,45.45,5,48.7,42,32.08,晴,北,2,2,6.69,6,逃げ,6,0.23,.  .,0.1974358974358974,0.174763948497854,1,39,5,13,0,0,0,1,0,0,0,0,0.02564102564102564,0.1282051282051282,0.3333333333333333,0.0,0.0,0.0,0.02564102564102564,0.0,0.0,0.0,0.0
2023-10-09,芦屋,12,ドリームレー,1,4308,河村　了,39,愛知,52,A1,6.89,49.58,7.0,60.0,45,32.35,41,27.55,晴,北,3,3,6.78,2,抜き,1,0.15,1.49.7,0.1354237288135593,0.1486328125,40,59,12,6,40,0,0,0,0,4,7,8,0.6779661016949152,0.2033898305084746,0.1016949152542373,0.6779661016949152,0.0,0.0,0.0,0.0,0.06779661016949153,0.11864406779661017,0.13559322033898305
2023-10-09,芦屋,12,ドリームレー,2,4052,興津　藍,42,徳島,51,A1,5.88,42.61,7.18,59.09,33,42.99,67,39.22,晴,北,3,3,6.73,3,抜き,2,0.16,1.50.8,0.1453191489361702,0.1661619718309859,13,47,12,8,1,25,5,3,0,0,0,0,0.2765957446808511,0.2553191489361702,0.1702127659574468,0.02127659574468085,0.5319148936170213,0.10638297872340426,0.06382978723404255,0.0,0.0,0.0,0.0
2023-10-09,芦屋,12,ドリームレー,3,4057,松井賢治,44,兵庫,52,A1,5.68,37.21,5.58,34.62,39,23.71,34,30.25,晴,北,3,3,6.78,4,抜き,3,0.17,1.52.3,0.1572,0.1564705882352941,5,50,8,16,0,0,3,0,2,0,0,0,0.1,0.16,0.32,0.0,0.0,0.06,0.0,0.04,0.0,0.0,0.0
2023-10-09,芦屋,12,ドリームレー,4,4207,松下一也,40,静岡,55,A1,5.97,50.0,5.29,28.57,15,31.18,61,25.25,晴,北,3,3,6.78,5,抜き,4,0.15,.  .,0.1314285714285714,0.1286904761904762,5,28,7,2,0,0,1,3,1,0,0,0,0.17857142857142858,0.25,0.07142857142857142,0.0,0.0,0.03571428571428571,0.10714285714285714,0.03571428571428571,0.0,0.0,0.0
2023-10-09,芦屋,12,ドリームレー,5,4526,池田雄祐,35,愛知,52,A1,5.99,41.8,0.0,0.0,31,20.83,18,37.72,晴,北,3,3,6.77,6,抜き,5,0.13,.  .,0.123157894736842,0.1344485294117647,3,38,8,9,0,0,0,1,2,0,0,0,0.07894736842105263,0.21052631578947367,0.23684210526315788,0.0,0.0,0.0,0.02631578947368421,0.05263157894736842,0.0,0.0,0.0
2023-10-09,芦屋,12,ドリームレー,6,4933,板橋侑我,27,静岡,53,A1,6.56,45.68,7.09,54.55,18,27.37,73,31.25,晴,北,3,3,6.78,1,抜き,6,0.18,1.47.5,0.1644444444444444,0.130695652173913,1,36,6,3,0,0,0,0,1,0,0,0,0.027777777777777776,0.16666666666666666,0.08333333333333333,0.0,0.0,0.0,0.0,0.027777777777777776,0.0,0.0,0.0
2023-10-09,下関,1,一般,1,3772,一柳和孝,49,埼玉,54,B1,5.51,33.04,5.58,33.33,37,34.45,34,28.23,晴,南,2,2,6.7,1,逃げ,1,0.18,1.50.2,0.1429787234042553,0.1563571428571428,29,47,4,4,26,0,0,0,0,9,5,4,0.6170212765957447,0.0851063829787234,0.0851063829787234,0.5531914893617021,0.0,0.0,0.0,0.0,0.19148936170212766,0.10638297872340426,0.0851063829787234
2023-10-09,下関,1,一般,2,3233,小畑実成,56,岡山,53,B1,5.16,32.41,6.11,45.65,21,36.51,41,27.59,晴,南,2,2,6.72,2,逃げ,2,0.18,1.51.9,0.138780487804878,0.153469387755102,6,41,7,7,1,22,2,2,0,0,0,0,0.14634146341463414,0.17073170731707318,0.17073170731707318,0.024390243902439025,0.5365853658536586,0.04878048780487805,0.04878048780487805,0.0,0.0,0.0,0.0
2023-10-09,下関,1,一般,3,4007,榮田将彦,44,山口,49,B1,5.35,35.0,5.17,30.85,63,32.0,14,26.5,晴,南,2,2,6.68,4,逃げ,3,0.14,1.54.0,0.1455555555555555,0.1349541284403669,2,36,8,6,0,0,0,1,1,0,0,0,0.05555555555555555,0.2222222222222222,0.16666666666666666,0.0,0.0,0.0,0.027777777777777776,0.027777777777777776,0.0,0.0,0.0
2023-10-09,下関,1,一般,4,3619,長谷川充,49,群馬,52,B1,4.83,26.79,0.0,0.0,48,31.01,60,30.71,晴,南,2,2,6.75,5,逃げ,4,0.21,.  .,0.1875,0.1878861788617886,2,40,6,16,0,0,0,0,0,0,0,0,0.05,0.15,0.4,0.0,0.0,0.0,0.0,0.0,0.0,0.0,0.0
2023-10-09,下関,1,一般,5,5270,小玉啓太,22,佐賀,52,B2,1.65,1.41,1.83,0.0,70,34.75,40,51.56,晴,南,2,2,6.65,6,逃げ,6,0.21,.  .,0.1997368421052631,0.2055645161290323,1,38,0,2,0,0,0,0,1,0,0,0,0.02631578947368421,0.0,0.05263157894736842,0.0,0.0,0.0,0.0,0.02631578947368421,0.0,0.0,0.0
2023-10-09,下関,1,一般,6,3436,柏野幸二,54,岡山,50,A2,5.85,41.94,5.86,43.1,46,35.71,73,37.3,晴,南,2,2,6.67,3,逃げ,5,0.19,1.52.8,0.1488571428571428,0.1260406091370558,1,35,1,12,0,0,0,0,1,0,0,0,0.02857142857142857,0.02857142857142857,0.34285714285714286,0.0,0.0,0.0,0.0,0.02857142857142857,0.0,0.0,0.0
2023-10-09,下関,2,一般,1,4558,宮野　仁,33,岡山,54,B1,5.6,36.05,6.75,37.5,71,34.65,48,31.2,晴,東,1,1,6.65,1,逃げ,1,0.12,1.49.1,0.1478260869565217,0.1621818181818182,17,23,2,2,16,0,0,0,0,0,4,2,0.7391304347826086,0.08695652173913043,0.08695652173913043,0.6956521739130435,0.0,0.0,0.0,0.0,0.0,0.17391304347826086,0.08695652173913043
2023-10-09,下関,2,一般,2,4607,鶴田勇雄,34,福岡,52,B1,6.04,38.68,5.83,33.33,25,36.97,55,34.15,晴,東,1,1,6.62,2,逃げ,2,0.16,1.50.4,0.2112195121951219,0.1720622568093385,2,41,10,9,0,25,1,0,0,0,0,0,0.04878048780487805,0.24390243902439024,0.21951219512195122,0.0,0.6097560975609756,0.024390243902439025,0.0,0.0,0.0,0.0,0.0
2023-10-09,下関,2,一般,3,3875,廣中良一,46,山口,51,B1,4.1,23.08,4.79,30.91,59,33.33,69,32.0,晴,東,1,1,6.67,5,逃げ,3,0.18,.  .,0.1652380952380952,0.1870813397129186,4,42,10,6,0,0,1,2,0,0,0,0,0.09523809523809523,0.23809523809523808,0.14285714285714285,0.0,0.0,0.023809523809523808,0.047619047619047616,0.0,0.0,0.0,0.0
2023-10-09,下関,2,一般,4,3441,土屋太朗,54,群馬,54,B1,4.71,25.3,4.39,11.11,60,25.86,28,34.13,晴,東,1,1,6.7,4,逃げ,4,0.13,1.54.4,0.1725806451612903,0.1851271186440677,4,31,2,11,0,0,1,3,0,0,0,0,0.12903225806451613,0.06451612903225806,0.3548387096774194,0.0,0.0,0.03225806451612903,0.0967741935483871,0.0,0.0,0.0,0.0
2023-10-09,下関,2,一般,5,3430,角浜　修,55,広島,54,B1,4.44,31.37,5.38,33.33,28,32.23,46,41.94,晴,東,1,1,6.64,3,逃げ,5,0.12,1.52.4,0.182,0.162396694214876,1,45,0,6,0,0,0,0,0,0,0,0,0.022222222222222223,0.0,0.13333333333333333,0.0,0.0,0.0,0.0,0.0,0.0,0.0,0.0
2023-10-09,下関,2,一般,6,5284,嘉手苅徹,24,福岡,53,B2,1.3,0.0,0.0,0.0,29,33.58,43,43.31,晴,東,1,1,6.64,6,逃げ,6,0.14,.  .,0.2082926829268293,0.2045588235294117,0,41,0,0,0,0,0,0,0,0,0,0,0.0,0.0,0.0,0.0,0.0,0.0,0.0,0.0,0.0,0.0,0.0
2023-10-09,下関,3,一般,1,3809,吉田　光,48,佐賀,50,A2,5.13,26.8,5.47,36.84,67,28.93,26,35.48,晴,東,1,1,6.69,1,逃げ,1,0.13,1.49.5,0.1642105263157894,0.1625550660792951,15,38,10,5,14,0,0,0,0,7,6,7,0.39473684210526316,0.2631578947368421,0.13157894736842105,0.3684210526315789,0.0,0.0,0.0,0.0,0.18421052631578946,0.15789473684210525,0.18421052631578946
2023-10-09,下関,3,一般,2,4911,片岡大地,27,東京,52,B1,4.58,29.21,4.38,6.25,12,41.67,35,31.15,晴,東,1,1,6.72,3,逃げ,2,0.14,1.51.6,0.1387179487179487,0.1389351851851852,4,39,8,10,0,23,3,1,0,0,0,0,0.10256410256410256,0.20512820512820512,0.2564102564102564,0.0,0.5897435897435898,0.07692307692307693,0.02564102564102564,0.0,0.0,0.0,0.0
2023-10-09,下関,3,一般,3,4817,渡邉　翼,32,山口,49,A2,5.37,29.49,5.75,38.1,22,32.61,25,35.94,晴,東,1,1,6.65,2,逃げ,3,0.12,1.50.9,0.12275,0.1402252252252252,4,40,12,6,0,0,1,1,1,0,0,0,0.1,0.3,0.15,0.0,0.0,0.025,0.025,0.025,0.0,0.0,0.0
2023-10-09,下関,3,一般,4,4177,萬　正嗣,40,群馬,58,B1,4.81,32.5,6.63,25.0,18,24.81,64,25.86,晴,東,1,1,6.61,4,逃げ,4,0.11,1.53.1,0.1371428571428571,0.1659047619047619,2,35,6,8,0,0,0,1,1,0,0,0,0.05714285714285714,0.17142857142857143,0.22857142857142856,0.0,0.0,0.0,0.02857142857142857,0.02857142857142857,0.0,0.0,0.0
2023-10-09,下関,3,一般,5,4981,牧山敦也,27,佐賀,52,B1,4.71,24.27,3.76,20.69,33,20.97,36,46.02,晴,東,1,1,6.69,5,逃げ,5,0.14,.  .,0.1784444444444444,0.1623236514522821,1,45,5,10,0,0,0,1,0,0,0,0,0.022222222222222223,0.1111111111111111,0.2222222222222222,0.0,0.0,0.0,0.022222222222222223,0.0,0.0,0.0,0.0
2023-10-09,下関,3,一般,6,3811,石田章央,47,静岡,55,A2,6.7,50.0,7.75,75.0,44,35.43,59,25.64,晴,東,1,1,6.68,6,逃げ,6,0.1,.  .,0.14625,0.1541496598639455,1,40,7,12,0,0,0,1,0,0,0,0,0.025,0.175,0.3,0.0,0.0,0.0,0.025,0.0,0.0,0.0,0.0
2023-10-09,下関,4,一般,1,4835,橋本　明,35,広島,53,A2,4.99,28.18,4.72,23.08,41,26.5,44,22.03,晴,東,1,1,6.72,5,まくり差し,1,0.19,.  .,0.1733333333333333,0.1577358490566037,23,33,3,3,21,0,0,0,0,1,7,0,0.696969696969697,0.09090909090909091,0.09090909090909091,0.6363636363636364,0.0,0.0,0.0,0.0,0.030303030303030304,0.21212121212121213,0.0
2023-10-09,下関,4,一般,2,3577,向所浩二,50,兵庫,57,B1,4.59,27.1,6.75,62.5,27,32.79,70,32.26,晴,東,1,1,6.69,6,まくり差し,3,0.16,.  .,0.1622222222222222,0.161,6,36,10,5,0,18,5,1,0,0,0,0,0.16666666666666666,0.2777777777777778,0.1388888888888889,0.0,0.5,0.1388888888888889,0.027777777777777776,0.0,0.0,0.0,0.0
2023-10-09,下関,4,一般,3,3744,徳増秀樹,48,静岡,53,A1,7.19,55.96,5.0,22.22,73,24.35,67,21.14,晴,東,1,1,6.73,3,まくり差し,2,0.21,1.52.8,0.1307142857142857,0.1335438596491228,14,42,9,6,0,0,2,7,3,0,0,0,0.3333333333333333,0.21428571428571427,0.14285714285714285,0.0,0.0,0.047619047619047616,0.16666666666666666,0.07142857142857142,0.0,0.0,0.0
2023-10-09,下関,4,一般,4,5096,上原　崚,28,東京,54,B1,5.18,33.65,3.85,10.0,66,31.39,30,35.25,晴,東,1,1,6.76,2,まくり差し,4,0.09,1.51.0,0.1402222222222222,0.1314410480349345,9,45,8,8,0,0,1,7,1,0,0,0,0.2,0.17777777777777778,0.17777777777777778,0.0,0.0,0.022222222222222223,0.15555555555555556,0.022222222222222223,0.0,0.0,0.0
2023-10-09,下関,4,一般,5,4703,森永　隆,35,山口,51,A1,6.56,48.54,6.05,41.1,62,27.2,12,26.72,晴,東,1,1,6.71,1,まくり差し,5,0.12,1.49.7,0.125,0.1334,1,38,9,10,0,0,0,0,0,0,0,0,0.02631578947368421,0.23684210526315788,0.2631578947368421,0.0,0.0,0.0,0.0,0.0,0.0,0.0,0.0
2023-10-09,下関,4,一般,6,4873,蒲原健太,29,佐賀,52,B1,4.56,24.42,4.29,23.53,23,33.85,62,36.51,晴,東,1,1,6.71,4,まくり差し,6,0.22,1.53.1,0.228125,0.1938862559241706,1,32,1,6,0,0,0,0,0,0,0,0,0.03125,0.03125,0.1875,0.0,0.0,0.0,0.0,0.0,0.0,0.0,0.0
2023-10-09,下関,5,一般,1,4547,中田竜太,35,埼玉,52,A1,7.31,58.18,7.11,48.15,30,29.17,45,26.05,晴,北東,2,2,6.77,5,まくり,1,0.17,.  .,0.1239583333333333,0.1506224066390041,36,48,5,4,36,0,0,0,0,2,4,5,0.75,0.10416666666666667,0.08333333333333333,0.75,0.0,0.0,0.0,0.0,0.041666666666666664,0.08333333333333333,0.10416666666666667
2023-10-09,下関,5,一般,2,4904,松本一毅,29,大阪,52,B1,5.25,32.79,5.0,25.0,58,29.27,49,39.34,晴,北東,2,2,6.74,4,まくり,2,0.21,1.52.6,0.1397297297297297,0.1638157894736842,6,37,10,3,0,21,5,1,0,0,0,0,0.16216216216216217,0.2702702702702703,0.08108108108108109,0.0,0.5675675675675675,0.13513513513513514,0.02702702702702703,0.0,0.0,0.0,0.0
2023-10-09,下関,5,一般,3,4578,藤山雅弘,34,大阪,53,A2,5.72,44.12,8.19,81.25,26,34.58,63,28.57,晴,北東,2,2,6.7,3,まくり,3,0.25,1.52.2,0.1651219512195122,0.173719806763285,7,41,14,6,0,0,1,1,5,0,0,0,0.17073170731707318,0.34146341463414637,0.14634146341463414,0.0,0.0,0.024390243902439025,0.024390243902439025,0.12195121951219512,0.0,0.0,0.0
2023-10-09,下関,5,一般,4,4022,待鳥雄紀,43,福岡,56,A2,5.87,42.72,5.64,36.36,50,34.35,20,32.28,晴,北東,2,2,6.74,1,まくり,4,0.07,1.49.7,0.1545833333333333,0.1499230769230769,7,48,8,9,0,0,1,1,3,0,0,0,0.14583333333333334,0.16666666666666666,0.1875,0.0,0.0,0.020833333333333332,0.020833333333333332,0.0625,0.0,0.0,0.0
2023-10-09,下関,5,一般,5,3233,小畑実成,56,岡山,53,B1,5.16,32.41,6.11,45.65,21,36.51,41,27.59,晴,北東,2,2,6.83,2,まくり,5,0.13,1.51.0,0.17,0.153469387755102,3,41,3,10,0,0,0,1,2,0,0,0,0.07317073170731707,0.07317073170731707,0.24390243902439024,0.0,0.0,0.0,0.024390243902439025,0.04878048780487805,0.0,0.0,0.0
2023-10-09,下関,5,一般,6,5270,小玉啓太,22,佐賀,52,B2,1.65,1.41,1.83,0.0,70,34.75,40,51.56,晴,北東,2,2,6.8,6,まくり,6,0.13,.  .,0.2111267605633802,0.2055645161290323,0,71,0,2,0,0,0,0,0,0,0,0,0.0,0.0,0.028169014084507043,0.0,0.0,0.0,0.0,0.0,0.0,0.0,0.0
2023-10-09,下関,6,一般,1,5005,石田貴洋,27,埼玉,52,A2,5.68,33.33,7.0,60.0,15,36.23,11,31.67,晴,北東,2,2,6.75,1,逃げ,1,0.05,1.49.5,0.165,0.1490530303030303,17,46,9,13,17,0,0,0,0,5,11,10,0.3695652173913043,0.1956521739130435,0.2826086956521739,0.3695652173913043,0.0,0.0,0.0,0.0,0.10869565217391304,0.2391304347826087,0.21739130434782608
2023-10-09,下関,6,一般,2,3430,角浜　修,55,広島,54,B1,4.44,31.37,5.38,33.33,28,32.23,46,41.94,晴,北東,2,2,6.72,5,逃げ,2,0.11,.  .,0.1573809523809524,0.162396694214876,4,42,6,4,0,25,2,1,0,0,0,0,0.09523809523809523,0.14285714285714285,0.09523809523809523,0.0,0.5952380952380952,0.047619047619047616,0.023809523809523808,0.0,0.0,0.0,0.0
2023-10-09,下関,6,一般,3,3619,長谷川充,49,群馬,52,B1,4.83,26.79,0.0,0.0,48,31.01,60,30.71,晴,北東,2,2,6.79,3,逃げ,3,0.09,1.51.9,0.1823255813953488,0.1878861788617886,3,43,8,11,0,0,0,2,1,0,0,0,0.06976744186046512,0.18604651162790697,0.2558139534883721,0.0,0.0,0.0,0.046511627906976744,0.023255813953488372,0.0,0.0,0.0
2023-10-09,下関,6,一般,4,4205,山口　剛,41,広島,53,A1,8.2,72.17,8.5,75.0,39,23.73,66,42.28,晴,北東,2,2,6.76,2,逃げ,4,0.08,1.50.2,0.1025,0.1113934426229508,4,36,14,7,0,0,1,2,1,0,0,0,0.1111111111111111,0.3888888888888889,0.19444444444444445,0.0,0.0,0.027777777777777776,0.05555555555555555,0.027777777777777776,0.0,0.0,0.0
2023-10-09,下関,6,一般,5,5284,嘉手苅徹,24,福岡,53,B2,1.3,0.0,0.0,0.0,29,33.58,43,43.31,晴,北東,2,2,6.81,6,逃げ,6,0.15,.  .,0.2034782608695652,0.2045588235294117,0,23,0,1,0,0,0,0,0,0,0,0,0.0,0.0,0.043478260869565216,0.0,0.0,0.0,0.0,0.0,0.0,0.0,0.0
2023-10-09,下関,6,一般,6,4311,岡村　仁,39,大阪,55,A1,6.79,55.0,7.38,50.0,53,26.32,15,25.81,晴,北東,2,2,6.76,4,逃げ,5,0.1,1.53.4,0.1615909090909091,0.1424422442244224,5,44,8,10,0,0,1,0,3,0,0,0,0.11363636363636363,0.18181818181818182,0.22727272727272727,0.0,0.0,0.022727272727272728,0.0,0.06818181818181818,0.0,0.0,0.0
2023-10-09,下関,7,一般,1,4295,小坂尚哉,37,兵庫,53,A1,6.67,44.53,7.02,52.08,45,25.4,71,35.48,晴,北,3,3,6.74,1,逃げ,1,0.17,1.49.4,0.1373972602739726,0.1490228013029316,56,73,6,6,53,0,0,0,0,5,3,8,0.7671232876712328,0.0821917808219178,0.0821917808219178,0.726027397260274,0.0,0.0,0.0,0.0,0.0684931506849315,0.0410958904109589,0.1095890410958904
2023-10-09,下関,7,一般,2,4177,萬　正嗣,40,群馬,58,B1,4.81,32.5,6.63,25.0,18,24.81,64,25.86,晴,北,3,3,6.71,6,逃げ,2,0.22,.  .,0.1636842105263158,0.1659047619047619,2,38,10,8,0,26,0,1,0,0,0,0,0.05263157894736842,0.2631578947368421,0.21052631578947367,0.0,0.6842105263157895,0.0,0.02631578947368421,0.0,0.0,0.0,0.0
2023-10-09,下関,7,一般,3,4239,竹田辰也,39,山口,55,A1,7.38,60.42,6.59,43.69,34,20.75,16,36.8,晴,北,3,3,6.85,2,逃げ,3,0.13,1.51.3,0.1642105263157894,0.1490118577075098,11,38,9,9,0,0,1,5,4,0,0,0,0.2894736842105263,0.23684210526315788,0.23684210526315788,0.0,0.0,0.02631578947368421,0.13157894736842105,0.10526315789473684,0.0,0.0,0.0
2023-10-09,下関,7,一般,4,4911,片岡大地,27,東京,52,B1,4.58,29.21,4.38,6.25,12,41.67,35,31.15,晴,北,3,3,6.82,5,逃げ,4,0.12,.  .,0.137,0.1389351851851852,1,40,10,6,0,0,0,1,0,0,0,0,0.025,0.25,0.15,0.0,0.0,0.0,0.025,0.0,0.0,0.0,0.0
2023-10-09,下関,7,一般,5,3406,中里英夫,55,群馬,52,A2,4.74,24.74,5.0,44.44,68,25.93,39,35.2,晴,北,3,3,6.81,3,逃げ,5,0.19,1.52.1,0.1699999999999999,0.1709205020920502,2,40,5,5,0,0,1,0,1,0,0,0,0.05,0.125,0.125,0.0,0.0,0.025,0.0,0.025,0.0,0.0,0.0
2023-10-09,下関,7,一般,6,3736,岡本　猛,49,大阪,52,A2,5.36,31.09,5.23,25.81,16,32.52,21,31.5,晴,北,3,3,6.72,4,逃げ,6,0.23,1.53.3,0.1386842105263157,0.163393665158371,1,38,3,9,0,0,0,0,1,0,0,0,0.02631578947368421,0.07894736842105263,0.23684210526315788,0.0,0.0,0.0,0.0,0.02631578947368421,0.0,0.0,0.0
2023-10-09,下関,8,一般,1,3811,石田章央,47,静岡,55,A2,6.7,50.0,7.75,75.0,44,35.43,59,25.64,晴,北,3,3,6.7,1,逃げ,1,0.12,1.49.7,0.1572881355932203,0.1541496598639455,39,59,11,5,31,0,0,0,0,8,4,6,0.6610169491525424,0.1864406779661017,0.0847457627118644,0.5254237288135594,0.0,0.0,0.0,0.0,0.13559322033898305,0.06779661016949153,0.1016949152542373
2023-10-09,下関,8,一般,2,4902,山川雄大,30,兵庫,51,B1,4.97,31.93,6.27,45.45,24,33.85,23,33.33,晴,北,3,3,6.75,3,逃げ,2,0.15,1.53.2,0.1861224489795918,0.1747410358565737,4,49,8,8,0,25,3,0,0,0,0,0,0.08163265306122448,0.16326530612244897,0.16326530612244897,0.0,0.5102040816326531,0.061224489795918366,0.0,0.0,0.0,0.0,0.0
2023-10-09,下関,8,一般,3,3441,土屋太朗,54,群馬,54,B1,4.71,25.3,4.39,11.11,60,25.86,28,34.13,晴,北,3,3,6.86,6,逃げ,3,0.2,.  .,0.1552272727272727,0.1851271186440677,4,44,9,9,0,0,1,1,2,0,0,0,0.09090909090909091,0.20454545454545456,0.20454545454545456,0.0,0.0,0.022727272727272728,0.022727272727272728,0.045454545454545456,0.0,0.0,0.0
2023-10-09,下関,8,一般,4,4817,渡邉　翼,32,山口,49,A2,5.37,29.49,5.75,38.1,22,32.61,25,35.94,晴,北,3,3,6.72,2,逃げ,4,0.16,1.50.9,0.1416666666666666,0.1402252252252252,1,36,6,11,0,0,0,1,0,0,0,0,0.027777777777777776,0.16666666666666666,0.3055555555555556,0.0,0.0,0.0,0.027777777777777776,0.0,0.0,0.0,0.0
2023-10-09,下関,8,一般,5,3577,向所浩二,50,兵庫,57,B1,4.59,27.1,6.75,62.5,27,32.79,70,32.26,晴,北,3,3,6.71,4,逃げ,5,0.13,1.54.3,0.1361111111111111,0.161,5,36,2,4,0,0,1,4,0,0,0,0,0.1388888888888889,0.05555555555555555,0.1111111111111111,0.0,0.0,0.027777777777777776,0.1111111111111111,0.0,0.0,0.0,0.0
2023-10-09,下関,8,一般,6,4632,長尾京志,34,福岡,52,B1,5.4,28.95,5.8,42.86,64,31.9,17,41.13,晴,北,3,3,6.74,5,逃げ,6,0.37,.  .,0.1802777777777778,0.1708252427184466,0,36,6,7,0,0,0,0,0,0,0,0,0.0,0.16666666666666666,0.19444444444444445,0.0,0.0,0.0,0.0,0.0,0.0,0.0,0.0
2023-10-09,下関,9,一般,1,3436,柏野幸二,54,岡山,50,A2,5.85,41.94,5.86,43.1,46,35.71,73,37.3,晴,北,3,3,6.78,1,逃げ,1,0.14,1.49.8,0.115,0.1260406091370558,27,42,9,2,25,0,0,0,0,6,2,5,0.6428571428571429,0.21428571428571427,0.047619047619047616,0.5952380952380952,0.0,0.0,0.0,0.0,0.14285714285714285,0.047619047619047616,0.11904761904761904
2023-10-09,下関,9,一般,2,4981,牧山敦也,27,佐賀,52,B1,4.71,24.27,3.76,20.69,33,20.97,36,46.02,晴,北,3,3,6.72,4,逃げ,2,0.15,1.53.7,0.162156862745098,0.1623236514522821,7,51,14,8,0,26,5,2,0,0,0,0,0.13725490196078433,0.27450980392156865,0.1568627450980392,0.0,0.5098039215686274,0.09803921568627451,0.0392156862745098,0.0,0.0,0.0,0.0
2023-10-09,下関,9,一般,3,5096,上原　崚,28,東京,54,B1,5.18,33.65,3.85,10.0,66,31.39,30,35.25,晴,北,3,3,6.83,2,逃げ,3,0.2,1.51.1,0.1239130434782608,0.1314410480349345,7,46,3,10,0,0,0,2,3,0,0,0,0.15217391304347827,0.06521739130434782,0.21739130434782608,0.0,0.0,0.0,0.043478260869565216,0.06521739130434782,0.0,0.0,0.0
2023-10-09,下関,9,一般,4,3809,吉田　光,48,佐賀,50,A2,5.13,26.8,5.47,36.84,67,28.93,26,35.48,晴,北,3,3,6.74,6,逃げ,4,0.14,.  .,0.1607894736842105,0.1625550660792951,3,38,6,11,0,0,0,1,2,0,0,0,0.07894736842105263,0.15789473684210525,0.2894736842105263,0.0,0.0,0.0,0.02631578947368421,0.05263157894736842,0.0,0.0,0.0
2023-10-09,下関,9,一般,5,4904,松本一毅,29,大阪,52,B1,5.25,32.79,5.0,25.0,58,29.27,49,39.34,晴,北,3,3,6.8,5,逃げ,5,0.12,.  .,0.1548387096774193,0.1638157894736842,4,31,3,8,0,0,1,2,1,0,0,0,0.12903225806451613,0.0967741935483871,0.25806451612903225,0.0,0.0,0.03225806451612903,0.06451612903225806,0.03225806451612903,0.0,0.0,0.0
2023-10-09,下関,9,一般,6,4022,待鳥雄紀,43,福岡,56,A2,5.87,42.72,5.64,36.36,50,34.35,20,32.28,晴,北,3,3,6.75,3,逃げ,6,0.1,1.52.9,0.1561538461538461,0.1499230769230769,0,39,0,11,0,0,0,0,0,0,0,0,0.0,0.0,0.28205128205128205,0.0,0.0,0.0,0.0,0.0,0.0,0.0,0.0
2023-10-09,下関,10,選抜戦,1,4311,岡村　仁,39,大阪,55,A1,6.79,55.0,7.38,50.0,53,26.32,15,25.81,晴,北,2,2,6.74,6,差し,1,0.19,.  .,0.1320895522388059,0.1424422442244224,48,67,11,5,47,0,0,0,0,4,6,7,0.7164179104477612,0.16417910447761194,0.07462686567164178,0.7014925373134329,0.0,0.0,0.0,0.0,0.05970149253731343,0.08955223880597014,0.1044776119402985
2023-10-09,下関,10,選抜戦,2,4703,森永　隆,35,山口,51,A1,6.56,48.54,6.05,41.1,62,27.2,12,26.72,晴,北,2,2,6.73,3,差し,2,0.07,1.51.5,0.1231111111111111,0.1334,12,45,20,6,0,19,10,1,0,0,0,0,0.26666666666666666,0.4444444444444444,0.13333333333333333,0.0,0.4222222222222222,0.2222222222222222,0.022222222222222223,0.0,0.0,0.0,0.0
2023-10-09,下関,10,選抜戦,3,4558,宮野　仁,33,岡山,54,B1,5.6,36.05,6.75,37.5,71,34.65,48,31.2,晴,北,2,2,6.74,1,差し,3,0.06,1.49.0,0.1592592592592592,0.1621818181818182,5,27,5,6,0,0,0,3,1,0,0,0,0.18518518518518517,0.18518518518518517,0.2222222222222222,0.0,0.0,0.0,0.1111111111111111,0.037037037037037035,0.0,0.0,0.0
2023-10-09,下関,10,選抜戦,4,5005,石田貴洋,27,埼玉,52,A2,5.68,33.33,7.0,60.0,15,36.23,11,31.67,晴,北,2,2,6.74,2,差し,4,0.08,1.50.4,0.1320930232558139,0.1490530303030303,4,43,8,7,0,0,0,3,1,0,0,0,0.09302325581395349,0.18604651162790697,0.16279069767441862,0.0,0.0,0.0,0.06976744186046512,0.023255813953488372,0.0,0.0,0.0
2023-10-09,下関,10,選抜戦,5,3744,徳増秀樹,48,静岡,53,A1,7.19,55.96,5.0,22.22,73,24.35,67,21.14,晴,北,2,2,6.72,5,差し,5,0.12,.  .,0.1278947368421052,0.1335438596491228,6,38,9,8,0,0,0,3,2,0,0,0,0.15789473684210525,0.23684210526315788,0.21052631578947367,0.0,0.0,0.0,0.07894736842105263,0.05263157894736842,0.0,0.0,0.0
2023-10-09,下関,10,選抜戦,6,4547,中田竜太,35,埼玉,52,A1,7.31,58.18,7.11,48.15,30,29.17,45,26.05,晴,北,2,2,6.8,4,差し,6,0.14,1.52.3,0.1623529411764706,0.1506224066390041,1,34,9,9,0,0,0,0,0,0,0,0,0.029411764705882353,0.2647058823529412,0.2647058823529412,0.0,0.0,0.0,0.0,0.0,0.0,0.0,0.0
2023-10-09,下関,11,選抜戦,2,4239,竹田辰也,39,山口,55,A1,7.38,60.42,6.59,43.69,34,20.75,16,36.8,晴,北,1,1,6.72,3,まくり,2,0.1,1.56.9,0.1344680851063829,0.1490118577075098,13,47,17,9,0,27,8,5,0,0,0,0,0.2765957446808511,0.3617021276595745,0.19148936170212766,0.0,0.574468085106383,0.1702127659574468,0.10638297872340426,0.0,0.0,0.0,0.0
2023-10-09,下関,11,選抜戦,3,4835,橋本　明,35,広島,53,A2,4.99,28.18,4.72,23.08,41,26.5,44,22.03,晴,北,1,1,6.73,2,まくり,3,0.11,1.54.3,0.1627777777777778,0.1577358490566037,2,36,2,10,0,0,0,1,1,0,0,0,0.05555555555555555,0.05555555555555555,0.2777777777777778,0.0,0.0,0.0,0.027777777777777776,0.027777777777777776,0.0,0.0,0.0
2023-10-09,下関,11,選抜戦,4,3772,一柳和孝,49,埼玉,54,B1,5.51,33.04,5.58,33.33,37,34.45,34,28.23,晴,北,1,1,6.76,5,まくり,4,0.2,.  .,0.140204081632653,0.1563571428571428,2,49,9,13,0,0,0,2,0,0,0,0,0.04081632653061224,0.1836734693877551,0.2653061224489796,0.0,0.0,0.0,0.04081632653061224,0.0,0.0,0.0,0.0
2023-10-09,下関,11,選抜戦,5,4295,小坂尚哉,37,兵庫,53,A1,6.67,44.53,7.02,52.08,45,25.4,71,35.48,晴,北,1,1,6.66,1,まくり,5,0.19,1.51.8,0.1528571428571428,0.1490228013029316,7,35,9,10,0,0,2,0,5,0,0,0,0.2,0.2571428571428571,0.2857142857142857,0.0,0.0,0.05714285714285714,0.0,0.14285714285714285,0.0,0.0,0.0
2023-10-09,下関,11,選抜戦,6,4578,藤山雅弘,34,大阪,53,A2,5.72,44.12,8.19,81.25,26,34.58,63,28.57,晴,北,1,1,6.69,4,まくり,6,0.19,1.58.7,0.1983870967741935,0.173719806763285,0,31,3,3,0,0,0,0,0,0,0,0,0.0,0.0967741935483871,0.0967741935483871,0.0,0.0,0.0,0.0,0.0,0.0,0.0,0.0
2023-10-09,下関,12,優勝戦,1,4166,吉田拡郎,41,岡山,53,A1,7.5,54.62,7.48,63.79,52,35.34,27,29.84,晴,北,1,1,6.61,1,逃げ,1,0.11,1.48.6,0.1384057971014493,0.1320608108108108,54,69,6,4,53,0,0,0,0,6,4,5,0.782608695652174,0.08695652173913043,0.057971014492753624,0.7681159420289855,0.0,0.0,0.0,0.0,0.08695652173913043,0.057971014492753624,0.07246376811594203
2023-10-09,下関,12,優勝戦,2,4364,池永　太,38,福岡,53,A1,6.98,55.12,7.71,58.82,43,37.4,53,40.48,晴,北,1,1,6.6,4,逃げ,2,0.12,1.50.8,0.1325,0.1482758620689655,20,48,14,9,0,22,8,7,0,0,0,0,0.4166666666666667,0.2916666666666667,0.1875,0.0,0.4583333333333333,0.16666666666666666,0.14583333333333334,0.0,0.0,0.0,0.0
2023-10-09,下関,12,優勝戦,3,4688,永井彪也,30,東京,53,A1,6.24,41.58,0.0,0.0,55,37.21,22,23.53,晴,北,1,1,6.7,3,逃げ,3,0.09,1.50.2,0.1356756756756756,0.1387029288702928,5,37,8,4,0,0,2,0,1,0,0,0,0.13513513513513514,0.21621621621621623,0.10810810810810811,0.0,0.0,0.05405405405405406,0.0,0.02702702702702703,0.0,0.0,0.0
2023-10-09,下関,12,優勝戦,4,3731,高濱芳久,50,広島,52,B1,5.12,29.67,5.71,40.68,17,33.33,29,33.33,晴,北,1,1,6.6,6,逃げ,4,0.12,.  .,0.151578947368421,0.1787711864406779,2,38,7,7,0,0,0,1,0,0,0,0,0.05263157894736842,0.18421052631578946,0.18421052631578946,0.0,0.0,0.0,0.02631578947368421,0.0,0.0,0.0,0.0
2023-10-09,下関,12,優勝戦,5,4736,高倉和士,32,福岡,53,A1,7.01,53.33,6.75,54.1,14,37.01,47,42.4,晴,北,1,1,6.68,2,逃げ,5,0.11,1.49.6,0.123125,0.1328514056224899,1,32,6,7,0,0,0,0,1,0,0,0,0.03125,0.1875,0.21875,0.0,0.0,0.0,0.0,0.03125,0.0,0.0,0.0
2023-10-09,下関,12,優勝戦,6,4158,木場雄二,42,山口,55,B1,4.78,30.17,5.16,31.78,20,29.41,52,31.93,晴,北,1,1,6.67,5,逃げ,6,0.12,.  .,0.17575,0.1649446494464944,1,40,4,5,0,0,0,0,1,0,0,0,0.025,0.1,0.125,0.0,0.0,0.0,0.0,0.025,0.0,0.0,0.0
2023-10-09,徳山,1,モーニング予,1,5058,前原大道,27,岡山,52,A2,6.23,44.8,5.02,31.71,17,29.25,77,32.84,曇り,北東,1,1,6.95,1,逃げ,1,0.09,1.50.0,0.200204081632653,0.1736821705426356,26,49,6,5,26,0,0,0,0,2,11,7,0.5306122448979592,0.12244897959183673,0.10204081632653061,0.5306122448979592,0.0,0.0,0.0,0.0,0.04081632653061224,0.22448979591836735,0.14285714285714285
2023-10-09,徳山,1,モーニング予,2,5176,石倉拓美,30,山口,55,B1,2.13,8.33,1.42,3.51,20,25.6,44,27.27,曇り,北東,1,1,7.02,6,逃げ,2,0.08,.  .,0.1857142857142857,0.182,0,21,1,1,0,11,0,0,0,0,0,0,0.0,0.047619047619047616,0.047619047619047616,0.0,0.5238095238095238,0.0,0.0,0.0,0.0,0.0,0.0
2023-10-09,徳山,1,モーニング予,3,5160,藤森陸斗,24,福岡,54,B1,3.86,22.99,2.31,3.85,24,25.0,51,27.04,曇り,北東,1,1,6.92,3,逃げ,3,0.09,1.53.3,0.1232558139534883,0.1512844036697247,5,43,11,6,0,0,1,3,1,0,0,0,0.11627906976744186,0.2558139534883721,0.13953488372093023,0.0,0.0,0.023255813953488372,0.06976744186046512,0.023255813953488372,0.0,0.0,0.0
2023-10-09,徳山,1,モーニング予,4,5083,柳瀬幹太,24,山口,54,B1,3.91,24.47,3.45,15.38,28,26.39,69,37.55,曇り,北東,1,1,6.91,4,逃げ,4,0.14,1.54.1,0.1697368421052631,0.1550510204081632,4,38,2,2,0,0,0,3,0,0,0,0,0.10526315789473684,0.05263157894736842,0.05263157894736842,0.0,0.0,0.0,0.07894736842105263,0.0,0.0,0.0,0.0
2023-10-09,徳山,1,モーニング予,5,5036,福田翔吾,25,大阪,53,B1,5.04,32.63,3.27,13.33,72,35.71,65,45.18,曇り,北東,1,1,6.97,2,逃げ,5,0.21,1.51.7,0.1739130434782608,0.1676595744680851,3,46,4,10,0,0,1,1,1,0,0,0,0.06521739130434782,0.08695652173913043,0.21739130434782608,0.0,0.0,0.021739130434782608,0.021739130434782608,0.021739130434782608,0.0,0.0,0.0
2023-10-09,徳山,1,モーニング予,6,5076,石原　光,27,静岡,53,B1,3.72,11.94,2.63,12.5,65,31.82,27,43.42,曇り,北東,1,1,6.95,5,逃げ,6,0.26,.  .,0.1576923076923077,0.162235294117647,0,26,1,2,0,0,0,0,0,0,0,0,0.0,0.038461538461538464,0.07692307692307693,0.0,0.0,0.0,0.0,0.0,0.0,0.0,0.0
2023-10-09,徳山,2,モーニング予,1,5037,田頭虎親,25,香川,52,A2,5.31,35.8,4.56,27.78,46,42.0,39,28.94,曇り,北東,1,1,6.98,2,抜き,1,0.22,1.50.9,0.1425,0.1521428571428571,26,36,5,1,23,0,0,0,0,3,1,4,0.7222222222222222,0.1388888888888889,0.027777777777777776,0.6388888888888888,0.0,0.0,0.0,0.0,0.08333333333333333,0.027777777777777776,0.1111111111111111
2023-10-09,徳山,2,モーニング予,2,5114,小林孝彰,23,福井,52,B1,4.42,23.68,3.69,23.08,70,36.84,56,30.74,曇り,北東,1,1,6.95,1,抜き,2,0.19,1.50.5,0.1529545454545454,0.1546666666666666,3,44,8,8,0,21,3,0,0,0,0,0,0.06818181818181818,0.18181818181818182,0.18181818181818182,0.0,0.4772727272727273,0.06818181818181818,0.0,0.0,0.0,0.0,0.0
2023-10-09,徳山,2,モーニング予,3,4983,前田篤哉,26,愛知,52,A1,6.14,41.04,6.05,36.84,22,27.94,33,35.65,曇り,北東,1,1,6.88,6,抜き,3,0.21,.  .,0.1604347826086956,0.1678623188405797,11,46,12,9,0,0,1,4,6,0,0,0,0.2391304347826087,0.2608695652173913,0.1956521739130435,0.0,0.0,0.021739130434782608,0.08695652173913043,0.13043478260869565,0.0,0.0,0.0
2023-10-09,徳山,2,モーニング予,4,5051,松本純平,28,埼玉,55,A1,6.45,48.0,0.0,0.0,29,24.43,22,31.33,曇り,北東,1,1,6.98,3,抜き,4,0.21,1.53.5,0.1726923076923077,0.1677443609022556,7,52,21,9,0,0,3,4,0,0,0,0,0.1346153846153846,0.40384615384615385,0.17307692307692307,0.0,0.0,0.057692307692307696,0.07692307692307693,0.0,0.0,0.0,0.0
2023-10-09,徳山,2,モーニング予,5,5207,高山敬悟,26,福岡,54,B1,3.51,10.17,2.88,4.17,31,40.38,30,33.19,曇り,北東,1,1,6.93,4,抜き,5,0.25,1.54.8,0.1792592592592592,0.1971323529411764,0,27,1,3,0,0,0,0,0,0,0,0,0.0,0.037037037037037035,0.1111111111111111,0.0,0.0,0.0,0.0,0.0,0.0,0.0,0.0
2023-10-09,徳山,2,モーニング予,6,5235,岩田　凌,24,大阪,56,B2,1.52,2.0,1.09,0.0,61,30.53,62,33.48,曇り,北東,1,1,6.93,5,抜き,6,0.22,.  .,0.2049122807017543,0.2031578947368421,1,57,0,1,0,0,0,0,1,0,0,0,0.017543859649122806,0.0,0.017543859649122806,0.0,0.0,0.0,0.0,0.017543859649122806,0.0,0.0,0.0
2023-10-09,徳山,3,モーニング予,1,4934,佐々木翔,27,大阪,55,A2,5.64,42.7,4.22,22.22,35,36.71,53,38.36,曇り,東,1,1,6.93,1,逃げ,1,0.15,1.51.3,0.138125,0.160521327014218,12,32,13,4,12,0,0,0,0,7,5,4,0.375,0.40625,0.125,0.375,0.0,0.0,0.0,0.0,0.21875,0.15625,0.125
2023-10-09,徳山,3,モーニング予,2,5206,梅原祥平,26,岡山,52,B1,3.52,14.29,1.78,0.0,33,27.86,38,32.88,曇り,東,1,1,6.89,5,逃げ,2,0.16,.  .,0.1510526315789473,0.1561256544502617,1,19,2,4,0,11,1,0,0,0,0,0,0.05263157894736842,0.10526315789473684,0.21052631578947367,0.0,0.5789473684210527,0.05263157894736842,0.0,0.0,0.0,0.0,0.0
2023-10-09,徳山,3,モーニング予,3,5177,松井貫太,27,福岡,51,B1,2.86,10.0,2.0,0.0,25,32.65,40,35.04,曇り,東,1,1,6.93,4,逃げ,3,0.16,1.54.8,0.1821428571428571,0.1920588235294117,0,42,1,5,0,0,0,0,0,0,0,0,0.0,0.023809523809523808,0.11904761904761904,0.0,0.0,0.0,0.0,0.0,0.0,0.0,0.0
2023-10-09,徳山,3,モーニング予,4,4985,井本昌也,26,山口,50,A1,6.24,45.59,6.21,42.53,16,31.93,25,30.43,曇り,東,1,1,6.88,2,逃げ,4,0.14,1.52.0,0.1661224489795918,0.1598965517241379,5,49,14,8,0,0,1,3,0,0,0,0,0.10204081632653061,0.2857142857142857,0.16326530612244897,0.0,0.0,0.02040816326530612,0.061224489795918366,0.0,0.0,0.0,0.0
2023-10-09,徳山,3,モーニング予,6,5006,久保原秀,27,群馬,55,B1,3.66,15.66,3.12,11.76,40,43.79,61,23.56,曇り,東,1,1,6.95,3,逃げ,6,0.17,1.54.6,0.1679166666666667,0.1809259259259259,0,24,1,3,0,0,0,0,0,0,0,0,0.0,0.041666666666666664,0.125,0.0,0.0,0.0,0.0,0.0,0.0,0.0,0.0
2023-10-09,徳山,4,モーニング予,1,4776,竹田和哉,29,香川,53,A1,6.28,41.53,6.06,38.24,39,30.56,26,32.75,曇り,北東,1,1,6.96,1,逃げ,1,0.13,1.50.7,0.1377358490566038,0.1470428015564202,38,53,7,3,36,0,0,0,0,1,3,8,0.7169811320754716,0.1320754716981132,0.05660377358490566,0.6792452830188679,0.0,0.0,0.0,0.0,0.018867924528301886,0.05660377358490566,0.1509433962264151
2023-10-09,徳山,4,モーニング予,2,4977,馬野　耀,29,大阪,55,A2,5.01,30.95,0.0,0.0,15,32.47,36,31.76,曇り,北東,1,1,6.97,3,逃げ,2,0.19,1.53.6,0.1514285714285714,0.1667579908675799,3,35,13,4,0,19,1,1,0,0,0,0,0.08571428571428572,0.37142857142857144,0.11428571428571428,0.0,0.5428571428571428,0.02857142857142857,0.02857142857142857,0.0,0.0,0.0,0.0
2023-10-09,徳山,4,モーニング予,3,5145,島川海輝,20,山口,52,B1,5.81,38.94,3.27,12.62,18,29.58,49,32.77,曇り,北東,1,1,6.9,4,逃げ,3,0.17,1.53.8,0.1576595744680851,0.1596062992125984,6,47,14,9,0,0,0,5,0,0,0,0,0.1276595744680851,0.2978723404255319,0.19148936170212766,0.0,0.0,0.0,0.10638297872340426,0.0,0.0,0.0,0.0
2023-10-09,徳山,4,モーニング予,4,5161,登玉隼百,24,兵庫,52,B1,4.88,31.08,4.57,33.33,63,33.56,66,32.49,曇り,北東,1,1,6.84,5,逃げ,4,0.19,.  .,0.1477419354838709,0.1496174863387978,2,31,3,4,0,0,0,2,0,0,0,0,0.06451612903225806,0.0967741935483871,0.12903225806451613,0.0,0.0,0.0,0.06451612903225806,0.0,0.0,0.0,0.0
2023-10-09,徳山,4,モーニング予,5,4976,金山立樹,29,東京,54,B1,3.78,13.92,0.0,0.0,73,25.2,63,25.22,曇り,北東,1,1,6.93,2,逃げ,5,0.15,1.52.1,0.175,0.1909178743961352,2,38,0,6,0,0,1,1,0,0,0,0,0.05263157894736842,0.0,0.15789473684210525,0.0,0.0,0.02631578947368421,0.02631578947368421,0.0,0.0,0.0,0.0
2023-10-09,徳山,4,モーニング予,6,5219,森口和紀,23,福岡,53,B1,2.97,8.96,1.57,0.0,59,39.22,20,30.84,曇り,北東,1,1,6.96,6,逃げ,6,0.13,.  .,0.1729629629629629,0.1663432835820895,1,54,1,3,0,0,0,0,1,0,0,0,0.018518518518518517,0.018518518518518517,0.05555555555555555,0.0,0.0,0.0,0.0,0.018518518518518517,0.0,0.0,0.0
2023-10-09,徳山,5,グランプリ特,1,5043,中村日向,24,香川,54,A1,5.93,41.58,7.0,51.16,49,37.78,35,42.42,曇り,南東,2,2,6.89,2,まくり差し,1,0.12,1.50.8,0.1386111111111111,0.1389752650176678,52,72,8,5,51,0,0,1,0,6,9,3,0.7222222222222222,0.1111111111111111,0.06944444444444445,0.7083333333333334,0.0,0.0,0.013888888888888888,0.0,0.08333333333333333,0.125,0.041666666666666664
2023-10-09,徳山,5,グランプリ特,2,5060,数原　魁,26,兵庫,51,A2,5.38,31.15,3.93,14.81,19,36.0,15,30.67,曇り,南東,2,2,6.88,4,まくり差し,2,0.17,1.54.1,0.172,0.1769736842105263,5,40,5,10,0,21,3,1,0,0,0,0,0.125,0.125,0.25,0.0,0.525,0.075,0.025,0.0,0.0,0.0,0.0
2023-10-09,徳山,5,グランプリ特,3,4908,上田龍星,28,大阪,52,A1,7.11,60.0,6.0,33.33,27,29.41,19,31.06,曇り,南東,2,2,6.89,1,まくり差し,3,0.11,1.49.2,0.164,0.1493832599118943,11,35,8,5,0,0,0,4,6,0,0,0,0.3142857142857143,0.22857142857142856,0.14285714285714285,0.0,0.0,0.0,0.11428571428571428,0.17142857142857143,0.0,0.0,0.0
2023-10-09,徳山,5,グランプリ特,4,4969,町田洸希,32,長崎,52,B1,4.87,31.46,4.03,17.65,26,26.79,32,33.19,曇り,南東,2,2,6.92,5,まくり差し,4,0.2,.  .,0.1848648648648648,0.1749295774647887,2,37,4,8,0,0,0,0,2,0,0,0,0.05405405405405406,0.10810810810810811,0.21621621621621623,0.0,0.0,0.0,0.0,0.05405405405405406,0.0,0.0,0.0
2023-10-09,徳山,5,グランプリ特,5,5058,前原大道,27,岡山,52,A2,6.23,44.8,5.02,31.71,17,29.25,77,32.84,曇り,南東,2,2,6.96,3,まくり差し,5,0.13,1.53.2,0.16925,0.1736821705426356,4,40,2,13,0,0,0,1,1,0,0,0,0.1,0.05,0.325,0.0,0.0,0.0,0.025,0.025,0.0,0.0,0.0
2023-10-09,徳山,5,グランプリ特,6,5105,富田恕生,24,福岡,53,B1,4.86,31.07,5.14,28.57,42,40.0,59,37.97,曇り,南東,2,2,6.94,6,まくり差し,6,0.31,.  .,0.1658620689655172,0.181039603960396,3,29,1,4,0,0,1,0,1,0,0,0,0.10344827586206896,0.034482758620689655,0.13793103448275862,0.0,0.0,0.034482758620689655,0.0,0.034482758620689655,0.0,0.0,0.0
2023-10-09,徳山,6,予選,1,5083,柳瀬幹太,24,山口,54,B1,3.91,24.47,3.45,15.38,28,26.39,69,37.55,曇り,南東,2,2,6.9,5,まくり,1,0.12,.  .,0.1556521739130434,0.1550510204081632,8,23,4,2,8,0,0,0,0,6,7,1,0.34782608695652173,0.17391304347826086,0.08695652173913043,0.34782608695652173,0.0,0.0,0.0,0.0,0.2608695652173913,0.30434782608695654,0.043478260869565216
2023-10-09,徳山,6,予選,2,5212,西川拓利,24,福岡,57,B1,2.99,5.94,2.28,0.0,30,30.61,76,25.64,曇り,南東,2,2,6.99,4,まくり,2,0.23,1.55.8,0.20375,0.1757851239669421,1,8,0,0,0,2,1,0,0,0,0,0,0.125,0.0,0.0,0.0,0.25,0.125,0.0,0.0,0.0,0.0,0.0
2023-10-09,徳山,6,予選,3,5028,原田才一,26,福岡,51,A1,5.59,37.5,5.67,30.77,58,23.53,17,29.18,曇り,南東,2,2,6.92,1,まくり,3,0.14,1.51.5,0.185,0.1699103139013452,6,34,7,8,0,0,1,2,3,0,0,0,0.17647058823529413,0.20588235294117646,0.23529411764705882,0.0,0.0,0.029411764705882353,0.058823529411764705,0.08823529411764706,0.0,0.0,0.0
2023-10-09,徳山,6,予選,4,5141,大澤風葵,22,群馬,53,A1,6.36,46.85,0.0,0.0,74,32.68,23,33.91,曇り,南東,2,2,6.91,3,まくり,4,0.11,1.54.1,0.1265853658536585,0.1271074380165289,7,41,11,10,0,0,0,3,3,0,0,0,0.17073170731707318,0.2682926829268293,0.24390243902439024,0.0,0.0,0.0,0.07317073170731707,0.07317073170731707,0.0,0.0,0.0
2023-10-09,徳山,6,予選,5,5002,上田健太,27,愛知,52,A2,5.56,38.3,0.0,0.0,71,37.09,24,32.89,曇り,南東,2,2,6.96,2,まくり,5,0.16,1.52.2,0.1421875,0.1431404958677685,2,32,4,9,0,0,0,0,2,0,0,0,0.0625,0.125,0.28125,0.0,0.0,0.0,0.0,0.0625,0.0,0.0,0.0
2023-10-09,徳山,7,予選,1,5114,小林孝彰,23,福井,52,B1,4.42,23.68,3.69,23.08,70,36.84,56,30.74,曇り,東,2,2,6.97,3,差し,1,0.03,1.53.0,0.14,0.1546666666666666,10,33,8,3,10,0,0,0,0,5,11,4,0.30303030303030304,0.24242424242424243,0.09090909090909091,0.30303030303030304,0.0,0.0,0.0,0.0,0.15151515151515152,0.3333333333333333,0.12121212121212122
2023-10-09,徳山,7,予選,2,4980,佐々木完,27,山口,51,A1,6.58,50.52,5.69,36.36,47,24.37,68,28.7,曇り,東,2,2,6.9,1,差し,2,0.03,1.50.7,0.1561904761904762,0.1514285714285714,8,42,8,12,0,19,1,5,0,0,0,0,0.19047619047619047,0.19047619047619047,0.2857142857142857,0.0,0.4523809523809524,0.023809523809523808,0.11904761904761904,0.0,0.0,0.0,0.0
2023-10-09,徳山,7,予選,3,5022,伊藤尚汰,28,福岡,50,B1,3.9,18.31,5.5,50.0,55,33.83,72,32.91,曇り,東,2,2,6.93,4,差し,3,0.08,1.54.8,0.1644117647058823,0.1811111111111111,2,34,3,9,0,0,0,1,0,0,0,0,0.058823529411764705,0.08823529411764706,0.2647058823529412,0.0,0.0,0.0,0.029411764705882353,0.0,0.0,0.0,0.0
2023-10-09,徳山,7,予選,4,4934,佐々木翔,27,大阪,55,A2,5.64,42.7,4.22,22.22,35,36.71,53,38.36,曇り,東,2,2,7.01,2,差し,4,0.11,1.52.2,0.1730555555555555,0.160521327014218,3,36,8,7,0,0,0,2,1,0,0,0,0.08333333333333333,0.2222222222222222,0.19444444444444445,0.0,0.0,0.0,0.05555555555555555,0.027777777777777776,0.0,0.0,0.0
2023-10-09,徳山,7,予選,5,5208,屋良龍紀,26,長崎,52,B1,2.23,2.86,0.0,0.0,62,36.18,28,37.28,曇り,東,2,2,6.98,6,差し,6,0.13,.  .,0.1814285714285714,0.1820731707317073,1,49,0,1,0,0,0,1,0,0,0,0,0.02040816326530612,0.0,0.02040816326530612,0.0,0.0,0.0,0.02040816326530612,0.0,0.0,0.0,0.0
2023-10-09,徳山,7,予選,6,5160,藤森陸斗,24,福岡,54,B1,3.86,22.99,2.31,3.85,24,25.0,51,27.04,曇り,東,2,2,7.03,5,差し,5,0.12,.  .,0.1705555555555555,0.1512844036697247,4,36,1,3,0,0,1,0,2,0,0,0,0.1111111111111111,0.027777777777777776,0.08333333333333333,0.0,0.0,0.027777777777777776,0.0,0.05555555555555555,0.0,0.0,0.0
2023-10-09,徳山,8,特賞,1,5091,為本智也,22,福井,54,B1,5.51,42.86,5.81,47.62,21,27.27,13,35.96,曇り,南東,1,1,6.97,1,逃げ,1,0.11,1.51.0,0.1775,0.1553333333333333,19,32,1,1,17,0,0,0,0,2,7,3,0.59375,0.03125,0.03125,0.53125,0.0,0.0,0.0,0.0,0.0625,0.21875,0.09375
2023-10-09,徳山,8,特賞,2,5207,高山敬悟,26,福岡,54,B1,3.51,10.17,2.88,4.17,31,40.38,30,33.19,曇り,南東,1,1,6.91,2,逃げ,2,0.12,1.52.1,0.1768181818181818,0.1971323529411764,0,22,0,3,0,12,0,0,0,0,0,0,0.0,0.0,0.13636363636363635,0.0,0.5454545454545454,0.0,0.0,0.0,0.0,0.0,0.0
2023-10-09,徳山,8,特賞,3,4877,鈴谷一平,29,兵庫,55,A1,6.29,45.37,6.47,39.22,52,28.08,41,37.45,曇り,南東,1,1,6.94,4,逃げ,3,0.11,1.55.0,0.1297560975609756,0.1389669421487603,11,41,10,9,0,0,1,3,6,0,0,0,0.2682926829268293,0.24390243902439024,0.21951219512195122,0.0,0.0,0.024390243902439025,0.07317073170731707,0.14634146341463414,0.0,0.0,0.0
2023-10-09,徳山,8,特賞,4,4988,牟田奨太,26,静岡,55,B1,4.96,34.15,0.0,0.0,57,45.64,21,30.51,曇り,南東,1,1,6.99,6,逃げ,4,0.14,.  .,0.1238709677419354,0.146524064171123,5,31,1,3,0,0,1,3,1,0,0,0,0.16129032258064516,0.03225806451612903,0.0967741935483871,0.0,0.0,0.03225806451612903,0.0967741935483871,0.03225806451612903,0.0,0.0,0.0
2023-10-09,徳山,8,特賞,5,5206,梅原祥平,26,岡山,52,B1,3.52,14.29,1.78,0.0,33,27.86,38,32.88,曇り,南東,1,1,6.93,5,逃げ,5,0.17,.  .,0.1787179487179487,0.1561256544502617,0,39,1,4,0,0,0,0,0,0,0,0,0.0,0.02564102564102564,0.10256410256410256,0.0,0.0,0.0,0.0,0.0,0.0,0.0,0.0
2023-10-09,徳山,8,特賞,6,5042,畑田汰一,24,埼玉,52,A2,6.28,46.92,7.22,22.22,60,31.43,12,35.81,曇り,南東,1,1,6.93,3,逃げ,6,0.15,1.52.2,0.1483333333333333,0.132027027027027,0,36,5,5,0,0,0,0,0,0,0,0,0.0,0.1388888888888889,0.1388888888888889,0.0,0.0,0.0,0.0,0.0,0.0,0.0,0.0
2023-10-09,徳山,9,予選,1,5152,丸山祐也,28,福岡,50,B1,3.46,14.81,1.72,5.56,32,31.94,67,28.63,曇り,南東,1,1,7.04,2,抜き,1,0.16,1.52.3,0.1866666666666666,0.1871428571428571,5,18,1,0,4,0,0,0,0,1,5,4,0.2777777777777778,0.05555555555555555,0.0,0.2222222222222222,0.0,0.0,0.0,0.0,0.05555555555555555,0.2777777777777778,0.2222222222222222
2023-10-09,徳山,9,予選,2,4985,井本昌也,26,山口,50,A1,6.24,45.59,6.21,42.53,16,31.93,25,30.43,曇り,南東,1,1,6.92,6,抜き,2,0.17,.  .,0.1510416666666666,0.1598965517241379,7,48,21,5,0,27,7,0,0,0,0,0,0.14583333333333334,0.4375,0.10416666666666667,0.0,0.5625,0.14583333333333334,0.0,0.0,0.0,0.0,0.0
2023-10-09,徳山,9,予選,3,5105,富田恕生,24,福岡,53,B1,4.86,31.07,5.14,28.57,42,40.0,59,37.97,曇り,南東,1,1,6.98,1,抜き,3,0.24,1.51.3,0.1765714285714285,0.181039603960396,1,35,6,7,0,0,0,0,1,0,0,0,0.02857142857142857,0.17142857142857143,0.2,0.0,0.0,0.0,0.0,0.02857142857142857,0.0,0.0,0.0
2023-10-09,徳山,9,予選,4,5076,石原　光,27,静岡,53,B1,3.72,11.94,2.63,12.5,65,31.82,27,43.42,曇り,南東,1,1,6.97,5,抜き,4,0.17,.  .,0.15,0.162235294117647,1,28,5,4,0,0,0,1,0,0,0,0,0.03571428571428571,0.17857142857142858,0.14285714285714285,0.0,0.0,0.0,0.03571428571428571,0.0,0.0,0.0,0.0
2023-10-09,徳山,9,予選,5,5137,川原　涼,23,愛知,54,B1,4.56,27.06,0.0,0.0,11,33.33,37,36.24,曇り,南東,1,1,6.97,3,抜き,5,0.2,1.54.3,0.1406896551724138,0.1514673913043478,3,29,1,4,0,0,2,0,1,0,0,0,0.10344827586206896,0.034482758620689655,0.13793103448275862,0.0,0.0,0.06896551724137931,0.0,0.034482758620689655,0.0,0.0,0.0
2023-10-09,徳山,9,予選,6,4977,馬野　耀,29,大阪,55,A2,5.01,30.95,0.0,0.0,15,32.47,36,31.76,曇り,南東,1,1,7.02,4,抜き,6,0.21,1.54.8,0.1966666666666666,0.1667579908675799,0,36,4,10,0,0,0,0,0,0,0,0,0.0,0.1111111111111111,0.2777777777777778,0.0,0.0,0.0,0.0,0.0,0.0,0.0,0.0
2023-10-09,徳山,10,予選,1,5036,福田翔吾,25,大阪,53,B1,5.04,32.63,3.27,13.33,72,35.71,65,45.18,曇り,南西,1,1,6.94,3,まくり差し,1,0.19,1.56.3,0.1784375,0.1676595744680851,16,32,6,3,16,0,0,0,0,2,4,8,0.5,0.1875,0.09375,0.5,0.0,0.0,0.0,0.0,0.0625,0.125,0.25
2023-10-09,徳山,10,予選,2,5106,山崎　祥,24,山口,51,B1,5.22,33.9,4.12,17.24,12,34.69,70,32.63,曇り,南西,1,1,6.9,6,まくり差し,2,0.22,.  .,0.1835999999999999,0.1842857142857143,6,25,9,3,0,11,3,1,0,0,0,0,0.24,0.36,0.12,0.0,0.44,0.12,0.04,0.0,0.0,0.0,0.0
2023-10-09,徳山,10,予選,3,5043,中村日向,24,香川,54,A1,5.93,41.58,7.0,51.16,49,37.78,35,42.42,曇り,南西,1,1,6.94,1,まくり差し,3,0.15,1.50.9,0.1464583333333333,0.1389752650176678,12,48,12,7,0,0,3,1,7,0,0,0,0.25,0.25,0.14583333333333334,0.0,0.0,0.0625,0.020833333333333332,0.14583333333333334,0.0,0.0,0.0
2023-10-09,徳山,10,予選,4,5002,上田健太,27,愛知,52,A2,5.56,38.3,0.0,0.0,71,37.09,24,32.89,曇り,南西,1,1,7.01,2,まくり差し,4,0.18,1.52.2,0.1426086956521739,0.1431404958677685,3,46,11,6,0,0,0,2,1,0,0,0,0.06521739130434782,0.2391304347826087,0.13043478260869565,0.0,0.0,0.0,0.043478260869565216,0.021739130434782608,0.0,0.0,0.0
2023-10-09,徳山,10,予選,5,5161,登玉隼百,24,兵庫,52,B1,4.88,31.08,4.57,33.33,63,33.56,66,32.49,曇り,南西,1,1,6.89,5,まくり差し,5,0.15,.  .,0.1451515151515151,0.1496174863387978,2,33,3,4,0,0,0,0,2,0,0,0,0.06060606060606061,0.09090909090909091,0.12121212121212122,0.0,0.0,0.0,0.0,0.06060606060606061,0.0,0.0,0.0
2023-10-09,徳山,10,予選,6,5177,松井貫太,27,福岡,51,B1,2.86,10.0,2.0,0.0,25,32.65,40,35.04,曇り,南西,1,1,6.92,4,まくり差し,6,0.22,1.58.8,0.1957777777777778,0.1920588235294117,0,45,0,2,0,0,0,0,0,0,0,0,0.0,0.0,0.044444444444444446,0.0,0.0,0.0,0.0,0.0,0.0,0.0,0.0
2023-10-09,徳山,11,すなっち特賞,1,5093,浦野　海,21,福岡,52,B1,5.2,30.3,2.97,11.76,45,30.49,57,36.21,曇り,南西,1,1,6.94,1,逃げ,1,0.15,1.50.8,0.1408,0.1773684210526316,13,25,1,2,13,0,0,0,0,4,4,2,0.52,0.04,0.08,0.52,0.0,0.0,0.0,0.0,0.16,0.16,0.08
2023-10-09,徳山,11,すなっち特賞,2,5006,久保原秀,27,群馬,55,B1,3.66,15.66,3.12,11.76,40,43.79,61,23.56,曇り,南西,1,1,6.93,5,逃げ,2,0.21,.  .,0.1909677419354838,0.1809259259259259,1,31,3,4,0,18,0,1,0,0,0,0,0.03225806451612903,0.0967741935483871,0.12903225806451613,0.0,0.5806451612903226,0.0,0.03225806451612903,0.0,0.0,0.0,0.0
2023-10-09,徳山,11,すなっち特賞,3,5037,田頭虎親,25,香川,52,A2,5.31,35.8,4.56,27.78,46,42.0,39,28.94,曇り,南西,1,1,6.96,4,逃げ,3,0.26,1.54.5,0.1709523809523809,0.1521428571428571,5,42,10,8,0,0,0,3,1,0,0,0,0.11904761904761904,0.23809523809523808,0.19047619047619047,0.0,0.0,0.0,0.07142857142857142,0.023809523809523808,0.0,0.0,0.0
2023-10-09,徳山,11,すなっち特賞,4,4908,上田龍星,28,大阪,52,A1,7.11,60.0,6.0,33.33,27,29.41,19,31.06,曇り,南西,1,1,6.91,3,逃げ,4,0.16,1.52.0,0.1505,0.1493832599118943,9,40,8,6,0,0,1,3,3,0,0,0,0.225,0.2,0.15,0.0,0.0,0.025,0.075,0.075,0.0,0.0,0.0
2023-10-09,徳山,11,すなっち特賞,5,5112,砂長知輝,23,埼玉,52,A2,5.38,38.61,0.0,0.0,43,38.79,75,41.3,曇り,南西,1,1,6.92,2,逃げ,5,0.23,1.51.8,0.1434375,0.1512217194570135,5,32,2,7,0,0,2,2,1,0,0,0,0.15625,0.0625,0.21875,0.0,0.0,0.0625,0.0625,0.03125,0.0,0.0,0.0
2023-10-09,徳山,11,すなっち特賞,6,5022,伊藤尚汰,28,福岡,50,B1,3.9,18.31,5.5,50.0,55,33.83,72,32.91,曇り,南西,1,1,6.93,6,逃げ,6,0.27,.  .,0.2157142857142857,0.1811111111111111,0,21,0,1,0,0,0,0,0,0,0,0,0.0,0.0,0.047619047619047616,0.0,0.0,0.0,0.0,0.0,0.0,0.0,0.0
2023-10-09,徳山,12,ドリーム戦,1,4980,佐々木完,27,山口,51,A1,6.58,50.52,5.69,36.36,47,24.37,68,28.7,曇り,西,2,2,6.89,1,逃げ,1,0.18,1.50.3,0.14625,0.1514285714285714,38,48,6,3,36,0,0,0,0,2,3,4,0.7916666666666666,0.125,0.0625,0.75,0.0,0.0,0.0,0.0,0.041666666666666664,0.0625,0.08333333333333333
2023-10-09,徳山,12,ドリーム戦,2,4776,竹田和哉,29,香川,53,A1,6.28,41.53,6.06,38.24,39,30.56,26,32.75,曇り,西,2,2,6.99,3,逃げ,2,0.18,1.54.6,0.1507692307692307,0.1470428015564202,13,52,21,11,0,27,11,1,0,0,0,0,0.25,0.40384615384615385,0.21153846153846154,0.0,0.5192307692307693,0.21153846153846154,0.019230769230769232,0.0,0.0,0.0,0.0
2023-10-09,徳山,12,ドリーム戦,4,4877,鈴谷一平,29,兵庫,55,A1,6.29,45.37,6.47,39.22,52,28.08,41,37.45,曇り,西,2,2,6.96,2,逃げ,3,0.12,1.52.1,0.1525,0.1389669421487603,9,40,7,10,0,0,0,7,2,0,0,0,0.225,0.175,0.25,0.0,0.0,0.0,0.175,0.05,0.0,0.0,0.0
2023-10-09,徳山,12,ドリーム戦,5,5051,松本純平,28,埼玉,55,A1,6.45,48.0,0.0,0.0,29,24.43,22,31.33,曇り,西,2,2,6.99,4,逃げ,4,0.17,1.54.9,0.1668571428571428,0.1677443609022556,2,35,6,12,0,0,0,0,1,0,0,0,0.05714285714285714,0.17142857142857143,0.34285714285714286,0.0,0.0,0.0,0.0,0.02857142857142857,0.0,0.0,0.0
2023-10-09,徳山,12,ドリーム戦,6,5141,大澤風葵,22,群馬,53,A1,6.36,46.85,0.0,0.0,74,32.68,23,33.91,曇り,西,2,2,6.9,5,逃げ,5,0.11,.  .,0.1313157894736842,0.1271074380165289,1,38,6,6,0,0,0,0,1,0,0,0,0.02631578947368421,0.15789473684210525,0.15789473684210525,0.0,0.0,0.0,0.0,0.02631578947368421,0.0,0.0,0.0
2023-10-09,丸亀,1,一般,1,3963,原田秀弥,44,大阪,55,B1,5.33,33.6,4.68,27.27,40,30.0,56,35.0,曇り,北東,2,2,6.84,2,まくり,1,0.12,1.52.3,0.1608163265306122,0.1691011235955056,26,49,12,6,25,0,0,0,0,11,8,4,0.5306122448979592,0.24489795918367346,0.12244897959183673,0.5102040816326531,0.0,0.0,0.0,0.0,0.22448979591836735,0.16326530612244897,0.08163265306122448
2023-10-09,丸亀,1,一般,2,3647,伊藤雄二,50,埼玉,49,B1,4.39,19.51,0.0,0.0,63,0.0,31,10.53,曇り,北東,2,2,6.9,5,まくり,3,0.12,1.55.6,0.1834482758620689,0.1780571428571428,0,29,2,7,0,14,0,0,0,0,0,0,0.0,0.06896551724137931,0.2413793103448276,0.0,0.4827586206896552,0.0,0.0,0.0,0.0,0.0,0.0
2023-10-09,丸亀,1,一般,3,3614,谷　勝幸,50,広島,55,B1,4.04,19.59,3.76,14.63,48,0.0,55,20.0,曇り,北東,2,2,6.87,1,まくり,4,0.11,1.51.0,0.1726666666666667,0.1789256198347107,6,45,9,2,0,0,1,3,1,0,0,0,0.13333333333333333,0.2,0.044444444444444446,0.0,0.0,0.022222222222222223,0.06666666666666667,0.022222222222222223,0.0,0.0,0.0
2023-10-09,丸亀,1,一般,4,4368,山口隆史,37,福岡,52,B1,4.21,22.64,5.16,34.38,59,0.0,28,40.0,曇り,北東,2,2,6.96,4,まくり,5,0.14,1.54.8,0.1727777777777777,0.1798529411764705,1,36,2,8,0,0,0,1,0,0,0,0,0.027777777777777776,0.05555555555555555,0.2222222222222222,0.0,0.0,0.0,0.027777777777777776,0.0,0.0,0.0,0.0
2023-10-09,丸亀,1,一般,5,3801,五反田忍,49,大阪,49,B1,5.31,40.0,6.09,54.55,37,36.36,54,20.0,曇り,北東,2,2,6.92,6,まくり,6,0.13,1.58.4,0.1884615384615384,0.1860248447204968,2,26,2,2,0,0,0,2,0,0,0,0,0.07692307692307693,0.07692307692307693,0.07692307692307693,0.0,0.0,0.0,0.07692307692307693,0.0,0.0,0.0,0.0
2023-10-09,丸亀,1,一般,6,3212,亀本勇樹,61,広島,60,B1,4.71,29.11,4.67,20.83,39,55.56,2,35.29,曇り,北東,2,2,6.96,3,まくり,2,0.11,1.53.4,0.237037037037037,0.18475935828877,0,27,1,2,0,0,0,0,0,0,0,0,0.0,0.037037037037037035,0.07407407407407407,0.0,0.0,0.0,0.0,0.0,0.0,0.0,0.0
2023-10-09,丸亀,2,一般,1,4041,小林基樹,44,山口,54,B1,4.79,31.87,4.09,25.71,5,45.45,5,47.62,曇り,北東,1,1,6.89,1,逃げ,1,0.02,1.50.8,0.1775,0.2011235955056179,14,24,2,2,13,0,0,0,0,3,4,2,0.5833333333333334,0.08333333333333333,0.08333333333333333,0.5416666666666666,0.0,0.0,0.0,0.0,0.125,0.16666666666666666,0.08333333333333333
2023-10-09,丸亀,2,一般,2,3776,横井健太,48,愛知,57,B1,4.1,22.12,2.78,11.11,25,0.0,48,27.78,曇り,北東,1,1,6.94,4,逃げ,2,0.15,1.55.2,0.1669999999999999,0.1802390438247012,4,50,13,9,0,30,4,0,0,0,0,0,0.08,0.26,0.18,0.0,0.6,0.08,0.0,0.0,0.0,0.0,0.0
2023-10-09,丸亀,2,一般,3,3448,高山秀雄,53,群馬,53,B1,4.46,26.73,5.33,22.22,8,0.0,50,27.78,曇り,北東,1,1,6.9,3,逃げ,3,0.08,1.53.9,0.1682926829268292,0.1691509433962264,3,41,8,9,0,0,0,1,2,0,0,0,0.07317073170731707,0.1951219512195122,0.21951219512195122,0.0,0.0,0.0,0.024390243902439025,0.04878048780487805,0.0,0.0,0.0
2023-10-09,丸亀,2,一般,4,4034,西原明生,44,香川,55,B1,4.09,16.67,3.98,18.8,65,0.0,21,50.0,曇り,北東,1,1,6.89,2,逃げ,4,0.23,1.52.7,0.1958974358974359,0.195022026431718,1,39,6,7,0,0,0,1,0,0,0,0,0.02564102564102564,0.15384615384615385,0.1794871794871795,0.0,0.0,0.0,0.02564102564102564,0.0,0.0,0.0,0.0
2023-10-09,丸亀,2,一般,5,4680,後藤美翼,33,東京,46,B1,5.47,32.32,3.86,14.29,26,0.0,60,50.0,曇り,北東,1,1,6.87,6,逃げ,5,0.22,1.57.3,0.2274193548387096,0.203440366972477,0,31,3,8,0,0,0,0,0,0,0,0,0.0,0.0967741935483871,0.25806451612903225,0.0,0.0,0.0,0.0,0.0,0.0,0.0,0.0
2023-10-09,丸亀,2,一般,6,4373,若狭奈美,35,岡山,47,A2,5.43,34.44,5.43,21.43,24,0.0,10,38.1,曇り,北東,1,1,6.83,5,逃げ,6,0.35,1.56.4,0.1888888888888888,0.1807964601769911,0,36,5,10,0,0,0,0,0,0,0,0,0.0,0.1388888888888889,0.2777777777777778,0.0,0.0,0.0,0.0,0.0,0.0,0.0,0.0
2023-10-09,丸亀,3,一般,1,4035,杉江浩明,44,愛知,51,B1,3.95,20.0,2.7,10.0,30,0.0,45,25.0,曇り,北東,1,1,6.97,1,逃げ,1,0.12,1.50.9,0.1863636363636363,0.1971031746031746,15,33,5,2,15,0,0,0,0,1,10,5,0.45454545454545453,0.15151515151515152,0.06060606060606061,0.45454545454545453,0.0,0.0,0.0,0.0,0.030303030303030304,0.30303030303030304,0.15151515151515152
2023-10-09,丸亀,3,一般,2,3663,木山和幸,53,広島,50,B1,5.82,43.22,5.19,34.04,60,0.0,61,38.46,曇り,北東,1,1,6.88,3,逃げ,2,0.12,1.53.3,0.1664285714285714,0.1686029411764706,9,56,16,9,0,30,8,1,0,0,0,0,0.16071428571428573,0.2857142857142857,0.16071428571428573,0.0,0.5357142857142857,0.14285714285714285,0.017857142857142856,0.0,0.0,0.0,0.0
2023-10-09,丸亀,3,一般,3,4263,武重雄介,39,山口,55,B1,5.9,38.38,7.31,56.25,12,0.0,52,30.0,曇り,北東,1,1,7.05,4,逃げ,3,0.12,1.54.2,0.1813333333333333,0.19535,4,30,9,5,0,0,2,1,1,0,0,0,0.13333333333333333,0.3,0.16666666666666666,0.0,0.0,0.06666666666666667,0.03333333333333333,0.03333333333333333,0.0,0.0,0.0
2023-10-09,丸亀,3,一般,4,4325,新出浩司,40,大阪,52,B1,4.98,27.55,0.0,0.0,29,0.0,58,26.32,曇り,北東,1,1,6.9,2,逃げ,4,0.11,1.51.8,0.14,0.1435497835497835,6,38,3,6,0,0,3,1,2,0,0,0,0.15789473684210525,0.07894736842105263,0.15789473684210525,0.0,0.0,0.07894736842105263,0.02631578947368421,0.05263157894736842,0.0,0.0,0.0
2023-10-09,丸亀,3,一般,5,5264,登みひ果,23,兵庫,45,B2,1.88,1.92,1.0,0.0,4,54.55,13,39.13,曇り,北東,1,1,6.87,6,逃げ,6,0.15,1.57.1,0.2397222222222222,0.2191935483870967,0,36,0,2,0,0,0,0,0,0,0,0,0.0,0.0,0.05555555555555555,0.0,0.0,0.0,0.0,0.0,0.0,0.0,0.0
2023-10-09,丸亀,3,一般,6,3746,岡瀬正人,48,岡山,51,A2,6.06,41.55,6.14,39.29,36,11.11,44,20.0,曇り,北東,1,1,6.93,5,逃げ,5,0.16,1.55.5,0.192127659574468,0.1741196013289036,2,47,4,11,0,0,0,0,0,0,0,0,0.0425531914893617,0.0851063829787234,0.23404255319148937,0.0,0.0,0.0,0.0,0.0,0.0,0.0,0.0
2023-10-09,丸亀,4,一般,1,4154,森安弘雅,43,香川,52,A2,4.68,23.93,5.06,31.03,33,0.0,24,38.1,曇り,南東,2,2,6.88,2,まくり差し,1,0.17,1.53.0,0.16025,0.1697854077253218,22,40,7,6,22,0,0,0,0,6,4,7,0.55,0.175,0.15,0.55,0.0,0.0,0.0,0.0,0.15,0.1,0.175
2023-10-09,丸亀,4,一般,2,3583,齋藤智裕,50,埼玉,58,B1,4.03,24.68,0.0,0.0,43,70.0,18,45.83,曇り,南東,2,2,6.98,5,まくり差し,2,0.16,1.55.6,0.1892307692307692,0.1833014354066985,3,39,11,4,0,24,2,0,1,0,0,0,0.07692307692307693,0.28205128205128205,0.10256410256410256,0.0,0.6153846153846154,0.05128205128205128,0.0,0.02564102564102564,0.0,0.0,0.0
2023-10-09,丸亀,4,一般,3,4563,齋藤真之,35,岡山,52,B1,3.73,15.38,4.05,9.52,10,11.11,37,50.0,曇り,南東,2,2,6.93,3,まくり差し,3,0.1,1.53.9,0.1718421052631579,0.1775,2,38,4,2,0,0,0,1,0,0,0,0,0.05263157894736842,0.10526315789473684,0.05263157894736842,0.0,0.0,0.0,0.02631578947368421,0.0,0.0,0.0,0.0
2023-10-09,丸亀,4,一般,4,3477,近藤稔也,53,徳島,52,B1,3.77,15.07,4.88,31.08,58,0.0,33,20.0,曇り,南東,2,2,6.98,4,まくり差し,4,0.11,1.54.1,0.1893333333333333,0.1928921568627451,1,30,5,7,0,0,0,0,1,0,0,0,0.03333333333333333,0.16666666666666666,0.23333333333333334,0.0,0.0,0.0,0.0,0.03333333333333333,0.0,0.0,0.0
2023-10-09,丸亀,4,一般,5,4094,中島真二,42,福岡,53,B1,4.3,22.78,4.94,25.0,38,22.22,38,54.55,曇り,南東,2,2,6.95,1,まくり差し,5,0.11,1.51.3,0.1956756756756756,0.196734693877551,1,37,4,8,0,0,0,0,0,0,0,0,0.02702702702702703,0.10810810810810811,0.21621621621621623,0.0,0.0,0.0,0.0,0.0,0.0,0.0,0.0
2023-10-09,丸亀,4,一般,6,3701,大西隆洋,50,香川,58,B1,3.68,15.0,4.12,22.88,7,40.0,32,0.0,曇り,南東,2,2,6.97,6,まくり差し,6,0.14,1.57.4,0.15,0.1474585635359116,0,23,1,0,0,0,0,0,0,0,0,0,0.0,0.043478260869565216,0.0,0.0,0.0,0.0,0.0,0.0,0.0,0.0,0.0
2023-10-09,丸亀,5,一般,1,3905,天野友和,46,愛知,54,A1,6.18,44.74,5.69,38.46,66,0.0,16,47.83,曇り,南東,3,3,6.97,1,逃げ,1,0.07,1.50.3,0.1598,0.1567049808429118,26,50,13,8,26,0,0,0,0,7,10,6,0.52,0.26,0.16,0.52,0.0,0.0,0.0,0.0,0.14,0.2,0.12
2023-10-09,丸亀,5,一般,2,3614,谷　勝幸,50,広島,55,B1,4.04,19.59,3.76,14.63,48,0.0,55,20.0,曇り,南東,3,3,6.96,3,逃げ,2,0.07,1.53.0,0.1858333333333333,0.1789256198347107,2,48,9,10,0,26,2,0,0,0,0,0,0.041666666666666664,0.1875,0.20833333333333334,0.0,0.5416666666666666,0.041666666666666664,0.0,0.0,0.0,0.0,0.0
2023-10-09,丸亀,5,一般,3,4231,鈴木裕隆,40,愛知,60,B1,4.46,23.89,4.42,35.48,27,0.0,25,14.29,曇り,南東,3,3,7.06,4,逃げ,4,0.06,1.54.9,0.1861224489795918,0.1863636363636363,3,49,9,12,0,0,0,0,2,0,0,0,0.061224489795918366,0.1836734693877551,0.24489795918367346,0.0,0.0,0.0,0.0,0.04081632653061224,0.0,0.0,0.0
2023-10-09,丸亀,5,一般,4,4714,喜多須杏,33,徳島,48,B1,4.93,28.0,4.86,27.12,62,0.0,49,13.33,曇り,南東,3,3,7.09,5,逃げ,5,0.05,1.55.9,0.1893333333333333,0.1877245508982036,1,30,6,7,0,0,0,0,1,0,0,0,0.03333333333333333,0.2,0.23333333333333334,0.0,0.0,0.0,0.0,0.03333333333333333,0.0,0.0,0.0
2023-10-09,丸亀,5,一般,5,4569,中澤宏奈,35,東京,48,B1,4.51,30.36,3.22,22.22,57,0.0,63,38.89,曇り,南東,3,3,7.0,6,逃げ,6,0.08,1.56.0,0.1744444444444444,0.1838016528925619,1,45,7,6,0,0,0,0,1,0,0,0,0.022222222222222223,0.15555555555555556,0.13333333333333333,0.0,0.0,0.0,0.0,0.022222222222222223,0.0,0.0,0.0
2023-10-09,丸亀,5,一般,6,3532,柴田　光,51,群馬,53,A2,5.97,47.86,7.6,65.0,11,90.0,15,63.64,曇り,南東,3,3,6.98,2,逃げ,3,0.04,1.51.5,0.1684848484848484,0.1569565217391304,2,33,7,6,0,0,0,1,1,0,0,0,0.06060606060606061,0.21212121212121213,0.18181818181818182,0.0,0.0,0.0,0.030303030303030304,0.030303030303030304,0.0,0.0,0.0
2023-10-09,丸亀,6,カチ勝ち６,1,4260,中越博紀,39,香川,53,A2,5.78,36.47,5.38,35.38,6,33.33,26,38.1,曇り,南東,3,3,7.05,1,逃げ,1,0.16,1.50.6,0.1469696969696969,0.1582323232323232,20,33,6,4,20,0,0,0,0,2,5,4,0.6060606060606061,0.18181818181818182,0.12121212121212122,0.6060606060606061,0.0,0.0,0.0,0.0,0.06060606060606061,0.15151515151515152,0.12121212121212122
2023-10-09,丸亀,6,カチ勝ち６,2,3448,高山秀雄,53,群馬,53,B1,4.46,26.73,5.33,22.22,8,0.0,50,27.78,曇り,南東,3,3,6.97,2,逃げ,2,0.16,1.52.8,0.1688571428571428,0.1691509433962264,2,35,10,7,0,13,2,0,0,0,0,0,0.05714285714285714,0.2857142857142857,0.2,0.0,0.37142857142857144,0.05714285714285714,0.0,0.0,0.0,0.0,0.0
2023-10-09,丸亀,6,カチ勝ち６,3,4949,横田貴満,30,佐賀,50,A2,5.89,40.0,6.0,39.47,61,0.0,29,17.65,曇り,南東,3,3,6.95,3,逃げ,3,0.17,1.54.2,0.168,0.1687445887445887,3,40,11,9,0,0,0,0,2,0,0,0,0.075,0.275,0.225,0.0,0.0,0.0,0.0,0.05,0.0,0.0,0.0
2023-10-09,丸亀,6,カチ勝ち６,4,4624,高田　明,38,佐賀,50,A2,5.77,37.86,0.0,0.0,35,11.11,59,57.14,曇り,南東,3,3,6.97,4,逃げ,4,0.19,1.55.7,0.141025641025641,0.1625691699604743,7,39,8,11,0,0,2,4,1,0,0,0,0.1794871794871795,0.20512820512820512,0.28205128205128205,0.0,0.0,0.05128205128205128,0.10256410256410256,0.02564102564102564,0.0,0.0,0.0
2023-10-09,丸亀,6,カチ勝ち６,5,4034,西原明生,44,香川,55,B1,4.09,16.67,3.98,18.8,65,0.0,21,50.0,曇り,南東,3,3,7.06,5,逃げ,5,0.21,1.56.4,0.1930555555555555,0.195022026431718,0,36,2,8,0,0,0,0,0,0,0,0,0.0,0.05555555555555555,0.2222222222222222,0.0,0.0,0.0,0.0,0.0,0.0,0.0,0.0
2023-10-09,丸亀,6,カチ勝ち６,6,3973,崎　利仁,47,群馬,54,B1,4.41,23.64,4.79,15.79,41,18.18,66,59.09,曇り,南東,3,3,6.92,6,逃げ,6,0.19,1.57.6,0.2038235294117647,0.1920866141732283,0,34,0,3,0,0,0,0,0,0,0,0,0.0,0.0,0.08823529411764706,0.0,0.0,0.0,0.0,0.0,0.0,0.0,0.0
2023-10-09,丸亀,7,穴ガチ７,1,3999,大瀧明日,44,愛知,46,A1,6.13,43.31,7.29,61.9,34,45.45,34,37.5,曇り,南東,3,3,6.97,1,逃げ,1,0.17,1.51.4,0.1535483870967741,0.1652721088435374,34,62,11,10,32,0,0,0,0,3,14,7,0.5483870967741935,0.1774193548387097,0.16129032258064516,0.5161290322580645,0.0,0.0,0.0,0.0,0.04838709677419355,0.22580645161290322,0.11290322580645161
2023-10-09,丸亀,7,穴ガチ７,2,4263,武重雄介,39,山口,55,B1,5.9,38.38,7.31,56.25,12,0.0,52,30.0,曇り,南東,3,3,7.1,2,逃げ,2,0.19,1.52.8,0.183235294117647,0.19535,7,34,11,5,0,16,6,0,0,0,0,0,0.20588235294117646,0.3235294117647059,0.14705882352941177,0.0,0.47058823529411764,0.17647058823529413,0.0,0.0,0.0,0.0,0.0
2023-10-09,丸亀,7,穴ガチ７,3,4368,山口隆史,37,福岡,52,B1,4.21,22.64,5.16,34.38,59,0.0,28,40.0,曇り,南東,3,3,7.03,6,逃げ,4,0.15,1.59.0,0.1622857142857142,0.1798529411764705,3,35,2,7,0,0,0,2,0,0,0,0,0.08571428571428572,0.05714285714285714,0.2,0.0,0.0,0.0,0.05714285714285714,0.0,0.0,0.0,0.0
2023-10-09,丸亀,7,穴ガチ７,4,3963,原田秀弥,44,大阪,55,B1,5.33,33.6,4.68,27.27,40,30.0,56,35.0,曇り,南東,3,3,6.98,4,逃げ,3,0.19,1.55.0,0.1510526315789473,0.1691011235955056,3,38,3,7,0,0,0,3,0,0,0,0,0.07894736842105263,0.07894736842105263,0.18421052631578946,0.0,0.0,0.0,0.07894736842105263,0.0,0.0,0.0,0.0
2023-10-09,丸亀,7,穴ガチ７,5,3776,横井健太,48,愛知,57,B1,4.1,22.12,2.78,11.11,25,0.0,48,27.78,曇り,南東,3,3,7.0,5,逃げ,5,0.12,1.56.8,0.1814583333333333,0.1802390438247012,2,48,1,10,0,0,0,0,1,0,0,0,0.041666666666666664,0.020833333333333332,0.20833333333333334,0.0,0.0,0.0,0.0,0.020833333333333332,0.0,0.0,0.0
2023-10-09,丸亀,7,穴ガチ７,6,3904,森　貴洋,46,大阪,56,A2,6.42,47.97,6.83,50.0,9,40.0,65,40.91,曇り,南東,3,3,6.93,3,逃げ,6,0.11,1.54.0,0.159047619047619,0.1492424242424242,1,42,2,9,0,0,0,0,1,0,0,0,0.023809523809523808,0.047619047619047616,0.21428571428571427,0.0,0.0,0.0,0.0,0.023809523809523808,0.0,0.0,0.0
2023-10-09,丸亀,8,ガチ勝゛ち８,1,3907,村越　篤,45,香川,54,A2,6.08,39.17,5.92,42.14,3,36.36,4,36.36,曇り,南東,3,3,6.95,1,逃げ,1,0.19,1.51.3,0.1623636363636363,0.1683388704318937,39,55,6,3,36,0,0,0,0,4,6,4,0.7090909090909091,0.10909090909090909,0.05454545454545454,0.6545454545454545,0.0,0.0,0.0,0.0,0.07272727272727272,0.10909090909090909,0.07272727272727272
2023-10-09,丸亀,8,ガチ勝゛ち８,2,3746,岡瀬正人,48,岡山,51,A2,6.06,41.55,6.14,39.29,36,11.11,44,20.0,曇り,南東,3,3,6.89,2,逃げ,2,0.18,1.51.8,0.1788636363636363,0.1741196013289036,9,44,14,8,0,16,5,2,0,0,0,0,0.20454545454545456,0.3181818181818182,0.18181818181818182,0.0,0.36363636363636365,0.11363636363636363,0.045454545454545456,0.0,0.0,0.0,0.0
2023-10-09,丸亀,8,ガチ勝゛ち８,3,3663,木山和幸,53,広島,50,B1,5.82,43.22,5.19,34.04,60,0.0,61,38.46,曇り,南東,3,3,6.94,3,逃げ,3,0.17,1.54.1,0.1548,0.1686029411764706,8,50,14,6,0,0,0,4,2,0,0,0,0.16,0.28,0.12,0.0,0.0,0.0,0.08,0.04,0.0,0.0,0.0
2023-10-09,丸亀,8,ガチ勝゛ち８,4,4518,大須賀友,36,愛知,52,A2,6.43,45.12,6.32,48.0,28,0.0,46,14.29,曇り,南東,3,3,6.85,4,逃げ,4,0.25,1.55.1,0.1403333333333333,0.166056338028169,5,30,6,8,0,0,1,1,2,0,0,0,0.16666666666666666,0.2,0.26666666666666666,0.0,0.0,0.03333333333333333,0.03333333333333333,0.06666666666666667,0.0,0.0,0.0
2023-10-09,丸亀,8,ガチ勝゛ち８,5,4563,齋藤真之,35,岡山,52,B1,3.73,15.38,4.05,9.52,10,11.11,37,50.0,曇り,南東,3,3,6.99,6,逃げ,5,0.26,1.58.0,0.183,0.1775,1,30,2,7,0,0,0,0,0,0,0,0,0.03333333333333333,0.06666666666666667,0.23333333333333334,0.0,0.0,0.0,0.0,0.0,0.0,0.0,0.0
2023-10-09,丸亀,8,ガチ勝゛ち８,6,4041,小林基樹,44,山口,54,B1,4.79,31.87,4.09,25.71,5,45.45,5,47.62,曇り,南東,3,3,6.95,5,逃げ,6,0.27,1.56.4,0.2216666666666666,0.2011235955056179,2,24,3,2,0,0,1,1,0,0,0,0,0.08333333333333333,0.125,0.08333333333333333,0.0,0.0,0.041666666666666664,0.041666666666666664,0.0,0.0,0.0,0.0
2023-10-09,丸亀,9,ウチまる選抜,1,4373,若狭奈美,35,岡山,47,A2,5.43,34.44,5.43,21.43,24,0.0,10,38.1,曇り,南東,3,3,7.02,1,逃げ,1,0.12,1.51.1,0.1875675675675675,0.1807964601769911,15,37,14,2,14,0,0,0,0,1,14,4,0.40540540540540543,0.3783783783783784,0.05405405405405406,0.3783783783783784,0.0,0.0,0.0,0.0,0.02702702702702703,0.3783783783783784,0.10810810810810811
2023-10-09,丸亀,9,ウチまる選抜,2,3801,五反田忍,49,大阪,49,B1,5.31,40.0,6.09,54.55,37,36.36,54,20.0,曇り,南東,3,3,7.03,2,逃げ,2,0.11,1.54.0,0.1929032258064516,0.1860248447204968,9,31,10,1,0,12,3,6,0,0,0,0,0.2903225806451613,0.3225806451612903,0.03225806451612903,0.0,0.3870967741935484,0.0967741935483871,0.1935483870967742,0.0,0.0,0.0,0.0
2023-10-09,丸亀,9,ウチまる選抜,3,4569,中澤宏奈,35,東京,48,B1,4.51,30.36,3.22,22.22,57,0.0,63,38.89,曇り,南東,3,3,7.09,4,逃げ,3,0.22,1.56.1,0.1861904761904761,0.1838016528925619,2,42,8,5,0,0,0,1,0,0,0,0,0.047619047619047616,0.19047619047619047,0.11904761904761904,0.0,0.0,0.0,0.023809523809523808,0.0,0.0,0.0,0.0
2023-10-09,丸亀,9,ウチまる選抜,4,4680,後藤美翼,33,東京,46,B1,5.47,32.32,3.86,14.29,26,0.0,60,50.0,曇り,南東,3,3,7.1,3,逃げ,4,0.23,1.54.6,0.1944444444444444,0.203440366972477,2,36,5,11,0,0,0,0,1,0,0,0,0.05555555555555555,0.1388888888888889,0.3055555555555556,0.0,0.0,0.0,0.0,0.027777777777777776,0.0,0.0,0.0
2023-10-09,丸亀,9,ウチまる選抜,5,4714,喜多須杏,33,徳島,48,B1,4.93,28.0,4.86,27.12,62,0.0,49,13.33,曇り,南東,3,3,7.08,5,逃げ,5,0.24,1.57.4,0.1963333333333333,0.1877245508982036,2,30,1,7,0,0,0,0,2,0,0,0,0.06666666666666667,0.03333333333333333,0.23333333333333334,0.0,0.0,0.0,0.0,0.06666666666666667,0.0,0.0,0.0
2023-10-09,丸亀,9,ウチまる選抜,6,5264,登みひ果,23,兵庫,45,B2,1.88,1.92,1.0,0.0,4,54.55,13,39.13,曇り,南東,3,3,7.03,6,逃げ,6,0.22,1.57.9,0.215,0.2191935483870967,1,82,1,0,0,0,0,1,0,0,0,0,0.012195121951219513,0.012195121951219513,0.0,0.0,0.0,0.0,0.012195121951219513,0.0,0.0,0.0,0.0
2023-10-09,丸亀,10,特別選抜戦,1,4624,高田　明,38,佐賀,50,A2,5.77,37.86,0.0,0.0,35,11.11,59,57.14,曇り,南,2,2,6.93,1,逃げ,1,0.09,1.50.5,0.1579487179487179,0.1625691699604743,23,39,7,5,22,0,0,0,0,5,2,6,0.5897435897435898,0.1794871794871795,0.1282051282051282,0.5641025641025641,0.0,0.0,0.0,0.0,0.1282051282051282,0.05128205128205128,0.15384615384615385
2023-10-09,丸亀,10,特別選抜戦,2,4949,横田貴満,30,佐賀,50,A2,5.89,40.0,6.0,39.47,61,0.0,29,17.65,曇り,南,2,2,6.94,2,逃げ,2,0.13,1.51.8,0.1533333333333333,0.1687445887445887,3,39,10,10,0,25,1,2,0,0,0,0,0.07692307692307693,0.2564102564102564,0.2564102564102564,0.0,0.6410256410256411,0.02564102564102564,0.05128205128205128,0.0,0.0,0.0,0.0
2023-10-09,丸亀,10,特別選抜戦,3,4325,新出浩司,40,大阪,52,B1,4.98,27.55,0.0,0.0,29,0.0,58,26.32,曇り,南,2,2,7.05,3,逃げ,3,0.13,1.53.3,0.1371794871794872,0.1435497835497835,1,39,7,6,0,0,0,0,1,0,0,0,0.02564102564102564,0.1794871794871795,0.15384615384615385,0.0,0.0,0.0,0.0,0.02564102564102564,0.0,0.0,0.0
2023-10-09,丸亀,10,特別選抜戦,4,4231,鈴木裕隆,40,愛知,60,B1,4.46,23.89,4.42,35.48,27,0.0,25,14.29,曇り,南,2,2,7.11,6,逃げ,4,0.21,1.57.6,0.1916216216216216,0.1863636363636363,2,37,6,7,0,0,0,1,0,0,0,0,0.05405405405405406,0.16216216216216217,0.1891891891891892,0.0,0.0,0.0,0.02702702702702703,0.0,0.0,0.0,0.0
2023-10-09,丸亀,10,特別選抜戦,5,3905,天野友和,46,愛知,54,A1,6.18,44.74,5.69,38.46,66,0.0,16,47.83,曇り,南,2,2,6.94,4,逃げ,5,0.19,1.54.7,0.1494871794871795,0.1567049808429118,3,39,5,12,0,0,0,2,1,0,0,0,0.07692307692307693,0.1282051282051282,0.3076923076923077,0.0,0.0,0.0,0.05128205128205128,0.02564102564102564,0.0,0.0,0.0
2023-10-09,丸亀,10,特別選抜戦,6,4154,森安弘雅,43,香川,52,A2,4.68,23.93,5.06,31.03,33,0.0,24,38.1,曇り,南,2,2,6.99,5,逃げ,6,0.23,1.54.9,0.1766666666666666,0.1697854077253218,0,36,1,5,0,0,0,0,0,0,0,0,0.0,0.027777777777777776,0.1388888888888889,0.0,0.0,0.0,0.0,0.0,0.0,0.0,0.0
2023-10-09,丸亀,11,特別選抜戦,1,3904,森　貴洋,46,大阪,56,A2,6.42,47.97,6.83,50.0,9,40.0,65,40.91,曇り,南,1,1,6.92,1,逃げ,1,0.13,1.50.6,0.1128,0.1492424242424242,30,50,17,2,27,0,0,0,0,8,7,3,0.6,0.34,0.04,0.54,0.0,0.0,0.0,0.0,0.16,0.14,0.06
2023-10-09,丸亀,11,特別選抜戦,2,4094,中島真二,42,福岡,53,B1,4.3,22.78,4.94,25.0,38,22.22,38,54.55,曇り,南,1,1,6.95,6,逃げ,2,0.17,1.57.6,0.1977777777777777,0.196734693877551,4,36,7,5,0,21,4,0,0,0,0,0,0.1111111111111111,0.19444444444444445,0.1388888888888889,0.0,0.5833333333333334,0.1111111111111111,0.0,0.0,0.0,0.0,0.0
2023-10-09,丸亀,11,特別選抜戦,3,3999,大瀧明日,44,愛知,46,A1,6.13,43.31,7.29,61.9,34,45.45,34,37.5,曇り,南,1,1,6.93,2,逃げ,3,0.16,1.51.6,0.1651020408163265,0.1652721088435374,11,49,16,12,0,0,3,6,2,0,0,0,0.22448979591836735,0.32653061224489793,0.24489795918367346,0.0,0.0,0.061224489795918366,0.12244897959183673,0.04081632653061224,0.0,0.0,0.0
2023-10-09,丸亀,11,特別選抜戦,4,4260,中越博紀,39,香川,53,A2,5.78,36.47,5.38,35.38,6,33.33,26,38.1,曇り,南,1,1,7.01,3,逃げ,4,0.15,1.53.3,0.1426315789473684,0.1582323232323232,4,38,6,9,0,0,1,3,0,0,0,0,0.10526315789473684,0.15789473684210525,0.23684210526315788,0.0,0.0,0.02631578947368421,0.07894736842105263,0.0,0.0,0.0,0.0
2023-10-09,丸亀,11,特別選抜戦,5,4518,大須賀友,36,愛知,52,A2,6.43,45.12,6.32,48.0,28,0.0,46,14.29,曇り,南,1,1,6.81,4,逃げ,5,0.14,1.54.1,0.1759523809523809,0.166056338028169,5,42,5,12,0,0,0,2,3,0,0,0,0.11904761904761904,0.11904761904761904,0.2857142857142857,0.0,0.0,0.0,0.047619047619047616,0.07142857142857142,0.0,0.0,0.0
2023-10-09,丸亀,11,特別選抜戦,6,3907,村越　篤,45,香川,54,A2,6.08,39.17,5.92,42.14,3,36.36,4,36.36,曇り,南,1,1,6.97,5,逃げ,6,0.17,1.55.7,0.1868292682926829,0.1683388704318937,2,41,2,8,0,0,2,0,0,0,0,0,0.04878048780487805,0.04878048780487805,0.1951219512195122,0.0,0.0,0.04878048780487805,0.0,0.0,0.0,0.0,0.0
2023-10-09,丸亀,12,優勝戦,1,3897,白井英治,46,山口,54,A1,8.23,68.03,8.53,77.19,64,0.0,62,29.41,曇り,南,1,1,6.95,1,逃げ,1,0.11,1.49.9,0.1386516853932584,0.1386029411764706,77,89,6,1,74,0,0,0,0,3,6,2,0.8651685393258427,0.06741573033707865,0.011235955056179775,0.8314606741573034,0.0,0.0,0.0,0.0,0.033707865168539325,0.06741573033707865,0.02247191011235955
2023-10-09,丸亀,12,優勝戦,2,3908,重成一人,45,香川,56,A1,6.71,45.16,5.93,37.31,1,40.0,47,22.73,曇り,南,1,1,6.98,4,逃げ,2,0.15,1.54.0,0.1283636363636363,0.1358675078864353,15,55,14,10,1,25,14,0,0,0,0,0,0.2727272727272727,0.2545454545454545,0.18181818181818182,0.01818181818181818,0.45454545454545453,0.2545454545454545,0.0,0.0,0.0,0.0,0.0
2023-10-09,丸亀,12,優勝戦,3,4839,四宮与寛,33,徳島,51,B1,6.26,43.42,4.83,27.78,2,25.0,53,25.0,曇り,南,1,1,6.94,2,逃げ,3,0.21,1.52.0,0.15,0.1516363636363636,4,34,7,6,0,0,1,1,2,0,0,0,0.11764705882352941,0.20588235294117646,0.17647058823529413,0.0,0.0,0.029411764705882353,0.029411764705882353,0.058823529411764705,0.0,0.0,0.0
2023-10-09,丸亀,12,優勝戦,4,3898,平田忠則,46,福岡,55,A1,6.52,48.04,5.8,41.18,44,14.29,41,17.65,曇り,南,1,1,7.0,3,逃げ,4,0.17,1.52.7,0.1526315789473684,0.1544495412844037,4,38,10,8,0,0,1,0,2,0,0,0,0.10526315789473684,0.2631578947368421,0.21052631578947367,0.0,0.0,0.02631578947368421,0.0,0.05263157894736842,0.0,0.0,0.0
2023-10-09,丸亀,12,優勝戦,5,4123,細川裕子,41,愛知,47,A1,6.78,52.29,7.0,53.33,31,0.0,43,42.86,曇り,南,1,1,6.85,6,逃げ,5,0.21,1.55.3,0.1727027027027027,0.185863453815261,3,37,10,8,0,0,1,2,0,0,0,0,0.08108108108108109,0.2702702702702703,0.21621621621621623,0.0,0.0,0.02702702702702703,0.05405405405405406,0.0,0.0,0.0,0.0
2023-10-09,丸亀,12,優勝戦,6,4079,出畑孝典,44,福岡,53,A2,6.13,44.33,5.38,42.86,32,0.0,64,55.56,曇り,南,1,1,6.98,5,逃げ,6,0.19,1.55.0,0.1604081632653061,0.1488,0,49,2,12,0,0,0,0,0,0,0,0,0.0,0.04081632653061224,0.24489795918367346,0.0,0.0,0.0,0.0,0.0,0.0,0.0,0.0
2023-10-09,尼崎,1,朝からセンプ,1,4712,冨好祐真,33,兵庫,54,B1,3.33,10.0,3.34,7.89,20,22.32,46,27.62,晴,北東,7,5,6.9,1,逃げ,1,0.07,1.50.9,0.18,0.1864473684210526,4,22,5,2,4,0,0,0,0,4,8,3,0.18181818181818182,0.22727272727272727,0.09090909090909091,0.18181818181818182,0.0,0.0,0.0,0.0,0.18181818181818182,0.36363636363636365,0.13636363636363635
2023-10-09,尼崎,1,朝からセンプ,2,5178,成貞琳平,27,愛知,53,B1,2.87,8.0,1.44,0.0,59,29.2,63,39.47,晴,北東,7,5,6.88,5,逃げ,2,0.09,1.55.7,0.218,0.2188268156424581,1,15,0,0,0,7,0,1,0,0,0,0,0.06666666666666667,0.0,0.0,0.0,0.4666666666666667,0.0,0.06666666666666667,0.0,0.0,0.0,0.0
2023-10-09,尼崎,1,朝からセンプ,3,5007,近藤雄一,26,東京,53,B1,4.36,24.72,0.0,0.0,35,34.17,31,34.82,晴,北東,7,5,6.89,2,逃げ,3,0.06,1.52.4,0.1757575757575757,0.1801570680628272,2,33,9,5,0,0,1,1,0,0,0,0,0.06060606060606061,0.2727272727272727,0.15151515151515152,0.0,0.0,0.030303030303030304,0.030303030303030304,0.0,0.0,0.0,0.0
2023-10-09,尼崎,1,朝からセンプ,4,4793,金子　萌,33,静岡,52,A2,6.52,50.88,5.5,37.5,17,20.69,15,27.55,晴,北東,7,5,6.9,3,逃げ,4,0.07,1.53.4,0.1473913043478261,0.1379584775086505,7,46,4,10,0,0,4,0,2,0,0,0,0.15217391304347827,0.08695652173913043,0.21739130434782608,0.0,0.0,0.08695652173913043,0.0,0.043478260869565216,0.0,0.0,0.0
2023-10-09,尼崎,1,朝からセンプ,5,5262,鈴木章司,25,愛知,53,B2,2.45,5.45,1.33,0.0,54,39.5,17,41.58,晴,北東,7,5,6.98,4,逃げ,5,0.13,1.54.7,0.1917073170731707,0.1903225806451613,0,41,1,0,0,0,0,0,0,0,0,0,0.0,0.024390243902439025,0.0,0.0,0.0,0.0,0.0,0.0,0.0,0.0,0.0
2023-10-09,尼崎,1,朝からセンプ,6,3709,田中浩之,49,山口,53,B1,3.46,15.29,4.63,12.5,21,25.22,37,38.18,晴,北東,7,5,6.93,6,逃げ,6,0.17,1.57.9,0.235,0.2012244897959183,0,24,0,1,0,0,0,0,0,0,0,0,0.0,0.0,0.041666666666666664,0.0,0.0,0.0,0.0,0.0,0.0,0.0,0.0
2023-10-09,尼崎,2,一般,1,3224,栗山繁洋,58,佐賀,53,B1,4.78,33.85,4.81,23.08,32,23.01,47,33.33,晴,東,6,4,6.97,1,逃げ,1,0.17,1.50.4,0.1651999999999999,0.1784530386740331,8,25,6,2,8,0,0,0,0,8,5,2,0.32,0.24,0.08,0.32,0.0,0.0,0.0,0.0,0.32,0.2,0.08
2023-10-09,尼崎,2,一般,2,3176,長谷川巌,59,山口,50,B1,4.68,24.44,4.23,13.64,11,25.93,51,25.47,晴,東,6,4,6.99,2,逃げ,2,0.2,1.51.8,0.178125,0.1821111111111111,4,32,9,10,0,11,3,0,0,0,0,0,0.125,0.28125,0.3125,0.0,0.34375,0.09375,0.0,0.0,0.0,0.0,0.0
2023-10-09,尼崎,2,一般,3,3708,岡部貴司,49,岡山,56,B1,4.78,25.24,5.17,33.33,2,48.28,21,29.46,晴,東,6,4,6.89,4,逃げ,3,0.18,1.53.5,0.1874418604651163,0.1773390557939914,0,43,7,13,0,0,0,0,0,0,0,0,0.0,0.16279069767441862,0.3023255813953488,0.0,0.0,0.0,0.0,0.0,0.0,0.0,0.0
2023-10-09,尼崎,2,一般,4,5210,藤井公人,25,福岡,56,B1,1.84,0.0,0.0,0.0,39,24.58,11,39.29,晴,東,6,4,6.93,6,逃げ,6,0.18,1.54.5,0.2014285714285714,0.1846896551724138,0,7,0,1,0,0,0,0,0,0,0,0,0.0,0.0,0.14285714285714285,0.0,0.0,0.0,0.0,0.0,0.0,0.0,0.0
2023-10-09,尼崎,2,一般,5,3745,橋本年光,48,兵庫,55,A2,6.06,40.2,5.37,30.77,19,33.61,57,27.18,晴,東,6,4,6.93,3,逃げ,4,0.17,1.52.9,0.1384210526315789,0.1579668049792531,1,38,4,11,0,0,0,0,1,0,0,0,0.02631578947368421,0.10526315789473684,0.2894736842105263,0.0,0.0,0.0,0.0,0.02631578947368421,0.0,0.0,0.0
2023-10-09,尼崎,2,一般,6,4285,伴　将典,39,愛知,64,B2,3.65,13.89,0.0,0.0,31,36.75,22,39.64,晴,東,6,4,6.96,5,逃げ,5,0.17,1.54.4,0.24,0.1734146341463414,0,13,0,1,0,0,0,0,0,0,0,0,0.0,0.0,0.07692307692307693,0.0,0.0,0.0,0.0,0.0,0.0,0.0,0.0
2023-10-09,尼崎,3,一般,1,4251,川崎誠志,40,山口,51,B1,5.04,35.42,1.63,0.0,52,31.62,38,32.46,晴,東,4,0,6.86,6,まくり,1,0.09,1.56.9,0.2013333333333333,0.2037128712871287,12,30,8,1,10,0,0,0,0,4,6,5,0.4,0.26666666666666666,0.03333333333333333,0.3333333333333333,0.0,0.0,0.0,0.0,0.13333333333333333,0.2,0.16666666666666666
2023-10-09,尼崎,3,一般,2,4710,福田宗平,33,大阪,51,A2,5.74,37.7,5.41,35.29,40,38.6,29,36.04,晴,東,4,0,6.91,1,まくり,2,0.13,1.49.3,0.1502127659574468,0.1431985294117647,10,47,9,13,0,19,5,3,0,0,0,0,0.2127659574468085,0.19148936170212766,0.2765957446808511,0.0,0.40425531914893614,0.10638297872340426,0.06382978723404255,0.0,0.0,0.0,0.0
2023-10-09,尼崎,3,一般,3,4543,重木輝彦,35,兵庫,51,A2,6.35,48.0,5.93,42.75,15,45.3,73,31.93,晴,東,4,0,6.87,2,まくり,3,0.12,1.50.6,0.1817021276595744,0.1843840579710144,11,47,12,10,0,0,1,3,6,0,0,0,0.23404255319148937,0.2553191489361702,0.2127659574468085,0.0,0.0,0.02127659574468085,0.06382978723404255,0.1276595744680851,0.0,0.0,0.0
2023-10-09,尼崎,3,一般,4,5131,江藤敦宏,24,福岡,51,B1,3.36,13.79,1.7,0.0,27,43.97,39,34.23,晴,東,4,0,6.95,4,まくり,4,0.14,1.54.0,0.1632142857142857,0.1852631578947368,2,28,1,3,0,0,0,0,1,0,0,0,0.07142857142857142,0.03571428571428571,0.10714285714285714,0.0,0.0,0.0,0.0,0.03571428571428571,0.0,0.0,0.0
2023-10-09,尼崎,3,一般,5,5232,樅山拓馬,26,愛知,52,B2,2.6,8.14,2.44,12.5,60,25.45,60,29.73,晴,東,4,0,6.97,3,まくり,5,0.06,1.51.6,0.1605633802816901,0.1668663594470046,3,71,1,4,0,0,0,0,2,0,0,0,0.04225352112676056,0.014084507042253521,0.056338028169014086,0.0,0.0,0.0,0.0,0.028169014084507043,0.0,0.0,0.0
2023-10-09,尼崎,3,一般,6,4365,盛本真輔,38,兵庫,52,B1,5.13,33.06,5.79,41.45,12,12.26,58,27.27,晴,東,4,0,6.84,5,まくり,6,0.15,1.55.4,0.223030303030303,0.1877443609022556,0,33,0,3,0,0,0,0,0,0,0,0,0.0,0.0,0.09090909090909091,0.0,0.0,0.0,0.0,0.0,0.0,0.0,0.0
2023-10-09,尼崎,4,一般,1,4355,小川広大,39,福岡,58,B1,3.65,14.86,4.38,19.23,58,51.26,42,29.13,曇り,東,4,0,6.89,2,差し,1,0.09,1.51.0,0.1648148148148148,0.1809756097560975,3,27,5,6,2,0,0,0,0,8,6,7,0.1111111111111111,0.18518518518518517,0.2222222222222222,0.07407407407407407,0.0,0.0,0.0,0.0,0.2962962962962963,0.2222222222222222,0.25925925925925924
2023-10-09,尼崎,4,一般,2,3986,沖島広和,45,福岡,54,A2,6.16,43.55,6.53,52.94,25,36.21,25,31.36,曇り,東,4,0,6.86,1,差し,2,0.19,1.49.0,0.1584444444444444,0.1694736842105263,7,45,21,7,1,25,5,1,0,0,0,0,0.15555555555555556,0.4666666666666667,0.15555555555555556,0.022222222222222223,0.5555555555555556,0.1111111111111111,0.022222222222222223,0.0,0.0,0.0,0.0
2023-10-09,尼崎,4,一般,3,5014,梶山涼斗,25,佐賀,53,B1,4.38,15.22,4.0,14.81,1,27.27,13,30.0,曇り,東,4,0,6.87,3,差し,3,0.12,1.51.7,0.1563157894736842,0.1498994974874372,2,38,3,14,0,0,1,0,1,0,0,0,0.05263157894736842,0.07894736842105263,0.3684210526315789,0.0,0.0,0.02631578947368421,0.0,0.02631578947368421,0.0,0.0,0.0
2023-10-09,尼崎,4,一般,4,4099,吉永則雄,44,大阪,52,A2,6.7,48.36,7.88,70.59,10,41.03,48,43.36,曇り,東,4,0,6.93,4,差し,4,0.25,1.52.1,0.1594736842105263,0.1598360655737705,7,38,8,10,0,0,2,1,4,0,0,0,0.18421052631578946,0.21052631578947367,0.2631578947368421,0.0,0.0,0.05263157894736842,0.02631578947368421,0.10526315789473684,0.0,0.0,0.0
2023-10-09,尼崎,4,一般,5,4633,森　智也,34,兵庫,50,A2,5.14,25.44,5.3,30.26,6,31.09,35,38.1,曇り,東,4,0,6.92,5,差し,5,0.17,1.53.3,0.1706818181818181,0.153574297188755,3,44,1,9,0,0,0,2,1,0,0,0,0.06818181818181818,0.022727272727272728,0.20454545454545456,0.0,0.0,0.0,0.045454545454545456,0.022727272727272728,0.0,0.0,0.0
2023-10-09,尼崎,4,一般,6,3624,大石和彦,54,静岡,53,B1,3.92,18.31,3.86,24.14,36,30.25,27,30.63,曇り,東,4,0,6.87,6,差し,6,0.14,1.56.2,0.195,0.1708641975308642,1,20,2,1,0,0,1,0,0,0,0,0,0.05,0.1,0.05,0.0,0.0,0.05,0.0,0.0,0.0,0.0,0.0
2023-10-09,尼崎,5,一般,1,5007,近藤雄一,26,東京,53,B1,4.36,24.72,0.0,0.0,35,34.17,31,34.82,曇り,東,4,0,6.98,3,まくり,1,0.19,1.52.7,0.177037037037037,0.1801570680628272,10,27,8,4,9,0,0,0,0,4,8,2,0.37037037037037035,0.2962962962962963,0.14814814814814814,0.3333333333333333,0.0,0.0,0.0,0.0,0.14814814814814814,0.2962962962962963,0.07407407407407407
2023-10-09,尼崎,5,一般,2,4489,岩川仁士,37,大阪,54,B1,5.38,35.24,4.95,31.58,3,42.11,64,27.78,曇り,東,4,0,6.92,2,まくり,2,0.16,1.51.3,0.14,0.1625,3,41,12,9,0,26,3,0,0,0,0,0,0.07317073170731707,0.2926829268292683,0.21951219512195122,0.0,0.6341463414634146,0.07317073170731707,0.0,0.0,0.0,0.0,0.0
2023-10-09,尼崎,5,一般,3,3717,立間充宏,48,岡山,55,A1,6.45,52.21,7.38,62.5,29,17.54,66,30.63,曇り,東,4,0,6.96,1,まくり,3,0.15,1.50.2,0.132,0.129467680608365,7,40,6,5,0,0,3,1,2,0,0,0,0.175,0.15,0.125,0.0,0.0,0.075,0.025,0.05,0.0,0.0,0.0
2023-10-09,尼崎,5,一般,4,5262,鈴木章司,25,愛知,53,B2,2.45,5.45,1.33,0.0,54,39.5,17,41.58,曇り,東,4,0,6.99,6,まくり,4,0.11,1.55.5,0.1435294117647058,0.1903225806451613,1,17,0,1,0,0,0,0,1,0,0,0,0.058823529411764705,0.0,0.058823529411764705,0.0,0.0,0.0,0.0,0.058823529411764705,0.0,0.0,0.0
2023-10-09,尼崎,5,一般,5,4675,井手良太,35,大阪,50,B1,5.04,31.46,5.33,44.44,45,25.0,24,44.35,曇り,東,4,0,6.94,4,まくり,5,0.08,1.53.7,0.1197368421052631,0.1374770642201835,2,38,4,6,0,0,0,0,2,0,0,0,0.05263157894736842,0.10526315789473684,0.15789473684210525,0.0,0.0,0.0,0.0,0.05263157894736842,0.0,0.0,0.0
2023-10-09,尼崎,5,一般,6,3600,玄馬　徹,53,岡山,53,B1,3.43,14.94,3.77,23.08,38,32.2,72,24.78,曇り,東,4,0,6.98,5,まくり,6,0.21,1.54.5,0.2427027027027027,0.2145685279187817,0,37,3,0,0,0,0,0,0,0,0,0,0.0,0.08108108108108109,0.0,0.0,0.0,0.0,0.0,0.0,0.0,0.0,0.0
2023-10-09,尼崎,6,昼どきピンク,1,4472,尾嶋一広,36,兵庫,56,A1,6.8,51.09,6.93,49.22,7,39.47,70,34.58,雨,東,4,0,6.9,1,逃げ,1,0.17,1.48.9,0.1525396825396825,0.1472063492063492,45,63,13,1,43,0,0,0,0,4,3,7,0.7142857142857143,0.20634920634920634,0.015873015873015872,0.6825396825396826,0.0,0.0,0.0,0.0,0.06349206349206349,0.047619047619047616,0.1111111111111111
2023-10-09,尼崎,6,昼どきピンク,2,4058,野末智一,44,静岡,51,B1,5.42,35.4,4.78,16.67,34,33.62,74,36.36,雨,東,4,0,6.99,2,逃げ,2,0.18,1.50.5,0.1648,0.1791208791208791,6,50,17,8,0,30,4,0,0,0,0,0,0.12,0.34,0.16,0.0,0.6,0.08,0.0,0.0,0.0,0.0,0.0
2023-10-09,尼崎,6,昼どきピンク,3,3745,橋本年光,48,兵庫,55,A2,6.06,40.2,5.37,30.77,19,33.61,57,27.18,雨,東,4,0,6.94,4,逃げ,3,0.19,1.51.9,0.1575,0.1579668049792531,5,44,6,12,0,0,2,3,0,0,0,0,0.11363636363636363,0.13636363636363635,0.2727272727272727,0.0,0.0,0.045454545454545456,0.06818181818181818,0.0,0.0,0.0,0.0
2023-10-09,尼崎,6,昼どきピンク,4,3432,宮迫暢彦,55,大阪,53,B1,5.43,39.22,4.89,34.29,14,33.33,32,36.52,雨,東,4,0,6.94,3,逃げ,4,0.13,1.51.4,0.1529545454545454,0.1647924528301886,6,44,11,6,0,0,5,1,0,0,0,0,0.13636363636363635,0.25,0.13636363636363635,0.0,0.0,0.11363636363636363,0.022727272727272728,0.0,0.0,0.0,0.0
2023-10-09,尼崎,6,昼どきピンク,5,5178,成貞琳平,27,愛知,53,B1,2.87,8.0,1.44,0.0,59,29.2,63,39.47,雨,東,4,0,6.94,6,逃げ,5,0.19,1.57.0,0.2285294117647059,0.2188268156424581,0,34,1,0,0,0,0,0,0,0,0,0,0.0,0.029411764705882353,0.0,0.0,0.0,0.0,0.0,0.0,0.0,0.0,0.0
2023-10-09,尼崎,6,昼どきピンク,6,3742,宮地秀祈,49,福岡,51,B1,5.2,30.69,4.27,23.33,49,46.96,61,36.75,雨,東,4,0,6.94,5,逃げ,6,0.17,1.53.8,0.2055172413793103,0.1883856502242152,0,29,3,6,0,0,0,0,0,0,0,0,0.0,0.10344827586206896,0.20689655172413793,0.0,0.0,0.0,0.0,0.0,0.0,0.0,0.0
2023-10-09,尼崎,7,一般,1,5131,江藤敦宏,24,福岡,51,B1,3.36,13.79,1.7,0.0,27,43.97,39,34.23,曇り,北東,4,0,6.85,1,逃げ,1,0.04,1.50.1,0.1728571428571428,0.1852631578947368,7,21,1,1,7,0,0,0,0,2,10,1,0.3333333333333333,0.047619047619047616,0.047619047619047616,0.3333333333333333,0.0,0.0,0.0,0.0,0.09523809523809523,0.47619047619047616,0.047619047619047616
2023-10-09,尼崎,7,一般,2,4718,北川太一,30,佐賀,52,A1,6.04,42.86,6.3,40.0,8,25.23,49,50.0,曇り,北東,4,0,6.89,3,逃げ,2,0.09,1.52.8,0.15675,0.144124513618677,11,40,10,7,0,18,5,4,1,0,0,0,0.275,0.25,0.175,0.0,0.45,0.125,0.1,0.025,0.0,0.0,0.0
2023-10-09,尼崎,7,一般,3,4712,冨好祐真,33,兵庫,54,B1,3.33,10.0,3.34,7.89,20,22.32,46,27.62,曇り,北東,4,0,6.91,4,逃げ,3,0.06,1.53.0,0.178,0.1864473684210526,1,25,0,3,0,0,0,1,0,0,0,0,0.04,0.0,0.12,0.0,0.0,0.0,0.04,0.0,0.0,0.0,0.0
2023-10-09,尼崎,7,一般,4,3385,渡邉睦広,54,東京,52,B1,5.46,30.61,6.67,50.0,13,45.38,43,36.52,曇り,北東,4,0,6.9,2,逃げ,4,0.09,1.50.4,0.1551515151515151,0.1573364485981308,2,33,3,8,0,0,0,1,1,0,0,0,0.06060606060606061,0.09090909090909091,0.24242424242424243,0.0,0.0,0.0,0.030303030303030304,0.030303030303030304,0.0,0.0,0.0
2023-10-09,尼崎,7,一般,5,5210,藤井公人,25,福岡,56,B1,1.84,0.0,0.0,0.0,39,24.58,11,39.29,曇り,北東,4,0,6.89,6,逃げ,6,0.13,1.54.5,0.1950980392156862,0.1846896551724138,0,51,1,1,0,0,0,0,0,0,0,0,0.0,0.0196078431372549,0.0196078431372549,0.0,0.0,0.0,0.0,0.0,0.0,0.0,0.0
2023-10-09,尼崎,7,一般,6,4251,川崎誠志,40,山口,51,B1,5.04,35.42,1.63,0.0,52,31.62,38,32.46,曇り,北東,4,0,6.89,5,逃げ,5,0.15,1.54.3,0.2322222222222222,0.2037128712871287,0,27,1,4,0,0,0,0,0,0,0,0,0.0,0.037037037037037035,0.14814814814814814,0.0,0.0,0.0,0.0,0.0,0.0,0.0,0.0
2023-10-09,尼崎,8,一般,1,4285,伴　将典,39,愛知,64,B2,3.65,13.89,0.0,0.0,31,36.75,22,39.64,曇り,北東,2,0,6.97,3,抜き,1,0.12,1.52.7,0.1564705882352941,0.1734146341463414,4,17,4,0,4,0,0,0,0,4,6,1,0.23529411764705882,0.23529411764705882,0.0,0.23529411764705882,0.0,0.0,0.0,0.0,0.23529411764705882,0.35294117647058826,0.058823529411764705
2023-10-09,尼崎,8,一般,2,4072,森永　淳,42,佐賀,52,A1,6.63,51.61,7.43,67.92,42,30.25,52,33.64,曇り,北東,2,0,6.87,1,抜き,2,0.15,1.50.1,0.1397872340425532,0.1438345864661654,8,47,14,11,0,23,5,3,0,0,0,0,0.1702127659574468,0.2978723404255319,0.23404255319148937,0.0,0.48936170212765956,0.10638297872340426,0.06382978723404255,0.0,0.0,0.0,0.0
2023-10-09,尼崎,8,一般,3,3224,栗山繁洋,58,佐賀,53,B1,4.78,33.85,4.81,23.08,32,23.01,47,33.33,曇り,北東,2,0,6.97,4,抜き,3,0.14,1.54.6,0.169,0.1784530386740331,4,30,2,5,0,0,0,4,0,0,0,0,0.13333333333333333,0.06666666666666667,0.16666666666666666,0.0,0.0,0.0,0.13333333333333333,0.0,0.0,0.0,0.0
2023-10-09,尼崎,8,一般,4,5232,樅山拓馬,26,愛知,52,B2,2.6,8.14,2.44,12.5,60,25.45,60,29.73,曇り,北東,2,0,6.95,2,抜き,4,0.15,1.51.3,0.1598039215686274,0.1668663594470046,1,51,2,2,0,0,1,0,0,0,0,0,0.0196078431372549,0.0392156862745098,0.0392156862745098,0.0,0.0,0.0196078431372549,0.0,0.0,0.0,0.0,0.0
2023-10-09,尼崎,8,一般,5,4365,盛本真輔,38,兵庫,52,B1,5.13,33.06,5.79,41.45,12,12.26,58,27.27,曇り,北東,2,0,6.87,6,抜き,5,0.13,1.58.7,0.1951020408163265,0.1877443609022556,0,49,5,8,0,0,0,0,0,0,0,0,0.0,0.10204081632653061,0.16326530612244897,0.0,0.0,0.0,0.0,0.0,0.0,0.0,0.0
2023-10-09,尼崎,8,一般,6,4355,小川広大,39,福岡,58,B1,3.65,14.86,4.38,19.23,58,51.26,42,29.13,曇り,北東,2,0,6.94,5,抜き,6,0.18,1.55.7,0.2055555555555555,0.1809756097560975,0,27,0,2,0,0,0,0,0,0,0,0,0.0,0.0,0.07407407407407407,0.0,0.0,0.0,0.0,0.0,0.0,0.0,0.0
2023-10-09,尼崎,9,一般特選,1,3600,玄馬　徹,53,岡山,53,B1,3.43,14.94,3.77,23.08,38,32.2,72,24.78,曇り,東,3,0,6.96,5,まくり差し,1,0.2,1.54.4,0.1684615384615384,0.2145685279187817,12,26,3,2,9,0,0,0,0,5,4,4,0.46153846153846156,0.11538461538461539,0.07692307692307693,0.34615384615384615,0.0,0.0,0.0,0.0,0.19230769230769232,0.15384615384615385,0.15384615384615385
2023-10-09,尼崎,9,一般特選,2,4633,森　智也,34,兵庫,50,A2,5.14,25.44,5.3,30.26,6,31.09,35,38.1,曇り,東,3,0,6.96,2,まくり差し,2,0.14,1.51.2,0.1382978723404255,0.153574297188755,4,47,17,12,0,28,4,0,0,0,0,0,0.0851063829787234,0.3617021276595745,0.2553191489361702,0.0,0.5957446808510638,0.0851063829787234,0.0,0.0,0.0,0.0,0.0
2023-10-09,尼崎,9,一般特選,3,4917,岩橋裕馬,35,兵庫,53,B1,4.38,21.7,4.75,26.96,41,31.93,65,38.46,曇り,東,3,0,6.94,4,まくり差し,3,0.16,1.53.6,0.1665714285714285,0.1714218009478673,2,35,4,3,0,0,1,0,0,0,0,0,0.05714285714285714,0.11428571428571428,0.08571428571428572,0.0,0.0,0.02857142857142857,0.0,0.0,0.0,0.0,0.0
2023-10-09,尼崎,9,一般特選,4,3752,宇土泰就,52,福岡,55,B1,4.82,27.38,4.68,28.0,24,42.74,62,31.25,曇り,東,3,0,6.85,1,まくり差し,4,0.1,1.50.2,0.1618181818181818,0.1771666666666666,4,44,5,10,0,0,0,1,2,0,0,0,0.09090909090909091,0.11363636363636363,0.22727272727272727,0.0,0.0,0.0,0.022727272727272728,0.045454545454545456,0.0,0.0,0.0
2023-10-09,尼崎,9,一般特選,5,5014,梶山涼斗,25,佐賀,53,B1,4.38,15.22,4.0,14.81,1,27.27,13,30.0,曇り,東,3,0,6.87,6,まくり差し,5,0.08,1.55.2,0.1521212121212121,0.1498994974874372,0,33,3,4,0,0,0,0,0,0,0,0,0.0,0.09090909090909091,0.12121212121212122,0.0,0.0,0.0,0.0,0.0,0.0,0.0,0.0
2023-10-09,尼崎,9,一般特選,6,3715,倉尾大介,48,福岡,54,B1,4.79,25.0,5.23,30.77,28,18.1,26,40.68,曇り,東,3,0,6.92,3,まくり差し,6,0.13,1.52.1,0.1765625,0.1606666666666666,0,32,1,7,0,0,0,0,0,0,0,0,0.0,0.03125,0.21875,0.0,0.0,0.0,0.0,0.0,0.0,0.0,0.0
2023-10-09,尼崎,10,選抜戦,1,4718,北川太一,30,佐賀,52,A1,6.04,42.86,6.3,40.0,8,25.23,49,50.0,曇り,東,2,0,6.86,1,逃げ,1,0.13,1.49.4,0.14875,0.144124513618677,32,48,7,2,29,0,0,0,0,5,6,2,0.6666666666666666,0.14583333333333334,0.041666666666666664,0.6041666666666666,0.0,0.0,0.0,0.0,0.10416666666666667,0.125,0.041666666666666664
2023-10-09,尼崎,10,選抜戦,2,3708,岡部貴司,49,岡山,56,B1,4.78,25.24,5.17,33.33,2,48.28,21,29.46,曇り,東,2,0,6.93,2,逃げ,2,0.16,1.50.5,0.1593617021276595,0.1773390557939914,8,47,12,10,0,22,8,0,0,0,0,0,0.1702127659574468,0.2553191489361702,0.2127659574468085,0.0,0.46808510638297873,0.1702127659574468,0.0,0.0,0.0,0.0,0.0
2023-10-09,尼崎,10,選抜戦,3,4710,福田宗平,33,大阪,51,A2,5.74,37.7,5.41,35.29,40,38.6,29,36.04,曇り,東,2,0,6.89,3,逃げ,3,0.17,1.51.4,0.1220833333333333,0.1431985294117647,4,48,17,11,0,0,1,0,3,0,0,0,0.08333333333333333,0.3541666666666667,0.22916666666666666,0.0,0.0,0.020833333333333332,0.0,0.0625,0.0,0.0,0.0
2023-10-09,尼崎,10,選抜戦,4,3986,沖島広和,45,福岡,54,A2,6.16,43.55,6.53,52.94,25,36.21,25,31.36,曇り,東,2,0,6.86,6,逃げ,4,0.16,1.56.0,0.174390243902439,0.1694736842105263,8,41,10,7,0,0,1,1,5,0,0,0,0.1951219512195122,0.24390243902439024,0.17073170731707318,0.0,0.0,0.024390243902439025,0.024390243902439025,0.12195121951219512,0.0,0.0,0.0
2023-10-09,尼崎,10,選抜戦,5,4472,尾嶋一広,36,兵庫,56,A1,6.8,51.09,6.93,49.22,7,39.47,70,34.58,曇り,東,2,0,6.9,4,逃げ,5,0.15,1.52.3,0.1393023255813953,0.1472063492063492,4,43,8,7,0,0,0,0,4,0,0,0,0.09302325581395349,0.18604651162790697,0.16279069767441862,0.0,0.0,0.0,0.0,0.09302325581395349,0.0,0.0,0.0
2023-10-09,尼崎,10,選抜戦,6,4489,岩川仁士,37,大阪,54,B1,5.38,35.24,4.95,31.58,3,42.11,64,27.78,曇り,東,2,0,6.92,5,逃げ,6,0.23,1.54.1,0.2178787878787879,0.1625,0,33,1,6,0,0,0,0,0,0,0,0,0.0,0.030303030303030304,0.18181818181818182,0.0,0.0,0.0,0.0,0.0,0.0,0.0,0.0
2023-10-09,尼崎,11,選抜戦,1,3717,立間充宏,48,岡山,55,A1,6.45,52.21,7.38,62.5,29,17.54,66,30.63,曇り,北,3,0,6.89,2,差し,1,0.15,1.50.2,0.1185964912280701,0.129467680608365,39,57,11,3,38,0,0,0,0,3,2,8,0.6842105263157895,0.19298245614035087,0.05263157894736842,0.6666666666666666,0.0,0.0,0.0,0.0,0.05263157894736842,0.03508771929824561,0.14035087719298245
2023-10-09,尼崎,11,選抜戦,2,4793,金子　萌,33,静岡,52,A2,6.52,50.88,5.5,37.5,17,20.69,15,27.55,曇り,北,3,0,6.86,1,差し,2,0.16,1.48.8,0.1526666666666666,0.1379584775086505,9,45,11,11,0,19,5,4,0,0,0,0,0.2,0.24444444444444444,0.24444444444444444,0.0,0.4222222222222222,0.1111111111111111,0.08888888888888889,0.0,0.0,0.0,0.0
2023-10-09,尼崎,11,選抜戦,3,4072,森永　淳,42,佐賀,52,A1,6.63,51.61,7.43,67.92,42,30.25,52,33.64,曇り,北,3,0,6.88,4,差し,3,0.15,1.52.8,0.1388372093023255,0.1438345864661654,4,43,16,6,0,0,1,0,3,0,0,0,0.09302325581395349,0.37209302325581395,0.13953488372093023,0.0,0.0,0.023255813953488372,0.0,0.06976744186046512,0.0,0.0,0.0
2023-10-09,尼崎,11,選抜戦,4,3176,長谷川巌,59,山口,50,B1,4.68,24.44,4.23,13.64,11,25.93,51,25.47,曇り,北,3,0,6.95,6,差し,4,0.24,1.54.2,0.1693939393939394,0.1821111111111111,1,33,5,8,0,0,0,0,1,0,0,0,0.030303030303030304,0.15151515151515152,0.24242424242424243,0.0,0.0,0.0,0.0,0.030303030303030304,0.0,0.0,0.0
2023-10-09,尼崎,11,選抜戦,5,3385,渡邉睦広,54,東京,52,B1,5.46,30.61,6.67,50.0,13,45.38,43,36.52,曇り,北,3,0,6.9,3,差し,5,0.17,1.51.3,0.1896666666666666,0.1573364485981308,1,30,3,6,0,0,0,0,0,0,0,0,0.03333333333333333,0.1,0.2,0.0,0.0,0.0,0.0,0.0,0.0,0.0,0.0
2023-10-09,尼崎,11,選抜戦,6,4543,重木輝彦,35,兵庫,51,A2,6.35,48.0,5.93,42.75,15,45.3,73,31.93,曇り,北,3,0,6.84,5,差し,6,0.11,1.53.0,0.1904444444444444,0.1843840579710144,2,45,6,4,0,0,0,1,1,0,0,0,0.044444444444444446,0.13333333333333333,0.08888888888888889,0.0,0.0,0.0,0.022222222222222223,0.022222222222222223,0.0,0.0,0.0
2023-10-09,尼崎,12,優勝戦,1,3473,石川真二,53,福岡,53,A2,6.64,53.03,6.11,40.54,9,34.75,19,37.5,雨,北東,3,0,6.83,1,逃げ,1,0.09,1.48.9,0.1378431372549019,0.155,25,51,10,6,23,0,0,0,0,7,13,4,0.49019607843137253,0.19607843137254902,0.11764705882352941,0.45098039215686275,0.0,0.0,0.0,0.0,0.13725490196078433,0.2549019607843137,0.0784313725490196
2023-10-09,尼崎,12,優勝戦,2,3885,久田　武,49,愛知,53,B1,5.36,31.53,5.54,38.46,50,25.42,16,28.04,雨,北東,3,0,6.89,3,逃げ,3,0.1,1.50.7,0.1435294117647058,0.1653909465020576,6,34,13,5,0,14,4,1,0,0,0,0,0.17647058823529413,0.38235294117647056,0.14705882352941177,0.0,0.4117647058823529,0.11764705882352941,0.029411764705882353,0.0,0.0,0.0,0.0
2023-10-09,尼崎,12,優勝戦,3,3590,濱野谷憲,49,東京,54,A1,7.79,54.26,7.13,56.41,43,35.9,71,29.66,雨,北東,3,0,6.89,2,逃げ,4,0.16,1.50.2,0.1275555555555555,0.1367,14,45,14,5,0,0,1,7,3,0,0,0,0.3111111111111111,0.3111111111111111,0.1111111111111111,0.0,0.0,0.022222222222222223,0.15555555555555556,0.06666666666666667,0.0,0.0,0.0
2023-10-09,尼崎,12,優勝戦,4,3623,深川真二,49,佐賀,50,A1,6.95,50.0,7.59,58.62,48,25.42,34,30.63,雨,北東,3,0,6.96,6,逃げ,2,0.15,1.54.7,0.1515384615384615,0.1479389312977099,6,39,12,4,1,0,3,1,1,0,0,0,0.15384615384615385,0.3076923076923077,0.10256410256410256,0.02564102564102564,0.0,0.07692307692307693,0.02564102564102564,0.02564102564102564,0.0,0.0,0.0
2023-10-09,尼崎,12,優勝戦,5,4075,中野次郎,42,東京,54,A1,6.86,46.55,8.24,76.19,4,33.33,69,34.82,雨,北東,3,0,6.91,4,逃げ,5,0.15,1.52.5,0.1385714285714285,0.1373357664233576,3,42,11,6,0,0,1,0,2,0,0,0,0.07142857142857142,0.2619047619047619,0.14285714285714285,0.0,0.0,0.023809523809523808,0.0,0.047619047619047616,0.0,0.0,0.0
2023-10-09,尼崎,12,優勝戦,6,4950,高岡竜也,30,山口,53,A2,5.54,36.13,4.53,21.05,33,40.0,28,31.86,雨,北東,3,0,6.92,5,逃げ,6,0.21,1.53.8,0.1612,0.1573539518900343,0,50,3,6,0,0,0,0,0,0,0,0,0.0,0.06,0.12,0.0,0.0,0.0,0.0,0.0,0.0,0.0,0.0
2023-10-09,住之江,1,一般戦,1,4077,品田直樹,44,東京,51,B1,4.84,29.81,3.44,25.0,37,21.09,80,36.89,曇り,北東,2,1,6.96,1,逃げ,1,0.22,1.49.7,0.1741304347826087,0.1798134328358208,18,46,14,4,15,0,0,0,0,10,6,9,0.391304347826087,0.30434782608695654,0.08695652173913043,0.32608695652173914,0.0,0.0,0.0,0.0,0.21739130434782608,0.13043478260869565,0.1956521739130435
2023-10-09,住之江,1,一般戦,2,4411,沢田昭宏,37,大阪,53,B1,5.34,31.2,5.86,41.11,83,29.92,77,41.59,曇り,北東,2,1,6.95,2,逃げ,2,0.22,1.51.3,0.1884444444444444,0.1726978417266187,6,45,7,8,0,25,4,1,1,0,0,0,0.13333333333333333,0.15555555555555556,0.17777777777777778,0.0,0.5555555555555556,0.08888888888888889,0.022222222222222223,0.022222222222222223,0.0,0.0,0.0
2023-10-09,住之江,1,一般戦,3,3569,増田　進,52,東京,55,B1,4.3,13.58,4.59,22.73,81,25.56,89,30.7,曇り,北東,2,1,6.98,3,逃げ,3,0.17,1.52.9,0.176578947368421,0.1893073593073593,2,38,4,5,0,0,0,0,1,0,0,0,0.05263157894736842,0.10526315789473684,0.13157894736842105,0.0,0.0,0.0,0.0,0.02631578947368421,0.0,0.0,0.0
2023-10-09,住之江,1,一般戦,4,3161,古場輝義,63,大阪,53,A2,5.55,33.88,5.37,33.33,63,24.6,30,37.19,曇り,北東,2,1,6.87,6,逃げ,4,0.12,1.59.0,0.1662,0.1791379310344827,3,50,7,20,0,0,0,0,1,0,0,0,0.06,0.14,0.4,0.0,0.0,0.0,0.0,0.02,0.0,0.0,0.0
2023-10-09,住之江,1,一般戦,5,4016,西川新太,43,愛知,54,B1,5.71,40.4,4.25,20.0,68,32.79,56,28.57,曇り,北東,2,1,6.98,4,逃げ,5,0.11,1.54.4,0.17625,0.1588741721854304,1,24,6,7,0,0,0,0,1,0,0,0,0.041666666666666664,0.25,0.2916666666666667,0.0,0.0,0.0,0.0,0.041666666666666664,0.0,0.0,0.0
2023-10-09,住之江,1,一般戦,6,4439,近藤友宝,37,埼玉,53,B1,4.38,23.16,2.82,9.09,23,29.92,73,35.14,曇り,北東,2,1,7.0,5,逃げ,6,0.17,1.56.1,0.1788461538461538,0.1786813186813187,0,26,0,5,0,0,0,0,0,0,0,0,0.0,0.0,0.19230769230769232,0.0,0.0,0.0,0.0,0.0,0.0,0.0,0.0
2023-10-09,住之江,2,一般戦,1,4202,浮田圭浩,41,岡山,54,B1,4.35,21.74,3.94,12.5,80,23.81,82,40.71,雨,無風,0,1,6.9,1,逃げ,1,0.17,1.49.6,0.155,0.1873877551020408,18,36,5,4,18,0,0,0,0,8,4,6,0.5,0.1388888888888889,0.1111111111111111,0.5,0.0,0.0,0.0,0.0,0.2222222222222222,0.1111111111111111,0.16666666666666666
2023-10-09,住之江,2,一般戦,2,3523,寳田亮治,54,福岡,53,A2,4.83,27.14,0.0,0.0,89,35.2,63,40.0,雨,無風,0,1,6.91,2,逃げ,2,0.2,1.50.6,0.1448387096774193,0.1579057591623036,4,31,10,4,0,14,3,1,0,0,0,0,0.12903225806451613,0.3225806451612903,0.12903225806451613,0.0,0.45161290322580644,0.0967741935483871,0.03225806451612903,0.0,0.0,0.0,0.0
2023-10-09,住之江,2,一般戦,3,4023,柴田友和,46,福岡,53,B1,4.11,18.56,2.6,0.0,71,36.8,68,27.59,雨,無風,0,1,6.94,4,逃げ,4,0.2,1.53.9,0.1634146341463414,0.1757142857142857,3,41,5,9,0,0,1,1,1,0,0,0,0.07317073170731707,0.12195121951219512,0.21951219512195122,0.0,0.0,0.024390243902439025,0.024390243902439025,0.024390243902439025,0.0,0.0,0.0
2023-10-09,住之江,2,一般戦,4,3981,今坂晃広,46,静岡,52,B1,3.86,23.23,3.3,21.74,62,37.9,10,29.91,雨,無風,0,1,7.0,6,逃げ,5,0.15,1.56.6,0.1538461538461538,0.1689861751152074,3,39,4,4,0,0,2,1,0,0,0,0,0.07692307692307693,0.10256410256410256,0.10256410256410256,0.0,0.0,0.05128205128205128,0.02564102564102564,0.0,0.0,0.0,0.0
2023-10-09,住之江,2,一般戦,5,3881,浦上拓也,50,大阪,52,A2,4.62,26.36,5.27,37.5,22,32.8,76,43.97,雨,無風,0,1,6.87,3,逃げ,3,0.16,1.52.8,0.1674509803921569,0.1572377622377622,3,51,5,11,0,0,2,0,1,0,0,0,0.058823529411764705,0.09803921568627451,0.21568627450980393,0.0,0.0,0.0392156862745098,0.0,0.0196078431372549,0.0,0.0,0.0
2023-10-09,住之江,2,一般戦,6,5289,佃　來紀,22,大阪,51,B2,2.72,5.75,2.69,12.5,64,34.15,26,22.03,雨,無風,0,1,6.93,5,逃げ,6,0.18,1.54.4,0.1832203389830508,0.1886516853932584,0,59,4,6,0,0,0,0,0,0,0,0,0.0,0.06779661016949153,0.1016949152542373,0.0,0.0,0.0,0.0,0.0,0.0,0.0,0.0
2023-10-09,住之江,3,一般戦,1,4226,村田浩司,41,山口,53,B1,4.36,25.26,4.0,25.0,65,39.84,24,26.67,雨,北東,1,1,6.85,6,まくり,1,0.16,1.56.5,0.1711111111111111,0.1670935960591133,14,27,5,1,11,0,1,0,0,5,4,3,0.5185185185185185,0.18518518518518517,0.037037037037037035,0.4074074074074074,0.0,0.037037037037037035,0.0,0.0,0.18518518518518517,0.14814814814814814,0.1111111111111111
2023-10-09,住之江,3,一般戦,2,4376,藤田靖弘,39,静岡,52,A1,5.95,38.85,4.93,20.0,51,37.6,66,37.84,雨,北東,1,1,6.9,3,まくり,2,0.09,1.52.6,0.1474,0.157891156462585,11,50,13,12,0,17,8,2,0,0,0,0,0.22,0.26,0.24,0.0,0.34,0.16,0.04,0.0,0.0,0.0,0.0
2023-10-09,住之江,3,一般戦,3,4272,大場広孝,41,福岡,58,B1,5.24,29.6,5.75,40.63,11,32.8,12,35.65,雨,北東,1,1,6.91,1,まくり,3,0.09,1.49.7,0.13375,0.1591780821917808,6,48,12,15,0,0,0,4,1,0,0,0,0.125,0.25,0.3125,0.0,0.0,0.0,0.08333333333333333,0.020833333333333332,0.0,0.0,0.0
2023-10-09,住之江,3,一般戦,4,5074,大澤誠也,27,愛知,54,B1,5.41,34.91,6.1,50.0,82,25.81,13,37.38,雨,北東,1,1,6.92,4,まくり,4,0.03,1.54.2,0.1564,0.1621611721611721,6,50,7,12,0,0,0,4,2,0,0,0,0.12,0.14,0.24,0.0,0.0,0.0,0.08,0.04,0.0,0.0,0.0
2023-10-09,住之江,3,一般戦,5,3888,山本英志,48,東京,50,A2,5.96,42.42,6.08,38.89,67,33.33,70,33.06,雨,北東,1,1,6.96,2,まくり,5,0.01,1.51.1,0.1432653061224489,0.1503610108303249,5,49,5,10,0,0,0,1,2,0,0,0,0.10204081632653061,0.10204081632653061,0.20408163265306123,0.0,0.0,0.0,0.02040816326530612,0.04081632653061224,0.0,0.0,0.0
2023-10-09,住之江,3,一般戦,6,3539,金子順一,55,山口,52,B1,4.07,18.97,0.0,0.0,52,26.98,61,33.33,雨,北東,1,1,6.95,5,まくり,6,0.03,1.55.6,0.23,0.1969709543568464,2,32,1,3,0,0,0,1,1,0,0,0,0.0625,0.03125,0.09375,0.0,0.0,0.0,0.03125,0.03125,0.0,0.0,0.0
2023-10-09,住之江,4,一般戦,1,5187,小坂風太,23,福井,51,B2,4.43,23.26,0.0,0.0,26,41.8,22,38.26,雨,北,1,1,6.85,4,差し,1,0.16,1.53.1,0.1736363636363636,0.1825,9,22,5,3,8,0,0,0,0,4,5,3,0.4090909090909091,0.22727272727272727,0.13636363636363635,0.36363636363636365,0.0,0.0,0.0,0.0,0.18181818181818182,0.22727272727272727,0.13636363636363635
2023-10-09,住之江,4,一般戦,2,4033,伊藤将吉,45,静岡,52,A1,6.51,51.43,6.45,45.95,56,23.58,14,28.57,雨,北,1,1,6.86,1,差し,2,0.12,1.50.0,0.1306818181818181,0.1328,12,44,4,8,0,18,6,4,1,0,0,0,0.2727272727272727,0.09090909090909091,0.18181818181818182,0.0,0.4090909090909091,0.13636363636363635,0.09090909090909091,0.022727272727272728,0.0,0.0,0.0
2023-10-09,住之江,4,一般戦,3,4618,乃村康友,40,三重,55,B1,5.45,34.71,5.5,44.44,53,46.72,53,31.45,雨,北,1,1,6.92,2,差し,3,0.17,1.50.9,0.1752380952380952,0.1764978902953586,1,42,9,8,0,0,0,0,1,0,0,0,0.023809523809523808,0.21428571428571427,0.19047619047619047,0.0,0.0,0.0,0.0,0.023809523809523808,0.0,0.0,0.0
2023-10-09,住之江,4,一般戦,4,3556,田中信一,50,大阪,53,A1,7.3,56.74,6.55,46.75,17,38.02,72,26.32,雨,北,1,1,6.89,3,差し,4,0.12,1.52.3,0.1558,0.1437620578778135,7,50,14,14,0,0,1,1,2,0,0,0,0.14,0.28,0.28,0.0,0.0,0.02,0.02,0.04,0.0,0.0,0.0
2023-10-09,住之江,4,一般戦,5,5054,佐々木大,27,大阪,51,B1,5.06,30.0,4.29,25.51,34,34.45,23,35.04,雨,北,1,1,6.9,5,差し,5,0.16,1.55.3,0.1619230769230769,0.1672727272727272,3,26,4,5,0,0,0,0,3,0,0,0,0.11538461538461539,0.15384615384615385,0.19230769230769232,0.0,0.0,0.0,0.0,0.11538461538461539,0.0,0.0,0.0
2023-10-09,住之江,4,一般戦,6,4410,井上大輔,37,岡山,51,B1,4.82,31.82,3.93,20.0,10,26.96,51,33.9,雨,北,1,1,6.94,6,差し,6,0.19,1.56.4,0.1672222222222222,0.1598023715415019,2,36,3,7,0,0,0,2,0,0,0,0,0.05555555555555555,0.08333333333333333,0.19444444444444445,0.0,0.0,0.0,0.05555555555555555,0.0,0.0,0.0,0.0
2023-10-09,住之江,5,住之江ファイ,1,4189,川上　剛,42,福岡,56,A2,6.54,47.89,8.0,62.5,66,42.15,65,26.27,雨,北東,2,1,6.81,1,逃げ,1,0.24,1.50.4,0.1607042253521126,0.1608910891089109,52,71,8,5,50,0,0,0,0,8,4,7,0.7323943661971831,0.11267605633802817,0.07042253521126761,0.704225352112676,0.0,0.0,0.0,0.0,0.11267605633802817,0.056338028169014086,0.09859154929577464
2023-10-09,住之江,5,住之江ファイ,2,5004,河野主樹,27,大阪,52,B1,4.4,29.03,4.36,21.25,24,30.33,33,32.48,雨,北東,2,1,6.92,5,逃げ,6,0.42,1.54.6,0.1338235294117647,0.1529569892473118,6,34,12,1,0,18,1,4,0,0,0,0,0.17647058823529413,0.35294117647058826,0.029411764705882353,0.0,0.5294117647058824,0.029411764705882353,0.11764705882352941,0.0,0.0,0.0,0.0
2023-10-09,住之江,5,住之江ファイ,3,3726,桂林　寛,52,福岡,53,B1,5.08,35.0,5.11,44.44,77,33.06,84,43.86,雨,北東,2,1,6.95,3,逃げ,2,0.24,1.52.7,0.1419444444444444,0.155615763546798,6,36,15,2,0,0,0,4,2,0,0,0,0.16666666666666666,0.4166666666666667,0.05555555555555555,0.0,0.0,0.0,0.1111111111111111,0.05555555555555555,0.0,0.0,0.0
2023-10-09,住之江,5,住之江ファイ,4,3901,松田憲幸,46,山口,53,B1,4.24,17.5,5.71,50.0,60,28.0,78,26.36,雨,北東,2,1,6.95,4,逃げ,3,0.38,1.53.6,0.2102631578947368,0.1938139534883721,2,38,7,7,0,0,1,0,1,0,0,0,0.05263157894736842,0.18421052631578946,0.18421052631578946,0.0,0.0,0.02631578947368421,0.0,0.02631578947368421,0.0,0.0,0.0
2023-10-09,住之江,5,住之江ファイ,5,4197,渥美卓郎,41,静岡,54,B1,3.67,11.58,3.73,4.55,21,32.54,38,30.7,雨,北東,2,1,6.96,6,逃げ,4,0.44,1.57.4,0.1983870967741935,0.2060893854748603,0,31,0,2,0,0,0,0,0,0,0,0,0.0,0.0,0.06451612903225806,0.0,0.0,0.0,0.0,0.0,0.0,0.0,0.0
2023-10-09,住之江,5,住之江ファイ,6,3951,石川吉鎬,47,大阪,55,A2,5.23,28.7,5.85,37.5,85,36.59,39,24.58,雨,北東,2,1,6.91,2,逃げ,5,0.37,1.51.0,0.1992682926829268,0.1801581027667984,0,41,4,6,0,0,0,0,0,0,0,0,0.0,0.0975609756097561,0.14634146341463414,0.0,0.0,0.0,0.0,0.0,0.0,0.0,0.0
2023-10-09,住之江,6,一般戦,1,4184,渡邊雄一,37,大阪,52,A1,6.49,47.83,5.94,42.31,28,29.27,50,39.5,雨,無風,0,1,6.87,1,逃げ,1,0.11,1.49.9,0.1548148148148148,0.1530952380952381,36,54,8,4,35,0,0,0,0,6,9,1,0.6666666666666666,0.14814814814814814,0.07407407407407407,0.6481481481481481,0.0,0.0,0.0,0.0,0.1111111111111111,0.16666666666666666,0.018518518518518517
2023-10-09,住之江,6,一般戦,2,4076,杉田篤光,45,静岡,51,A2,5.75,38.14,5.52,36.0,88,41.73,35,35.45,雨,無風,0,1,6.89,3,逃げ,2,0.1,1.52.5,0.1742553191489361,0.1886267605633803,7,47,13,11,0,17,3,3,0,0,0,0,0.14893617021276595,0.2765957446808511,0.23404255319148937,0.0,0.3617021276595745,0.06382978723404255,0.06382978723404255,0.0,0.0,0.0,0.0
2023-10-09,住之江,6,一般戦,3,4979,中野夢斗,27,愛知,53,B1,4.43,27.52,4.4,26.67,55,33.86,11,44.83,雨,無風,0,1,6.97,4,逃げ,3,0.15,1.53.2,0.16,0.1657466063348416,2,38,8,13,0,0,0,0,2,0,0,0,0.05263157894736842,0.21052631578947367,0.34210526315789475,0.0,0.0,0.0,0.0,0.05263157894736842,0.0,0.0,0.0
2023-10-09,住之江,6,一般戦,4,4856,豊田健士,27,三重,52,A1,6.91,52.42,6.77,54.55,79,39.06,94,32.17,雨,無風,0,1,6.92,2,逃げ,4,0.13,1.50.9,0.135813953488372,0.1408058608058608,13,43,7,11,0,0,4,3,4,0,0,0,0.3023255813953488,0.16279069767441862,0.2558139534883721,0.0,0.0,0.09302325581395349,0.06976744186046512,0.09302325581395349,0.0,0.0,0.0
2023-10-09,住之江,6,一般戦,5,5035,櫻井　優,25,埼玉,52,B1,4.82,31.86,0.0,0.0,39,31.09,37,48.28,雨,無風,0,1,6.95,5,逃げ,5,0.18,1.54.9,0.1764102564102564,0.1795215311004784,4,39,2,10,0,0,0,2,2,0,0,0,0.10256410256410256,0.05128205128205128,0.2564102564102564,0.0,0.0,0.0,0.05128205128205128,0.05128205128205128,0.0,0.0,0.0
2023-10-09,住之江,6,一般戦,6,4258,関根彰人,39,埼玉,50,B1,5.06,23.96,4.71,17.65,70,30.65,16,27.68,雨,無風,0,1,6.97,6,逃げ,6,0.31,1.56.1,0.1896774193548387,0.1888888888888888,1,31,0,9,0,0,0,0,0,0,0,0,0.03225806451612903,0.0,0.2903225806451613,0.0,0.0,0.0,0.0,0.0,0.0,0.0,0.0
2023-10-09,住之江,7,一般戦,1,4912,中山将太,27,福井,53,B1,5.09,27.96,6.02,45.24,36,38.84,90,43.7,雨,北,1,1,6.93,1,逃げ,1,0.15,1.50.5,0.1269565217391304,0.1494086021505376,11,23,5,2,10,0,0,0,0,3,3,6,0.4782608695652174,0.21739130434782608,0.08695652173913043,0.43478260869565216,0.0,0.0,0.0,0.0,0.13043478260869565,0.13043478260869565,0.2608695652173913
2023-10-09,住之江,7,一般戦,2,4064,原田篤志,43,山口,51,A1,6.82,52.31,5.89,27.78,59,25.6,67,38.94,雨,北,1,1,6.94,2,逃げ,2,0.13,1.51.5,0.1431914893617021,0.1555016181229773,10,47,15,8,0,28,5,5,0,0,0,0,0.2127659574468085,0.3191489361702128,0.1702127659574468,0.0,0.5957446808510638,0.10638297872340426,0.10638297872340426,0.0,0.0,0.0,0.0
2023-10-09,住之江,7,一般戦,3,4962,畑　竜生,27,三重,52,B1,5.22,35.62,4.65,20.0,18,35.77,18,34.17,雨,北,1,1,6.89,3,逃げ,3,0.14,1.52.2,0.1458974358974359,0.1520183486238532,5,39,7,9,0,0,0,2,2,0,0,0,0.1282051282051282,0.1794871794871795,0.23076923076923078,0.0,0.0,0.0,0.05128205128205128,0.05128205128205128,0.0,0.0,0.0
2023-10-09,住之江,7,一般戦,4,5033,藤原孝斗,25,愛知,57,B1,4.14,21.49,1.33,0.0,38,35.71,36,23.01,雨,北,1,1,7.01,5,逃げ,4,0.1,1.55.1,0.1820454545454545,0.1810989010989011,1,44,4,10,0,0,1,0,0,0,0,0,0.022727272727272728,0.09090909090909091,0.22727272727272727,0.0,0.0,0.022727272727272728,0.0,0.0,0.0,0.0,0.0
2023-10-09,住之江,7,一般戦,5,4601,森野正弘,38,山口,53,A1,6.17,47.62,6.26,52.63,27,36.51,85,40.87,雨,北,1,1,6.87,4,逃げ,5,0.14,1.52.8,0.15375,0.1464680851063829,1,32,7,7,0,0,0,0,1,0,0,0,0.03125,0.21875,0.21875,0.0,0.0,0.0,0.0,0.03125,0.0,0.0,0.0
2023-10-09,住之江,7,一般戦,6,4023,柴田友和,46,福岡,53,B1,4.11,18.56,2.6,0.0,71,36.8,68,27.59,雨,北,1,1,6.95,6,逃げ,6,0.17,1.56.7,0.1941935483870968,0.1757142857142857,0,31,0,4,0,0,0,0,0,0,0,0,0.0,0.0,0.12903225806451613,0.0,0.0,0.0,0.0,0.0,0.0,0.0,0.0
2023-10-09,住之江,8,一般戦,1,5098,大江　純,27,愛知,54,B1,4.56,24.39,2.57,7.14,20,31.71,20,40.18,雨,北東,1,1,6.89,1,逃げ,1,0.02,1.49.6,0.1426923076923077,0.1548792270531401,10,26,5,6,9,0,0,0,0,3,7,4,0.38461538461538464,0.19230769230769232,0.23076923076923078,0.34615384615384615,0.0,0.0,0.0,0.0,0.11538461538461539,0.2692307692307692,0.15384615384615385
2023-10-09,住之江,8,一般戦,2,4506,稗田聖也,35,福岡,52,A2,4.91,33.72,5.7,40.0,12,33.59,83,32.79,雨,北東,1,1,6.92,2,逃げ,3,0.15,1.50.4,0.1543589743589743,0.1469709543568464,7,39,13,5,0,18,4,1,0,0,0,0,0.1794871794871795,0.3333333333333333,0.1282051282051282,0.0,0.46153846153846156,0.10256410256410256,0.02564102564102564,0.0,0.0,0.0,0.0
2023-10-09,住之江,8,一般戦,3,3591,後藤孝義,55,静岡,52,B1,3.31,9.88,4.12,23.53,86,32.5,79,16.81,雨,北東,1,1,6.88,4,逃げ,4,0.25,1.54.0,0.1794444444444444,0.1803076923076923,2,36,3,6,0,0,0,1,0,0,0,0,0.05555555555555555,0.08333333333333333,0.16666666666666666,0.0,0.0,0.0,0.027777777777777776,0.0,0.0,0.0,0.0
2023-10-09,住之江,8,一般戦,4,5054,佐々木大,27,大阪,51,B1,5.06,30.0,4.29,25.51,34,34.45,23,35.04,雨,北東,1,1,6.85,6,逃げ,5,0.21,1.56.5,0.1793333333333333,0.1672727272727272,6,30,3,4,0,0,1,2,0,0,0,0,0.2,0.1,0.13333333333333333,0.0,0.0,0.03333333333333333,0.06666666666666667,0.0,0.0,0.0,0.0
2023-10-09,住之江,8,一般戦,5,3415,松井　繁,53,大阪,51,A1,6.95,44.14,6.97,50.0,54,36.59,59,35.54,雨,北東,1,1,6.88,3,逃げ,2,0.13,1.52.6,0.1680555555555555,0.1591760299625468,2,36,10,7,0,0,1,0,1,0,0,0,0.05555555555555555,0.2777777777777778,0.19444444444444445,0.0,0.0,0.027777777777777776,0.0,0.027777777777777776,0.0,0.0,0.0
2023-10-09,住之江,8,一般戦,6,4202,浮田圭浩,41,岡山,54,B1,4.35,21.74,3.94,12.5,80,23.81,82,40.71,雨,北東,1,1,6.93,5,逃げ,6,0.29,1.55.0,0.2091666666666666,0.1873877551020408,0,36,1,4,0,0,0,0,0,0,0,0,0.0,0.027777777777777776,0.1111111111111111,0.0,0.0,0.0,0.0,0.0,0.0,0.0,0.0
2023-10-09,住之江,9,準優勝戦,1,4410,井上大輔,37,岡山,51,B1,4.82,31.82,3.93,20.0,10,26.96,51,33.9,曇り,無風,0,1,6.91,1,逃げ,1,0.25,1.50.6,0.1602380952380952,0.1598023715415019,21,42,12,3,21,0,0,0,0,8,6,5,0.5,0.2857142857142857,0.07142857142857142,0.5,0.0,0.0,0.0,0.0,0.19047619047619047,0.14285714285714285,0.11904761904761904
2023-10-09,住之江,9,準優勝戦,2,4016,西川新太,43,愛知,54,B1,5.71,40.4,4.25,20.0,68,32.79,56,28.57,曇り,無風,0,1,6.92,3,逃げ,2,0.23,1.52.1,0.1475,0.1588741721854304,3,24,7,6,0,13,2,1,0,0,0,0,0.125,0.2916666666666667,0.25,0.0,0.5416666666666666,0.08333333333333333,0.041666666666666664,0.0,0.0,0.0,0.0
2023-10-09,住之江,9,準優勝戦,3,4226,村田浩司,41,山口,53,B1,4.36,25.26,4.0,25.0,65,39.84,24,26.67,曇り,無風,0,1,6.84,6,逃げ,3,0.2,1.56.8,0.1475757575757575,0.1670935960591133,3,33,4,5,0,0,0,1,1,0,0,0,0.09090909090909091,0.12121212121212122,0.15151515151515152,0.0,0.0,0.0,0.030303030303030304,0.030303030303030304,0.0,0.0,0.0
2023-10-09,住之江,9,準優勝戦,4,4411,沢田昭宏,37,大阪,53,B1,5.34,31.2,5.86,41.11,83,29.92,77,41.59,曇り,無風,0,1,6.96,4,逃げ,4,0.14,1.53.7,0.1661224489795918,0.1726978417266187,5,49,6,8,0,0,1,1,3,0,0,0,0.10204081632653061,0.12244897959183673,0.16326530612244897,0.0,0.0,0.02040816326530612,0.02040816326530612,0.061224489795918366,0.0,0.0,0.0
2023-10-09,住之江,9,準優勝戦,5,4033,伊藤将吉,45,静岡,52,A1,6.51,51.43,6.45,45.95,56,23.58,14,28.57,曇り,無風,0,1,6.89,5,逃げ,5,0.13,1.55.1,0.1305263157894736,0.1328,3,38,7,4,0,0,0,0,3,0,0,0,0.07894736842105263,0.18421052631578946,0.10526315789473684,0.0,0.0,0.0,0.0,0.07894736842105263,0.0,0.0,0.0
2023-10-09,住之江,9,準優勝戦,6,4189,川上　剛,42,福岡,56,A2,6.54,47.89,8.0,62.5,66,42.15,65,26.27,曇り,無風,0,1,6.81,2,逃げ,6,0.18,1.51.5,0.174047619047619,0.1608910891089109,2,42,5,14,0,0,1,1,0,0,0,0,0.047619047619047616,0.11904761904761904,0.3333333333333333,0.0,0.0,0.023809523809523808,0.023809523809523808,0.0,0.0,0.0,0.0
2023-10-09,住之江,10,準優勝戦,1,3951,石川吉鎬,47,大阪,55,A2,5.23,28.7,5.85,37.5,85,36.59,39,24.58,曇り,無風,0,1,6.9,1,逃げ,1,0.2,1.49.7,0.1656521739130435,0.1801581027667984,22,46,12,4,21,0,0,0,0,8,5,8,0.4782608695652174,0.2608695652173913,0.08695652173913043,0.45652173913043476,0.0,0.0,0.0,0.0,0.17391304347826086,0.10869565217391304,0.17391304347826086
2023-10-09,住之江,10,準優勝戦,2,3881,浦上拓也,50,大阪,52,A2,4.62,26.36,5.27,37.5,22,32.8,76,43.97,曇り,無風,0,1,6.89,3,逃げ,2,0.18,1.52.4,0.1509433962264151,0.1572377622377622,10,53,17,7,1,28,7,1,0,0,0,0,0.18867924528301888,0.32075471698113206,0.1320754716981132,0.018867924528301886,0.5283018867924528,0.1320754716981132,0.018867924528301886,0.0,0.0,0.0,0.0
2023-10-09,住之江,10,準優勝戦,3,3981,今坂晃広,46,静岡,52,B1,3.86,23.23,3.3,21.74,62,37.9,10,29.91,曇り,無風,0,1,6.93,6,逃げ,3,0.22,1.56.2,0.1602439024390244,0.1689861751152074,3,41,12,4,0,0,1,2,0,0,0,0,0.07317073170731707,0.2926829268292683,0.0975609756097561,0.0,0.0,0.024390243902439025,0.04878048780487805,0.0,0.0,0.0,0.0
2023-10-09,住之江,10,準優勝戦,4,4376,藤田靖弘,39,静岡,52,A1,5.95,38.85,4.93,20.0,51,37.6,66,37.84,曇り,無風,0,1,6.91,4,逃げ,4,0.14,1.53.2,0.1502,0.157891156462585,7,50,9,11,0,0,2,2,3,0,0,0,0.14,0.18,0.22,0.0,0.0,0.04,0.04,0.06,0.0,0.0,0.0
2023-10-09,住之江,10,準優勝戦,5,4618,乃村康友,40,三重,55,B1,5.45,34.71,5.5,44.44,53,46.72,53,31.45,曇り,無風,0,1,6.89,5,逃げ,6,0.17,1.54.0,0.1651219512195122,0.1764978902953586,6,41,4,12,0,0,0,1,4,0,0,0,0.14634146341463414,0.0975609756097561,0.2926829268292683,0.0,0.0,0.0,0.024390243902439025,0.0975609756097561,0.0,0.0,0.0
2023-10-09,住之江,10,準優勝戦,6,4184,渡邊雄一,37,大阪,52,A1,6.49,47.83,5.94,42.31,28,29.27,50,39.5,曇り,無風,0,1,6.92,2,逃げ,5,0.15,1.50.4,0.1511111111111111,0.1530952380952381,3,36,5,14,0,0,0,2,1,0,0,0,0.08333333333333333,0.1388888888888889,0.3888888888888889,0.0,0.0,0.0,0.05555555555555555,0.027777777777777776,0.0,0.0,0.0
2023-10-09,住之江,11,準優勝戦,1,4856,豊田健士,27,三重,52,A1,6.91,52.42,6.77,54.55,79,39.06,94,32.17,雨,無風,0,1,6.82,1,逃げ,1,0.16,1.49.4,0.1418181818181818,0.1408058608058608,51,66,7,2,51,0,0,0,0,5,7,3,0.7727272727272727,0.10606060606060606,0.030303030303030304,0.7727272727272727,0.0,0.0,0.0,0.0,0.07575757575757576,0.10606060606060606,0.045454545454545456
2023-10-09,住之江,11,準優勝戦,2,3888,山本英志,48,東京,50,A2,5.96,42.42,6.08,38.89,67,33.33,70,33.06,雨,無風,0,1,6.86,2,逃げ,2,0.14,1.50.3,0.1454347826086956,0.1503610108303249,11,46,10,7,0,21,8,2,0,0,0,0,0.2391304347826087,0.21739130434782608,0.15217391304347827,0.0,0.45652173913043476,0.17391304347826086,0.043478260869565216,0.0,0.0,0.0,0.0
2023-10-09,住之江,11,準優勝戦,3,3556,田中信一,50,大阪,53,A1,7.3,56.74,6.55,46.75,17,38.02,72,26.32,雨,無風,0,1,6.9,3,逃げ,3,0.15,1.52.1,0.1396078431372549,0.1437620578778135,16,51,17,7,0,0,2,8,5,0,0,0,0.3137254901960784,0.3333333333333333,0.13725490196078433,0.0,0.0,0.0392156862745098,0.1568627450980392,0.09803921568627451,0.0,0.0,0.0
2023-10-09,住之江,11,準優勝戦,4,3726,桂林　寛,52,福岡,53,B1,5.08,35.0,5.11,44.44,77,33.06,84,43.86,雨,無風,0,1,6.95,6,逃げ,4,0.16,1.57.2,0.1536111111111111,0.155615763546798,2,36,4,4,0,0,0,2,0,0,0,0,0.05555555555555555,0.1111111111111111,0.1111111111111111,0.0,0.0,0.0,0.05555555555555555,0.0,0.0,0.0,0.0
2023-10-09,住之江,11,準優勝戦,5,4076,杉田篤光,45,静岡,51,A2,5.75,38.14,5.52,36.0,88,41.73,35,35.45,雨,無風,0,1,6.86,4,逃げ,5,0.22,1.52.9,0.1833333333333333,0.1886267605633803,4,39,5,5,0,0,0,0,3,0,0,0,0.10256410256410256,0.1282051282051282,0.1282051282051282,0.0,0.0,0.0,0.0,0.07692307692307693,0.0,0.0,0.0
2023-10-09,住之江,11,準優勝戦,6,4077,品田直樹,44,東京,51,B1,4.84,29.81,3.44,25.0,37,21.09,80,36.89,雨,無風,0,1,6.91,5,逃げ,6,0.24,1.54.3,0.1970967741935484,0.1798134328358208,0,31,3,8,0,0,0,0,0,0,0,0,0.0,0.0967741935483871,0.25806451612903225,0.0,0.0,0.0,0.0,0.0,0.0,0.0,0.0
2023-10-09,住之江,12,一般戦,1,3415,松井　繁,53,大阪,51,A1,6.95,44.14,6.97,50.0,54,36.59,59,35.54,曇り,無風,0,1,6.91,1,逃げ,1,0.23,1.49.1,0.1449180327868852,0.1591760299625468,40,61,8,5,35,0,0,0,0,8,4,6,0.6557377049180327,0.13114754098360656,0.08196721311475409,0.5737704918032787,0.0,0.0,0.0,0.0,0.13114754098360656,0.06557377049180328,0.09836065573770492
2023-10-09,住之江,12,一般戦,2,4197,渥美卓郎,41,静岡,54,B1,3.67,11.58,3.73,4.55,21,32.54,38,30.7,曇り,無風,0,1,6.9,3,逃げ,2,0.27,1.53.1,0.1957575757575757,0.2060893854748603,0,33,4,8,0,14,0,0,0,0,0,0,0.0,0.12121212121212122,0.24242424242424243,0.0,0.42424242424242425,0.0,0.0,0.0,0.0,0.0,0.0
2023-10-09,住之江,12,一般戦,3,3901,松田憲幸,46,山口,53,B1,4.24,17.5,5.71,50.0,60,28.0,78,26.36,曇り,無風,0,1,6.9,2,逃げ,3,0.25,1.52.0,0.1865853658536585,0.1938139534883721,0,41,6,14,0,0,0,0,0,0,0,0,0.0,0.14634146341463414,0.34146341463414637,0.0,0.0,0.0,0.0,0.0,0.0,0.0,0.0
2023-10-09,住之江,12,一般戦,4,4258,関根彰人,39,埼玉,50,B1,5.06,23.96,4.71,17.65,70,30.65,16,27.68,曇り,無風,0,1,6.91,4,逃げ,4,0.27,1.53.6,0.208780487804878,0.1888888888888888,1,41,3,11,0,0,1,0,0,0,0,0,0.024390243902439025,0.07317073170731707,0.2682926829268293,0.0,0.0,0.024390243902439025,0.0,0.0,0.0,0.0,0.0
2023-10-09,住之江,12,一般戦,5,4979,中野夢斗,27,愛知,53,B1,4.43,27.52,4.4,26.67,55,33.86,11,44.83,曇り,無風,0,1,6.94,6,逃げ,5,0.25,1.56.4,0.1547058823529411,0.1657466063348416,2,34,2,5,0,0,0,0,2,0,0,0,0.058823529411764705,0.058823529411764705,0.14705882352941177,0.0,0.0,0.0,0.0,0.058823529411764705,0.0,0.0,0.0
2023-10-09,住之江,12,一般戦,6,4912,中山将太,27,福井,53,B1,5.09,27.96,6.02,45.24,36,38.84,90,43.7,曇り,無風,0,1,6.92,5,逃げ,6,0.27,1.54.3,0.1775757575757575,0.1494086021505376,0,33,3,6,0,0,0,0,0,0,0,0,0.0,0.09090909090909091,0.18181818181818182,0.0,0.0,0.0,0.0,0.0,0.0,0.0,0.0
2023-10-09,三国,1,みくにあさイ,1,4842,山下昂大,31,岡山,55,A1,6.21,44.26,6.28,50.0,64,33.33,29,30.08,雨,南東,3,2,6.63,1,逃げ,1,0.15,1.48.2,0.12625,0.1385920577617328,24,48,13,7,22,0,0,2,0,3,8,9,0.5,0.2708333333333333,0.14583333333333334,0.4583333333333333,0.0,0.0,0.041666666666666664,0.0,0.0625,0.16666666666666666,0.1875
2023-10-09,三国,1,みくにあさイ,2,3226,浦田信義,58,東京,51,B1,4.83,25.89,5.63,37.5,67,27.86,52,30.53,雨,南東,3,2,6.59,2,逃げ,2,0.11,1.50.3,0.1528571428571428,0.1711894273127753,2,42,7,10,0,25,2,0,0,0,0,0,0.047619047619047616,0.16666666666666666,0.23809523809523808,0.0,0.5952380952380952,0.047619047619047616,0.0,0.0,0.0,0.0,0.0
2023-10-09,三国,1,みくにあさイ,3,4952,吉武真也,29,福岡,53,B1,4.21,13.89,0.0,0.0,69,28.57,68,24.63,雨,南東,3,2,6.59,3,逃げ,3,0.09,1.51.7,0.1418518518518518,0.1463398692810457,0,27,2,7,0,0,0,0,0,0,0,0,0.0,0.07407407407407407,0.25925925925925924,0.0,0.0,0.0,0.0,0.0,0.0,0.0,0.0
2023-10-09,三国,1,みくにあさイ,4,3781,秋元　誠,47,福井,54,B1,5.01,32.53,4.55,27.52,40,38.52,65,28.89,雨,南東,3,2,6.65,4,逃げ,4,0.08,1.52.3,0.133,0.1300523560209424,4,30,5,5,0,0,1,1,2,0,0,0,0.13333333333333333,0.16666666666666666,0.16666666666666666,0.0,0.0,0.03333333333333333,0.03333333333333333,0.06666666666666667,0.0,0.0,0.0
2023-10-09,三国,1,みくにあさイ,5,4978,山田和佐,29,広島,52,B1,4.14,19.77,4.78,44.44,29,31.88,23,29.41,雨,南東,3,2,6.63,6,逃げ,5,0.12,.  .,0.1596153846153846,0.1598863636363636,1,26,3,3,0,0,0,0,1,0,0,0,0.038461538461538464,0.11538461538461539,0.11538461538461539,0.0,0.0,0.0,0.0,0.038461538461538464,0.0,0.0,0.0
2023-10-09,三国,1,みくにあさイ,6,5134,大原祥昌,24,広島,53,B1,4.91,28.57,2.39,10.71,49,23.2,15,41.35,雨,南東,3,2,6.63,5,逃げ,6,0.13,.  .,0.1554285714285714,0.1614438502673796,1,35,4,5,0,0,0,0,1,0,0,0,0.02857142857142857,0.11428571428571428,0.14285714285714285,0.0,0.0,0.0,0.0,0.02857142857142857,0.0,0.0,0.0
2023-10-09,三国,2,みくにあさガ,1,3635,石田政吾,52,福井,52,A2,6.01,36.0,5.8,41.58,54,37.41,38,33.33,雨,南東,2,1,6.59,2,差し,1,0.06,1.50.0,0.1565454545454545,0.1526530612244898,32,55,11,6,31,0,0,0,0,6,9,7,0.5818181818181818,0.2,0.10909090909090909,0.5636363636363636,0.0,0.0,0.0,0.0,0.10909090909090909,0.16363636363636364,0.12727272727272726
2023-10-09,三国,2,みくにあさガ,2,3300,川崎智幸,56,岡山,52,A1,6.23,44.62,5.25,25.0,31,37.12,12,34.62,雨,南東,2,1,6.61,1,差し,2,0.09,1.48.2,0.1419607843137255,0.1482950819672131,11,51,18,12,0,30,10,0,0,0,0,0,0.21568627450980393,0.35294117647058826,0.23529411764705882,0.0,0.5882352941176471,0.19607843137254902,0.0,0.0,0.0,0.0,0.0
2023-10-09,三国,2,みくにあさガ,3,4248,岡本　大,41,長崎,55,B1,4.2,19.47,0.0,0.0,52,38.26,14,24.81,雨,南東,2,1,6.57,4,差し,3,0.11,1.53.5,0.1460416666666666,0.1619574468085106,2,48,6,9,0,0,0,0,0,0,0,0,0.041666666666666664,0.125,0.1875,0.0,0.0,0.0,0.0,0.0,0.0,0.0,0.0
2023-10-09,三国,2,みくにあさガ,4,4213,重富伸也,39,長崎,55,B1,4.5,20.51,4.05,0.0,74,31.25,31,39.55,雨,南東,2,1,6.53,5,差し,6,0.15,.  .,0.1868421052631579,0.1770135746606334,5,38,2,3,0,0,0,3,2,0,0,0,0.13157894736842105,0.05263157894736842,0.07894736842105263,0.0,0.0,0.0,0.07894736842105263,0.05263157894736842,0.0,0.0,0.0
2023-10-09,三国,2,みくにあさガ,5,5273,山下拓巳,22,兵庫,52,B2,1.97,1.94,1.78,0.0,47,25.64,43,41.35,雨,南東,2,1,6.61,6,差し,5,0.12,.  .,0.1758181818181818,0.1917587939698492,0,55,1,2,0,0,0,0,0,0,0,0,0.0,0.01818181818181818,0.03636363636363636,0.0,0.0,0.0,0.0,0.0,0.0,0.0,0.0
2023-10-09,三国,2,みくにあさガ,6,4119,泥谷一毅,42,大阪,57,B1,5.4,35.24,4.52,24.24,24,36.3,30,26.55,雨,南東,2,1,6.69,3,差し,4,0.07,1.52.4,0.1793939393939393,0.1483050847457627,1,33,1,1,0,0,0,1,0,0,0,0,0.030303030303030304,0.030303030303030304,0.030303030303030304,0.0,0.0,0.0,0.030303030303030304,0.0,0.0,0.0,0.0
2023-10-09,三国,3,みくにあさズ,1,3054,北川幸典,60,広島,58,A2,5.62,42.62,6.55,54.55,58,33.83,26,22.73,曇り,南東,2,1,6.57,3,まくり,1,0.1,1.51.4,0.1705128205128205,0.1732258064516129,29,39,0,6,29,0,0,0,0,3,5,2,0.7435897435897436,0.0,0.15384615384615385,0.7435897435897436,0.0,0.0,0.0,0.0,0.07692307692307693,0.1282051282051282,0.05128205128205128
2023-10-09,三国,3,みくにあさズ,2,4863,三浦裕貴,34,東京,56,B1,4.87,28.57,4.93,33.33,41,35.76,16,27.82,曇り,南東,2,1,6.65,1,まくり,2,0.09,1.49.4,0.1391428571428571,0.1548387096774193,4,35,12,4,0,20,4,0,0,0,0,0,0.11428571428571428,0.34285714285714286,0.11428571428571428,0.0,0.5714285714285714,0.11428571428571428,0.0,0.0,0.0,0.0,0.0
2023-10-09,三国,3,みくにあさズ,3,4302,西野翔太,40,広島,52,A1,6.38,47.27,6.27,48.48,21,29.46,53,32.58,曇り,南東,2,1,6.59,2,まくり,3,0.16,1.50.6,0.164054054054054,0.1493140794223826,1,37,15,9,0,0,1,0,0,0,0,0,0.02702702702702703,0.40540540540540543,0.24324324324324326,0.0,0.0,0.02702702702702703,0.0,0.0,0.0,0.0,0.0
2023-10-09,三国,3,みくにあさズ,4,4942,柴田朋哉,33,福岡,54,B1,4.28,21.05,0.0,0.0,45,26.77,57,30.3,曇り,南東,2,1,6.59,5,まくり,4,0.28,.  .,0.1923076923076923,0.1821428571428571,2,26,6,6,0,0,0,1,0,0,0,0,0.07692307692307693,0.23076923076923078,0.23076923076923078,0.0,0.0,0.0,0.038461538461538464,0.0,0.0,0.0,0.0
2023-10-09,三国,3,みくにあさズ,5,3620,信濃由行,49,福井,54,B1,4.06,21.35,4.32,21.7,32,31.21,55,37.59,曇り,南東,2,1,6.63,4,まくり,5,0.19,1.52.3,0.1968571428571428,0.1776555023923445,1,35,2,3,0,0,0,0,1,0,0,0,0.02857142857142857,0.05714285714285714,0.08571428571428572,0.0,0.0,0.0,0.0,0.02857142857142857,0.0,0.0,0.0
2023-10-09,三国,3,みくにあさズ,6,4648,木村亮太,39,兵庫,53,B2,5.28,31.4,6.1,41.38,16,26.23,40,45.26,曇り,南東,2,1,6.57,6,まくり,6,0.15,.  .,0.1533333333333333,0.13,0,18,0,8,0,0,0,0,0,0,0,0,0.0,0.0,0.4444444444444444,0.0,0.0,0.0,0.0,0.0,0.0,0.0,0.0
2023-10-09,三国,4,みくにあさ推,1,4692,酒井俊弘,39,福井,53,A2,5.01,32.43,5.25,33.09,55,28.68,35,31.25,曇り,南東,3,2,6.59,2,まくり,1,0.11,1.50.7,0.1208823529411764,0.1358536585365853,15,34,7,4,14,0,0,1,0,3,8,4,0.4411764705882353,0.20588235294117646,0.11764705882352941,0.4117647058823529,0.0,0.0,0.029411764705882353,0.0,0.08823529411764706,0.23529411764705882,0.11764705882352941
2023-10-09,三国,4,みくにあさ推,2,4346,前田健太,38,福岡,58,B1,4.49,26.92,5.5,38.89,71,35.82,66,32.31,曇り,南東,3,2,6.65,3,まくり,2,0.15,1.52.8,0.1823809523809524,0.1594063926940639,3,42,9,7,0,22,2,1,0,0,0,0,0.07142857142857142,0.21428571428571427,0.16666666666666666,0.0,0.5238095238095238,0.047619047619047616,0.023809523809523808,0.0,0.0,0.0,0.0
2023-10-09,三国,4,みくにあさ推,3,4679,植田太一,34,福岡,59,B1,4.81,29.85,5.89,55.56,50,24.55,11,29.71,曇り,南東,3,2,6.67,4,まくり,3,0.22,1.53.4,0.1726923076923077,0.1744578313253012,5,26,5,5,0,0,0,4,0,0,0,0,0.19230769230769232,0.19230769230769232,0.19230769230769232,0.0,0.0,0.0,0.15384615384615385,0.0,0.0,0.0,0.0
2023-10-09,三国,4,みくにあさ推,4,4269,杉山裕也,38,愛知,54,A1,6.7,50.0,6.96,46.67,30,33.33,44,25.0,曇り,南東,3,2,6.55,1,まくり,4,0.22,1.48.9,0.1588888888888888,0.1553046594982078,7,36,10,4,0,0,1,2,3,0,0,0,0.19444444444444445,0.2777777777777778,0.1111111111111111,0.0,0.0,0.027777777777777776,0.05555555555555555,0.08333333333333333,0.0,0.0,0.0
2023-10-09,三国,4,みくにあさ推,5,4138,中井俊祐,43,大阪,53,B1,4.44,23.46,2.89,10.53,39,26.5,18,26.52,曇り,南東,3,2,6.59,6,まくり,5,0.22,.  .,0.1472727272727272,0.1618274111675126,4,33,3,8,0,0,1,1,2,0,0,0,0.12121212121212122,0.09090909090909091,0.24242424242424243,0.0,0.0,0.030303030303030304,0.030303030303030304,0.06060606060606061,0.0,0.0,0.0
2023-10-09,三国,4,みくにあさ推,6,4516,野口勝弘,36,愛知,51,A1,6.97,55.56,6.17,43.4,13,26.96,54,38.93,曇り,南東,3,2,6.61,5,まくり,6,0.28,.  .,0.1825,0.1639615384615384,3,40,5,9,0,0,0,0,3,0,0,0,0.075,0.125,0.225,0.0,0.0,0.0,0.0,0.075,0.0,0.0,0.0
2023-10-09,三国,5,予選,1,4952,吉武真也,29,福岡,53,B1,4.21,13.89,0.0,0.0,69,28.57,68,24.63,曇り,南東,3,2,6.65,4,差し,1,0.16,1.53.4,0.1171428571428571,0.1463398692810457,8,21,3,5,8,0,0,0,0,3,3,5,0.38095238095238093,0.14285714285714285,0.23809523809523808,0.38095238095238093,0.0,0.0,0.0,0.0,0.14285714285714285,0.14285714285714285,0.23809523809523808
2023-10-09,三国,5,予選,2,3484,芝田浩治,51,兵庫,52,A1,5.98,40.35,5.75,35.0,33,29.93,50,30.83,曇り,南東,3,2,6.57,1,差し,2,0.2,1.48.8,0.1675471698113207,0.158956834532374,9,53,13,12,0,23,7,2,0,0,0,0,0.16981132075471697,0.24528301886792453,0.22641509433962265,0.0,0.4339622641509434,0.1320754716981132,0.03773584905660377,0.0,0.0,0.0,0.0
2023-10-09,三国,5,予選,3,4469,土山卓也,36,福井,53,A2,5.4,30.93,5.94,36.94,63,32.88,58,26.81,曇り,南東,3,2,6.59,2,差し,3,0.17,1.50.5,0.1695348837209302,0.1685407725321888,7,43,12,11,0,0,0,2,4,0,0,0,0.16279069767441862,0.27906976744186046,0.2558139534883721,0.0,0.0,0.0,0.046511627906976744,0.09302325581395349,0.0,0.0,0.0
2023-10-09,三国,5,予選,4,3519,冨田秀幸,55,愛知,52,B1,5.06,26.32,4.85,23.08,43,27.01,24,29.2,曇り,南東,3,2,6.67,3,差し,4,0.21,1.52.7,0.1671794871794871,0.1595412844036697,1,39,3,11,0,0,0,1,0,0,0,0,0.02564102564102564,0.07692307692307693,0.28205128205128205,0.0,0.0,0.0,0.02564102564102564,0.0,0.0,0.0,0.0
2023-10-09,三国,5,予選,5,3662,大庭元明,53,福岡,57,A2,5.08,33.88,8.0,62.5,61,34.18,51,38.73,曇り,南東,3,2,6.59,5,差し,5,0.21,.  .,0.1455,0.1516862745098039,7,40,3,7,0,0,0,1,5,0,0,0,0.175,0.075,0.175,0.0,0.0,0.0,0.025,0.125,0.0,0.0,0.0
2023-10-09,三国,5,予選,6,4271,川崎公靖,41,広島,52,B1,4.25,22.73,4.4,20.0,34,23.33,63,42.54,曇り,南東,3,2,6.69,6,差し,6,0.23,.  .,0.2212903225806451,0.1818779342723004,0,31,0,5,0,0,0,0,0,0,0,0,0.0,0.0,0.16129032258064516,0.0,0.0,0.0,0.0,0.0,0.0,0.0,0.0
2023-10-09,三国,6,予選,1,4248,岡本　大,41,長崎,55,B1,4.2,19.47,0.0,0.0,52,38.26,14,24.81,曇り,南東,2,1,6.7,5,差し,1,0.11,.  .,0.133235294117647,0.1619574468085106,15,34,4,7,15,0,0,0,0,8,6,3,0.4411764705882353,0.11764705882352941,0.20588235294117646,0.4411764705882353,0.0,0.0,0.0,0.0,0.23529411764705882,0.17647058823529413,0.08823529411764706
2023-10-09,三国,6,予選,2,3024,西島義則,61,広島,56,A1,6.1,43.75,8.81,85.71,65,26.28,22,29.79,曇り,南東,2,1,6.63,1,差し,2,0.09,1.48.4,0.1804761904761904,0.1699628252788104,7,42,14,10,3,26,2,2,0,0,0,0,0.16666666666666666,0.3333333333333333,0.23809523809523808,0.07142857142857142,0.6190476190476191,0.047619047619047616,0.047619047619047616,0.0,0.0,0.0,0.0
2023-10-09,三国,6,予選,3,4978,山田和佐,29,広島,52,B1,4.14,19.77,4.78,44.44,29,31.88,23,29.41,曇り,南東,2,1,6.63,4,差し,3,0.07,1.52.3,0.1614705882352941,0.1598863636363636,0,34,5,10,0,0,0,0,0,0,0,0,0.0,0.14705882352941177,0.29411764705882354,0.0,0.0,0.0,0.0,0.0,0.0,0.0,0.0
2023-10-09,三国,6,予選,4,3771,折下寛法,49,東京,52,A2,5.78,37.86,5.94,37.5,15,30.99,39,39.26,曇り,南東,2,1,6.61,2,差し,4,0.06,1.49.6,0.144,0.1419298245614035,2,35,6,9,0,0,1,1,0,0,0,0,0.05714285714285714,0.17142857142857143,0.2571428571428571,0.0,0.0,0.02857142857142857,0.02857142857142857,0.0,0.0,0.0,0.0
2023-10-09,三国,6,予選,5,4047,吉永浩則,43,大阪,54,B1,4.12,20.99,4.4,15.0,14,26.89,73,28.26,曇り,南東,2,1,6.73,3,差し,5,0.06,1.52.0,0.1673333333333333,0.1642934782608695,0,30,2,10,0,0,0,0,0,0,0,0,0.0,0.06666666666666667,0.3333333333333333,0.0,0.0,0.0,0.0,0.0,0.0,0.0,0.0
2023-10-09,三国,6,予選,6,5282,中本大樹,20,福井,53,B2,1.67,0.0,1.44,0.0,27,28.47,42,27.82,曇り,南東,2,1,6.71,6,差し,6,0.04,.  .,0.2006349206349206,0.1994999999999999,0,63,0,1,0,0,0,0,0,0,0,0,0.0,0.0,0.015873015873015872,0.0,0.0,0.0,0.0,0.0,0.0,0.0,0.0
2023-10-09,三国,7,予選,1,3967,鈴木茂高,44,愛知,57,B1,4.55,24.55,4.93,21.74,19,30.41,61,34.33,曇り,南東,1,1,6.77,1,逃げ,1,0.15,1.49.5,0.16,0.1897706422018348,11,34,8,6,11,0,0,0,0,11,4,6,0.3235294117647059,0.23529411764705882,0.17647058823529413,0.3235294117647059,0.0,0.0,0.0,0.0,0.3235294117647059,0.11764705882352941,0.17647058823529413
2023-10-09,三国,7,予選,2,4122,安東幸治,41,福岡,55,A2,6.0,42.06,0.0,0.0,11,39.1,69,30.3,曇り,南東,1,1,6.61,3,逃げ,2,0.19,1.51.5,0.1738095238095238,0.1773170731707317,7,42,11,11,0,27,6,0,0,0,0,0,0.16666666666666666,0.2619047619047619,0.2619047619047619,0.0,0.6428571428571429,0.14285714285714285,0.0,0.0,0.0,0.0,0.0
2023-10-09,三国,7,予選,3,3948,大町利克,47,大阪,56,B1,4.0,19.48,6.0,66.67,62,36.81,19,47.79,曇り,南東,1,1,6.75,4,逃げ,3,0.13,1.52.2,0.1733333333333333,0.1960479041916167,5,27,2,5,0,0,0,3,2,0,0,0,0.18518518518518517,0.07407407407407407,0.18518518518518517,0.0,0.0,0.0,0.1111111111111111,0.07407407407407407,0.0,0.0,0.0
2023-10-09,三国,7,予選,4,4789,古賀智之,34,福岡,53,B1,4.23,20.0,4.0,13.64,44,28.87,64,23.85,曇り,南東,1,1,6.69,2,逃げ,4,0.23,1.49.7,0.1630434782608695,0.1632758620689655,2,23,2,4,0,0,0,1,1,0,0,0,0.08695652173913043,0.08695652173913043,0.17391304347826086,0.0,0.0,0.0,0.043478260869565216,0.043478260869565216,0.0,0.0,0.0
2023-10-09,三国,7,予選,5,4302,西野翔太,40,広島,52,A1,6.38,47.27,6.27,48.48,21,29.46,53,32.58,曇り,南東,1,1,6.71,5,逃げ,5,0.21,.  .,0.1479411764705882,0.1493140794223826,5,34,1,9,0,0,0,0,4,0,0,0,0.14705882352941177,0.029411764705882353,0.2647058823529412,0.0,0.0,0.0,0.0,0.11764705882352941,0.0,0.0,0.0
2023-10-09,三国,7,予選,6,4213,重富伸也,39,長崎,55,B1,4.5,20.51,4.05,0.0,74,31.25,31,39.55,曇り,南東,1,1,6.51,6,逃げ,6,0.25,.  .,0.153076923076923,0.1770135746606334,5,52,3,6,0,0,0,4,1,0,0,0,0.09615384615384616,0.057692307692307696,0.11538461538461539,0.0,0.0,0.0,0.07692307692307693,0.019230769230769232,0.0,0.0,0.0
2023-10-09,三国,8,予選,1,4942,柴田朋哉,33,福岡,54,B1,4.28,21.05,0.0,0.0,45,26.77,57,30.3,曇り,南東,2,1,6.63,4,まくり差し,1,0.03,1.52.6,0.1791304347826087,0.1821428571428571,8,23,5,0,7,0,0,0,0,5,7,2,0.34782608695652173,0.21739130434782608,0.0,0.30434782608695654,0.0,0.0,0.0,0.0,0.21739130434782608,0.30434782608695654,0.08695652173913043
2023-10-09,三国,8,予選,2,3906,飯山晃三,45,長崎,60,B1,4.46,24.11,0.0,0.0,66,35.66,20,35.61,曇り,南東,2,1,6.61,5,まくり差し,2,0.05,.  .,0.1713207547169811,0.1791984732824427,4,53,13,10,0,37,3,1,0,0,0,0,0.07547169811320754,0.24528301886792453,0.18867924528301888,0.0,0.6981132075471698,0.05660377358490566,0.018867924528301886,0.0,0.0,0.0,0.0
2023-10-09,三国,8,予選,3,3781,秋元　誠,47,福井,54,B1,5.01,32.53,4.55,27.52,40,38.52,65,28.89,曇り,南東,2,1,6.65,2,まくり差し,3,0.02,1.50.4,0.1175757575757575,0.1300523560209424,4,33,6,6,0,0,1,2,1,0,0,0,0.12121212121212122,0.18181818181818182,0.18181818181818182,0.0,0.0,0.030303030303030304,0.06060606060606061,0.030303030303030304,0.0,0.0,0.0
2023-10-09,三国,8,予選,4,4163,山崎裕司,41,広島,52,A2,6.15,45.97,5.96,37.78,26,31.69,36,39.39,曇り,南東,2,1,6.63,6,まくり差し,4,0.19,.  .,0.1705882352941176,0.1713978494623655,5,51,13,15,0,0,1,4,0,0,0,0,0.09803921568627451,0.2549019607843137,0.29411764705882354,0.0,0.0,0.0196078431372549,0.0784313725490196,0.0,0.0,0.0,0.0
2023-10-09,三国,8,予選,5,4346,前田健太,38,福岡,58,B1,4.49,26.92,5.5,38.89,71,35.82,66,32.31,曇り,南東,2,1,6.61,1,まくり差し,5,0.07,1.49.7,0.1539024390243902,0.1594063926940639,1,41,7,8,0,0,0,0,1,0,0,0,0.024390243902439025,0.17073170731707318,0.1951219512195122,0.0,0.0,0.0,0.0,0.024390243902439025,0.0,0.0,0.0
2023-10-09,三国,8,予選,6,3300,川崎智幸,56,岡山,52,A1,6.23,44.62,5.25,25.0,31,37.12,12,34.62,曇り,南東,2,1,6.71,3,まくり差し,6,0.12,1.51.9,0.1373809523809523,0.1482950819672131,3,42,4,8,0,0,0,0,2,0,0,0,0.07142857142857142,0.09523809523809523,0.19047619047619047,0.0,0.0,0.0,0.0,0.047619047619047616,0.0,0.0,0.0
2023-10-09,三国,9,予選特賞,1,4252,松下哲也,40,福岡,52,B1,4.43,24.42,3.23,11.54,68,30.89,21,48.89,曇り,無風,0,0,6.57,1,逃げ,1,0.09,1.49.8,0.1660714285714286,0.1673711340206185,5,28,3,9,5,0,0,0,0,7,9,6,0.17857142857142858,0.10714285714285714,0.32142857142857145,0.17857142857142858,0.0,0.0,0.0,0.0,0.25,0.32142857142857145,0.21428571428571427
2023-10-09,三国,9,予選特賞,2,3519,冨田秀幸,55,愛知,52,B1,5.06,26.32,4.85,23.08,43,27.01,24,29.2,曇り,無風,0,0,6.65,5,逃げ,2,0.06,.  .,0.1407692307692307,0.1595412844036697,4,39,10,7,0,21,3,1,0,0,0,0,0.10256410256410256,0.2564102564102564,0.1794871794871795,0.0,0.5384615384615384,0.07692307692307693,0.02564102564102564,0.0,0.0,0.0,0.0
2023-10-09,三国,9,予選特賞,3,4842,山下昂大,31,岡山,55,A1,6.21,44.26,6.28,50.0,64,33.33,29,30.08,曇り,無風,0,0,6.71,3,逃げ,3,0.13,1.51.7,0.1358823529411764,0.1385920577617328,7,51,17,10,0,0,1,4,2,0,0,0,0.13725490196078433,0.3333333333333333,0.19607843137254902,0.0,0.0,0.0196078431372549,0.0784313725490196,0.0392156862745098,0.0,0.0,0.0
2023-10-09,三国,9,予選特賞,4,4119,泥谷一毅,42,大阪,57,B1,5.4,35.24,4.52,24.24,24,36.3,30,26.55,曇り,無風,0,0,6.71,6,逃げ,4,0.06,.  .,0.1433333333333333,0.1483050847457627,4,39,3,12,0,0,1,2,1,0,0,0,0.10256410256410256,0.07692307692307693,0.3076923076923077,0.0,0.0,0.02564102564102564,0.05128205128205128,0.02564102564102564,0.0,0.0,0.0
2023-10-09,三国,9,予選特賞,5,4692,酒井俊弘,39,福井,53,A2,5.01,32.43,5.25,33.09,55,28.68,35,31.25,曇り,無風,0,0,6.59,4,逃げ,5,0.04,1.53.5,0.1372972972972973,0.1358536585365853,4,37,3,7,0,0,0,3,1,0,0,0,0.10810810810810811,0.08108108108108109,0.1891891891891892,0.0,0.0,0.0,0.08108108108108109,0.02702702702702703,0.0,0.0,0.0
2023-10-09,三国,9,予選特賞,6,4413,水摩　敦,37,福岡,52,A1,5.75,38.38,5.51,33.33,56,37.5,48,34.56,曇り,無風,0,0,6.57,2,逃げ,6,0.03,1.50.5,0.1652941176470588,0.1537759336099585,5,34,4,4,0,0,0,5,0,0,0,0,0.14705882352941177,0.11764705882352941,0.11764705882352941,0.0,0.0,0.0,0.14705882352941177,0.0,0.0,0.0,0.0
2023-10-09,三国,10,予選特賞,1,4138,中井俊祐,43,大阪,53,B1,4.44,23.46,2.89,10.53,39,26.5,18,26.52,曇り,無風,0,0,6.69,4,差し,1,0.14,1.53.5,0.1604,0.1618274111675126,10,25,6,2,10,0,0,0,0,5,3,3,0.4,0.24,0.08,0.4,0.0,0.0,0.0,0.0,0.2,0.12,0.12
2023-10-09,三国,10,予選特賞,2,5134,大原祥昌,24,広島,53,B1,4.91,28.57,2.39,10.71,49,23.2,15,41.35,曇り,無風,0,0,6.61,1,差し,2,0.13,1.49.2,0.1697058823529411,0.1614438502673796,4,34,6,7,0,21,3,1,0,0,0,0,0.11764705882352941,0.17647058823529413,0.20588235294117646,0.0,0.6176470588235294,0.08823529411764706,0.029411764705882353,0.0,0.0,0.0,0.0
2023-10-09,三国,10,予選特賞,3,3867,松浦　勝,48,愛知,53,B2,4.12,20.93,4.11,22.22,17,23.93,49,46.21,曇り,無風,0,0,6.69,2,差し,3,0.12,1.51.1,0.1421428571428571,0.1604494382022472,1,14,2,3,0,0,0,1,0,0,0,0,0.07142857142857142,0.14285714285714285,0.21428571428571427,0.0,0.0,0.0,0.07142857142857142,0.0,0.0,0.0,0.0
2023-10-09,三国,10,予選特賞,4,3054,北川幸典,60,広島,58,A2,5.62,42.62,6.55,54.55,58,33.83,26,22.73,曇り,無風,0,0,6.65,3,差し,4,0.15,1.52.3,0.1930769230769231,0.1732258064516129,3,26,4,4,0,0,0,2,1,0,0,0,0.11538461538461539,0.15384615384615385,0.15384615384615385,0.0,0.0,0.0,0.07692307692307693,0.038461538461538464,0.0,0.0,0.0
2023-10-09,三国,10,予選特賞,5,3635,石田政吾,52,福井,52,A2,6.01,36.0,5.8,41.58,54,37.41,38,33.33,曇り,無風,0,0,6.63,6,差し,5,0.12,.  .,0.16,0.1526530612244898,2,42,6,15,0,0,0,0,2,0,0,0,0.047619047619047616,0.14285714285714285,0.35714285714285715,0.0,0.0,0.0,0.0,0.047619047619047616,0.0,0.0,0.0
2023-10-09,三国,10,予選特賞,6,3484,芝田浩治,51,兵庫,52,A1,5.98,40.35,5.75,35.0,33,29.93,50,30.83,曇り,無風,0,0,6.73,5,差し,6,0.18,.  .,0.1776470588235294,0.158956834532374,0,34,2,9,0,0,0,0,0,0,0,0,0.0,0.058823529411764705,0.2647058823529412,0.0,0.0,0.0,0.0,0.0,0.0,0.0,0.0
2023-10-09,三国,11,記者特選,1,3024,西島義則,61,広島,56,A1,6.1,43.75,8.81,85.71,65,26.28,22,29.79,曇り,北西,1,0,6.71,5,まくり,1,0.15,.  .,0.15734375,0.1699628252788104,35,64,14,4,33,0,0,0,0,7,8,12,0.546875,0.21875,0.0625,0.515625,0.0,0.0,0.0,0.0,0.109375,0.125,0.1875
2023-10-09,三国,11,記者特選,2,4516,野口勝弘,36,愛知,51,A1,6.97,55.56,6.17,43.4,13,26.96,54,38.93,曇り,北西,1,0,6.63,2,まくり,2,0.16,1.50.3,0.1619047619047619,0.1639615384615384,7,42,18,9,0,24,5,1,0,0,0,0,0.16666666666666666,0.42857142857142855,0.21428571428571427,0.0,0.5714285714285714,0.11904761904761904,0.023809523809523808,0.0,0.0,0.0,0.0
2023-10-09,三国,11,記者特選,3,4145,小澤　学,41,東京,54,B1,4.46,21.43,3.68,5.26,51,27.54,67,31.62,曇り,北西,1,0,6.65,6,まくり,3,0.17,.  .,0.2612195121951219,0.2652293577981651,2,41,6,5,0,0,1,0,1,0,0,0,0.04878048780487805,0.14634146341463414,0.12195121951219512,0.0,0.0,0.024390243902439025,0.0,0.024390243902439025,0.0,0.0,0.0
2023-10-09,三国,11,記者特選,4,4863,三浦裕貴,34,東京,56,B1,4.87,28.57,4.93,33.33,41,35.76,16,27.82,曇り,北西,1,0,6.69,1,まくり,4,0.07,1.48.8,0.1814285714285714,0.1548387096774193,1,35,2,11,0,0,0,1,0,0,0,0,0.02857142857142857,0.05714285714285714,0.3142857142857143,0.0,0.0,0.0,0.02857142857142857,0.0,0.0,0.0,0.0
2023-10-09,三国,11,記者特選,5,4864,小川日紀,34,福岡,54,B1,4.41,24.39,5.33,22.22,20,28.08,13,43.85,曇り,北西,1,0,6.71,3,まくり,5,0.04,1.51.7,0.1330555555555555,0.13645,4,36,6,5,0,0,0,3,1,0,0,0,0.1111111111111111,0.16666666666666666,0.1388888888888889,0.0,0.0,0.0,0.08333333333333333,0.027777777777777776,0.0,0.0,0.0
2023-10-09,三国,11,記者特選,6,4469,土山卓也,36,福井,53,A2,5.4,30.93,5.94,36.94,63,32.88,58,26.81,曇り,北西,1,0,6.75,4,まくり,6,0.16,1.52.1,0.1716666666666666,0.1685407725321888,2,36,3,6,0,0,0,1,0,0,0,0,0.05555555555555555,0.08333333333333333,0.16666666666666666,0.0,0.0,0.0,0.027777777777777776,0.0,0.0,0.0,0.0
2023-10-09,三国,12,カニ坊選抜,1,4269,杉山裕也,38,愛知,54,A1,6.7,50.0,6.96,46.67,30,33.33,44,25.0,曇り,無風,0,0,6.63,1,逃げ,1,0.13,1.48.0,0.1513333333333333,0.1553046594982078,46,60,7,3,44,0,0,0,0,3,5,5,0.7666666666666667,0.11666666666666667,0.05,0.7333333333333333,0.0,0.0,0.0,0.0,0.05,0.08333333333333333,0.08333333333333333
2023-10-09,三国,12,カニ坊選抜,2,3620,信濃由行,49,福井,54,B1,4.06,21.35,4.32,21.7,32,31.21,55,37.59,曇り,無風,0,0,6.71,2,逃げ,2,0.11,1.49.4,0.1929729729729729,0.1776555023923445,7,37,5,4,0,16,4,3,0,0,0,0,0.1891891891891892,0.13513513513513514,0.10810810810810811,0.0,0.43243243243243246,0.10810810810810811,0.08108108108108109,0.0,0.0,0.0,0.0
2023-10-09,三国,12,カニ坊選抜,3,3771,折下寛法,49,東京,52,A2,5.78,37.86,5.94,37.5,15,30.99,39,39.26,曇り,無風,0,0,6.73,3,逃げ,3,0.09,1.51.3,0.1327777777777777,0.1419298245614035,5,36,13,8,0,0,0,2,2,0,0,0,0.1388888888888889,0.3611111111111111,0.2222222222222222,0.0,0.0,0.0,0.05555555555555555,0.05555555555555555,0.0,0.0,0.0
2023-10-09,三国,12,カニ坊選抜,4,4271,川崎公靖,41,広島,52,B1,4.25,22.73,4.4,20.0,34,23.33,63,42.54,曇り,無風,0,0,6.69,4,逃げ,4,0.09,1.52.6,0.176,0.1818779342723004,2,40,5,7,0,0,1,0,1,0,0,0,0.05,0.125,0.175,0.0,0.0,0.025,0.0,0.025,0.0,0.0,0.0
2023-10-09,三国,12,カニ坊選抜,5,4122,安東幸治,41,福岡,55,A2,6.0,42.06,0.0,0.0,11,39.1,69,30.3,曇り,無風,0,0,6.73,5,逃げ,5,0.07,.  .,0.18275,0.1773170731707317,3,40,4,10,0,0,0,0,3,0,0,0,0.075,0.1,0.25,0.0,0.0,0.0,0.0,0.075,0.0,0.0,0.0
2023-10-09,三国,12,カニ坊選抜,6,3906,飯山晃三,45,長崎,60,B1,4.46,24.11,0.0,0.0,66,35.66,20,35.61,曇り,無風,0,0,6.77,6,逃げ,6,0.18,.  .,0.2023076923076923,0.1791984732824427,1,39,1,5,0,0,0,0,0,0,0,0,0.02564102564102564,0.02564102564102564,0.1282051282051282,0.0,0.0,0.0,0.0,0.0,0.0,0.0,0.0
2023-10-09,蒲郡,1,予選,1,3922,菅沼佳昭,48,愛知,51,B1,3.78,18.87,4.53,25.0,61,44.78,34,38.36,曇り,西,1,0,6.61,2,差し,1,0.11,1.50.5,0.1629729729729729,0.193875,16,37,6,4,16,0,0,0,0,11,4,6,0.43243243243243246,0.16216216216216217,0.10810810810810811,0.43243243243243246,0.0,0.0,0.0,0.0,0.2972972972972973,0.10810810810810811,0.16216216216216217
2023-10-09,蒲郡,1,予選,2,4209,藤田竜弘,40,静岡,57,B1,5.38,33.06,5.12,29.41,70,32.76,25,36.36,曇り,西,1,0,6.72,1,差し,2,0.12,1.50.2,0.1699999999999999,0.17,4,39,11,13,0,19,2,1,1,0,0,0,0.10256410256410256,0.28205128205128205,0.3333333333333333,0.0,0.48717948717948717,0.05128205128205128,0.02564102564102564,0.02564102564102564,0.0,0.0,0.0
2023-10-09,蒲郡,1,予選,3,4453,永田郁弥,35,愛知,53,B1,3.24,13.73,4.46,33.33,25,20.31,39,38.71,曇り,西,1,0,6.79,4,差し,3,0.11,1.54.4,0.154375,0.1638251366120218,0,32,2,2,0,0,0,0,0,0,0,0,0.0,0.0625,0.0625,0.0,0.0,0.0,0.0,0.0,0.0,0.0,0.0
2023-10-09,蒲郡,1,予選,4,3454,井川大作,52,岡山,61,B1,3.83,17.05,2.6,20.0,34,35.19,28,31.15,曇り,西,1,0,6.72,3,差し,4,0.12,1.53.6,0.1506060606060606,0.1675661375661375,1,33,3,8,0,0,0,1,0,0,0,0,0.030303030303030304,0.09090909090909091,0.24242424242424243,0.0,0.0,0.0,0.030303030303030304,0.0,0.0,0.0,0.0
2023-10-09,蒲郡,1,予選,5,3617,竹田広樹,50,佐賀,53,B1,3.88,20.78,0.0,0.0,32,20.97,74,20.75,曇り,西,1,0,6.73,5,差し,5,0.17,.  .,0.2035714285714285,0.1865882352941176,2,28,1,2,0,0,0,2,0,0,0,0,0.07142857142857142,0.03571428571428571,0.07142857142857142,0.0,0.0,0.0,0.07142857142857142,0.0,0.0,0.0,0.0
2023-10-09,蒲郡,1,予選,6,3352,小川晃司,55,福岡,50,B1,4.42,16.82,0.0,0.0,48,24.62,32,43.06,曇り,西,1,0,6.72,6,差し,6,0.11,.  .,0.1515646258503401,0.1515720524017467,2,147,20,46,0,0,1,0,0,0,0,0,0.013605442176870748,0.1360544217687075,0.3129251700680272,0.0,0.0,0.006802721088435374,0.0,0.0,0.0,0.0,0.0
2023-10-09,蒲郡,2,予選,1,3891,谷口健一,47,福井,52,B1,3.54,13.79,4.24,21.79,30,21.57,43,35.29,曇り,北西,2,1,6.75,4,まくり,1,0.23,1.54.0,0.1582758620689655,0.1740384615384615,8,29,4,3,7,0,0,0,0,6,10,3,0.27586206896551724,0.13793103448275862,0.10344827586206896,0.2413793103448276,0.0,0.0,0.0,0.0,0.20689655172413793,0.3448275862068966,0.10344827586206896
2023-10-09,蒲郡,2,予選,2,4357,田中和也,39,大阪,52,A1,6.55,49.04,7.36,71.43,49,29.69,45,40.63,曇り,北西,2,1,6.67,2,まくり,2,0.28,1.51.7,0.18375,0.18125,8,40,12,6,1,15,4,1,0,0,0,0,0.2,0.3,0.15,0.025,0.375,0.1,0.025,0.0,0.0,0.0,0.0
2023-10-09,蒲郡,2,予選,3,3892,草場康幸,47,佐賀,52,B1,5.47,34.26,0.0,0.0,20,38.24,51,44.12,曇り,北西,2,1,6.65,3,まくり,3,0.23,1.52.5,0.1505,0.1588317757009346,1,40,8,10,0,0,0,1,0,0,0,0,0.025,0.2,0.25,0.0,0.0,0.0,0.025,0.0,0.0,0.0,0.0
2023-10-09,蒲郡,2,予選,4,4589,塩崎桐加,31,三重,48,A2,5.85,39.13,6.26,45.16,19,38.46,30,24.49,曇り,北西,2,1,6.65,1,まくり,4,0.16,1.49.5,0.1282142857142857,0.1487719298245614,4,28,3,7,0,0,1,3,0,0,0,0,0.14285714285714285,0.10714285714285714,0.25,0.0,0.0,0.03571428571428571,0.10714285714285714,0.0,0.0,0.0,0.0
2023-10-09,蒲郡,2,予選,5,3566,川添英正,53,福岡,52,B1,4.87,23.58,0.0,0.0,51,26.67,60,28.79,曇り,北西,2,1,6.68,5,まくり,5,0.23,.  .,0.2282857142857143,0.2043153526970954,1,35,5,8,0,0,0,0,1,0,0,0,0.02857142857142857,0.14285714285714285,0.22857142857142856,0.0,0.0,0.0,0.0,0.02857142857142857,0.0,0.0,0.0
2023-10-09,蒲郡,2,予選,6,5265,大廣咲季,23,香川,45,B2,1.66,1.37,3.25,12.5,23,30.65,36,34.29,曇り,北西,2,1,6.68,6,まくり,6,0.21,.  .,0.186,0.1953623188405797,1,85,2,2,0,0,1,0,0,0,0,0,0.011764705882352941,0.023529411764705882,0.023529411764705882,0.0,0.0,0.011764705882352941,0.0,0.0,0.0,0.0,0.0
2023-10-09,蒲郡,3,予選,1,4216,星　栄爾,38,静岡,55,B1,5.34,36.19,6.21,46.15,39,38.18,57,20.63,曇り,北西,2,1,6.69,2,まくり差し,1,0.09,1.50.7,0.1227083333333333,0.1527756653992395,26,48,14,4,25,0,0,0,0,8,7,6,0.5416666666666666,0.2916666666666667,0.08333333333333333,0.5208333333333334,0.0,0.0,0.0,0.0,0.16666666666666666,0.14583333333333334,0.125
2023-10-09,蒲郡,3,予選,2,4316,山口裕太,39,広島,56,B1,2.64,5.13,0.0,0.0,64,31.82,37,41.94,曇り,北西,2,1,6.75,5,まくり差し,2,0.1,.  .,0.1604166666666666,0.1675384615384615,0,24,8,7,0,14,0,0,0,0,0,0,0.0,0.3333333333333333,0.2916666666666667,0.0,0.5833333333333334,0.0,0.0,0.0,0.0,0.0,0.0
2023-10-09,蒲郡,3,予選,3,4276,鈴木勝博,40,愛知,52,A1,6.85,53.98,7.23,68.57,24,35.29,31,26.09,曇り,北西,2,1,6.68,1,まくり差し,3,0.1,1.48.7,0.1483783783783784,0.1496850393700787,9,37,12,3,0,0,1,4,1,0,0,0,0.24324324324324326,0.32432432432432434,0.08108108108108109,0.0,0.0,0.02702702702702703,0.10810810810810811,0.02702702702702703,0.0,0.0,0.0
2023-10-09,蒲郡,3,予選,4,3563,堤　昇,53,静岡,53,A2,5.44,35.38,6.34,47.73,67,32.26,54,33.85,曇り,北西,2,1,6.7,3,まくり差し,4,0.17,1.51.8,0.1871111111111111,0.1659861591695501,2,45,7,11,0,0,2,0,0,0,0,0,0.044444444444444446,0.15555555555555556,0.24444444444444444,0.0,0.0,0.044444444444444446,0.0,0.0,0.0,0.0,0.0
2023-10-09,蒲郡,3,予選,5,3434,松尾宣邦,54,福岡,51,B1,5.13,35.71,3.89,10.53,38,30.91,48,56.34,曇り,北西,2,1,6.76,4,まくり差し,5,0.18,1.52.8,0.1845833333333333,0.1827044025157232,1,24,3,4,0,0,0,0,1,0,0,0,0.041666666666666664,0.125,0.16666666666666666,0.0,0.0,0.0,0.0,0.041666666666666664,0.0,0.0,0.0
2023-10-09,蒲郡,3,予選,6,3044,三宅爾士,62,福井,56,B1,4.63,25.3,4.21,17.95,59,28.36,26,20.0,曇り,北西,2,1,6.79,6,まくり差し,6,0.25,.  .,0.1888888888888888,0.1798543689320388,0,27,3,3,0,0,0,0,0,0,0,0,0.0,0.1111111111111111,0.1111111111111111,0.0,0.0,0.0,0.0,0.0,0.0,0.0,0.0
2023-10-09,蒲郡,4,予選,1,4100,松田隆司,44,福岡,54,B1,5.7,39.22,6.0,30.77,28,38.33,40,18.75,曇り,北西,1,0,6.69,1,逃げ,1,0.12,1.48.7,0.1595918367346938,0.1619485294117646,22,49,9,5,21,0,0,0,0,6,8,8,0.4489795918367347,0.1836734693877551,0.10204081632653061,0.42857142857142855,0.0,0.0,0.0,0.0,0.12244897959183673,0.16326530612244897,0.16326530612244897
2023-10-09,蒲郡,4,予選,2,4289,落合直子,38,大阪,48,A2,6.28,45.63,7.44,66.67,29,38.81,66,38.18,曇り,北西,1,0,6.68,3,逃げ,2,0.18,1.52.4,0.1648387096774193,0.1436792452830188,7,31,11,8,1,14,5,1,0,0,0,0,0.22580645161290322,0.3548387096774194,0.25806451612903225,0.03225806451612903,0.45161290322580644,0.16129032258064516,0.03225806451612903,0.0,0.0,0.0,0.0
2023-10-09,蒲郡,4,予選,3,4089,妹尾忠幸,43,岡山,55,A1,6.3,43.7,0.0,0.0,35,41.18,61,31.15,曇り,北西,1,0,6.7,5,逃げ,3,0.19,.  .,0.1516981132075471,0.160064308681672,6,53,13,14,0,0,1,0,2,0,0,0,0.11320754716981132,0.24528301886792453,0.2641509433962264,0.0,0.0,0.018867924528301886,0.0,0.03773584905660377,0.0,0.0,0.0
2023-10-09,蒲郡,4,予選,4,4861,田中宏樹,35,福岡,52,B1,4.39,22.73,4.82,36.36,63,29.69,35,52.94,曇り,北西,1,0,6.61,2,逃げ,4,0.18,1.49.9,0.1638888888888889,0.1648611111111111,1,36,6,8,0,0,0,1,0,0,0,0,0.027777777777777776,0.16666666666666666,0.2222222222222222,0.0,0.0,0.0,0.027777777777777776,0.0,0.0,0.0,0.0
2023-10-09,蒲郡,4,予選,5,4890,石川　諒,34,山口,53,B1,4.34,26.97,0.0,0.0,22,18.18,24,40.0,曇り,北西,1,0,6.67,4,逃げ,5,0.15,1.52.8,0.1321621621621621,0.1548917748917748,1,37,4,7,0,0,0,0,1,0,0,0,0.02702702702702703,0.10810810810810811,0.1891891891891892,0.0,0.0,0.0,0.0,0.02702702702702703,0.0,0.0,0.0
2023-10-09,蒲郡,4,予選,6,3889,須藤隆雄,48,群馬,57,B1,4.3,25.0,5.05,31.58,50,21.05,58,31.37,曇り,北西,1,0,6.78,6,逃げ,6,0.26,.  .,0.1442857142857143,0.1622613065326633,1,28,2,3,0,0,1,0,0,0,0,0,0.03571428571428571,0.07142857142857142,0.10714285714285714,0.0,0.0,0.03571428571428571,0.0,0.0,0.0,0.0,0.0
2023-10-09,蒲郡,5,予選,1,3502,渡邉英児,54,静岡,53,A2,6.1,45.6,5.31,38.78,41,50.0,67,32.14,雨,北西,1,0,6.77,1,逃げ,1,0.14,1.49.1,0.1792156862745098,0.1781818181818182,31,51,8,4,31,0,0,0,0,4,4,10,0.6078431372549019,0.1568627450980392,0.0784313725490196,0.6078431372549019,0.0,0.0,0.0,0.0,0.0784313725490196,0.0784313725490196,0.19607843137254902
2023-10-09,蒲郡,5,予選,2,3454,井川大作,52,岡山,61,B1,3.83,17.05,2.6,20.0,34,35.19,28,31.15,雨,北西,1,0,6.8,5,逃げ,2,0.16,.  .,0.1572222222222222,0.1675661375661375,3,36,3,11,0,22,3,0,0,0,0,0,0.08333333333333333,0.08333333333333333,0.3055555555555556,0.0,0.6111111111111112,0.08333333333333333,0.0,0.0,0.0,0.0,0.0
2023-10-09,蒲郡,5,予選,3,3528,笠野友紀,52,愛知,47,B1,3.84,16.88,4.62,25.0,58,38.81,52,29.41,雨,北西,1,0,6.83,6,逃げ,3,0.2,.  .,0.2293548387096774,0.2239102564102564,1,31,4,2,0,0,0,1,0,0,0,0,0.03225806451612903,0.12903225806451613,0.06451612903225806,0.0,0.0,0.0,0.03225806451612903,0.0,0.0,0.0,0.0
2023-10-09,蒲郡,5,予選,4,5049,松井友汰,28,大阪,54,B1,5.01,31.34,4.2,20.0,65,40.58,50,23.73,雨,北西,1,0,6.78,2,逃げ,4,0.15,1.50.5,0.1610714285714285,0.1639795918367347,4,28,4,5,0,0,0,2,2,0,0,0,0.14285714285714285,0.14285714285714285,0.17857142857142858,0.0,0.0,0.0,0.07142857142857142,0.07142857142857142,0.0,0.0,0.0
2023-10-09,蒲郡,5,予選,5,3081,岡本慎治,60,山口,52,B1,5.33,30.38,0.0,0.0,47,30.43,56,43.64,雨,北西,1,0,6.76,4,逃げ,5,0.19,1.54.1,0.1496875,0.1654945054945055,3,32,5,8,0,0,1,0,2,0,0,0,0.09375,0.15625,0.25,0.0,0.0,0.03125,0.0,0.0625,0.0,0.0,0.0
2023-10-09,蒲郡,5,予選,6,3737,上平真二,49,広島,52,A1,6.85,45.16,7.57,52.38,52,15.79,41,37.7,雨,北西,1,0,6.81,3,逃げ,6,0.22,1.51.6,0.1920588235294117,0.1753881278538813,0,34,3,14,0,0,0,0,0,0,0,0,0.0,0.08823529411764706,0.4117647058823529,0.0,0.0,0.0,0.0,0.0,0.0,0.0,0.0
2023-10-09,蒲郡,6,予選,1,4009,小林一樹,44,山口,57,B1,5.8,38.61,0.0,0.0,33,35.59,49,31.48,雨,北西,1,0,6.73,1,逃げ,1,0.15,1.49.2,0.1321052631578947,0.1333492822966507,21,38,7,7,20,0,0,0,0,7,4,3,0.5526315789473685,0.18421052631578946,0.18421052631578946,0.5263157894736842,0.0,0.0,0.0,0.0,0.18421052631578946,0.10526315789473684,0.07894736842105263
2023-10-09,蒲郡,6,予選,2,4453,永田郁弥,35,愛知,53,B1,3.24,13.73,4.46,33.33,25,20.31,39,38.71,雨,北西,1,0,6.81,5,逃げ,3,0.15,.  .,0.1632258064516129,0.1638251366120218,2,31,5,5,0,18,0,2,0,0,0,0,0.06451612903225806,0.16129032258064516,0.16129032258064516,0.0,0.5806451612903226,0.0,0.06451612903225806,0.0,0.0,0.0,0.0
2023-10-09,蒲郡,6,予選,3,4139,丹下　健,42,愛知,54,B1,4.88,30.1,4.93,26.09,18,15.52,27,12.28,雨,北西,1,0,6.75,4,逃げ,4,0.16,1.53.2,0.1564444444444444,0.1656972111553785,2,45,7,8,0,0,1,0,1,0,0,0,0.044444444444444446,0.15555555555555556,0.17777777777777778,0.0,0.0,0.022222222222222223,0.0,0.022222222222222223,0.0,0.0,0.0
2023-10-09,蒲郡,6,予選,4,4117,廣中智紗,42,東京,44,A1,6.16,37.08,6.05,50.0,54,33.82,47,39.71,雨,北西,1,0,6.72,2,逃げ,5,0.17,1.49.7,0.2015625,0.1934803921568627,4,32,8,10,0,0,0,3,0,0,0,0,0.125,0.25,0.3125,0.0,0.0,0.0,0.09375,0.0,0.0,0.0,0.0
2023-10-09,蒲郡,6,予選,5,5265,大廣咲季,23,香川,45,B2,1.66,1.37,3.25,12.5,23,30.65,36,34.29,雨,北西,1,0,6.7,6,逃げ,6,0.22,.  .,0.21,0.1953623188405797,0,47,1,0,0,0,0,0,0,0,0,0,0.0,0.02127659574468085,0.0,0.0,0.0,0.0,0.0,0.0,0.0,0.0,0.0
2023-10-09,蒲郡,6,予選,6,4760,山崎　郡,33,大阪,51,A1,7.52,59.29,7.55,54.55,62,64.18,64,16.36,雨,北西,1,0,6.65,3,逃げ,2,0.15,1.52.3,0.1208510638297872,0.1263380281690141,3,47,7,14,0,0,1,2,0,0,0,0,0.06382978723404255,0.14893617021276595,0.2978723404255319,0.0,0.0,0.02127659574468085,0.0425531914893617,0.0,0.0,0.0,0.0
2023-10-09,蒲郡,7,予選,1,3853,岩崎正哉,51,福岡,57,A2,5.77,36.75,0.0,0.0,60,27.42,62,36.07,雨,北西,1,0,6.73,1,逃げ,1,0.15,1.49.9,0.1665909090909091,0.1817030567685589,31,44,4,4,29,0,0,0,0,5,4,3,0.7045454545454546,0.09090909090909091,0.09090909090909091,0.6590909090909091,0.0,0.0,0.0,0.0,0.11363636363636363,0.09090909090909091,0.06818181818181818
2023-10-09,蒲郡,7,予選,2,3891,谷口健一,47,福井,52,B1,3.54,13.79,4.24,21.79,30,21.57,43,35.29,雨,北西,1,0,6.88,5,逃げ,2,0.2,.  .,0.1602564102564102,0.1740384615384615,0,39,8,10,0,27,0,0,0,0,0,0,0.0,0.20512820512820512,0.2564102564102564,0.0,0.6923076923076923,0.0,0.0,0.0,0.0,0.0,0.0
2023-10-09,蒲郡,7,予選,3,3895,堀本裕也,47,愛知,48,B1,4.0,18.92,4.82,20.69,31,31.34,29,20.63,雨,北西,1,0,6.82,6,逃げ,3,0.11,.  .,0.1559459459459459,0.1694387755102041,4,37,6,7,0,0,0,1,2,0,0,0,0.10810810810810811,0.16216216216216217,0.1891891891891892,0.0,0.0,0.0,0.02702702702702703,0.05405405405405406,0.0,0.0,0.0
2023-10-09,蒲郡,7,予選,4,3435,寺田千恵,54,岡山,45,A1,6.71,51.33,7.89,67.86,21,31.82,68,16.39,雨,北西,1,0,6.75,4,逃げ,4,0.16,1.54.1,0.1560416666666666,0.1654681647940075,10,48,13,9,0,0,1,4,4,0,0,0,0.20833333333333334,0.2708333333333333,0.1875,0.0,0.0,0.020833333333333332,0.08333333333333333,0.08333333333333333,0.0,0.0,0.0
2023-10-09,蒲郡,7,予選,5,4216,星　栄爾,38,静岡,55,B1,5.34,36.19,6.21,46.15,39,38.18,57,20.63,雨,北西,1,0,6.85,2,逃げ,5,0.14,1.51.0,0.156578947368421,0.1527756653992395,3,38,4,7,0,0,0,1,2,0,0,0,0.07894736842105263,0.10526315789473684,0.18421052631578946,0.0,0.0,0.0,0.02631578947368421,0.05263157894736842,0.0,0.0,0.0
2023-10-09,蒲郡,7,予選,6,5234,塚越海斗,25,群馬,53,B1,4.03,19.81,1.88,0.0,37,47.37,22,39.06,雨,北西,1,0,6.76,3,逃げ,6,0.13,1.52.6,0.174811320754717,0.1736279069767441,1,106,5,12,0,0,1,0,0,0,0,0,0.009433962264150943,0.04716981132075472,0.11320754716981132,0.0,0.0,0.009433962264150943,0.0,0.0,0.0,0.0,0.0
2023-10-09,蒲郡,8,予選,1,4011,堀之内紀,44,岡山,46,A1,6.21,48.0,7.23,61.29,68,47.46,65,33.33,雨,北西,2,1,6.66,4,差し,1,0.2,1.53.2,0.1521818181818181,0.1582575757575757,36,55,9,4,31,0,0,2,0,5,4,8,0.6545454545454545,0.16363636363636364,0.07272727272727272,0.5636363636363636,0.0,0.0,0.03636363636363636,0.0,0.09090909090909091,0.07272727272727272,0.14545454545454545
2023-10-09,蒲郡,8,予選,2,3566,川添英正,53,福岡,52,B1,4.87,23.58,0.0,0.0,51,26.67,60,28.79,雨,北西,2,1,6.77,2,差し,2,0.17,1.49.5,0.2063043478260869,0.2043153526970954,4,46,13,10,0,26,2,1,0,0,0,0,0.08695652173913043,0.2826086956521739,0.21739130434782608,0.0,0.5652173913043478,0.043478260869565216,0.021739130434782608,0.0,0.0,0.0,0.0
2023-10-09,蒲郡,8,予選,3,4100,松田隆司,44,福岡,54,B1,5.7,39.22,6.0,30.77,28,38.33,40,18.75,雨,北西,2,1,6.85,3,差し,3,0.19,1.51.9,0.1502083333333333,0.1619485294117646,7,48,7,9,0,0,1,2,3,0,0,0,0.14583333333333334,0.14583333333333334,0.1875,0.0,0.0,0.020833333333333332,0.041666666666666664,0.0625,0.0,0.0,0.0
2023-10-09,蒲郡,8,予選,4,3044,三宅爾士,62,福井,56,B1,4.63,25.3,4.21,17.95,59,28.36,26,20.0,雨,北西,2,1,6.87,5,差し,5,0.18,.  .,0.175,0.1798543689320388,0,36,8,7,0,0,0,0,0,0,0,0,0.0,0.2222222222222222,0.19444444444444445,0.0,0.0,0.0,0.0,0.0,0.0,0.0,0.0
2023-10-09,蒲郡,8,予選,5,4142,平野和明,42,愛知,53,A2,5.71,35.61,5.53,30.59,66,40.3,46,42.25,雨,北西,2,1,6.78,1,差し,4,0.16,1.48.9,0.1885714285714285,0.1793220338983051,0,49,1,16,0,0,0,0,0,0,0,0,0.0,0.02040816326530612,0.32653061224489793,0.0,0.0,0.0,0.0,0.0,0.0,0.0,0.0
2023-10-09,蒲郡,8,予選,6,4209,藤田竜弘,40,静岡,57,B1,5.38,33.06,5.12,29.41,70,32.76,25,36.36,雨,北西,2,1,6.84,6,差し,6,0.18,.  .,0.1783720930232558,0.17,1,43,3,5,0,0,0,0,1,0,0,0,0.023255813953488372,0.06976744186046512,0.11627906976744186,0.0,0.0,0.0,0.0,0.023255813953488372,0.0,0.0,0.0
2023-10-09,蒲郡,9,予選特賞,1,4357,田中和也,39,大阪,52,A1,6.55,49.04,7.36,71.43,49,29.69,45,40.63,雨,北西,2,1,6.8,1,逃げ,1,0.14,1.49.6,0.1622807017543859,0.18125,43,57,6,4,41,0,0,0,0,7,3,1,0.7543859649122807,0.10526315789473684,0.07017543859649122,0.7192982456140351,0.0,0.0,0.0,0.0,0.12280701754385964,0.05263157894736842,0.017543859649122806
2023-10-09,蒲郡,9,予選特賞,2,3081,岡本慎治,60,山口,52,B1,5.33,30.38,0.0,0.0,47,30.43,56,43.64,雨,北西,2,1,6.81,5,逃げ,2,0.14,.  .,0.1763636363636363,0.1654945054945055,2,33,5,10,0,19,1,1,0,0,0,0,0.06060606060606061,0.15151515151515152,0.30303030303030304,0.0,0.5757575757575758,0.030303030303030304,0.030303030303030304,0.0,0.0,0.0,0.0
2023-10-09,蒲郡,9,予選特賞,3,4861,田中宏樹,35,福岡,52,B1,4.39,22.73,4.82,36.36,63,29.69,35,52.94,雨,北西,2,1,6.66,3,逃げ,5,0.23,1.52.7,0.1405555555555555,0.1648611111111111,5,36,4,6,0,0,0,2,3,0,0,0,0.1388888888888889,0.1111111111111111,0.16666666666666666,0.0,0.0,0.0,0.05555555555555555,0.08333333333333333,0.0,0.0,0.0
2023-10-09,蒲郡,9,予選特賞,4,3839,川合理司,48,静岡,63,B1,3.68,18.81,3.71,19.23,69,51.79,53,46.88,雨,北西,2,1,6.85,6,逃げ,6,0.33,.  .,0.1595348837209302,0.1628235294117647,2,43,6,5,0,0,0,2,0,0,0,0,0.046511627906976744,0.13953488372093023,0.11627906976744186,0.0,0.0,0.0,0.046511627906976744,0.0,0.0,0.0,0.0
2023-10-09,蒲郡,9,予選特賞,5,3563,堤　昇,53,静岡,53,A2,5.44,35.38,6.34,47.73,67,32.26,54,33.85,雨,北西,2,1,6.75,2,逃げ,3,0.14,1.51.2,0.1568085106382978,0.1659861591695501,3,47,9,8,0,0,0,1,1,0,0,0,0.06382978723404255,0.19148936170212766,0.1702127659574468,0.0,0.0,0.0,0.02127659574468085,0.02127659574468085,0.0,0.0,0.0
2023-10-09,蒲郡,9,予選特賞,6,3297,藤丸光一,56,福岡,49,A2,5.15,30.77,0.0,0.0,56,32.31,63,27.45,雨,北西,2,1,6.78,4,逃げ,4,0.16,1.53.0,0.222,0.1913392857142857,2,30,1,6,0,0,0,2,0,0,0,0,0.06666666666666667,0.03333333333333333,0.2,0.0,0.0,0.0,0.06666666666666667,0.0,0.0,0.0,0.0
2023-10-09,蒲郡,10,予選特賞,1,4089,妹尾忠幸,43,岡山,55,A1,6.3,43.7,0.0,0.0,35,41.18,61,31.15,雨,北西,1,0,6.76,2,まくり差し,1,0.19,1.49.7,0.1591891891891892,0.160064308681672,46,74,11,7,45,0,0,0,0,8,10,8,0.6216216216216216,0.14864864864864866,0.0945945945945946,0.6081081081081081,0.0,0.0,0.0,0.0,0.10810810810810811,0.13513513513513514,0.10810810810810811
2023-10-09,蒲郡,10,予選特賞,2,4729,佐藤謙史,34,福岡,56,B1,4.36,17.28,4.6,20.0,36,37.93,73,24.19,雨,北西,1,0,6.75,5,まくり差し,2,0.15,.  .,0.1929629629629629,0.1714689265536723,1,27,6,5,0,15,0,1,0,0,0,0,0.037037037037037035,0.2222222222222222,0.18518518518518517,0.0,0.5555555555555556,0.0,0.037037037037037035,0.0,0.0,0.0,0.0
2023-10-09,蒲郡,10,予選特賞,3,4760,山崎　郡,33,大阪,51,A1,7.52,59.29,7.55,54.55,62,64.18,64,16.36,雨,北西,1,0,6.65,1,まくり差し,3,0.13,1.48.2,0.1319047619047619,0.1263380281690141,16,42,10,5,0,0,2,5,8,0,0,0,0.38095238095238093,0.23809523809523808,0.11904761904761904,0.0,0.0,0.047619047619047616,0.11904761904761904,0.19047619047619047,0.0,0.0,0.0
2023-10-09,蒲郡,10,予選特賞,4,3621,天野晶夫,49,愛知,55,A1,6.5,46.08,6.18,41.86,40,33.93,59,28.33,雨,北西,1,0,6.78,3,まくり差し,4,0.15,1.51.5,0.1457575757575757,0.1636868686868687,3,33,10,8,0,0,1,1,1,0,0,0,0.09090909090909091,0.30303030303030304,0.24242424242424243,0.0,0.0,0.030303030303030304,0.030303030303030304,0.030303030303030304,0.0,0.0,0.0
2023-10-09,蒲郡,10,予選特賞,5,5216,長谷川晴,23,群馬,53,B1,4.45,25.0,1.71,0.0,57,34.92,38,33.33,雨,北西,1,0,6.72,4,まくり差し,5,0.12,1.52.5,0.1664814814814814,0.1773604060913705,2,54,4,8,0,0,0,1,1,0,0,0,0.037037037037037035,0.07407407407407407,0.14814814814814814,0.0,0.0,0.0,0.018518518518518517,0.018518518518518517,0.0,0.0,0.0
2023-10-09,蒲郡,10,予選特賞,6,5049,松井友汰,28,大阪,54,B1,5.01,31.34,4.2,20.0,65,40.58,50,23.73,雨,北西,1,0,6.79,6,まくり差し,6,0.27,.  .,0.1753333333333333,0.1639795918367347,2,30,3,2,0,0,0,0,2,0,0,0,0.06666666666666667,0.1,0.06666666666666667,0.0,0.0,0.0,0.0,0.06666666666666667,0.0,0.0,0.0
2023-10-09,蒲郡,11,予選特選,1,4276,鈴木勝博,40,愛知,52,A1,6.85,53.98,7.23,68.57,24,35.29,31,26.09,雨,北西,1,0,6.71,1,逃げ,1,0.15,1.48.4,0.146551724137931,0.1496850393700787,40,58,10,3,36,0,0,0,0,7,4,5,0.6896551724137931,0.1724137931034483,0.05172413793103448,0.6206896551724138,0.0,0.0,0.0,0.0,0.1206896551724138,0.06896551724137931,0.08620689655172414
2023-10-09,蒲郡,11,予選特選,2,3889,須藤隆雄,48,群馬,57,B1,4.3,25.0,5.05,31.58,50,21.05,58,31.37,雨,北西,1,0,6.82,5,逃げ,2,0.13,.  .,0.184,0.1622613065326633,5,35,4,7,0,17,3,1,0,0,0,0,0.14285714285714285,0.11428571428571428,0.2,0.0,0.4857142857142857,0.08571428571428572,0.02857142857142857,0.0,0.0,0.0,0.0
2023-10-09,蒲郡,11,予選特選,3,4009,小林一樹,44,山口,57,B1,5.8,38.61,0.0,0.0,33,35.59,49,31.48,雨,北西,1,0,6.74,3,逃げ,3,0.14,1.51.6,0.128235294117647,0.1333492822966507,4,34,5,11,0,0,1,0,1,0,0,0,0.11764705882352941,0.14705882352941177,0.3235294117647059,0.0,0.0,0.029411764705882353,0.0,0.029411764705882353,0.0,0.0,0.0
2023-10-09,蒲郡,11,予選特選,4,3737,上平真二,49,広島,52,A1,6.85,45.16,7.57,52.38,52,15.79,41,37.7,雨,北西,1,0,6.71,2,逃げ,4,0.21,1.49.3,0.169375,0.1753881278538813,3,32,7,12,0,0,2,1,0,0,0,0,0.09375,0.21875,0.375,0.0,0.0,0.0625,0.03125,0.0,0.0,0.0,0.0
2023-10-09,蒲郡,11,予選特選,5,3853,岩崎正哉,51,福岡,57,A2,5.77,36.75,0.0,0.0,60,27.42,62,36.07,雨,北西,1,0,6.7,6,逃げ,5,0.24,.  .,0.2188235294117647,0.1817030567685589,3,34,1,11,0,0,0,0,3,0,0,0,0.08823529411764706,0.029411764705882353,0.3235294117647059,0.0,0.0,0.0,0.0,0.08823529411764706,0.0,0.0,0.0
2023-10-09,蒲郡,11,予選特選,6,3892,草場康幸,47,佐賀,52,B1,5.47,34.26,0.0,0.0,20,38.24,51,44.12,雨,北西,1,0,6.69,4,逃げ,6,0.19,1.52.7,0.188125,0.1588317757009346,0,32,1,5,0,0,0,0,0,0,0,0,0.0,0.03125,0.15625,0.0,0.0,0.0,0.0,0.0,0.0,0.0,0.0
2023-10-09,蒲郡,12,予選記者特選,1,3435,寺田千恵,54,岡山,45,A1,6.71,51.33,7.89,67.86,21,31.82,68,16.39,雨,北西,1,0,6.71,1,逃げ,1,0.09,1.48.7,0.169047619047619,0.1654681647940075,41,63,11,6,39,0,0,0,0,5,13,3,0.6507936507936508,0.1746031746031746,0.09523809523809523,0.6190476190476191,0.0,0.0,0.0,0.0,0.07936507936507936,0.20634920634920634,0.047619047619047616
2023-10-09,蒲郡,12,予選記者特選,2,3528,笠野友紀,52,愛知,47,B1,3.84,16.88,4.62,25.0,58,38.81,52,29.41,雨,北西,1,0,6.8,6,逃げ,2,0.2,.  .,0.2182758620689655,0.2239102564102564,2,29,5,6,0,15,1,0,0,0,0,0,0.06896551724137931,0.1724137931034483,0.20689655172413793,0.0,0.5172413793103449,0.034482758620689655,0.0,0.0,0.0,0.0,0.0
2023-10-09,蒲郡,12,予選記者特選,3,4117,廣中智紗,42,東京,44,A1,6.16,37.08,6.05,50.0,54,33.82,47,39.71,雨,北西,1,0,6.68,3,逃げ,3,0.17,1.51.7,0.1694285714285714,0.1934803921568627,4,35,9,9,0,0,1,1,0,0,0,0,0.11428571428571428,0.2571428571428571,0.2571428571428571,0.0,0.0,0.02857142857142857,0.02857142857142857,0.0,0.0,0.0,0.0
2023-10-09,蒲郡,12,予選記者特選,4,4011,堀之内紀,44,岡山,46,A1,6.21,48.0,7.23,61.29,68,47.46,65,33.33,雨,北西,1,0,6.63,2,逃げ,4,0.12,1.49.6,0.1663414634146341,0.1582575757575757,12,41,5,10,0,0,0,12,0,0,0,0,0.2926829268292683,0.12195121951219512,0.24390243902439024,0.0,0.0,0.0,0.2926829268292683,0.0,0.0,0.0,0.0
2023-10-09,蒲郡,12,予選記者特選,5,4589,塩崎桐加,31,三重,48,A2,5.85,39.13,6.26,45.16,19,38.46,30,24.49,雨,北西,1,0,6.67,5,逃げ,5,0.22,.  .,0.1539285714285714,0.1487719298245614,3,28,1,11,0,0,0,2,1,0,0,0,0.10714285714285714,0.03571428571428571,0.39285714285714285,0.0,0.0,0.0,0.07142857142857142,0.03571428571428571,0.0,0.0,0.0
2023-10-09,蒲郡,12,予選記者特選,6,4289,落合直子,38,大阪,48,A2,6.28,45.63,7.44,66.67,29,38.81,66,38.18,雨,北西,1,0,6.78,4,逃げ,6,0.18,1.51.9,0.1632258064516129,0.1436792452830188,2,31,4,8,0,0,0,0,1,0,0,0,0.06451612903225806,0.12903225806451613,0.25806451612903225,0.0,0.0,0.0,0.0,0.03225806451612903,0.0,0.0,0.0
2023-10-09,浜名湖,1,予選,1,3370,坪内　実,56,大阪,54,B2,4.18,19.74,3.62,13.51,25,36.36,60,14.29,曇り,北,2,1,6.71,2,差し,1,0.16,1.50.5,0.2105263157894736,0.1834722222222222,6,19,5,2,6,0,0,0,0,6,5,2,0.3157894736842105,0.2631578947368421,0.10526315789473684,0.3157894736842105,0.0,0.0,0.0,0.0,0.3157894736842105,0.2631578947368421,0.10526315789473684
2023-10-09,浜名湖,1,予選,2,5050,木下雄介,28,滋賀,51,B1,4.98,32.14,4.56,31.25,41,26.79,69,42.86,曇り,北,2,1,6.74,1,差し,2,0.13,1.49.1,0.1812121212121212,0.1660773480662983,7,33,4,3,0,21,7,0,0,0,0,0,0.21212121212121213,0.12121212121212122,0.09090909090909091,0.0,0.6363636363636364,0.21212121212121213,0.0,0.0,0.0,0.0,0.0
2023-10-09,浜名湖,1,予選,3,4588,田中京介,32,福岡,56,B1,5.38,37.18,5.86,42.86,18,41.27,68,14.29,曇り,北,2,1,6.75,4,差し,3,0.14,1.52.5,0.1366666666666666,0.1445454545454545,8,39,11,5,0,0,2,2,4,0,0,0,0.20512820512820512,0.28205128205128205,0.1282051282051282,0.0,0.0,0.05128205128205128,0.05128205128205128,0.10256410256410256,0.0,0.0,0.0
2023-10-09,浜名湖,1,予選,4,4943,八木治樹,32,愛知,53,B1,4.55,19.4,5.0,36.84,15,29.6,38,40.0,曇り,北,2,1,6.73,3,差し,4,0.16,1.52.0,0.1574193548387096,0.1570588235294117,0,31,6,3,0,0,0,0,0,0,0,0,0.0,0.1935483870967742,0.0967741935483871,0.0,0.0,0.0,0.0,0.0,0.0,0.0,0.0
2023-10-09,浜名湖,1,予選,5,3950,石川哲秀,47,大阪,54,B1,4.37,28.57,4.06,18.18,2,41.46,34,30.0,曇り,北,2,1,6.74,6,差し,5,0.08,.  .,0.1582142857142857,0.1480745341614907,0,28,3,5,0,0,0,0,0,0,0,0,0.0,0.10714285714285714,0.17857142857142858,0.0,0.0,0.0,0.0,0.0,0.0,0.0,0.0
2023-10-09,浜名湖,1,予選,6,5300,横田海人,21,愛知,53,B2,1.38,0.0,1.76,0.0,12,52.53,11,46.67,曇り,北,2,1,6.69,5,差し,6,0.09,.  .,0.2236363636363636,0.2125,0,33,0,0,0,0,0,0,0,0,0,0,0.0,0.0,0.0,0.0,0.0,0.0,0.0,0.0,0.0,0.0,0.0
2023-10-09,浜名湖,2,予選,1,3748,小黒竜吾,48,埼玉,55,B1,3.81,16.46,4.0,19.05,35,41.46,23,30.0,曇り,北,1,1,6.67,2,差し,1,0.08,1.51.2,0.1569230769230769,0.1561827956989247,8,26,4,3,8,0,0,0,0,5,10,1,0.3076923076923077,0.15384615384615385,0.11538461538461539,0.3076923076923077,0.0,0.0,0.0,0.0,0.19230769230769232,0.38461538461538464,0.038461538461538464
2023-10-09,浜名湖,2,予選,2,4124,池田雄一,41,静岡,52,A1,6.27,48.18,6.08,45.65,31,25.22,50,20.0,曇り,北,1,1,6.67,3,差し,2,0.15,1.52.6,0.1534782608695652,0.1599603174603174,8,46,14,11,0,26,7,0,0,0,0,0,0.17391304347826086,0.30434782608695654,0.2391304347826087,0.0,0.5652173913043478,0.15217391304347827,0.0,0.0,0.0,0.0,0.0
2023-10-09,浜名湖,2,予選,3,3882,新田智彰,50,大阪,56,B1,5.1,34.23,6.13,40.0,11,39.17,37,9.09,曇り,北,1,1,6.71,4,差し,3,0.21,1.52.6,0.1691111111111111,0.1761538461538461,6,45,12,5,0,0,0,0,3,0,0,0,0.13333333333333333,0.26666666666666666,0.1111111111111111,0.0,0.0,0.0,0.0,0.06666666666666667,0.0,0.0,0.0
2023-10-09,浜名湖,2,予選,4,4281,大澤大夢,39,埼玉,53,B1,5.21,33.33,4.8,28.0,59,42.28,65,42.86,曇り,北,1,1,6.73,1,差し,4,0.19,1.49.7,0.1694285714285714,0.1652525252525252,3,35,5,6,0,0,0,0,3,0,0,0,0.08571428571428572,0.14285714285714285,0.17142857142857143,0.0,0.0,0.0,0.0,0.08571428571428572,0.0,0.0,0.0
2023-10-09,浜名湖,2,予選,5,3349,吉田一郎,55,長崎,50,A2,5.55,36.21,0.0,0.0,51,27.59,58,18.18,曇り,北,1,1,6.81,6,差し,5,0.13,.  .,0.1323529411764706,0.1511111111111111,5,34,4,3,0,0,0,0,4,0,0,0,0.14705882352941177,0.11764705882352941,0.08823529411764706,0.0,0.0,0.0,0.0,0.11764705882352941,0.0,0.0,0.0
2023-10-09,浜名湖,2,予選,6,4181,花本夏樹,40,三重,54,B1,4.5,24.27,4.03,15.38,54,33.33,21,23.08,曇り,北,1,1,6.77,5,差し,6,0.25,.  .,0.2263333333333333,0.1856331877729257,0,30,0,4,0,0,0,0,0,0,0,0,0.0,0.0,0.13333333333333333,0.0,0.0,0.0,0.0,0.0,0.0,0.0,0.0
2023-10-09,浜名湖,3,予選,1,5179,藤本元輝,26,兵庫,54,B1,3.68,20.55,3.44,11.11,26,35.77,20,60.0,曇り,北,1,1,6.73,3,まくり,1,0.01,2.02.0,0.1833333333333333,0.1752941176470588,6,18,1,3,6,0,0,0,0,1,7,3,0.3333333333333333,0.05555555555555555,0.16666666666666666,0.3333333333333333,0.0,0.0,0.0,0.0,0.05555555555555555,0.3888888888888889,0.16666666666666666
2023-10-09,浜名湖,3,予選,2,4204,柴田大輔,41,福岡,53,B1,4.33,25.58,4.0,18.75,40,33.06,75,0.0,曇り,北,1,1,6.53,4,まくり,6,0.14,2.03.8,0.186060606060606,0.1969587628865979,2,33,4,8,0,12,2,0,0,0,0,0,0.06060606060606061,0.12121212121212122,0.24242424242424243,0.0,0.36363636363636365,0.06060606060606061,0.0,0.0,0.0,0.0,0.0
2023-10-09,浜名湖,3,予選,3,3909,佐々木康,50,静岡,55,A1,6.26,45.04,6.35,44.78,64,29.51,59,22.22,曇り,北,1,1,6.66,2,まくり,2,0.07,1.59.2,0.1177272727272727,0.1228102189781021,9,44,7,13,0,0,0,1,7,0,0,0,0.20454545454545456,0.1590909090909091,0.29545454545454547,0.0,0.0,0.0,0.022727272727272728,0.1590909090909091,0.0,0.0,0.0
2023-10-09,浜名湖,3,予選,4,4395,下河雅史,37,福岡,55,B1,5.28,32.61,0.0,0.0,14,27.27,36,60.0,曇り,北,1,1,6.81,5,まくり,3,0.1,.  .,0.1711111111111111,0.1567741935483871,6,36,4,7,0,0,1,2,3,0,0,0,0.16666666666666666,0.1111111111111111,0.19444444444444445,0.0,0.0,0.027777777777777776,0.05555555555555555,0.08333333333333333,0.0,0.0,0.0
2023-10-09,浜名湖,3,予選,6,4037,別府正幸,44,埼玉,53,B1,5.63,35.64,4.86,27.03,38,47.97,22,54.55,曇り,北,1,1,6.67,1,まくり,5,0.17,1.55.2,0.1951851851851851,0.1669158878504673,1,27,3,5,0,0,0,0,1,0,0,0,0.037037037037037035,0.1111111111111111,0.18518518518518517,0.0,0.0,0.0,0.0,0.037037037037037035,0.0,0.0,0.0
2023-10-09,浜名湖,4,予選,1,4435,服部達哉,37,愛知,52,B1,5.73,35.05,6.0,43.4,16,23.08,72,0.0,曇り,北,2,1,6.72,2,まくり,1,0.2,1.50.9,0.1386206896551724,0.1644559585492228,18,29,2,3,18,0,0,0,0,6,2,3,0.6206896551724138,0.06896551724137931,0.10344827586206896,0.6206896551724138,0.0,0.0,0.0,0.0,0.20689655172413793,0.06896551724137931,0.10344827586206896
2023-10-09,浜名湖,4,予選,2,3461,渡邊哲也,56,静岡,57,B1,4.01,19.54,3.9,19.25,7,24.75,63,57.14,曇り,北,2,1,6.75,5,まくり,2,0.38,.  .,0.1894117647058823,0.1902870813397129,1,34,8,9,1,19,0,0,0,0,0,0,0.029411764705882353,0.23529411764705882,0.2647058823529412,0.029411764705882353,0.5588235294117647,0.0,0.0,0.0,0.0,0.0,0.0
2023-10-09,浜名湖,4,予選,3,4137,君島秀三,43,滋賀,54,A2,6.85,52.17,8.0,75.0,5,30.08,45,25.0,曇り,北,2,1,6.71,1,まくり,3,0.08,1.49.6,0.1506122448979591,0.144927536231884,8,49,13,9,0,0,0,5,2,0,0,0,0.16326530612244897,0.2653061224489796,0.1836734693877551,0.0,0.0,0.0,0.10204081632653061,0.04081632653061224,0.0,0.0,0.0
2023-10-09,浜名湖,4,予選,4,3852,澤　大介,51,三重,52,A2,5.36,32.58,5.17,29.17,32,34.68,64,25.0,曇り,北,2,1,6.7,3,まくり,4,0.11,1.52.6,0.18175,0.1690987124463519,2,40,10,9,0,0,0,0,2,0,0,0,0.05,0.25,0.225,0.0,0.0,0.0,0.0,0.05,0.0,0.0,0.0
2023-10-09,浜名湖,4,予選,5,5017,澤田尚也,24,滋賀,52,A1,6.91,53.1,6.78,60.78,9,34.96,73,33.33,曇り,北,2,1,6.72,6,まくり,5,0.1,.  .,0.1113636363636363,0.1229323308270676,5,44,9,4,0,0,0,0,4,0,0,0,0.11363636363636363,0.20454545454545456,0.09090909090909091,0.0,0.0,0.0,0.0,0.09090909090909091,0.0,0.0,0.0
2023-10-09,浜名湖,4,予選,6,5301,岩下巧斗,20,群馬,52,B2,2.0,0.0,0.0,0.0,53,25.24,54,37.5,曇り,北,2,1,6.77,4,まくり,6,0.1,1.52.8,0.1965306122448979,0.1910810810810811,0,49,0,3,0,0,0,0,0,0,0,0,0.0,0.0,0.061224489795918366,0.0,0.0,0.0,0.0,0.0,0.0,0.0,0.0
2023-10-09,浜名湖,5,ランチタイム,1,4287,今井貴士,39,福岡,57,A1,6.9,55.12,6.17,50.0,24,32.52,67,57.14,曇り,北,1,1,6.73,1,逃げ,1,0.03,1.48.8,0.1282894736842105,0.145016611295681,63,76,6,4,63,0,0,0,0,2,6,3,0.8289473684210527,0.07894736842105263,0.05263157894736842,0.8289473684210527,0.0,0.0,0.0,0.0,0.02631578947368421,0.07894736842105263,0.039473684210526314
2023-10-09,浜名湖,5,ランチタイム,2,3850,小川知行,51,群馬,52,B1,4.7,27.27,3.92,8.33,57,23.4,52,40.0,曇り,北,1,1,6.71,2,逃げ,2,0.03,1.51.7,0.1546153846153846,0.1445410628019323,7,39,11,5,0,17,5,2,0,0,0,0,0.1794871794871795,0.28205128205128205,0.1282051282051282,0.0,0.4358974358974359,0.1282051282051282,0.05128205128205128,0.0,0.0,0.0,0.0
2023-10-09,浜名湖,5,ランチタイム,3,3950,石川哲秀,47,大阪,54,B1,4.37,28.57,4.06,18.18,2,41.46,34,30.0,曇り,北,1,1,6.74,4,逃げ,3,0.02,1.53.5,0.14625,0.1480745341614907,1,32,3,7,0,0,0,1,0,0,0,0,0.03125,0.09375,0.21875,0.0,0.0,0.0,0.03125,0.0,0.0,0.0,0.0
2023-10-09,浜名湖,5,ランチタイム,4,3346,宮本裕之,56,兵庫,52,B1,3.95,20.55,4.11,24.44,37,23.16,17,11.11,曇り,北,1,1,6.75,5,逃げ,4,0.08,.  .,0.1896,0.1797777777777778,3,25,1,4,0,0,0,2,0,0,0,0,0.12,0.04,0.16,0.0,0.0,0.0,0.08,0.0,0.0,0.0,0.0
2023-10-09,浜名湖,5,ランチタイム,5,4916,中村聡志,36,群馬,55,B2,3.95,21.62,4.3,30.0,4,36.64,55,0.0,曇り,北,1,1,6.76,6,逃げ,5,0.03,.  .,0.1392307692307692,0.1273863636363636,0,13,1,1,0,0,0,0,0,0,0,0,0.0,0.07692307692307693,0.07692307692307693,0.0,0.0,0.0,0.0,0.0,0.0,0.0,0.0
2023-10-09,浜名湖,5,ランチタイム,6,3065,増田弘喜,63,埼玉,56,B1,3.74,12.86,3.86,9.09,13,35.19,71,50.0,曇り,北,1,1,6.74,3,逃げ,6,0.09,1.52.8,0.2766666666666666,0.2140776699029126,0,24,1,3,0,0,0,0,0,0,0,0,0.0,0.041666666666666664,0.125,0.0,0.0,0.0,0.0,0.0,0.0,0.0,0.0
2023-10-09,浜名湖,6,ランチタイム,1,3740,大澤普司,49,群馬,54,A2,6.11,41.3,6.57,50.0,61,25.81,74,0.0,曇り,北,1,1,6.73,1,逃げ,1,0.16,1.49.5,0.1577083333333333,0.1590588235294117,25,48,10,3,24,0,0,0,0,8,7,6,0.5208333333333334,0.20833333333333334,0.0625,0.5,0.0,0.0,0.0,0.0,0.16666666666666666,0.14583333333333334,0.125
2023-10-09,浜名湖,6,ランチタイム,2,4740,齋藤達希,31,静岡,53,B1,4.26,20.41,4.26,21.05,48,25.49,28,70.0,曇り,北,1,1,6.75,3,逃げ,2,0.12,1.52.8,0.1687878787878788,0.1819444444444444,2,33,7,6,0,17,1,1,0,0,0,0,0.06060606060606061,0.21212121212121213,0.18181818181818182,0.0,0.5151515151515151,0.030303030303030304,0.030303030303030304,0.0,0.0,0.0,0.0
2023-10-09,浜名湖,6,ランチタイム,3,3652,森下　勇,50,群馬,57,B1,4.08,22.22,3.56,22.22,56,25.0,33,33.33,曇り,北,1,1,6.83,6,逃げ,3,0.15,.  .,0.1782051282051282,0.1815422885572139,1,39,4,8,0,0,0,1,0,0,0,0,0.02564102564102564,0.10256410256410256,0.20512820512820512,0.0,0.0,0.0,0.02564102564102564,0.0,0.0,0.0,0.0
2023-10-09,浜名湖,6,ランチタイム,4,3489,大場　敏,56,静岡,53,A1,6.4,45.24,6.47,44.25,46,25.93,62,42.86,曇り,北,1,1,6.73,2,逃げ,4,0.19,1.50.9,0.1604081632653061,0.1625901639344262,3,49,19,10,0,0,1,0,2,0,0,0,0.061224489795918366,0.3877551020408163,0.20408163265306123,0.0,0.0,0.02040816326530612,0.0,0.04081632653061224,0.0,0.0,0.0
2023-10-09,浜名湖,6,ランチタイム,5,3748,小黒竜吾,48,埼玉,55,B1,3.81,16.46,4.0,19.05,35,41.46,23,30.0,曇り,北,1,1,6.66,5,逃げ,5,0.19,.  .,0.1493548387096774,0.1561827956989247,1,31,3,3,0,0,0,0,1,0,0,0,0.03225806451612903,0.0967741935483871,0.0967741935483871,0.0,0.0,0.0,0.0,0.03225806451612903,0.0,0.0,0.0
2023-10-09,浜名湖,6,ランチタイム,6,3804,中渡修作,49,福岡,55,B1,4.66,26.32,4.82,29.41,33,33.33,41,60.0,曇り,北,1,1,6.72,4,逃げ,6,0.21,1.53.3,0.2028125,0.1652118644067796,0,32,3,7,0,0,0,0,0,0,0,0,0.0,0.09375,0.21875,0.0,0.0,0.0,0.0,0.0,0.0,0.0,0.0
2023-10-09,浜名湖,7,予選,1,4588,田中京介,32,福岡,56,B1,5.38,37.18,5.86,42.86,18,41.27,68,14.29,曇り,北,1,1,6.66,1,逃げ,1,0.12,1.49.7,0.138235294117647,0.1445454545454545,21,34,6,4,21,0,0,0,0,3,4,5,0.6176470588235294,0.17647058823529413,0.11764705882352941,0.6176470588235294,0.0,0.0,0.0,0.0,0.08823529411764706,0.11764705882352941,0.14705882352941177
2023-10-09,浜名湖,7,予選,2,3882,新田智彰,50,大阪,56,B1,5.1,34.23,6.13,40.0,11,39.17,37,9.09,曇り,北,1,1,6.7,2,逃げ,2,0.15,1.50.3,0.1638095238095238,0.1761538461538461,7,42,11,3,0,18,3,3,0,0,0,0,0.16666666666666666,0.2619047619047619,0.07142857142857142,0.0,0.42857142857142855,0.07142857142857142,0.07142857142857142,0.0,0.0,0.0,0.0
2023-10-09,浜名湖,7,予選,3,3656,伯母芳恒,49,東京,56,A2,4.52,27.47,5.11,37.14,49,37.12,70,37.5,曇り,北,1,1,6.75,5,逃げ,3,0.2,.  .,0.1510526315789473,0.1694583333333333,4,38,8,7,0,0,1,1,2,0,0,0,0.10526315789473684,0.21052631578947367,0.18421052631578946,0.0,0.0,0.02631578947368421,0.02631578947368421,0.05263157894736842,0.0,0.0,0.0
2023-10-09,浜名湖,7,予選,4,3681,山谷　央,50,東京,51,A2,5.21,29.91,5.65,43.24,65,34.13,53,80.0,曇り,北,1,1,6.7,3,逃げ,4,0.14,1.51.7,0.1693181818181818,0.1637499999999999,4,44,6,15,0,0,1,1,1,0,0,0,0.09090909090909091,0.13636363636363635,0.3409090909090909,0.0,0.0,0.022727272727272728,0.022727272727272728,0.022727272727272728,0.0,0.0,0.0
2023-10-09,浜名湖,7,予選,5,3941,池田浩二,45,愛知,52,A1,8.04,61.9,7.22,54.05,21,31.36,76,14.29,曇り,北,1,1,6.72,4,逃げ,5,0.13,1.53.2,0.1255,0.1186770428015564,10,40,7,6,0,0,1,1,8,0,0,0,0.25,0.175,0.15,0.0,0.0,0.025,0.025,0.2,0.0,0.0,0.0
2023-10-09,浜名湖,7,予選,6,4204,柴田大輔,41,福岡,53,B1,4.33,25.58,4.0,18.75,40,33.06,75,0.0,曇り,北,1,1,6.48,6,逃げ,6,0.14,.  .,0.1979310344827586,0.1969587628865979,3,29,2,7,0,0,0,2,0,0,0,0,0.10344827586206896,0.06896551724137931,0.2413793103448276,0.0,0.0,0.0,0.06896551724137931,0.0,0.0,0.0,0.0
2023-10-09,浜名湖,8,予選,1,4565,西村豪洋,35,愛知,53,B1,4.89,25.35,5.22,32.0,55,25.53,47,30.0,曇り,北,1,1,6.7,1,逃げ,1,0.14,1.49.9,0.1813043478260869,0.1776646706586826,8,23,3,4,5,0,0,0,0,5,3,6,0.34782608695652173,0.13043478260869565,0.17391304347826086,0.21739130434782608,0.0,0.0,0.0,0.0,0.21739130434782608,0.13043478260869565,0.2608695652173913
2023-10-09,浜名湖,8,予選,2,4943,八木治樹,32,愛知,53,B1,4.55,19.4,5.0,36.84,15,29.6,38,40.0,曇り,北,1,1,6.72,4,逃げ,2,0.1,1.51.9,0.1396,0.1570588235294117,2,25,6,5,0,16,2,0,0,0,0,0,0.08,0.24,0.2,0.0,0.64,0.08,0.0,0.0,0.0,0.0,0.0
2023-10-09,浜名湖,8,予選,3,5017,澤田尚也,24,滋賀,52,A1,6.91,53.1,6.78,60.78,9,34.96,73,33.33,曇り,北,1,1,6.66,3,逃げ,3,0.06,1.51.9,0.1169444444444444,0.1229323308270676,11,36,14,5,0,0,4,4,3,0,0,0,0.3055555555555556,0.3888888888888889,0.1388888888888889,0.0,0.0,0.1111111111111111,0.1111111111111111,0.08333333333333333,0.0,0.0,0.0
2023-10-09,浜名湖,8,予選,4,4120,柘植政浩,42,滋賀,52,A2,5.69,37.38,5.3,40.0,47,25.0,14,66.67,曇り,北,1,1,6.68,2,逃げ,4,0.13,1.50.7,0.1573469387755102,0.1551127819548872,7,49,5,8,0,0,2,1,2,0,0,0,0.14285714285714285,0.10204081632653061,0.16326530612244897,0.0,0.0,0.04081632653061224,0.02040816326530612,0.04081632653061224,0.0,0.0,0.0
2023-10-09,浜名湖,8,予選,5,4037,別府正幸,44,埼玉,53,B1,5.63,35.64,4.86,27.03,38,47.97,22,54.55,曇り,北,1,1,6.63,6,逃げ,5,0.13,.  .,0.1792307692307692,0.1669158878504673,2,39,5,5,0,0,0,1,1,0,0,0,0.05128205128205128,0.1282051282051282,0.1282051282051282,0.0,0.0,0.0,0.02564102564102564,0.02564102564102564,0.0,0.0,0.0
2023-10-09,浜名湖,8,予選,6,3349,吉田一郎,55,長崎,50,A2,5.55,36.21,0.0,0.0,51,27.59,58,18.18,曇り,北,1,1,6.78,5,逃げ,6,0.19,.  .,0.1817647058823529,0.1511111111111111,0,34,5,6,0,0,0,0,0,0,0,0,0.0,0.14705882352941177,0.17647058823529413,0.0,0.0,0.0,0.0,0.0,0.0,0.0,0.0
2023-10-09,浜名湖,9,予選特賞,2,3422,服部幸男,52,静岡,55,A1,6.77,56.45,6.51,49.35,43,23.26,30,45.45,曇り,北,1,1,6.7,1,逃げ,1,0.08,1.49.7,0.1688636363636363,0.1587265917602996,10,44,15,6,0,24,4,6,0,0,0,0,0.22727272727272727,0.3409090909090909,0.13636363636363635,0.0,0.5454545454545454,0.09090909090909091,0.13636363636363635,0.0,0.0,0.0,0.0
2023-10-09,浜名湖,9,予選特賞,3,3461,渡邊哲也,56,静岡,57,B1,4.01,19.54,3.9,19.25,7,24.75,63,57.14,曇り,北,1,1,6.76,3,逃げ,2,0.08,1.52.2,0.19,0.1902870813397129,2,40,1,9,0,0,0,2,0,0,0,0,0.05,0.025,0.225,0.0,0.0,0.0,0.05,0.0,0.0,0.0,0.0
2023-10-09,浜名湖,9,予選特賞,4,3370,坪内　実,56,大阪,54,B2,4.18,19.74,3.62,13.51,25,36.36,60,14.29,曇り,北,1,1,6.7,5,逃げ,3,0.15,.  .,0.1518181818181818,0.1834722222222222,0,22,3,3,0,0,0,0,0,0,0,0,0.0,0.13636363636363635,0.13636363636363635,0.0,0.0,0.0,0.0,0.0,0.0,0.0,0.0
2023-10-09,浜名湖,9,予選特賞,5,4287,今井貴士,39,福岡,57,A1,6.9,55.12,6.17,50.0,24,32.52,67,57.14,曇り,北,1,1,6.75,2,逃げ,4,0.19,1.50.5,0.1475510204081632,0.145016611295681,6,49,9,16,0,0,1,2,3,0,0,0,0.12244897959183673,0.1836734693877551,0.32653061224489793,0.0,0.0,0.02040816326530612,0.04081632653061224,0.061224489795918366,0.0,0.0,0.0
2023-10-09,浜名湖,9,予選特賞,6,4555,富永大一,34,福岡,54,B1,5.01,33.33,0.0,0.0,62,42.97,27,70.0,曇り,北,1,1,6.64,4,逃げ,5,0.13,1.52.5,0.2197222222222222,0.196780487804878,0,36,1,3,0,0,0,0,0,0,0,0,0.0,0.027777777777777776,0.08333333333333333,0.0,0.0,0.0,0.0,0.0,0.0,0.0,0.0
2023-10-09,浜名湖,10,予選特賞,1,3852,澤　大介,51,三重,52,A2,5.36,32.58,5.17,29.17,32,34.68,64,25.0,曇り,北,2,1,6.72,1,逃げ,1,0.07,1.49.2,0.16425,0.1690987124463519,22,40,7,2,22,0,0,0,0,7,5,5,0.55,0.175,0.05,0.55,0.0,0.0,0.0,0.0,0.175,0.125,0.125
2023-10-09,浜名湖,10,予選特賞,2,4191,赤羽克也,42,埼玉,54,A1,7.14,62.26,6.59,51.22,66,24.69,61,14.29,曇り,北,2,1,6.73,2,逃げ,2,0.09,1.50.4,0.1407317073170731,0.1558798283261802,11,41,9,10,0,20,4,6,0,0,0,0,0.2682926829268293,0.21951219512195122,0.24390243902439024,0.0,0.4878048780487805,0.0975609756097561,0.14634146341463414,0.0,0.0,0.0,0.0
2023-10-09,浜名湖,10,予選特賞,3,5050,木下雄介,28,滋賀,51,B1,4.98,32.14,4.56,31.25,41,26.79,69,42.86,曇り,北,2,1,6.7,3,逃げ,3,0.11,1.51.6,0.1562068965517241,0.1660773480662983,2,29,7,6,0,0,1,0,0,0,0,0,0.06896551724137931,0.2413793103448276,0.20689655172413793,0.0,0.0,0.034482758620689655,0.0,0.0,0.0,0.0,0.0
2023-10-09,浜名湖,10,予選特賞,4,3065,増田弘喜,63,埼玉,56,B1,3.74,12.86,3.86,9.09,13,35.19,71,50.0,曇り,北,2,1,6.82,6,逃げ,4,0.22,.  .,0.2159459459459459,0.2140776699029126,0,37,6,9,0,0,0,0,0,0,0,0,0.0,0.16216216216216217,0.24324324324324326,0.0,0.0,0.0,0.0,0.0,0.0,0.0,0.0
2023-10-09,浜名湖,10,予選特賞,5,4181,花本夏樹,40,三重,54,B1,4.5,24.27,4.03,15.38,54,33.33,21,23.08,曇り,北,2,1,6.74,5,逃げ,5,0.2,.  .,0.2127027027027027,0.1856331877729257,1,37,3,7,0,0,1,0,0,0,0,0,0.02702702702702703,0.08108108108108109,0.1891891891891892,0.0,0.0,0.02702702702702703,0.0,0.0,0.0,0.0,0.0
2023-10-09,浜名湖,10,予選特賞,6,3489,大場　敏,56,静岡,53,A1,6.4,45.24,6.47,44.25,46,25.93,62,42.86,曇り,北,2,1,6.79,4,逃げ,6,0.2,1.52.8,0.1837209302325581,0.1625901639344262,4,43,8,11,0,0,2,1,0,0,0,0,0.09302325581395349,0.18604651162790697,0.2558139534883721,0.0,0.0,0.046511627906976744,0.023255813953488372,0.0,0.0,0.0,0.0
2023-10-09,浜名湖,11,予選特選,1,3412,鈴木　博,54,埼玉,53,A2,6.31,41.88,4.36,21.43,44,27.08,32,36.36,曇り,北,2,1,6.75,2,差し,1,0.08,1.50.7,0.1449090909090909,0.163838028169014,35,55,6,8,34,0,0,0,0,6,8,6,0.6363636363636364,0.10909090909090909,0.14545454545454545,0.6181818181818182,0.0,0.0,0.0,0.0,0.10909090909090909,0.14545454545454545,0.10909090909090909
2023-10-09,浜名湖,11,予選特選,2,3941,池田浩二,45,愛知,52,A1,8.04,61.9,7.22,54.05,21,31.36,76,14.29,曇り,北,2,1,6.79,1,差し,2,0.14,1.49.5,0.1126190476190476,0.1186770428015564,9,42,20,5,0,21,8,1,0,0,0,0,0.21428571428571427,0.47619047619047616,0.11904761904761904,0.0,0.5,0.19047619047619047,0.023809523809523808,0.0,0.0,0.0,0.0
2023-10-09,浜名湖,11,予選特選,3,3346,宮本裕之,56,兵庫,52,B1,3.95,20.55,4.11,24.44,37,23.16,17,11.11,曇り,北,2,1,6.81,4,差し,3,0.15,1.53.3,0.17625,0.1797777777777778,2,24,3,5,0,0,0,0,2,0,0,0,0.08333333333333333,0.125,0.20833333333333334,0.0,0.0,0.0,0.0,0.08333333333333333,0.0,0.0,0.0
2023-10-09,浜名湖,11,予選特選,4,4740,齋藤達希,31,静岡,53,B1,4.26,20.41,4.26,21.05,48,25.49,28,70.0,曇り,北,2,1,6.76,5,差し,4,0.17,.  .,0.1815151515151515,0.1819444444444444,1,33,3,5,0,0,1,0,0,0,0,0,0.030303030303030304,0.09090909090909091,0.15151515151515152,0.0,0.0,0.030303030303030304,0.0,0.0,0.0,0.0,0.0
2023-10-09,浜名湖,11,予選特選,5,4137,君島秀三,43,滋賀,54,A2,6.85,52.17,8.0,75.0,5,30.08,45,25.0,曇り,北,2,1,6.76,3,差し,5,0.15,1.52.6,0.1512820512820513,0.144927536231884,2,39,7,10,0,0,0,1,1,0,0,0,0.05128205128205128,0.1794871794871795,0.2564102564102564,0.0,0.0,0.0,0.02564102564102564,0.02564102564102564,0.0,0.0,0.0
2023-10-09,浜名湖,11,予選特選,6,4281,大澤大夢,39,埼玉,53,B1,5.21,33.33,4.8,28.0,59,42.28,65,42.86,曇り,北,2,1,6.7,6,差し,6,0.22,.  .,0.1951724137931034,0.1652525252525252,1,29,0,2,0,0,0,1,0,0,0,0,0.034482758620689655,0.0,0.06896551724137931,0.0,0.0,0.0,0.034482758620689655,0.0,0.0,0.0,0.0
2023-10-09,浜名湖,12,予選特選,1,3909,佐々木康,50,静岡,55,A1,6.26,45.04,6.35,44.78,64,29.51,59,22.22,曇り,北,1,1,6.7,1,逃げ,1,0.17,1.52.6,0.1222641509433962,0.1228102189781021,35,53,11,2,35,0,0,0,0,5,6,5,0.660377358490566,0.20754716981132076,0.03773584905660377,0.660377358490566,0.0,0.0,0.0,0.0,0.09433962264150944,0.11320754716981132,0.09433962264150944
2023-10-09,浜名湖,12,予選特選,2,3681,山谷　央,50,東京,51,A2,5.21,29.91,5.65,43.24,65,34.13,53,80.0,曇り,北,1,1,6.68,3,逃げ,2,0.11,1.58.1,0.145,0.1637499999999999,7,44,15,7,0,20,6,1,0,0,0,0,0.1590909090909091,0.3409090909090909,0.1590909090909091,0.0,0.45454545454545453,0.13636363636363635,0.022727272727272728,0.0,0.0,0.0,0.0
2023-10-09,浜名湖,12,予選特選,3,4124,池田雄一,41,静岡,52,A1,6.27,48.18,6.08,45.65,31,25.22,50,20.0,曇り,北,1,1,6.68,2,逃げ,3,0.15,1.55.3,0.1562790697674418,0.1599603174603174,6,43,16,12,0,0,0,3,2,0,0,0,0.13953488372093023,0.37209302325581395,0.27906976744186046,0.0,0.0,0.0,0.06976744186046512,0.046511627906976744,0.0,0.0,0.0
2023-10-09,浜名湖,12,予選特選,4,3804,中渡修作,49,福岡,55,B1,4.66,26.32,4.82,29.41,33,33.33,41,60.0,曇り,北,1,1,6.77,5,逃げ,4,0.19,.  .,0.149,0.1652118644067796,2,40,10,6,0,0,0,1,1,0,0,0,0.05,0.25,0.15,0.0,0.0,0.0,0.025,0.025,0.0,0.0,0.0
2023-10-09,浜名湖,12,予選特選,6,4120,柘植政浩,42,滋賀,52,A2,5.69,37.38,5.3,40.0,47,25.0,14,66.67,曇り,北,1,1,6.78,4,逃げ,6,0.2,2.00.8,0.1637142857142857,0.1551127819548872,1,35,2,7,0,0,1,0,0,0,0,0,0.02857142857142857,0.05714285714285714,0.2,0.0,0.0,0.02857142857142857,0.0,0.0,0.0,0.0,0.0
2023-10-09,平和島,1,予選,1,3334,角ひとみ,55,広島,45,B1,4.73,29.55,6.18,45.45,66,39.68,65,24.14,雨,北,4,4,6.79,3,差し,1,0.08,1.54.0,0.2092105263157894,0.2037619047619047,15,38,9,0,14,0,0,0,0,7,6,4,0.39473684210526316,0.23684210526315788,0.0,0.3684210526315789,0.0,0.0,0.0,0.0,0.18421052631578946,0.15789473684210525,0.10526315789473684
2023-10-09,平和島,1,予選,2,4093,吉田宗弘,42,東京,51,B1,4.39,26.09,4.93,28.36,34,33.87,63,23.44,雨,北,4,4,6.78,4,差し,2,0.13,1.56.0,0.2017391304347826,0.2064285714285714,1,23,5,7,0,8,1,0,0,0,0,0,0.043478260869565216,0.21739130434782608,0.30434782608695654,0.0,0.34782608695652173,0.043478260869565216,0.0,0.0,0.0,0.0,0.0
2023-10-09,平和島,1,予選,3,3589,西村　勝,50,埼玉,56,A2,5.3,38.64,5.45,42.86,69,26.23,16,33.33,雨,北,4,4,6.88,1,差し,3,0.07,1.50.6,0.1768571428571428,0.1690547263681591,5,35,7,9,0,0,1,2,2,0,0,0,0.14285714285714285,0.2,0.2571428571428571,0.0,0.0,0.02857142857142857,0.05714285714285714,0.05714285714285714,0.0,0.0,0.0
2023-10-09,平和島,1,予選,4,3788,一宮稔弘,52,徳島,53,A1,5.8,34.91,0.0,0.0,60,39.71,75,39.13,雨,北,4,4,6.77,2,差し,4,0.06,1.51.5,0.1384090909090909,0.1349999999999999,7,44,10,9,0,0,0,4,3,0,0,0,0.1590909090909091,0.22727272727272727,0.20454545454545456,0.0,0.0,0.0,0.09090909090909091,0.06818181818181818,0.0,0.0,0.0
2023-10-09,平和島,1,予選,5,3482,金子猛志,52,群馬,61,B1,4.26,25.0,4.48,26.0,63,36.51,59,36.92,雨,北,4,4,6.82,6,差し,5,0.09,.  .,0.1593548387096774,0.1600934579439252,2,31,1,6,0,0,0,1,1,0,0,0,0.06451612903225806,0.03225806451612903,0.1935483870967742,0.0,0.0,0.0,0.03225806451612903,0.03225806451612903,0.0,0.0,0.0
2023-10-09,平和島,1,予選,6,5306,河内悠利,20,群馬,47,B2,1.25,0.0,0.0,0.0,12,29.23,70,27.78,雨,北,4,4,6.83,5,差し,6,0.12,.  .,0.2433333333333333,0.2286440677966101,0,39,0,1,0,0,0,0,0,0,0,0,0.0,0.0,0.02564102564102564,0.0,0.0,0.0,0.0,0.0,0.0,0.0,0.0
2023-10-09,平和島,2,予選,1,4461,安田吉宏,37,三重,55,B1,4.45,24.42,4.38,20.83,62,29.69,44,38.1,雨,北,3,4,6.73,1,逃げ,1,0.14,1.50.7,0.1425,0.1702717391304347,11,28,3,3,11,0,0,0,0,2,11,3,0.39285714285714285,0.10714285714285714,0.10714285714285714,0.39285714285714285,0.0,0.0,0.0,0.0,0.07142857142857142,0.39285714285714285,0.10714285714285714
2023-10-09,平和島,2,予選,2,5019,柴田百恵,23,静岡,45,B1,5.48,34.07,3.95,18.42,40,22.58,64,32.0,雨,北,3,4,6.75,5,逃げ,2,0.18,.  .,0.1916666666666666,0.1976666666666666,3,30,3,7,0,10,2,1,0,0,0,0,0.1,0.1,0.23333333333333334,0.0,0.3333333333333333,0.06666666666666667,0.03333333333333333,0.0,0.0,0.0,0.0
2023-10-09,平和島,2,予選,3,3543,福田雅一,54,香川,54,A2,6.13,44.71,0.0,0.0,26,27.87,73,35.71,雨,北,3,4,6.83,6,逃げ,3,0.14,.  .,0.145,0.1524752475247524,4,36,9,6,0,0,0,4,0,0,0,0,0.1111111111111111,0.25,0.16666666666666666,0.0,0.0,0.0,0.1111111111111111,0.0,0.0,0.0,0.0
2023-10-09,平和島,2,予選,4,4010,越智照浩,44,香川,57,B1,4.07,14.63,0.0,0.0,24,21.88,53,27.66,雨,北,3,4,6.77,3,逃げ,4,0.11,1.53.5,0.1455263157894737,0.1818274111675127,1,38,3,10,0,0,0,0,1,0,0,0,0.02631578947368421,0.07894736842105263,0.2631578947368421,0.0,0.0,0.0,0.0,0.02631578947368421,0.0,0.0,0.0
2023-10-09,平和島,2,予選,5,3722,西村秀樹,53,福岡,53,B1,3.83,12.31,0.0,0.0,74,28.57,11,47.83,雨,北,3,4,6.79,4,逃げ,5,0.08,1.54.9,0.1567857142857142,0.1546820809248555,0,28,1,3,0,0,0,0,0,0,0,0,0.0,0.03571428571428571,0.10714285714285714,0.0,0.0,0.0,0.0,0.0,0.0,0.0,0.0
2023-10-09,平和島,2,予選,6,4351,里岡右貴,37,福岡,55,A1,6.25,45.28,7.71,71.43,64,26.98,21,40.0,雨,北,3,4,6.75,2,逃げ,6,0.12,1.51.2,0.1105,0.1219844357976653,2,40,6,14,0,0,1,1,0,0,0,0,0.05,0.15,0.35,0.0,0.0,0.025,0.025,0.0,0.0,0.0,0.0
2023-10-09,平和島,3,予選,1,4635,峰重力也,33,岡山,53,B1,5.03,31.65,0.0,0.0,27,33.33,15,16.67,雨,北,4,4,6.73,2,まくり,1,0.13,1.51.5,0.1,0.1196774193548387,13,26,4,4,13,0,0,0,0,7,3,3,0.5,0.15384615384615385,0.15384615384615385,0.5,0.0,0.0,0.0,0.0,0.2692307692307692,0.11538461538461539,0.11538461538461539
2023-10-09,平和島,3,予選,2,3467,森　弘行,55,東京,53,B1,3.94,17.05,3.89,18.98,48,57.97,56,25.68,雨,北,4,4,6.7,5,まくり,2,0.19,.  .,0.1691111111111111,0.1800444444444444,2,45,9,5,0,18,2,0,0,0,0,0,0.044444444444444446,0.2,0.1111111111111111,0.0,0.4,0.044444444444444446,0.0,0.0,0.0,0.0,0.0
2023-10-09,平和島,3,予選,3,3876,中辻崇人,46,福岡,53,A1,7.15,61.26,0.0,0.0,11,35.0,58,26.67,雨,北,4,4,6.75,1,まくり,3,0.14,1.50.4,0.1275,0.1399999999999999,6,32,10,5,0,0,0,3,2,0,0,0,0.1875,0.3125,0.15625,0.0,0.0,0.0,0.09375,0.0625,0.0,0.0,0.0
2023-10-09,平和島,3,予選,4,3419,栗原謙治,53,群馬,55,B1,3.66,17.65,4.69,22.86,47,38.1,67,42.37,雨,北,4,4,6.83,4,まくり,4,0.2,1.54.6,0.2425925925925925,0.2167039106145251,1,27,3,4,0,0,0,1,0,0,0,0,0.037037037037037035,0.1111111111111111,0.14814814814814814,0.0,0.0,0.0,0.037037037037037035,0.0,0.0,0.0,0.0
2023-10-09,平和島,3,予選,5,4348,宮崎　奨,38,香川,53,A2,5.43,30.97,0.0,0.0,58,30.16,46,41.89,雨,北,4,4,6.81,3,まくり,5,0.15,1.53.2,0.17,0.1570881226053639,1,38,4,9,0,0,0,0,0,0,0,0,0.02631578947368421,0.10526315789473684,0.23684210526315788,0.0,0.0,0.0,0.0,0.0,0.0,0.0,0.0
2023-10-09,平和島,3,予選,6,3505,山田竜一,52,東京,53,A2,5.46,26.13,5.83,35.83,35,45.16,68,33.93,雨,北,4,4,6.77,6,まくり,6,0.14,.  .,0.1596296296296296,0.1555504587155963,0,27,3,7,0,0,0,0,0,0,0,0,0.0,0.1111111111111111,0.25925925925925924,0.0,0.0,0.0,0.0,0.0,0.0,0.0,0.0
2023-10-09,平和島,4,予選,1,3533,佐川正道,51,埼玉,50,B1,4.87,29.67,4.86,28.0,73,46.15,60,25.0,雨,北,4,4,6.71,2,まくり差し,1,0.1,1.51.8,0.1719230769230769,0.1903164556962025,8,26,6,1,6,0,0,0,0,7,7,3,0.3076923076923077,0.23076923076923078,0.038461538461538464,0.23076923076923078,0.0,0.0,0.0,0.0,0.2692307692307692,0.2692307692307692,0.11538461538461539
2023-10-09,平和島,4,予選,2,4779,伊倉　光,37,東京,50,B2,0.0,0.0,4.44,25.0,41,21.88,74,40.32,雨,北,4,4,6.75,5,まくり差し,2,0.08,.  .,0.19,0.1495,0,2,0,2,0,0,0,0,0,0,0,0,0.0,0.0,1.0,0.0,0.0,0.0,0.0,0.0,0.0,0.0,0.0
2023-10-09,平和島,4,予選,3,5184,飯塚　響,24,群馬,44,B2,2.29,3.23,1.69,2.78,19,37.5,48,30.88,雨,北,4,4,6.74,6,まくり差し,3,0.19,.  .,0.2325,0.1983838383838383,1,8,1,0,0,0,0,1,0,0,0,0,0.125,0.125,0.0,0.0,0.0,0.0,0.125,0.0,0.0,0.0,0.0
2023-10-09,平和島,4,予選,4,3319,山崎義明,56,埼玉,51,A2,5.7,33.65,6.02,39.58,53,25.0,57,35.29,雨,北,4,4,6.78,1,まくり差し,4,0.03,1.50.2,0.154390243902439,0.14828125,7,41,4,8,0,0,3,2,2,0,0,0,0.17073170731707318,0.0975609756097561,0.1951219512195122,0.0,0.0,0.07317073170731707,0.04878048780487805,0.04878048780487805,0.0,0.0,0.0
2023-10-09,平和島,4,予選,5,5175,島崎丈一,19,東京,52,B1,3.51,12.9,2.04,4.29,75,34.38,50,33.82,雨,北,4,4,6.83,4,まくり差し,6,0.18,1.54.0,0.2059375,0.1900584795321637,0,32,1,4,0,0,0,0,0,0,0,0,0.0,0.03125,0.125,0.0,0.0,0.0,0.0,0.0,0.0,0.0,0.0
2023-10-09,平和島,4,予選,6,4043,桐本康臣,44,三重,54,A1,5.87,40.71,6.67,50.0,37,36.07,55,34.43,雨,北,4,4,6.72,3,まくり差し,5,0.14,1.52.8,0.1755555555555555,0.158984375,5,36,6,10,0,0,2,1,1,0,0,0,0.1388888888888889,0.16666666666666666,0.2777777777777778,0.0,0.0,0.05555555555555555,0.027777777777777776,0.027777777777777776,0.0,0.0,0.0
2023-10-09,平和島,5,東京ベイラン,1,4451,松崎祐太,35,福岡,52,A1,6.39,43.86,0.0,0.0,70,35.48,49,20.97,雨,北,4,3,6.77,1,逃げ,1,0.12,1.50.2,0.1489473684210526,0.170495867768595,42,57,10,3,39,0,0,0,0,2,1,9,0.7368421052631579,0.17543859649122806,0.05263157894736842,0.6842105263157895,0.0,0.0,0.0,0.0,0.03508771929824561,0.017543859649122806,0.15789473684210525
2023-10-09,平和島,5,東京ベイラン,2,3482,金子猛志,52,群馬,61,B1,4.26,25.0,4.48,26.0,63,36.51,59,36.92,雨,北,4,3,6.78,6,逃げ,2,0.11,.  .,0.1710526315789473,0.1600934579439252,2,38,8,8,0,18,2,0,0,0,0,0,0.05263157894736842,0.21052631578947367,0.21052631578947367,0.0,0.47368421052631576,0.05263157894736842,0.0,0.0,0.0,0.0,0.0
2023-10-09,平和島,5,東京ベイラン,3,5133,堀越雄貴,24,東京,50,B1,4.74,25.66,2.81,4.76,18,23.33,19,30.91,雨,北,4,3,6.79,2,逃げ,3,0.1,1.52.7,0.1829411764705882,0.1835175879396985,1,34,8,5,0,0,0,1,0,0,0,0,0.029411764705882353,0.23529411764705882,0.14705882352941177,0.0,0.0,0.0,0.029411764705882353,0.0,0.0,0.0,0.0
2023-10-09,平和島,5,東京ベイラン,4,5010,宇留田翔,26,三重,55,B1,4.95,31.58,5.5,35.0,22,41.94,45,39.06,雨,北,4,3,6.8,4,逃げ,4,0.12,1.54.1,0.1858536585365853,0.1751315789473684,2,41,3,7,0,0,0,2,0,0,0,0,0.04878048780487805,0.07317073170731707,0.17073170731707318,0.0,0.0,0.0,0.04878048780487805,0.0,0.0,0.0,0.0
2023-10-09,平和島,5,東京ベイラン,5,3604,武藤綾子,53,福岡,48,B1,4.37,21.92,2.67,0.0,50,22.81,71,18.97,雨,北,4,3,6.86,5,逃げ,5,0.22,.  .,0.1940625,0.1997959183673469,0,32,3,7,0,0,0,0,0,0,0,0,0.0,0.09375,0.21875,0.0,0.0,0.0,0.0,0.0,0.0,0.0,0.0
2023-10-09,平和島,5,東京ベイラン,6,3893,汐崎正則,47,愛知,53,B1,5.11,36.11,7.13,50.0,67,40.0,61,27.12,雨,北,4,3,6.79,3,逃げ,6,0.11,1.53.3,0.1886363636363636,0.1603550295857988,0,22,1,4,0,0,0,0,0,0,0,0,0.0,0.045454545454545456,0.18181818181818182,0.0,0.0,0.0,0.0,0.0,0.0,0.0,0.0
2023-10-09,平和島,6,予選,1,3934,鋤柄貴俊,46,愛知,53,B1,4.75,29.23,5.91,45.45,57,39.68,54,41.67,雨,北,4,4,6.84,1,逃げ,1,0.21,1.49.8,0.157,0.1663265306122449,9,30,12,3,8,0,0,0,0,11,8,2,0.3,0.4,0.1,0.26666666666666666,0.0,0.0,0.0,0.0,0.36666666666666664,0.26666666666666666,0.06666666666666667
2023-10-09,平和島,6,予選,2,5155,内山七海,26,福岡,44,B1,4.68,33.33,0.0,0.0,16,55.22,66,23.33,雨,北,4,4,6.76,6,逃げ,2,0.28,.  .,0.1945454545454545,0.1811467889908257,6,44,13,5,0,23,2,1,1,0,0,0,0.13636363636363635,0.29545454545454547,0.11363636363636363,0.0,0.5227272727272727,0.045454545454545456,0.022727272727272728,0.022727272727272728,0.0,0.0,0.0
2023-10-09,平和島,6,予選,3,3251,平石和男,57,埼玉,50,A2,5.63,36.09,5.93,35.0,38,45.45,22,31.67,雨,北,4,4,6.82,3,逃げ,3,0.25,1.53.2,0.1844642857142857,0.1928662420382165,7,56,11,13,0,0,2,2,2,0,0,0,0.125,0.19642857142857142,0.23214285714285715,0.0,0.0,0.03571428571428571,0.03571428571428571,0.03571428571428571,0.0,0.0,0.0
2023-10-09,平和島,6,予選,4,3334,角ひとみ,55,広島,45,B1,4.73,29.55,6.18,45.45,66,39.68,65,24.14,雨,北,4,4,6.75,5,逃げ,4,0.32,.  .,0.2087096774193548,0.2037619047619047,1,31,8,0,0,0,0,0,0,0,0,0,0.03225806451612903,0.25806451612903225,0.0,0.0,0.0,0.0,0.0,0.0,0.0,0.0,0.0
2023-10-09,平和島,6,予選,5,3141,山来和人,61,東京,54,B1,3.89,16.0,4.49,28.26,21,27.12,69,27.87,雨,北,4,4,6.75,4,逃げ,5,0.37,1.55.6,0.1861111111111111,0.1892417061611374,1,36,6,3,0,0,0,0,1,0,0,0,0.027777777777777776,0.16666666666666666,0.08333333333333333,0.0,0.0,0.0,0.0,0.027777777777777776,0.0,0.0,0.0
2023-10-09,平和島,6,予選,6,4102,益田啓司,44,福岡,52,A1,6.63,52.24,5.6,40.0,59,26.56,62,25.42,雨,北,4,4,6.74,2,逃げ,6,0.23,1.51.4,0.16575,0.1450675675675675,1,40,3,5,0,0,0,0,1,0,0,0,0.025,0.075,0.125,0.0,0.0,0.0,0.0,0.025,0.0,0.0,0.0
2023-10-09,平和島,7,予選,1,3710,吉永泰弘,49,香川,54,B1,5.21,32.08,0.0,0.0,32,37.5,47,46.67,雨,北,4,3,6.73,1,逃げ,1,0.11,1.51.0,0.1248648648648648,0.1594,16,37,12,4,16,0,0,0,0,9,3,5,0.43243243243243246,0.32432432432432434,0.10810810810810811,0.43243243243243246,0.0,0.0,0.0,0.0,0.24324324324324326,0.08108108108108109,0.13513513513513514
2023-10-09,平和島,7,予選,2,3333,丸尾義孝,55,徳島,53,A2,6.37,50.81,7.27,54.55,17,26.23,20,21.88,雨,北,4,3,6.8,5,逃げ,2,0.11,.  .,0.1394,0.1429591836734693,7,50,11,10,0,25,6,0,0,0,0,0,0.14,0.22,0.2,0.0,0.5,0.12,0.0,0.0,0.0,0.0,0.0
2023-10-09,平和島,7,予選,3,4093,吉田宗弘,42,東京,51,B1,4.39,26.09,4.93,28.36,34,33.87,63,23.44,雨,北,4,3,6.82,4,逃げ,3,0.27,1.54.6,0.1951851851851851,0.2064285714285714,1,27,2,4,0,0,1,0,0,0,0,0,0.037037037037037035,0.07407407407407407,0.14814814814814814,0.0,0.0,0.037037037037037035,0.0,0.0,0.0,0.0,0.0
2023-10-09,平和島,7,予選,4,5019,柴田百恵,23,静岡,45,B1,5.48,34.07,3.95,18.42,40,22.58,64,32.0,雨,北,4,3,6.78,2,逃げ,5,0.11,1.52.3,0.1941935483870967,0.1976666666666666,1,31,4,8,0,0,0,1,0,0,0,0,0.03225806451612903,0.12903225806451613,0.25806451612903225,0.0,0.0,0.0,0.03225806451612903,0.0,0.0,0.0,0.0
2023-10-09,平和島,7,予選,5,4441,末永由楽,37,岡山,55,A1,6.31,48.18,0.0,0.0,45,25.76,72,22.41,雨,北,4,3,6.73,3,逃げ,6,0.09,1.53.4,0.1616279069767442,0.147147766323024,2,43,9,8,0,0,0,0,2,0,0,0,0.046511627906976744,0.20930232558139536,0.18604651162790697,0.0,0.0,0.0,0.0,0.046511627906976744,0.0,0.0,0.0
2023-10-09,平和島,7,予選,6,5045,平川香織,23,埼玉,46,A2,5.79,40.22,3.8,16.67,33,25.0,12,37.88,雨,北,4,3,6.86,6,逃げ,4,0.11,.  .,0.1702857142857143,0.1557971014492753,1,35,3,8,0,0,0,0,1,0,0,0,0.02857142857142857,0.08571428571428572,0.22857142857142856,0.0,0.0,0.0,0.0,0.02857142857142857,0.0,0.0,0.0
2023-10-09,平和島,8,ベイブレイク,1,3589,西村　勝,50,埼玉,56,A2,5.3,38.64,5.45,42.86,69,26.23,16,33.33,雨,北,4,3,6.79,1,逃げ,1,0.18,1.50.6,0.1817142857142857,0.1690547263681591,21,35,5,1,16,0,0,0,0,5,6,2,0.6,0.14285714285714285,0.02857142857142857,0.45714285714285713,0.0,0.0,0.0,0.0,0.14285714285714285,0.17142857142857143,0.05714285714285714
2023-10-09,平和島,8,ベイブレイク,2,3533,佐川正道,51,埼玉,50,B1,4.87,29.67,4.86,28.0,73,46.15,60,25.0,雨,北,4,3,6.73,6,逃げ,2,0.21,.  .,0.2207692307692307,0.1903164556962025,2,26,2,3,0,13,1,0,1,0,0,0,0.07692307692307693,0.07692307692307693,0.11538461538461539,0.0,0.5,0.038461538461538464,0.0,0.038461538461538464,0.0,0.0,0.0
2023-10-09,平和島,8,ベイブレイク,3,3419,栗原謙治,53,群馬,55,B1,3.66,17.65,4.69,22.86,47,38.1,67,42.37,雨,北,4,3,6.82,2,逃げ,3,0.18,1.51.8,0.2134615384615384,0.2167039106145251,0,26,4,6,0,0,0,0,0,0,0,0,0.0,0.15384615384615385,0.23076923076923078,0.0,0.0,0.0,0.0,0.0,0.0,0.0,0.0
2023-10-09,平和島,8,ベイブレイク,4,4739,中村晃朋,31,香川,52,A1,6.35,40.0,9.5,90.0,23,40.98,52,22.73,雨,北,4,3,6.69,5,逃げ,4,0.19,.  .,0.1551111111111111,0.1619702602230483,7,45,3,15,0,0,2,2,2,0,0,0,0.15555555555555556,0.06666666666666667,0.3333333333333333,0.0,0.0,0.044444444444444446,0.044444444444444446,0.044444444444444446,0.0,0.0,0.0
2023-10-09,平和島,8,ベイブレイク,5,4461,安田吉宏,37,三重,55,B1,4.45,24.42,4.38,20.83,62,29.69,44,38.1,雨,北,4,3,6.74,3,逃げ,5,0.17,1.53.6,0.1772413793103448,0.1702717391304347,0,29,3,6,0,0,0,0,0,0,0,0,0.0,0.10344827586206896,0.20689655172413793,0.0,0.0,0.0,0.0,0.0,0.0,0.0,0.0
2023-10-09,平和島,8,ベイブレイク,6,4423,坂口貴彦,34,岡山,55,B1,4.77,29.03,0.0,0.0,61,25.81,14,38.36,雨,北,4,3,6.74,4,逃げ,6,0.17,1.54.5,0.159375,0.1576255707762557,0,32,1,2,0,0,0,0,0,0,0,0,0.0,0.03125,0.0625,0.0,0.0,0.0,0.0,0.0,0.0,0.0,0.0
2023-10-09,平和島,9,予選特賞,1,3319,山崎義明,56,埼玉,51,A2,5.7,33.65,6.02,39.58,53,25.0,57,35.29,雨,北,2,3,6.75,1,逃げ,1,0.13,1.49.8,0.1547727272727272,0.14828125,25,44,10,2,24,0,0,0,0,7,5,6,0.5681818181818182,0.22727272727272727,0.045454545454545456,0.5454545454545454,0.0,0.0,0.0,0.0,0.1590909090909091,0.11363636363636363,0.13636363636363635
2023-10-09,平和島,9,予選特賞,2,3876,中辻崇人,46,福岡,53,A1,7.15,61.26,0.0,0.0,11,35.0,58,26.67,雨,北,2,3,6.69,2,逃げ,2,0.09,1.51.3,0.155625,0.1399999999999999,8,32,12,2,0,17,2,5,0,0,0,0,0.25,0.375,0.0625,0.0,0.53125,0.0625,0.15625,0.0,0.0,0.0,0.0
2023-10-09,平和島,9,予選特賞,3,3604,武藤綾子,53,福岡,48,B1,4.37,21.92,2.67,0.0,50,22.81,71,18.97,雨,北,2,3,6.86,5,逃げ,3,0.16,.  .,0.20575,0.1997959183673469,2,40,6,7,0,0,0,1,0,0,0,0,0.05,0.15,0.175,0.0,0.0,0.0,0.025,0.0,0.0,0.0,0.0
2023-10-09,平和島,9,予選特賞,4,3543,福田雅一,54,香川,54,A2,6.13,44.71,0.0,0.0,26,27.87,73,35.71,雨,北,2,3,6.84,4,逃げ,5,0.21,1.54.7,0.1483333333333333,0.1524752475247524,5,30,8,11,0,0,1,3,1,0,0,0,0.16666666666666666,0.26666666666666666,0.36666666666666664,0.0,0.0,0.03333333333333333,0.1,0.03333333333333333,0.0,0.0,0.0
2023-10-09,平和島,9,予選特賞,5,3629,浅見昌克,53,埼玉,51,A2,5.27,33.03,6.23,46.43,51,48.28,51,34.78,雨,北,2,3,6.82,3,逃げ,4,0.13,1.53.0,0.1147222222222222,0.1317194570135746,2,36,3,5,0,0,0,0,1,0,0,0,0.05555555555555555,0.08333333333333333,0.1388888888888889,0.0,0.0,0.0,0.0,0.027777777777777776,0.0,0.0,0.0
2023-10-09,平和島,9,予選特賞,6,4054,福嶋智之,45,岡山,52,B1,4.49,26.53,3.43,14.29,36,33.9,17,47.06,雨,北,2,3,6.82,6,逃げ,6,0.24,.  .,0.162,0.1460714285714285,1,30,1,5,0,0,1,0,0,0,0,0,0.03333333333333333,0.03333333333333333,0.16666666666666666,0.0,0.0,0.03333333333333333,0.0,0.0,0.0,0.0,0.0
2023-10-09,平和島,10,予選特賞,1,3975,小野寺智,46,香川,52,A2,5.9,42.42,0.0,0.0,49,25.81,10,27.27,雨,北,4,3,6.72,2,差し,1,0.11,1.52.0,0.1498113207547169,0.1644055944055944,20,53,21,6,19,0,0,0,0,12,7,10,0.37735849056603776,0.39622641509433965,0.11320754716981132,0.3584905660377358,0.0,0.0,0.0,0.0,0.22641509433962265,0.1320754716981132,0.18867924528301888
2023-10-09,平和島,10,予選特賞,2,4043,桐本康臣,44,三重,54,A1,5.87,40.71,6.67,50.0,37,36.07,55,34.43,雨,北,4,3,6.77,1,差し,2,0.13,1.51.0,0.1422727272727272,0.158984375,15,44,14,6,0,23,13,1,0,0,0,0,0.3409090909090909,0.3181818181818182,0.13636363636363635,0.0,0.5227272727272727,0.29545454545454547,0.022727272727272728,0.0,0.0,0.0,0.0
2023-10-09,平和島,10,予選特賞,3,3934,鋤柄貴俊,46,愛知,53,B1,4.75,29.23,5.91,45.45,57,39.68,54,41.67,雨,北,4,3,6.82,5,差し,3,0.08,.  .,0.136875,0.1663265306122449,5,32,5,6,0,0,1,0,2,0,0,0,0.15625,0.15625,0.1875,0.0,0.0,0.03125,0.0,0.0625,0.0,0.0,0.0
2023-10-09,平和島,10,予選特賞,4,3505,山田竜一,52,東京,53,A2,5.46,26.13,5.83,35.83,35,45.16,68,33.93,雨,北,4,3,6.72,3,差し,4,0.11,1.53.0,0.1281578947368421,0.1555504587155963,10,38,7,9,0,0,3,6,0,0,0,0,0.2631578947368421,0.18421052631578946,0.23684210526315788,0.0,0.0,0.07894736842105263,0.15789473684210525,0.0,0.0,0.0,0.0
2023-10-09,平和島,10,予選特賞,5,3227,長岡茂一,58,東京,55,B1,5.04,41.67,5.05,36.84,20,21.67,13,30.0,雨,北,4,3,6.69,6,差し,5,0.08,.  .,0.1491304347826087,0.1667630057803468,3,23,2,5,0,0,0,3,0,0,0,0,0.13043478260869565,0.08695652173913043,0.21739130434782608,0.0,0.0,0.0,0.13043478260869565,0.0,0.0,0.0,0.0
2023-10-09,平和島,10,予選特賞,6,3788,一宮稔弘,52,徳島,53,A1,5.8,34.91,0.0,0.0,60,39.71,75,39.13,雨,北,4,3,6.79,4,差し,6,0.07,1.54.6,0.1399999999999999,0.1349999999999999,5,37,3,8,0,0,0,0,5,0,0,0,0.13513513513513514,0.08108108108108109,0.21621621621621623,0.0,0.0,0.0,0.0,0.13513513513513514,0.0,0.0,0.0
2023-10-09,平和島,11,予選特選,1,3792,田中　豪,51,東京,52,A1,5.17,32.0,6.21,44.21,25,45.71,18,22.86,雨,北,3,3,6.78,2,差し,1,0.18,1.51.7,0.1813513513513513,0.1846969696969697,25,37,5,1,23,0,0,0,0,1,5,5,0.6756756756756757,0.13513513513513514,0.02702702702702703,0.6216216216216216,0.0,0.0,0.0,0.0,0.02702702702702703,0.13513513513513514,0.13513513513513514
2023-10-09,平和島,11,予選特選,2,4348,宮崎　奨,38,香川,53,A2,5.43,30.97,0.0,0.0,58,30.16,46,41.89,雨,北,3,3,6.77,1,差し,2,0.18,1.50.2,0.1585106382978723,0.1570881226053639,5,47,19,6,0,28,2,2,1,0,0,0,0.10638297872340426,0.40425531914893614,0.1276595744680851,0.0,0.5957446808510638,0.0425531914893617,0.0425531914893617,0.02127659574468085,0.0,0.0,0.0
2023-10-09,平和島,11,予選特選,3,4451,松崎祐太,35,福岡,52,A1,6.39,43.86,0.0,0.0,70,35.48,49,20.97,雨,北,3,3,6.77,4,差し,3,0.13,1.54.2,0.1547222222222222,0.170495867768595,7,36,8,6,0,0,0,3,3,0,0,0,0.19444444444444445,0.2222222222222222,0.16666666666666666,0.0,0.0,0.0,0.08333333333333333,0.08333333333333333,0.0,0.0,0.0
2023-10-09,平和島,11,予選特選,4,3141,山来和人,61,東京,54,B1,3.89,16.0,4.49,28.26,21,27.12,69,27.87,雨,北,3,3,6.69,5,差し,4,0.14,.  .,0.2016216216216216,0.1892417061611374,2,37,2,8,0,0,1,1,0,0,0,0,0.05405405405405406,0.05405405405405406,0.21621621621621623,0.0,0.0,0.02702702702702703,0.02702702702702703,0.0,0.0,0.0,0.0
2023-10-09,平和島,11,予選特選,5,3333,丸尾義孝,55,徳島,53,A2,6.37,50.81,7.27,54.55,17,26.23,20,21.88,雨,北,3,3,6.72,6,差し,5,0.13,.  .,0.1366666666666666,0.1429591836734693,4,48,7,9,0,0,0,1,3,0,0,0,0.08333333333333333,0.14583333333333334,0.1875,0.0,0.0,0.0,0.020833333333333332,0.0625,0.0,0.0,0.0
2023-10-09,平和島,11,予選特選,6,4151,下河誉史,41,福岡,52,B1,5.06,25.93,0.0,0.0,54,22.22,43,26.47,雨,北,3,3,6.79,3,差し,6,0.17,1.53.3,0.2213157894736842,0.2026470588235294,0,38,4,6,0,0,0,0,0,0,0,0,0.0,0.10526315789473684,0.15789473684210525,0.0,0.0,0.0,0.0,0.0,0.0,0.0,0.0
2023-10-09,平和島,12,記者選抜,1,4739,中村晃朋,31,香川,52,A1,6.35,40.0,9.5,90.0,23,40.98,52,22.73,雨,北,3,3,6.77,3,差し,1,0.24,1.53.0,0.1734615384615384,0.1619702602230483,37,52,4,5,35,0,0,0,0,3,9,2,0.7115384615384616,0.07692307692307693,0.09615384615384616,0.6730769230769231,0.0,0.0,0.0,0.0,0.057692307692307696,0.17307692307692307,0.038461538461538464
2023-10-09,平和島,12,記者選抜,2,4351,里岡右貴,37,福岡,55,A1,6.25,45.28,7.71,71.43,64,26.98,21,40.0,雨,北,3,3,6.75,6,差し,2,0.13,.  .,0.1448780487804878,0.1219844357976653,7,41,14,6,0,20,2,2,1,0,0,0,0.17073170731707318,0.34146341463414637,0.14634146341463414,0.0,0.4878048780487805,0.04878048780487805,0.04878048780487805,0.024390243902439025,0.0,0.0,0.0
2023-10-09,平和島,12,記者選抜,3,5045,平川香織,23,埼玉,46,A2,5.79,40.22,3.8,16.67,33,25.0,12,37.88,雨,北,3,3,6.78,1,差し,3,0.13,1.51.1,0.151,0.1557971014492753,9,40,9,8,0,0,2,2,3,0,0,0,0.225,0.225,0.2,0.0,0.0,0.05,0.05,0.075,0.0,0.0,0.0
2023-10-09,平和島,12,記者選抜,4,3893,汐崎正則,47,愛知,53,B1,5.11,36.11,7.13,50.0,67,40.0,61,27.12,雨,北,3,3,6.8,4,差し,4,0.16,1.53.5,0.157,0.1603550295857988,1,20,4,4,0,0,0,0,0,0,0,0,0.05,0.2,0.2,0.0,0.0,0.0,0.0,0.0,0.0,0.0,0.0
2023-10-09,平和島,12,記者選抜,5,3251,平石和男,57,埼玉,50,A2,5.63,36.09,5.93,35.0,38,45.45,22,31.67,雨,北,3,3,6.8,2,差し,5,0.21,1.52.2,0.1877358490566037,0.1928662420382165,2,53,9,13,0,0,0,0,2,0,0,0,0.03773584905660377,0.16981132075471697,0.24528301886792453,0.0,0.0,0.0,0.0,0.03773584905660377,0.0,0.0,0.0
2023-10-09,平和島,12,記者選抜,6,5175,島崎丈一,19,東京,52,B1,3.51,12.9,2.04,4.29,75,34.38,50,33.82,雨,北,3,3,6.84,5,差し,6,0.18,.  .,0.1967857142857142,0.1900584795321637,0,28,2,2,0,0,0,0,0,0,0,0,0.0,0.07142857142857142,0.07142857142857142,0.0,0.0,0.0,0.0,0.0,0.0,0.0,0.0
2023-10-09,江戸川,1,一般戦,1,4645,上村純一,43,群馬,54,A2,6.34,49.21,5.93,43.33,57,30.53,53,36.78,雨,北,5,5,6.66,3,まくり差し,1,0.12,1.54.6,0.1338,0.1399215686274509,36,50,10,1,35,0,0,1,0,2,3,9,0.72,0.2,0.02,0.7,0.0,0.0,0.02,0.0,0.04,0.06,0.18
2023-10-09,江戸川,1,一般戦,2,4587,木田峰由,32,福井,54,A2,4.89,28.33,5.08,38.46,23,22.67,57,26.19,雨,北,5,5,6.71,4,まくり差し,2,0.13,1.57.0,0.1470454545454545,0.156159420289855,11,44,10,5,2,12,6,2,0,0,0,0,0.25,0.22727272727272727,0.11363636363636363,0.045454545454545456,0.2727272727272727,0.13636363636363635,0.045454545454545456,0.0,0.0,0.0,0.0
2023-10-09,江戸川,1,一般戦,3,4049,荒川健太,43,三重,56,A2,6.04,37.78,6.06,45.71,26,32.14,14,42.22,雨,北,5,5,6.75,5,まくり差し,3,0.16,.  .,0.1648,0.1751307189542483,3,50,13,17,0,0,0,1,2,0,0,0,0.06,0.26,0.34,0.0,0.0,0.0,0.02,0.04,0.0,0.0,0.0
2023-10-09,江戸川,1,一般戦,4,4831,羽野直也,28,福岡,53,A1,8.26,67.82,0.0,0.0,18,51.69,69,44.57,雨,北,5,5,6.72,2,まくり差し,4,0.12,1.53.5,0.1325714285714285,0.124054054054054,9,35,13,8,0,0,2,4,2,0,0,0,0.2571428571428571,0.37142857142857144,0.22857142857142856,0.0,0.0,0.05714285714285714,0.11428571428571428,0.05714285714285714,0.0,0.0,0.0
2023-10-09,江戸川,1,一般戦,5,4685,島村隆幸,32,徳島,51,A1,7.53,53.57,7.63,60.47,21,32.22,15,30.0,雨,北,5,5,6.64,1,まくり差し,5,0.17,1.52.2,0.1431428571428571,0.1303321033210332,6,35,7,10,0,0,0,1,5,0,0,0,0.17142857142857143,0.2,0.2857142857142857,0.0,0.0,0.0,0.02857142857142857,0.14285714285714285,0.0,0.0,0.0
2023-10-09,江戸川,1,一般戦,6,4973,栗原直也,31,埼玉,53,A2,3.72,15.49,5.45,37.74,25,32.26,16,36.73,雨,北,5,5,6.58,6,まくり差し,6,0.28,.  .,0.2078947368421052,0.1734254143646409,0,38,3,4,0,0,0,0,0,0,0,0,0.0,0.07894736842105263,0.10526315789473684,0.0,0.0,0.0,0.0,0.0,0.0,0.0,0.0
2023-10-09,江戸川,2,一般戦,1,4318,桑原将光,39,東京,51,A2,5.71,35.34,6.19,45.95,64,42.11,56,34.44,雨,北,5,5,6.79,5,まくり差し,1,0.27,.  .,0.1460377358490566,0.1451127819548872,26,53,9,6,26,0,0,0,0,9,7,9,0.49056603773584906,0.16981132075471697,0.11320754716981132,0.49056603773584906,0.0,0.0,0.0,0.0,0.16981132075471697,0.1320754716981132,0.16981132075471697
2023-10-09,江戸川,2,一般戦,2,3475,橋本久和,53,群馬,52,A2,5.65,40.71,6.11,43.82,63,29.55,68,43.0,雨,北,5,5,6.68,2,まくり差し,2,0.19,1.54.1,0.1765714285714285,0.1796581196581196,5,35,14,7,0,17,3,1,1,0,0,0,0.14285714285714285,0.4,0.2,0.0,0.4857142857142857,0.08571428571428572,0.02857142857142857,0.02857142857142857,0.0,0.0,0.0
2023-10-09,江戸川,2,一般戦,3,3959,坪井康晴,46,静岡,53,A1,7.25,50.44,6.41,37.04,65,50.0,70,45.24,雨,北,5,5,6.61,1,まくり差し,3,0.14,1.52.6,0.1542857142857143,0.1438490566037735,11,42,10,11,0,0,1,6,3,0,0,0,0.2619047619047619,0.23809523809523808,0.2619047619047619,0.0,0.0,0.023809523809523808,0.14285714285714285,0.07142857142857142,0.0,0.0,0.0
2023-10-09,江戸川,2,一般戦,4,4388,是澤孝宏,38,滋賀,51,A2,6.81,47.42,6.1,41.56,29,36.17,24,31.52,雨,北,5,5,6.68,3,まくり差し,4,0.19,1.55.8,0.1557142857142857,0.1567704280155642,5,42,9,10,0,0,2,0,1,0,0,0,0.11904761904761904,0.21428571428571427,0.23809523809523808,0.0,0.0,0.047619047619047616,0.0,0.023809523809523808,0.0,0.0,0.0
2023-10-09,江戸川,2,一般戦,5,4290,稲田浩二,38,兵庫,52,A1,6.7,41.18,7.36,62.07,50,27.37,27,38.78,雨,北,5,5,6.62,6,まくり差し,5,0.13,.  .,0.1236842105263158,0.1308130081300813,0,38,6,10,0,0,0,0,0,0,0,0,0.0,0.15789473684210525,0.2631578947368421,0.0,0.0,0.0,0.0,0.0,0.0,0.0,0.0
2023-10-09,江戸川,2,一般戦,6,4546,浜田亜理,35,埼玉,47,A1,7.07,54.24,6.72,51.85,70,37.23,63,40.63,雨,北,5,5,6.64,4,まくり差し,6,0.17,1.56.9,0.1885714285714285,0.161360294117647,1,35,4,11,0,0,0,0,0,0,0,0,0.02857142857142857,0.11428571428571428,0.3142857142857143,0.0,0.0,0.0,0.0,0.0,0.0,0.0,0.0
2023-10-09,江戸川,3,一般戦,1,4161,黒柳浩孝,41,愛知,55,A2,5.53,38.41,5.73,35.58,15,40.22,43,27.47,雨,北,5,5,6.67,2,まくり,1,0.21,2.02.6,0.1574509803921568,0.1520996441281139,24,51,14,3,22,0,0,0,0,8,7,7,0.47058823529411764,0.27450980392156865,0.058823529411764705,0.43137254901960786,0.0,0.0,0.0,0.0,0.1568627450980392,0.13725490196078433,0.13725490196078433
2023-10-09,江戸川,3,一般戦,2,4564,山本景士,35,広島,53,A2,5.36,35.16,5.67,33.33,66,28.26,37,29.41,雨,北,5,5,6.78,3,まくり,2,0.19,2.04.7,0.1430612244897959,0.1576109215017065,3,49,11,7,0,23,3,0,0,0,0,0,0.061224489795918366,0.22448979591836735,0.14285714285714285,0.0,0.46938775510204084,0.061224489795918366,0.0,0.0,0.0,0.0,0.0
2023-10-09,江戸川,3,一般戦,4,3557,太田和美,50,大阪,55,A1,7.23,51.55,0.0,0.0,27,41.24,11,38.71,雨,北,5,5,6.68,1,まくり,4,0.19,1.57.2,0.1697222222222222,0.1584453781512605,6,36,8,9,0,0,0,4,0,0,0,0,0.16666666666666666,0.2222222222222222,0.25,0.0,0.0,0.0,0.1111111111111111,0.0,0.0,0.0,0.0
2023-10-09,江戸川,3,一般戦,5,5092,篠原晟弥,22,福岡,52,A2,5.23,35.82,4.7,26.67,40,39.13,61,29.03,雨,北,5,5,6.72,4,まくり,5,0.24,2.05.8,0.1388571428571428,0.1447081712062256,0,35,5,7,0,0,0,0,0,0,0,0,0.0,0.14285714285714285,0.2,0.0,0.0,0.0,0.0,0.0,0.0,0.0,0.0
2023-10-09,江戸川,3,一般戦,6,4652,酒見峻介,38,佐賀,51,A2,5.66,39.05,5.58,30.91,10,44.94,40,38.95,雨,北,5,5,6.63,5,まくり,6,0.26,.  .,0.1777142857142857,0.1624590163934426,3,35,2,6,0,0,0,3,0,0,0,0,0.08571428571428572,0.05714285714285714,0.17142857142857143,0.0,0.0,0.0,0.08571428571428572,0.0,0.0,0.0,0.0
2023-10-09,江戸川,4,一般戦,1,4286,平田さや,39,東京,48,A2,5.92,39.17,6.12,44.23,54,28.38,31,30.59,雨,北,5,5,6.7,3,差し,1,0.25,1.57.4,0.1685185185185185,0.1631481481481481,23,54,17,4,20,0,0,0,0,7,15,5,0.42592592592592593,0.3148148148148148,0.07407407407407407,0.37037037037037035,0.0,0.0,0.0,0.0,0.12962962962962962,0.2777777777777778,0.09259259259259259
2023-10-09,江戸川,4,一般戦,2,4190,長嶋万記,42,静岡,49,A1,7.25,54.55,7.26,58.7,43,36.9,20,34.41,雨,北,5,5,6.64,1,差し,2,0.2,1.53.9,0.1441176470588235,0.1474596774193548,10,34,8,6,0,17,7,2,0,0,0,0,0.29411764705882354,0.23529411764705882,0.17647058823529413,0.0,0.5,0.20588235294117646,0.058823529411764705,0.0,0.0,0.0,0.0
2023-10-09,江戸川,4,一般戦,3,4738,清埜翔子,32,埼玉,46,A2,6.38,47.83,6.67,56.72,52,46.99,22,30.77,雨,北,5,5,6.71,4,差し,3,0.2,1.59.0,0.1544897959183673,0.1496226415094339,8,49,12,5,0,0,1,5,1,0,0,0,0.16326530612244897,0.24489795918367346,0.10204081632653061,0.0,0.0,0.02040816326530612,0.10204081632653061,0.02040816326530612,0.0,0.0,0.0
2023-10-09,江戸川,4,一般戦,4,4208,三浦永理,40,静岡,47,A1,7.23,56.76,6.29,42.86,59,40.86,62,30.43,雨,北,5,5,6.67,5,差し,4,0.18,.  .,0.1564102564102564,0.1646853146853147,6,39,11,10,0,0,1,3,1,0,0,0,0.15384615384615385,0.28205128205128205,0.2564102564102564,0.0,0.0,0.02564102564102564,0.07692307692307693,0.02564102564102564,0.0,0.0,0.0
2023-10-09,江戸川,4,一般戦,5,4998,中村かな,30,東京,45,A2,5.72,38.39,6.12,46.67,34,31.82,35,39.39,雨,北,5,5,6.68,6,差し,5,0.14,.  .,0.1440625,0.139353448275862,3,32,5,6,0,0,0,1,2,0,0,0,0.09375,0.15625,0.1875,0.0,0.0,0.0,0.03125,0.0625,0.0,0.0,0.0
2023-10-09,江戸川,4,一般戦,6,4627,藤原菜希,37,東京,48,A2,6.68,50.89,6.03,42.86,41,33.33,55,30.91,雨,北,5,5,6.65,2,差し,6,0.11,1.56.4,0.1414285714285714,0.1401953125,1,35,5,8,0,0,0,0,1,0,0,0,0.02857142857142857,0.14285714285714285,0.22857142857142856,0.0,0.0,0.0,0.0,0.02857142857142857,0.0,0.0,0.0
2023-10-09,江戸川,5,一般戦,1,4604,岩瀬裕亮,35,愛知,53,A1,6.97,52.34,6.96,50.94,51,39.18,26,35.56,雨,北,5,5,6.6,1,逃げ,1,0.08,1.52.5,0.11578125,0.1408214285714285,53,64,9,1,48,0,0,0,0,4,4,3,0.828125,0.140625,0.015625,0.75,0.0,0.0,0.0,0.0,0.0625,0.0625,0.046875
2023-10-09,江戸川,5,一般戦,2,4610,佐藤大佑,33,東京,54,A1,6.68,50.93,6.74,49.7,19,32.18,48,28.74,雨,北,5,5,6.67,5,逃げ,2,0.19,.  .,0.1615555555555555,0.1661475409836065,19,45,12,3,0,15,6,8,0,0,0,0,0.4222222222222222,0.26666666666666666,0.06666666666666667,0.0,0.3333333333333333,0.13333333333333333,0.17777777777777778,0.0,0.0,0.0,0.0
2023-10-09,江戸川,5,一般戦,3,4361,柳生泰二,38,山口,53,A1,6.83,54.11,0.0,0.0,31,36.78,66,36.46,雨,北,5,5,6.75,4,逃げ,3,0.18,1.57.0,0.157,0.1550636942675159,12,50,13,7,0,0,1,6,5,0,0,0,0.24,0.26,0.14,0.0,0.0,0.02,0.12,0.1,0.0,0.0,0.0
2023-10-09,江戸川,5,一般戦,4,3541,三嶌誠司,55,香川,53,A1,6.28,48.48,5.91,45.45,14,27.71,17,37.65,雨,北,5,5,6.67,2,逃げ,4,0.13,1.55.3,0.1354285714285714,0.1428455284552845,4,35,15,8,0,0,1,3,0,0,0,0,0.11428571428571428,0.42857142857142855,0.22857142857142856,0.0,0.0,0.02857142857142857,0.08571428571428572,0.0,0.0,0.0,0.0
2023-10-09,江戸川,5,一般戦,5,4174,赤坂俊輔,40,長崎,51,A1,6.39,44.92,5.79,42.86,67,41.76,21,37.78,雨,北,5,5,6.64,3,逃げ,5,0.19,1.56.3,0.1606976744186046,0.1513937282229965,2,43,9,11,0,0,0,1,1,0,0,0,0.046511627906976744,0.20930232558139536,0.2558139534883721,0.0,0.0,0.0,0.023255813953488372,0.023255813953488372,0.0,0.0,0.0
2023-10-09,江戸川,5,一般戦,6,4387,平山智加,38,香川,46,A1,7.14,55.91,3.2,0.0,71,27.47,45,44.94,雨,北,5,5,6.69,6,逃げ,6,0.16,.  .,0.1685,0.153576923076923,3,40,6,10,0,0,1,1,1,0,0,0,0.075,0.15,0.25,0.0,0.0,0.025,0.025,0.025,0.0,0.0,0.0
2023-10-09,江戸川,6,一般戦,1,4715,村上　遼,31,長崎,53,A2,6.33,49.48,0.0,0.0,16,41.76,65,40.0,雨,北,5,5,6.71,1,逃げ,1,0.09,1.53.8,0.1332432432432432,0.1286458333333333,27,37,5,1,26,0,0,0,0,2,3,3,0.7297297297297297,0.13513513513513514,0.02702702702702703,0.7027027027027027,0.0,0.0,0.0,0.0,0.05405405405405406,0.08108108108108109,0.08108108108108109
2023-10-09,江戸川,6,一般戦,2,5075,中島秀治,27,滋賀,52,A2,5.53,37.65,5.67,32.61,55,30.34,28,33.71,雨,北,5,5,6.78,2,逃げ,2,0.09,1.54.9,0.1807317073170731,0.1643083003952569,3,41,11,9,0,24,0,2,0,0,0,0,0.07317073170731707,0.2682926829268293,0.21951219512195122,0.0,0.5853658536585366,0.0,0.04878048780487805,0.0,0.0,0.0,0.0
2023-10-09,江戸川,6,一般戦,3,4930,佐藤　悠,27,福井,54,A2,4.49,26.6,0.0,0.0,35,28.13,46,36.96,雨,北,5,5,6.62,5,逃げ,3,0.14,.  .,0.12875,0.140127659574468,8,40,8,8,0,0,0,5,1,0,0,0,0.2,0.2,0.2,0.0,0.0,0.0,0.125,0.025,0.0,0.0,0.0
2023-10-09,江戸川,6,一般戦,4,4475,末永祐輝,36,山口,54,A1,5.97,39.66,4.33,33.33,13,33.33,19,30.43,雨,北,5,5,6.65,4,逃げ,4,0.16,1.56.0,0.1484,0.1487323943661972,7,50,12,10,0,0,0,4,2,0,0,0,0.14,0.24,0.2,0.0,0.0,0.0,0.08,0.04,0.0,0.0,0.0
2023-10-09,江戸川,6,一般戦,5,4030,森高一真,45,香川,49,A1,7.52,57.14,0.0,0.0,33,43.01,52,42.31,雨,北,5,5,6.71,3,逃げ,5,0.16,1.55.9,0.1413953488372093,0.1396268656716418,2,43,6,13,0,0,0,1,1,0,0,0,0.046511627906976744,0.13953488372093023,0.3023255813953488,0.0,0.0,0.0,0.023255813953488372,0.023255813953488372,0.0,0.0,0.0
2023-10-09,江戸川,6,一般戦,6,4925,森　悠稀,30,兵庫,53,A2,4.99,28.69,4.96,31.11,58,32.58,47,35.11,雨,北,5,5,6.69,6,逃げ,6,0.25,.  .,0.1344736842105263,0.1458039215686274,2,38,3,5,0,0,0,1,1,0,0,0,0.05263157894736842,0.07894736842105263,0.13157894736842105,0.0,0.0,0.0,0.02631578947368421,0.02631578947368421,0.0,0.0,0.0
2023-10-09,江戸川,7,一般戦,1,5095,小原聡将,29,東京,50,A2,5.73,37.5,5.38,37.5,17,28.74,13,36.36,雨,北,5,5,6.68,3,差し,1,0.13,1.55.8,0.1282926829268292,0.15,19,41,11,3,19,0,0,0,0,3,9,5,0.4634146341463415,0.2682926829268293,0.07317073170731707,0.4634146341463415,0.0,0.0,0.0,0.0,0.07317073170731707,0.21951219512195122,0.12195121951219512
2023-10-09,江戸川,7,一般戦,2,4872,山下流心,30,広島,52,A2,5.65,40.0,6.14,42.86,11,46.74,50,29.03,雨,北,5,5,6.56,1,差し,2,0.19,1.54.1,0.1442553191489361,0.1605244755244755,9,47,15,6,1,26,7,0,0,0,0,0,0.19148936170212766,0.3191489361702128,0.1276595744680851,0.02127659574468085,0.5531914893617021,0.14893617021276595,0.0,0.0,0.0,0.0,0.0
2023-10-09,江戸川,7,一般戦,3,5034,若林義人,25,静岡,56,A2,6.19,42.86,4.67,28.57,69,40.82,33,34.09,雨,北,5,5,6.67,5,差し,3,0.23,.  .,0.1611111111111111,0.1722222222222222,11,36,8,5,0,0,0,5,6,0,0,0,0.3055555555555556,0.2222222222222222,0.1388888888888889,0.0,0.0,0.0,0.1388888888888889,0.16666666666666666,0.0,0.0,0.0
2023-10-09,江戸川,7,一般戦,4,4580,長谷川雅,34,岡山,52,A2,5.47,37.12,5.55,42.55,32,35.96,49,39.77,雨,北,5,5,6.72,4,差し,4,0.19,1.57.6,0.1661363636363636,0.1756126482213438,9,44,11,9,0,0,0,7,2,0,0,0,0.20454545454545456,0.25,0.20454545454545456,0.0,0.0,0.0,0.1590909090909091,0.045454545454545456,0.0,0.0,0.0
2023-10-09,江戸川,7,一般戦,5,4237,大峯　豊,39,山口,53,A1,7.05,52.69,5.15,25.0,36,43.82,71,36.96,雨,北,5,5,6.74,2,差し,5,0.25,1.55.4,0.1412121212121212,0.159298245614035,3,33,7,15,0,0,0,0,3,0,0,0,0.09090909090909091,0.21212121212121213,0.45454545454545453,0.0,0.0,0.0,0.0,0.09090909090909091,0.0,0.0,0.0
2023-10-09,江戸川,7,一般戦,6,4340,土性雅也,39,三重,54,A2,5.02,31.18,5.24,32.73,37,40.22,12,40.59,雨,北,5,5,6.77,6,差し,6,0.38,.  .,0.1741666666666667,0.1551401869158878,1,36,2,8,0,0,1,0,0,0,0,0,0.027777777777777776,0.05555555555555555,0.2222222222222222,0.0,0.0,0.027777777777777776,0.0,0.0,0.0,0.0,0.0
2023-10-09,江戸川,8,選抜戦,1,3959,坪井康晴,46,静岡,53,A1,7.25,50.44,6.41,37.04,65,50.0,70,45.24,雨,北,5,5,6.68,1,逃げ,1,0.18,1.52.7,0.1422950819672131,0.1438490566037735,42,61,7,7,37,0,0,0,0,5,5,6,0.6885245901639344,0.11475409836065574,0.11475409836065574,0.6065573770491803,0.0,0.0,0.0,0.0,0.08196721311475409,0.08196721311475409,0.09836065573770492
2023-10-09,江戸川,8,選抜戦,2,4546,浜田亜理,35,埼玉,47,A1,7.07,54.24,6.72,51.85,70,37.23,63,40.63,雨,北,5,5,6.71,3,逃げ,2,0.23,1.55.8,0.1597727272727273,0.161360294117647,10,44,20,8,0,27,7,2,0,0,0,0,0.22727272727272727,0.45454545454545453,0.18181818181818182,0.0,0.6136363636363636,0.1590909090909091,0.045454545454545456,0.0,0.0,0.0,0.0
2023-10-09,江戸川,8,選抜戦,3,4685,島村隆幸,32,徳島,51,A1,7.53,53.57,7.63,60.47,21,32.22,15,30.0,雨,北,5,5,6.75,2,逃げ,3,0.22,1.54.2,0.1293181818181818,0.1303321033210332,13,44,9,9,0,0,2,5,6,0,0,0,0.29545454545454547,0.20454545454545456,0.20454545454545456,0.0,0.0,0.045454545454545456,0.11363636363636363,0.13636363636363635,0.0,0.0,0.0
2023-10-09,江戸川,8,選抜戦,4,4998,中村かな,30,東京,45,A2,5.72,38.39,6.12,46.67,34,31.82,35,39.39,雨,北,5,5,6.72,4,逃げ,4,0.19,1.57.1,0.1297674418604651,0.139353448275862,13,43,8,5,0,0,2,7,1,0,0,0,0.3023255813953488,0.18604651162790697,0.11627906976744186,0.0,0.0,0.046511627906976744,0.16279069767441862,0.023255813953488372,0.0,0.0,0.0
2023-10-09,江戸川,8,選抜戦,5,3557,太田和美,50,大阪,55,A1,7.23,51.55,0.0,0.0,27,41.24,11,38.71,雨,北,5,5,6.72,5,逃げ,5,0.29,.  .,0.1479411764705882,0.1584453781512605,3,34,8,9,0,0,0,0,3,0,0,0,0.08823529411764706,0.23529411764705882,0.2647058823529412,0.0,0.0,0.0,0.0,0.08823529411764706,0.0,0.0,0.0
2023-10-09,江戸川,8,選抜戦,6,4564,山本景士,35,広島,53,A2,5.36,35.16,5.67,33.33,66,28.26,37,29.41,雨,北,5,5,6.72,6,逃げ,6,0.29,.  .,0.1818421052631579,0.1576109215017065,0,38,1,10,0,0,0,0,0,0,0,0,0.0,0.02631578947368421,0.2631578947368421,0.0,0.0,0.0,0.0,0.0,0.0,0.0,0.0
2023-10-09,江戸川,9,選抜戦,1,4174,赤坂俊輔,40,長崎,51,A1,6.39,44.92,5.79,42.86,67,41.76,21,37.78,雨,北,5,5,6.68,2,抜き,1,0.15,1.54.2,0.1369230769230769,0.1513937282229965,45,65,14,1,44,0,0,0,0,5,8,5,0.6923076923076923,0.2153846153846154,0.015384615384615385,0.676923076923077,0.0,0.0,0.0,0.0,0.07692307692307693,0.12307692307692308,0.07692307692307693
2023-10-09,江戸川,9,選抜戦,2,4161,黒柳浩孝,41,愛知,55,A2,5.53,38.41,5.73,35.58,15,40.22,43,27.47,雨,北,5,5,6.65,4,抜き,2,0.12,1.55.9,0.1606976744186046,0.1520996441281139,6,43,9,12,0,21,3,2,0,0,0,0,0.13953488372093023,0.20930232558139536,0.27906976744186046,0.0,0.4883720930232558,0.06976744186046512,0.046511627906976744,0.0,0.0,0.0,0.0
2023-10-09,江戸川,9,選抜戦,3,4831,羽野直也,28,福岡,53,A1,8.26,67.82,0.0,0.0,18,51.69,69,44.57,雨,北,5,5,6.75,3,抜き,3,0.13,1.55.8,0.135625,0.124054054054054,14,32,7,4,0,0,2,6,6,0,0,0,0.4375,0.21875,0.125,0.0,0.0,0.0625,0.1875,0.1875,0.0,0.0,0.0
2023-10-09,江戸川,9,選抜戦,4,4610,佐藤大佑,33,東京,54,A1,6.68,50.93,6.74,49.7,19,32.18,48,28.74,雨,北,5,5,6.68,6,抜き,4,0.14,.  .,0.1476470588235294,0.1661475409836065,4,34,7,7,0,0,1,3,0,0,0,0,0.11764705882352941,0.20588235294117646,0.20588235294117646,0.0,0.0,0.029411764705882353,0.08823529411764706,0.0,0.0,0.0,0.0
2023-10-09,江戸川,9,選抜戦,5,4388,是澤孝宏,38,滋賀,51,A2,6.81,47.42,6.1,41.56,29,36.17,24,31.52,雨,北,5,5,6.76,1,抜き,5,0.12,1.53.0,0.1442424242424242,0.1567704280155642,7,33,6,8,0,0,0,1,4,0,0,0,0.21212121212121213,0.18181818181818182,0.24242424242424243,0.0,0.0,0.0,0.030303030303030304,0.12121212121212122,0.0,0.0,0.0
2023-10-09,江戸川,9,選抜戦,6,4290,稲田浩二,38,兵庫,52,A1,6.7,41.18,7.36,62.07,50,27.37,27,38.78,雨,北,5,5,6.72,5,抜き,6,0.14,.  .,0.1597222222222222,0.1308130081300813,0,36,3,5,0,0,0,0,0,0,0,0,0.0,0.08333333333333333,0.1388888888888889,0.0,0.0,0.0,0.0,0.0,0.0,0.0,0.0
2023-10-09,江戸川,10,選抜戦,1,4030,森高一真,45,香川,49,A1,7.52,57.14,0.0,0.0,33,43.01,52,42.31,雨,北,5,5,6.69,3,抜き,1,0.19,1.55.7,0.1368852459016393,0.1396268656716418,44,61,8,4,44,0,0,0,0,3,4,9,0.7213114754098361,0.13114754098360656,0.06557377049180328,0.7213114754098361,0.0,0.0,0.0,0.0,0.04918032786885246,0.06557377049180328,0.14754098360655737
2023-10-09,江戸川,10,選抜戦,2,4652,酒見峻介,38,佐賀,51,A2,5.66,39.05,5.58,30.91,10,44.94,40,38.95,雨,北,5,5,6.67,2,抜き,2,0.17,1.54.0,0.1595348837209302,0.1624590163934426,8,43,13,8,0,23,3,4,0,0,0,0,0.18604651162790697,0.3023255813953488,0.18604651162790697,0.0,0.5348837209302325,0.06976744186046512,0.09302325581395349,0.0,0.0,0.0,0.0
2023-10-09,江戸川,10,選抜戦,3,4604,岩瀬裕亮,35,愛知,53,A1,6.97,52.34,6.96,50.94,51,39.18,26,35.56,雨,北,5,5,6.65,1,抜き,3,0.15,1.52.7,0.1347826086956521,0.1408214285714285,6,46,14,13,0,0,1,1,2,0,0,0,0.13043478260869565,0.30434782608695654,0.2826086956521739,0.0,0.0,0.021739130434782608,0.021739130434782608,0.043478260869565216,0.0,0.0,0.0
2023-10-09,江戸川,10,選抜戦,4,4318,桑原将光,39,東京,51,A2,5.71,35.34,6.19,45.95,64,42.11,56,34.44,雨,北,5,5,6.77,6,抜き,4,0.13,.  .,0.1455,0.1451127819548872,4,40,7,11,0,0,0,2,0,0,0,0,0.1,0.175,0.275,0.0,0.0,0.0,0.05,0.0,0.0,0.0,0.0
2023-10-09,江戸川,10,選抜戦,5,3475,橋本久和,53,群馬,52,A2,5.65,40.71,6.11,43.82,63,29.55,68,43.0,雨,北,5,5,6.75,5,抜き,5,0.17,.  .,0.1689473684210526,0.1796581196581196,2,38,6,9,0,0,0,1,1,0,0,0,0.05263157894736842,0.15789473684210525,0.23684210526315788,0.0,0.0,0.0,0.02631578947368421,0.02631578947368421,0.0,0.0,0.0
2023-10-09,江戸川,10,選抜戦,6,4361,柳生泰二,38,山口,53,A1,6.83,54.11,0.0,0.0,31,36.78,66,36.46,雨,北,5,5,6.72,4,抜き,6,0.19,1.56.6,0.1526666666666666,0.1550636942675159,4,45,3,10,0,0,1,1,2,0,0,0,0.08888888888888889,0.06666666666666667,0.2222222222222222,0.0,0.0,0.022222222222222223,0.022222222222222223,0.044444444444444446,0.0,0.0,0.0
2023-10-09,江戸川,11,選抜戦,1,3541,三嶌誠司,55,香川,53,A1,6.28,48.48,5.91,45.45,14,27.71,17,37.65,雨,北,5,5,6.63,1,逃げ,1,0.08,1.52.9,0.1486792452830188,0.1428455284552845,38,53,10,1,34,0,0,0,0,4,6,4,0.7169811320754716,0.18867924528301888,0.018867924528301886,0.6415094339622641,0.0,0.0,0.0,0.0,0.07547169811320754,0.11320754716981132,0.07547169811320754
2023-10-09,江戸川,11,選抜戦,2,4044,湯川浩司,44,大阪,51,A1,6.66,44.64,6.44,25.93,60,37.78,36,29.07,雨,北,5,5,6.66,6,逃げ,2,0.14,.  .,0.1480434782608695,0.1415234375,6,46,14,11,0,24,3,0,0,0,0,0,0.13043478260869565,0.30434782608695654,0.2391304347826087,0.0,0.5217391304347826,0.06521739130434782,0.0,0.0,0.0,0.0,0.0
2023-10-09,江戸川,11,選抜戦,3,4872,山下流心,30,広島,52,A2,5.65,40.0,6.14,42.86,11,46.74,50,29.03,雨,北,5,5,6.53,3,逃げ,3,0.16,1.54.6,0.1428301886792453,0.1605244755244755,3,53,12,17,0,0,0,1,0,0,0,0,0.05660377358490566,0.22641509433962265,0.32075471698113206,0.0,0.0,0.0,0.018867924528301886,0.0,0.0,0.0,0.0
2023-10-09,江戸川,11,選抜戦,4,4237,大峯　豊,39,山口,53,A1,7.05,52.69,5.15,25.0,36,43.82,71,36.96,雨,北,5,5,6.73,2,逃げ,4,0.25,1.53.8,0.1465714285714285,0.159298245614035,7,35,13,7,0,0,0,6,1,0,0,0,0.2,0.37142857142857144,0.2,0.0,0.0,0.0,0.17142857142857143,0.02857142857142857,0.0,0.0,0.0
2023-10-09,江戸川,11,選抜戦,5,4738,清埜翔子,32,埼玉,46,A2,6.38,47.83,6.67,56.72,52,46.99,22,30.77,雨,北,5,5,6.68,4,逃げ,5,0.18,1.55.6,0.1567567567567567,0.1496226415094339,2,37,5,15,0,0,0,1,0,0,0,0,0.05405405405405406,0.13513513513513514,0.40540540540540543,0.0,0.0,0.0,0.02702702702702703,0.0,0.0,0.0,0.0
2023-10-09,江戸川,11,選抜戦,6,4208,三浦永理,40,静岡,47,A1,7.23,56.76,6.29,42.86,59,40.86,51,25.3,雨,北,5,5,6.75,5,逃げ,6,0.17,.  .,0.1726315789473684,0.1646853146853147,1,38,10,9,0,0,1,0,0,0,0,0,0.02631578947368421,0.2631578947368421,0.23684210526315788,0.0,0.0,0.02631578947368421,0.0,0.0,0.0,0.0,0.0
2023-10-09,江戸川,12,ファイナル,1,3822,平尾崇典,50,岡山,51,A1,6.07,40.52,6.82,50.91,53,38.89,60,35.23,雨,北,5,5,6.59,1,逃げ,1,0.16,1.52.4,0.1750943396226415,0.18007326007326,37,53,4,3,35,0,0,0,0,6,4,3,0.6981132075471698,0.07547169811320754,0.05660377358490566,0.660377358490566,0.0,0.0,0.0,0.0,0.11320754716981132,0.07547169811320754,0.05660377358490566
2023-10-09,江戸川,12,ファイナル,2,3952,中澤和志,47,埼玉,53,A1,7.33,54.81,7.2,53.62,12,40.45,41,32.61,雨,北,5,5,6.67,2,逃げ,2,0.14,1.53.5,0.1294545454545454,0.1407534246575342,16,55,18,11,1,24,9,4,0,0,0,0,0.2909090909090909,0.32727272727272727,0.2,0.01818181818181818,0.43636363636363634,0.16363636363636364,0.07272727272727272,0.0,0.0,0.0,0.0
2023-10-09,江戸川,12,ファイナル,3,3716,石渡鉄兵,48,東京,54,A1,6.95,48.55,8.07,66.07,22,27.5,39,32.22,雨,北,5,5,6.59,3,逃げ,3,0.16,1.54.6,0.1268085106382978,0.1277441077441077,11,47,10,10,0,0,3,3,4,0,0,0,0.23404255319148937,0.2127659574468085,0.2127659574468085,0.0,0.0,0.06382978723404255,0.06382978723404255,0.0851063829787234,0.0,0.0,0.0
2023-10-09,江戸川,12,ファイナル,4,4028,田村隆信,45,徳島,56,A1,6.12,30.77,5.33,33.33,20,32.95,30,34.48,雨,北,5,5,6.71,6,逃げ,4,0.17,.  .,0.1508571428571428,0.1484444444444444,2,35,6,5,0,0,0,0,1,0,0,0,0.05714285714285714,0.17142857142857143,0.14285714285714285,0.0,0.0,0.0,0.0,0.02857142857142857,0.0,0.0,0.0
2023-10-09,江戸川,12,ファイナル,5,4503,上野真之,35,佐賀,52,A1,6.91,52.52,0.0,0.0,39,27.59,10,31.87,雨,北,5,5,6.62,5,逃げ,5,0.18,.  .,0.133953488372093,0.1249830508474576,5,43,9,7,0,0,0,3,2,0,0,0,0.11627906976744186,0.20930232558139536,0.16279069767441862,0.0,0.0,0.0,0.06976744186046512,0.046511627906976744,0.0,0.0,0.0
2023-10-09,江戸川,12,ファイナル,6,3946,赤岩善生,47,愛知,54,A1,7.73,64.1,7.31,37.5,48,28.13,34,26.6,雨,北,5,5,6.61,4,逃げ,6,0.17,1.55.5,0.1524528301886792,0.1506478873239436,17,53,18,8,0,0,11,1,4,0,0,0,0.32075471698113206,0.33962264150943394,0.1509433962264151,0.0,0.0,0.20754716981132076,0.018867924528301886,0.07547169811320754,0.0,0.0,0.0
2023-10-09,戸田,1,一般戦,2,4676,後藤隼之,35,東京,58,B1,5.2,33.0,4.19,25.58,29,40.43,60,11.11,雨,北西,3,2,6.77,2,恵まれ,2,0.01,1.59.4,0.1588,0.1689272030651341,6,50,12,9,0,27,2,3,0,0,0,0,0.12,0.24,0.18,0.0,0.54,0.04,0.06,0.0,0.0,0.0,0.0
2023-10-09,戸田,1,一般戦,3,4666,日笠勝弘,39,大阪,51,B1,4.12,17.07,4.62,23.08,31,45.24,28,31.11,雨,北西,3,2,6.8,1,恵まれ,3,0.03,1.54.9,0.1503225806451613,0.1543979057591623,2,31,8,3,0,0,0,2,0,0,0,0,0.06451612903225806,0.25806451612903225,0.0967741935483871,0.0,0.0,0.0,0.06451612903225806,0.0,0.0,0.0,0.0
2023-10-09,戸田,1,一般戦,4,4785,木幡純也,35,愛知,52,B1,4.12,13.7,4.0,23.81,58,12.5,71,44.12,雨,北西,3,2,6.84,3,恵まれ,4,0.09,2.01.6,0.1903571428571428,0.1797590361445783,1,28,5,8,0,0,0,0,1,0,0,0,0.03571428571428571,0.17857142857142858,0.2857142857142857,0.0,0.0,0.0,0.0,0.03571428571428571,0.0,0.0,0.0
2023-10-09,戸田,1,一般戦,6,4780,マイケ田,37,東京,52,B1,3.78,20.59,4.55,24.24,59,36.84,64,23.68,雨,北西,3,2,6.84,4,恵まれ,5,0.11,2.04.7,0.1939285714285714,0.1905376344086021,0,28,0,5,0,0,0,0,0,0,0,0,0.0,0.0,0.17857142857142858,0.0,0.0,0.0,0.0,0.0,0.0,0.0,0.0
2023-10-09,戸田,2,一般戦,1,3293,宮内由紀,58,東京,53,B1,3.91,14.47,4.61,22.03,53,28.57,57,29.55,雨,北西,3,2,6.86,3,差し,1,0.21,1.52.9,0.1546428571428571,0.1964971751412429,3,28,8,4,1,0,0,0,0,7,10,4,0.10714285714285714,0.2857142857142857,0.14285714285714285,0.03571428571428571,0.0,0.0,0.0,0.0,0.25,0.35714285714285715,0.14285714285714285
2023-10-09,戸田,2,一般戦,2,3870,寺嶋　雄,47,福井,52,B1,5.04,30.43,5.34,31.25,49,43.48,77,31.71,雨,北西,3,2,6.85,4,差し,2,0.26,1.54.8,0.1712195121951219,0.1664628820960698,5,41,12,8,1,18,3,1,0,0,0,0,0.12195121951219512,0.2926829268292683,0.1951219512195122,0.024390243902439025,0.43902439024390244,0.07317073170731707,0.024390243902439025,0.0,0.0,0.0,0.0
2023-10-09,戸田,2,一般戦,3,4651,佐藤大騎,38,大阪,51,B1,4.21,19.77,5.18,35.29,34,29.27,52,50.0,雨,北西,3,2,6.85,6,差し,3,0.18,.  .,0.1421428571428571,0.1531221719457013,6,42,9,8,0,0,1,2,3,0,0,0,0.14285714285714285,0.21428571428571427,0.19047619047619047,0.0,0.0,0.023809523809523808,0.047619047619047616,0.07142857142857142,0.0,0.0,0.0
2023-10-09,戸田,2,一般戦,4,4114,深澤達徳,43,東京,52,A2,5.24,29.46,5.95,34.43,41,48.89,34,28.21,雨,北西,3,2,6.81,1,差し,4,0.26,1.50.0,0.1823076923076923,0.1709917355371901,9,39,8,6,0,0,3,4,2,0,0,0,0.23076923076923078,0.20512820512820512,0.15384615384615385,0.0,0.0,0.07692307692307693,0.10256410256410256,0.05128205128205128,0.0,0.0,0.0
2023-10-09,戸田,2,一般戦,5,4508,野間大樹,35,大阪,51,B1,4.93,25.0,6.0,28.57,45,26.32,11,28.89,雨,北西,3,2,6.86,2,差し,5,0.18,1.51.2,0.1794117647058823,0.1698823529411764,2,34,7,4,0,0,0,0,1,0,0,0,0.058823529411764705,0.20588235294117646,0.11764705882352941,0.0,0.0,0.0,0.0,0.029411764705882353,0.0,0.0,0.0
2023-10-09,戸田,2,一般戦,6,4429,豊田泰洋,38,広島,59,B1,3.78,18.1,5.0,41.67,52,25.64,63,42.42,雨,北西,3,2,6.92,5,差し,6,0.2,.  .,0.2275,0.1764912280701754,0,28,1,0,0,0,0,0,0,0,0,0,0.0,0.03571428571428571,0.0,0.0,0.0,0.0,0.0,0.0,0.0,0.0,0.0
2023-10-09,戸田,3,一般戦,1,4180,上野秀和,40,福岡,58,B1,4.83,28.21,5.0,20.0,43,34.15,43,20.45,雨,北西,3,2,6.81,3,差し,1,0.15,1.52.9,0.1778571428571428,0.1775555555555555,15,28,4,2,15,0,0,0,0,3,3,4,0.5357142857142857,0.14285714285714285,0.07142857142857142,0.5357142857142857,0.0,0.0,0.0,0.0,0.10714285714285714,0.10714285714285714,0.14285714285714285
2023-10-09,戸田,3,一般戦,2,4579,中嶋健一,34,三重,53,A2,6.29,46.15,5.95,38.46,47,37.5,54,37.84,雨,北西,3,2,6.74,1,差し,2,0.17,1.50.1,0.1667441860465116,0.1609961685823755,10,43,15,7,0,20,4,5,0,0,0,0,0.23255813953488372,0.3488372093023256,0.16279069767441862,0.0,0.46511627906976744,0.09302325581395349,0.11627906976744186,0.0,0.0,0.0,0.0
2023-10-09,戸田,3,一般戦,3,4815,伏島祐介,33,東京,53,B1,4.51,20.24,5.31,26.67,48,39.53,16,40.63,雨,北西,3,2,6.75,2,差し,3,0.23,1.51.3,0.1883783783783783,0.1755947136563876,2,37,8,11,0,0,0,2,0,0,0,0,0.05405405405405406,0.21621621621621623,0.2972972972972973,0.0,0.0,0.0,0.05405405405405406,0.0,0.0,0.0,0.0
2023-10-09,戸田,3,一般戦,4,5122,相馬　翔,22,埼玉,57,B1,3.29,9.52,3.66,21.3,36,31.71,20,19.57,雨,北西,3,2,6.73,4,差し,4,0.25,1.54.4,0.1630769230769231,0.1670967741935483,3,39,1,8,0,0,0,2,1,0,0,0,0.07692307692307693,0.02564102564102564,0.20512820512820512,0.0,0.0,0.0,0.05128205128205128,0.02564102564102564,0.0,0.0,0.0
2023-10-09,戸田,3,一般戦,5,5082,一色凌雅,24,愛知,58,B1,4.59,23.17,4.03,18.75,24,47.5,73,30.23,雨,北西,3,2,6.88,5,差し,5,0.43,.  .,0.2097297297297297,0.2001477832512315,4,37,3,6,0,0,1,0,3,0,0,0,0.10810810810810811,0.08108108108108109,0.16216216216216217,0.0,0.0,0.02702702702702703,0.0,0.08108108108108109,0.0,0.0,0.0
2023-10-09,戸田,3,一般戦,6,5135,仲　航太,23,東京,54,B1,4.84,27.42,2.7,3.7,40,40.0,61,36.36,雨,北西,3,2,6.86,6,差し,6,0.47,.  .,0.1876666666666666,0.1682914572864321,1,30,2,5,0,0,0,0,1,0,0,0,0.03333333333333333,0.06666666666666667,0.16666666666666666,0.0,0.0,0.0,0.0,0.03333333333333333,0.0,0.0,0.0
2023-10-09,戸田,4,一般戦,1,3690,河合三弘,53,愛知,54,B1,5.26,30.56,4.95,34.21,56,47.62,47,35.14,雨,無風,0,0,6.81,2,差し,1,0.09,1.51.2,0.1561764705882353,0.1756779661016949,17,34,8,5,16,0,0,0,0,6,3,5,0.5,0.23529411764705882,0.14705882352941177,0.47058823529411764,0.0,0.0,0.0,0.0,0.17647058823529413,0.08823529411764706,0.14705882352941177
2023-10-09,戸田,4,一般戦,2,4167,片岡秀樹,41,徳島,55,B1,5.37,30.23,6.4,50.0,39,27.03,39,35.29,雨,無風,0,0,6.91,1,差し,2,0.1,1.49.4,0.1497142857142857,0.1527777777777778,2,35,7,10,0,18,1,1,0,0,0,0,0.05714285714285714,0.2,0.2857142857142857,0.0,0.5142857142857142,0.02857142857142857,0.02857142857142857,0.0,0.0,0.0,0.0
2023-10-09,戸田,4,一般戦,3,3796,長野道臣,50,静岡,53,B1,5.69,37.35,4.48,14.29,54,50.0,40,51.43,雨,無風,0,0,6.76,6,差し,3,0.15,.  .,0.1747619047619047,0.1681081081081081,6,42,7,9,0,0,3,2,0,0,0,0,0.14285714285714285,0.16666666666666666,0.21428571428571427,0.0,0.0,0.07142857142857142,0.047619047619047616,0.0,0.0,0.0,0.0
2023-10-09,戸田,4,一般戦,4,4669,井上　茂,38,福岡,53,B1,3.92,13.46,3.17,0.0,46,25.58,67,28.26,雨,無風,0,0,6.78,4,差し,4,0.22,1.53.0,0.2057142857142857,0.1812,2,21,3,2,0,0,1,0,1,0,0,0,0.09523809523809523,0.14285714285714285,0.09523809523809523,0.0,0.0,0.047619047619047616,0.0,0.047619047619047616,0.0,0.0,0.0
2023-10-09,戸田,4,一般戦,5,4798,浜先真範,30,広島,52,A1,7.13,56.48,7.25,62.5,28,17.5,76,32.56,雨,無風,0,0,6.85,5,差し,5,0.19,.  .,0.13425,0.1334074074074074,1,40,10,8,0,0,1,0,0,0,0,0,0.025,0.25,0.2,0.0,0.0,0.025,0.0,0.0,0.0,0.0,0.0
2023-10-09,戸田,4,一般戦,6,3983,須藤博倫,45,埼玉,52,A2,6.37,45.65,6.92,52.85,37,42.86,18,27.91,雨,無風,0,0,6.84,3,差し,6,0.31,1.52.2,0.1548571428571428,0.1360743801652892,1,35,8,5,0,0,1,0,0,0,0,0,0.02857142857142857,0.22857142857142856,0.14285714285714285,0.0,0.0,0.02857142857142857,0.0,0.0,0.0,0.0,0.0
2023-10-09,戸田,5,ウインウイン,1,4134,杉山貴博,43,東京,54,A2,6.47,51.15,6.31,50.98,51,40.0,32,43.59,雨,北西,2,1,6.72,1,逃げ,1,0.07,1.49.1,0.1220408163265306,0.1640754716981132,36,49,7,4,35,0,0,0,0,4,2,4,0.7346938775510204,0.14285714285714285,0.08163265306122448,0.7142857142857143,0.0,0.0,0.0,0.0,0.08163265306122448,0.04081632653061224,0.08163265306122448
2023-10-09,戸田,5,ウインウイン,2,4785,木幡純也,35,愛知,52,B1,4.12,13.7,4.0,23.81,58,12.5,71,44.12,雨,北西,2,1,6.91,5,逃げ,2,0.13,.  .,0.18375,0.1797590361445783,1,32,4,2,0,18,1,0,0,0,0,0,0.03125,0.125,0.0625,0.0,0.5625,0.03125,0.0,0.0,0.0,0.0,0.0
2023-10-09,戸田,5,ウインウイン,3,4113,木村浩士,43,群馬,54,B1,4.31,23.15,4.96,24.39,2,26.79,24,40.63,雨,北西,2,1,6.93,2,逃げ,3,0.16,1.49.9,0.1885714285714285,0.1827924528301886,2,49,12,10,0,0,1,0,1,0,0,0,0.04081632653061224,0.24489795918367346,0.20408163265306123,0.0,0.0,0.02040816326530612,0.0,0.02040816326530612,0.0,0.0,0.0
2023-10-09,戸田,5,ウインウイン,4,3538,菊池峰晴,55,群馬,52,A2,5.07,28.93,5.11,36.36,60,35.71,65,30.95,雨,北西,2,1,6.88,4,逃げ,4,0.12,1.52.5,0.1634210526315789,0.1719083969465648,1,38,10,10,0,0,1,0,0,0,0,0,0.02631578947368421,0.2631578947368421,0.2631578947368421,0.0,0.0,0.02631578947368421,0.0,0.0,0.0,0.0,0.0
2023-10-09,戸田,5,ウインウイン,5,5285,若林　麗,24,東京,51,B2,1.19,0.0,1.0,0.0,25,47.06,14,40.0,雨,北西,2,1,6.77,6,逃げ,6,0.17,.  .,0.211,0.2230769230769231,0,20,0,0,0,0,0,0,0,0,0,0,0.0,0.0,0.0,0.0,0.0,0.0,0.0,0.0,0.0,0.0,0.0
2023-10-09,戸田,5,ウインウイン,6,4811,向井田佑,34,広島,50,B1,5.54,33.93,6.0,50.0,23,35.29,35,34.88,雨,北西,2,1,6.88,3,逃げ,5,0.14,1.52.1,0.1902325581395348,0.1623412698412698,0,43,0,7,0,0,0,0,0,0,0,0,0.0,0.0,0.16279069767441862,0.0,0.0,0.0,0.0,0.0,0.0,0.0,0.0
2023-10-09,戸田,6,一般戦,1,4663,籾山佳岳,41,愛知,52,B2,4.97,28.57,5.05,30.77,55,21.95,15,31.58,雨,北西,1,1,6.75,3,差し,1,0.17,1.52.2,0.165,0.1692307692307692,7,14,1,4,5,0,0,0,0,3,1,2,0.5,0.07142857142857142,0.2857142857142857,0.35714285714285715,0.0,0.0,0.0,0.0,0.21428571428571427,0.07142857142857142,0.14285714285714285
2023-10-09,戸田,6,一般戦,2,3947,寺本昇平,47,群馬,49,B1,4.76,26.92,5.59,35.53,61,40.54,62,34.88,雨,北西,1,1,6.78,5,差し,2,0.09,.  .,0.1735555555555555,0.1751417004048583,4,45,9,7,0,31,2,1,0,0,0,0,0.08888888888888889,0.2,0.15555555555555556,0.0,0.6888888888888889,0.044444444444444446,0.022222222222222223,0.0,0.0,0.0,0.0
2023-10-09,戸田,6,一般戦,3,4114,深澤達徳,43,東京,52,A2,5.24,29.46,5.95,34.43,41,48.89,34,28.21,雨,北西,1,1,6.78,1,差し,3,0.14,1.49.8,0.1555813953488372,0.1709917355371901,2,43,6,9,0,0,0,0,2,0,0,0,0.046511627906976744,0.13953488372093023,0.20930232558139536,0.0,0.0,0.0,0.0,0.046511627906976744,0.0,0.0,0.0
2023-10-09,戸田,6,一般戦,4,4201,佐竹友樹,41,埼玉,51,B1,5.11,30.34,5.35,36.36,18,27.27,75,33.33,雨,北西,1,1,6.8,4,差し,4,0.07,1.53.3,0.1396969696969697,0.152167487684729,3,33,4,4,0,0,1,2,0,0,0,0,0.09090909090909091,0.12121212121212122,0.12121212121212122,0.0,0.0,0.030303030303030304,0.06060606060606061,0.0,0.0,0.0,0.0
2023-10-09,戸田,6,一般戦,5,4676,後藤隼之,35,東京,58,B1,5.2,33.0,4.19,25.58,29,40.43,60,11.11,雨,北西,1,1,6.82,2,差し,5,0.09,1.51.8,0.1934090909090909,0.1689272030651341,2,44,2,9,0,0,0,0,2,0,0,0,0.045454545454545456,0.045454545454545456,0.20454545454545456,0.0,0.0,0.0,0.0,0.045454545454545456,0.0,0.0,0.0
2023-10-09,戸田,6,一般戦,6,5293,眞崎武蔵,21,静岡,52,B2,1.48,0.0,1.86,0.0,62,29.41,23,17.5,雨,北西,1,1,6.82,6,差し,6,0.08,.  .,0.23125,0.2231666666666666,0,32,0,0,0,0,0,0,0,0,0,0,0.0,0.0,0.0,0.0,0.0,0.0,0.0,0.0,0.0,0.0,0.0
2023-10-09,戸田,7,ウインウイン,1,4535,北山康介,33,東京,54,A1,7.32,61.73,8.27,81.82,32,26.83,50,40.43,雨,北西,1,1,6.82,1,逃げ,1,0.14,1.49.9,0.1561904761904762,0.1489839572192513,35,42,3,1,32,0,0,0,0,0,6,0,0.8333333333333334,0.07142857142857142,0.023809523809523808,0.7619047619047619,0.0,0.0,0.0,0.0,0.0,0.14285714285714285,0.0
2023-10-09,戸田,7,ウインウイン,2,4429,豊田泰洋,38,広島,59,B1,3.78,18.1,5.0,41.67,52,25.64,63,42.42,雨,北西,1,1,6.89,6,逃げ,2,0.09,.  .,0.1546666666666666,0.1764912280701754,4,45,6,7,0,25,2,2,0,0,0,0,0.08888888888888889,0.13333333333333333,0.15555555555555556,0.0,0.5555555555555556,0.044444444444444446,0.044444444444444446,0.0,0.0,0.0,0.0
2023-10-09,戸田,7,ウインウイン,3,4470,平田健之,36,三重,53,B1,5.93,35.96,4.5,20.0,57,17.95,55,43.75,雨,北西,1,1,6.86,4,逃げ,3,0.09,1.53.4,0.1489743589743589,0.1773399014778325,7,39,7,11,0,0,2,2,2,0,0,0,0.1794871794871795,0.1794871794871795,0.28205128205128205,0.0,0.0,0.05128205128205128,0.05128205128205128,0.05128205128205128,0.0,0.0,0.0
2023-10-09,戸田,7,ウインウイン,4,4651,佐藤大騎,38,大阪,51,B1,4.21,19.77,5.18,35.29,34,29.27,52,50.0,雨,北西,1,1,6.85,2,逃げ,4,0.07,1.50.7,0.1597142857142857,0.1531221719457013,2,35,8,7,0,0,1,1,0,0,0,0,0.05714285714285714,0.22857142857142856,0.2,0.0,0.0,0.02857142857142857,0.02857142857142857,0.0,0.0,0.0,0.0
2023-10-09,戸田,7,ウインウイン,5,5135,仲　航太,23,東京,54,B1,4.84,27.42,2.7,3.7,40,40.0,61,36.36,雨,北西,1,1,6.79,5,逃げ,5,0.17,.  .,0.1778787878787879,0.1682914572864321,1,33,5,5,0,0,0,0,1,0,0,0,0.030303030303030304,0.15151515151515152,0.15151515151515152,0.0,0.0,0.0,0.0,0.030303030303030304,0.0,0.0,0.0
2023-10-09,戸田,7,ウインウイン,6,5082,一色凌雅,24,愛知,58,B1,4.59,23.17,4.03,18.75,24,47.5,73,30.23,雨,北西,1,1,6.87,3,逃げ,6,0.16,1.51.7,0.2152777777777778,0.2001477832512315,0,36,5,9,0,0,0,0,0,0,0,0,0.0,0.1388888888888889,0.25,0.0,0.0,0.0,0.0,0.0,0.0,0.0,0.0
2023-10-09,戸田,8,一般戦,1,4815,伏島祐介,33,東京,53,B1,4.51,20.24,5.31,26.67,48,39.53,16,40.63,雨,北西,3,2,6.83,2,まくり差し,1,0.08,1.50.9,0.1848387096774193,0.1755947136563876,13,31,4,4,12,0,0,0,0,5,7,3,0.41935483870967744,0.12903225806451613,0.12903225806451613,0.3870967741935484,0.0,0.0,0.0,0.0,0.16129032258064516,0.22580645161290322,0.0967741935483871
2023-10-09,戸田,8,一般戦,2,4780,マイケ田,37,東京,52,B1,3.78,20.59,4.55,24.24,59,36.84,64,23.68,雨,北西,3,2,6.86,6,まくり差し,2,0.11,.  .,0.1897142857142857,0.1905376344086021,4,35,6,5,0,15,4,0,0,0,0,0,0.11428571428571428,0.17142857142857143,0.14285714285714285,0.0,0.42857142857142855,0.11428571428571428,0.0,0.0,0.0,0.0,0.0
2023-10-09,戸田,8,一般戦,3,3870,寺嶋　雄,47,福井,52,B1,5.04,30.43,5.34,31.25,49,43.48,77,31.71,雨,北西,3,2,6.78,1,まくり差し,3,0.06,1.50.0,0.1673170731707317,0.1664628820960698,3,41,2,13,0,0,1,0,1,0,0,0,0.07317073170731707,0.04878048780487805,0.3170731707317073,0.0,0.0,0.024390243902439025,0.0,0.024390243902439025,0.0,0.0,0.0
2023-10-09,戸田,8,一般戦,4,4167,片岡秀樹,41,徳島,55,B1,5.37,30.23,6.4,50.0,39,27.03,39,35.29,雨,北西,3,2,6.96,4,まくり差し,4,0.07,1.53.6,0.1476470588235294,0.1527777777777778,5,34,2,5,0,0,0,4,0,0,0,0,0.14705882352941177,0.058823529411764705,0.14705882352941177,0.0,0.0,0.0,0.11764705882352941,0.0,0.0,0.0,0.0
2023-10-09,戸田,8,一般戦,5,4666,日笠勝弘,39,大阪,51,B1,4.12,17.07,4.62,23.08,31,45.24,28,31.11,雨,北西,3,2,6.8,5,まくり差し,5,0.05,.  .,0.1531034482758621,0.1543979057591623,1,29,3,2,0,0,0,0,1,0,0,0,0.034482758620689655,0.10344827586206896,0.06896551724137931,0.0,0.0,0.0,0.0,0.034482758620689655,0.0,0.0,0.0
2023-10-09,戸田,8,一般戦,6,4798,浜先真範,30,広島,52,A1,7.13,56.48,7.25,62.5,28,17.5,76,32.56,雨,北西,3,2,6.92,3,まくり差し,6,0.16,1.53.3,0.1534146341463414,0.1334074074074074,1,41,7,9,0,0,0,1,0,0,0,0,0.024390243902439025,0.17073170731707318,0.21951219512195122,0.0,0.0,0.0,0.024390243902439025,0.0,0.0,0.0,0.0
2023-10-09,戸田,9,戸田特選,1,5122,相馬　翔,22,埼玉,57,B1,3.29,9.52,3.66,21.3,36,31.71,20,19.57,雨,北西,3,2,6.82,6,まくり,1,0.17,.  .,0.1196428571428571,0.1670967741935483,13,28,6,2,10,0,0,2,0,3,5,4,0.4642857142857143,0.21428571428571427,0.07142857142857142,0.35714285714285715,0.0,0.0,0.07142857142857142,0.0,0.10714285714285714,0.17857142857142858,0.14285714285714285
2023-10-09,戸田,9,戸田特選,2,4669,井上　茂,38,福岡,53,B1,3.92,13.46,3.17,0.0,46,25.58,67,28.26,雨,北西,3,2,6.84,1,まくり,2,0.22,1.50.0,0.1566666666666666,0.1812,2,30,4,5,0,20,2,0,0,0,0,0,0.06666666666666667,0.13333333333333333,0.16666666666666666,0.0,0.6666666666666666,0.06666666666666667,0.0,0.0,0.0,0.0,0.0
2023-10-09,戸田,9,戸田特選,3,3293,宮内由紀,58,東京,53,B1,3.91,14.47,4.61,22.03,53,28.57,57,29.55,雨,北西,3,2,6.86,4,まくり,3,0.2,1.53.7,0.1979411764705882,0.1964971751412429,2,34,4,10,0,0,1,0,1,0,0,0,0.058823529411764705,0.11764705882352941,0.29411764705882354,0.0,0.0,0.029411764705882353,0.0,0.029411764705882353,0.0,0.0,0.0
2023-10-09,戸田,9,戸田特選,4,4180,上野秀和,40,福岡,58,B1,4.83,28.21,5.0,20.0,43,34.15,43,20.45,雨,北西,3,2,6.86,2,まくり,4,0.17,1.51.7,0.1731428571428571,0.1775555555555555,5,35,1,12,0,0,0,5,0,0,0,0,0.14285714285714285,0.02857142857142857,0.34285714285714286,0.0,0.0,0.0,0.14285714285714285,0.0,0.0,0.0,0.0
2023-10-09,戸田,9,戸田特選,5,3538,菊池峰晴,55,群馬,52,A2,5.07,28.93,5.11,36.36,60,35.71,65,30.95,雨,北西,3,2,6.84,3,まくり,5,0.24,1.53.4,0.1684090909090909,0.1719083969465648,4,44,8,7,0,0,0,0,2,0,0,0,0.09090909090909091,0.18181818181818182,0.1590909090909091,0.0,0.0,0.0,0.0,0.045454545454545456,0.0,0.0,0.0
2023-10-09,戸田,9,戸田特選,6,5285,若林　麗,24,東京,51,B2,1.19,0.0,1.0,0.0,25,47.06,14,40.0,雨,北西,3,2,6.83,5,まくり,6,0.27,.  .,0.2314285714285714,0.2230769230769231,0,42,0,0,0,0,0,0,0,0,0,0,0.0,0.0,0.0,0.0,0.0,0.0,0.0,0.0,0.0,0.0,0.0
2023-10-09,戸田,10,選抜戦,1,4811,向井田佑,34,広島,50,B1,5.54,33.93,6.0,50.0,23,35.29,35,34.88,雨,北西,3,2,6.93,6,差し,1,0.15,.  .,0.1351282051282051,0.1623412698412698,20,39,10,4,19,0,0,0,0,7,5,4,0.5128205128205128,0.2564102564102564,0.10256410256410256,0.48717948717948717,0.0,0.0,0.0,0.0,0.1794871794871795,0.1282051282051282,0.10256410256410256
2023-10-09,戸田,10,選抜戦,2,4508,野間大樹,35,大阪,51,B1,4.93,25.0,6.0,28.57,45,26.32,11,28.89,雨,北西,3,2,6.79,5,差し,2,0.11,.  .,0.1682142857142857,0.1698823529411764,6,28,3,6,1,10,4,0,0,0,0,0,0.21428571428571427,0.10714285714285714,0.21428571428571427,0.03571428571428571,0.35714285714285715,0.14285714285714285,0.0,0.0,0.0,0.0,0.0
2023-10-09,戸田,10,選抜戦,3,4134,杉山貴博,43,東京,54,A2,6.47,51.15,6.31,50.98,51,40.0,32,43.59,雨,北西,3,2,6.85,4,差し,3,0.07,1.53.0,0.1582222222222222,0.1640754716981132,11,45,11,9,0,0,2,4,4,0,0,0,0.24444444444444444,0.24444444444444444,0.2,0.0,0.0,0.044444444444444446,0.08888888888888889,0.08888888888888889,0.0,0.0,0.0
2023-10-09,戸田,10,選抜戦,4,3796,長野道臣,50,静岡,53,B1,5.69,37.35,4.48,14.29,54,50.0,40,51.43,雨,北西,3,2,6.83,1,差し,4,0.06,1.49.1,0.1459459459459459,0.1681081081081081,5,37,5,8,0,0,1,3,1,0,0,0,0.13513513513513514,0.13513513513513514,0.21621621621621623,0.0,0.0,0.02702702702702703,0.08108108108108109,0.02702702702702703,0.0,0.0,0.0
2023-10-09,戸田,10,選抜戦,5,4579,中嶋健一,34,三重,53,A2,6.29,46.15,5.95,38.46,47,37.5,54,37.84,雨,北西,3,2,6.85,2,差し,5,0.1,1.50.5,0.1686046511627907,0.1609961685823755,2,43,8,13,0,0,0,0,0,0,0,0,0.046511627906976744,0.18604651162790697,0.3023255813953488,0.0,0.0,0.0,0.0,0.0,0.0,0.0,0.0
2023-10-09,戸田,10,選抜戦,6,4663,籾山佳岳,41,愛知,52,B2,4.97,28.57,5.05,30.77,55,21.95,15,31.58,雨,北西,3,2,6.85,3,差し,6,0.1,1.51.9,0.1886666666666666,0.1692307692307692,0,15,0,1,0,0,0,0,0,0,0,0,0.0,0.0,0.06666666666666667,0.0,0.0,0.0,0.0,0.0,0.0,0.0,0.0
2023-10-09,戸田,11,選抜戦,1,3983,須藤博倫,45,埼玉,52,A2,6.37,45.65,6.92,52.85,37,42.86,18,27.91,雨,北西,3,2,6.75,1,逃げ,1,0.14,1.49.5,0.1315555555555555,0.1360743801652892,28,45,8,3,26,0,0,0,0,6,4,4,0.6222222222222222,0.17777777777777778,0.06666666666666667,0.5777777777777777,0.0,0.0,0.0,0.0,0.13333333333333333,0.08888888888888889,0.08888888888888889
2023-10-09,戸田,11,選抜戦,2,4535,北山康介,33,東京,54,A1,7.32,61.73,8.27,81.82,32,26.83,50,40.43,雨,北西,3,2,6.84,5,逃げ,2,0.15,.  .,0.1458064516129032,0.1489839572192513,8,31,7,11,0,16,3,5,0,0,0,0,0.25806451612903225,0.22580645161290322,0.3548387096774194,0.0,0.5161290322580645,0.0967741935483871,0.16129032258064516,0.0,0.0,0.0,0.0
2023-10-09,戸田,11,選抜戦,3,4201,佐竹友樹,41,埼玉,51,B1,5.11,30.34,5.35,36.36,18,27.27,75,33.33,雨,北西,3,2,6.82,2,逃げ,3,0.13,1.50.7,0.1451351351351351,0.152167487684729,4,37,14,6,0,0,0,2,0,0,0,0,0.10810810810810811,0.3783783783783784,0.16216216216216217,0.0,0.0,0.0,0.05405405405405406,0.0,0.0,0.0,0.0
2023-10-09,戸田,11,選抜戦,4,4470,平田健之,36,三重,53,B1,5.93,35.96,4.5,20.0,57,17.95,55,43.75,雨,北西,3,2,6.86,3,逃げ,4,0.12,1.51.3,0.1489655172413793,0.1773399014778325,3,29,5,7,0,0,1,2,0,0,0,0,0.10344827586206896,0.1724137931034483,0.2413793103448276,0.0,0.0,0.034482758620689655,0.06896551724137931,0.0,0.0,0.0,0.0
2023-10-09,戸田,11,選抜戦,5,3947,寺本昇平,47,群馬,49,B1,4.76,26.92,5.59,35.53,61,40.54,62,34.88,雨,北西,3,2,6.79,4,逃げ,5,0.28,1.52.6,0.18875,0.1751417004048583,3,40,3,6,0,0,1,0,2,0,0,0,0.075,0.075,0.15,0.0,0.0,0.025,0.0,0.05,0.0,0.0,0.0
2023-10-09,戸田,11,選抜戦,6,3690,河合三弘,53,愛知,54,B1,5.26,30.56,4.95,34.21,56,47.62,47,35.14,雨,北西,3,2,6.89,6,逃げ,6,0.29,.  .,0.1993939393939394,0.1756779661016949,1,33,2,5,0,0,0,0,1,0,0,0,0.030303030303030304,0.06060606060606061,0.15151515151515152,0.0,0.0,0.0,0.0,0.030303030303030304,0.0,0.0,0.0
2023-10-09,戸田,12,優勝戦,1,4131,原　豊土,43,静岡,56,A2,5.78,41.75,5.4,40.0,20,48.08,42,25.0,曇り,北西,3,2,6.74,1,逃げ,1,0.07,1.49.0,0.1775609756097561,0.1748878923766816,24,41,7,3,24,0,0,0,0,1,7,5,0.5853658536585366,0.17073170731707318,0.07317073170731707,0.5853658536585366,0.0,0.0,0.0,0.0,0.024390243902439025,0.17073170731707318,0.12195121951219512
2023-10-09,戸田,12,優勝戦,2,4109,谷津幸宏,43,埼玉,54,A2,6.39,45.6,6.0,42.77,30,51.28,45,24.39,曇り,北西,3,2,6.78,6,逃げ,2,0.05,.  .,0.1329411764705882,0.1325418060200669,8,51,18,13,0,28,7,1,0,0,0,0,0.1568627450980392,0.35294117647058826,0.2549019607843137,0.0,0.5490196078431373,0.13725490196078433,0.0196078431372549,0.0,0.0,0.0,0.0
2023-10-09,戸田,12,優勝戦,3,4061,萩原秀人,44,福井,54,A1,7.08,52.27,5.78,44.44,26,17.95,21,27.08,曇り,北西,3,2,6.85,3,逃げ,3,0.06,1.51.3,0.1241176470588235,0.1258503401360544,12,51,19,9,0,0,1,4,5,0,0,0,0.23529411764705882,0.37254901960784315,0.17647058823529413,0.0,0.0,0.0196078431372549,0.0784313725490196,0.09803921568627451,0.0,0.0,0.0
2023-10-09,戸田,12,優勝戦,4,3984,坂口　周,45,三重,54,A1,6.51,51.85,5.33,36.67,50,35.0,26,23.91,曇り,北西,3,2,6.88,2,逃げ,4,0.1,1.49.9,0.1604444444444444,0.1610980392156862,10,45,8,9,0,0,1,3,5,0,0,0,0.2222222222222222,0.17777777777777778,0.2,0.0,0.0,0.022222222222222223,0.06666666666666667,0.1111111111111111,0.0,0.0,0.0
2023-10-09,戸田,12,優勝戦,5,4144,石塚久也,42,埼玉,52,B1,5.81,40.26,6.4,45.54,27,39.02,12,35.71,曇り,北西,3,2,6.88,5,逃げ,5,0.11,.  .,0.1764,0.1706666666666666,1,25,4,5,0,0,0,1,0,0,0,0,0.04,0.16,0.2,0.0,0.0,0.0,0.04,0.0,0.0,0.0,0.0
2023-10-09,戸田,12,優勝戦,6,4090,中村　尊,43,埼玉,54,A2,6.44,51.89,6.13,48.18,42,38.78,72,42.86,曇り,北西,3,2,6.88,4,逃げ,6,0.1,1.52.6,0.1489189189189189,0.12872,1,37,8,5,0,0,0,1,0,0,0,0,0.02702702702702703,0.21621621621621623,0.13513513513513514,0.0,0.0,0.0,0.02702702702702703,0.0,0.0,0.0,0.0
2023-10-09,桐生,1,予選,1,4203,小倉康典,41,群馬,53,B1,4.39,26.32,4.81,31.82,60,30.19,56,32.98,雨,無風,0,0,6.77,5,差し,1,0.12,1.54.0,0.1375,0.1665463917525773,10,32,5,5,9,0,0,0,0,6,9,4,0.3125,0.15625,0.15625,0.28125,0.0,0.0,0.0,0.0,0.1875,0.28125,0.125
2023-10-09,桐生,1,予選,2,4440,萩原知哉,37,東京,53,B1,4.22,17.65,4.42,24.24,21,38.17,23,29.17,雨,無風,0,0,6.83,1,差し,2,0.15,1.50.0,0.178235294117647,0.1897959183673469,2,34,6,8,0,21,1,1,0,0,0,0,0.058823529411764705,0.17647058823529413,0.23529411764705882,0.0,0.6176470588235294,0.029411764705882353,0.029411764705882353,0.0,0.0,0.0,0.0
2023-10-09,桐生,1,予選,3,5172,田村　慶,22,徳島,52,B1,4.24,22.86,2.67,0.0,68,33.52,58,35.33,雨,無風,0,0,6.78,2,差し,3,0.11,1.50.8,0.1797297297297297,0.1793809523809524,4,37,4,7,0,0,0,1,3,0,0,0,0.10810810810810811,0.10810810810810811,0.1891891891891892,0.0,0.0,0.0,0.02702702702702703,0.08108108108108109,0.0,0.0,0.0
2023-10-09,桐生,1,予選,4,3641,一瀬　明,52,東京,52,A2,6.07,44.16,6.23,45.6,72,35.42,27,39.89,雨,無風,0,0,6.79,4,差し,4,0.08,1.53.4,0.1783333333333333,0.1717064846416382,9,42,6,15,0,0,3,3,2,0,0,0,0.21428571428571427,0.14285714285714285,0.35714285714285715,0.0,0.0,0.07142857142857142,0.07142857142857142,0.047619047619047616,0.0,0.0,0.0
2023-10-09,桐生,1,予選,5,3872,岡田憲行,47,大阪,53,A2,5.69,36.59,6.57,51.35,34,35.25,59,27.67,雨,無風,0,0,6.72,3,差し,5,0.22,1.52.2,0.2156818181818182,0.1924727272727272,2,44,7,12,0,0,0,0,1,0,0,0,0.045454545454545456,0.1590909090909091,0.2727272727272727,0.0,0.0,0.0,0.0,0.022727272727272728,0.0,0.0,0.0
2023-10-09,桐生,1,予選,6,5259,野田昇吾,30,埼玉,57,B2,1.92,3.39,1.08,0.0,24,37.66,38,33.89,雨,無風,0,0,6.87,6,差し,6,0.18,1.54.5,0.2058024691358025,0.20171875,0,81,1,0,0,0,0,0,0,0,0,0,0.0,0.012345679012345678,0.0,0.0,0.0,0.0,0.0,0.0,0.0,0.0,0.0
2023-10-09,桐生,2,予選,1,2538,高橋二朗,74,東京,52,B1,3.54,9.47,4.19,10.42,59,30.87,19,33.73,雨,北西,1,1,6.72,5,差し,1,0.23,1.54.4,0.1946153846153846,0.1926451612903225,2,26,5,7,2,0,0,0,0,7,13,3,0.07692307692307693,0.19230769230769232,0.2692307692307692,0.07692307692307693,0.0,0.0,0.0,0.0,0.2692307692307692,0.5,0.11538461538461539
2023-10-09,桐生,2,予選,2,4405,南野利騰,38,福井,53,B1,3.94,13.41,4.0,14.29,45,35.71,37,30.39,雨,北西,1,1,6.77,2,差し,2,0.16,1.51.6,0.1463888888888888,0.1597837837837837,2,36,10,9,0,21,2,0,0,0,0,0,0.05555555555555555,0.2777777777777778,0.25,0.0,0.5833333333333334,0.05555555555555555,0.0,0.0,0.0,0.0,0.0
2023-10-09,桐生,2,予選,3,4293,鈴木智啓,38,愛知,55,B1,4.58,25.0,5.04,26.92,65,34.97,73,29.26,雨,北西,1,1,6.79,4,差し,3,0.25,1.52.8,0.161025641025641,0.1555918367346938,3,39,6,9,0,0,0,0,2,0,0,0,0.07692307692307693,0.15384615384615385,0.23076923076923078,0.0,0.0,0.0,0.0,0.05128205128205128,0.0,0.0,0.0
2023-10-09,桐生,2,予選,4,3933,山地正樹,47,岡山,53,A2,6.17,46.21,5.15,23.08,35,32.76,62,42.55,雨,北西,1,1,6.75,3,差し,4,0.26,1.52.1,0.1554761904761905,0.1725423728813559,0,42,14,13,0,0,0,0,0,0,0,0,0.0,0.3333333333333333,0.30952380952380953,0.0,0.0,0.0,0.0,0.0,0.0,0.0,0.0
2023-10-09,桐生,2,予選,5,3686,鳥居塚孝,48,群馬,52,A2,6.11,43.64,6.01,41.6,49,32.0,26,30.65,雨,北西,1,1,6.77,1,差し,5,0.21,1.50.3,0.1525641025641025,0.1380555555555555,1,39,11,3,0,0,0,0,1,0,0,0,0.02564102564102564,0.28205128205128205,0.07692307692307693,0.0,0.0,0.0,0.0,0.02564102564102564,0.0,0.0,0.0
2023-10-09,桐生,2,予選,6,3537,田山和広,55,福岡,58,B1,4.12,14.29,0.0,0.0,55,33.33,46,29.37,雨,北西,1,1,6.83,6,差し,6,0.24,1.56.8,0.1723076923076923,0.1764130434782608,0,13,0,0,0,0,0,0,0,0,0,0,0.0,0.0,0.0,0.0,0.0,0.0,0.0,0.0,0.0,0.0,0.0
2023-10-09,桐生,3,予選,1,3977,山本兼士,46,大阪,49,B1,5.17,31.9,5.38,31.25,22,39.68,50,32.97,雨,北西,1,1,6.74,2,まくり,1,0.17,1.51.0,0.16,0.1720754716981132,14,31,5,5,14,0,0,0,0,4,6,5,0.45161290322580644,0.16129032258064516,0.16129032258064516,0.45161290322580644,0.0,0.0,0.0,0.0,0.12903225806451613,0.1935483870967742,0.16129032258064516
2023-10-09,桐生,3,予選,2,4056,小西英輝,45,福井,54,B1,4.27,16.42,4.1,9.52,28,30.52,18,36.96,雨,北西,1,1,6.78,5,まくり,2,0.16,1.53.9,0.1487096774193548,0.1541340782122905,3,31,5,7,0,14,2,0,0,0,0,0,0.0967741935483871,0.16129032258064516,0.22580645161290322,0.0,0.45161290322580644,0.06451612903225806,0.0,0.0,0.0,0.0,0.0
2023-10-09,桐生,3,予選,3,3843,上之晃弘,47,長崎,52,B1,5.58,34.58,0.0,0.0,64,33.15,41,31.22,雨,北西,1,1,6.71,1,まくり,3,0.17,1.49.6,0.177027027027027,0.1689237668161435,5,37,7,8,0,0,0,4,0,0,0,0,0.13513513513513514,0.1891891891891892,0.21621621621621623,0.0,0.0,0.0,0.10810810810810811,0.0,0.0,0.0,0.0
2023-10-09,桐生,3,予選,4,3902,蜷川哲平,46,東京,55,A2,5.31,28.4,5.43,28.57,58,39.18,15,24.84,雨,北西,1,1,6.79,4,まくり,5,0.22,1.53.5,0.1781481481481481,0.1863917525773196,3,27,3,4,0,0,0,1,2,0,0,0,0.1111111111111111,0.1111111111111111,0.14814814814814814,0.0,0.0,0.0,0.037037037037037035,0.07407407407407407,0.0,0.0,0.0
2023-10-09,桐生,3,予選,5,4301,関　裕也,40,福岡,53,B1,4.76,32.0,0.0,0.0,14,35.12,64,39.89,雨,北西,1,1,6.74,6,まくり,4,0.15,1.55.6,0.1503333333333333,0.1647798742138364,1,30,3,3,0,0,0,0,1,0,0,0,0.03333333333333333,0.1,0.1,0.0,0.0,0.0,0.0,0.03333333333333333,0.0,0.0,0.0
2023-10-09,桐生,3,予選,6,3304,烏野賢太,55,徳島,51,A2,5.81,40.57,0.0,0.0,27,31.19,20,25.44,雨,北西,1,1,6.76,3,まくり,6,0.19,1.52.8,0.1839130434782609,0.1635507246376811,0,46,3,10,0,0,0,0,0,0,0,0,0.0,0.06521739130434782,0.21739130434782608,0.0,0.0,0.0,0.0,0.0,0.0,0.0,0.0
2023-10-09,桐生,4,予選,1,3921,川村正輝,48,福井,51,B1,4.87,33.71,5.08,34.21,31,32.46,35,35.6,雨,北西,1,1,6.82,1,逃げ,1,0.1,1.50.1,0.1434615384615384,0.164578947368421,10,26,6,4,9,0,0,0,0,7,4,2,0.38461538461538464,0.23076923076923078,0.15384615384615385,0.34615384615384615,0.0,0.0,0.0,0.0,0.2692307692307692,0.15384615384615385,0.07692307692307693
2023-10-09,桐生,4,予選,2,4059,入澤友治,44,東京,55,B1,5.14,31.75,5.43,37.8,17,30.98,55,36.78,雨,北西,1,1,6.84,2,逃げ,3,0.1,1.51.2,0.1894444444444444,0.1686206896551724,8,36,8,6,0,13,4,3,0,0,0,0,0.2222222222222222,0.2222222222222222,0.16666666666666666,0.0,0.3611111111111111,0.1111111111111111,0.08333333333333333,0.0,0.0,0.0,0.0
2023-10-09,桐生,4,予選,3,4626,伊藤紘章,37,愛知,51,A2,4.11,20.73,4.0,14.29,53,30.64,69,30.89,雨,北西,1,1,6.78,6,逃げ,4,0.06,1.55.2,0.1619230769230769,0.1684567901234568,4,26,3,4,0,0,0,1,3,0,0,0,0.15384615384615385,0.11538461538461539,0.15384615384615385,0.0,0.0,0.0,0.038461538461538464,0.11538461538461539,0.0,0.0,0.0
2023-10-09,桐生,4,予選,4,4495,森晋太郎,36,福岡,54,B1,4.0,18.18,0.0,0.0,70,31.36,45,36.17,雨,北西,1,1,6.72,3,逃げ,5,0.05,1.52.4,0.1633333333333333,0.1550282485875706,1,27,4,5,0,0,0,1,0,0,0,0,0.037037037037037035,0.14814814814814814,0.18518518518518517,0.0,0.0,0.0,0.037037037037037035,0.0,0.0,0.0,0.0
2023-10-09,桐生,4,予選,5,4656,大崎　翔,36,兵庫,56,B1,4.51,22.67,3.2,10.0,16,43.64,68,41.71,雨,北西,1,1,6.8,4,逃げ,6,0.04,1.53.6,0.1397222222222222,0.1378350515463917,2,36,3,5,0,0,0,1,1,0,0,0,0.05555555555555555,0.08333333333333333,0.1388888888888889,0.0,0.0,0.0,0.027777777777777776,0.027777777777777776,0.0,0.0,0.0
2023-10-09,桐生,4,予選,6,3257,田頭　実,56,福岡,51,A2,7.32,67.33,0.0,0.0,30,32.48,49,36.72,雨,北西,1,1,6.76,5,逃げ,2,0.1,1.55.0,0.1509090909090909,0.12875,11,33,9,3,0,0,4,7,0,0,0,0,0.3333333333333333,0.2727272727272727,0.09090909090909091,0.0,0.0,0.12121212121212122,0.21212121212121213,0.0,0.0,0.0,0.0
2023-10-09,桐生,5,予選,1,5071,野見山拓,29,福岡,52,B1,4.99,26.26,3.53,6.67,40,47.85,66,39.13,雨,無風,0,0,6.74,2,まくり差し,1,0.15,1.51.3,0.124,0.1401932367149758,8,25,6,4,8,0,0,0,0,6,4,5,0.32,0.24,0.16,0.32,0.0,0.0,0.0,0.0,0.24,0.16,0.2
2023-10-09,桐生,5,予選,2,4903,吉田凌太,30,愛知,49,A1,5.86,35.14,5.86,35.71,42,38.42,25,43.24,雨,無風,0,0,6.75,5,まくり差し,2,0.43,1.54.3,0.2020588235294117,0.1779670329670329,7,34,5,12,0,17,5,0,0,0,0,0,0.20588235294117646,0.14705882352941177,0.35294117647058826,0.0,0.5,0.14705882352941177,0.0,0.0,0.0,0.0,0.0
2023-10-09,桐生,5,予選,3,4660,宇田川信,32,東京,52,B1,3.83,15.56,4.05,18.97,29,30.67,48,37.5,雨,無風,0,0,6.82,6,まくり差し,3,0.37,1.58.1,0.2014705882352941,0.1988383838383838,3,34,4,7,0,0,1,2,0,0,0,0,0.08823529411764706,0.11764705882352941,0.20588235294117646,0.0,0.0,0.029411764705882353,0.058823529411764705,0.0,0.0,0.0,0.0
2023-10-09,桐生,5,予選,4,4512,高野哲史,34,兵庫,52,A2,6.93,54.68,6.38,41.07,15,41.52,44,34.05,雨,無風,0,0,6.69,1,まくり差し,4,0.2,1.48.7,0.1602439024390244,0.1582083333333333,7,41,10,11,0,0,0,1,3,0,0,0,0.17073170731707318,0.24390243902439024,0.2682926829268293,0.0,0.0,0.0,0.024390243902439025,0.07317073170731707,0.0,0.0,0.0
2023-10-09,桐生,5,予選,5,4491,田中　堅,36,群馬,51,B1,5.58,36.44,4.97,25.6,37,33.71,52,34.55,雨,無風,0,0,6.82,3,まくり差し,5,0.26,1.52.8,0.1927906976744186,0.1925896414342629,1,43,2,12,0,0,0,0,1,0,0,0,0.023255813953488372,0.046511627906976744,0.27906976744186046,0.0,0.0,0.0,0.0,0.023255813953488372,0.0,0.0,0.0
2023-10-09,桐生,5,予選,6,3820,樫葉次郎,51,徳島,58,B1,4.52,23.91,0.0,0.0,38,39.59,67,40.43,雨,無風,0,0,6.75,4,まくり差し,6,0.18,1.53.5,0.16375,0.1523469387755102,1,32,0,4,0,0,0,1,0,0,0,0,0.03125,0.0,0.125,0.0,0.0,0.0,0.03125,0.0,0.0,0.0,0.0
2023-10-09,桐生,6,ドラドキ目玉,1,4172,森定晃史,41,岡山,51,A1,5.72,36.73,6.75,62.5,12,34.34,11,27.88,雨,北西,2,1,6.79,3,差し,1,0.13,1.52.0,0.1481818181818182,0.1548846153846154,34,55,10,5,32,0,0,0,0,6,5,6,0.6181818181818182,0.18181818181818182,0.09090909090909091,0.5818181818181818,0.0,0.0,0.0,0.0,0.10909090909090909,0.09090909090909091,0.10909090909090909
2023-10-09,桐生,6,ドラドキ目玉,2,4956,齊藤大将,28,東京,54,B2,3.76,17.65,4.06,12.5,23,46.71,21,29.79,雨,北西,2,1,6.74,1,差し,2,0.19,1.49.8,0.1789473684210526,0.176,0,19,1,4,0,5,0,0,0,0,0,0,0.0,0.05263157894736842,0.21052631578947367,0.0,0.2631578947368421,0.0,0.0,0.0,0.0,0.0,0.0
2023-10-09,桐生,6,ドラドキ目玉,3,4203,小倉康典,41,群馬,53,B1,4.39,26.32,4.81,31.82,60,30.19,56,32.98,雨,北西,2,1,6.76,6,差し,3,0.21,1.55.9,0.1793548387096774,0.1665463917525773,3,31,8,3,0,0,0,3,0,0,0,0,0.0967741935483871,0.25806451612903225,0.0967741935483871,0.0,0.0,0.0,0.0967741935483871,0.0,0.0,0.0,0.0
2023-10-09,桐生,6,ドラドキ目玉,4,4394,永嶋裕一,37,福岡,56,B1,5.1,27.14,0.0,0.0,62,35.52,72,30.37,雨,北西,2,1,6.81,2,差し,4,0.14,1.51.1,0.1451724137931034,0.1499418604651162,2,29,3,6,0,0,0,1,1,0,0,0,0.06896551724137931,0.10344827586206896,0.20689655172413793,0.0,0.0,0.0,0.034482758620689655,0.034482758620689655,0.0,0.0,0.0
2023-10-09,桐生,6,ドラドキ目玉,5,3107,平岡重典,59,大阪,51,B1,4.14,16.67,4.88,37.5,63,40.11,54,27.93,雨,北西,2,1,6.83,5,差し,5,0.11,1.55.2,0.17375,0.185328947368421,2,24,1,1,0,0,0,1,1,0,0,0,0.08333333333333333,0.041666666666666664,0.041666666666666664,0.0,0.0,0.0,0.041666666666666664,0.041666666666666664,0.0,0.0,0.0
2023-10-09,桐生,6,ドラドキ目玉,6,5242,高山弘斗,23,埼玉,57,B2,2.15,6.15,1.2,0.0,75,37.77,39,32.95,雨,北西,2,1,6.88,4,差し,6,0.28,1.54.3,0.1671153846153846,0.1625,0,52,1,1,0,0,0,0,0,0,0,0,0.0,0.019230769230769232,0.019230769230769232,0.0,0.0,0.0,0.0,0.0,0.0,0.0,0.0
2023-10-09,桐生,7,ドラドキ３,1,4888,金児隆太,36,群馬,51,A2,5.83,35.64,6.31,47.45,52,41.81,28,30.0,雨,西,1,1,6.83,1,逃げ,1,0.12,1.50.4,0.16,0.1609130434782608,22,39,6,7,22,0,0,0,0,6,4,6,0.5641025641025641,0.15384615384615385,0.1794871794871795,0.5641025641025641,0.0,0.0,0.0,0.0,0.15384615384615385,0.10256410256410256,0.15384615384615385
2023-10-09,桐生,7,ドラドキ３,2,5172,田村　慶,22,徳島,52,B1,4.24,22.86,2.67,0.0,68,33.52,58,35.33,雨,西,1,1,6.8,5,逃げ,2,0.14,1.54.4,0.1928571428571428,0.1793809523809524,6,42,5,3,0,19,3,3,0,0,0,0,0.14285714285714285,0.11904761904761904,0.07142857142857142,0.0,0.4523809523809524,0.07142857142857142,0.07142857142857142,0.0,0.0,0.0,0.0
2023-10-09,桐生,7,ドラドキ３,3,3612,馬袋義則,51,兵庫,53,A1,5.86,43.24,6.95,65.0,25,37.65,53,31.14,雨,西,1,1,6.81,3,逃げ,3,0.12,1.51.8,0.1544680851063829,0.1463636363636363,6,47,21,6,0,0,1,3,1,0,0,0,0.1276595744680851,0.44680851063829785,0.1276595744680851,0.0,0.0,0.02127659574468085,0.06382978723404255,0.02127659574468085,0.0,0.0,0.0
2023-10-09,桐生,7,ドラドキ３,4,4056,小西英輝,45,福井,54,B1,4.27,16.42,4.1,9.52,28,30.52,18,36.96,雨,西,1,1,6.84,2,逃げ,4,0.1,1.51.1,0.1789285714285714,0.1541340782122905,1,28,5,8,0,0,0,0,1,0,0,0,0.03571428571428571,0.17857142857142858,0.2857142857142857,0.0,0.0,0.0,0.0,0.03571428571428571,0.0,0.0,0.0
2023-10-09,桐生,7,ドラドキ３,5,2538,高橋二朗,74,東京,52,B1,3.54,9.47,4.19,10.42,59,30.87,19,33.73,雨,西,1,1,6.85,4,逃げ,5,0.1,1.53.4,0.1996296296296296,0.1926451612903225,0,27,2,5,0,0,0,0,0,0,0,0,0.0,0.07407407407407407,0.18518518518518517,0.0,0.0,0.0,0.0,0.0,0.0,0.0,0.0
2023-10-09,桐生,7,ドラドキ３,6,3869,井芹大志,48,福岡,55,B1,4.63,26.83,2.75,0.0,18,32.78,70,40.11,雨,西,1,1,6.82,6,逃げ,6,0.17,1.55.6,0.1863636363636363,0.1848241206030151,0,33,1,7,0,0,0,0,0,0,0,0,0.0,0.030303030303030304,0.21212121212121213,0.0,0.0,0.0,0.0,0.0,0.0,0.0,0.0
2023-10-09,桐生,8,ドラドキ５,1,3686,鳥居塚孝,48,群馬,52,A2,6.11,43.64,6.01,41.6,49,32.0,26,30.65,雨,無風,0,0,6.77,2,抜き,1,0.08,1.50.1,0.103695652173913,0.1380555555555555,35,46,9,1,34,0,0,0,0,4,4,1,0.7608695652173914,0.1956521739130435,0.021739130434782608,0.7391304347826086,0.0,0.0,0.0,0.0,0.08695652173913043,0.08695652173913043,0.021739130434782608
2023-10-09,桐生,8,ドラドキ５,2,4656,大崎　翔,36,兵庫,56,B1,4.51,22.67,3.2,10.0,16,43.64,68,41.71,雨,無風,0,0,6.76,3,抜き,2,0.15,1.52.2,0.1502777777777778,0.1378350515463917,2,36,7,11,0,22,1,0,0,0,0,0,0.05555555555555555,0.19444444444444445,0.3055555555555556,0.0,0.6111111111111112,0.027777777777777776,0.0,0.0,0.0,0.0,0.0
2023-10-09,桐生,8,ドラドキ５,3,4440,萩原知哉,37,東京,53,B1,4.22,17.65,4.42,24.24,21,38.17,23,29.17,雨,無風,0,0,6.84,4,抜き,3,0.13,1.53.0,0.1783870967741935,0.1897959183673469,1,31,5,6,0,0,0,1,0,0,0,0,0.03225806451612903,0.16129032258064516,0.1935483870967742,0.0,0.0,0.0,0.03225806451612903,0.0,0.0,0.0,0.0
2023-10-09,桐生,8,ドラドキ５,4,3444,香月大介,54,福岡,53,B1,4.23,23.08,0.0,0.0,39,38.38,74,27.81,雨,無風,0,0,6.75,5,抜き,4,0.15,1.55.4,0.138,0.1445049504950495,3,40,4,5,0,0,0,3,0,0,0,0,0.075,0.1,0.125,0.0,0.0,0.0,0.075,0.0,0.0,0.0,0.0
2023-10-09,桐生,8,ドラドキ５,5,4352,下條雄太,37,長崎,52,A1,6.48,41.38,0.0,0.0,20,36.26,13,31.48,雨,無風,0,0,6.78,1,抜き,5,0.13,1.48.6,0.1265217391304348,0.1257978723404255,1,23,7,7,0,0,0,0,1,0,0,0,0.043478260869565216,0.30434782608695654,0.30434782608695654,0.0,0.0,0.0,0.0,0.043478260869565216,0.0,0.0,0.0
2023-10-09,桐生,8,ドラドキ５,6,5225,斎藤　凜,21,埼玉,54,B2,1.26,0.0,1.46,0.0,46,31.31,32,31.95,雨,無風,0,0,6.8,6,抜き,6,0.32,1.57.1,0.1920930232558139,0.1947328244274809,0,43,0,0,0,0,0,0,0,0,0,0,0.0,0.0,0.0,0.0,0.0,0.0,0.0,0.0,0.0,0.0,0.0
2023-10-09,桐生,9,予選特賞,1,4405,南野利騰,38,福井,53,B1,3.94,13.41,4.0,14.29,45,35.71,37,30.39,雨,無風,0,0,6.77,2,差し,1,0.21,1.50.7,0.1459090909090909,0.1597837837837837,7,22,4,3,6,0,0,0,0,6,3,5,0.3181818181818182,0.18181818181818182,0.13636363636363635,0.2727272727272727,0.0,0.0,0.0,0.0,0.2727272727272727,0.13636363636363635,0.22727272727272727
2023-10-09,桐生,9,予選特賞,2,3659,藤生雄人,49,群馬,54,A2,5.97,42.11,6.17,47.28,32,35.06,36,28.19,雨,無風,0,0,6.87,1,差し,2,0.25,1.49.7,0.1511627906976744,0.1601574803149606,3,43,17,7,0,19,3,0,0,0,0,0,0.06976744186046512,0.3953488372093023,0.16279069767441862,0.0,0.4418604651162791,0.06976744186046512,0.0,0.0,0.0,0.0,0.0
2023-10-09,桐生,9,予選特賞,3,3445,加藤高史,54,埼玉,54,A2,5.57,36.0,5.26,30.0,33,33.15,31,32.62,雨,無風,0,0,6.79,4,差し,3,0.27,1.52.6,0.1782051282051282,0.173030303030303,6,39,8,6,0,0,0,4,0,0,0,0,0.15384615384615385,0.20512820512820512,0.15384615384615385,0.0,0.0,0.0,0.10256410256410256,0.0,0.0,0.0,0.0
2023-10-09,桐生,9,予選特賞,4,3872,岡田憲行,47,大阪,53,A2,5.69,36.59,6.57,51.35,34,35.25,59,27.67,雨,無風,0,0,6.83,3,差し,4,0.28,1.52.3,0.198695652173913,0.1924727272727272,5,46,7,9,0,0,0,3,2,0,0,0,0.10869565217391304,0.15217391304347827,0.1956521739130435,0.0,0.0,0.0,0.06521739130434782,0.043478260869565216,0.0,0.0,0.0
2023-10-09,桐生,9,予選特賞,5,3902,蜷川哲平,46,東京,55,A2,5.31,28.4,5.43,28.57,58,39.18,15,24.84,雨,無風,0,0,6.87,5,差し,5,0.26,1.54.2,0.208,0.1863917525773196,1,35,3,10,0,0,0,0,1,0,0,0,0.02857142857142857,0.08571428571428572,0.2857142857142857,0.0,0.0,0.0,0.0,0.02857142857142857,0.0,0.0,0.0
2023-10-09,桐生,9,予選特賞,6,4495,森晋太郎,36,福岡,54,B1,4.0,18.18,0.0,0.0,70,31.36,45,36.17,雨,無風,0,0,6.83,6,差し,6,0.25,1.56.6,0.1456666666666666,0.1550282485875706,0,30,0,6,0,0,0,0,0,0,0,0,0.0,0.0,0.2,0.0,0.0,0.0,0.0,0.0,0.0,0.0,0.0
2023-10-09,桐生,10,予選特賞,1,3641,一瀬　明,52,東京,52,A2,6.07,44.16,6.23,45.6,72,35.42,27,39.89,曇り,西,1,1,6.77,2,差し,1,0.13,1.50.2,0.1698333333333333,0.1717064846416382,30,60,13,7,28,0,0,0,0,10,8,11,0.5,0.21666666666666667,0.11666666666666667,0.4666666666666667,0.0,0.0,0.0,0.0,0.16666666666666666,0.13333333333333333,0.18333333333333332
2023-10-09,桐生,10,予選特賞,2,3257,田頭　実,56,福岡,51,A2,7.32,67.33,0.0,0.0,30,32.48,49,36.72,曇り,西,1,1,6.76,1,差し,2,0.13,1.49.7,0.1189743589743589,0.12875,8,39,16,1,0,16,5,3,0,0,0,0,0.20512820512820512,0.41025641025641024,0.02564102564102564,0.0,0.41025641025641024,0.1282051282051282,0.07692307692307693,0.0,0.0,0.0,0.0
2023-10-09,桐生,10,予選特賞,3,4887,富澤祐作,36,群馬,53,A2,5.23,36.56,5.17,33.6,57,34.24,75,25.16,曇り,西,1,1,6.84,4,差し,3,0.19,1.54.0,0.1246153846153846,0.1366666666666666,6,39,5,6,0,0,1,1,3,0,0,0,0.15384615384615385,0.1282051282051282,0.15384615384615385,0.0,0.0,0.02564102564102564,0.02564102564102564,0.07692307692307693,0.0,0.0,0.0
2023-10-09,桐生,10,予選特賞,4,4293,鈴木智啓,38,愛知,55,B1,4.58,25.0,5.04,26.92,65,34.97,73,29.26,曇り,西,1,1,6.77,6,差し,4,0.18,1.55.8,0.1490909090909091,0.1555918367346938,0,44,5,13,0,0,0,0,0,0,0,0,0.0,0.11363636363636363,0.29545454545454547,0.0,0.0,0.0,0.0,0.0,0.0,0.0,0.0
2023-10-09,桐生,10,予選特賞,5,3977,山本兼士,46,大阪,49,B1,5.17,31.9,5.38,31.25,22,39.68,50,32.97,曇り,西,1,1,6.8,3,差し,5,0.12,1.52.4,0.1666666666666666,0.1720754716981132,1,39,5,10,0,0,0,0,1,0,0,0,0.02564102564102564,0.1282051282051282,0.2564102564102564,0.0,0.0,0.0,0.0,0.02564102564102564,0.0,0.0,0.0
2023-10-09,桐生,10,予選特賞,6,4210,松村康太,40,福井,52,A2,5.9,35.51,0.0,0.0,11,35.62,71,41.27,曇り,西,1,1,6.71,5,差し,6,0.25,1.55.0,0.2072972972972973,0.1856249999999999,0,37,4,11,0,0,0,0,0,0,0,0,0.0,0.10810810810810811,0.2972972972972973,0.0,0.0,0.0,0.0,0.0,0.0,0.0,0.0
2023-10-09,桐生,11,予選特選,1,4512,高野哲史,34,兵庫,52,A2,6.93,54.68,6.38,41.07,15,41.52,44,34.05,曇り,北西,2,1,6.67,1,逃げ,1,0.13,1.48.7,0.1581818181818181,0.1582083333333333,41,55,6,3,41,0,0,0,0,3,6,4,0.7454545454545455,0.10909090909090909,0.05454545454545454,0.7454545454545455,0.0,0.0,0.0,0.0,0.05454545454545454,0.10909090909090909,0.07272727272727272
2023-10-09,桐生,11,予選特選,2,3933,山地正樹,47,岡山,53,A2,6.17,46.21,5.15,23.08,35,32.76,62,42.55,曇り,北西,2,1,6.69,4,逃げ,2,0.14,1.53.5,0.1712727272727272,0.1725423728813559,8,55,16,7,0,29,6,0,0,0,0,0,0.14545454545454545,0.2909090909090909,0.12727272727272726,0.0,0.5272727272727272,0.10909090909090909,0.0,0.0,0.0,0.0,0.0
2023-10-09,桐生,11,予選特選,3,3304,烏野賢太,55,徳島,51,A2,5.81,40.57,0.0,0.0,27,31.19,20,25.44,曇り,北西,2,1,6.73,3,逃げ,3,0.15,1.52.4,0.1460869565217391,0.1635507246376811,8,46,8,8,0,0,0,3,3,0,0,0,0.17391304347826086,0.17391304347826086,0.17391304347826086,0.0,0.0,0.0,0.06521739130434782,0.06521739130434782,0.0,0.0,0.0
2023-10-09,桐生,11,予選特選,4,4888,金児隆太,36,群馬,51,A2,5.83,35.64,6.31,47.45,52,41.81,28,30.0,曇り,北西,2,1,6.77,2,逃げ,4,0.16,1.49.9,0.1527027027027027,0.1609130434782608,5,37,12,7,0,0,1,1,3,0,0,0,0.13513513513513514,0.32432432432432434,0.1891891891891892,0.0,0.0,0.02702702702702703,0.02702702702702703,0.08108108108108109,0.0,0.0,0.0
2023-10-09,桐生,11,予選特選,5,4059,入澤友治,44,東京,55,B1,5.14,31.75,5.43,37.8,17,30.98,55,36.78,曇り,北西,2,1,6.9,6,逃げ,5,0.1,1.55.9,0.1505555555555555,0.1686206896551724,1,36,2,8,0,0,0,1,0,0,0,0,0.027777777777777776,0.05555555555555555,0.2222222222222222,0.0,0.0,0.0,0.027777777777777776,0.0,0.0,0.0,0.0
2023-10-09,桐生,11,予選特選,6,4394,永嶋裕一,37,福岡,56,B1,5.1,27.14,0.0,0.0,62,35.52,72,30.37,曇り,北西,2,1,6.77,5,逃げ,6,0.11,1.53.6,0.1587878787878787,0.1499418604651162,0,33,1,9,0,0,0,0,0,0,0,0,0.0,0.030303030303030304,0.2727272727272727,0.0,0.0,0.0,0.0,0.0,0.0,0.0,0.0
2023-10-09,桐生,12,桐生ドリーム,1,3612,馬袋義則,51,兵庫,53,A1,5.86,43.24,6.95,65.0,25,37.65,53,31.14,曇り,無風,0,0,6.78,1,逃げ,1,0.19,1.49.4,0.1385245901639344,0.1463636363636363,34,61,14,6,32,0,0,0,0,6,10,9,0.5573770491803278,0.22950819672131148,0.09836065573770492,0.5245901639344263,0.0,0.0,0.0,0.0,0.09836065573770492,0.16393442622950818,0.14754098360655737
2023-10-09,桐生,12,桐生ドリーム,2,4036,金田　諭,44,埼玉,52,A1,6.62,45.45,6.68,47.46,44,29.79,17,33.86,曇り,無風,0,0,6.78,2,逃げ,2,0.18,1.50.1,0.1798039215686274,0.169434628975265,15,51,8,16,0,21,7,6,0,0,0,0,0.29411764705882354,0.1568627450980392,0.3137254901960784,0.0,0.4117647058823529,0.13725490196078433,0.11764705882352941,0.0,0.0,0.0,0.0
2023-10-09,桐生,12,桐生ドリーム,3,4172,森定晃史,41,岡山,51,A1,5.72,36.73,6.75,62.5,12,34.34,11,27.88,曇り,無風,0,0,6.77,4,逃げ,3,0.19,1.51.7,0.1386363636363636,0.1548846153846154,7,44,15,9,0,0,4,2,1,0,0,0,0.1590909090909091,0.3409090909090909,0.20454545454545456,0.0,0.0,0.09090909090909091,0.045454545454545456,0.022727272727272728,0.0,0.0,0.0
2023-10-09,桐生,12,桐生ドリーム,4,4352,下條雄太,37,長崎,52,A1,6.48,41.38,0.0,0.0,20,36.26,13,31.48,曇り,無風,0,0,6.75,3,逃げ,4,0.2,1.51.3,0.1105882352941176,0.1257978723404255,5,34,9,6,0,0,2,1,1,0,0,0,0.14705882352941177,0.2647058823529412,0.17647058823529413,0.0,0.0,0.058823529411764705,0.029411764705882353,0.029411764705882353,0.0,0.0,0.0
2023-10-09,桐生,12,桐生ドリーム,5,4069,山本修一,43,岡山,53,A1,6.66,47.78,5.33,22.22,19,43.6,14,29.17,曇り,無風,0,0,6.71,5,逃げ,5,0.21,1.53.6,0.1777142857142857,0.1578240740740741,2,35,7,12,0,0,0,0,2,0,0,0,0.05714285714285714,0.2,0.34285714285714286,0.0,0.0,0.0,0.0,0.05714285714285714,0.0,0.0,0.0
2023-10-09,桐生,12,桐生ドリーム,6,4903,吉田凌太,30,愛知,49,A1,5.86,35.14,5.86,35.71,42,38.42,25,43.24,曇り,無風,0,0,6.77,6,逃げ,6,0.26,1.55.5,0.1892592592592592,0.1779670329670329,3,27,2,8,0,0,0,0,2,0,0,0,0.1111111111111111,0.07407407407407407,0.2962962962962963,0.0,0.0,0.0,0.0,0.07407407407407407,0.0,0.0,0.0
