レース場,レース番号,レース種別,艇番,登録番号,選手名,モーター番号,ボート番号,天候,風向,風速(m),波高(cm),展示タイム,着順,決まり手,進入,スタートタイミング,レースタイム
大村,1,一般,2,4136,江夏満,66,21,曇り,無風,0,0,6.91,01,まくり差し,4,0.07,1.47.9
大村,1,一般,6,4287,今井貴士,75,48,曇り,無風,0,0,6.94,02,まくり差し,6,0.06,1.49.1
大村,1,一般,1,4802,中田達也,17,32,曇り,無風,0,0,6.86,03,まくり差し,1,0.10,1.50.4
大村,1,一般,3,3576,白水勝也,35,68,曇り,無風,0,0,6.87,04,まくり差し,5,0.03,1.51.1
大村,1,一般,4,3265,今村暢孝,30,75,曇り,無風,0,0,6.90,05,まくり差し,2,0.21,.  .
大村,1,一般,5,3473,石川真二,24,63,曇り,無風,0,0,6.93,06,まくり差し,3,0.12,.  .
大村,2,一般,2,4189,川上剛,52,67,曇り,無風,0,0,6.85,01,抜き,3,0.11,1.48.7
大村,2,一般,4,3623,深川真二,27,64,曇り,無風,0,0,6.90,02,抜き,1,0.05,1.49.3
大村,2,一般,1,4102,益田啓司,12,39,曇り,無風,0,0,6.81,03,抜き,2,0.06,1.50.6
大村,2,一般,5,4101,三井所尊春,37,62,曇り,無風,0,0,6.85,04,抜き,5,0.11,1.52.1
大村,2,一般,3,3349,吉田一郎,76,49,曇り,無風,0,0,6.81,05,抜き,4,0.09,.  .
大村,2,一般,6,4545,岡村慶太,69,12,曇り,無風,0,0,6.84,06,抜き,6,0.17,.  .
大村,3,一般,4,4351,里岡右貴,48,37,曇り,南,1,1,6.85,01,差し,4,0.11,1.47.4
大村,3,一般,2,4288,永田啓二,64,74,曇り,南,1,1,6.89,02,差し,2,0.11,1.48.6
大村,3,一般,3,4256,渡辺浩司,32,70,曇り,南,1,1,6.91,03,差し,3,0.12,1.50.6
大村,3,一般,5,4433,川野芽唯,13,13,曇り,南,1,1,6.87,04,差し,5,0.11,1.51.2
大村,3,一般,6,4831,羽野直也,72,29,曇り,南,1,1,6.91,05,差し,6,0.11,.  .
大村,3,一般,1,4932,新開航,53,60,曇り,南,1,1,6.89,06,差し,1,0.13,.  .
大村,4,一般,1,4451,松崎祐太郎,20,27,曇り,無風,0,0,6.88,01,逃げ,1,0.17,1.48.6
大村,4,一般,3,4112,大久保信一郎,11,71,曇り,無風,0,0,6.86,02,逃げ,3,0.14,1.49.3
大村,4,一般,6,4148,枝尾賢,18,16,曇り,無風,0,0,6.86,03,逃げ,6,0.13,1.51.1
大村,4,一般,2,3284,渡邊伸太郎,43,46,曇り,無風,0,0,6.91,04,逃げ,2,0.16,1.51.6
大村,4,一般,5,4413,水摩敦,68,51,曇り,無風,0,0,6.91,05,逃げ,5,0.18,.  .
大村,4,一般,4,4530,小野生奈,65,35,曇り,無風,0,0,6.94,06,逃げ,4,0.16,.  .
大村,5,一般,3,4802,中田達也,17,32,曇り,無風,0,0,6.87,01,まくり差し,3,0.09,1.47.5
大村,5,一般,1,4715,村上遼,58,26,曇り,無風,0,0,6.75,02,まくり差し,1,0.15,1.48.7
大村,5,一般,2,4287,今井貴士,75,48,曇り,無風,0,0,6.91,03,まくり差し,2,0.14,1.49.9
大村,5,一般,5,4504,前田将太,63,56,曇り,無風,0,0,6.86,04,まくり差し,5,0.12,1.51.3
大村,5,一般,4,4447,深川麻奈美,71,40,曇り,無風,0,0,6.88,05,まくり差し,4,0.18,.  .
大村,5,一般,6,4521,小池公生,60,38,曇り,無風,0,0,6.81,06,まくり差し,6,0.17,.  .
大村,6,一般,1,3349,吉田一郎,76,49,曇り,無風,0,0,6.86,01,逃げ,1,0.07,1.48.0
大村,6,一般,5,4351,里岡右貴,48,37,曇り,無風,0,0,6.83,02,逃げ,5,0.05,1.48.8
大村,6,一般,3,4296,岡崎恭裕,39,18,曇り,無風,0,0,6.88,03,逃げ,3,0.12,1.50.6
大村,6,一般,6,4136,江夏満,66,21,曇り,無風,0,0,6.91,04,逃げ,6,0.11,1.51.9
大村,6,一般,2,4101,三井所尊春,37,62,曇り,無風,0,0,6.84,05,逃げ,2,0.13,.  .
大村,6,一般,4,3514,山一鉄也,50,54,曇り,無風,0,0,6.76,06,逃げ,4,0.07,.  .
大村,7,一般,4,4413,水摩敦,68,51,曇り,無風,0,0,6.87,01,まくり,4,0.05,1.47.7
大村,7,一般,2,3473,石川真二,24,63,曇り,無風,0,0,6.88,02,まくり,3,0.05,1.49.0
大村,7,一般,6,4288,永田啓二,64,74,曇り,無風,0,0,6.90,03,まくり,6,0.12,1.50.3
大村,7,一般,5,4556,竹井奈美,73,45,曇り,無風,0,0,6.85,04,まくり,5,0.09,1.51.9
大村,7,一般,3,3265,今村暢孝,30,75,曇り,無風,0,0,6.90,05,まくり,2,0.11,.  .
大村,7,一般,1,3623,深川真二,27,64,曇り,無風,0,0,6.87,06,まくり,1,0.16,.  .
大村,8,一般,1,4371,西山貴浩,49,20,曇り,無風,0,0,6.87,01,逃げ,1,0.03,1.47.9
大村,8,一般,4,4715,村上遼,58,26,曇り,無風,0,0,6.84,02,逃げ,4,0.04,1.48.5
大村,8,一般,2,3576,白水勝也,35,68,曇り,無風,0,0,6.78,03,逃げ,2,0.06,1.49.8
大村,8,一般,3,4102,益田啓司,12,39,曇り,無風,0,0,6.87,04,逃げ,3,0.06,1.51.6
大村,8,一般,6,4256,渡辺浩司,32,70,曇り,無風,0,0,6.88,05,逃げ,6,0.12,.  .
大村,8,一般,5,4451,松崎祐太郎,20,27,曇り,無風,0,0,6.87,06,逃げ,5,0.11,.  .
大村,9,準優勝戦,1,4497,桑原悠,26,76,曇り,無風,0,0,6.81,01,逃げ,1,0.10,1.46.9
大村,9,準優勝戦,2,3783,瓜生正義,45,15,曇り,無風,0,0,6.84,02,逃げ,3,0.18,1.48.1
大村,9,準優勝戦,3,4848,仲谷颯仁,23,19,曇り,無風,0,0,6.85,03,逃げ,4,0.22,1.49.2
大村,9,準優勝戦,6,3257,田頭実,55,52,曇り,無風,0,0,6.86,04,逃げ,2,0.12,1.50.8
大村,9,準優勝戦,4,4477,篠崎仁志,29,72,曇り,無風,0,0,6.90,05,逃げ,5,0.28,.  .
大村,9,準優勝戦,5,4522,古澤光紀,38,73,曇り,無風,0,0,6.90,06,逃げ,6,0.28,.  .
大村,10,準優勝戦,1,3779,原田幸哉,25,58,曇り,無風,0,0,6.79,01,逃げ,1,0.05,1.46.4
大村,10,準優勝戦,2,4503,上野真之介,22,65,曇り,無風,0,0,6.88,02,逃げ,2,0.09,1.48.5
大村,10,準優勝戦,3,4174,赤坂俊輔,70,17,曇り,無風,0,0,6.77,03,逃げ,3,0.07,1.49.0
大村,10,準優勝戦,4,4350,篠崎元志,15,25,曇り,無風,0,0,6.84,04,逃げ,4,0.08,1.51.1
大村,10,準優勝戦,5,4544,松田大志郎,36,43,曇り,無風,0,0,6.76,05,逃げ,5,0.11,.  .
大村,10,準優勝戦,6,4566,塩田北斗,57,36,曇り,無風,0,0,6.74,06,逃げ,6,0.11,.  .
大村,11,準優勝戦,1,4320,峰竜太,21,33,曇り,無風,0,0,6.81,01,逃げ,1,0.05,1.46.7
大村,11,準優勝戦,5,4070,中村亮太,61,59,曇り,無風,0,0,6.82,02,逃げ,5,0.04,1.48.3
大村,11,準優勝戦,6,4445,宮地元輝,59,66,曇り,無風,0,0,6.78,03,逃げ,6,0.08,1.50.6
大村,11,準優勝戦,2,4500,山田康二,62,57,曇り,無風,0,0,6.81,04,逃げ,2,0.09,1.51.4
大村,11,準優勝戦,3,4352,下條雄太郎,14,47,曇り,無風,0,0,6.92,05,逃げ,3,0.08,.  .
大村,11,準優勝戦,4,4171,榎幸司,67,11,曇り,無風,0,0,6.85,06,逃げ,4,0.13,.  .
大村,12,一般,5,4371,西山貴浩,49,20,雨,無風,0,0,6.90,01,まくり差し,5,0.10,1.48.0
大村,12,一般,4,4556,竹井奈美,73,45,雨,無風,0,0,6.81,02,まくり差し,4,0.09,1.48.6
大村,12,一般,6,4296,岡崎恭裕,39,18,雨,無風,0,0,6.89,03,まくり差し,6,0.12,1.50.6
大村,12,一般,1,4447,深川麻奈美,71,40,雨,無風,0,0,6.88,04,まくり差し,1,0.17,1.52.1
大村,12,一般,3,4530,小野生奈,65,35,雨,無風,0,0,6.88,05,まくり差し,3,0.13,.  .
大村,12,一般,2,4433,川野芽唯,13,13,雨,無風,0,0,6.94,06,まくり差し,2,0.16,.  .
唐津,1,予選,1,4071,古賀千晶,53,47,晴,南,2,2,6.62,01,逃げ,1,0.15,1.55.0
唐津,1,予選,3,4974,安井瑞紀,54,64,晴,南,2,2,6.70,02,逃げ,3,0.13,1.58.4
唐津,1,予選,5,5118,野田なづき,64,58,晴,南,2,2,6.70,03,逃げ,5,0.08,2.00.2
唐津,1,予選,4,5069,山崎小葉音,17,67,晴,南,2,2,6.71,04,逃げ,4,0.05,2.04.8
唐津,2,予選,4,4901,出口舞有子,25,44,晴,南,2,2,6.68,01,まくり,4,0.17,1.47.8
唐津,2,予選,5,4987,島倉都,39,76,晴,南,2,2,6.64,02,まくり,5,0.17,1.50.2
唐津,2,予選,3,4994,山本梨菜,49,37,晴,南,2,2,6.64,03,まくり,3,0.29,1.52.1
唐津,2,予選,2,3357,福島陽子,42,50,晴,南,2,2,6.71,04,まくり,2,0.37,1.53.2
唐津,2,予選,1,3551,藤田美代,59,89,晴,南,2,2,6.65,05,まくり,1,0.40,1.53.4
唐津,2,予選,6,4997,濱崎寿里矢,24,82,晴,南,2,2,6.68,06,まくり,6,0.17,1.55.7
唐津,3,予選,4,4884,勝浦真帆,46,49,曇り,南,2,2,6.68,01,まくり差し,4,0.12,1.48.8
唐津,3,予選,3,3994,茶谷桜,44,51,曇り,南,2,2,6.67,02,まくり差し,3,0.21,1.50.4
唐津,3,予選,1,4764,小池礼乃,19,73,曇り,南,2,2,6.67,03,まくり差し,1,0.25,1.51.8
唐津,3,予選,6,4909,薮内瑞希,29,53,曇り,南,2,2,6.68,04,まくり差し,6,0.21,1.52.6
唐津,3,予選,2,4781,西舘果里,35,33,曇り,南,2,2,6.65,05,まくり差し,2,0.36,1.53.4
唐津,3,予選,5,4246,喜多那由夏,34,78,曇り,南,2,2,6.71,06,まくり差し,5,0.21,1.54.4
唐津,4,予選,1,4941,孫崎百世,68,69,曇り,南,2,2,6.65,01,逃げ,1,0.16,1.48.0
唐津,4,予選,3,4730,土屋実沙希,36,60,曇り,南,2,2,6.62,02,逃げ,3,0.23,1.49.3
唐津,4,予選,2,4473,藤堂里香,69,56,曇り,南,2,2,6.67,03,逃げ,2,0.18,1.51.4
唐津,4,予選,6,4819,蜂須瑞生,58,40,曇り,南,2,2,6.70,04,逃げ,6,0.18,1.53.1
唐津,4,予選,5,4400,加藤奈月,43,59,曇り,南,2,2,6.71,05,逃げ,5,0.27,1.53.8
唐津,4,予選,4,4243,西村歩,32,81,曇り,南,2,2,6.67,06,逃げ,4,0.17,1.55.9
唐津,5,予選特賞Ｂ,1,4773,中川りな,62,68,曇り,南西,2,2,6.63,01,逃げ,1,0.29,1.49.0
唐津,5,予選特賞Ｂ,3,4443,津田裕絵,50,65,曇り,南西,2,2,6.72,02,逃げ,3,0.25,1.50.3
唐津,5,予選特賞Ｂ,4,3175,渡辺千草,13,38,曇り,南西,2,2,6.68,03,逃げ,4,0.23,1.52.4
唐津,5,予選特賞Ｂ,6,3469,潮田浩子,52,55,曇り,南西,2,2,6.64,04,逃げ,5,0.24,1.54.4
唐津,5,予選特賞Ｂ,2,5021,計盛光,31,57,曇り,南西,2,2,6.70,05,逃げ,2,0.26,1.55.4
唐津,5,予選特賞Ｂ,5,5094,生田波美音,61,61,曇り,南西,2,2,6.70,06,逃げ,6,0.35,1.57.9
唐津,6,予選,1,4098,赤澤文香,38,87,曇り,南西,2,2,6.60,01,逃げ,1,0.08,1.48.5
唐津,6,予選,5,4825,倉持莉々,65,66,曇り,南西,2,2,6.53,02,逃げ,5,0.12,1.50.0
唐津,6,予選,2,4464,山下友貴,37,54,曇り,南西,2,2,6.67,03,逃げ,2,0.08,1.51.3
唐津,6,予選,3,4998,中村かなえ,63,62,曇り,南西,2,2,6.63,04,逃げ,3,0.09,1.52.7
唐津,6,予選,6,4845,前田紗希,45,70,曇り,南西,2,2,6.65,05,逃げ,6,0.11,1.54.0
唐津,6,予選,4,5118,野田なづき,64,58,曇り,南西,2,2,6.65,06,逃げ,4,0.17,1.54.8
唐津,7,予選,3,4071,古賀千晶,53,47,晴,北,1,1,6.68,01,差し,3,0.09,1.49.6
唐津,7,予選,2,4349,犬童千秋,27,84,晴,北,1,1,6.64,02,差し,2,0.11,1.50.2
唐津,7,予選,1,4987,島倉都,39,76,晴,北,1,1,6.65,03,差し,1,0.16,1.51.6
唐津,7,予選,4,5072,吉田杏美,14,46,晴,北,1,1,6.62,04,差し,4,0.11,1.53.4
唐津,7,予選,5,4764,小池礼乃,19,73,晴,北,1,1,6.69,05,差し,5,0.13,1.54.7
唐津,7,予選,6,3355,橋谷田佳織,26,79,晴,北,1,1,6.73,06,差し,6,0.24,1.55.4
唐津,8,予選,3,3900,香川素子,33,86,晴,北,3,3,6.71,01,抜き,3,0.22,1.48.6
唐津,8,予選,1,4781,西舘果里,35,33,晴,北,3,3,6.69,02,抜き,1,0.30,1.49.3
唐津,8,予選,2,3474,松瀬弘美,48,34,晴,北,3,3,6.74,03,抜き,2,0.27,1.51.4
唐津,8,予選,6,5069,山崎小葉音,17,67,晴,北,3,3,6.68,04,抜き,6,0.31,1.53.6
唐津,8,予選,4,3551,藤田美代,59,89,晴,北,3,3,6.68,05,抜き,4,0.26,1.53.8
唐津,8,予選,5,4819,蜂須瑞生,58,40,晴,北,3,3,6.73,06,抜き,5,0.26,1.54.7
唐津,9,予選,1,4726,島田なぎさ,18,77,晴,北,3,3,6.69,01,逃げ,1,0.12,1.47.8
唐津,9,予選,4,4773,中川りな,62,68,晴,北,3,3,6.67,02,逃げ,4,0.17,1.49.1
唐津,9,予選,5,4456,鎌倉涼,70,32,晴,北,3,3,6.76,03,逃げ,5,0.19,1.51.2
唐津,9,予選,2,4884,勝浦真帆,46,49,晴,北,3,3,6.74,04,逃げ,2,0.12,1.53.3
唐津,9,予選,6,4854,大橋由珠,51,41,晴,北,3,3,6.65,05,逃げ,6,0.14,1.54.6
唐津,9,予選,3,4997,濱崎寿里矢,24,82,晴,北,3,3,6.75,06,逃げ,3,0.19,1.55.6
唐津,10,予選特賞Ａ,1,4901,出口舞有子,25,44,晴,北東,3,3,6.71,01,逃げ,1,0.11,1.48.5
唐津,10,予選特賞Ａ,4,4825,倉持莉々,65,66,晴,北東,3,3,6.61,02,逃げ,3,0.27,1.50.1
唐津,10,予選特賞Ａ,2,3175,渡辺千草,13,38,晴,北東,3,3,6.72,03,逃げ,2,0.14,1.51.8
唐津,10,予選特賞Ａ,5,4941,孫崎百世,68,69,晴,北東,3,3,6.77,04,逃げ,4,0.31,1.52.0
唐津,10,予選特賞Ａ,6,5003,来田衣織,22,39,晴,北東,3,3,6.73,05,逃げ,5,0.15,1.55.1
唐津,11,予選特選,2,4938,小芦るり華,20,35,晴,北,2,2,6.71,01,差し,2,0.12,1.48.4
唐津,11,予選特選,1,4443,津田裕絵,50,65,晴,北,2,2,6.78,02,差し,1,0.07,1.49.7
唐津,11,予選特選,4,4502,遠藤エミ,23,52,晴,北,2,2,6.69,03,差し,4,0.07,1.50.9
唐津,11,予選特選,3,4909,薮内瑞希,29,53,晴,北,2,2,6.70,04,差し,3,0.10,1.52.8
唐津,11,予選特選,5,4998,中村かなえ,63,62,晴,北,2,2,6.72,05,差し,5,0.13,1.54.1
唐津,11,予選特選,6,4974,安井瑞紀,54,64,晴,北,2,2,6.71,06,差し,6,0.21,1.54.3
唐津,12,選抜戦（Ａ）,1,3900,香川素子,33,86,晴,北,2,2,6.75,01,逃げ,1,0.20,1.48.5
唐津,12,選抜戦（Ａ）,3,3469,潮田浩子,52,55,晴,北,2,2,6.70,02,逃げ,3,0.23,1.51.0
唐津,12,選抜戦（Ａ）,2,3994,茶谷桜,44,51,晴,北,2,2,6.74,03,逃げ,2,0.16,1.51.7
唐津,12,選抜戦（Ａ）,5,4098,赤澤文香,38,87,晴,北,2,2,6.74,04,逃げ,5,0.22,1.53.2
唐津,12,選抜戦（Ａ）,6,4243,西村歩,32,81,晴,北,2,2,6.76,05,逃げ,6,0.24,1.54.2
唐津,12,選抜戦（Ａ）,4,4349,犬童千秋,27,84,晴,北,2,2,6.70,06,逃げ,4,0.19,1.55.4
福岡,1,予選,3,4248,岡本大,26,123,晴,北,1,1,6.91,01,差し,2,0.24,1.50.0
福岡,1,予選,2,4506,稗田聖也,17,168,晴,北,1,1,6.87,02,差し,1,0.22,1.51.7
福岡,1,予選,6,4632,長尾京志郎,52,112,晴,北,1,1,6.96,03,差し,4,0.23,1.53.0
福岡,1,予選,4,3122,高山哲也,35,154,晴,北,1,1,6.88,04,差し,3,0.23,1.55.3
福岡,1,予選,5,5131,江藤敦宏,38,142,晴,北,1,1,6.84,05,差し,5,0.29,.  .
福岡,2,予選,2,3757,畑和宏,62,164,晴,北,2,2,6.88,01,差し,4,0.11,1.50.0
福岡,2,予選,6,3442,宮武英司,30,131,晴,北,2,2,6.89,02,差し,3,0.11,1.52.1
福岡,2,予選,1,4789,古賀智之,72,136,晴,北,2,2,6.89,03,差し,1,0.15,1.52.9
福岡,2,予選,3,4942,柴田朋哉,55,127,晴,北,2,2,6.93,04,差し,5,0.10,1.53.1
福岡,2,予選,5,3614,谷勝幸,16,156,晴,北,2,2,6.91,05,差し,6,0.16,.  .
福岡,2,予選,4,4729,佐藤謙史朗,41,119,晴,北,2,2,6.89,06,差し,2,0.13,.  .
福岡,3,予選,4,4600,井内将太郎,66,130,晴,北東,1,2,6.83,01,まくり,5,0.17,1.49.4
福岡,3,予選,3,4193,郷原章平,23,167,晴,北東,1,2,6.83,02,まくり,3,0.13,1.51.0
福岡,3,予選,1,4657,江崎一雄,11,145,晴,北東,1,2,6.81,03,まくり,1,0.11,1.51.9
福岡,3,予選,6,3574,大神康司,42,104,晴,北東,1,2,6.93,04,まくり,4,0.24,1.54.1
福岡,3,予選,2,4724,吉田祐貴,34,163,晴,北東,1,2,6.89,05,まくり,2,0.17,.  .
福岡,3,予選,5,4100,松田隆司,14,107,晴,北東,1,2,6.90,06,まくり,6,0.26,.  .
福岡,4,予選,1,5102,原田雄次,71,141,晴,北,2,2,6.84,01,逃げ,1,0.16,1.49.6
福岡,4,予選,2,4022,待鳥雄紀,36,117,晴,北,2,2,6.85,02,逃げ,2,0.17,1.51.5
福岡,4,予選,3,4638,小林遼太,68,121,晴,北,2,2,6.87,03,逃げ,3,0.14,1.53.0
福岡,4,予選,4,4268,和合俊介,47,151,晴,北,2,2,6.86,04,逃げ,4,0.07,1.54.0
福岡,4,予選,6,4958,溝口海義也,49,148,晴,北,2,2,6.85,05,逃げ,6,0.13,.  .
福岡,4,予選,5,3662,大庭元明,65,132,晴,北,2,2,6.84,06,逃げ,5,0.17,.  .
福岡,5,予選,2,3745,橋本年光,51,158,晴,北,2,2,6.91,01,まくり,3,0.03,1.49.4
福岡,5,予選,6,4614,石倉洋行,67,147,晴,北,2,2,6.83,02,まくり,5,0.07,1.50.8
福岡,5,予選,1,4041,小林基樹,63,113,晴,北,2,2,6.85,03,まくり,1,0.12,1.53.0
福岡,5,予選,3,3454,井川大作,54,161,晴,北,2,2,6.98,04,まくり,4,0.02,1.54.3
福岡,5,予選,5,4119,泥谷一毅,18,110,晴,北,2,2,6.89,05,まくり,2,0.07,.  .
福岡,6,予選,4,4424,松尾昂明,28,153,晴,北,1,2,6.88,01,まくり,4,0.21,1.49.3
福岡,6,予選,1,4669,井上茂,59,116,晴,北,1,2,6.83,02,まくり,1,0.19,1.50.7
福岡,6,予選,2,4588,田中京介,75,155,晴,北,1,2,6.88,03,まくり,2,0.17,1.51.9
福岡,6,予選,6,4729,佐藤謙史朗,41,119,晴,北,1,2,6.93,04,まくり,6,0.28,1.52.7
福岡,6,予選,3,4004,山本浩輔,50,101,晴,北,1,2,6.82,05,まくり,3,0.26,.  .
福岡,6,予選,5,4632,長尾京志郎,52,112,晴,北,1,2,6.95,06,まくり,5,0.21,.  .
福岡,7,予選,1,4724,吉田祐貴,34,163,晴,北,2,2,6.81,01,逃げ,1,0.11,1.49.1
福岡,7,予選,3,3928,林恵祐,45,159,晴,北,2,2,6.88,02,逃げ,3,0.20,1.50.6
福岡,7,予選,5,3581,加木郁,46,143,晴,北,2,2,6.87,03,逃げ,5,0.22,1.52.0
福岡,7,予選,6,5131,江藤敦宏,38,142,晴,北,2,2,6.79,04,逃げ,6,0.20,1.53.4
福岡,7,予選,4,3614,谷勝幸,16,156,晴,北,2,2,6.86,05,逃げ,4,0.33,.  .
福岡,7,予選,2,4151,下河誉史,25,124,晴,北,2,2,6.85,06,逃げ,2,0.21,.  .
福岡,8,予選,1,3297,藤丸光一,24,108,晴,北,2,2,6.84,01,逃げ,1,0.15,1.48.6
福岡,8,予選,3,4600,井内将太郎,66,130,晴,北,2,2,6.85,02,逃げ,3,0.16,1.50.4
福岡,8,予選,6,4485,楠原正剛,27,120,晴,北,2,2,6.91,03,逃げ,6,0.18,1.52.3
福岡,8,予選,5,4638,小林遼太,68,121,晴,北,2,2,6.87,04,逃げ,5,0.20,1.53.7
福岡,8,予選,2,3122,高山哲也,35,154,晴,北,2,2,6.84,05,逃げ,2,0.14,.  .
福岡,8,予選,4,4942,柴田朋哉,55,127,晴,北,2,2,6.89,06,逃げ,4,0.26,.  .
福岡,9,予選特賞,1,4674,池田剛規,48,169,晴,北,1,2,6.86,01,逃げ,1,0.08,1.48.9
福岡,9,予選特賞,5,3757,畑和宏,62,164,晴,北,1,2,6.86,02,逃げ,5,0.09,1.50.2
福岡,9,予選特賞,2,3574,大神康司,42,104,晴,北,1,2,6.93,03,逃げ,2,0.13,1.52.1
福岡,9,予選特賞,3,3478,嶋田貴支,58,160,晴,北,1,2,6.96,04,逃げ,3,0.12,1.53.3
福岡,9,予選特賞,4,4041,小林基樹,63,113,晴,北,1,2,6.87,05,逃げ,4,0.16,.  .
福岡,9,予選特賞,6,4268,和合俊介,47,151,晴,北,1,2,6.83,06,逃げ,6,0.11,.  .
福岡,10,予選特賞,3,3745,橋本年光,51,158,晴,北,1,2,6.88,01,まくり差し,3,0.13,1.49.4
福岡,10,予選特賞,2,3442,宮武英司,30,131,晴,北,1,2,6.86,02,まくり差し,2,0.19,1.51.3
福岡,10,予選特賞,1,3662,大庭元明,65,132,晴,北,1,2,6.85,03,まくり差し,1,0.19,1.51.7
福岡,10,予選特賞,6,4004,山本浩輔,50,101,晴,北,1,2,6.88,04,まくり差し,6,0.24,1.53.7
福岡,10,予選特賞,5,4248,岡本大,26,123,晴,北,1,2,6.95,05,まくり差し,5,0.17,.  .
福岡,10,予選特賞,4,4679,植田太一,37,106,晴,北,1,2,6.89,06,まくり差し,4,0.18,.  .
福岡,11,予選特選,1,4193,郷原章平,23,167,晴,北,2,2,6.85,01,逃げ,1,0.13,1.49.1
福岡,11,予選特選,2,4514,上條嘉嗣,13,157,晴,北,2,2,6.90,02,逃げ,2,0.15,1.50.2
福岡,11,予選特選,3,4958,溝口海義也,49,148,晴,北,2,2,6.90,03,逃げ,3,0.15,1.52.1
福岡,11,予選特選,6,4151,下河誉史,25,124,晴,北,2,2,6.85,04,逃げ,5,0.16,1.52.6
福岡,11,予選特選,5,3454,井川大作,54,161,晴,北,2,2,6.94,05,逃げ,4,0.09,.  .
福岡,11,予選特選,4,4588,田中京介,75,155,晴,北,2,2,6.94,06,逃げ,6,0.07,.  .
福岡,12,福岡選抜,1,4424,松尾昂明,28,153,晴,北,1,2,6.76,01,逃げ,1,0.06,1.48.5
福岡,12,福岡選抜,3,3297,藤丸光一,24,108,晴,北,1,2,6.86,02,逃げ,3,0.16,1.49.9
福岡,12,福岡選抜,4,4506,稗田聖也,17,168,晴,北,1,2,6.85,03,逃げ,4,0.14,1.51.7
福岡,12,福岡選抜,2,4436,渋谷明憲,31,129,晴,北,1,2,6.82,04,逃げ,2,0.11,1.52.3
福岡,12,福岡選抜,5,3928,林恵祐,45,159,晴,北,1,2,6.91,05,逃げ,5,0.15,.  .
福岡,12,福岡選抜,6,4022,待鳥雄紀,36,117,晴,北,1,2,6.86,06,逃げ,6,0.18,.  .
若松,1,予選,4,4668,楠本晃嗣,59,15,晴,東,4,4,6.95,01,まくり,4,0.14,1.49.7
若松,1,予選,6,4389,伊藤喜智,60,41,晴,東,4,4,6.94,02,まくり,6,0.14,1.51.6
若松,1,予選,1,3401,上田隆章,29,63,晴,東,4,4,6.96,03,まくり,1,0.17,1.54.3
若松,1,予選,3,3058,原義昭,54,14,晴,東,4,4,6.97,04,まくり,3,0.20,1.55.1
若松,1,予選,5,5119,真田翔磨,42,60,晴,東,4,4,6.93,05,まくり,5,0.18,.  .
若松,1,予選,2,3883,山根大樹,47,59,晴,東,4,4,6.93,06,まくり,2,0.18,.  .
若松,2,予選,1,4635,峰重力也,21,12,晴,東,4,4,6.87,01,逃げ,1,0.07,1.50.6
若松,2,予選,3,3567,吉岡誠,30,71,晴,東,4,4,6.95,02,逃げ,3,0.14,1.51.8
若松,2,予選,6,3703,鳥飼眞,45,52,晴,東,4,4,6.88,03,逃げ,5,0.11,1.52.8
若松,2,予選,2,3851,森田昭彦,9,37,晴,東,4,4,6.91,04,逃げ,2,0.13,1.54.8
若松,2,予選,5,5160,藤森陸斗,37,61,晴,東,4,4,6.96,05,逃げ,6,0.18,.  .
若松,2,予選,4,3725,向達哉,24,75,晴,東,4,4,6.90,06,逃げ,4,0.13,.  .
若松,3,予選,1,4009,小林一樹,8,18,晴,東,4,4,6.87,01,抜き,1,0.01,1.50.2
若松,3,予選,2,5000,岡本翔太郎,13,34,晴,東,4,4,6.88,02,抜き,2,0.06,1.50.9
若松,3,予選,4,3944,山口裕二,17,22,晴,東,4,4,6.86,03,抜き,4,0.07,1.51.3
若松,3,予選,5,5073,上原健次郎,23,49,晴,東,4,4,6.87,04,抜き,5,0.09,1.53.4
若松,3,予選,6,4558,宮野仁,28,55,晴,東,4,4,6.95,05,抜き,6,0.11,.  .
若松,3,予選,3,2912,尾崎鉄也,43,45,晴,東,4,4,6.97,06,抜き,3,0.05,.  .
若松,4,予選,4,4377,濱本優一,44,28,晴,東,4,4,6.89,01,差し,4,0.09,1.54.9
若松,4,予選,1,3282,池本輝明,56,20,晴,東,4,4,6.92,02,差し,1,0.07,1.56.8
若松,4,予選,3,4346,前田健太郎,26,19,晴,東,4,4,6.91,03,差し,3,0.14,2.03.0
若松,4,予選,2,5012,加倉侑征,10,33,晴,東,4,4,6.97,04,差し,2,0.04,2.05.2
若松,4,予選,5,4301,関裕也,46,44,晴,東,4,4,6.97,05,差し,5,0.13,.  .
若松,5,進入固定戦隊,1,4736,高倉和士,12,43,晴,東,4,4,6.89,01,逃げ,1,0.13,1.48.4
若松,5,進入固定戦隊,3,4010,越智照浩,32,67,晴,東,4,4,6.89,02,逃げ,3,0.12,1.51.2
若松,5,進入固定戦隊,4,4572,渡部悟,39,58,晴,東,4,4,7.00,03,逃げ,4,0.21,1.52.7
若松,5,進入固定戦隊,5,4697,國弘翔平,55,38,晴,東,4,4,6.90,04,逃げ,5,0.21,1.53.6
若松,5,進入固定戦隊,2,3784,中島友和,51,51,晴,東,4,4,6.97,05,逃げ,2,0.09,.  .
若松,5,進入固定戦隊,6,5119,真田翔磨,42,60,晴,東,4,4,6.95,06,逃げ,6,0.29,.  .
若松,6,予選,4,4593,小坂宗司,1,30,晴,東,4,4,6.93,01,まくり差し,5,0.08,1.48.6
若松,6,予選,3,3401,上田隆章,29,63,晴,東,4,4,6.96,02,まくり差し,4,0.15,1.51.4
若松,6,予選,2,3725,向達哉,24,75,晴,東,4,4,6.91,03,まくり差し,3,0.23,1.53.1
若松,6,予選,1,3761,山本光雄,61,72,晴,東,4,4,6.99,04,まくり差し,1,0.15,1.54.4
若松,6,予選,5,3305,小野信樹,48,46,晴,東,4,4,6.92,05,まくり差し,6,0.09,.  .
若松,6,予選,6,3522,長溝一生,62,31,晴,東,4,4,6.95,06,まくり差し,2,0.21,.  .
若松,7,予選特賞,5,4384,鶴本崇文,49,16,晴,東,4,4,6.93,01,まくり差し,5,0.17,1.49.7
若松,7,予選特賞,6,4798,浜先真範,36,50,晴,東,4,4,6.87,02,まくり差し,6,0.12,1.51.1
若松,7,予選特賞,4,3965,北中元樹,4,54,晴,東,4,4,7.02,03,まくり差し,4,0.13,1.51.4
若松,7,予選特賞,1,4082,濱崎誠,19,24,晴,東,4,4,6.95,04,まくり差し,1,0.19,1.54.5
若松,7,予選特賞,3,3883,山根大樹,47,59,晴,東,4,4,6.96,05,まくり差し,3,0.31,.  .
若松,7,予選特賞,2,3498,白石浩二,11,27,晴,東,4,4,6.91,06,まくり差し,2,0.33,.  .
若松,8,エイトビート,3,3731,高濱芳久,7,26,晴,東,4,4,6.94,01,まくり差し,3,0.09,1.50.2
若松,8,エイトビート,1,3968,茶谷信次,6,73,晴,東,4,4,6.91,02,まくり差し,1,0.19,1.51.3
若松,8,エイトビート,6,4346,前田健太郎,26,19,晴,東,4,4,6.88,03,まくり差し,6,0.15,1.53.4
若松,8,エイトビート,4,5000,岡本翔太郎,13,34,晴,東,4,4,6.87,04,まくり差し,4,0.06,1.54.0
若松,8,エイトビート,2,4057,松井賢治,20,23,晴,東,4,4,6.92,05,まくり差し,2,0.13,.  .
若松,8,エイトビート,5,3058,原義昭,54,14,晴,東,4,4,6.97,06,まくり差し,5,0.17,.  .
若松,9,予選,1,4377,濱本優一,44,28,晴,東,5,5,6.89,01,逃げ,1,0.15,1.50.0
若松,9,予選,5,4736,高倉和士,12,43,晴,東,5,5,6.89,02,逃げ,5,0.13,1.51.4
若松,9,予選,4,5073,上原健次郎,23,49,晴,東,5,5,6.88,03,逃げ,4,0.17,1.53.4
若松,9,予選,2,3567,吉岡誠,30,71,晴,東,5,5,7.00,04,逃げ,2,0.17,1.54.5
若松,9,予選,3,3701,大西隆洋,34,39,晴,東,5,5,6.97,05,逃げ,3,0.19,.  .
若松,9,予選,6,5028,原田才一郎,58,70,晴,東,5,5,7.07,06,逃げ,6,0.13,.  .
若松,10,予選特賞,3,3703,鳥飼眞,45,52,晴,東,4,4,6.93,01,差し,3,0.21,1.50.8
若松,10,予選特賞,2,4697,國弘翔平,55,38,晴,東,4,4,6.92,02,差し,2,0.25,1.52.0
若松,10,予選特賞,6,3944,山口裕二,17,22,晴,東,4,4,6.91,03,差し,6,0.33,1.52.0
若松,10,予選特賞,1,3965,北中元樹,4,54,晴,東,4,4,7.02,04,差し,1,0.25,1.54.7
若松,10,予選特賞,5,3761,山本光雄,61,72,晴,東,4,4,7.02,05,差し,5,0.23,.  .
若松,10,予選特賞,4,4389,伊藤喜智,60,41,晴,東,4,4,7.04,06,差し,4,0.22,.  .
若松,11,予選特選,1,4384,鶴本崇文,49,16,晴,東,3,3,6.91,01,逃げ,1,0.07,1.49.9
若松,11,予選特選,2,4009,小林一樹,8,18,晴,東,3,3,6.87,02,逃げ,2,0.07,1.51.2
若松,11,予選特選,6,3784,中島友和,51,51,晴,東,3,3,6.92,03,逃げ,6,0.19,1.52.2
若松,11,予選特選,3,4593,小坂宗司,1,30,晴,東,3,3,6.87,04,逃げ,3,0.11,1.52.4
若松,11,予選特選,5,3731,高濱芳久,7,26,晴,東,3,3,6.90,05,逃げ,5,0.21,.  .
若松,11,予選特選,4,3710,吉永泰弘,3,68,晴,東,3,3,6.92,06,逃げ,4,0.21,.  .
若松,12,一般特選,2,3522,長溝一生,62,31,晴,東,3,3,6.85,01,差し,2,0.08,1.50.1
若松,12,一般特選,3,4082,濱崎誠,19,24,晴,東,3,3,6.86,02,差し,3,0.05,1.51.3
若松,12,一般特選,1,4572,渡部悟,39,58,晴,東,3,3,6.83,03,差し,1,0.15,1.52.4
若松,12,一般特選,4,4301,関裕也,46,44,晴,東,3,3,6.90,04,差し,4,0.08,1.53.6
若松,12,一般特選,5,4558,宮野仁,28,55,晴,東,3,3,6.90,05,差し,5,0.09,.  .
若松,12,一般特選,6,4057,松井賢治,20,23,晴,東,3,3,6.82,06,差し,6,0.21,.  .
下関,1,シーモ戦,1,4292,麻生慎介,73,52,曇り,南,2,2,6.72,01,逃げ,1,0.24,1.49.9
下関,1,シーモ戦,2,4970,井町泰,18,57,曇り,南,2,2,6.68,02,逃げ,2,0.24,1.50.7
下関,1,シーモ戦,3,3561,池田真治,64,62,曇り,南,2,2,6.79,03,逃げ,3,0.24,1.53.0
下関,1,シーモ戦,6,3079,新地雅洋,72,53,曇り,南,2,2,6.76,04,逃げ,5,0.26,1.54.3
下関,1,シーモ戦,4,4220,深川和仁,59,55,曇り,南,2,2,6.77,05,逃げ,4,0.24,.  .
下関,1,シーモ戦,5,5134,大原祥昌,16,18,曇り,南,2,2,6.72,06,逃げ,6,0.20,.  .
下関,2,予選,4,4683,向井田直弥,40,64,曇り,南,2,2,6.72,01,まくり,4,0.07,1.48.1
下関,2,予選,1,3682,切田潤二,51,11,曇り,南,2,2,6.67,02,まくり,1,0.19,1.51.4
下関,2,予選,5,3998,冨成謙児,34,75,曇り,南,2,2,6.66,03,まくり,5,0.21,1.52.4
下関,2,予選,2,3151,落合敬一,46,47,曇り,南,2,2,6.77,04,まくり,2,0.17,1.52.7
下関,2,予選,6,3372,加藤雅之,45,17,曇り,南,2,2,6.74,05,まくり,6,0.21,.  .
下関,2,予選,3,3660,長谷川親王,25,36,曇り,南,2,2,6.76,06,まくり,3,0.15,.  .
下関,3,予選,1,3953,志道吉和,35,44,曇り,南,2,2,6.67,01,逃げ,1,0.12,1.49.1
下関,3,予選,3,4012,中村有裕,70,29,曇り,南,2,2,6.73,02,逃げ,3,0.13,1.50.5
下関,3,予選,5,3593,横井光弘,24,26,曇り,南,2,2,6.72,03,逃げ,5,0.08,1.51.5
下関,3,予選,6,4039,村上功祐,29,65,曇り,南,2,2,6.74,04,逃げ,6,0.11,1.54.2
下関,3,予選,4,3936,三瀬譲,67,70,曇り,南,2,2,6.76,05,逃げ,4,0.12,.  .
下関,3,予選,2,3283,窪田好弘,62,49,曇り,南,2,2,6.74,06,逃げ,2,0.16,.  .
下関,4,予選,4,3081,岡本慎治,11,38,曇り,南,2,2,6.67,01,まくり,4,0.13,1.49.2
下関,4,予選,2,3986,沖島広和,60,39,曇り,南,2,2,6.66,02,まくり,2,0.17,1.50.5
下関,4,予選,5,3123,中西宏文,32,13,曇り,南,2,2,6.74,03,まくり,5,0.31,1.52.3
下関,4,予選,6,3578,塩田雄一,53,40,曇り,南,2,2,6.71,04,まくり,6,0.23,1.53.2
下関,4,予選,1,3507,藤井徹,27,14,曇り,南,2,2,6.74,05,まくり,1,0.21,.  .
下関,4,予選,3,3873,別府昌樹,31,66,曇り,南,2,2,6.83,06,まくり,3,0.17,.  .
下関,5,予選,1,3562,山下和彦,48,12,曇り,南,2,2,6.67,01,逃げ,1,0.22,1.49.4
下関,5,予選,3,4034,西原明生,74,20,曇り,南,2,2,6.71,02,逃げ,3,0.22,1.50.9
下関,5,予選,4,4340,土性雅也,13,54,曇り,南,2,2,6.74,03,逃げ,4,0.16,1.53.0
下関,5,予選,5,5014,梶山涼斗,56,34,曇り,南,2,2,6.73,04,逃げ,5,0.14,1.54.1
下関,5,予選,2,3976,内田圭,55,15,曇り,南,2,2,6.73,05,逃げ,2,0.22,.  .
下関,5,予選,6,5134,大原祥昌,16,18,曇り,南,2,2,6.73,06,逃げ,6,0.08,.  .
下関,6,予選,2,4959,井上忠政,28,68,曇り,南,2,2,6.62,01,差し,2,0.23,1.48.7
下関,6,予選,3,4003,表憲一,36,60,曇り,南,2,2,6.73,02,差し,3,0.26,1.50.3
下関,6,予選,6,3643,米田隆弘,66,48,曇り,南,2,2,6.78,03,差し,6,0.25,1.50.7
下関,6,予選,1,3702,貞兼淳二,42,63,曇り,南,2,2,6.68,04,差し,1,0.25,1.53.4
下関,6,予選,5,3660,長谷川親王,25,36,曇り,南,2,2,6.80,05,差し,5,0.31,.  .
下関,6,予選,4,5024,古場健也,12,22,曇り,南,2,2,6.76,06,差し,4,0.25,.  .
下関,7,ふく～る特賞,1,3930,岸本隆,49,74,曇り,南,2,2,6.70,01,逃げ,1,0.26,1.48.8
下関,7,ふく～る特賞,4,4024,井口佳典,37,69,曇り,南,2,2,6.73,02,逃げ,4,0.26,1.50.3
下関,7,ふく～る特賞,5,3615,横田茂,43,61,曇り,南,2,2,6.69,03,逃げ,5,0.22,1.54.0
下関,7,ふく～る特賞,3,3372,加藤雅之,45,17,曇り,南,2,2,6.75,04,逃げ,3,0.24,1.54.4
下関,7,ふく～る特賞,2,3079,新地雅洋,72,53,曇り,南,2,2,6.76,05,逃げ,2,0.21,.  .
下関,7,ふく～る特賞,6,3283,窪田好弘,62,49,曇り,南,2,2,6.79,06,逃げ,6,0.22,.  .
下関,8,予選,1,3434,松尾宣邦,22,41,曇り,南,2,2,6.76,01,逃げ,1,0.18,1.49.6
下関,8,予選,2,3921,川村正輝,15,37,曇り,南,2,2,6.70,02,逃げ,2,0.17,1.50.8
下関,8,予選,3,3578,塩田雄一,53,40,曇り,南,2,2,6.77,03,逃げ,3,0.17,1.51.9
下関,8,予選,6,3872,岡田憲行,50,23,曇り,南,2,2,6.74,04,逃げ,6,0.19,1.53.4
下関,8,予選,4,4835,橋本明,21,43,曇り,南,2,2,6.76,05,逃げ,4,0.27,.  .
下関,8,予選,5,3151,落合敬一,46,47,曇り,南,2,2,6.73,06,逃げ,5,0.19,.  .
下関,9,予選,1,4441,末永由楽,17,50,曇り,東,1,1,6.74,01,逃げ,1,0.19,1.50.2
下関,9,予選,4,4553,坪口竜也,65,58,曇り,東,1,1,6.74,02,逃げ,4,0.26,1.50.9
下関,9,予選,2,3123,中西宏文,32,13,曇り,東,1,1,6.74,03,逃げ,2,0.19,1.52.6
下関,9,予選,3,4200,早川尚人,63,71,曇り,東,1,1,6.69,04,逃げ,3,0.19,1.52.9
下関,9,予選,6,3936,三瀬譲,67,70,曇り,東,1,1,6.80,05,逃げ,6,0.21,.  .
下関,9,予選,5,3561,池田真治,64,62,曇り,東,1,1,6.74,06,逃げ,5,0.43,.  .
下関,10,予選特賞,5,4292,麻生慎介,73,52,曇り,東,1,1,6.85,01,まくり差し,5,0.10,1.49.0
下関,10,予選特賞,3,3081,岡本慎治,11,38,曇り,東,1,1,6.72,02,まくり差し,3,0.12,1.50.3
下関,10,予選特賞,6,4003,表憲一,36,60,曇り,東,1,1,6.78,03,まくり差し,6,0.18,1.52.2
下関,10,予選特賞,2,3998,冨成謙児,34,75,曇り,東,1,1,6.69,04,まくり差し,2,0.15,1.53.4
下関,10,予選特賞,1,4012,中村有裕,70,29,曇り,東,1,1,6.82,05,まくり差し,1,0.13,.  .
下関,10,予選特賞,4,4034,西原明生,74,20,曇り,東,1,1,6.79,06,まくり差し,4,0.13,.  .
下関,11,予選特選,3,4683,向井田直弥,40,64,曇り,東,2,2,6.78,01,まくり差し,3,0.08,1.48.0
下関,11,予選特選,1,3873,別府昌樹,31,66,曇り,東,2,2,6.84,02,まくり差し,1,0.12,1.49.6
下関,11,予選特選,5,4220,深川和仁,59,55,曇り,東,2,2,6.80,03,まくり差し,5,0.16,1.51.7
下関,11,予選特選,2,4039,村上功祐,29,65,曇り,東,2,2,6.82,04,まくり差し,2,0.15,1.53.7
下関,11,予選特選,6,4340,土性雅也,13,54,曇り,東,2,2,6.85,05,まくり差し,6,0.23,.  .
下関,11,予選特選,4,3930,岸本隆,49,74,曇り,東,2,2,6.81,06,まくり差し,4,0.13,.  .
下関,12,ドリーム戦,1,4024,井口佳典,37,69,曇り,北東,2,2,6.70,01,逃げ,1,0.15,1.48.7
下関,12,ドリーム戦,6,4959,井上忠政,28,68,曇り,北東,2,2,6.68,02,逃げ,6,0.08,1.49.4
下関,12,ドリーム戦,4,4441,末永由楽,17,50,曇り,北東,2,2,6.76,03,逃げ,4,0.17,1.51.5
下関,12,ドリーム戦,5,3986,沖島広和,60,39,曇り,北東,2,2,6.69,04,逃げ,5,0.10,1.52.3
下関,12,ドリーム戦,3,3872,岡田憲行,50,23,曇り,北東,2,2,6.76,05,逃げ,3,0.37,.  .
下関,12,ドリーム戦,2,3562,山下和彦,48,12,曇り,北東,2,2,6.75,06,逃げ,2,0.26,.  .
徳山,1,予選,1,4361,柳生泰二,40,51,晴,東,3,3,6.95,01,逃げ,1,0.13,1.50.0
徳山,1,予選,2,3499,市川哲也,35,48,晴,東,3,3,7.05,02,逃げ,2,0.15,1.51.7
徳山,1,予選,3,4015,前野竜一,28,60,晴,東,3,3,7.00,03,逃げ,3,0.14,1.52.8
徳山,1,予選,4,3685,荒井輝年,26,31,晴,東,3,3,6.95,04,逃げ,4,0.16,1.52.8
徳山,1,予選,6,4471,新田泰章,11,29,晴,東,3,3,6.97,05,逃げ,6,0.19,.  .
徳山,1,予選,5,4537,渡邉和将,48,43,晴,東,3,3,6.92,06,逃げ,5,0.18,.  .
徳山,2,予選,2,4682,大上卓人,67,38,晴,東,2,2,6.96,01,まくり,3,0.09,1.50.1
徳山,2,予選,3,4239,竹田辰也,22,41,晴,東,2,2,6.97,02,まくり,4,0.10,1.50.7
徳山,2,予選,4,3717,立間充宏,17,18,晴,東,2,2,7.02,03,まくり,5,0.07,1.52.3
徳山,2,予選,5,3024,西島義則,59,72,晴,東,2,2,7.00,04,まくり,2,0.36,1.53.7
徳山,2,予選,6,4475,末永祐輝,34,58,晴,東,2,2,6.95,05,まくり,6,0.08,.  .
徳山,2,予選,1,4580,長谷川雅和,21,23,晴,東,2,2,7.08,06,まくり,1,0.26,.  .
徳山,3,予選,1,3158,島川光男,31,47,晴,南東,2,2,6.99,01,逃げ,1,0.17,1.54.2
徳山,3,予選,2,4064,原田篤志,39,53,晴,南東,2,2,6.98,02,逃げ,2,0.16,1.57.0
徳山,3,予選,4,4179,広次修,64,61,晴,南東,2,2,6.98,03,逃げ,4,0.18,2.00.1
徳山,3,予選,5,4302,西野翔太,41,63,晴,南東,2,2,6.95,04,逃げ,5,0.22,2.04.4
徳山,3,予選,6,4482,守屋美穂,23,12,晴,南東,2,2,6.91,05,逃げ,6,0.26,.  .
徳山,4,予選,1,3933,山地正樹,70,52,晴,南西,1,1,6.89,01,逃げ,1,0.16,1.49.9
徳山,4,予選,2,4816,村松修二,55,17,晴,南西,1,1,6.96,02,逃げ,2,0.13,1.51.0
徳山,4,予選,5,3961,谷村一哉,16,36,晴,南西,1,1,6.97,03,逃げ,5,0.17,1.52.8
徳山,4,予選,3,4045,佐々木裕美,44,70,晴,南西,1,1,6.89,04,逃げ,3,0.15,1.54.0
徳山,4,予選,6,3436,柏野幸二,68,64,晴,南西,1,1,6.92,05,逃げ,6,0.19,.  .
徳山,4,予選,4,4069,山本修一,46,65,晴,南西,1,1,7.01,06,逃げ,4,0.19,.  .
徳山,5,予選,1,4537,渡邉和将,48,43,晴,南西,1,1,6.95,01,逃げ,1,0.08,1.49.3
徳山,5,予選,3,3737,上平真二,57,30,晴,南西,1,1,6.95,02,逃げ,3,0.06,1.50.7
徳山,5,予選,4,4237,大峯豊,54,40,晴,南西,1,1,6.91,03,逃げ,4,0.08,1.53.2
徳山,5,予選,5,3300,川崎智幸,25,59,晴,南西,1,1,6.98,04,逃げ,5,0.07,1.54.3
徳山,5,予選,2,4017,向井美鈴,52,50,晴,南西,1,1,6.98,05,逃げ,2,0.08,.  .
徳山,5,予選,6,4703,森永隆,63,56,晴,南西,1,1,7.01,06,逃げ,6,0.12,.  .
徳山,6,予選,1,4065,金田幸子,53,34,晴,南西,1,1,6.95,01,逃げ,1,0.14,1.50.5
徳山,6,予選,6,4370,山口達也,61,39,晴,南西,1,1,6.97,02,逃げ,6,0.04,1.52.5
徳山,6,予選,5,4108,吉村正明,14,14,晴,南西,1,1,6.95,03,逃げ,5,0.07,1.54.0
徳山,6,予選,2,3919,村上純,45,19,晴,南西,1,1,7.01,04,逃げ,2,0.21,1.55.1
徳山,6,予選,3,4601,森野正弘,62,62,晴,南西,1,1,6.91,05,逃げ,3,0.17,.  .
徳山,6,予選,4,3499,市川哲也,35,48,晴,南西,1,1,7.00,06,逃げ,4,0.09,.  .
徳山,7,予選,1,4239,竹田辰也,22,41,晴,南西,3,3,6.92,01,抜き,1,0.13,1.49.9
徳山,7,予選,2,3435,寺田千恵,37,45,晴,南西,3,3,6.96,02,抜き,2,0.06,1.50.8
徳山,7,予選,3,4089,妹尾忠幸,49,33,晴,南西,3,3,6.91,03,抜き,3,0.11,1.52.3
徳山,7,予選,6,4163,山崎裕司,18,44,晴,南西,3,3,6.96,04,抜き,6,0.14,1.53.4
徳山,7,予選,5,3822,平尾崇典,30,66,晴,南西,3,3,6.92,05,抜き,5,0.11,.  .
徳山,7,予選,4,4361,柳生泰二,40,51,晴,南西,3,3,6.95,06,抜き,4,0.09,.  .
徳山,8,予選,3,3618,海野ゆかり,33,28,晴,南西,3,3,6.95,01,まくり,3,0.08,1.55.3
徳山,8,予選,6,4064,原田篤志,39,53,晴,南西,3,3,6.94,02,まくり,5,0.13,1.57.7
徳山,8,予選,4,4980,佐々木完太,13,69,晴,南西,3,3,6.92,03,まくり,6,0.14,2.01.2
徳山,8,予選,5,3685,荒井輝年,26,31,晴,南西,3,3,6.97,04,まくり,4,0.13,2.07.2
徳山,9,予選,1,3961,谷村一哉,16,36,晴,南西,1,1,6.94,01,逃げ,1,0.11,1.49.9
徳山,9,予選,2,4471,新田泰章,11,29,晴,南西,1,1,6.90,02,逃げ,2,0.15,1.51.1
徳山,9,予選,4,3874,山本寛久,38,27,晴,南西,1,1,6.91,03,逃げ,4,0.27,1.52.2
徳山,9,予選,3,3711,江本真治,66,57,晴,南西,1,1,6.94,04,逃げ,3,0.14,1.53.9
徳山,9,予選,5,3737,上平真二,57,30,晴,南西,1,1,6.94,05,逃げ,5,0.29,.  .
徳山,9,予選,6,4713,白神優,51,21,晴,南西,1,1,6.91,06,逃げ,6,0.29,.  .
徳山,10,予選,1,4682,大上卓人,67,38,晴,南西,1,1,6.96,01,逃げ,1,0.12,1.50.4
徳山,10,予選,5,4584,村岡賢人,65,54,晴,南西,1,1,6.98,02,逃げ,5,0.13,1.51.5
徳山,10,予選,3,3933,山地正樹,70,52,晴,南西,1,1,6.93,03,逃げ,3,0.13,1.52.4
徳山,10,予選,6,4601,森野正弘,62,49,晴,南西,1,1,6.92,04,逃げ,6,0.12,1.53.0
徳山,10,予選,2,4237,大峯豊,54,40,晴,南西,1,1,6.96,05,逃げ,2,0.15,.  .
徳山,10,予選,4,4482,守屋美穂,23,12,晴,南西,1,1,6.95,06,逃げ,4,0.14,.  .
徳山,11,予選,1,3822,平尾崇典,30,66,晴,南西,1,1,6.88,01,逃げ,1,0.13,1.48.8
徳山,11,予選,3,4108,吉村正明,14,14,晴,南西,1,1,6.99,02,逃げ,3,0.09,1.51.2
徳山,11,予選,5,4816,村松修二,55,17,晴,南西,1,1,6.96,03,逃げ,4,0.11,1.51.9
徳山,11,予選,2,4398,船岡洋一郎,69,46,晴,南西,1,1,6.96,04,逃げ,2,0.10,1.53.0
徳山,11,予選,4,4324,海野康志郎,60,25,晴,南西,1,1,6.94,05,逃げ,5,0.16,.  .
徳山,11,予選,6,4172,森定晃史,15,32,晴,南西,1,1,6.99,06,逃げ,6,0.15,.  .
徳山,12,ドリーム戦,1,3897,白井英治,36,11,晴,西,1,1,6.88,01,逃げ,1,0.15,1.49.6
徳山,12,ドリーム戦,4,3942,寺田祥,32,13,晴,西,1,1,6.92,02,逃げ,4,0.14,1.50.4
徳山,12,ドリーム戦,5,4418,茅原悠紀,29,16,晴,西,1,1,6.94,03,逃げ,5,0.13,1.50.5
徳山,12,ドリーム戦,3,4166,吉田拡郎,50,42,晴,西,1,1,6.89,04,逃げ,3,0.17,1.52.1
徳山,12,ドリーム戦,2,3719,辻栄蔵,56,67,晴,西,1,1,6.93,05,逃げ,2,0.17,.  .
徳山,12,ドリーム戦,6,4205,山口剛,19,22,晴,西,1,1,6.95,06,逃げ,6,0.20,.  .
宮島,1,ファーストＢ,1,3334,角ひとみ,34,50,曇り,東,1,1,6.63,01,逃げ,1,0.17,1.49.2
宮島,1,ファーストＢ,2,2935,幸本誠,36,51,曇り,東,1,1,6.68,02,逃げ,2,0.11,1.50.7
宮島,1,ファーストＢ,4,4664,東口晃,50,33,曇り,東,1,1,6.70,03,逃げ,4,0.18,1.51.1
宮島,1,ファーストＢ,5,4143,浦田晃嗣,49,15,曇り,東,1,1,6.66,04,逃げ,5,0.16,1.51.9
宮島,1,ファーストＢ,6,4533,峰重侑治,18,27,曇り,東,1,1,6.68,05,逃げ,6,0.32,1.54.6
宮島,1,ファーストＢ,3,4651,佐藤大騎,26,19,曇り,東,1,1,6.68,06,逃げ,3,0.23,1.57.4
宮島,2,一般,2,4672,守屋大地,61,25,曇り,南東,1,1,6.69,01,差し,2,0.14,1.48.6
宮島,2,一般,1,4846,佐藤駿介,64,22,曇り,南東,1,1,6.66,02,差し,1,0.13,1.49.4
宮島,2,一般,3,4257,古川健,56,47,曇り,南東,1,1,6.72,03,差し,3,0.17,1.52.3
宮島,2,一般,4,4315,山崎昂介,16,24,曇り,南東,1,1,6.66,04,差し,4,0.15,1.53.7
宮島,2,一般,5,5092,篠原晟弥,48,32,曇り,南東,1,1,6.67,05,差し,5,0.16,1.55.1
宮島,2,一般,6,4934,佐々木翔斗,32,68,曇り,南東,1,1,6.66,06,差し,6,0.19,1.55.2
宮島,3,一般,5,4957,竹之内極,19,39,晴,南,1,1,6.65,01,抜き,5,0.09,1.49.5
宮島,3,一般,2,4142,平野和明,20,48,晴,南,1,1,6.73,02,抜き,2,0.15,1.50.8
宮島,3,一般,1,4949,横田貴満,22,36,晴,南,1,1,6.63,03,抜き,1,0.11,1.52.4
宮島,3,一般,3,4343,村岡賢,21,45,晴,南,1,1,6.67,04,抜き,3,0.17,1.53.3
宮島,3,一般,4,4853,前原哉,66,28,晴,南,1,1,6.65,05,抜き,4,0.13,1.53.5
宮島,3,一般,6,5001,坂本雅佳,39,54,晴,南,1,1,6.62,06,抜き,6,0.11,1.56.3
宮島,4,一般,5,5022,伊藤尚汰,45,35,晴,東,1,1,6.61,01,恵まれ,5,0.11,1.50.0
宮島,4,一般,4,3527,中嶋誠一郎,60,14,晴,東,1,1,6.75,02,恵まれ,4,0.12,1.50.7
宮島,4,一般,2,3432,宮迫暢彦,47,34,晴,東,1,1,6.69,03,恵まれ,2,0.01,1.52.0
宮島,4,一般,6,4538,笠置博之,28,60,晴,東,1,1,6.67,04,恵まれ,6,0.19,1.53.4
宮島,5,一般,1,3845,中谷朋子,38,37,晴,東,2,2,6.74,01,逃げ,1,0.05,1.49.1
宮島,5,一般,3,4146,柳橋宏紀,53,17,晴,東,2,2,6.71,02,逃げ,3,0.18,1.50.1
宮島,5,一般,4,4533,峰重侑治,18,27,晴,東,2,2,6.67,03,逃げ,4,0.19,1.51.4
宮島,5,一般,2,4005,瀬川公則,37,26,晴,東,2,2,6.73,04,逃げ,2,0.07,1.53.0
宮島,5,一般,6,5092,篠原晟弥,48,32,晴,東,2,2,6.69,05,逃げ,6,0.18,1.53.9
宮島,5,一般,5,3107,平岡重典,25,29,晴,東,2,2,6.73,06,逃げ,5,0.14,1.54.3
宮島,6,ランチタイム,1,4072,森永淳,62,55,晴,東,2,2,6.62,01,逃げ,1,0.18,1.49.0
宮島,6,ランチタイム,2,4664,東口晃,50,33,晴,東,2,2,6.72,02,逃げ,2,0.19,1.50.2
宮島,6,ランチタイム,5,4315,山崎昂介,16,24,晴,東,2,2,6.69,03,逃げ,5,0.23,1.52.1
宮島,6,ランチタイム,6,4139,丹下健,29,61,晴,東,2,2,6.70,04,逃げ,6,0.30,1.52.8
宮島,6,ランチタイム,4,4096,石橋道友,13,69,晴,東,2,2,6.73,05,逃げ,4,0.21,1.55.0
宮島,6,ランチタイム,3,2935,幸本誠,36,51,晴,東,2,2,6.69,06,逃げ,3,0.26,1.59.2
宮島,7,一般,3,4611,今井美亜,52,67,晴,東,2,2,6.70,01,抜き,3,0.05,1.49.2
宮島,7,一般,2,4257,古川健,56,47,晴,東,2,2,6.74,02,抜き,2,0.06,1.50.9
宮島,7,一般,1,4853,前原哉,66,28,晴,東,2,2,6.74,03,抜き,1,0.01,1.52.4
宮島,7,一般,4,4564,山本景士郎,17,62,晴,東,2,2,6.75,04,抜き,5,0.12,1.53.2
宮島,7,一般,6,3558,山本浩次,35,42,晴,東,2,2,6.69,05,抜き,4,0.14,1.54.0
宮島,7,一般,5,4949,横田貴満,22,36,晴,東,2,2,6.75,06,抜き,6,0.13,1.58.3
宮島,8,一般,1,5022,伊藤尚汰,45,35,晴,東,2,2,6.68,01,逃げ,1,0.01,1.49.6
宮島,8,一般,5,4142,平野和明,20,48,晴,東,2,2,6.85,02,逃げ,5,0.11,1.50.2
宮島,8,一般,2,4143,浦田晃嗣,49,15,晴,東,2,2,6.69,03,逃げ,2,0.18,1.51.8
宮島,8,一般,3,4208,三浦永理,54,21,晴,東,2,2,6.75,04,逃げ,3,0.08,1.52.7
宮島,8,一般,6,4694,高田綾,58,64,晴,東,2,2,6.72,05,逃げ,6,0.11,1.53.3
宮島,8,一般,4,4672,守屋大地,61,25,晴,東,2,2,6.75,06,逃げ,4,0.11,1.55.6
宮島,9,特選,1,3527,中嶋誠一郎,60,14,晴,東,2,2,6.79,01,逃げ,1,0.14,1.48.5
宮島,9,特選,5,4146,柳橋宏紀,53,17,晴,東,2,2,6.83,02,逃げ,5,0.13,1.50.9
宮島,9,特選,3,3432,宮迫暢彦,47,34,晴,東,2,2,6.73,03,逃げ,3,0.15,1.51.2
宮島,9,特選,2,4343,村岡賢,21,45,晴,東,2,2,6.76,04,逃げ,2,0.23,1.52.6
宮島,9,特選,6,4957,竹之内極,19,39,晴,東,2,2,6.75,05,逃げ,6,0.13,1.53.3
宮島,9,特選,4,4651,佐藤大騎,26,19,晴,東,2,2,6.77,06,逃げ,4,0.14,1.55.1
宮島,10,選抜戦,1,5001,坂本雅佳,39,54,晴,東,2,2,6.76,01,逃げ,1,0.23,1.50.2
宮島,10,選抜戦,3,4096,石橋道友,13,69,晴,東,2,2,6.78,02,逃げ,3,0.22,1.51.0
宮島,10,選抜戦,4,4253,西川真人,69,16,晴,東,2,2,6.73,03,逃げ,4,0.29,1.52.8
宮島,10,選抜戦,6,3334,角ひとみ,34,50,晴,東,2,2,6.70,04,逃げ,6,0.34,1.53.6
宮島,10,選抜戦,2,3845,中谷朋子,38,37,晴,東,2,2,6.75,05,逃げ,2,0.25,1.53.9
宮島,10,選抜戦,5,4846,佐藤駿介,64,22,晴,東,2,2,6.80,06,逃げ,5,0.26,1.54.1
宮島,11,選抜戦,1,4538,笠置博之,28,60,晴,東,2,2,6.84,01,逃げ,1,0.14,1.49.5
宮島,11,選抜戦,2,4611,今井美亜,52,67,晴,東,2,2,6.78,02,逃げ,2,0.15,1.50.8
宮島,11,選抜戦,4,4072,森永淳,62,55,晴,東,2,2,6.71,03,逃げ,4,0.18,1.51.8
宮島,11,選抜戦,3,4564,山本景士郎,17,62,晴,東,2,2,6.78,04,逃げ,3,0.14,1.52.8
宮島,11,選抜戦,5,4208,三浦永理,54,21,晴,東,2,2,6.76,05,逃げ,5,0.18,1.53.8
宮島,11,選抜戦,6,4005,瀬川公則,37,26,晴,東,2,2,6.77,06,逃げ,6,0.20,1.55.9
宮島,12,優勝戦,1,3963,原田秀弥,14,31,晴,南東,1,1,6.76,01,逃げ,1,0.07,1.48.5
宮島,12,優勝戦,4,3801,五反田忍,51,43,晴,南東,1,1,6.75,02,逃げ,4,0.18,1.49.1
宮島,12,優勝戦,5,4684,楠原翔太,42,41,晴,南東,1,1,6.73,03,逃げ,5,0.25,1.49.7
宮島,12,優勝戦,2,4677,片橋幸貴,68,59,晴,南東,1,1,6.75,04,逃げ,2,0.04,1.52.1
宮島,12,優勝戦,3,4811,向井田佑紀,70,11,晴,南東,1,1,6.75,05,逃げ,3,0.06,1.53.4
宮島,12,優勝戦,6,4526,池田雄祐,24,49,晴,南東,1,1,6.68,06,逃げ,6,0.18,1.54.7
鳴門,1,一般,3,5067,山田真聖,11,16,曇り,北西,2,2,6.73,01,まくり,3,0.14,1.47.1
鳴門,1,一般,1,4133,高橋正男,56,32,曇り,北西,2,2,6.72,02,まくり,1,0.19,1.48.4
鳴門,1,一般,6,5157,市川健太,70,71,曇り,北西,2,2,6.72,03,まくり,6,0.17,1.50.8
鳴門,1,一般,4,5143,常盤海心,15,23,曇り,北西,2,2,6.75,04,まくり,4,0.06,1.52.1
鳴門,1,一般,2,3424,松浦努,59,81,曇り,北西,2,2,6.80,05,まくり,2,0.15,.  .
鳴門,1,一般,5,3564,桑原啓,78,79,曇り,北西,2,2,6.77,06,まくり,5,0.11,.  .
鳴門,2,一般,1,4202,浮田圭浩,33,13,曇り,無風,0,1,6.74,01,逃げ,1,0.17,1.47.9
鳴門,2,一般,3,5043,中村日向,60,76,曇り,無風,0,1,6.82,02,逃げ,3,0.17,1.49.0
鳴門,2,一般,4,4598,加藤政彦,80,33,曇り,無風,0,1,6.81,03,逃げ,4,0.19,1.50.3
鳴門,2,一般,2,4415,下出卓矢,73,60,曇り,無風,0,1,6.75,04,逃げ,2,0.20,1.51.2
鳴門,2,一般,6,4383,竹田吉行,22,34,曇り,無風,0,1,6.81,05,逃げ,6,0.20,.  .
鳴門,2,一般,5,5031,渡辺空依,66,10,曇り,無風,0,1,6.79,06,逃げ,5,0.16,.  .
鳴門,3,一般,1,3746,岡瀬正人,37,37,曇り,北西,2,2,6.68,01,逃げ,1,0.16,1.46.9
鳴門,3,一般,6,5017,澤田尚也,35,83,曇り,北西,2,2,6.68,02,逃げ,6,0.06,1.48.5
鳴門,3,一般,3,3777,樋口亮,39,24,曇り,北西,2,2,6.78,03,逃げ,3,0.21,1.50.9
鳴門,3,一般,4,4892,柴田直哉,65,28,曇り,北西,2,2,6.81,04,逃げ,4,0.15,1.51.5
鳴門,3,一般,5,4006,小野勇作,63,19,曇り,北西,2,2,6.80,05,逃げ,5,0.18,.  .
鳴門,3,一般,2,3644,矢橋成介,32,22,曇り,北西,2,2,6.79,06,逃げ,2,0.26,.  .
鳴門,4,一般,1,4358,松本庸平,71,78,曇り,無風,0,1,6.67,01,逃げ,1,0.19,1.47.2
鳴門,4,一般,5,3350,藤本佳史,79,27,曇り,無風,0,1,6.79,02,逃げ,5,0.14,1.47.7
鳴門,4,一般,3,3430,角浜修,23,11,曇り,無風,0,1,6.76,03,逃げ,3,0.18,1.49.7
鳴門,4,一般,2,4111,奥田誠,27,59,曇り,無風,0,1,6.72,04,逃げ,2,0.23,1.51.0
鳴門,4,一般,4,4060,島田一生,82,53,曇り,無風,0,1,6.81,05,逃げ,4,0.17,.  .
鳴門,4,一般,6,4861,田中宏樹,13,26,曇り,無風,0,1,6.74,06,逃げ,6,0.34,.  .
鳴門,5,一般,1,3904,森貴洋,14,17,晴,南西,1,1,6.74,01,逃げ,1,0.05,1.47.8
鳴門,5,一般,2,4656,大崎翔,62,50,晴,南西,1,1,6.75,02,逃げ,2,0.05,1.48.7
鳴門,5,一般,3,4800,小寺拳人,16,30,晴,南西,1,1,6.81,03,逃げ,3,0.10,1.50.3
鳴門,5,一般,4,4252,松下哲也,76,61,晴,南西,1,1,6.74,04,逃げ,4,0.09,1.51.2
鳴門,5,一般,5,4401,小林泰,68,70,晴,南西,1,1,6.79,05,逃げ,5,0.11,.  .
鳴門,5,一般,6,5143,常盤海心,15,23,晴,南西,1,1,6.78,06,逃げ,6,0.16,.  .
鳴門,6,一般,2,4710,福田宗平,57,51,晴,無風,0,1,6.70,01,まくり差し,3,0.10,1.47.2
鳴門,6,一般,6,4561,藤山翔大,69,66,晴,無風,0,1,6.69,02,まくり差し,2,0.13,1.49.0
鳴門,6,一般,4,4405,南野利騰,51,77,晴,無風,0,1,6.73,03,まくり差し,5,0.15,1.50.0
鳴門,6,一般,5,4329,小松卓司,84,35,晴,無風,0,1,6.72,04,まくり差し,6,0.16,1.51.3
鳴門,6,一般,3,4128,川口貴久,58,38,晴,無風,0,1,6.86,05,まくり差し,4,0.11,.  .
鳴門,6,一般,1,5067,山田真聖,11,16,晴,無風,0,1,6.62,06,まくり差し,1,0.20,.  .
鳴門,7,一般,6,4523,中村辰也,20,54,晴,南東,1,1,6.73,01,まくり差し,5,0.15,1.47.4
鳴門,7,一般,4,4263,武重雄介,29,62,晴,南東,1,1,6.87,02,まくり差し,4,0.16,1.48.5
鳴門,7,一般,1,5043,中村日向,60,76,晴,南東,1,1,6.71,03,まくり差し,1,0.13,1.50.5
鳴門,7,一般,3,4822,百武翔,36,69,晴,南東,1,1,6.76,04,まくり差し,3,0.29,1.51.1
鳴門,7,一般,2,4603,谷川将太,31,25,晴,南東,1,1,6.75,05,まくり差し,2,0.22,.  .
鳴門,8,一般,2,4316,山口裕太,72,63,晴,北西,1,1,6.82,01,差し,2,0.09,1.47.5
鳴門,8,一般,3,3350,藤本佳史,79,27,晴,北西,1,1,6.72,02,差し,3,0.06,1.48.2
鳴門,8,一般,4,3777,樋口亮,39,24,晴,北西,1,1,6.72,03,差し,4,0.15,1.50.6
鳴門,8,一般,6,4167,片岡秀樹,67,58,晴,北西,1,1,6.77,04,差し,5,0.12,1.51.5
鳴門,8,一般,1,5031,渡辺空依,66,10,晴,北西,1,1,6.66,05,差し,1,0.05,.  .
鳴門,8,一般,5,5157,市川健太,70,71,晴,北西,1,1,6.68,06,差し,6,0.23,.  .
鳴門,9,一般,1,4800,小寺拳人,16,30,曇り,北西,1,1,6.70,01,逃げ,1,0.09,1.48.0
鳴門,9,一般,3,4598,加藤政彦,80,33,曇り,北西,1,1,6.80,02,逃げ,3,0.12,1.48.7
鳴門,9,一般,2,3564,桑原啓,78,79,曇り,北西,1,1,6.68,03,逃げ,2,0.08,1.51.1
鳴門,9,一般,4,4106,坂井康嗣,64,80,曇り,北西,1,1,6.80,04,逃げ,4,0.15,1.51.2
鳴門,9,一般,6,4691,水原慎,50,12,曇り,北西,1,1,6.66,05,逃げ,6,0.15,.  .
鳴門,9,一般,5,4861,田中宏樹,13,26,曇り,北西,1,1,6.81,06,逃げ,5,0.22,.  .
鳴門,10,準優勝戦,1,4006,小野勇作,63,19,曇り,北西,1,1,6.76,01,逃げ,1,0.07,1.47.1
鳴門,10,準優勝戦,5,4710,福田宗平,57,51,曇り,北西,1,1,6.69,02,逃げ,5,0.00,1.48.1
鳴門,10,準優勝戦,6,4202,浮田圭浩,33,13,曇り,北西,1,1,6.72,03,逃げ,6,0.06,1.49.6
鳴門,10,準優勝戦,4,3746,岡瀬正人,37,37,曇り,北西,1,1,6.75,04,逃げ,4,0.05,1.50.5
鳴門,10,準優勝戦,3,4060,島田一生,82,53,曇り,北西,1,1,6.76,05,逃げ,3,0.07,.  .
鳴門,10,準優勝戦,2,4329,小松卓司,84,35,曇り,北西,1,1,6.70,06,逃げ,2,0.05,.  .
鳴門,11,準優勝戦,1,4561,藤山翔大,69,66,曇り,無風,0,1,6.64,01,逃げ,1,0.12,1.47.8
鳴門,11,準優勝戦,2,4523,中村辰也,20,54,曇り,無風,0,1,6.70,02,逃げ,2,0.10,1.48.8
鳴門,11,準優勝戦,5,4358,松本庸平,71,78,曇り,無風,0,1,6.69,03,逃げ,5,0.15,1.50.1
鳴門,11,準優勝戦,4,4128,川口貴久,58,38,曇り,無風,0,1,6.85,04,逃げ,4,0.15,1.51.1
鳴門,11,準優勝戦,3,4892,柴田直哉,65,28,曇り,無風,0,1,6.72,05,逃げ,3,0.12,.  .
鳴門,11,準優勝戦,6,3904,森貴洋,14,17,曇り,無風,0,1,6.79,06,逃げ,6,0.14,.  .
鳴門,12,準優勝戦,1,5017,澤田尚也,35,83,曇り,北西,1,1,6.65,01,逃げ,1,0.08,1.47.3
鳴門,12,準優勝戦,2,4401,小林泰,68,70,曇り,北西,1,1,6.75,02,逃げ,2,0.12,1.49.5
鳴門,12,準優勝戦,6,4111,奥田誠,27,59,曇り,北西,1,1,6.83,03,逃げ,5,0.21,1.50.8
鳴門,12,準優勝戦,3,4405,南野利騰,51,77,曇り,北西,1,1,6.75,04,逃げ,3,0.15,1.51.8
鳴門,12,準優勝戦,4,4822,百武翔,36,69,曇り,北西,1,1,6.78,05,逃げ,4,0.21,.  .
鳴門,12,準優勝戦,5,4415,下出卓矢,73,60,曇り,北西,1,1,6.72,06,逃げ,6,0.19,.  .
三国,1,一般,1,3654,武田光史,60,55,曇り,南東,3,3,6.58,01,逃げ,1,0.22,1.47.2
三国,1,一般,3,4055,吉田俊彦,13,34,曇り,南東,3,3,6.66,02,逃げ,3,0.22,1.47.4
三国,1,一般,4,4907,小池修平,30,63,曇り,南東,3,3,6.67,03,逃げ,4,0.33,1.50.5
三国,1,一般,2,4828,松山将吾,11,23,曇り,南東,3,3,6.61,04,逃げ,2,0.24,1.50.8
三国,1,一般,6,4278,藤岡俊介,56,72,曇り,南東,3,3,6.66,05,逃げ,6,0.17,.  .
三国,1,一般,5,4472,尾嶋一広,45,68,曇り,南東,3,3,6.69,06,逃げ,5,0.24,.  .
三国,2,一般,2,4760,山崎郡,26,54,曇り,南東,2,2,6.54,01,差し,2,0.11,1.48.3
三国,2,一般,1,3833,中辻博訓,55,38,曇り,南東,2,2,6.54,02,差し,1,0.08,1.49.3
三国,2,一般,5,3484,芝田浩治,24,59,曇り,南東,2,2,6.63,03,差し,5,0.20,1.50.8
三国,2,一般,4,4388,是澤孝宏,16,15,曇り,南東,2,2,6.60,04,差し,4,0.18,1.51.0
三国,2,一般,3,4512,高野哲史,70,18,曇り,南東,2,2,6.61,05,差し,3,0.12,.  .
三国,2,一般,6,3555,野添貴裕,59,70,曇り,南東,2,2,6.74,06,差し,6,0.26,.  .
三国,3,一般,1,4356,長岡良也,49,43,曇り,南東,2,2,6.54,01,逃げ,1,0.07,1.47.2
三国,3,一般,3,4042,丸岡正典,43,56,曇り,南東,2,2,6.62,02,逃げ,3,0.12,1.49.2
三国,3,一般,5,3635,石田政吾,51,42,曇り,南東,2,2,6.62,03,逃げ,5,0.07,1.50.4
三国,3,一般,4,4040,廣瀬将亨,57,51,曇り,南東,2,2,6.61,04,逃げ,4,0.08,1.52.0
三国,3,一般,6,4137,君島秀三,66,67,曇り,南東,2,2,6.62,05,逃げ,6,0.09,.  .
三国,4,一般,1,4659,木下翔太,58,20,曇り,南東,1,1,6.62,01,逃げ,1,0.14,1.48.2
三国,4,一般,3,4025,山本隆幸,53,21,曇り,南東,1,1,6.54,02,逃げ,3,0.13,1.49.1
三国,4,一般,5,3795,金子龍介,25,64,曇り,南東,1,1,6.60,03,逃げ,5,0.14,1.50.5
三国,4,一般,4,3903,白石健,28,12,曇り,南東,1,1,6.63,04,逃げ,4,0.16,1.51.8
三国,4,一般,2,3582,吉川昭男,69,69,曇り,南東,1,1,6.62,05,逃げ,2,0.19,.  .
三国,4,一般,6,4391,松田祐季,20,11,曇り,南東,1,1,6.70,06,逃げ,6,0.28,.  .
三国,5,一般,1,3415,松井繁,19,44,曇り,無風,0,0,6.58,01,逃げ,1,0.11,1.47.1
三国,5,一般,2,4472,尾嶋一広,45,68,曇り,無風,0,0,6.60,02,逃げ,2,0.09,1.49.2
三国,5,一般,5,4290,稲田浩二,41,65,曇り,無風,0,0,6.71,03,逃げ,5,0.09,1.50.2
三国,5,一般,4,4002,古結宏,64,39,曇り,無風,0,0,6.57,04,逃げ,4,0.01,1.51.5
三国,5,一般,6,3556,田中信一郎,34,37,曇り,無風,0,0,6.73,05,逃げ,6,0.14,.  .
三国,5,一般,3,4210,松村康太,35,25,曇り,無風,0,0,6.64,06,逃げ,3,0.07,.  .
三国,6,一般,1,4061,萩原秀人,15,41,曇り,南東,1,1,6.66,01,逃げ,1,0.07,1.47.3
三国,6,一般,5,4832,権藤俊光,12,57,曇り,南東,1,1,6.71,02,逃げ,5,0.17,1.47.9
三国,6,一般,3,4388,是澤孝宏,16,15,曇り,南東,1,1,6.65,03,逃げ,3,0.11,1.49.9
三国,6,一般,2,4907,小池修平,30,63,曇り,南東,1,1,6.67,04,逃げ,2,0.07,1.51.3
三国,6,一般,4,4295,小坂尚哉,37,45,曇り,南東,1,1,6.68,05,逃げ,4,0.17,.  .
三国,6,一般,6,3572,安田政彦,67,26,曇り,南東,1,1,6.69,06,逃げ,6,0.37,.  .
三国,7,一般,1,4397,西村拓也,39,14,曇り,北西,2,2,6.60,01,逃げ,1,0.13,1.48.1
三国,7,一般,5,4168,石野貴之,54,30,曇り,北西,2,2,6.53,02,逃げ,5,0.24,1.49.9
三国,7,一般,2,3635,石田政吾,51,42,曇り,北西,2,2,6.66,03,逃げ,2,0.12,1.50.7
三国,7,一般,4,4512,高野哲史,70,18,曇り,北西,2,2,6.66,04,逃げ,4,0.26,1.52.1
三国,7,一般,3,3918,深井利寿,63,46,曇り,北西,2,2,6.65,05,逃げ,3,0.16,.  .
三国,7,一般,6,4828,松山将吾,11,23,曇り,北西,2,2,6.61,06,逃げ,6,0.19,.  .
三国,8,一般,1,4013,中島孝平,27,50,曇り,北西,3,3,6.69,01,逃げ,1,0.14,1.48.0
三国,8,一般,2,4719,上條暢嵩,38,31,曇り,北西,3,3,6.65,02,逃げ,2,0.15,1.49.0
三国,8,一般,6,4042,丸岡正典,43,56,曇り,北西,3,3,6.72,03,逃げ,5,0.09,1.49.5
三国,8,一般,3,3484,芝田浩治,24,59,曇り,北西,3,3,6.67,04,逃げ,3,0.13,1.52.1
三国,8,一般,4,4686,丸野一樹,42,16,曇り,北西,3,3,6.73,05,逃げ,4,0.08,.  .
三国,8,一般,5,3903,白石健,28,12,曇り,北西,3,3,6.74,06,逃げ,6,0.09,.  .
三国,9,一般,4,3780,魚谷智之,17,60,曇り,北西,3,3,6.66,01,差し,4,0.12,1.47.0
三国,9,一般,1,3721,守田俊介,44,29,曇り,北西,3,3,6.85,02,差し,1,0.08,1.49.5
三国,9,一般,3,4760,山崎郡,26,54,曇り,北西,3,3,6.66,03,差し,3,0.11,1.50.9
三国,9,一般,2,4040,廣瀬将亨,57,51,曇り,北西,3,3,6.66,04,差し,2,0.07,1.51.5
三国,9,一般,5,4055,吉田俊彦,13,34,曇り,北西,3,3,6.74,05,差し,5,0.11,.  .
三国,9,一般,6,4210,松村康太,35,25,曇り,北西,3,3,6.72,06,差し,6,0.13,.  .
三国,10,特別選抜Ｂ戦,1,4290,稲田浩二,41,65,曇り,北西,2,2,6.71,01,逃げ,1,0.05,1.47.9
三国,10,特別選抜Ｂ戦,4,4659,木下翔太,58,20,曇り,北西,2,2,6.72,02,逃げ,4,0.07,1.49.0
三国,10,特別選抜Ｂ戦,3,4061,萩原秀人,15,41,曇り,北西,2,2,6.69,03,逃げ,3,0.04,1.50.4
三国,10,特別選抜Ｂ戦,2,3654,武田光史,60,55,曇り,北西,2,2,6.68,04,逃げ,2,0.05,1.51.5
三国,10,特別選抜Ｂ戦,5,4427,秦英悟,52,58,曇り,北西,2,2,6.69,05,逃げ,5,0.09,.  .
三国,10,特別選抜Ｂ戦,6,3557,太田和美,71,53,曇り,北西,2,2,6.75,06,逃げ,6,0.17,.  .
三国,11,特別選抜Ａ戦,1,3795,金子龍介,25,64,曇り,北,2,2,6.66,01,逃げ,1,0.12,1.47.7
三国,11,特別選抜Ａ戦,3,4013,中島孝平,27,50,曇り,北,2,2,6.76,02,逃げ,3,0.11,1.48.7
三国,11,特別選抜Ａ戦,2,4356,長岡良也,49,43,曇り,北,2,2,6.67,03,逃げ,2,0.14,1.49.6
三国,11,特別選抜Ａ戦,6,4397,西村拓也,39,14,曇り,北,2,2,6.68,04,逃げ,6,0.11,1.51.7
三国,11,特別選抜Ａ戦,5,3415,松井繁,19,44,曇り,北,2,2,6.68,05,逃げ,5,0.12,.  .
三国,11,特別選抜Ａ戦,4,3833,中辻博訓,55,38,曇り,北,2,2,6.70,06,逃げ,4,0.09,.  .
三国,12,優勝戦,1,4262,馬場貴也,18,47,曇り,北,1,1,6.58,01,逃げ,1,0.11,1.46.6
三国,12,優勝戦,3,3854,吉川元浩,65,71,曇り,北,1,1,6.64,02,逃げ,3,0.13,1.47.8
三国,12,優勝戦,2,3388,今垣光太郎,32,35,曇り,北,1,1,6.69,03,逃げ,2,0.14,1.50.5
三国,12,優勝戦,5,4908,上田龍星,29,48,曇り,北,1,1,6.69,04,逃げ,5,0.13,1.51.0
三国,12,優勝戦,6,3997,北村征嗣,23,33,曇り,北,1,1,6.66,05,逃げ,6,0.17,.  .
三国,12,優勝戦,4,4044,湯川浩司,22,13,曇り,北,1,1,6.62,06,逃げ,4,0.14,.  .
蒲郡,1,予選,2,3859,多羅尾達之,57,22,晴,無風,0,0,6.74,01,差し,2,0.09,1.50.0
蒲郡,1,予選,1,3235,鈴木唯由,58,58,晴,無風,0,0,6.70,02,差し,1,0.12,1.50.5
蒲郡,1,予選,5,4681,太田潮,66,47,晴,無風,0,0,6.68,03,差し,4,0.21,1.50.7
蒲郡,1,予選,4,3533,佐川正道,33,11,晴,無風,0,0,6.63,04,差し,3,0.44,1.52.7
蒲郡,1,予選,3,4491,田中堅,34,19,晴,無風,0,0,6.71,05,差し,5,0.27,.  .
蒲郡,1,予選,6,5159,笠間憲哉,38,74,晴,無風,0,0,6.70,06,差し,6,0.23,.  .
蒲郡,2,予選,2,4539,金子賢志,17,72,晴,無風,0,0,6.76,01,まくり,3,0.19,1.49.8
蒲郡,2,予選,3,3831,安藤裕貴,35,77,晴,無風,0,0,6.70,02,まくり,4,0.32,1.50.8
蒲郡,2,予選,6,4411,沢田昭宏,23,18,晴,無風,0,0,6.74,03,まくり,6,0.31,1.52.1
蒲郡,2,予選,4,4145,小澤学,73,75,晴,無風,0,0,6.72,04,まくり,5,0.35,1.53.0
蒲郡,2,予選,1,4186,小川時光,32,70,晴,無風,0,0,6.72,05,まくり,1,0.19,.  .
蒲郡,2,予選,5,3243,佐野隆仁,54,14,晴,無風,0,0,6.70,06,まくり,2,0.24,.  .
蒲郡,3,予選,2,3563,堤昇,30,65,晴,無風,0,0,6.74,01,差し,2,0.12,1.48.1
蒲郡,3,予選,1,4675,井手良太,29,12,晴,無風,0,0,6.69,02,差し,1,0.03,1.50.4
蒲郡,3,予選,5,3156,金子良昭,25,68,晴,無風,0,0,6.70,03,差し,3,0.10,1.52.1
蒲郡,3,予選,6,4637,中田友也,59,53,晴,無風,0,0,6.79,04,差し,5,0.18,1.53.7
蒲郡,3,予選,3,3293,宮内由紀英,40,46,晴,無風,0,0,6.74,05,差し,4,0.20,.  .
蒲郡,3,予選,4,3020,若女井正,76,23,晴,無風,0,0,6.80,06,差し,6,0.30,.  .
蒲郡,4,予選,1,4465,大西賢,64,20,曇り,東,1,0,6.65,01,逃げ,1,0.20,1.48.5
蒲郡,4,予選,2,4470,平田健之佑,52,67,曇り,東,1,0,6.80,02,逃げ,2,0.21,1.49.8
蒲郡,4,予選,6,4144,石塚久也,16,48,曇り,東,1,0,6.65,03,逃げ,3,0.30,1.50.7
蒲郡,4,予選,5,3690,河合三弘,22,50,曇り,東,1,0,6.74,04,逃げ,6,0.17,1.52.5
蒲郡,4,予選,4,5006,久保原秀人,75,13,曇り,東,1,0,6.67,05,逃げ,5,0.19,.  .
蒲郡,4,予選,3,4728,山口亮,31,54,曇り,東,1,0,6.76,06,逃げ,4,0.24,.  .
蒲郡,5,予選,5,4769,馬場剛,28,43,曇り,東,1,0,6.70,01,まくり,5,0.11,1.48.7
蒲郡,5,予選,1,3981,今坂晃広,50,60,曇り,東,1,0,6.73,02,まくり,1,0.16,1.50.5
蒲郡,5,予選,6,3895,堀本裕也,55,71,曇り,東,1,0,6.73,03,まくり,6,0.12,1.52.1
蒲郡,5,予選,4,4491,田中堅,34,19,曇り,東,1,0,6.81,04,まくり,4,0.26,1.52.9
蒲郡,5,予選,3,3772,一柳和孝,72,39,曇り,東,1,0,6.67,05,まくり,3,0.27,.  .
蒲郡,5,予選,2,4281,大澤大夢,45,17,曇り,東,1,0,6.70,06,まくり,2,0.36,.  .
蒲郡,6,予選,2,4496,内堀学,51,55,曇り,無風,0,0,6.67,01,まくり,4,0.06,1.49.3
蒲郡,6,予選,3,4619,伏田裕隆,39,38,曇り,無風,0,0,6.68,02,まくり,5,0.07,1.49.6
蒲郡,6,予選,4,4175,川尻泰輔,65,59,曇り,無風,0,0,6.75,03,まくり,3,0.08,1.50.9
蒲郡,6,予選,6,2876,鈴木幸夫,53,76,曇り,無風,0,0,6.71,04,まくり,2,0.13,1.53.2
蒲郡,6,予選,5,5159,笠間憲哉,38,74,曇り,無風,0,0,6.72,05,まくり,6,0.02,.  .
蒲郡,6,予選,1,4883,岡部大輝,41,56,曇り,無風,0,0,6.67,06,まくり,1,0.56,.  .
蒲郡,7,予選,5,4539,金子賢志,17,72,曇り,無風,0,0,6.77,01,差し,5,0.09,1.49.7
蒲郡,7,予選,2,3293,宮内由紀英,40,46,曇り,無風,0,0,6.76,02,差し,2,0.19,1.50.5
蒲郡,7,予選,6,4660,宇田川信一,27,41,曇り,無風,0,0,6.72,03,差し,6,0.12,1.52.6
蒲郡,7,予選,3,3310,金澤一洋,43,62,曇り,無風,0,0,6.74,04,差し,3,0.19,1.53.5
蒲郡,7,予選,4,3957,大谷直弘,48,40,曇り,無風,0,0,6.72,05,差し,4,0.14,.  .
蒲郡,7,予選,1,3414,加瀬智宏,69,45,曇り,無風,0,0,6.72,06,差し,1,0.18,.  .
蒲郡,8,予選,2,3995,重野哲之,70,15,曇り,無風,0,0,6.80,01,差し,2,0.10,1.48.6
蒲郡,8,予選,5,4465,大西賢,64,20,曇り,無風,0,0,6.76,02,差し,5,0.05,1.50.5
蒲郡,8,予選,3,4681,太田潮,66,47,曇り,無風,0,0,6.78,03,差し,3,0.09,1.51.5
蒲郡,8,予選,6,3503,堂原洋史,56,63,曇り,無風,0,0,6.74,04,差し,6,0.03,1.52.9
蒲郡,8,予選,1,4565,西村豪洋,37,64,曇り,無風,0,0,6.81,05,差し,1,0.12,.  .
蒲郡,8,予選,4,4053,芦澤望,18,66,曇り,無風,0,0,6.83,06,差し,4,0.09,.  .
蒲郡,9,予選特賞,1,3690,河合三弘,22,50,曇り,無風,0,0,6.83,01,逃げ,1,0.15,1.48.7
蒲郡,9,予選特賞,2,4520,高倉孝太,24,73,曇り,無風,0,0,6.81,02,逃げ,2,0.12,1.49.5
蒲郡,9,予選特賞,6,4903,吉田凌太朗,15,57,曇り,無風,0,0,6.85,03,逃げ,6,0.16,1.50.3
蒲郡,9,予選特賞,3,4769,馬場剛,28,43,曇り,無風,0,0,6.78,04,逃げ,3,0.09,1.52.7
蒲郡,9,予選特賞,4,3268,森竜也,71,21,曇り,無風,0,0,6.86,05,逃げ,4,0.15,.  .
蒲郡,9,予選特賞,5,3235,鈴木唯由,58,58,曇り,無風,0,0,6.87,06,逃げ,5,0.19,.  .
蒲郡,10,予選特賞,1,4175,川尻泰輔,65,59,曇り,北,1,0,6.76,01,逃げ,1,0.24,1.48.2
蒲郡,10,予選特賞,3,5006,久保原秀人,75,13,曇り,北,1,0,6.79,02,逃げ,4,0.13,1.49.8
蒲郡,10,予選特賞,2,3772,一柳和孝,72,39,曇り,北,1,0,6.80,03,逃げ,3,0.17,1.51.5
蒲郡,10,予選特賞,6,3859,多羅尾達之,57,22,曇り,北,1,0,6.85,04,逃げ,6,0.14,1.52.2
蒲郡,10,予選特賞,4,3156,金子良昭,25,68,曇り,北,1,0,6.82,05,逃げ,2,0.20,.  .
蒲郡,10,予選特賞,5,3831,安藤裕貴,35,77,曇り,北,1,0,6.82,06,逃げ,5,0.15,.  .
蒲郡,11,予選特選,1,3957,大谷直弘,48,40,曇り,無風,0,0,6.77,01,逃げ,1,0.08,1.48.8
蒲郡,11,予選特選,2,4144,石塚久也,16,48,曇り,無風,0,0,6.82,02,逃げ,2,0.11,1.49.1
蒲郡,11,予選特選,4,3563,堤昇,30,65,曇り,無風,0,0,6.84,03,逃げ,4,0.11,1.51.2
蒲郡,11,予選特選,6,4496,内堀学,51,55,曇り,無風,0,0,6.77,04,逃げ,6,0.08,1.51.6
蒲郡,11,予選特選,3,3533,佐川正道,33,11,曇り,無風,0,0,6.85,05,逃げ,3,0.15,.  .
蒲郡,11,予選特選,5,4145,小澤学,73,75,曇り,無風,0,0,6.85,06,逃げ,5,0.18,.  .
蒲郡,12,予選記者特選,1,3995,重野哲之,70,15,曇り,北,1,0,6.81,01,まくり,2,0.08,1.49.2
蒲郡,12,予選記者特選,5,3414,加瀬智宏,69,45,曇り,北,1,0,6.85,02,まくり,3,0.09,1.50.5
蒲郡,12,予選記者特選,2,4411,沢田昭宏,23,18,曇り,北,1,0,6.85,03,まくり,4,0.13,1.51.1
蒲郡,12,予選記者特選,6,4470,平田健之佑,52,67,曇り,北,1,0,6.80,04,まくり,5,0.09,1.52.2
蒲郡,12,予選記者特選,3,2876,鈴木幸夫,53,76,曇り,北,1,0,6.83,05,まくり,1,0.13,.  .
蒲郡,12,予選記者特選,4,4281,大澤大夢,45,17,曇り,北,1,0,6.85,06,まくり,6,0.09,.  .
浜名湖,1,予選,2,4979,中野夢斗,12,24,曇り,北西,1,1,6.66,01,差し,2,0.19,1.49.7
浜名湖,1,予選,1,3624,大石和彦,53,35,曇り,北西,1,1,6.77,02,差し,1,0.14,1.51.5
浜名湖,1,予選,5,3605,中村守成,60,29,曇り,北西,1,1,6.78,03,差し,4,0.20,1.53.2
浜名湖,1,予選,4,5110,杉山喜一,43,34,曇り,北西,1,1,6.73,04,差し,6,0.20,1.54.2
浜名湖,1,予選,3,4321,岩田優一,3,18,曇り,北西,1,1,6.71,05,差し,3,0.20,.  .
浜名湖,1,予選,6,4915,彦坂径冶,29,47,曇り,北西,1,1,6.73,06,差し,5,0.15,.  .
浜名湖,2,予選,1,4229,市川美宏,17,48,曇り,西,1,1,6.70,01,逃げ,1,0.06,1.49.3
浜名湖,2,予選,5,3542,清水紀克,1,72,曇り,西,1,1,6.72,02,逃げ,2,0.09,1.50.8
浜名湖,2,予選,3,4918,川島拓郎,33,38,曇り,西,1,1,6.70,03,逃げ,4,0.18,1.52.7
浜名湖,2,予選,2,4731,間野兼礼,36,59,曇り,西,1,1,6.70,04,逃げ,3,0.15,1.52.9
浜名湖,2,予選,4,3945,橋口真樹,37,33,曇り,西,1,1,6.71,05,逃げ,5,0.19,.  .
浜名湖,2,予選,6,4467,渡邉俊介,7,62,曇り,西,1,1,6.72,06,逃げ,6,0.24,.  .
浜名湖,3,予選,1,4197,渥美卓郎,21,61,曇り,北東,1,1,6.68,01,逃げ,1,0.17,1.55.3
浜名湖,3,予選,6,5089,前田翔,56,60,曇り,北東,1,1,6.75,02,逃げ,6,0.15,1.58.6
浜名湖,3,予選,3,3455,谷本幸司,32,32,曇り,北東,1,1,6.69,03,逃げ,3,0.16,2.00.5
浜名湖,4,予選,5,4150,山田雄太,54,73,曇り,北,1,1,6.77,01,まくり差し,5,0.11,1.49.3
浜名湖,4,予選,1,4527,高野心吾,47,43,曇り,北,1,1,6.72,02,まくり差し,1,0.08,1.49.9
浜名湖,4,予選,3,4431,石塚裕介,31,54,曇り,北,1,1,6.74,03,まくり差し,3,0.22,1.51.3
浜名湖,4,予選,4,4625,渡邊裕貴,28,22,曇り,北,1,1,6.72,04,まくり差し,4,0.12,1.52.6
浜名湖,4,予選,6,3637,齋藤和政,46,41,曇り,北,1,1,6.76,05,まくり差し,6,0.13,.  .
浜名湖,4,予選,2,4752,西尾亮輔,38,27,曇り,北,1,1,6.75,06,まくり差し,2,0.12,.  .
浜名湖,5,予選,1,4516,野口勝弘,45,13,曇り,南東,2,1,6.64,01,逃げ,1,0.43,1.56.5
浜名湖,5,予選,2,3536,一色雅昭,2,46,曇り,南東,2,1,6.76,02,逃げ,2,0.30,1.58.2
浜名湖,5,予選,5,3315,広瀬聖仁,66,19,曇り,南東,2,1,6.78,03,逃げ,4,0.33,1.59.4
浜名湖,5,予選,4,5169,堀本翔太,25,31,曇り,南東,2,1,6.75,04,逃げ,6,0.31,2.01.9
浜名湖,5,予選,6,3422,服部幸男,16,67,曇り,南東,2,1,6.73,05,逃げ,5,0.37,.  .
浜名湖,6,予選,3,4129,宇野博之,26,21,曇り,南,4,2,6.69,01,まくり差し,3,0.18,1.50.2
浜名湖,6,予選,1,3542,清水紀克,1,72,曇り,南,4,2,6.70,02,まくり差し,1,0.11,1.51.3
浜名湖,6,予選,5,4209,藤田竜弘,9,50,曇り,南,4,2,6.70,03,まくり差し,5,0.19,1.53.4
浜名湖,6,予選,4,4461,安田吉宏,65,56,曇り,南,4,2,6.73,04,まくり差し,4,0.22,1.53.8
浜名湖,6,予選,6,3934,鋤柄貴俊,57,65,曇り,南,4,2,6.66,05,まくり差し,6,0.21,.  .
浜名湖,6,予選,2,4915,彦坂径冶,29,47,曇り,南,4,2,6.72,06,まくり差し,2,0.19,.  .
浜名湖,7,予選,1,4989,石原翼,19,74,曇り,南,4,2,6.60,01,逃げ,1,0.18,1.48.7
浜名湖,7,予選,3,4467,渡邉俊介,7,62,曇り,南,4,2,6.68,02,逃げ,3,0.19,1.50.2
浜名湖,7,予選,4,4199,北川潤二,30,30,曇り,南,4,2,6.61,03,逃げ,4,0.17,1.51.6
浜名湖,7,予選,2,4068,幸田智裕,48,52,曇り,南,4,2,6.68,04,逃げ,2,0.17,1.53.0
浜名湖,7,予選,6,4663,籾山佳岳,55,36,曇り,南,4,2,6.74,05,逃げ,5,0.20,.  .
浜名湖,7,予選,5,5110,杉山喜一,43,15,曇り,南,4,2,6.67,06,逃げ,6,0.21,.  .
浜名湖,8,予選,1,4270,岸本雄貴,59,44,曇り,南,3,2,6.69,01,逃げ,1,0.18,1.48.6
浜名湖,8,予選,2,3945,橋口真樹,37,33,曇り,南,3,2,6.68,02,逃げ,2,0.14,1.50.6
浜名湖,8,予選,3,4150,山田雄太,54,73,曇り,南,3,2,6.67,03,逃げ,3,0.23,1.51.6
浜名湖,8,予選,4,4197,渥美卓郎,21,61,曇り,南,3,2,6.67,04,逃げ,4,0.18,1.52.8
浜名湖,8,予選,5,3630,黒田誠司,22,76,曇り,南,3,2,6.68,05,逃げ,5,0.16,.  .
浜名湖,8,予選,6,4979,中野夢斗,12,24,曇り,南,3,2,6.63,06,逃げ,6,0.25,.  .
浜名湖,9,予選特賞,1,4625,渡邊裕貴,28,22,曇り,南,3,2,6.68,01,逃げ,1,0.22,1.49.4
浜名湖,9,予選特賞,2,5089,前田翔,56,60,曇り,南,3,2,6.69,02,逃げ,2,0.23,1.51.0
浜名湖,9,予選特賞,6,4293,鈴木智啓,62,53,曇り,南,3,2,6.70,03,逃げ,5,0.21,1.51.9
浜名湖,9,予選特賞,4,3823,本部真吾,58,23,曇り,南,3,2,6.65,04,逃げ,4,0.17,1.53.2
浜名湖,9,予選特賞,5,5169,堀本翔太,25,31,曇り,南,3,2,6.74,05,逃げ,6,0.15,.  .
浜名湖,9,予選特賞,3,3624,大石和彦,53,35,曇り,南,3,2,6.75,06,逃げ,3,0.22,.  .
浜名湖,10,予選特賞,2,3422,服部幸男,16,67,曇り,南,3,2,6.66,01,差し,2,0.16,1.49.5
浜名湖,10,予選特賞,1,4021,吉田健太郎,13,51,曇り,南,3,2,6.71,02,差し,1,0.13,1.50.9
浜名湖,10,予選特賞,5,4431,石塚裕介,31,54,曇り,南,3,2,6.73,03,差し,5,0.27,1.51.7
浜名湖,10,予選特賞,4,4321,岩田優一,3,18,曇り,南,3,2,6.74,04,差し,4,0.21,1.53.5
浜名湖,10,予選特賞,3,3934,鋤柄貴俊,57,65,曇り,南,3,2,6.67,05,差し,3,0.19,.  .
浜名湖,10,予選特賞,6,4731,間野兼礼,36,59,曇り,南,3,2,6.66,06,差し,6,0.26,.  .
浜名湖,11,予選特選,2,4035,杉江浩明,40,45,曇り,南東,2,1,6.64,01,まくり,2,0.10,1.48.9
浜名湖,11,予選特選,1,4199,北川潤二,30,30,曇り,南東,2,1,6.67,02,まくり,1,0.10,1.50.5
浜名湖,11,予選特選,4,4918,川島拓郎,33,38,曇り,南東,2,1,6.75,03,まくり,4,0.17,1.52.3
浜名湖,11,予選特選,3,4461,安田吉宏,65,56,曇り,南東,2,1,6.75,04,まくり,3,0.15,1.53.0
浜名湖,11,予選特選,6,3455,谷本幸司,32,32,曇り,南東,2,1,6.74,05,まくり,6,0.29,.  .
浜名湖,11,予選特選,5,4516,野口勝弘,45,13,曇り,南東,2,1,6.67,06,まくり,5,0.25,.  .
浜名湖,12,予選特選,1,4209,藤田竜弘,9,50,曇り,南東,1,1,6.68,01,逃げ,1,0.11,1.50.2
浜名湖,12,予選特選,3,3687,花田和明,20,20,曇り,南東,1,1,6.67,02,逃げ,3,0.19,1.50.5
浜名湖,12,予選特選,2,3315,広瀬聖仁,66,19,曇り,南東,1,1,6.78,03,逃げ,2,0.16,1.52.0
浜名湖,12,予選特選,6,4068,幸田智裕,48,52,曇り,南東,1,1,6.71,04,逃げ,6,0.14,1.52.5
浜名湖,12,予選特選,4,4527,高野心吾,47,43,曇り,南東,1,1,6.73,05,逃げ,4,0.13,.  .
浜名湖,12,予選特選,5,4270,岸本雄貴,59,44,曇り,南東,1,1,6.74,06,逃げ,5,0.13,.  .
江戸川,1,予選,1,4662,片山雅雄,46,52,曇り,北東,2,5,6.66,01,逃げ,1,0.04,1.52.9
江戸川,1,予選,3,2014,高塚清一,18,25,曇り,北東,2,5,6.65,02,逃げ,3,0.14,1.53.9
江戸川,1,予選,2,5114,小林孝彰,24,49,曇り,北東,2,5,6.66,03,逃げ,2,0.13,1.54.2
江戸川,1,予選,4,5034,若林義人,55,19,曇り,北東,2,5,6.62,04,逃げ,4,0.15,1.55.6
江戸川,1,予選,5,4723,寺島吉彦,58,14,曇り,北東,2,5,6.65,05,逃げ,5,0.22,.  .
江戸川,1,予選,6,3596,河上年昭,60,26,曇り,北東,2,5,6.63,06,逃げ,6,0.27,.  .
江戸川,2,予選,5,3075,中村裕将,41,47,曇り,北東,3,5,6.72,01,抜き,5,0.17,1.53.0
江戸川,2,予選,2,4876,梅木敬太,62,11,曇り,北東,3,5,6.67,02,抜き,2,0.21,1.54.0
江戸川,2,予選,1,4917,岩橋裕馬,69,71,曇り,北東,3,5,6.57,03,抜き,1,0.14,1.55.3
江戸川,2,予選,4,5095,小原聡将,35,54,曇り,北東,3,5,6.64,04,抜き,4,0.23,1.55.4
江戸川,2,予選,3,4650,中山雄太,63,32,曇り,北東,3,5,6.60,05,抜き,3,0.19,.  .
江戸川,2,予選,6,4888,金児隆太,65,23,曇り,北東,3,5,6.59,06,抜き,6,0.23,.  .
江戸川,3,予選,1,4228,吉田慎二郎,56,51,曇り,北東,4,5,6.58,01,逃げ,1,0.17,1.50.9
江戸川,3,予選,2,4375,照屋厚仁,47,68,曇り,北東,4,5,6.70,02,逃げ,2,0.21,1.52.1
江戸川,3,予選,5,3947,寺本昇平,39,64,曇り,北東,4,5,6.66,03,逃げ,5,0.27,1.53.7
江戸川,3,予選,4,4483,北野輝季,36,69,曇り,北東,4,5,6.59,04,逃げ,4,0.15,1.55.5
江戸川,3,予選,3,5007,近藤雄一郎,71,59,曇り,北東,4,5,6.70,05,逃げ,3,0.19,.  .
江戸川,3,予選,6,5047,國分将太郎,61,46,曇り,北東,4,5,6.66,06,逃げ,6,0.37,.  .
江戸川,4,予選,2,4505,島田賢人,48,34,曇り,北東,1,10,6.69,01,差し,2,0.06,1.58.0
江戸川,4,予選,1,3220,二橋学,27,38,曇り,北東,1,10,6.66,02,差し,1,0.06,2.01.9
江戸川,4,予選,3,3607,原田智和,23,65,曇り,北東,1,10,6.70,03,差し,3,0.07,2.08.8
江戸川,4,予選,4,4792,杉村賢也,49,13,曇り,北東,1,10,6.82,04,差し,4,0.07,2.11.9
江戸川,5,予選,2,3226,浦田信義,51,28,曇り,東,3,5,6.77,01,差し,2,0.13,1.51.1
江戸川,5,予選,1,4421,森作広大,37,10,曇り,東,3,5,6.82,02,差し,1,0.17,1.53.1
江戸川,5,予選,3,4662,片山雅雄,46,52,曇り,東,3,5,6.76,03,差し,3,0.19,1.53.2
江戸川,5,予選,4,4711,前出達吉,25,27,曇り,東,3,5,6.71,04,差し,4,0.26,1.55.3
江戸川,5,予選,5,3629,浅見昌克,54,12,曇り,東,3,5,6.79,05,差し,5,0.19,.  .
江戸川,5,予選,6,4761,山田晃大,32,58,曇り,東,3,5,6.76,06,差し,6,0.31,.  .
江戸川,6,予選,1,3075,中村裕将,41,47,曇り,東,2,5,6.85,01,逃げ,1,0.14,1.51.4
江戸川,6,予選,2,4793,金子萌,64,21,曇り,東,2,5,6.79,02,逃げ,2,0.18,1.52.1
江戸川,6,予選,3,4809,外崎悟,11,70,曇り,東,2,5,6.74,03,逃げ,3,0.19,1.53.9
江戸川,6,予選,4,4610,佐藤大佑,57,16,曇り,東,2,5,6.91,04,逃げ,4,0.28,1.55.0
江戸川,6,予選,6,4723,寺島吉彦,58,14,曇り,東,2,5,6.71,05,逃げ,6,0.19,.  .
江戸川,6,予選,5,4751,鈴木諒祐,70,63,曇り,東,2,5,6.80,06,逃げ,5,0.15,.  .
江戸川,7,予選,2,4124,池田雄一,67,20,曇り,南東,2,10,6.79,01,差し,2,0.20,1.53.0
江戸川,7,予選,1,4876,梅木敬太,62,11,曇り,南東,2,10,6.89,02,差し,1,0.23,1.54.6
江戸川,7,予選,4,4509,平見真彦,53,43,曇り,南東,2,10,6.95,03,差し,4,0.16,1.54.8
江戸川,7,予選,3,5034,若林義人,55,19,曇り,南東,2,10,6.87,04,差し,3,0.18,1.56.6
江戸川,7,予選,6,4422,永井亮次,34,15,曇り,南東,2,10,6.90,05,差し,5,0.25,.  .
江戸川,7,予選,5,5047,國分将太郎,61,46,曇り,南東,2,10,6.85,06,差し,6,0.26,.  .
江戸川,8,予選,4,3577,向所浩二,13,56,曇り,南東,4,5,6.85,01,抜き,3,0.11,1.55.8
江戸川,8,予選,2,4228,吉田慎二郎,56,51,曇り,南東,4,5,6.90,02,抜き,2,0.16,1.59.1
江戸川,8,予選,6,4409,坂元浩仁,66,37,曇り,南東,4,5,6.95,03,抜き,5,0.07,2.01.7
江戸川,8,予選,5,4779,伊倉光,21,24,曇り,南東,4,5,7.00,04,抜き,4,0.05,2.04.2
江戸川,9,予選特賞,5,4933,板橋侑我,10,40,曇り,無風,0,5,6.93,01,まくり,5,0.07,1.51.5
江戸川,9,予選特賞,2,3629,浅見昌克,54,12,曇り,無風,0,5,7.16,02,まくり,2,0.22,1.53.9
江戸川,9,予選特賞,4,4442,松竹大輔,19,48,曇り,無風,0,5,6.94,03,まくり,4,0.24,1.55.3
江戸川,9,予選特賞,6,4889,後藤盛也,30,53,曇り,無風,0,5,6.93,04,まくり,6,0.14,1.56.8
江戸川,9,予選特賞,1,4650,中山雄太,63,32,曇り,無風,0,5,6.99,05,まくり,1,0.28,.  .
江戸川,9,予選特賞,3,3596,河上年昭,60,26,曇り,無風,0,5,7.03,06,まくり,3,0.25,.  .
江戸川,10,予選特賞,4,4712,冨好祐真,14,31,曇り,南東,2,5,6.90,01,まくり,3,0.11,1.52.6
江戸川,10,予選特賞,5,4793,金子萌,64,21,曇り,南東,2,5,6.90,02,まくり,4,0.09,1.53.8
江戸川,10,予選特賞,2,4483,北野輝季,36,69,曇り,南東,2,5,7.00,03,まくり,1,0.09,1.55.6
江戸川,10,予選特賞,3,3990,芹澤克彦,33,57,曇り,南東,2,5,7.02,04,まくり,2,0.13,1.57.4
江戸川,10,予選特賞,6,4735,角山雄哉,20,66,曇り,南東,2,5,6.99,05,まくり,5,0.16,.  .
江戸川,11,予選特選,1,4509,平見真彦,53,43,曇り,南東,3,5,6.98,01,逃げ,1,0.13,1.52.4
江戸川,11,予選特選,4,4298,宮下元胤,26,67,曇り,南東,3,5,6.93,02,逃げ,4,0.11,1.54.7
江戸川,11,予選特選,2,4421,森作広大,37,10,曇り,南東,3,5,6.99,03,逃げ,2,0.14,1.56.7
江戸川,11,予選特選,5,4375,照屋厚仁,47,68,曇り,南東,3,5,7.02,04,逃げ,5,0.07,1.57.3
江戸川,11,予選特選,3,4792,杉村賢也,49,13,曇り,南東,3,5,7.03,05,逃げ,3,0.09,.  .
江戸川,11,予選特選,6,3838,伊藤啓三,31,55,曇り,南東,3,5,6.95,06,逃げ,6,0.13,.  .
江戸川,12,記者選抜戦,5,3226,浦田信義,51,28,曇り,東,1,5,6.98,01,差し,5,0.15,1.51.6
江戸川,12,記者選抜戦,1,4610,佐藤大佑,57,16,曇り,東,1,5,6.77,02,差し,1,0.19,1.53.3
江戸川,12,記者選抜戦,2,3947,寺本昇平,39,64,曇り,東,1,5,6.92,03,差し,2,0.27,1.54.3
江戸川,12,記者選抜戦,3,4505,島田賢人,48,34,曇り,東,1,5,6.94,04,差し,3,0.28,1.55.5
江戸川,12,記者選抜戦,6,4857,加藤翔馬,15,62,曇り,東,1,5,6.96,05,差し,6,0.20,.  .
江戸川,12,記者選抜戦,4,4888,金児隆太,65,23,曇り,東,1,5,7.00,06,差し,4,0.19,.  .
