レース場,レース番号,レース種別,艇番,登録番号,選手名,モーター番号,ボート番号,天候,風向,風速(m),波高(cm),展示タイム,着順,決まり手,進入,スタートタイミング,レースタイム
大村,1,一般,1,4966,田川大貴,47,64,晴,北西,1,1,6.84,01,逃げ,1,0.12,1.55.0
大村,1,一般,5,4969,町田洸希,61,16,晴,北西,1,1,6.83,02,逃げ,5,0.12,2.00.5
大村,1,一般,3,5055,眞鳥章太,75,53,晴,北西,1,1,6.86,03,逃げ,3,0.12,2.03.5
大村,1,一般,4,5011,高木圭大,71,34,晴,北西,1,1,6.87,04,逃げ,4,0.18,2.04.8
大村,1,一般,6,4299,中島浩哉,73,74,晴,北西,1,1,6.86,05,逃げ,6,0.09,.  .
大村,2,一般,2,5086,本村大,27,47,晴,北西,1,1,6.87,01,抜き,2,0.22,1.48.8
大村,2,一般,1,4248,岡本大,52,27,晴,北西,1,1,6.87,02,抜き,1,0.22,1.49.8
大村,2,一般,6,3777,樋口亮,31,22,晴,北西,1,1,6.83,03,抜き,6,0.23,1.52.4
大村,2,一般,4,3151,落合敬一,37,18,晴,北西,1,1,6.85,04,抜き,4,0.29,1.53.0
大村,2,一般,5,3843,上之晃弘,26,72,晴,北西,1,1,6.80,05,抜き,5,0.19,.  .
大村,2,一般,3,4498,宮本夏樹,63,63,晴,北西,1,1,6.85,06,抜き,3,0.23,.  .
大村,3,一般,1,4315,山崎昂介,29,52,晴,南西,1,1,6.70,01,逃げ,1,0.16,1.49.0
大村,3,一般,2,4213,重富伸也,66,13,晴,南西,1,1,6.76,02,逃げ,2,0.10,1.50.1
大村,3,一般,3,4195,前川守嗣,46,14,晴,南西,1,1,6.88,03,逃げ,3,0.06,1.51.4
大村,3,一般,4,3773,津留浩一郎,50,11,晴,南西,1,1,6.84,04,逃げ,4,0.08,1.52.2
大村,3,一般,5,4155,長野壮志郎,40,58,晴,南西,1,1,6.85,05,逃げ,5,0.06,.  .
大村,3,一般,6,5160,藤森陸斗,15,69,晴,南西,1,1,6.89,06,逃げ,6,0.03,.  .
大村,4,一般,1,3906,飯山晃三,44,59,晴,南,1,1,6.79,01,逃げ,1,0.18,1.49.0
大村,4,一般,3,3527,中嶋誠一郎,69,36,晴,南,1,1,6.89,02,逃げ,3,0.13,1.49.7
大村,4,一般,4,4919,吉田翔悟,14,33,晴,南,1,1,6.87,03,逃げ,4,0.20,1.50.8
大村,4,一般,6,4603,谷川将太,57,25,晴,南,1,1,6.82,04,逃げ,6,0.11,1.51.2
大村,4,一般,2,4747,山戸信二,16,20,晴,南,1,1,6.82,05,逃げ,2,0.19,.  .
大村,4,一般,5,4695,尾崎雄二,20,66,晴,南,1,1,6.82,06,逃げ,5,0.13,.  .
大村,5,一般,1,4513,河野真也,70,57,晴,東,1,1,6.82,01,逃げ,1,0.12,1.47.7
大村,5,一般,2,4241,大串重幸,45,12,晴,東,1,1,6.86,02,逃げ,2,0.15,1.49.6
大村,5,一般,5,4474,渡辺崇,43,38,晴,東,1,1,6.93,03,逃げ,5,0.24,1.51.3
大村,5,一般,3,5011,高木圭大,71,34,晴,東,1,1,6.88,04,逃げ,3,0.15,1.51.4
大村,5,一般,6,4553,坪口竜也,39,28,晴,東,1,1,6.85,05,逃げ,6,0.18,.  .
大村,5,一般,4,3964,宮地博士,23,45,晴,東,1,1,6.92,06,逃げ,4,0.21,.  .
大村,6,一般,4,4523,中村辰也,21,48,晴,東,1,1,6.82,01,まくり,4,0.12,1.47.8
大村,6,一般,1,4259,真庭明志,28,37,晴,東,1,1,6.84,02,まくり,1,0.14,1.49.0
大村,6,一般,3,5086,本村大,27,47,晴,東,1,1,6.88,03,まくり,3,0.18,1.50.8
大村,6,一般,2,4969,町田洸希,61,16,晴,東,1,1,6.84,04,まくり,2,0.17,1.53.1
大村,6,一般,6,5055,眞鳥章太,75,21,晴,東,1,1,6.87,05,まくり,6,0.22,.  .
大村,6,一般,5,3151,落合敬一,37,18,晴,東,1,1,6.90,06,まくり,5,0.16,.  .
大村,7,一般,4,4497,桑原悠,76,75,晴,東,1,1,6.74,01,まくり,4,0.06,1.48.0
大村,7,一般,3,4299,中島浩哉,73,74,晴,東,1,1,6.87,02,まくり,3,0.12,1.49.0
大村,7,一般,1,4171,榎幸司,64,50,晴,東,1,1,6.90,03,まくり,1,0.16,1.51.5
大村,7,一般,5,4248,岡本大,52,27,晴,東,1,1,6.89,04,まくり,5,0.22,1.52.5
大村,7,一般,2,3773,津留浩一郎,50,11,晴,東,1,1,6.81,05,まくり,2,0.13,.  .
大村,7,一般,6,5177,松井貫太,58,71,晴,東,1,1,6.84,06,まくり,6,0.16,.  .
大村,8,一般,1,4566,塩田北斗,67,70,晴,東,1,1,6.83,01,逃げ,1,0.09,1.47.4
大村,8,一般,3,4919,吉田翔悟,14,33,晴,東,1,1,6.87,02,逃げ,3,0.06,1.49.4
大村,8,一般,4,4695,尾崎雄二,20,66,晴,東,1,1,6.83,03,逃げ,4,0.02,1.50.3
大村,8,一般,6,4195,前川守嗣,46,14,晴,東,1,1,6.85,04,逃げ,6,0.03,1.50.8
大村,8,一般,5,4966,田川大貴,47,64,晴,東,1,1,6.87,05,逃げ,5,0.06,.  .
大村,8,一般,2,3777,樋口亮,31,22,晴,東,1,1,6.85,06,逃げ,2,0.15,.  .
大村,9,一般,1,4155,長野壮志郎,40,58,晴,東,1,1,6.84,01,逃げ,1,0.07,1.48.4
大村,9,一般,2,3843,上之晃弘,26,72,晴,東,1,1,6.86,02,逃げ,2,0.09,1.50.1
大村,9,一般,6,4352,下條雄太郎,13,54,晴,東,1,1,6.86,03,逃げ,6,0.13,1.50.7
大村,9,一般,5,4705,吉川勇作,30,32,晴,東,1,1,6.88,04,逃げ,5,0.16,1.51.9
大村,9,一般,4,4603,谷川将太,57,25,晴,東,1,1,6.78,05,逃げ,4,0.14,.  .
大村,9,一般,3,4747,山戸信二,16,20,晴,東,1,1,6.78,06,逃げ,3,0.13,.  .
大村,10,特別選抜Ｂ戦,1,4553,坪口竜也,39,28,晴,南東,1,1,6.83,01,逃げ,1,0.05,1.47.1
大村,10,特別選抜Ｂ戦,2,4523,中村辰也,21,48,晴,南東,1,1,6.81,02,逃げ,2,0.03,1.48.4
大村,10,特別選抜Ｂ戦,4,4171,榎幸司,64,50,晴,南東,1,1,6.87,03,逃げ,4,0.05,1.49.9
大村,10,特別選抜Ｂ戦,3,4513,河野真也,70,57,晴,南東,1,1,6.83,04,逃げ,3,0.02,1.51.0
大村,10,特別選抜Ｂ戦,6,3906,飯山晃三,44,59,晴,南東,1,1,6.87,05,逃げ,6,0.11,.  .
大村,10,特別選抜Ｂ戦,5,4213,重富伸也,66,13,晴,南東,1,1,6.82,06,逃げ,5,0.08,.  .
大村,11,特別選抜Ａ戦,1,4497,桑原悠,76,75,晴,南東,1,1,6.78,01,逃げ,1,0.11,1.47.2
大村,11,特別選抜Ａ戦,2,4259,真庭明志,28,37,晴,南東,1,1,6.82,02,逃げ,2,0.20,1.48.6
大村,11,特別選抜Ａ戦,3,4315,山崎昂介,29,52,晴,南東,1,1,6.77,03,逃げ,3,0.19,1.49.7
大村,11,特別選抜Ａ戦,4,4566,塩田北斗,67,70,晴,南東,1,1,6.83,04,逃げ,4,0.19,1.49.9
大村,11,特別選抜Ａ戦,5,3527,中嶋誠一郎,69,36,晴,南東,1,1,6.89,05,逃げ,5,0.28,.  .
大村,11,特別選抜Ａ戦,6,4241,大串重幸,45,12,晴,南東,1,1,6.86,06,逃げ,6,0.25,.  .
大村,12,優勝戦,2,4715,村上遼,36,24,晴,東,1,1,6.82,01,まくり差し,3,0.10,1.46.6
大村,12,優勝戦,4,4070,中村亮太,32,68,晴,東,1,1,6.76,02,まくり差し,1,0.06,1.48.3
大村,12,優勝戦,3,4522,古澤光紀,34,31,晴,東,1,1,6.79,03,まくり差し,4,0.11,1.49.7
大村,12,優勝戦,5,4096,石橋道友,72,17,晴,東,1,1,6.76,04,まくり差し,5,0.14,1.50.3
大村,12,優勝戦,1,3779,原田幸哉,17,19,晴,東,1,1,6.84,05,まくり差し,2,0.14,.  .
大村,12,優勝戦,6,4424,松尾昂明,60,61,晴,東,1,1,6.78,06,まくり差し,6,0.18,.  .
唐津,1,朝１戦予選,5,4873,蒲原健太,34,55,晴,南西,3,3,6.60,01,まくり,5,0.05,1.47.7
唐津,1,朝１戦予選,2,3508,久富政弘,51,35,晴,南西,3,3,6.63,02,まくり,2,0.09,1.49.7
唐津,1,朝１戦予選,1,4531,武富智亮,27,41,晴,南西,3,3,6.61,03,まくり,1,0.17,1.51.9
唐津,1,朝１戦予選,4,4552,杉山勝匡,33,63,晴,南西,3,3,6.72,04,まくり,4,0.07,1.52.9
唐津,1,朝１戦予選,6,3153,前川竜次,59,71,晴,南西,3,3,6.69,05,まくり,6,0.23,1.54.2
唐津,1,朝１戦予選,3,5124,上瀧絢也,35,40,晴,南西,3,3,6.68,06,まくり,3,0.13,1.58.0
唐津,2,モー２ング予,2,4320,峰竜太,46,65,晴,南西,3,3,6.61,01,まくり,2,0.14,1.47.4
唐津,2,モー２ング予,3,4981,牧山敦也,25,52,晴,南西,3,3,6.68,02,まくり,3,0.15,1.49.0
唐津,2,モー２ング予,4,4949,横田貴満,71,36,晴,南西,3,3,6.67,03,まくり,4,0.21,1.50.0
唐津,2,モー２ング予,1,4006,小野勇作,15,86,晴,南西,3,3,6.62,04,まくり,1,0.19,1.50.8
唐津,2,モー２ング予,5,3974,深山祐二,47,62,晴,南西,3,3,6.63,05,まくり,5,0.22,1.53.7
唐津,2,モー２ング予,6,5214,田中宏典,55,34,晴,南西,3,3,6.64,06,まくり,6,0.31,1.54.9
唐津,3,３ライズ戦予,3,3284,渡邊伸太郎,68,37,晴,南西,3,3,6.63,01,まくり差し,3,0.11,1.47.5
唐津,3,３ライズ戦予,1,4072,森永淳,31,75,晴,南西,3,3,6.57,02,まくり差し,1,0.11,1.49.8
唐津,3,３ライズ戦予,4,4106,坂井康嗣,16,60,晴,南西,3,3,6.62,03,まくり差し,4,0.21,1.51.2
唐津,3,３ライズ戦予,6,4879,山崎鉄平,43,85,晴,南西,3,3,6.64,04,まくり差し,6,0.19,1.52.4
唐津,3,３ライズ戦予,5,3617,竹田広樹,60,58,晴,南西,3,3,6.66,05,まくり差し,5,0.19,1.53.6
唐津,3,３ライズ戦予,2,3051,山口俊英,54,68,晴,南西,3,3,6.61,06,まくり差し,2,0.17,1.55.7
唐津,4,おは４戦予選,2,3522,長溝一生,18,72,晴,南西,3,3,6.59,01,まくり,2,0.19,1.49.3
唐津,4,おは４戦予選,3,4027,松江秀徳,39,47,晴,南西,3,3,6.68,02,まくり,3,0.15,1.49.9
唐津,4,おは４戦予選,5,4515,藤田浩人,67,83,晴,南西,3,3,6.62,03,まくり,5,0.21,1.51.1
唐津,4,おは４戦予選,4,3471,赤峰和也,36,56,晴,南西,3,3,6.68,04,まくり,4,0.24,1.51.6
唐津,4,おは４戦予選,1,4112,大久保信一郎,48,67,晴,南西,3,3,6.59,05,まくり,1,0.29,1.53.1
唐津,4,おは４戦予選,6,3989,熊本英一,17,80,晴,南西,3,3,6.74,06,まくり,6,0.22,1.55.4
唐津,5,予選,3,4101,三井所尊春,11,61,晴,南西,3,3,6.58,01,まくり差し,3,0.25,1.48.3
唐津,5,予選,4,4531,武富智亮,27,41,晴,南西,3,3,6.64,02,まくり差し,4,0.16,1.49.2
唐津,5,予選,1,4092,岡部大輔,56,76,晴,南西,3,3,6.61,03,まくり差し,1,0.21,1.50.3
唐津,5,予選,6,3998,冨成謙児,69,74,晴,南西,3,3,6.65,04,まくり差し,6,0.17,1.51.7
唐津,5,予選,5,4500,山田康二,37,31,晴,南西,3,3,6.67,05,まくり差し,5,0.16,1.52.6
唐津,5,予選,2,3211,北川敏弘,38,78,晴,南西,3,3,6.60,06,まくり差し,2,0.32,1.55.7
唐津,6,予選,2,4624,高田明,49,64,晴,南西,1,1,6.60,01,まくり,3,0.04,1.47.4
唐津,6,予選,6,4718,北川太一,41,57,晴,南西,1,1,6.57,02,まくり,6,0.12,1.47.8
唐津,6,予選,5,3307,上瀧和則,74,87,晴,南西,1,1,6.58,03,まくり,2,0.27,1.50.7
唐津,6,予選,1,4822,百武翔,58,42,晴,南西,1,1,6.65,04,まくり,1,0.09,1.51.6
唐津,6,予選,3,3153,前川竜次,59,71,晴,南西,1,1,6.71,05,まくり,4,0.15,1.51.8
唐津,6,予選,4,5118,野田なづき,32,70,晴,南西,1,1,6.68,06,まくり,5,0.15,1.54.9
唐津,7,予選,3,4072,森永淳,31,75,晴,南東,1,1,6.65,01,まくり差し,4,0.12,1.47.5
唐津,7,予選,6,3224,栗山繁洋,42,73,晴,南東,1,1,6.64,02,まくり差し,1,0.08,1.49.2
唐津,7,予選,1,4994,山本梨菜,14,81,晴,南東,1,1,6.72,03,まくり差し,2,0.07,1.50.8
唐津,7,予選,4,4503,上野真之介,24,88,晴,南東,1,1,6.76,04,まくり差し,5,0.22,1.52.4
唐津,7,予選,5,4981,牧山敦也,25,52,晴,南東,1,1,6.72,05,まくり差し,6,0.17,1.53.2
唐津,7,予選,2,5124,上瀧絢也,35,40,晴,南東,1,1,6.67,06,まくり差し,3,0.08,1.54.8
唐津,8,予選,2,5084,末永和也,73,48,晴,北東,3,3,6.62,01,まくり差し,3,0.11,1.48.4
唐津,8,予選,1,3471,赤峰和也,36,56,晴,北東,3,3,6.69,02,まくり差し,1,0.15,1.49.9
唐津,8,予選,4,3623,深川真二,53,77,晴,北東,3,3,6.66,03,まくり差し,2,0.12,1.50.2
唐津,8,予選,6,3508,久富政弘,51,35,晴,北東,3,3,6.72,04,まくり差し,6,0.14,1.51.4
唐津,8,予選,3,3459,中野和裕,50,53,晴,北東,3,3,6.61,05,まくり差し,4,0.08,1.53.2
唐津,8,予選,5,3051,山口俊英,54,68,晴,北東,3,3,6.70,06,まくり差し,5,0.11,1.55.6
唐津,9,予選,2,4027,松江秀徳,39,47,晴,北東,3,3,6.74,01,差し,2,0.08,1.48.2
唐津,9,予選,3,4092,岡部大輔,56,76,晴,北東,3,3,6.74,02,差し,3,0.09,1.49.3
唐津,9,予選,6,4552,杉山勝匡,33,63,晴,北東,3,3,6.75,03,差し,5,0.09,1.50.8
唐津,9,予選,1,4196,田中太一郎,28,51,晴,北東,3,3,6.71,04,差し,1,0.15,1.51.6
唐津,9,予選,4,5142,常住蓮,62,49,晴,北東,3,3,6.75,05,差し,4,0.05,1.52.1
唐津,9,予選,5,5214,田中宏典,55,34,晴,北東,3,3,6.71,06,差し,6,0.15,1.54.3
唐津,10,予選特賞,4,4624,高田明,49,64,晴,北東,2,2,6.64,01,まくり,4,0.01,1.47.6
唐津,10,予選特賞,5,3522,長溝一生,18,72,晴,北東,2,2,6.71,02,まくり,5,0.02,1.49.9
唐津,10,予選特賞,1,4294,古賀繁輝,23,46,晴,北東,2,2,6.67,03,まくり,1,0.05,1.50.6
唐津,10,予選特賞,6,4873,蒲原健太,34,55,晴,北東,2,2,6.58,04,まくり,6,0.01,1.52.4
唐津,10,予選特賞,2,5014,梶山涼斗,29,43,晴,北東,2,2,6.60,05,まくり,2,0.04,1.53.9
唐津,10,予選特賞,3,3617,竹田広樹,60,58,晴,北東,2,2,6.71,06,まくり,3,0.09,1.54.0
唐津,11,予選特選,2,4445,宮地元輝,72,66,晴,北東,3,3,6.64,01,まくり差し,4,0.12,1.48.0
唐津,11,予選特選,3,3307,上瀧和則,74,87,晴,北東,3,3,6.58,02,まくり差し,2,0.12,1.49.9
唐津,11,予選特選,6,3284,渡邊伸太郎,68,37,晴,北東,3,3,6.73,03,まくり差し,3,0.09,1.51.1
唐津,11,予選特選,4,4112,大久保信一郎,48,67,晴,北東,3,3,6.57,04,まくり差し,5,0.14,1.52.1
唐津,11,予選特選,1,4949,横田貴満,71,36,晴,北東,3,3,6.64,05,まくり差し,1,0.15,1.53.6
唐津,11,予選特選,5,3998,冨成謙児,69,74,晴,北東,3,3,6.67,06,まくり差し,6,0.19,1.54.7
唐津,12,選抜戦（Ａ）,5,4320,峰竜太,46,65,晴,北東,3,3,6.67,01,まくり差し,4,0.13,1.47.1
唐津,12,選抜戦（Ａ）,1,4503,上野真之介,24,88,晴,北東,3,3,6.73,02,まくり差し,1,0.14,1.48.9
唐津,12,選抜戦（Ａ）,2,4515,藤田浩人,67,83,晴,北東,3,3,6.71,03,まくり差し,2,0.14,1.49.7
唐津,12,選抜戦（Ａ）,6,5084,末永和也,73,48,晴,北東,3,3,6.76,04,まくり差し,6,0.12,1.50.7
唐津,12,選抜戦（Ａ）,3,4822,百武翔,58,42,晴,北東,3,3,6.70,05,まくり差し,3,0.12,1.52.9
唐津,12,選抜戦（Ａ）,4,4101,三井所尊春,11,61,晴,北東,3,3,6.67,06,まくり差し,5,0.15,1.55.4
芦屋,1,予選,1,3783,瓜生正義,13,37,晴,無風,0,1,6.67,01,逃げ,1,0.15,1.44.7
芦屋,1,予選,3,5022,伊藤尚汰,46,74,晴,無風,0,1,6.67,02,逃げ,3,0.17,1.48.1
芦屋,1,予選,4,4866,橋本英一,55,44,晴,無風,0,1,6.66,03,逃げ,4,0.31,1.48.5
芦屋,1,予選,6,3734,宮田政勝,22,27,晴,無風,0,1,6.68,04,逃げ,5,0.27,1.49.6
芦屋,1,予選,2,4632,長尾京志郎,9,36,晴,無風,0,1,6.69,05,逃げ,2,0.19,.  .
芦屋,1,予選,5,5198,奥村明日香,15,72,晴,無風,0,1,6.69,06,逃げ,6,0.51,.  .
芦屋,2,予選,1,4802,中田達也,44,20,晴,無風,0,1,6.70,01,逃げ,1,0.08,1.45.2
芦屋,2,予選,2,4395,下河雅史,30,12,晴,無風,0,1,6.70,02,逃げ,2,0.17,1.47.5
芦屋,2,予選,4,4256,渡辺浩司,51,38,晴,無風,0,1,6.69,03,逃げ,4,0.19,1.50.1
芦屋,2,予選,5,3564,桑原啓,24,73,晴,無風,0,1,6.68,04,逃げ,5,0.18,1.50.8
芦屋,2,予選,3,3851,森田昭彦,41,68,晴,無風,0,1,6.74,05,逃げ,3,0.21,.  .
芦屋,2,予選,6,5200,筒井美琴,37,29,晴,無風,0,1,6.76,06,逃げ,6,0.34,.  .
芦屋,3,予選,3,4148,枝尾賢,8,51,晴,南,1,1,6.77,01,まくり差し,3,0.12,1.46.4
芦屋,3,予選,1,3853,岩崎正哉,19,46,晴,南,1,1,6.68,02,まくり差し,1,0.14,1.46.9
芦屋,3,予選,5,4588,田中京介,25,11,晴,南,1,1,6.68,03,まくり差し,6,0.18,1.48.8
芦屋,3,予選,6,4506,稗田聖也,14,45,晴,南,1,1,6.70,04,まくり差し,5,0.09,1.48.8
芦屋,3,予選,4,5008,羽野諒,34,31,晴,南,1,1,6.71,05,まくり差し,4,0.12,.  .
芦屋,3,予選,2,3604,武藤綾子,17,13,晴,南,1,1,6.70,06,まくり差し,2,0.16,.  .
芦屋,4,予選,1,4296,岡崎恭裕,53,30,晴,南,1,1,6.70,01,逃げ,1,0.13,1.47.2
芦屋,4,予選,4,4193,郷原章平,7,19,晴,南,1,1,6.67,02,逃げ,4,0.14,1.48.0
芦屋,4,予選,2,4932,新開航,45,66,晴,南,1,1,6.70,03,逃げ,2,0.12,1.49.0
芦屋,4,予選,5,4958,溝口海義也,54,42,晴,南,1,1,6.68,04,逃げ,5,0.16,1.50.4
芦屋,4,予選,3,3627,井上恵一,5,48,晴,南,1,1,6.73,05,逃げ,3,0.14,.  .
芦屋,4,予選,6,5227,川原愛未,59,54,晴,南,1,1,6.72,06,逃げ,6,0.19,.  .
芦屋,5,予選,1,4551,三川昂暁,10,15,晴,南,1,1,6.63,01,逃げ,1,0.21,1.46.6
芦屋,5,予選,4,4545,岡村慶太,42,49,晴,南,1,1,6.68,02,逃げ,4,0.16,1.48.5
芦屋,5,予選,3,4189,川上剛,36,40,晴,南,1,1,6.68,03,逃げ,3,0.14,1.50.4
芦屋,5,予選,5,5131,江藤敦宏,48,34,晴,南,1,1,6.67,04,逃げ,5,0.19,1.52.2
芦屋,5,予選,6,5193,米丸乃絵,43,64,晴,南,1,1,6.69,05,逃げ,6,0.25,.  .
芦屋,5,予選,2,4866,橋本英一,55,44,晴,南,1,1,6.65,06,逃げ,2,0.19,.  .
芦屋,6,予選,2,3473,石川真二,28,16,晴,南,1,1,6.67,01,逃げ,1,0.07,1.45.5
芦屋,6,予選,1,4555,富永大一,62,71,晴,南,1,1,6.68,02,逃げ,2,0.13,1.47.4
芦屋,6,予選,3,4607,鶴田勇雄,35,55,晴,南,1,1,6.71,03,逃げ,3,0.19,1.48.9
芦屋,6,予選,5,3851,森田昭彦,41,68,晴,南,1,1,6.73,04,逃げ,4,0.09,1.50.7
芦屋,6,予選,6,2903,山崎毅,52,32,晴,南,1,1,6.77,05,逃げ,6,0.09,.  .
芦屋,6,予選,4,5029,中亮太,50,65,晴,南,1,1,6.77,06,逃げ,5,0.03,.  .
芦屋,7,予選,1,3188,日高逸子,60,39,晴,南,1,1,6.60,01,逃げ,1,0.19,1.47.0
芦屋,7,予選,3,3604,武藤綾子,17,13,晴,南,1,1,6.69,02,逃げ,3,0.21,1.48.7
芦屋,7,予選,2,5117,冨名腰桃奈,27,17,晴,南,1,1,6.67,03,逃げ,2,0.23,1.49.7
芦屋,7,予選,4,5144,中尾彩香,38,22,晴,南,1,1,6.73,04,逃げ,4,0.25,1.51.7
芦屋,7,予選,5,5200,筒井美琴,37,29,晴,南,1,1,6.76,05,逃げ,5,0.44,.  .
芦屋,7,予選,6,5198,奥村明日香,15,72,晴,南,1,1,6.67,06,逃げ,6,0.47,.  .
芦屋,8,予選,1,4640,山ノ内雅人,2,43,晴,北,3,3,6.67,01,逃げ,1,0.05,1.45.8
芦屋,8,予選,4,4296,岡崎恭裕,53,30,晴,北,3,3,6.69,02,逃げ,4,0.11,1.48.4
芦屋,8,予選,3,4506,稗田聖也,14,45,晴,北,3,3,6.71,03,逃げ,3,0.07,1.49.3
芦屋,8,予選,6,4684,楠原翔太,20,63,晴,北,3,3,6.74,04,逃げ,6,0.12,1.50.1
芦屋,8,予選,2,3564,桑原啓,24,73,晴,北,3,3,6.72,05,逃げ,2,0.08,.  .
芦屋,8,予選,5,4632,長尾京志郎,9,36,晴,北,3,3,6.78,06,逃げ,5,0.12,.  .
芦屋,9,予選,1,4607,鶴田勇雄,35,55,晴,北西,2,2,6.73,01,抜き,1,0.19,1.47.8
芦屋,9,予選,2,4189,川上剛,36,40,晴,北西,2,2,6.72,02,抜き,2,0.12,1.49.7
芦屋,9,予選,4,4958,溝口海義也,54,42,晴,北西,2,2,6.70,03,抜き,4,0.07,1.50.2
芦屋,9,予選,6,5022,伊藤尚汰,46,74,晴,北西,2,2,6.71,04,抜き,6,0.11,1.52.0
芦屋,9,予選,3,4802,中田達也,44,20,晴,北西,2,2,6.72,05,抜き,3,0.08,.  .
芦屋,9,予選,5,5008,羽野諒,34,31,晴,北西,2,2,6.76,06,抜き,5,0.09,.  .
芦屋,10,予選,1,4614,石倉洋行,33,67,晴,北,2,2,6.68,01,逃げ,1,0.07,1.46.3
芦屋,10,予選,2,3783,瓜生正義,13,37,晴,北,2,2,6.68,02,逃げ,2,0.09,1.46.8
芦屋,10,予選,3,4555,富永大一,62,71,晴,北,2,2,6.69,03,逃げ,3,0.15,1.49.2
芦屋,10,予選,4,3853,岩崎正哉,19,46,晴,北,2,2,6.74,04,逃げ,4,0.16,1.50.5
芦屋,10,予選,6,5117,冨名腰桃奈,27,17,晴,北,2,2,6.71,05,逃げ,6,0.27,.  .
芦屋,10,予選,5,3627,井上恵一,5,48,晴,北,2,2,6.72,06,逃げ,5,0.17,.  .
芦屋,11,予選特選,1,4588,田中京介,25,11,晴,北,3,3,6.71,01,逃げ,1,0.07,1.46.0
芦屋,11,予選特選,4,4551,三川昂暁,10,15,晴,北,3,3,6.71,02,逃げ,4,0.11,1.47.4
芦屋,11,予選特選,3,3734,宮田政勝,22,27,晴,北,3,3,6.72,03,逃げ,3,0.11,1.48.7
芦屋,11,予選特選,2,4256,渡辺浩司,51,38,晴,北,3,3,6.75,04,逃げ,2,0.08,1.50.3
芦屋,11,予選特選,5,3188,日高逸子,60,39,晴,北,3,3,6.70,05,逃げ,5,0.08,.  .
芦屋,11,予選特選,6,4193,郷原章平,7,19,晴,北,3,3,6.69,06,逃げ,6,0.07,.  .
芦屋,12,あしや特選,3,4545,岡村慶太,42,49,晴,北西,2,2,6.67,01,まくり差し,3,0.11,1.45.7
芦屋,12,あしや特選,1,4148,枝尾賢,8,51,晴,北西,2,2,6.75,02,まくり差し,1,0.10,1.47.6
芦屋,12,あしや特選,5,4932,新開航,45,66,晴,北西,2,2,6.69,03,まくり差し,5,0.12,1.49.3
芦屋,12,あしや特選,6,4395,下河雅史,30,12,晴,北西,2,2,6.75,04,まくり差し,6,0.18,1.49.6
芦屋,12,あしや特選,2,5029,中亮太,50,65,晴,北西,2,2,6.73,05,まくり差し,2,0.11,.  .
芦屋,12,あしや特選,4,4640,山ノ内雅人,2,43,晴,北西,2,2,6.76,06,まくり差し,4,0.09,.  .
若松,1,一般戦,1,5104,山田丈,30,67,晴,北,2,2,6.74,01,逃げ,1,0.03,1.48.8
若松,1,一般戦,2,4314,青木幸太郎,56,11,晴,北,2,2,6.81,02,逃げ,2,0.08,1.49.8
若松,1,一般戦,5,4143,浦田晃嗣,42,72,晴,北,2,2,6.79,03,逃げ,5,0.01,1.51.8
若松,1,一般戦,3,4724,吉田祐貴,54,19,晴,北,2,2,6.81,04,逃げ,3,0.07,1.52.7
若松,1,一般戦,4,4874,池田奈津美,35,48,晴,北,2,2,6.84,05,逃げ,4,0.08,.  .
若松,1,一般戦,6,4046,谷村啓司,21,34,晴,北,2,2,6.78,06,逃げ,6,0.11,.  .
若松,2,一般戦,4,3930,岸本隆,39,47,晴,北,1,1,6.80,01,恵まれ,4,0.09,1.48.6
若松,2,一般戦,6,3352,小川晃司,41,41,晴,北,1,1,6.83,02,恵まれ,6,0.04,1.50.2
若松,2,一般戦,3,4652,酒見峻介,2,66,晴,北,1,1,6.72,03,恵まれ,3,0.01,1.50.6
若松,2,一般戦,5,4878,西岡育未,24,69,晴,北,1,1,6.75,04,恵まれ,5,0.07,1.50.9
若松,3,一般戦,1,4329,小松卓司,57,64,晴,北,1,1,6.71,01,逃げ,1,0.06,1.47.7
若松,3,一般戦,5,4288,永田啓二,10,40,晴,北,1,1,6.79,02,逃げ,5,0.08,1.49.8
若松,3,一般戦,4,4336,松田竜馬,58,33,晴,北,1,1,6.79,03,逃げ,4,0.15,1.50.9
若松,3,一般戦,3,4661,中島昂章,14,56,晴,北,1,1,6.79,04,逃げ,3,0.15,1.52.4
若松,3,一般戦,2,4596,葛原大陽,5,74,晴,北,1,1,6.78,05,逃げ,2,0.18,.  .
若松,3,一般戦,6,5123,福山恵里奈,36,28,晴,北,1,1,6.74,06,逃げ,6,0.15,.  .
若松,4,一般戦,2,5028,原田才一郎,40,27,晴,北,2,2,6.73,01,まくり,2,0.21,1.48.2
若松,4,一般戦,3,4287,今井貴士,46,37,晴,北,2,2,6.84,02,まくり,3,0.16,1.49.1
若松,4,一般戦,4,4831,羽野直也,22,16,晴,北,2,2,6.83,03,まくり,4,0.15,1.50.9
若松,4,一般戦,1,3708,岡部貴司,7,52,晴,北,2,2,6.86,04,まくり,1,0.19,1.51.7
若松,4,一般戦,6,5155,内山七海,8,57,晴,北,2,2,6.70,05,まくり,6,0.05,.  .
若松,4,一般戦,5,5111,三村岳人,27,54,晴,北,2,2,6.80,06,まくり,5,0.11,.  .
若松,5,進入固定戦隊,1,4736,高倉和士,20,65,晴,北,2,2,6.81,01,逃げ,1,0.09,1.47.8
若松,5,進入固定戦隊,4,4848,仲谷颯仁,44,20,晴,北,2,2,6.74,02,逃げ,4,0.09,1.49.2
若松,5,進入固定戦隊,2,4413,水摩敦,4,62,晴,北,2,2,6.73,03,逃げ,2,0.11,1.51.1
若松,5,進入固定戦隊,3,4272,大場広孝,31,58,晴,北,2,2,6.81,04,逃げ,3,0.12,1.52.9
若松,5,進入固定戦隊,5,4765,野田部宏子,18,26,晴,北,2,2,6.82,05,逃げ,5,0.08,.  .
若松,5,進入固定戦隊,6,5148,松本怜,51,23,晴,北,2,2,6.77,06,逃げ,6,0.16,.  .
若松,6,一般戦,5,4314,青木幸太郎,56,11,晴,無風,0,1,6.77,01,まくり,4,0.13,1.48.7
若松,6,一般戦,6,3919,村上純,48,29,晴,無風,0,1,6.86,02,まくり,1,0.14,1.49.9
若松,6,一般戦,3,3576,白水勝也,11,49,晴,無風,0,1,6.76,03,まくり,2,0.38,1.51.4
若松,6,一般戦,2,3506,宮西真昭,33,75,晴,無風,0,1,6.77,04,まくり,3,0.23,1.52.9
若松,6,一般戦,4,5192,中尾優香,16,44,晴,無風,0,1,6.73,05,まくり,5,0.08,.  .
若松,7,一般戦,1,3930,岸本隆,39,47,晴,無風,0,1,6.77,01,逃げ,1,0.05,1.47.9
若松,7,一般戦,4,4371,西山貴浩,28,45,晴,無風,0,1,6.77,02,逃げ,5,0.15,1.49.2
若松,7,一般戦,3,3662,大庭元明,6,21,晴,無風,0,1,6.74,03,逃げ,3,0.21,1.50.8
若松,7,一般戦,6,3574,大神康司,23,59,晴,無風,0,1,6.79,04,逃げ,4,0.11,1.52.5
若松,7,一般戦,5,5189,藤原早菜,26,14,晴,無風,0,1,6.74,05,逃げ,6,0.28,.  .
若松,7,一般戦,2,4204,柴田大輔,55,22,晴,無風,0,1,6.70,06,逃げ,2,0.29,.  .
若松,8,エイトビート,1,4571,菅章哉,49,68,晴,無風,0,1,6.64,01,逃げ,1,0.12,1.47.8
若松,8,エイトビート,2,4143,浦田晃嗣,42,72,晴,無風,0,1,6.72,02,逃げ,2,0.11,1.49.5
若松,8,エイトビート,3,4596,葛原大陽,5,74,晴,無風,0,1,6.79,03,逃げ,3,0.12,1.50.6
若松,8,エイトビート,6,3551,藤田美代,32,32,晴,無風,0,1,6.72,04,逃げ,6,0.23,1.52.0
若松,8,エイトビート,5,4661,中島昂章,14,56,晴,無風,0,1,6.76,05,逃げ,5,0.26,.  .
若松,8,エイトビート,4,5104,山田丈,30,67,晴,無風,0,1,6.74,06,逃げ,4,0.25,.  .
若松,9,準優勝戦,1,4831,羽野直也,22,16,晴,無風,0,1,6.74,01,恵まれ,1,0.11,1.49.0
若松,9,準優勝戦,2,4336,松田竜馬,58,33,晴,無風,0,1,6.78,02,恵まれ,2,0.06,1.50.5
若松,9,準優勝戦,5,3352,小川晃司,41,41,晴,無風,0,1,6.81,03,恵まれ,6,0.10,1.50.8
若松,9,準優勝戦,4,4272,大場広孝,31,58,晴,無風,0,1,6.80,04,恵まれ,4,0.13,1.52.8
若松,9,準優勝戦,6,4329,小松卓司,57,64,晴,無風,0,1,6.75,05,恵まれ,5,0.13,.  .
若松,10,準優勝戦,3,4848,仲谷颯仁,44,20,晴,無風,0,1,6.72,01,恵まれ,3,0.11,1.47.9
若松,10,準優勝戦,2,4288,永田啓二,10,40,晴,無風,0,1,6.75,02,恵まれ,2,0.11,1.49.6
若松,10,準優勝戦,5,5028,原田才一郎,40,27,晴,無風,0,1,6.74,03,恵まれ,6,0.11,1.51.3
若松,10,準優勝戦,1,3576,白水勝也,11,49,晴,無風,0,1,6.76,04,恵まれ,1,0.11,1.51.3
若松,10,準優勝戦,4,3708,岡部貴司,7,52,晴,無風,0,1,6.83,05,恵まれ,4,0.14,.  .
若松,11,準優勝戦,1,4371,西山貴浩,28,45,晴,無風,0,1,6.74,01,逃げ,1,0.03,1.47.5
若松,11,準優勝戦,4,4736,高倉和士,20,65,晴,無風,0,1,6.79,02,逃げ,4,0.14,1.48.3
若松,11,準優勝戦,3,4571,菅章哉,49,68,晴,無風,0,1,6.69,03,逃げ,3,0.09,1.49.1
若松,11,準優勝戦,6,4734,安河内将,25,17,晴,無風,0,1,6.76,04,逃げ,6,0.19,1.51.3
若松,11,準優勝戦,5,4287,今井貴士,46,37,晴,無風,0,1,6.78,05,逃げ,5,0.13,.  .
若松,11,準優勝戦,2,3662,大庭元明,6,21,晴,無風,0,1,6.75,06,逃げ,2,0.09,.  .
若松,12,一般戦,3,4878,西岡育未,24,69,晴,無風,0,1,6.70,01,まくり差し,3,0.21,1.48.5
若松,12,一般戦,1,4765,野田部宏子,18,26,晴,無風,0,1,6.77,02,まくり差し,1,0.18,1.50.8
若松,12,一般戦,2,4874,池田奈津美,35,48,晴,無風,0,1,6.80,03,まくり差し,2,0.24,1.51.9
若松,12,一般戦,5,3551,藤田美代,32,32,晴,無風,0,1,6.73,04,まくり差し,5,0.18,1.52.8
若松,12,一般戦,4,5123,福山恵里奈,36,28,晴,無風,0,1,6.69,05,まくり差し,4,0.15,.  .
若松,12,一般戦,6,5192,中尾優香,16,44,晴,無風,0,1,6.74,06,まくり差し,6,0.17,.  .
下関,1,予選,1,4158,木場雄二郎,60,36,晴,南西,4,4,6.65,01,逃げ,1,0.23,1.48.3
下関,1,予選,6,4839,四宮与寛,39,20,晴,南西,4,4,6.68,02,逃げ,5,0.23,1.49.9
下関,1,予選,2,4567,上村慎太郎,73,46,晴,南西,4,4,6.67,03,逃げ,2,0.27,1.51.9
下関,1,予選,4,4014,片岡恵里,52,18,晴,南西,4,4,6.60,04,逃げ,4,0.24,1.52.3
下関,1,予選,3,3357,福島陽子,62,65,晴,南西,4,4,6.68,05,逃げ,3,0.24,.  .
下関,1,予選,5,5180,藤本紗弥香,70,52,晴,南西,4,4,6.68,06,逃げ,6,0.25,.  .
下関,2,予選,2,3994,茶谷桜,32,22,晴,南西,3,3,6.62,01,まくり,2,0.07,1.47.4
下関,2,予選,5,5027,重冨勇哉,34,49,晴,南西,3,3,6.63,02,まくり,5,0.01,1.49.4
下関,2,予選,6,4167,片岡秀樹,14,28,晴,南西,3,3,6.64,03,まくり,6,0.08,1.50.7
下関,2,予選,3,4007,榮田将彦,18,14,晴,南西,3,3,6.69,04,まくり,3,0.02,1.51.8
下関,2,予選,1,5064,品川二千翔,19,16,晴,南西,3,3,6.66,05,まくり,1,0.18,.  .
下関,2,予選,4,5145,島川海輝,49,56,晴,南西,3,3,6.63,06,まくり,4,0.08,.  .
下関,3,予選,2,4002,古結宏,44,64,晴,南西,4,4,6.68,01,差し,2,0.23,1.47.9
下関,3,予選,1,3875,廣中良一,38,47,晴,南西,4,4,6.74,02,差し,1,0.19,1.50.2
下関,3,予選,4,4239,竹田辰也,31,42,晴,南西,4,4,6.59,03,差し,4,0.18,1.50.6
下関,3,予選,3,4264,長尾章平,68,27,晴,南西,4,4,6.65,04,差し,3,0.22,1.53.2
下関,3,予選,5,4041,小林基樹,27,67,晴,南西,4,4,6.64,05,差し,5,0.27,.  .
下関,3,予選,6,5231,寺田空詩,63,63,晴,南西,4,4,6.66,06,差し,6,0.33,.  .
下関,4,予選,1,3714,梶原正,67,13,晴,南西,3,3,6.70,01,逃げ,1,0.09,1.48.0
下関,4,予選,4,4648,木村亮太,29,17,晴,南西,3,3,6.67,02,逃げ,4,0.11,1.48.7
下関,4,予選,6,5163,清水愛海,36,54,晴,南西,3,3,6.60,03,逃げ,5,0.12,1.50.8
下関,4,予選,3,4179,広次修,13,55,晴,南西,3,3,6.67,04,逃げ,3,0.09,1.51.5
下関,4,予選,2,4302,西野翔太,56,53,晴,南西,3,3,6.61,05,逃げ,2,0.11,.  .
下関,4,予選,5,4263,武重雄介,37,39,晴,南西,3,3,6.76,06,逃げ,6,0.14,.  .
下関,5,予選,1,4896,花本剛,28,21,晴,北西,1,1,6.73,01,逃げ,1,0.12,1.48.0
下関,5,予選,5,4817,渡邉翼,17,58,晴,北西,1,1,6.67,02,逃げ,5,0.13,1.48.9
下関,5,予選,2,4064,原田篤志,45,71,晴,北西,1,1,6.66,03,逃げ,2,0.12,1.50.5
下関,5,予選,4,4151,下河誉史,33,66,晴,北西,1,1,6.73,04,逃げ,4,0.26,1.50.8
下関,5,予選,3,4000,松本博昭,16,40,晴,北西,1,1,6.73,05,逃げ,3,0.12,.  .
下関,5,予選,6,4383,竹田吉行,69,34,晴,北西,1,1,6.69,06,逃げ,6,0.13,.  .
下関,6,予選,5,4173,岡谷健吾,72,59,晴,北,1,1,6.61,01,抜き,5,0.15,1.47.9
下関,6,予選,1,2930,新良一規,53,44,晴,北,1,1,6.69,02,抜き,1,0.13,1.48.9
下関,6,予選,4,3961,谷村一哉,40,38,晴,北,1,1,6.72,03,抜き,4,0.12,1.49.9
下関,6,予選,2,5027,重冨勇哉,34,49,晴,北,1,1,6.70,04,抜き,2,0.12,1.51.9
下関,6,予選,6,5180,藤本紗弥香,70,52,晴,北,1,1,6.66,05,抜き,6,0.26,.  .
下関,6,予選,3,4425,大井清貴,51,26,晴,北,1,1,6.69,06,抜き,3,0.23,.  .
下関,7,ふく～る特賞,1,4601,森野正弘,65,23,晴,南西,2,2,6.59,01,逃げ,1,0.16,1.48.1
下関,7,ふく～る特賞,5,4264,長尾章平,68,27,晴,南西,2,2,6.66,02,逃げ,5,0.15,1.48.7
下関,7,ふく～る特賞,2,4853,前原哉,25,62,晴,南西,2,2,6.61,03,逃げ,2,0.17,1.49.4
下関,7,ふく～る特賞,4,5172,田村慶,46,25,晴,南西,2,2,6.70,04,逃げ,4,0.15,1.52.3
下関,7,ふく～る特賞,3,4704,河野大,66,19,晴,南西,2,2,6.69,05,逃げ,3,0.14,.  .
下関,7,ふく～る特賞,6,3709,田中浩之,22,61,晴,南西,2,2,6.70,06,逃げ,6,0.28,.  .
下関,8,予選,1,3562,山下和彦,48,51,晴,北,2,2,6.66,01,逃げ,1,0.17,1.47.5
下関,8,予選,2,3942,寺田祥,54,11,晴,北,2,2,6.66,02,逃げ,2,0.18,1.48.8
下関,8,予選,3,4041,小林基樹,27,67,晴,北,2,2,6.58,03,逃げ,3,0.15,1.49.5
下関,8,予選,4,4521,小池公生,20,30,晴,北,2,2,6.63,04,逃げ,4,0.21,1.50.0
下関,8,予選,5,4567,上村慎太郎,73,46,晴,北,2,2,6.68,05,逃げ,5,0.22,.  .
下関,8,予選,6,5145,島川海輝,49,56,晴,北,2,2,6.68,06,逃げ,6,0.18,.  .
下関,9,シーモ戦,1,4179,広次修,13,55,晴,南西,1,1,6.67,01,逃げ,1,0.18,1.53.5
下関,9,シーモ戦,6,4108,吉村正明,59,33,晴,南西,1,1,6.70,02,逃げ,4,0.17,1.56.4
下関,9,シーモ戦,3,3684,清水攻二,30,32,晴,南西,1,1,6.68,03,逃げ,3,0.19,1.59.3
下関,9,シーモ戦,4,4167,片岡秀樹,14,28,晴,南西,1,1,6.72,04,逃げ,5,0.12,2.01.9
下関,9,シーモ戦,2,4383,竹田吉行,69,34,晴,南西,1,1,6.73,05,逃げ,2,0.31,.  .
下関,10,予選特賞,1,4239,竹田辰也,31,42,晴,北,1,1,6.62,01,逃げ,1,0.21,1.46.6
下関,10,予選特賞,2,4817,渡邉翼,17,58,晴,北,1,1,6.62,02,逃げ,3,0.17,1.49.1
下関,10,予選特賞,6,4302,西野翔太,56,53,晴,北,1,1,6.67,03,逃げ,2,0.21,1.50.0
下関,10,予選特賞,4,4839,四宮与寛,39,20,晴,北,1,1,6.75,04,逃げ,5,0.27,1.51.0
下関,10,予選特賞,3,4173,岡谷健吾,72,59,晴,北,1,1,6.63,05,逃げ,4,0.37,.  .
下関,10,予選特賞,5,3994,茶谷桜,32,22,晴,北,1,1,6.71,06,逃げ,6,0.29,.  .
下関,11,予選特選,1,4064,原田篤志,45,71,晴,北東,2,2,6.71,01,逃げ,1,0.15,1.47.3
下関,11,予選特選,2,3875,廣中良一,38,47,晴,北東,2,2,6.74,02,逃げ,2,0.19,1.49.7
下関,11,予選特選,3,2930,新良一規,53,44,晴,北東,2,2,6.72,03,逃げ,3,0.21,1.50.8
下関,11,予選特選,6,4648,木村亮太,29,17,晴,北東,2,2,6.71,04,逃げ,6,0.21,1.51.7
下関,11,予選特選,4,4158,木場雄二郎,60,36,晴,北東,2,2,6.75,05,逃げ,4,0.23,.  .
下関,11,予選特選,5,5172,田村慶,46,25,晴,北東,2,2,6.65,06,逃げ,5,0.29,.  .
下関,12,お正月特選,1,3961,谷村一哉,40,38,晴,北,2,2,6.72,01,逃げ,1,0.07,1.46.6
下関,12,お正月特選,4,4704,河野大,66,19,晴,北,2,2,6.68,02,逃げ,4,0.23,1.48.0
下関,12,お正月特選,5,4002,古結宏,44,64,晴,北,2,2,6.74,03,逃げ,5,0.21,1.50.0
下関,12,お正月特選,3,4521,小池公生,20,30,晴,北,2,2,6.66,04,逃げ,3,0.20,1.50.7
下関,12,お正月特選,2,4263,武重雄介,37,39,晴,北,2,2,6.77,05,逃げ,2,0.15,.  .
下関,12,お正月特選,6,4000,松本博昭,16,40,晴,北,2,2,6.66,06,逃げ,6,0.23,.  .
徳山,1,モーニング一,1,4292,麻生慎介,45,29,晴,北東,1,1,6.86,01,逃げ,1,0.13,1.49.1
徳山,1,モーニング一,4,4121,富永修一,16,70,晴,北東,1,1,6.91,02,逃げ,4,0.10,1.50.7
徳山,1,モーニング一,5,4396,大田直弥,34,13,晴,北東,1,1,6.88,03,逃げ,5,0.15,1.51.9
徳山,1,モーニング一,2,3581,加木郁,39,11,晴,北東,1,1,6.93,04,逃げ,2,0.15,1.52.0
徳山,1,モーニング一,3,5138,村本大成,38,66,晴,北東,1,1,6.89,05,逃げ,3,0.13,.  .
徳山,1,モーニング一,6,5176,石倉拓美,57,51,晴,北東,1,1,6.91,06,逃げ,6,0.15,.  .
徳山,2,モーニング一,1,4015,前野竜一,50,45,晴,東,1,1,6.82,01,逃げ,1,0.16,1.48.9
徳山,2,モーニング一,6,3745,橋本年光,27,12,晴,東,1,1,6.90,02,逃げ,6,0.11,1.50.6
徳山,2,モーニング一,4,5083,柳瀬幹太,55,69,晴,東,1,1,6.89,03,逃げ,4,0.11,1.52.3
徳山,2,モーニング一,2,3928,林恵祐,26,49,晴,東,1,1,6.86,04,逃げ,2,0.21,1.52.9
徳山,2,モーニング一,5,3878,胡本悟志,62,67,晴,東,1,1,6.82,05,逃げ,5,0.07,.  .
徳山,2,モーニング一,3,4082,濱崎誠,56,36,晴,東,1,1,6.85,06,逃げ,3,0.15,.  .
徳山,3,モーニング一,2,4009,小林一樹,30,71,晴,南東,1,1,6.89,01,差し,2,0.11,1.50.3
徳山,3,モーニング一,1,4980,佐々木完太,69,22,晴,南東,1,1,6.86,02,差し,1,0.19,1.51.9
徳山,3,モーニング一,6,3661,柳瀬興志,49,44,晴,南東,1,1,6.92,03,差し,6,0.14,1.52.1
徳山,3,モーニング一,3,4950,高岡竜也,46,65,晴,南東,1,1,6.91,04,差し,3,0.10,1.53.2
徳山,3,モーニング一,4,3680,森林太,66,54,晴,南東,1,1,6.99,05,差し,4,0.16,.  .
徳山,3,モーニング一,5,4355,小川広大,64,48,晴,南東,1,1,6.94,06,差し,5,0.17,.  .
徳山,4,モーニング一,1,4361,柳生泰二,25,30,晴,南,1,1,6.86,01,逃げ,1,0.13,1.50.1
徳山,4,モーニング一,3,3539,金子順一,47,24,晴,南,1,1,6.86,02,逃げ,3,0.11,1.51.0
徳山,4,モーニング一,4,3523,寳田亮治,61,74,晴,南,1,1,6.84,03,逃げ,4,0.08,1.52.4
徳山,4,モーニング一,5,4226,村田浩司,11,58,晴,南,1,1,6.86,04,逃げ,5,0.09,1.53.4
徳山,4,モーニング一,2,3731,高濱芳久,72,57,晴,南,1,1,6.87,05,逃げ,2,0.22,.  .
徳山,4,モーニング一,6,5152,丸山祐也,18,40,晴,南,1,1,6.85,06,逃げ,6,0.17,.  .
徳山,5,一般,1,3804,中渡修作,37,20,晴,南,2,2,6.86,01,逃げ,1,0.24,1.49.6
徳山,5,一般,2,4122,安東幸治,23,59,晴,南,2,2,6.88,02,逃げ,2,0.22,1.50.1
徳山,5,一般,3,4356,長岡良也,21,17,晴,南,2,2,6.84,03,逃げ,3,0.17,1.50.2
徳山,5,一般,6,4890,石川諒,13,73,晴,南,2,2,6.92,04,逃げ,6,0.19,1.52.4
徳山,5,一般,4,3350,藤本佳史,60,21,晴,南,2,2,6.91,05,逃げ,4,0.17,.  .
徳山,5,一般,5,5138,村本大成,38,66,晴,南,2,2,6.90,06,逃げ,5,0.23,.  .
徳山,6,一般,4,3444,香月大介,59,42,晴,西,1,1,6.86,01,まくり,4,0.09,1.49.6
徳山,6,一般,2,3881,浦上拓也,65,68,晴,西,1,1,6.91,02,まくり,2,0.11,1.50.7
徳山,6,一般,3,4985,井本昌也,17,26,晴,西,1,1,6.90,03,まくり,3,0.18,1.51.8
徳山,6,一般,6,3915,繁野谷圭介,19,35,晴,西,1,1,6.90,04,まくり,6,0.19,1.52.9
徳山,6,一般,1,5048,眞鳥康太,22,72,晴,西,1,1,6.87,05,まくり,1,0.16,.  .
徳山,6,一般,5,5083,柳瀬幹太,55,69,晴,西,1,1,6.96,06,まくり,5,0.20,.  .
徳山,7,一般,4,4950,高岡竜也,46,65,晴,南,2,2,6.86,01,まくり,4,0.17,1.49.9
徳山,7,一般,1,3976,内田圭,54,31,晴,南,2,2,6.87,02,まくり,1,0.19,1.50.5
徳山,7,一般,2,3878,胡本悟志,62,67,晴,南,2,2,6.87,03,まくり,2,0.18,1.52.0
徳山,7,一般,5,3680,森林太,66,54,晴,南,2,2,6.87,04,まくり,5,0.25,1.53.6
徳山,7,一般,6,5067,山田真聖,48,15,晴,南,2,2,6.94,05,まくり,6,0.13,.  .
徳山,7,一般,3,3928,林恵祐,26,49,晴,南,2,2,6.95,06,まくり,3,0.21,.  .
徳山,8,一般,1,4790,柳内敬太,12,53,晴,南,3,3,6.87,01,逃げ,1,0.11,1.49.5
徳山,8,一般,2,4082,濱崎誠,56,36,晴,南,3,3,6.83,02,逃げ,2,0.15,1.51.9
徳山,8,一般,4,3661,柳瀬興志,49,44,晴,南,3,3,6.87,03,逃げ,4,0.14,1.52.9
徳山,8,一般,5,3581,加木郁,39,11,晴,南,3,3,6.89,04,逃げ,5,0.12,1.53.3
徳山,8,一般,6,5106,山崎祥,42,23,晴,南,3,3,6.88,05,逃げ,6,0.09,.  .
徳山,8,一般,3,4396,大田直弥,34,13,晴,南,3,3,6.85,06,逃げ,3,0.17,.  .
徳山,9,一般,2,4121,富永修一,16,70,晴,南西,4,4,6.90,01,差し,2,0.13,1.50.3
徳山,9,一般,4,4361,柳生泰二,25,30,晴,南西,4,4,6.92,02,差し,5,0.17,1.51.6
徳山,9,一般,3,4122,安東幸治,23,59,晴,南西,4,4,6.98,03,差し,4,0.17,1.52.3
徳山,9,一般,1,3350,藤本佳史,60,21,晴,南西,4,4,7.01,04,差し,1,0.22,1.54.7
徳山,9,一般,5,3731,高濱芳久,72,57,晴,南西,4,4,6.96,05,差し,3,0.20,.  .
徳山,9,一般,6,4009,小林一樹,30,71,晴,南西,4,4,6.90,06,差し,6,0.17,.  .
徳山,10,特別選抜Ｂ戦,1,4356,長岡良也,21,17,晴,南西,3,3,6.87,01,逃げ,1,0.15,1.47.8
徳山,10,特別選抜Ｂ戦,2,4015,前野竜一,50,45,晴,南西,3,3,6.96,02,逃げ,2,0.17,1.50.9
徳山,10,特別選抜Ｂ戦,5,3976,内田圭,54,31,晴,南西,3,3,6.92,03,逃げ,5,0.27,1.52.0
徳山,10,特別選抜Ｂ戦,3,3881,浦上拓也,65,68,晴,南西,3,3,6.94,04,逃げ,3,0.18,1.53.4
徳山,10,特別選抜Ｂ戦,4,5048,眞鳥康太,22,72,晴,南西,3,3,6.94,05,逃げ,4,0.25,.  .
徳山,10,特別選抜Ｂ戦,6,4980,佐々木完太,69,22,晴,南西,3,3,6.90,06,逃げ,6,0.39,.  .
徳山,11,特別選抜Ａ戦,1,3915,繁野谷圭介,19,35,晴,南西,4,4,6.84,01,逃げ,1,0.23,1.49.2
徳山,11,特別選抜Ａ戦,4,4292,麻生慎介,45,29,晴,南西,4,4,6.91,02,逃げ,4,0.35,1.50.9
徳山,11,特別選抜Ａ戦,2,3745,橋本年光,27,12,晴,南西,4,4,6.93,03,逃げ,2,0.23,1.52.1
徳山,11,特別選抜Ａ戦,3,3804,中渡修作,37,20,晴,南西,4,4,6.95,04,逃げ,3,0.25,1.53.5
徳山,11,特別選抜Ａ戦,5,4985,井本昌也,17,26,晴,南西,4,4,6.92,05,逃げ,5,0.31,.  .
徳山,11,特別選抜Ａ戦,6,4790,柳内敬太,12,53,晴,南西,4,4,6.94,06,逃げ,6,0.27,.  .
徳山,12,優勝戦,1,3897,白井英治,68,38,晴,南西,4,4,6.85,01,逃げ,1,0.12,1.49.7
徳山,12,優勝戦,2,4237,大峯豊,51,75,晴,南西,4,4,6.87,02,逃げ,2,0.18,1.51.1
徳山,12,優勝戦,3,3427,大賀広幸,70,52,晴,南西,4,4,6.95,03,逃げ,3,0.11,1.51.8
徳山,12,優勝戦,6,3711,江本真治,67,64,晴,南西,4,4,6.98,04,逃げ,6,0.17,1.53.5
徳山,12,優勝戦,5,4703,森永隆,20,37,晴,南西,4,4,6.91,05,逃げ,5,0.16,.  .
徳山,12,優勝戦,4,4324,海野康志郎,53,41,晴,南西,4,4,6.87,06,逃げ,4,0.13,.  .
宮島,1,ファーストＢ,1,3584,佐々木英樹,57,67,晴,東,1,1,6.62,01,逃げ,1,0.13,1.49.1
宮島,1,ファーストＢ,3,3668,市川猛,32,47,晴,東,1,1,6.59,02,逃げ,3,0.18,1.50.5
宮島,1,ファーストＢ,5,4429,豊田泰洋,44,11,晴,東,1,1,6.68,03,逃げ,5,0.22,1.52.1
宮島,1,ファーストＢ,2,3430,角浜修,22,14,晴,東,1,1,6.59,04,逃げ,2,0.17,1.52.4
宮島,1,ファーストＢ,6,3614,谷勝幸,70,20,晴,東,1,1,6.57,05,逃げ,6,0.21,1.54.0
宮島,1,ファーストＢ,4,4955,福田慶尚,34,59,晴,東,1,1,6.66,06,逃げ,4,0.17,1.54.4
宮島,2,予選,5,3615,横田茂,41,52,晴,東,1,1,6.67,01,恵まれ,5,0.11,1.51.2
宮島,2,予選,6,5222,津田陸翔,52,43,晴,東,1,1,6.58,02,恵まれ,6,0.10,1.52.4
宮島,2,予選,4,3411,池上隆行,42,36,晴,東,1,1,6.69,03,恵まれ,4,0.14,1.54.3
宮島,2,予選,3,3212,亀本勇樹,11,15,晴,東,1,1,6.69,04,恵まれ,3,0.06,1.56.6
宮島,3,予選,2,4398,船岡洋一郎,56,17,晴,北東,2,2,6.58,01,差し,2,0.06,1.48.7
宮島,3,予選,1,4126,吉本玲緒,55,72,晴,北東,2,2,6.69,02,差し,1,0.09,1.51.5
宮島,3,予選,3,4111,奥田誠,24,34,晴,北東,2,2,6.68,03,差し,3,0.16,1.51.9
宮島,3,予選,4,4771,下寺秀和,43,33,晴,北東,2,2,6.61,04,差し,4,0.12,1.52.9
宮島,3,予選,6,3282,池本輝明,67,51,晴,北東,2,2,6.66,05,差し,6,0.16,1.53.4
宮島,3,予選,5,5154,村松栄太,39,41,晴,北東,2,2,6.66,06,差し,5,0.12,1.56.1
宮島,4,予選,1,4316,山口裕太,31,29,曇り,北東,1,2,6.67,01,抜き,1,0.02,1.49.7
宮島,4,予選,2,4600,井内将太郎,38,32,曇り,北東,1,2,6.59,02,抜き,3,0.14,1.50.8
宮島,4,予選,4,4811,向井田佑紀,28,70,曇り,北東,1,2,6.63,03,抜き,4,0.15,1.51.5
宮島,4,予選,6,4271,川崎公靖,37,39,曇り,北東,1,2,6.64,04,抜き,6,0.13,1.53.2
宮島,4,予選,5,3338,出本正博,30,31,曇り,北東,1,2,6.65,05,抜き,5,0.11,1.55.0
宮島,4,予選,3,3024,西島義則,51,48,曇り,北東,1,2,6.72,06,抜き,2,0.15,1.56.8
宮島,5,予選,1,4471,新田泰章,25,25,曇り,東,1,2,6.59,01,逃げ,1,0.14,1.48.4
宮島,5,予選,2,4872,山下流心,33,24,曇り,東,1,2,6.61,02,逃げ,2,0.17,1.49.7
宮島,5,予選,3,3719,辻栄蔵,58,60,曇り,東,1,2,6.57,03,逃げ,3,0.20,1.50.8
宮島,5,予選,4,4798,浜先真範,29,37,曇り,東,1,2,6.63,04,逃げ,4,0.18,1.52.8
宮島,5,予選,6,3668,市川猛,32,47,曇り,東,1,2,6.65,05,逃げ,6,0.10,1.55.0
宮島,5,予選,5,3430,角浜修,22,14,曇り,東,1,2,6.64,06,逃げ,5,0.15,1.58.6
宮島,6,ランチタイム,1,4682,大上卓人,12,64,晴,西,1,1,6.61,01,逃げ,1,0.16,1.48.5
宮島,6,ランチタイム,3,3614,谷勝幸,70,20,晴,西,1,1,6.62,02,逃げ,3,0.16,1.49.7
宮島,6,ランチタイム,4,4458,抹香雄三,59,49,晴,西,1,1,6.61,03,逃げ,4,0.11,1.51.1
宮島,6,ランチタイム,5,4564,山本景士郎,15,57,晴,西,1,1,6.56,04,逃げ,5,0.14,1.51.9
宮島,6,ランチタイム,6,4416,三宅健太,23,71,晴,西,1,1,6.64,05,逃げ,6,0.15,1.53.7
宮島,6,ランチタイム,2,2844,田中伸二,49,53,晴,西,1,1,6.70,06,逃げ,2,0.23,1.57.5
宮島,7,予選,3,4434,田中辰彦,72,19,晴,南西,1,1,6.60,01,まくり,4,0.24,1.49.3
宮島,7,予選,2,3663,木山和幸,71,69,晴,南西,1,1,6.64,02,まくり,2,0.32,1.50.6
宮島,7,予選,4,3920,正木聖賢,61,68,晴,南西,1,1,6.56,03,まくり,3,0.35,1.52.0
宮島,7,予選,5,3212,亀本勇樹,11,15,晴,南西,1,1,6.69,04,まくり,5,0.18,1.52.9
宮島,7,予選,6,5154,村松栄太,39,41,晴,南西,1,1,6.58,05,まくり,6,0.12,1.53.4
宮島,7,予選,1,4097,貫地谷直人,19,44,晴,南西,1,1,6.72,06,まくり,1,0.38,1.55.8
宮島,8,予選,4,4219,本岡勝利,69,22,曇り,南西,3,3,6.61,01,まくり,4,0.14,1.48.8
宮島,8,予選,5,4205,山口剛,53,18,曇り,南西,3,3,6.60,02,まくり,5,0.11,1.49.8
宮島,8,予選,1,3797,岩井繁,13,35,曇り,南西,3,3,6.62,03,まくり,1,0.18,1.52.7
宮島,8,予選,6,3411,池上隆行,42,36,曇り,南西,3,3,6.69,04,まくり,6,0.16,1.53.7
宮島,8,予選,3,4600,井内将太郎,38,32,曇り,南西,3,3,6.63,05,まくり,3,0.20,1.53.8
宮島,8,予選,2,4257,古川健,18,50,曇り,南西,3,3,6.56,06,まくり,2,0.21,1.54.9
宮島,9,ティータイム,2,3338,出本正博,30,31,晴,南西,2,2,6.59,01,差し,2,0.13,1.49.1
宮島,9,ティータイム,1,4163,山崎裕司,60,40,晴,南西,2,2,6.56,02,差し,1,0.12,1.50.0
宮島,9,ティータイム,4,3584,佐々木英樹,57,67,晴,南西,2,2,6.65,03,差し,4,0.17,1.52.0
宮島,9,ティータイム,3,4872,山下流心,33,24,晴,南西,2,2,6.62,04,差し,3,0.17,1.52.3
宮島,9,ティータイム,6,4683,向井田直弥,50,65,晴,南西,2,2,6.50,05,差し,6,0.10,1.53.6
宮島,9,ティータイム,5,4374,永田義紘,40,63,晴,南西,2,2,6.63,06,差し,5,0.14,1.55.3
宮島,10,予選,1,5015,高橋竜矢,20,26,晴,南東,1,1,6.65,01,逃げ,1,0.07,1.48.3
宮島,10,予選,3,4398,船岡洋一郎,56,17,晴,南東,1,1,6.63,02,逃げ,5,0.09,1.51.6
宮島,10,予選,2,3615,横田茂,41,52,晴,南東,1,1,6.65,03,逃げ,4,0.13,1.52.9
宮島,10,予選,5,3024,西島義則,51,48,晴,南東,1,1,6.65,04,逃げ,2,0.16,1.54.0
宮島,10,予選,6,3883,山根大樹,68,38,晴,南東,1,1,6.61,05,逃げ,3,0.22,1.54.3
宮島,10,予選,4,4951,新田洋一,21,13,晴,南東,1,1,6.58,06,逃げ,6,0.10,1.54.4
宮島,11,特選,1,4798,浜先真範,29,37,晴,南東,4,3,6.65,01,逃げ,1,0.23,1.48.0
宮島,11,特選,3,3282,池本輝明,67,51,晴,南東,4,3,6.74,02,逃げ,3,0.23,1.50.6
宮島,11,特選,6,4564,山本景士郎,15,57,晴,南東,4,3,6.57,03,逃げ,6,0.17,1.51.7
宮島,11,特選,5,3719,辻栄蔵,58,60,晴,南東,4,3,6.68,04,逃げ,5,0.20,1.52.5
宮島,11,特選,4,3663,木山和幸,71,69,晴,南東,4,3,6.74,05,逃げ,4,0.20,1.54.2
宮島,11,特選,2,4271,川崎公靖,37,39,晴,南東,4,3,6.66,06,逃げ,2,0.25,1.55.7
宮島,12,ニッカン特選,1,4205,山口剛,53,55,晴,無風,0,1,6.71,01,逃げ,1,0.14,1.47.5
宮島,12,ニッカン特選,3,4771,下寺秀和,43,33,晴,無風,0,1,6.69,02,逃げ,3,0.15,1.49.5
宮島,12,ニッカン特選,5,4471,新田泰章,25,25,晴,無風,0,1,6.68,03,逃げ,5,0.12,1.50.3
宮島,12,ニッカン特選,4,4682,大上卓人,12,64,晴,無風,0,1,6.66,04,逃げ,4,0.14,1.50.9
宮島,12,ニッカン特選,2,3920,正木聖賢,61,68,晴,無風,0,1,6.73,05,逃げ,2,0.10,1.52.0
宮島,12,ニッカン特選,6,4257,古川健,18,50,晴,無風,0,1,6.71,06,逃げ,6,0.28,1.55.4
児島,1,一般,4,4782,浜崎準也,16,42,曇り,北西,1,1,6.78,01,差し,4,0.10,1.47.9
児島,1,一般,2,3600,玄馬徹,56,31,曇り,北西,1,1,6.75,02,差し,2,0.14,1.49.9
児島,1,一般,3,5109,川崎智稔,52,41,曇り,北西,1,1,6.80,03,差し,3,0.08,1.51.4
児島,1,一般,5,4558,宮野仁,28,57,曇り,北西,1,1,6.74,04,差し,5,0.09,1.52.1
児島,1,一般,6,5170,佐藤太亮,71,69,曇り,北西,1,1,6.78,05,差し,6,0.11,.  .
児島,1,一般,1,3879,中村格,69,16,曇り,北西,1,1,6.77,06,差し,1,0.15,.  .
児島,2,一般,3,4054,福嶋智之,22,74,曇り,北西,1,1,6.81,01,まくり,3,0.07,1.47.9
児島,2,一般,4,4563,齋藤真之,58,44,曇り,北西,1,1,6.73,02,まくり,4,0.06,1.48.8
児島,2,一般,2,4214,林祐介,25,34,曇り,北西,1,1,6.70,03,まくり,2,0.11,1.51.4
児島,2,一般,1,3935,岩津徹郎,27,51,曇り,北西,1,1,6.78,04,まくり,1,0.14,1.52.3
児島,2,一般,6,5217,藤原碧生,49,50,曇り,北西,1,1,6.77,05,まくり,6,0.08,.  .
児島,2,一般,5,3949,今出晋二,72,22,曇り,北西,1,1,6.73,06,まくり,5,0.11,.  .
児島,3,一般,1,4423,坂口貴彦,14,56,曇り,北西,1,1,6.69,01,逃げ,1,0.04,1.47.9
児島,3,一般,4,4069,山本修一,57,15,曇り,北西,1,1,6.72,02,逃げ,4,0.07,1.48.0
児島,3,一般,3,5001,坂本雅佳,43,38,曇り,北西,1,1,6.67,03,逃げ,3,0.04,1.50.4
児島,3,一般,5,4166,吉田拡郎,45,14,曇り,北西,1,1,6.71,04,逃げ,5,0.08,1.51.2
児島,3,一般,2,4635,峰重力也,51,70,曇り,北西,1,1,6.70,05,逃げ,2,0.03,.  .
児島,3,一般,6,5181,森智哉,44,27,曇り,北西,1,1,6.78,06,逃げ,6,0.06,.  .
児島,4,一般,1,3746,岡瀬正人,70,65,曇り,北東,1,3,6.79,01,逃げ,1,0.12,1.48.4
児島,4,一般,3,4370,山口達也,47,55,曇り,北東,1,3,6.90,02,逃げ,3,0.15,1.50.6
児島,4,一般,6,3822,平尾崇典,67,25,曇り,北東,1,3,6.67,03,逃げ,6,0.04,1.51.3
児島,4,一般,2,3558,山本浩次,42,66,曇り,北東,1,3,6.77,04,逃げ,2,0.18,1.52.2
児島,4,一般,4,5058,前原大道,11,19,曇り,北東,1,3,6.77,05,逃げ,4,0.10,.  .
児島,4,一般,5,4277,金田大輔,65,60,曇り,北東,1,3,6.76,06,逃げ,5,0.06,.  .
児島,5,一般,2,3300,川崎智幸,39,24,曇り,北,3,3,6.79,01,差し,2,0.12,1.47.3
児島,5,一般,1,4172,森定晃史,17,72,曇り,北,3,3,6.71,02,差し,1,0.10,1.48.3
児島,5,一般,4,3982,福田理,61,33,曇り,北,3,3,6.75,03,差し,4,0.11,1.51.0
児島,5,一般,6,4441,末永由楽,36,63,曇り,北,3,3,6.77,04,差し,6,0.08,1.51.3
児島,5,一般,3,3436,柏野幸二,41,28,曇り,北,3,3,6.70,05,差し,3,0.07,.  .
児島,5,一般,5,5170,佐藤太亮,71,69,曇り,北,3,3,6.76,06,差し,5,0.13,.  .
児島,6,一般,1,4202,浮田圭浩,21,73,曇り,北東,1,1,6.79,01,逃げ,1,0.12,1.48.0
児島,6,一般,4,3933,山地正樹,26,26,曇り,北東,1,1,6.72,02,逃げ,3,0.12,1.48.7
児島,6,一般,5,4584,村岡賢人,34,36,曇り,北東,1,1,6.74,03,逃げ,5,0.11,1.51.0
児島,6,一般,2,3787,天野誠,15,59,曇り,北東,1,1,6.87,04,逃げ,2,0.20,1.53.7
児島,6,一般,3,4214,林祐介,25,34,曇り,北東,1,1,6.68,05,逃げ,4,0.08,.  .
児島,6,一般,6,5206,梅原祥平,31,37,曇り,北東,1,1,6.82,06,逃げ,6,0.13,.  .
児島,7,一般,1,4762,藤原啓史朗,53,13,晴,南東,1,1,6.78,01,逃げ,1,0.16,1.47.1
児島,7,一般,4,3233,小畑実成,38,40,晴,南東,1,1,6.71,02,逃げ,4,0.17,1.48.0
児島,7,一般,3,4537,渡邉和将,32,48,晴,南東,1,1,6.64,03,逃げ,3,0.17,1.48.5
児島,7,一般,2,3458,東健介,68,68,晴,南東,1,1,6.80,04,逃げ,2,0.20,1.50.6
児島,7,一般,6,5001,坂本雅佳,43,38,晴,南東,1,1,6.72,05,逃げ,5,0.17,.  .
児島,7,一般,5,3935,岩津徹郎,27,51,晴,南東,1,1,6.81,06,逃げ,6,0.36,.  .
児島,8,一般,1,4089,妹尾忠幸,54,39,晴,南東,1,1,6.69,01,逃げ,1,0.20,1.47.9
児島,8,一般,2,4277,金田大輔,65,60,晴,南東,1,1,6.63,02,逃げ,2,0.18,1.48.7
児島,8,一般,4,4418,茅原悠紀,18,67,晴,南東,1,1,6.78,03,逃げ,4,0.19,1.50.4
児島,8,一般,6,4782,浜崎準也,16,42,晴,南東,1,1,6.75,04,逃げ,6,0.28,1.52.1
児島,8,一般,3,4562,阪本勇介,63,12,晴,南東,1,1,6.64,05,逃げ,3,0.24,.  .
児島,8,一般,5,4054,福嶋智之,22,74,晴,南東,1,1,6.74,06,逃げ,5,0.14,.  .
児島,9,一般,1,3874,山本寛久,37,71,晴,北西,1,1,6.68,01,逃げ,1,0.14,1.48.5
児島,9,一般,4,4635,峰重力也,51,70,晴,北西,1,1,6.66,02,逃げ,4,0.11,1.49.6
児島,9,一般,5,4672,守屋大地,59,11,晴,北西,1,1,6.68,03,逃げ,5,0.15,1.50.7
児島,9,一般,3,3982,福田理,61,33,晴,北西,1,1,6.73,04,逃げ,3,0.25,1.52.5
児島,9,一般,6,3717,立間充宏,33,23,晴,北西,1,1,6.73,05,逃げ,6,0.15,.  .
児島,10,準優勝戦,2,4172,森定晃史,17,72,晴,南西,2,3,6.76,01,差し,2,0.12,1.46.9
児島,10,準優勝戦,1,3933,山地正樹,26,26,晴,南西,2,3,6.68,02,差し,1,0.20,1.48.3
児島,10,準優勝戦,3,4069,山本修一,57,15,晴,南西,2,3,6.73,03,差し,3,0.10,1.49.7
児島,10,準優勝戦,4,3436,柏野幸二,41,28,晴,南西,2,3,6.78,04,差し,4,0.09,1.50.7
児島,10,準優勝戦,5,4370,山口達也,47,55,晴,南西,2,3,6.73,05,差し,5,0.10,.  .
児島,10,準優勝戦,6,3746,岡瀬正人,70,65,晴,南西,2,3,6.80,06,差し,6,0.15,.  .
児島,11,準優勝戦,2,4166,吉田拡郎,45,14,晴,南西,2,3,6.67,01,差し,2,0.17,1.46.7
児島,11,準優勝戦,1,3233,小畑実成,38,40,晴,南西,2,3,6.69,02,差し,1,0.16,1.47.7
児島,11,準優勝戦,4,4537,渡邉和将,32,48,晴,南西,2,3,6.61,03,差し,4,0.11,1.49.0
児島,11,準優勝戦,3,5058,前原大道,11,19,晴,南西,2,3,6.79,04,差し,3,0.13,1.49.0
児島,11,準優勝戦,5,3300,川崎智幸,39,24,晴,南西,2,3,6.67,05,差し,5,0.14,.  .
児島,11,準優勝戦,6,4202,浮田圭浩,21,73,晴,南西,2,3,6.75,06,差し,6,0.28,.  .
児島,12,準優勝戦,1,4418,茅原悠紀,18,67,晴,南西,1,1,6.63,01,逃げ,1,0.15,1.47.3
児島,12,準優勝戦,2,4584,村岡賢人,34,36,晴,南西,1,1,6.61,02,逃げ,2,0.14,1.47.8
児島,12,準優勝戦,4,4089,妹尾忠幸,54,39,晴,南西,1,1,6.72,03,逃げ,4,0.21,1.49.3
児島,12,準優勝戦,5,3558,山本浩次,42,66,晴,南西,1,1,6.74,04,逃げ,5,0.19,1.50.6
児島,12,準優勝戦,3,4762,藤原啓史朗,53,13,晴,南西,1,1,6.67,05,逃げ,3,0.16,.  .
児島,12,準優勝戦,6,4423,坂口貴彦,14,56,晴,南西,1,1,6.71,06,逃げ,6,0.21,.  .
丸亀,1,予選,3,4931,木谷賢太,8,3,晴,南西,1,1,6.83,01,まくり差し,3,0.16,1.48.7
丸亀,1,予選,1,4511,中岡健人,55,41,晴,南西,1,1,6.85,02,まくり差し,1,0.11,1.51.4
丸亀,1,予選,6,4348,宮崎奨,19,18,晴,南西,1,1,6.81,03,まくり差し,5,0.19,1.52.7
丸亀,1,予選,4,3478,嶋田貴支,38,30,晴,南西,1,1,6.92,04,まくり差し,4,0.24,1.55.0
丸亀,1,予選,2,3975,小野寺智洋,1,13,晴,南西,1,1,6.80,05,まくり差し,2,0.14,1.56.5
丸亀,2,予選,2,3910,松下知幸,3,44,晴,南西,1,1,6.82,01,差し,2,0.15,1.49.9
丸亀,2,予選,1,4010,越智照浩,56,20,晴,南西,1,1,6.82,02,差し,1,0.18,1.50.6
丸亀,2,予選,5,4821,妻鳥晋也,40,43,晴,南西,1,1,6.79,03,差し,5,0.19,1.50.8
丸亀,2,予選,4,3568,木村光宏,10,51,晴,南西,1,1,6.83,04,差し,4,0.24,1.52.4
丸亀,2,予選,3,4529,嶋義信,47,6,晴,南西,1,1,6.81,05,差し,3,0.15,1.53.5
丸亀,2,予選,6,3660,長谷川親王,49,58,晴,南西,1,1,6.85,06,差し,6,0.32,1.54.7
丸亀,3,予選,1,3710,吉永泰弘,48,7,晴,南西,1,1,6.77,01,逃げ,1,0.09,1.49.3
丸亀,3,予選,2,3837,秋山広一,7,26,晴,南西,1,1,6.84,02,逃げ,2,0.14,1.50.1
丸亀,3,予選,3,3832,下田哲也,58,63,晴,南西,1,1,6.86,03,逃げ,3,0.12,1.52.0
丸亀,3,予選,6,3701,大西隆洋,11,12,晴,南西,1,1,6.87,04,逃げ,6,0.07,1.52.8
丸亀,3,予選,4,3543,福田雅一,12,9,晴,南西,1,1,6.85,05,逃げ,4,0.15,1.55.3
丸亀,3,予選,5,3541,三嶌誠司,9,34,晴,南西,1,1,6.76,06,逃げ,5,0.11,1.58.8
丸亀,4,予選,1,4331,三好勇人,41,57,晴,南,1,1,6.80,01,逃げ,1,0.03,1.48.9
丸亀,4,予選,3,4220,深川和仁,51,35,晴,南,1,1,6.86,02,逃げ,3,0.13,1.49.5
丸亀,4,予選,2,4772,石丸海渡,13,32,晴,南,1,1,6.78,03,逃げ,2,0.09,1.52.0
丸亀,4,予選,5,4583,古田祐貴,20,33,晴,南,1,1,6.75,04,逃げ,5,0.24,1.52.8
丸亀,4,予選,6,5136,濱野斗馬,21,49,晴,南,1,1,6.80,05,逃げ,6,0.20,1.54.0
丸亀,4,予選,4,3578,塩田雄一,16,40,晴,南,1,1,6.80,06,逃げ,4,0.22,1.55.1
丸亀,5,予選,2,4459,片岡雅裕,45,31,晴,南,1,1,6.81,01,まくり,2,0.13,1.47.8
丸亀,5,予選,4,5043,中村日向,6,25,晴,南,1,1,6.73,02,まくり,4,0.14,1.49.9
丸亀,5,予選,5,4852,川原祐明,2,61,晴,南,1,1,6.88,03,まくり,5,0.12,1.50.9
丸亀,5,予選,3,4946,船越健吾,22,55,晴,南,1,1,6.77,04,まくり,3,0.17,1.53.0
丸亀,5,予選,1,3553,平池仁志,14,48,晴,南,1,1,6.75,05,まくり,1,0.26,1.53.9
丸亀,5,予選,6,3855,大熊辰弥,17,27,晴,南,1,1,6.77,06,まくり,6,0.24,1.56.1
丸亀,6,カチ勝ち６,4,4823,中村桃佳,39,21,晴,南,1,1,6.71,01,差し,4,0.07,1.48.8
丸亀,6,カチ勝ち６,3,4437,中田元泰,18,1,晴,南,1,1,6.84,02,差し,3,0.02,1.49.7
丸亀,6,カチ勝ち６,1,3849,中岡正彦,43,5,晴,南,1,1,6.84,03,差し,1,0.12,1.52.3
丸亀,6,カチ勝ち６,6,5218,山田理央,4,4,晴,南,1,1,6.87,04,差し,6,0.07,1.53.3
丸亀,6,カチ勝ち６,5,3478,嶋田貴支,38,30,晴,南,1,1,6.94,05,差し,5,0.09,1.54.8
丸亀,6,カチ勝ち６,2,3660,長谷川親王,49,58,晴,南,1,1,6.90,06,差し,2,0.08,1.54.8
丸亀,7,穴ガチ７,3,3541,三嶌誠司,9,34,晴,南東,1,1,6.69,01,まくり差し,3,0.05,1.48.6
丸亀,7,穴ガチ７,2,4030,森高一真,57,60,晴,南東,1,1,6.75,02,まくり差し,2,0.08,1.50.2
丸亀,7,穴ガチ７,1,4260,中越博紀,46,53,晴,南東,1,1,6.85,03,まくり差し,1,0.06,1.52.5
丸亀,7,穴ガチ７,5,3753,河上哲也,61,64,晴,南東,1,1,6.83,04,まくり差し,5,0.06,1.53.2
丸亀,7,穴ガチ７,4,5173,谷口佳蓮,53,50,晴,南東,1,1,6.86,05,まくり差し,4,0.04,1.53.7
丸亀,7,穴ガチ７,6,5215,石丸小槙,60,17,晴,南東,1,1,6.79,06,まくり差し,6,0.04,1.56.8
丸亀,8,ガチ勝゛ち８,1,4776,竹田和哉,15,54,晴,南東,1,1,6.80,01,逃げ,1,0.17,1.49.3
丸亀,8,ガチ勝゛ち８,2,3568,木村光宏,10,51,晴,南東,1,1,6.78,02,逃げ,2,0.22,1.51.1
丸亀,8,ガチ勝゛ち８,3,3578,塩田雄一,16,40,晴,南東,1,1,6.85,03,逃げ,3,0.24,1.52.4
丸亀,8,ガチ勝゛ち８,5,3710,吉永泰弘,48,7,晴,南東,1,1,6.77,04,逃げ,5,0.29,1.53.1
丸亀,8,ガチ勝゛ち８,6,5037,田頭虎親,44,47,晴,南東,1,1,6.76,05,逃げ,6,0.26,1.54.7
丸亀,8,ガチ勝゛ち８,4,4348,宮崎奨,19,18,晴,南東,1,1,6.78,06,逃げ,4,0.27,1.54.7
丸亀,9,予選,1,4154,森安弘雅,50,2,晴,南東,2,2,6.72,01,逃げ,1,0.15,1.49.5
丸亀,9,予選,2,4643,近江翔吾,52,59,晴,南東,2,2,6.73,02,逃げ,2,0.14,1.50.2
丸亀,9,予選,4,4821,妻鳥晋也,40,43,晴,南東,2,2,6.84,03,逃げ,4,0.07,1.52.2
丸亀,9,予選,6,3832,下田哲也,58,63,晴,南東,2,2,6.78,04,逃げ,6,0.13,1.53.0
丸亀,9,予選,5,4459,片岡雅裕,45,31,晴,南東,2,2,6.83,05,逃げ,5,0.09,1.54.0
丸亀,9,予選,3,5136,濱野斗馬,21,49,晴,南東,2,2,6.79,06,逃げ,3,0.15,1.55.1
丸亀,10,予選選抜,1,4739,中村晃朋,54,8,晴,南東,1,1,6.74,01,逃げ,1,0.10,1.49.9
丸亀,10,予選選抜,2,3849,中岡正彦,43,5,晴,南東,1,1,6.88,02,逃げ,2,0.09,1.51.2
丸亀,10,予選選抜,4,3907,村越篤,59,10,晴,南東,1,1,6.81,03,逃げ,4,0.12,1.52.0
丸亀,10,予選選抜,6,3975,小野寺智洋,1,13,晴,南東,1,1,6.89,04,逃げ,6,0.19,1.52.6
丸亀,10,予選選抜,5,4529,嶋義信,47,6,晴,南東,1,1,6.88,05,逃げ,5,0.14,1.53.5
丸亀,10,予選選抜,3,4772,石丸海渡,13,32,晴,南東,1,1,6.86,06,逃げ,3,0.08,1.53.6
丸亀,11,予選選抜,4,4583,古田祐貴,20,33,晴,南東,1,1,6.82,01,差し,4,0.16,1.49.2
丸亀,11,予選選抜,3,3543,福田雅一,12,9,晴,南東,1,1,6.84,02,差し,3,0.05,1.51.1
丸亀,11,予選選抜,6,4852,川原祐明,2,61,晴,南東,1,1,6.89,03,差し,6,0.17,1.51.8
丸亀,11,予選選抜,5,4260,中越博紀,46,53,晴,南東,1,1,6.92,04,差し,5,0.11,1.52.1
丸亀,11,予選選抜,2,4931,木谷賢太,8,3,晴,南東,1,1,6.78,05,差し,2,0.11,1.52.3
丸亀,11,予選選抜,1,4823,中村桃佳,39,21,晴,南東,1,1,6.71,06,差し,1,0.18,1.55.8
丸亀,12,予選選抜,1,4030,森高一真,57,60,晴,東,1,1,6.79,01,逃げ,1,0.07,1.48.3
丸亀,12,予選選抜,2,4220,深川和仁,51,35,晴,東,1,1,6.80,02,逃げ,2,0.08,1.49.6
丸亀,12,予選選抜,3,4776,竹田和哉,15,54,晴,東,1,1,6.84,03,逃げ,3,0.09,1.50.8
丸亀,12,予選選抜,5,4437,中田元泰,18,1,晴,東,1,1,6.79,04,逃げ,5,0.12,1.51.5
丸亀,12,予選選抜,4,3837,秋山広一,7,26,晴,東,1,1,6.91,05,逃げ,4,0.13,1.52.6
丸亀,12,予選選抜,6,5043,中村日向,6,25,晴,東,1,1,6.74,06,逃げ,6,0.11,1.53.4
鳴門,1,とるならなる,6,5143,常盤海心,12,37,晴,北西,3,3,6.75,01,まくり差し,6,0.11,1.55.2
鳴門,1,とるならなる,1,4812,西野雄貴,60,63,晴,北西,3,3,6.79,02,まくり差し,1,0.08,1.59.1
鳴門,1,とるならなる,3,4198,沼田克彦,19,57,晴,北西,3,3,6.79,03,まくり差し,3,0.10,2.01.3
鳴門,1,とるならなる,4,4333,村田友也,39,60,晴,北西,3,3,6.79,04,まくり差し,4,0.08,2.03.1
鳴門,1,とるならなる,5,3361,岡部浩,80,56,晴,北西,3,3,6.80,05,まくり差し,5,0.10,.  .
鳴門,2,どーなるなる,6,3743,林美憲,11,76,曇り,北西,4,4,6.83,01,差し,2,0.13,1.47.4
鳴門,2,どーなるなる,1,4020,川上清人,37,79,曇り,北西,4,4,6.88,02,差し,1,0.09,1.48.7
鳴門,2,どーなるなる,2,4247,齊藤優,73,19,曇り,北西,4,4,6.83,03,差し,3,0.19,1.49.7
鳴門,2,どーなるなる,5,4393,田中孝明,53,39,曇り,北西,4,4,6.87,04,差し,6,0.27,1.51.7
鳴門,2,どーなるなる,4,4404,岸蔭亮,82,51,曇り,北西,4,4,6.85,05,差し,5,0.21,.  .
鳴門,2,どーなるなる,3,4636,赤池修平,28,35,曇り,北西,4,4,6.86,06,差し,4,0.19,.  .
鳴門,3,どきどきなる,6,4691,水原慎,79,62,晴,北西,4,4,6.76,01,まくり差し,6,0.15,1.47.8
鳴門,3,どきどきなる,1,4052,興津藍,75,58,晴,北西,4,4,6.72,02,まくり差し,1,0.18,1.49.3
鳴門,3,どきどきなる,2,4180,上野秀和,15,21,晴,北西,4,4,6.77,03,まくり差し,2,0.15,1.50.6
鳴門,3,どきどきなる,4,3443,森秋光,76,61,晴,北西,4,4,6.78,04,まくり差し,4,0.20,1.52.2
鳴門,3,どきどきなる,3,4449,中嶋達也,30,30,晴,北西,4,4,6.81,05,まくり差し,3,0.18,.  .
鳴門,3,どきどきなる,5,5199,垂水悠,63,20,晴,北西,4,4,6.80,06,まくり差し,5,0.11,.  .
鳴門,4,とにかくなる,1,3841,佐々木和伸,70,34,晴,北西,4,4,6.70,01,逃げ,1,0.09,1.47.2
鳴門,4,とにかくなる,2,4675,井手良太,67,27,晴,北西,4,4,6.69,02,逃げ,2,0.08,1.48.6
鳴門,4,とにかくなる,5,3401,上田隆章,38,38,晴,北西,4,4,6.76,03,逃げ,5,0.08,1.50.0
鳴門,4,とにかくなる,3,3587,武田信一,22,72,晴,北西,4,4,6.81,04,逃げ,3,0.10,1.50.8
鳴門,4,とにかくなる,4,4028,田村隆信,27,64,晴,北西,4,4,6.71,05,逃げ,4,0.05,.  .
鳴門,4,とにかくなる,6,5093,浦野海,34,70,晴,北西,4,4,6.87,06,逃げ,6,0.13,.  .
鳴門,5,予選,3,4709,岡村将也,18,78,晴,北西,4,4,6.81,01,まくり,3,0.12,1.47.9
鳴門,5,予選,4,3890,小宮淳史,77,68,晴,北西,4,4,6.79,02,まくり,4,0.17,1.48.9
鳴門,5,予選,1,4390,松本弓雄,61,24,晴,北西,4,4,6.66,03,まくり,1,0.09,1.49.9
鳴門,5,予選,2,4732,堀本和也,17,71,晴,北西,4,4,6.83,04,まくり,2,0.07,1.52.0
鳴門,5,予選,5,3442,宮武英司,68,82,晴,北西,4,4,6.84,05,まくり,5,0.22,.  .
鳴門,5,予選,6,5025,粟田祥,62,80,晴,北西,4,4,6.84,06,まくり,6,0.24,.  .
鳴門,6,予選,3,4063,市橋卓士,56,66,晴,北西,4,4,6.79,01,まくり,3,0.11,1.48.2
鳴門,6,予選,4,4463,三苫晃幸,29,16,晴,北西,4,4,6.83,02,まくり,4,0.18,1.50.7
鳴門,6,予選,6,5032,谷口知優,54,50,晴,北西,4,4,6.92,03,まくり,6,0.18,1.52.4
鳴門,6,予選,2,4934,佐々木翔斗,10,29,晴,北西,4,4,6.79,04,まくり,2,0.14,1.54.2
鳴門,6,予選,1,4636,赤池修平,28,35,晴,北西,4,4,6.87,05,まくり,1,0.20,.  .
鳴門,6,予選,5,4968,宮崎光基,69,26,晴,北西,4,4,6.88,06,まくり,5,0.19,.  .
鳴門,7,予選,1,4393,田中孝明,53,39,晴,北西,6,6,6.84,01,抜き,1,0.05,1.49.7
鳴門,7,予選,4,3820,樫葉次郎,58,54,晴,北西,6,6,6.89,02,抜き,4,0.20,1.50.5
鳴門,7,予選,6,4359,横川聖志,33,23,晴,北西,6,6,6.91,03,抜き,6,0.15,1.51.6
鳴門,7,予選,3,4757,山田祐也,81,75,晴,北西,6,6,6.78,04,抜き,3,0.13,1.53.5
鳴門,7,予選,5,4449,中嶋達也,30,30,晴,北西,6,6,6.89,05,抜き,5,0.12,.  .
鳴門,7,予選,2,4116,川田正人,36,59,晴,北西,6,6,6.76,06,抜き,2,0.09,.  .
鳴門,8,予選,2,3361,岡部浩,80,56,晴,北西,6,6,6.86,01,差し,2,0.14,1.49.0
鳴門,8,予選,1,3477,近藤稔也,64,65,晴,北西,6,6,6.91,02,差し,1,0.18,1.49.5
鳴門,8,予選,3,4685,島村隆幸,31,17,晴,北西,6,6,6.85,03,差し,3,0.11,1.51.2
鳴門,8,予選,4,5093,浦野海,34,70,晴,北西,6,6,6.88,04,差し,4,0.23,1.52.5
鳴門,8,予選,6,5199,垂水悠,63,20,晴,北西,6,6,6.84,05,差し,6,0.18,.  .
鳴門,8,予選,5,4020,川上清人,37,79,晴,北西,6,6,6.99,06,差し,5,0.21,.  .
鳴門,9,予選,1,4404,岸蔭亮,82,51,晴,北西,6,6,6.89,01,逃げ,1,0.06,1.48.7
鳴門,9,予選,3,3401,上田隆章,38,38,晴,北西,6,6,6.87,02,逃げ,3,0.13,1.49.4
鳴門,9,予選,4,3333,丸尾義孝,71,12,晴,北西,6,6,7.12,03,逃げ,4,0.12,1.50.0
鳴門,9,予選,2,4333,村田友也,39,60,晴,北西,6,6,6.91,04,逃げ,2,0.11,1.51.6
鳴門,9,予選,6,4732,堀本和也,17,71,晴,北西,6,6,6.89,05,逃げ,6,0.11,.  .
鳴門,9,予選,5,4180,上野秀和,15,21,晴,北西,6,6,7.03,06,逃げ,5,0.12,.  .
鳴門,10,なるちゃん特,3,3841,佐々木和伸,70,34,曇り,北西,6,6,6.79,01,まくり,3,0.16,1.46.6
鳴門,10,なるちゃん特,6,3788,一宮稔弘,51,74,曇り,北西,6,6,6.81,02,まくり,5,0.15,1.48.2
鳴門,10,なるちゃん特,1,4709,岡村将也,18,78,曇り,北西,6,6,6.85,03,まくり,1,0.22,1.50.1
鳴門,10,なるちゃん特,4,4452,松尾祭,74,25,曇り,北西,6,6,6.87,04,まくり,4,0.21,1.50.3
鳴門,10,なるちゃん特,2,4691,水原慎,79,62,曇り,北西,6,6,6.83,05,まくり,2,0.28,.  .
鳴門,10,なるちゃん特,5,4934,佐々木翔斗,10,53,曇り,北西,6,6,6.89,06,まくり,6,0.21,.  .
鳴門,11,特選,2,3442,宮武英司,68,82,曇り,北西,3,3,6.83,01,差し,2,0.16,1.47.4
鳴門,11,特選,4,4812,西野雄貴,60,63,曇り,北西,3,3,6.82,02,差し,4,0.08,1.48.1
鳴門,11,特選,1,3443,森秋光,76,61,曇り,北西,3,3,6.85,03,差し,1,0.12,1.49.9
鳴門,11,特選,6,4116,川田正人,36,59,曇り,北西,3,3,6.84,04,差し,6,0.19,1.50.1
鳴門,11,特選,5,4247,齊藤優,73,19,曇り,北西,3,3,6.84,05,差し,5,0.17,.  .
鳴門,11,特選,3,4463,三苫晃幸,29,16,曇り,北西,3,3,6.80,06,差し,3,0.17,.  .
鳴門,12,ドリーム戦,4,4757,山田祐也,81,75,曇り,無風,0,1,6.75,01,抜き,5,0.10,1.45.4
鳴門,12,ドリーム戦,1,4028,田村隆信,27,64,曇り,無風,0,1,6.66,02,抜き,1,0.03,1.47.1
鳴門,12,ドリーム戦,2,3743,林美憲,11,76,曇り,無風,0,1,6.75,03,抜き,2,0.08,1.48.0
鳴門,12,ドリーム戦,3,4052,興津藍,75,58,曇り,無風,0,1,6.74,04,抜き,3,0.09,1.49.2
鳴門,12,ドリーム戦,6,4685,島村隆幸,31,17,曇り,無風,0,1,6.75,05,抜き,4,0.08,.  .
鳴門,12,ドリーム戦,5,4063,市橋卓士,56,66,曇り,無風,0,1,6.72,06,抜き,6,0.14,.  .
三国,1,予選,1,4391,松田祐季,63,40,曇り,北,6,6,6.83,01,逃げ,1,0.18,1.49.4
三国,1,予選,6,4930,佐藤悠,28,65,曇り,北,6,6,6.89,02,逃げ,6,0.19,1.50.4
三国,1,予選,3,4692,酒井俊弘,40,23,曇り,北,6,6,6.79,03,逃げ,3,0.14,1.52.3
三国,1,予選,4,4469,土山卓也,65,34,曇り,北,6,6,6.79,04,逃げ,4,0.21,1.52.4
三国,1,予選,2,4405,南野利騰,41,19,曇り,北,6,6,6.90,05,逃げ,2,0.24,.  .
三国,1,予選,5,4876,梅木敬太,45,47,曇り,北,6,6,6.92,06,逃げ,5,0.12,.  .
三国,2,予選,2,4210,松村康太,69,25,曇り,北,5,4,6.75,01,まくり,2,0.27,2.02.4
三国,2,予選,4,4828,松山将吾,64,28,曇り,北,5,4,6.83,02,まくり,5,0.17,2.06.4
三国,2,予選,3,4897,深見亜由美,34,70,曇り,北,5,4,6.88,03,まくり,3,0.33,2.16.9
三国,3,予選,3,3654,武田光史,51,18,雪,北西,5,4,6.85,01,まくり,2,0.17,1.48.9
三国,3,予選,2,4461,安田吉宏,25,20,雪,北西,5,4,6.76,02,まくり,3,0.16,1.50.7
三国,3,予選,4,4442,松竹大輔,35,64,雪,北西,5,4,6.82,03,まくり,4,0.19,1.51.9
三国,3,予選,6,3870,寺嶋雄,37,59,雪,北西,5,4,6.90,04,まくり,6,0.14,1.53.2
三国,3,予選,5,4561,藤山翔大,62,69,雪,北西,5,4,6.70,05,まくり,5,0.37,.  .
三国,3,予選,1,5038,金田智博,54,62,雪,北西,5,4,6.75,06,まくり,1,0.23,.  .
三国,4,予選,2,3912,川原正明,15,46,雪,北,6,5,6.69,01,差し,2,0.11,1.49.2
三国,4,予選,1,3692,竹腰正樹,17,49,雪,北,6,5,6.79,02,差し,1,0.15,1.50.9
三国,4,予選,4,4520,高倉孝太,57,37,雪,北,6,5,6.69,03,差し,4,0.24,1.52.2
三国,4,予選,3,3268,森竜也,29,42,雪,北,6,5,6.84,04,差し,3,0.18,1.52.8
三国,4,予選,5,3635,石田政吾,49,58,雪,北,6,5,6.77,05,差し,5,0.19,.  .
三国,5,予選,1,3833,中辻博訓,22,71,雪,北,6,5,6.80,01,逃げ,1,0.18,1.49.9
三国,5,予選,3,4903,吉田凌太朗,42,31,雪,北,6,5,6.74,02,逃げ,3,0.24,1.51.8
三国,5,予選,5,3872,岡田憲行,60,35,雪,北,6,5,6.73,03,逃げ,5,0.24,1.53.5
三国,5,予選,2,4930,佐藤悠,28,65,雪,北,6,5,6.77,04,逃げ,2,0.22,1.55.0
三国,5,予選,4,4611,今井美亜,14,36,雪,北,6,5,6.75,05,逃げ,4,0.24,.  .
三国,5,予選,6,4711,前出達吉,32,26,雪,北,6,5,6.81,06,逃げ,6,0.29,.  .
三国,6,予選,3,4415,下出卓矢,53,51,雪,北西,5,4,6.78,01,まくり差し,3,0.18,1.49.6
三国,6,予選,1,4876,梅木敬太,45,47,雪,北西,5,4,6.80,02,まくり差し,1,0.15,1.50.9
三国,6,予選,6,4061,萩原秀人,12,15,雪,北西,5,4,6.79,03,まくり差し,6,0.15,1.51.9
三国,6,予選,2,4587,木田峰由季,13,41,雪,北西,5,4,6.91,04,まくり差し,2,0.21,1.52.9
三国,6,予選,4,4253,西川真人,31,53,雪,北西,5,4,6.79,05,まくり差し,4,0.21,.  .
三国,6,予選,5,5184,飯塚響,24,63,雪,北西,5,4,6.81,06,まくり差し,5,0.21,.  .
三国,7,予選,2,4442,松竹大輔,35,64,雪,北西,6,5,6.79,01,差し,2,0.13,1.48.8
三国,7,予選,6,4013,中島孝平,27,38,雪,北西,6,5,6.95,02,差し,5,0.14,1.50.0
三国,7,予選,1,4469,土山卓也,65,34,雪,北西,6,5,6.77,03,差し,1,0.08,1.52.6
三国,7,予選,4,4210,松村康太,69,25,雪,北西,6,5,6.88,04,差し,4,0.23,1.54.1
三国,7,予選,3,4056,小西英輝,66,68,雪,北西,6,5,6.77,05,差し,3,0.12,.  .
三国,7,予選,5,5202,宮崎つぐみ,70,56,雪,北西,6,5,6.87,06,差し,6,0.18,.  .
三国,8,予選,1,4761,山田晃大,52,54,雪,北,3,3,6.78,01,逃げ,1,0.14,1.48.3
三国,8,予選,3,3388,今垣光太郎,67,60,雪,北,3,3,6.76,02,逃げ,2,0.32,1.49.6
三国,8,予選,4,4003,表憲一,59,43,雪,北,3,3,6.90,03,逃げ,3,0.34,1.51.0
三国,8,予選,6,5128,坪井爽佑,47,52,雪,北,3,3,6.71,04,逃げ,5,0.29,1.53.2
三国,8,予選,5,5038,金田智博,54,62,雪,北,3,3,6.75,05,逃げ,4,0.34,.  .
三国,9,予選,2,3872,岡田憲行,60,35,雪,北,3,3,6.67,01,差し,2,0.14,1.47.8
三国,9,予選,1,3635,石田政吾,49,58,雪,北,3,3,6.67,02,差し,1,0.14,1.49.2
三国,9,予選,4,3921,川村正輝,20,44,雪,北,3,3,6.74,03,差し,4,0.16,1.51.0
三国,9,予選,3,3870,寺嶋雄,37,59,雪,北,3,3,6.75,04,差し,3,0.17,1.53.0
三国,9,予選,5,5185,加藤優弥,44,12,雪,北,3,3,6.66,05,差し,5,0.11,.  .
三国,9,予選,6,4897,深見亜由美,34,17,雪,北,3,3,6.71,06,差し,6,0.28,.  .
三国,10,予選特賞,1,4561,藤山翔大,62,69,雪,北,3,3,6.60,01,逃げ,1,0.09,1.49.3
三国,10,予選特賞,5,4415,下出卓矢,53,51,雪,北,3,3,6.77,02,逃げ,6,0.09,1.50.3
三国,10,予選特賞,6,3268,森竜也,29,42,雪,北,3,3,6.84,03,逃げ,5,0.17,1.51.0
三国,10,予選特賞,3,4828,松山将吾,64,28,雪,北,3,3,6.71,04,逃げ,3,0.11,1.52.6
三国,10,予選特賞,4,4405,南野利騰,41,19,雪,北,3,3,6.79,05,逃げ,4,0.07,.  .
三国,10,予選特賞,2,4611,今井美亜,14,36,雪,北,3,3,6.71,06,逃げ,2,0.12,.  .
三国,11,記者特選,1,3654,武田光史,51,18,雪,北西,4,4,6.70,01,逃げ,1,0.09,1.47.8
三国,11,記者特選,3,4520,高倉孝太,57,37,雪,北西,4,4,6.76,02,逃げ,3,0.08,1.49.7
三国,11,記者特選,2,4659,木下翔太,50,67,雪,北西,4,4,6.73,03,逃げ,2,0.11,1.50.8
三国,11,記者特選,4,4692,酒井俊弘,40,23,雪,北西,4,4,6.76,04,逃げ,4,0.16,1.52.0
三国,11,記者特選,6,4903,吉田凌太朗,42,31,雪,北西,4,4,6.84,05,逃げ,6,0.19,.  .
三国,11,記者特選,5,4587,木田峰由季,13,41,雪,北西,4,4,6.81,06,逃げ,5,0.19,.  .
三国,12,ドリーム戦,5,4391,松田祐季,63,40,雪,北,3,3,6.76,01,まくり差し,5,0.17,1.47.9
三国,12,ドリーム戦,1,3388,今垣光太郎,67,60,雪,北,3,3,6.79,02,まくり差し,1,0.21,1.49.6
三国,12,ドリーム戦,2,4013,中島孝平,27,38,雪,北,3,3,6.88,03,まくり差し,2,0.21,1.50.4
三国,12,ドリーム戦,4,3833,中辻博訓,22,71,雪,北,3,3,6.79,04,まくり差し,4,0.12,1.50.5
三国,12,ドリーム戦,6,3912,川原正明,15,46,雪,北,3,3,6.80,05,まくり差し,6,0.28,.  .
三国,12,ドリーム戦,3,4061,萩原秀人,12,15,雪,北,3,3,6.74,06,まくり差し,3,0.18,.  .
津,1,ツッキーレー,1,4227,安達裕樹,33,45,曇り,北西,4,2,6.74,01,逃げ,1,0.09,1.48.7
津,1,ツッキーレー,5,4306,畔柳俊吾,71,56,曇り,北西,4,2,6.79,02,逃げ,5,0.21,1.51.8
津,1,ツッキーレー,4,3922,菅沼佳昭,26,30,曇り,北西,4,2,6.70,03,逃げ,4,0.17,1.53.6
津,1,ツッキーレー,2,4663,籾山佳岳,56,64,曇り,北西,4,2,6.81,04,逃げ,2,0.16,1.53.7
津,1,ツッキーレー,3,4911,片岡大地,45,57,曇り,北西,4,2,6.74,05,逃げ,3,0.13,.  .
津,1,ツッキーレー,6,4565,西村豪洋,68,70,曇り,北西,4,2,6.81,06,逃げ,6,0.30,.  .
津,2,予選,1,3644,矢橋成介,51,55,曇り,北西,4,2,6.76,01,逃げ,1,0.02,1.50.8
津,2,予選,3,4626,伊藤紘章,19,43,曇り,北西,4,2,6.82,02,逃げ,3,0.17,1.53.0
津,2,予選,6,4962,畑竜生,53,53,曇り,北西,4,2,6.73,03,逃げ,6,0.13,1.53.7
津,2,予選,5,3848,川上聡介,31,48,曇り,北西,4,2,6.75,04,逃げ,5,0.15,1.54.0
津,2,予選,4,5098,大江純,60,68,曇り,北西,4,2,6.88,05,逃げ,4,0.09,.  .
津,2,予選,2,3823,本部真吾,27,61,曇り,北西,4,2,6.74,06,逃げ,2,0.05,.  .
津,3,予選,1,4139,丹下健,23,18,曇り,北西,5,3,6.75,01,逃げ,1,0.12,1.51.1
津,3,予選,2,4926,吉川貴仁,66,33,曇り,北西,5,3,6.65,02,逃げ,2,0.14,1.52.2
津,3,予選,4,4579,中嶋健一郎,25,60,曇り,北西,5,3,6.72,03,逃げ,4,0.21,1.53.4
津,3,予選,3,4780,マイケル田代,14,14,曇り,北西,5,3,6.62,04,逃げ,3,0.08,1.54.3
津,3,予選,6,4376,藤田靖弘,24,16,曇り,北西,5,3,6.73,05,逃げ,6,0.20,.  .
津,3,予選,5,3842,星野太郎,67,40,曇り,北西,5,3,6.83,06,逃げ,5,0.22,.  .
津,4,予選,2,3984,坂口周,29,11,曇り,北西,5,3,6.79,01,抜き,2,0.14,2.01.5
津,4,予選,1,4129,宇野博之,63,23,曇り,北西,5,3,6.77,02,抜き,1,0.14,2.05.4
津,4,予選,3,3392,小森信雄,44,39,曇り,北西,5,3,6.83,03,抜き,3,0.23,2.08.1
津,4,予選,5,3776,横井健太,52,22,曇り,北西,5,3,6.72,04,抜き,5,0.12,2.09.1
津,4,予選,6,4796,春園功太,50,72,曇り,北西,5,3,6.74,05,抜き,6,0.13,.  .
津,5,５ールドレー,1,4230,濱崎直矢,54,34,曇り,北西,6,5,6.71,01,逃げ,1,0.24,1.51.2
津,5,５ールドレー,2,3922,菅沼佳昭,26,30,曇り,北西,6,5,6.62,02,逃げ,2,0.22,1.54.1
津,5,５ールドレー,6,5130,上野拓馬,37,36,曇り,北西,6,5,6.80,03,逃げ,6,0.20,1.55.4
津,5,５ールドレー,5,3945,橋口真樹,21,75,曇り,北西,6,5,6.80,04,逃げ,5,0.18,1.55.8
津,5,５ールドレー,3,4467,渡邉俊介,46,51,曇り,北西,6,5,6.70,05,逃げ,3,0.28,.  .
津,5,５ールドレー,4,4181,花本夏樹,20,59,曇り,北西,6,5,6.91,06,逃げ,4,0.34,.  .
津,6,予選,6,4344,新田雄史,40,47,曇り,北西,5,3,6.80,01,まくり,5,0.12,1.50.0
津,6,予選,1,4273,佐藤旭,49,28,曇り,北西,5,3,6.72,02,まくり,1,0.16,1.51.6
津,6,予選,5,5161,登玉隼百,32,58,曇り,北西,5,3,6.78,03,まくり,6,0.12,1.53.2
津,6,予選,3,4663,籾山佳岳,56,64,曇り,北西,5,3,6.83,04,まくり,3,0.15,1.54.0
津,6,予選,4,3644,矢橋成介,51,55,曇り,北西,5,3,6.74,05,まくり,4,0.32,.  .
津,6,予選,2,4340,土性雅也,64,62,曇り,北西,5,3,6.82,06,まくり,2,0.14,.  .
津,7,予選,1,3848,川上聡介,31,48,曇り,北西,5,3,6.76,01,逃げ,1,0.17,1.50.4
津,7,予選,2,4066,東本勝利,34,29,曇り,北西,5,3,6.68,02,逃げ,2,0.26,1.51.9
津,7,予選,4,4049,荒川健太,47,13,曇り,北西,5,3,6.75,03,逃げ,4,0.19,1.53.4
津,7,予選,6,4543,重木輝彦,39,20,曇り,北西,5,3,6.65,04,逃げ,6,0.19,1.54.7
津,7,予選,3,4306,畔柳俊吾,71,56,曇り,北西,5,3,6.90,05,逃げ,3,0.21,.  .
津,7,予選,5,4579,中嶋健一郎,25,60,曇り,北西,5,3,6.78,06,逃げ,5,0.18,.  .
津,8,予選,1,4466,南佑典,30,49,曇り,北西,5,3,6.77,01,逃げ,1,0.07,1.51.8
津,8,予選,2,4780,マイケル田代,14,14,曇り,北西,5,3,6.68,02,逃げ,2,0.07,1.52.2
津,8,予選,6,4261,岡祐臣,62,24,曇り,北西,5,3,6.78,03,逃げ,6,0.25,1.54.0
津,8,予選,4,4847,佐藤隆太郎,69,26,曇り,北西,5,3,6.83,04,逃げ,4,0.10,1.54.8
津,8,予選,3,3823,本部真吾,27,61,曇り,北西,5,3,6.79,05,逃げ,3,0.12,.  .
津,8,予選,5,3392,小森信雄,44,39,曇り,北西,5,3,6.77,06,逃げ,5,0.20,.  .
津,9,予選,3,4230,濱崎直矢,54,34,曇り,北西,5,3,6.69,01,まくり,3,0.18,1.50.1
津,9,予選,1,4960,黒野元基,17,15,曇り,北西,5,3,6.64,02,まくり,1,0.28,1.52.2
津,9,予選,6,4808,松尾拓,70,17,曇り,北西,5,3,6.74,03,まくり,6,0.16,1.53.8
津,9,予選,2,4626,伊藤紘章,19,43,曇り,北西,5,3,6.71,04,まくり,2,0.33,1.55.0
津,9,予選,4,4943,八木治樹,22,69,曇り,北西,5,3,6.70,05,まくり,4,0.21,.  .
津,9,予選,5,4796,春園功太,50,72,曇り,北西,5,3,6.67,06,まくり,5,0.17,.  .
津,10,予選,4,4344,新田雄史,40,47,曇り,北西,4,2,6.75,01,差し,4,0.15,1.50.5
津,10,予選,5,4754,松尾充,73,54,曇り,北西,4,2,6.84,02,差し,5,0.12,1.51.8
津,10,予選,1,3842,星野太郎,67,40,曇り,北西,4,2,6.81,03,差し,1,0.17,1.52.7
津,10,予選,6,4568,廣瀬真也,57,32,曇り,北西,4,2,6.78,04,差し,6,0.24,1.54.4
津,10,予選,2,5098,大江純,60,31,曇り,北西,4,2,6.78,05,差し,2,0.17,.  .
津,10,予選,3,4565,西村豪洋,68,70,曇り,北西,4,2,6.77,06,差し,3,0.16,.  .
津,11,新春特選,1,4340,土性雅也,64,62,曇り,北西,3,2,6.77,01,逃げ,1,0.14,1.49.2
津,11,新春特選,3,4227,安達裕樹,33,45,曇り,北西,3,2,6.80,02,逃げ,3,0.17,1.51.6
津,11,新春特選,2,4181,花本夏樹,20,59,曇り,北西,3,2,6.81,03,逃げ,2,0.17,1.52.4
津,11,新春特選,5,4543,重木輝彦,39,20,曇り,北西,3,2,6.78,04,逃げ,5,0.29,1.52.9
津,11,新春特選,4,4926,吉川貴仁,66,33,曇り,北西,3,2,6.65,05,逃げ,4,0.21,.  .
津,11,新春特選,6,3776,横井健太,52,22,曇り,北西,3,2,6.67,06,逃げ,6,0.28,.  .
津,12,ツッキー選抜,1,3984,坂口周,29,11,曇り,北西,2,1,6.68,01,逃げ,1,0.17,1.49.3
津,12,ツッキー選抜,3,4049,荒川健太,47,13,曇り,北西,2,1,6.77,02,逃げ,3,0.15,1.50.1
津,12,ツッキー選抜,4,4376,藤田靖弘,24,16,曇り,北西,2,1,6.78,03,逃げ,4,0.16,1.51.3
津,12,ツッキー選抜,2,4090,中村尊,65,63,曇り,北西,2,1,6.79,04,逃げ,2,0.13,1.52.4
津,12,ツッキー選抜,6,4467,渡邉俊介,46,51,曇り,北西,2,1,6.73,05,逃げ,6,0.15,.  .
津,12,ツッキー選抜,5,4847,佐藤隆太郎,69,26,曇り,北西,2,1,6.82,06,逃げ,5,0.12,.  .
常滑,1,予選,4,5174,川井萌,2,47,晴,北,2,1,6.73,01,まくり,4,0.04,1.47.8
常滑,1,予選,2,5078,山川波乙,28,52,晴,北,2,1,6.73,02,まくり,2,0.09,1.49.1
常滑,1,予選,3,3693,栢場優子,65,15,晴,北,2,1,6.73,03,まくり,3,0.11,1.51.7
常滑,1,予選,5,5019,柴田百恵,17,73,晴,北,2,1,6.77,04,まくり,5,0.15,1.52.6
常滑,1,予選,6,5182,宮崎安奈,16,35,晴,北,2,1,6.80,05,まくり,6,0.08,.  .
常滑,1,予選,1,4781,西舘果里,51,53,晴,北,2,1,6.81,06,まくり,1,0.01,.  .
常滑,2,予選,5,3022,西山昇一,9,34,晴,北西,2,1,6.70,01,まくり,5,0.18,1.48.7
常滑,2,予選,6,5033,藤原孝斗,62,19,晴,北西,2,1,6.68,02,まくり,6,0.19,1.50.5
常滑,2,予選,1,4421,森作広大,3,46,晴,北西,2,1,6.68,03,まくり,1,0.24,1.52.6
常滑,2,予選,3,4492,本多宏和,10,21,晴,北西,2,1,6.66,04,まくり,3,0.21,1.53.1
常滑,2,予選,2,4298,宮下元胤,4,38,晴,北西,2,1,6.65,05,まくり,2,0.24,.  .
常滑,2,予選,4,4358,松本庸平,32,57,晴,北西,2,1,6.73,06,まくり,4,0.21,.  .
常滑,3,予選,3,3831,安藤裕貴,49,70,晴,北西,4,3,6.71,01,恵まれ,3,0.05,1.49.0
常滑,3,予選,4,4104,木下陽介,47,42,晴,北西,4,3,6.65,02,恵まれ,4,0.01,1.50.1
常滑,3,予選,2,4369,丹下将,56,62,晴,北西,4,3,6.66,03,恵まれ,2,0.06,1.51.6
常滑,3,予選,6,4274,長畑友輔,35,30,晴,北西,4,3,6.71,04,恵まれ,6,0.19,1.52.3
常滑,3,予選,5,4228,吉田慎二郎,18,54,晴,北西,4,3,6.72,05,恵まれ,5,0.15,.  .
常滑,4,予選,3,4650,中山雄太,30,68,曇り,北西,3,2,6.66,01,抜き,3,0.15,1.48.3
常滑,4,予選,6,3713,伊藤誠二,19,32,曇り,北西,3,2,6.69,02,抜き,5,0.18,1.49.4
常滑,4,予選,5,3502,渡邉英児,41,24,曇り,北西,3,2,6.66,03,抜き,4,0.19,1.52.1
常滑,4,予選,2,3868,尾形栄治,6,43,曇り,北西,3,2,6.72,04,抜き,2,0.19,1.52.8
常滑,4,予選,1,4067,永井源,39,45,曇り,北西,3,2,6.68,05,抜き,1,0.22,.  .
常滑,4,予選,4,5165,小林愛実,25,74,曇り,北西,3,2,6.71,06,抜き,6,0.24,.  .
常滑,5,予選,1,4483,北野輝季,42,50,曇り,北西,3,2,6.69,01,逃げ,1,0.16,1.47.7
常滑,5,予選,3,4409,坂元浩仁,57,20,曇り,北西,3,2,6.73,02,逃げ,3,0.25,1.48.7
常滑,5,予選,5,5137,川原涼,53,64,曇り,北西,3,2,6.63,03,逃げ,5,0.30,1.51.0
常滑,5,予選,4,4781,西舘果里,51,53,曇り,北西,3,2,6.73,04,逃げ,4,0.25,1.52.2
常滑,5,予選,6,4509,平見真彦,31,29,曇り,北西,3,2,6.64,05,逃げ,6,0.33,.  .
常滑,5,予選,2,4875,大塚康雅,50,26,曇り,北西,3,2,6.82,06,逃げ,2,0.36,.  .
常滑,6,予選,3,4337,平本真之,46,67,晴,北,4,3,6.65,01,まくり差し,3,0.20,1.47.6
常滑,6,予選,1,4518,大須賀友,13,18,晴,北,4,3,6.61,02,まくり差し,1,0.14,1.50.3
常滑,6,予選,4,4197,渥美卓郎,22,59,晴,北,4,3,6.75,03,まくり差し,4,0.27,1.51.7
常滑,6,予選,5,4706,三浦洋次朗,61,13,晴,北,4,3,6.65,04,まくり差し,5,0.22,1.52.2
常滑,6,予選,2,5169,堀本翔太,11,48,晴,北,4,3,6.72,05,まくり差し,2,0.28,.  .
常滑,6,予選,6,3693,栢場優子,65,15,晴,北,4,3,6.65,06,まくり差し,6,0.33,.  .
常滑,7,予選,6,3687,花田和明,29,65,晴,北,3,2,6.70,01,抜き,2,0.17,1.48.6
常滑,7,予選,5,3637,齋藤和政,14,31,晴,北,3,2,6.75,02,抜き,5,0.17,1.50.1
常滑,7,予選,4,4586,磯部誠,40,61,晴,北,3,2,6.68,03,抜き,4,0.17,1.51.5
常滑,7,予選,1,4104,木下陽介,47,42,晴,北,3,2,6.64,04,抜き,1,0.23,1.52.2
常滑,7,予選,2,4914,吉田裕平,58,72,晴,北,3,2,6.60,05,抜き,3,0.27,.  .
常滑,7,予選,3,5174,川井萌,2,47,晴,北,3,2,6.64,06,抜き,6,0.17,.  .
常滑,8,予選,1,4298,宮下元胤,4,38,曇り,北,2,1,6.63,01,逃げ,1,0.10,2.00.9
常滑,8,予選,4,4983,前田篤哉,38,14,曇り,北,2,1,6.61,02,逃げ,4,0.12,2.03.4
常滑,8,予選,2,4650,中山雄太,30,68,曇り,北,2,1,6.65,03,逃げ,2,0.11,2.08.6
常滑,8,予選,6,3315,広瀬聖仁,45,27,曇り,北,2,1,6.71,04,逃げ,6,0.16,2.09.8
常滑,8,予選,5,4274,長畑友輔,35,30,曇り,北,2,1,6.68,05,逃げ,5,0.15,.  .
常滑,9,予選,4,4409,坂元浩仁,57,20,曇り,北,3,2,6.72,01,まくり,4,0.15,1.47.8
常滑,9,予選,2,3362,間嶋仁志,15,69,曇り,北,3,2,6.65,02,まくり,3,0.25,1.50.1
常滑,9,予選,5,5182,宮崎安奈,16,35,曇り,北,3,2,6.72,03,まくり,6,0.17,1.52.0
常滑,9,予選,6,3831,安藤裕貴,49,70,曇り,北,3,2,6.77,04,まくり,5,0.15,1.54.7
常滑,9,予選,3,4358,松本庸平,32,57,曇り,北,3,2,6.71,05,まくり,2,0.26,.  .
常滑,9,予選,1,4786,佐藤博亮,64,75,曇り,北,3,2,6.69,06,まくり,1,0.22,.  .
常滑,10,予選,6,4084,杉山正樹,43,56,曇り,北,3,2,6.65,01,まくり,6,0.17,1.48.4
常滑,10,予選,1,3022,西山昇一,9,34,曇り,北,3,2,6.62,02,まくり,1,0.12,1.49.4
常滑,10,予選,4,4067,永井源,39,45,曇り,北,3,2,6.72,03,まくり,4,0.19,1.51.8
常滑,10,予選,2,4142,平野和明,33,39,曇り,北,3,2,6.64,04,まくり,2,0.13,1.52.9
常滑,10,予選,3,5078,山川波乙,28,52,曇り,北,3,2,6.69,05,まくり,3,0.12,.  .
常滑,10,予選,5,5169,堀本翔太,11,48,曇り,北,3,2,6.76,06,まくり,5,0.20,.  .
常滑,11,予選,1,4492,本多宏和,10,21,曇り,北,3,2,6.65,01,逃げ,1,0.03,1.48.2
常滑,11,予選,2,3713,伊藤誠二,19,32,曇り,北,3,2,6.70,02,逃げ,2,0.08,1.49.5
常滑,11,予選,6,4914,吉田裕平,58,72,曇り,北,3,2,6.66,03,逃げ,5,0.12,1.50.7
常滑,11,予選,5,4518,大須賀友,13,18,曇り,北,3,2,6.57,04,逃げ,4,0.14,1.52.2
常滑,11,予選,3,4228,吉田慎二郎,18,54,曇り,北,3,2,6.71,05,逃げ,3,0.10,.  .
常滑,11,予選,4,4875,大塚康雅,50,26,曇り,北,3,2,6.71,06,逃げ,6,0.15,.  .
常滑,12,予選,3,4483,北野輝季,42,50,曇り,北,3,2,6.67,01,差し,3,0.18,1.54.1
常滑,12,予選,6,4983,前田篤哉,38,14,曇り,北,3,2,6.66,02,差し,6,0.11,2.00.7
常滑,12,予選,2,3502,渡邉英児,41,24,曇り,北,3,2,6.69,03,差し,2,0.20,2.05.2
蒲郡,1,予選,1,4901,出口舞有子,26,56,晴,北西,4,2,6.58,01,逃げ,1,0.11,1.47.2
蒲郡,1,予選,4,4627,藤原菜希,43,74,晴,北西,4,2,6.48,02,逃げ,6,0.07,1.49.1
蒲郡,1,予選,5,4984,森下愛梨,31,40,晴,北西,4,2,6.63,03,逃げ,4,0.13,1.51.2
蒲郡,1,予選,2,3177,宮本紀美,36,45,晴,北西,4,2,6.59,04,逃げ,2,0.17,1.52.5
蒲郡,1,予選,3,3528,笠野友紀恵,76,12,晴,北西,4,2,6.67,05,逃げ,3,0.14,.  .
蒲郡,1,予選,6,5140,吉田彩乃,24,77,晴,北西,4,2,6.64,06,逃げ,5,0.19,.  .
蒲郡,2,予選,1,5061,中村駿平,14,71,晴,北西,4,2,6.53,01,恵まれ,2,0.01,1.48.8
蒲郡,2,予選,2,4910,中村泰平,17,50,晴,北西,4,2,6.59,02,恵まれ,4,0.05,1.50.4
蒲郡,2,予選,3,4979,中野夢斗,39,48,晴,北西,4,2,6.64,03,恵まれ,5,0.05,1.52.0
蒲郡,2,予選,5,5230,石原凪紗,65,16,晴,北西,4,2,6.70,04,恵まれ,6,0.11,1.58.2
蒲郡,3,予選,6,3554,仲口博崇,61,41,晴,北西,5,3,6.69,01,まくり,2,0.28,1.55.8
蒲郡,3,予選,4,4216,星栄爾,69,34,晴,北西,5,3,6.70,02,まくり,5,0.22,1.59.4
蒲郡,3,予選,2,5139,大場恒季,47,36,晴,北西,5,3,6.69,03,まくり,3,0.24,2.01.3
蒲郡,3,予選,1,5063,大塚雅治,66,43,晴,北西,5,3,6.68,04,まくり,1,0.24,2.06.3
蒲郡,3,予選,5,5127,沼田大都,64,27,晴,北西,5,3,6.65,05,まくり,6,0.19,.  .
蒲郡,4,予選,2,4080,山崎哲司,29,61,晴,北西,5,3,6.68,01,まくり,3,0.17,1.48.0
蒲郡,4,予選,5,4269,杉山裕也,11,73,晴,北西,5,3,6.57,02,まくり,5,0.17,1.48.4
蒲郡,4,予選,4,5039,倉田茂将,12,13,晴,北西,5,3,6.69,03,まくり,4,0.18,1.52.1
蒲郡,4,予選,1,4215,吉島祥之,60,66,晴,北西,5,3,6.67,04,まくり,1,0.54,1.54.0
蒲郡,4,予選,3,4062,後藤陽介,71,22,晴,北西,5,3,6.66,05,まくり,2,0.39,.  .
蒲郡,4,予選,6,5205,刑部亜里紗,58,67,晴,北西,5,3,6.66,06,まくり,6,0.25,.  .
蒲郡,5,予選,3,4276,鈴木勝博,37,33,晴,北西,5,3,6.71,01,まくり,3,0.09,1.48.0
蒲郡,5,予選,1,4984,森下愛梨,31,40,晴,北西,5,3,6.72,02,まくり,1,0.20,1.49.2
蒲郡,5,予選,2,4526,池田雄祐,55,26,晴,北西,5,3,6.70,03,まくり,2,0.14,1.50.8
蒲郡,5,予選,6,3946,赤岩善生,62,53,晴,北西,5,3,6.74,04,まくり,4,0.18,1.51.2
蒲郡,5,予選,4,4231,鈴木裕隆,72,31,晴,北西,5,3,6.76,05,まくり,5,0.15,.  .
蒲郡,5,予選,5,4752,西尾亮輔,34,47,晴,北西,5,3,6.69,06,まくり,6,0.39,.  .
蒲郡,6,予選,5,3621,天野晶夫,19,38,晴,北西,4,2,6.71,01,まくり,4,0.05,1.48.1
蒲郡,6,予選,1,4076,杉田篤光,20,37,晴,北西,4,2,6.72,02,まくり,1,0.22,1.49.6
蒲郡,6,予選,2,4604,岩瀬裕亮,15,28,晴,北西,4,2,6.70,03,まくり,2,0.16,1.51.0
蒲郡,6,予選,3,5082,一色凌雅,53,54,晴,北西,4,2,6.71,04,まくり,3,0.16,1.52.4
蒲郡,6,予選,4,5140,吉田彩乃,24,77,晴,北西,4,2,6.75,05,まくり,5,0.16,.  .
蒲郡,6,予選,6,5230,石原凪紗,65,16,晴,北西,4,2,6.72,06,まくり,6,0.28,.  .
蒲郡,7,予選,4,4074,柳沢一,49,60,晴,北西,5,3,6.72,01,まくり,4,0.14,1.47.7
蒲郡,7,予選,5,4850,野中一平,45,39,晴,北西,5,3,6.71,02,まくり,5,0.15,1.48.6
蒲郡,7,予選,1,4199,北川潤二,35,32,晴,北西,5,3,6.73,03,まくり,1,0.29,1.50.7
蒲郡,7,予選,2,2538,高橋二朗,74,49,晴,北西,5,3,6.69,04,まくり,2,0.35,1.52.3
蒲郡,7,予選,6,5127,沼田大都,64,27,晴,北西,5,3,6.73,05,まくり,6,0.15,.  .
蒲郡,7,予選,3,4016,西川新太郎,25,30,晴,北西,5,3,6.76,06,まくり,3,0.27,.  .
蒲郡,8,予選,1,4308,河村了,59,29,晴,北西,4,2,6.67,01,逃げ,1,0.07,1.47.2
蒲郡,8,予選,5,4207,松下一也,16,68,晴,北西,4,2,6.73,02,逃げ,5,0.02,1.49.5
蒲郡,8,予選,2,4062,後藤陽介,71,22,晴,北西,4,2,6.69,03,逃げ,2,0.11,1.50.9
蒲郡,8,予選,6,3177,宮本紀美,36,45,晴,北西,4,2,6.69,04,逃げ,6,0.06,1.52.2
蒲郡,8,予選,4,5063,大塚雅治,66,43,晴,北西,4,2,6.76,05,逃げ,4,0.08,.  .
蒲郡,8,予選,3,5061,中村駿平,14,71,晴,北西,4,2,6.71,06,逃げ,3,0.06,.  .
蒲郡,9,予選,3,3957,大谷直弘,68,70,晴,北西,3,1,6.81,01,まくり,3,0.32,1.48.5
蒲郡,9,予選,1,3988,古川誠之,23,59,晴,北西,3,1,6.83,02,まくり,1,0.35,1.49.5
蒲郡,9,予選,4,3554,仲口博崇,61,41,晴,北西,3,1,6.85,03,まくり,4,0.25,1.51.2
蒲郡,9,予選,6,3730,塩崎優司,57,46,晴,北西,3,1,6.89,04,まくり,5,0.11,1.52.3
蒲郡,9,予選,5,4627,藤原菜希,43,74,晴,北西,3,1,6.71,05,まくり,6,0.13,.  .
蒲郡,9,予選,2,5039,倉田茂将,12,13,晴,北西,3,1,6.84,06,まくり,2,0.36,.  .
蒲郡,10,予選,1,4269,杉山裕也,11,73,晴,北西,3,1,6.62,01,逃げ,1,0.05,1.46.8
蒲郡,10,予選,3,4118,宇佐見淳,46,63,晴,北西,3,1,6.74,02,逃げ,3,0.08,1.48.0
蒲郡,10,予選,2,4231,鈴木裕隆,72,31,晴,北西,3,1,6.71,03,逃げ,2,0.07,1.49.9
蒲郡,10,予選,6,3929,杢野誓良,52,75,晴,北西,3,1,6.75,04,逃げ,6,0.06,1.50.5
蒲郡,10,予選,4,4570,前田聖文,77,19,晴,北西,3,1,6.77,05,逃げ,4,0.15,.  .
蒲郡,10,予選,5,3690,河合三弘,54,69,晴,北西,3,1,6.83,06,逃げ,5,0.21,.  .
蒲郡,11,予選特賞,1,4604,岩瀬裕亮,15,28,晴,北西,3,1,6.68,01,逃げ,1,0.10,1.46.3
蒲郡,11,予選特賞,3,3946,赤岩善生,62,53,晴,北西,3,1,6.73,02,逃げ,3,0.10,1.47.6
蒲郡,11,予選特賞,4,4850,野中一平,45,39,晴,北西,3,1,6.67,03,逃げ,4,0.09,1.49.6
蒲郡,11,予選特賞,2,4215,吉島祥之,60,66,晴,北西,3,1,6.76,04,逃げ,2,0.17,1.51.7
蒲郡,11,予選特賞,5,3893,汐崎正則,41,57,晴,北西,3,1,6.78,05,逃げ,5,0.14,.  .
蒲郡,11,予選特賞,6,4216,星栄爾,69,34,晴,北西,3,1,6.77,06,逃げ,6,0.14,.  .
蒲郡,12,予選特選,1,4074,柳沢一,49,60,晴,北西,2,1,6.67,01,逃げ,1,0.11,1.46.6
蒲郡,12,予選特選,3,4308,河村了,59,29,晴,北西,2,1,6.60,02,逃げ,3,0.14,1.48.4
蒲郡,12,予選特選,5,4276,鈴木勝博,37,33,晴,北西,2,1,6.67,03,逃げ,4,0.16,1.49.6
蒲郡,12,予選特選,6,4910,中村泰平,17,50,晴,北西,2,1,6.69,04,逃げ,6,0.26,1.50.9
蒲郡,12,予選特選,4,4080,山崎哲司,29,61,晴,北西,2,1,6.69,05,逃げ,5,0.19,.  .
蒲郡,12,予選特選,2,3621,天野晶夫,19,38,晴,北西,2,1,6.67,06,逃げ,2,0.24,.  .
浜名湖,1,予選,1,2014,高塚清一,13,68,晴,北西,4,2,6.66,01,逃げ,1,0.18,1.49.4
浜名湖,1,予選,4,3839,川合理司,56,44,晴,北西,4,2,6.79,02,逃げ,4,0.16,1.50.5
浜名湖,1,予選,2,3461,渡邊哲也,19,22,晴,北西,4,2,6.73,03,逃げ,2,0.16,1.53.3
浜名湖,1,予選,3,4417,服部剛,28,58,晴,北西,4,2,6.73,04,逃げ,3,0.20,1.54.2
浜名湖,1,予選,6,3718,伊達正利,31,18,晴,北西,4,2,6.77,05,逃げ,6,0.20,.  .
浜名湖,1,予選,5,4124,池田雄一,43,51,晴,北西,4,2,6.71,06,逃げ,5,0.15,.  .
浜名湖,2,予選,1,4989,石原翼,57,56,晴,北西,5,3,6.75,01,逃げ,1,0.13,1.48.5
浜名湖,2,予選,5,3959,坪井康晴,33,11,晴,北西,5,3,6.66,02,逃げ,5,0.20,1.50.3
浜名湖,2,予選,6,3563,堤昇,11,19,晴,北西,5,3,6.68,03,逃げ,6,0.18,1.51.2
浜名湖,2,予選,2,4150,山田雄太,64,28,晴,北西,5,3,6.74,04,逃げ,2,0.19,1.51.4
浜名湖,2,予選,3,4918,川島拓郎,32,43,晴,北西,5,3,6.83,05,逃げ,3,0.21,.  .
浜名湖,2,予選,4,4327,加藤翔,26,20,晴,北西,5,3,6.77,06,逃げ,4,0.36,.  .
浜名湖,3,予選,6,4933,板橋侑我,63,39,晴,北,6,4,6.73,01,まくり差し,6,0.07,1.49.2
浜名湖,3,予選,1,4840,鈴木秀茉,20,63,晴,北,6,4,6.87,02,まくり差し,1,0.24,1.51.3
浜名湖,3,予選,4,4058,野末智一,36,76,晴,北,6,4,6.86,03,まくり差し,4,0.14,1.52.1
浜名湖,3,予選,2,3987,後藤正宗,34,61,晴,北,6,4,6.88,04,まくり差し,2,0.34,1.52.2
浜名湖,3,予選,3,5034,若林義人,9,49,晴,北,6,4,6.85,05,まくり差し,3,0.35,.  .
浜名湖,3,予選,5,3995,重野哲之,41,69,晴,北,6,4,6.82,06,まくり差し,5,0.08,.  .
浜名湖,4,ランチタイム,2,5080,鈴木慶太,48,45,晴,北,8,4,6.73,01,差し,2,0.20,1.52.6
浜名湖,4,ランチタイム,1,3422,服部幸男,8,37,晴,北,8,4,6.82,02,差し,1,0.21,1.54.2
浜名湖,4,ランチタイム,5,3796,長野道臣,54,40,晴,北,8,4,6.81,03,差し,6,0.28,1.55.5
浜名湖,4,ランチタイム,3,3630,黒田誠司,37,54,晴,北,8,4,6.75,04,差し,3,0.19,1.56.2
浜名湖,4,ランチタイム,6,3591,後藤孝義,14,33,晴,北,8,4,6.82,05,差し,4,0.32,.  .
浜名湖,4,ランチタイム,4,5110,杉山喜一,53,48,晴,北,8,4,6.83,06,差し,5,0.25,.  .
浜名湖,5,予選,5,4494,河合佑樹,27,64,晴,北,8,4,6.91,01,まくり差し,5,0.08,1.49.9
浜名湖,5,予選,1,4793,金子萌,65,32,晴,北,8,4,6.95,02,まくり差し,1,0.01,1.51.4
浜名湖,5,予選,3,3909,佐々木康幸,18,27,晴,北,8,4,6.96,03,まくり差し,3,0.11,1.53.4
浜名湖,5,予選,6,3811,石田章央,50,55,晴,北,8,4,6.86,04,まくり差し,6,0.07,1.54.2
浜名湖,5,予選,2,4380,鈴木峻佑,15,65,晴,北,8,4,6.95,05,まくり差し,2,0.09,.  .
浜名湖,5,予選,4,4417,服部剛,28,58,晴,北,8,4,6.94,06,まくり差し,4,0.11,.  .
浜名湖,6,予選,2,4131,原豊土,25,34,晴,北,6,4,6.72,01,差し,2,0.05,1.49.7
浜名湖,6,予選,3,4073,大橋純一郎,61,73,晴,北,6,4,6.79,02,差し,3,0.08,1.50.6
浜名湖,6,予選,1,4918,川島拓郎,32,43,晴,北,6,4,6.81,03,差し,1,0.05,1.52.5
浜名湖,6,予選,4,3294,野中義生,3,24,晴,北,6,4,6.86,04,差し,4,0.08,1.52.6
浜名湖,6,予選,5,4581,吉村誠,24,66,晴,北,6,4,6.85,05,差し,5,0.08,.  .
浜名湖,6,予選,6,4033,伊藤将吉,38,74,晴,北,6,4,6.80,06,差し,6,0.13,.  .
浜名湖,7,ブレイクタイ,2,5076,石原光,29,14,晴,北西,6,4,6.77,01,差し,2,0.15,1.50.7
浜名湖,7,ブレイクタイ,1,3995,重野哲之,41,69,晴,北西,6,4,6.76,02,差し,1,0.10,1.52.1
浜名湖,7,ブレイクタイ,6,4740,齋藤達希,2,30,晴,北西,6,4,6.78,03,差し,5,0.24,1.53.7
浜名湖,7,ブレイクタイ,5,3461,渡邊哲也,19,22,晴,北西,6,4,6.86,04,差し,6,0.21,1.54.7
浜名湖,7,ブレイクタイ,3,4327,加藤翔,26,20,晴,北西,6,4,6.83,05,差し,3,0.51,.  .
浜名湖,7,ブレイクタイ,4,3744,徳増秀樹,22,36,晴,北西,6,4,6.72,06,差し,4,0.17,.  .
浜名湖,8,予選,1,3489,大場敏,1,23,晴,北,6,4,6.74,01,逃げ,1,0.09,1.49.1
浜名湖,8,予選,2,3591,後藤孝義,14,33,晴,北,6,4,6.76,02,逃げ,2,0.09,1.51.4
浜名湖,8,予選,6,3959,坪井康晴,33,11,晴,北,6,4,6.70,03,逃げ,6,0.13,1.52.0
浜名湖,8,予選,3,4124,池田雄一,43,51,晴,北,6,4,6.81,04,逃げ,3,0.11,1.52.5
浜名湖,8,予選,5,4068,幸田智裕,7,72,晴,北,6,4,6.75,05,逃げ,5,0.12,.  .
浜名湖,8,予選,4,5034,若林義人,9,49,晴,北,6,4,6.77,06,逃げ,4,0.16,.  .
浜名湖,9,予選,5,4150,山田雄太,64,28,晴,北西,5,3,6.75,01,まくり差し,5,0.09,1.50.2
浜名湖,9,予選,4,2014,高塚清一,13,68,晴,北西,5,3,6.82,02,まくり差し,4,0.09,1.50.4
浜名湖,9,予選,6,4342,谷野錬志,6,59,晴,北西,5,3,6.77,03,まくり差し,6,0.07,1.52.0
浜名湖,9,予選,1,3909,佐々木康幸,18,27,晴,北西,5,3,6.78,04,まくり差し,1,0.20,1.53.1
浜名湖,9,予選,3,4625,渡邊裕貴,52,29,晴,北西,5,3,6.82,05,まくり差し,3,0.37,.  .
浜名湖,9,予選,2,3156,金子良昭,4,25,晴,北西,5,3,6.79,06,まくり差し,2,0.39,.  .
浜名湖,10,予選,4,3811,石田章央,50,55,晴,北,6,4,6.77,01,まくり,5,0.07,1.48.8
浜名湖,10,予選,6,3956,横澤剛治,39,17,晴,北,6,4,6.82,02,まくり,6,0.12,1.49.9
浜名湖,10,予選,1,4581,吉村誠,24,66,晴,北,6,4,6.87,03,まくり,1,0.03,1.52.5
浜名湖,10,予選,2,4058,野末智一,36,76,晴,北,6,4,6.83,04,まくり,3,0.16,1.54.0
浜名湖,10,予選,5,3422,服部幸男,8,37,晴,北,6,4,6.81,05,まくり,2,0.08,.  .
浜名湖,10,予選,3,4989,石原翼,57,56,晴,北,6,4,6.81,06,まくり,4,0.18,.  .
浜名湖,11,静岡新聞社特,1,3744,徳増秀樹,22,36,晴,北西,5,3,6.71,01,逃げ,1,0.09,1.48.9
浜名湖,11,静岡新聞社特,4,4073,大橋純一郎,61,73,晴,北西,5,3,6.79,02,逃げ,4,0.15,1.50.2
浜名湖,11,静岡新聞社特,2,4360,庄司孝輔,30,53,晴,北西,5,3,6.70,03,逃げ,2,0.11,1.50.5
浜名湖,11,静岡新聞社特,6,4494,河合佑樹,27,64,晴,北西,5,3,6.81,04,逃げ,6,0.29,1.53.7
浜名湖,11,静岡新聞社特,3,3718,伊達正利,31,18,晴,北西,5,3,6.76,05,逃げ,3,0.11,.  .
浜名湖,11,静岡新聞社特,5,3987,後藤正宗,34,61,晴,北西,5,3,6.84,06,逃げ,5,0.18,.  .
浜名湖,12,新春特選,1,4524,深谷知博,16,50,晴,北西,5,3,6.84,01,逃げ,1,0.03,1.48.2
浜名湖,12,新春特選,6,3960,菊地孝平,51,41,晴,北西,5,3,6.80,02,逃げ,4,0.03,1.50.9
浜名湖,12,新春特選,4,3563,堤昇,11,19,晴,北西,5,3,6.76,03,逃げ,3,0.03,1.52.8
浜名湖,12,新春特選,2,4933,板橋侑我,63,39,晴,北西,5,3,6.76,04,逃げ,2,0.09,1.52.9
浜名湖,12,新春特選,3,4068,幸田智裕,7,72,晴,北西,5,3,6.84,05,逃げ,5,0.06,.  .
浜名湖,12,新春特選,5,4380,鈴木峻佑,15,65,晴,北西,5,3,6.79,06,逃げ,6,0.07,.  .
