ƒŒ[ƒXê,ƒŒ[ƒX”Ô†,ƒŒ[ƒXŽí•Ê,’ø”Ô,“o˜^”Ô†,‘IŽè–¼,ƒ‚[ƒ^[”Ô†,ƒ{[ƒg”Ô†,“VŒó,•—Œü,•—‘¬(m),”g‚(cm),“WŽ¦ƒ^ƒCƒ€,’…‡,Œˆ‚Ü‚èŽè,i“ü,ƒXƒ^[ƒgƒ^ƒCƒ~ƒ“ƒO,ƒŒ[ƒXƒ^ƒCƒ€
•Ÿ‰ª,1,ƒJƒ^ƒƒ“‚Pˆê,1,3562,ŽR‰º˜a•F,23,135,°,–k,4,4,6.92,01,“¦‚°,1,0.10,1.51.1
•Ÿ‰ª,1,ƒJƒ^ƒƒ“‚Pˆê,4,4894,Œ´‘º‘ñ–ç,11,134,°,–k,4,4,6.94,02,“¦‚°,4,0.06,1.53.3
•Ÿ‰ª,1,ƒJƒ^ƒƒ“‚Pˆê,2,4905,“yˆäËŒÞ,72,137,°,–k,4,4,6.99,03,“¦‚°,2,0.01,1.54.7
•Ÿ‰ª,1,ƒJƒ^ƒƒ“‚Pˆê,3,3647,ˆÉ“¡—Y“ñ,68,128,°,–k,4,4,7.03,04,“¦‚°,3,0.01,1.55.0
•Ÿ‰ª,1,ƒJƒ^ƒƒ“‚Pˆê,6,5009,‘å‰ê—´”V‰î,26,162,°,–k,4,4,6.98,05,“¦‚°,6,0.07,.  .
•Ÿ‰ª,1,ƒJƒ^ƒƒ“‚Pˆê,5,3539,‹àŽq‡ˆê,43,163,°,–k,4,4,7.02,06,“¦‚°,5,0.09,.  .
•Ÿ‰ª,2,ˆê”Ê,1,5173,’JŒû‰À˜@,56,160,°,–k,4,4,6.94,01,“¦‚°,1,0.37,1.58.8
•Ÿ‰ª,2,ˆê”Ê,4,3334,Šp‚Ð‚Æ‚Ý,34,120,°,–k,4,4,6.97,02,“¦‚°,4,0.22,2.00.8
•Ÿ‰ª,2,ˆê”Ê,2,5117,•y–¼˜““Þ,57,126,°,–k,4,4,6.84,03,“¦‚°,2,0.24,2.03.3
•Ÿ‰ª,2,ˆê”Ê,6,5291,ŽO›¸‚±‚±‚ë,74,150,°,–k,4,4,6.99,04,“¦‚°,6,0.14,2.05.3
•Ÿ‰ª,2,ˆê”Ê,5,4244,—é–Ø¬”ü,52,166,°,–k,4,4,6.93,05,“¦‚°,5,0.12,.  .
•Ÿ‰ª,3,ƒJƒ^ƒƒ“‚Rˆê,3,4522,ŒÃàVŒõ‹I,66,146,°,–k,3,3,6.88,01,‚Ü‚­‚è,3,0.11,1.51.4
•Ÿ‰ª,3,ƒJƒ^ƒƒ“‚Rˆê,1,4197,ˆ­”ü‘ì˜Y,24,130,°,–k,3,3,6.95,02,‚Ü‚­‚è,1,0.16,1.53.0
•Ÿ‰ª,3,ƒJƒ^ƒƒ“‚Rˆê,5,4006,¬–ì—Eì,44,141,°,–k,3,3,6.89,03,‚Ü‚­‚è,5,0.23,1.54.2
•Ÿ‰ª,3,ƒJƒ^ƒƒ“‚Rˆê,2,3992,ŠÖŒû’q‹v,70,152,°,–k,3,3,7.00,04,‚Ü‚­‚è,2,0.16,1.55.3
•Ÿ‰ª,3,ƒJƒ^ƒƒ“‚Rˆê,6,3175,“n•Óç‘,42,136,°,–k,3,3,6.99,05,‚Ü‚­‚è,6,0.23,.  .
•Ÿ‰ª,3,ƒJƒ^ƒƒ“‚Rˆê,4,3682,Ø“c“ñ,39,140,°,–k,3,3,6.98,06,‚Ü‚­‚è,4,0.21,.  .
•Ÿ‰ª,4,ˆê”Ê,1,5041,r–q“â¹,36,145,°,–k,3,3,6.80,01,“¦‚°,1,0.16,1.50.9
•Ÿ‰ª,4,ˆê”Ê,3,3940,”ÑŽR‘×,54,165,°,–k,3,3,6.96,02,“¦‚°,3,0.12,1.52.8
•Ÿ‰ª,4,ˆê”Ê,2,3441,“y‰®‘¾˜N,20,132,°,–k,3,3,6.94,03,“¦‚°,2,0.17,1.54.1
•Ÿ‰ª,4,ˆê”Ê,4,5018,’|‰º‘åŽ÷,25,125,°,–k,3,3,6.89,04,“¦‚°,4,0.15,1.54.8
•Ÿ‰ª,4,ˆê”Ê,5,4142,•½–ì˜a–¾,33,164,°,–k,3,3,6.94,05,“¦‚°,5,0.16,.  .
•Ÿ‰ª,4,ˆê”Ê,6,4651,²“¡‘å‹R,41,127,°,–k,3,3,6.97,06,“¦‚°,6,0.15,.  .
•Ÿ‰ª,5,ˆê”Ê,4,4533,•ôd˜ÐŽ¡,19,156,°,–k,3,3,6.84,01,‚Ü‚­‚è,3,0.15,1.50.4
•Ÿ‰ª,5,ˆê”Ê,3,4292,–ƒ¶T‰î,21,129,°,–k,3,3,6.90,02,‚Ü‚­‚è,4,0.11,1.52.1
•Ÿ‰ª,5,ˆê”Ê,1,4894,Œ´‘º‘ñ–ç,11,134,°,–k,3,3,6.91,03,‚Ü‚­‚è,1,0.18,1.54.7
•Ÿ‰ª,5,ˆê”Ê,5,5124,ã‘ëˆº–ç,50,103,°,–k,3,3,6.90,04,‚Ü‚­‚è,5,0.22,1.55.4
•Ÿ‰ª,5,ˆê”Ê,2,3710,‹g‰i‘×O,69,161,°,–k,3,3,6.95,05,‚Ü‚­‚è,2,0.18,.  .
•Ÿ‰ª,5,ˆê”Ê,6,4486,–ì‘º½,64,122,°,–k,3,3,6.94,06,‚Ü‚­‚è,6,0.19,.  .
•Ÿ‰ª,6,ˆê”Ê,1,5142,íZ˜@,48,158,°,–k,3,3,6.79,01,“¦‚°,1,0.28,1.51.0
•Ÿ‰ª,6,ˆê”Ê,2,4981,–qŽR“Ö–ç,55,154,°,–k,3,3,6.87,02,“¦‚°,2,0.26,1.52.3
•Ÿ‰ª,6,ˆê”Ê,4,4100,¼“c—²Ži,22,143,°,–k,3,3,6.90,03,“¦‚°,4,0.24,1.54.0
•Ÿ‰ª,6,ˆê”Ê,6,4485,“íŒ´³„,65,139,°,–k,3,3,6.92,04,“¦‚°,6,0.26,1.54.7
•Ÿ‰ª,6,ˆê”Ê,3,4200,‘ì®l,38,138,°,–k,3,3,6.90,05,“¦‚°,3,0.22,.  .
•Ÿ‰ª,6,ˆê”Ê,5,5173,’JŒû‰À˜@,56,160,°,–k,3,3,6.94,06,“¦‚°,5,0.27,.  .
•Ÿ‰ª,7,ˆê”Ê,1,5028,Œ´“cËˆê˜Y,35,123,°,–k,3,3,6.77,01,“¦‚°,1,0.12,1.50.1
•Ÿ‰ª,7,ˆê”Ê,4,3956,‰¡àV„Ž¡,71,101,°,–k,3,3,6.86,02,“¦‚°,4,0.14,1.51.9
•Ÿ‰ª,7,ˆê”Ê,3,5073,ãŒ´Œ’ŽŸ˜Y,73,142,°,–k,3,3,6.89,03,“¦‚°,3,0.19,1.53.5
•Ÿ‰ª,7,ˆê”Ê,2,3539,‹àŽq‡ˆê,43,163,°,–k,3,3,6.94,04,“¦‚°,2,0.18,1.56.5
•Ÿ‰ª,7,ˆê”Ê,5,5291,ŽO›¸‚±‚±‚ë,74,150,°,–k,3,3,6.96,05,“¦‚°,5,0.12,.  .
•Ÿ‰ª,8,ˆê”Ê,1,4509,•½Œ©^•F,17,148,°,–k,3,3,6.82,01,“¦‚°,1,0.18,1.50.3
•Ÿ‰ª,8,ˆê”Ê,3,4006,¬–ì—Eì,44,141,°,–k,3,3,6.85,02,“¦‚°,3,0.24,1.51.7
•Ÿ‰ª,8,ˆê”Ê,2,4036,‹à“c—@,37,121,°,–k,3,3,6.84,03,“¦‚°,2,0.19,1.54.1
•Ÿ‰ª,8,ˆê”Ê,4,4007,žÄ“c«•F,58,133,°,–k,3,3,6.85,04,“¦‚°,4,0.24,1.55.2
•Ÿ‰ª,8,ˆê”Ê,6,5241,–å“cžx,75,157,°,–k,3,3,6.87,05,“¦‚°,6,0.31,.  .
•Ÿ‰ª,8,ˆê”Ê,5,4905,“yˆäËŒÞ,72,137,°,–k,3,3,6.89,06,“¦‚°,5,0.27,.  .
•Ÿ‰ª,9,ˆê”Ê,1,5110,™ŽRŠìˆê,27,149,°,–k,3,3,6.89,01,“¦‚°,1,0.23,1.49.8
•Ÿ‰ª,9,ˆê”Ê,3,4068,K“c’q—T,40,153,°,–k,3,3,6.89,02,“¦‚°,3,0.22,1.51.8
•Ÿ‰ª,9,ˆê”Ê,5,3554,’‡Œû”Ž’,67,144,°,–k,3,3,6.96,03,“¦‚°,4,0.25,1.53.4
•Ÿ‰ª,9,ˆê”Ê,4,3647,ˆÉ“¡—Y“ñ,68,128,°,–k,3,3,6.94,04,“¦‚°,5,0.27,1.54.8
•Ÿ‰ª,9,ˆê”Ê,6,3710,‹g‰i‘×O,69,161,°,–k,3,3,6.90,05,“¦‚°,6,0.25,.  .
•Ÿ‰ª,9,ˆê”Ê,2,4142,•½–ì˜a–¾,33,164,°,–k,3,3,6.90,06,“¦‚°,2,0.25,.  .
•Ÿ‰ª,10,€—DŸí,1,4292,–ƒ¶T‰î,21,129,“Ü‚è,–k,3,3,6.92,01,“¦‚°,1,0.09,1.49.5
•Ÿ‰ª,10,€—DŸí,2,5028,Œ´“cËˆê˜Y,35,123,“Ü‚è,–k,3,3,6.79,02,“¦‚°,2,0.11,1.51.1
•Ÿ‰ª,10,€—DŸí,3,4100,¼“c—²Ži,22,143,“Ü‚è,–k,3,3,6.93,03,“¦‚°,3,0.11,1.52.1
•Ÿ‰ª,10,€—DŸí,4,3940,”ÑŽR‘×,54,165,“Ü‚è,–k,3,3,6.92,04,“¦‚°,4,0.19,1.54.1
•Ÿ‰ª,10,€—DŸí,5,4197,ˆ­”ü‘ì˜Y,24,130,“Ü‚è,–k,3,3,6.90,05,“¦‚°,5,0.18,.  .
•Ÿ‰ª,10,€—DŸí,6,3562,ŽR‰º˜a•F,23,135,“Ü‚è,–k,3,3,6.88,06,“¦‚°,6,0.18,.  .
•Ÿ‰ª,11,€—DŸí,1,5018,’|‰º‘åŽ÷,25,125,‰J,–k,3,3,6.84,01,“¦‚°,1,0.11,1.50.1
•Ÿ‰ª,11,€—DŸí,3,4533,•ôd˜ÐŽ¡,19,156,‰J,–k,3,3,6.83,02,“¦‚°,3,0.22,1.50.6
•Ÿ‰ª,11,€—DŸí,6,5142,íZ˜@,48,158,‰J,–k,3,3,6.86,03,“¦‚°,6,0.12,1.51.1
•Ÿ‰ª,11,€—DŸí,2,4509,•½Œ©^•F,17,148,‰J,–k,3,3,6.85,04,“¦‚°,2,0.19,1.53.2
•Ÿ‰ª,11,€—DŸí,5,3992,ŠÖŒû’q‹v,70,152,‰J,–k,3,3,6.93,05,“¦‚°,5,0.12,.  .
•Ÿ‰ª,11,€—DŸí,4,5073,ãŒ´Œ’ŽŸ˜Y,73,142,‰J,–k,3,3,6.88,06,“¦‚°,4,0.13,.  .
•Ÿ‰ª,12,€—DŸí,1,4522,ŒÃàVŒõ‹I,66,146,‰J,–k,3,3,6.88,01,“¦‚°,1,0.18,1.50.0
•Ÿ‰ª,12,€—DŸí,4,4200,‘ì®l,38,138,‰J,–k,3,3,6.97,02,“¦‚°,4,0.14,1.51.1
•Ÿ‰ª,12,€—DŸí,5,4036,‹à“c—@,37,121,‰J,–k,3,3,6.92,03,“¦‚°,5,0.14,1.52.1
•Ÿ‰ª,12,€—DŸí,2,3334,Šp‚Ð‚Æ‚Ý,34,120,‰J,–k,3,3,6.94,04,“¦‚°,2,0.27,1.52.4
•Ÿ‰ª,12,€—DŸí,6,5041,r–q“â¹,36,145,‰J,–k,3,3,6.88,05,“¦‚°,6,0.13,.  .
•Ÿ‰ª,12,€—DŸí,3,3956,‰¡àV„Ž¡,71,101,‰J,–k,3,3,6.93,06,“¦‚°,3,0.19,.  .
ˆ°‰®,1,ƒTƒ“ƒ‰ƒCƒY‚u,1,3872,‰ª“cŒ›s,20,62,‰J,–k,2,2,6.78,01,“¦‚°,1,0.25,1.48.9
ˆ°‰®,1,ƒTƒ“ƒ‰ƒCƒY‚u,3,4474,“n•Ó’,36,40,‰J,–k,2,2,6.82,02,“¦‚°,3,0.17,1.50.1
ˆ°‰®,1,ƒTƒ“ƒ‰ƒCƒY‚u,5,3523,›“c—ºŽ¡,42,17,‰J,–k,2,2,6.88,03,“¦‚°,5,0.19,1.50.6
ˆ°‰®,1,ƒTƒ“ƒ‰ƒCƒY‚u,2,5105,•x“cš¶,5,26,‰J,–k,2,2,6.84,04,“¦‚°,2,0.21,1.52.5
ˆ°‰®,1,ƒTƒ“ƒ‰ƒCƒY‚u,6,3680,X—Ñ‘¾,35,55,‰J,–k,2,2,6.87,05,“¦‚°,6,0.37,.  .
ˆ°‰®,1,ƒTƒ“ƒ‰ƒCƒY‚u,4,3748,¬•—³Œá,30,28,‰J,–k,2,2,6.82,06,“¦‚°,4,0.18,.  .
ˆ°‰®,2,ƒTƒ“ƒ‰ƒCƒY‚v,1,5104,ŽR“cä,38,31,“Ü‚è,–k,2,2,6.74,01,“¦‚°,1,0.23,1.49.2
ˆ°‰®,2,ƒTƒ“ƒ‰ƒCƒY‚v,3,4158,–Øê—Y“ñ˜Y,64,46,“Ü‚è,–k,2,2,6.80,02,“¦‚°,3,0.15,1.51.1
ˆ°‰®,2,ƒTƒ“ƒ‰ƒCƒY‚v,2,4550,Î‰ª«‘¾,62,14,“Ü‚è,–k,2,2,6.78,03,“¦‚°,2,0.19,1.51.9
ˆ°‰®,2,ƒTƒ“ƒ‰ƒCƒY‚v,4,4796,t‰€Œ÷‘¾,60,32,“Ü‚è,–k,2,2,6.75,04,“¦‚°,4,0.13,1.52.5
ˆ°‰®,2,ƒTƒ“ƒ‰ƒCƒY‚v,5,4813,‹{“à’¼Æ,44,21,“Ü‚è,–k,2,2,6.81,05,“¦‚°,5,0.19,.  .
ˆ°‰®,2,ƒTƒ“ƒ‰ƒCƒY‚v,6,4367,ŽRŒûC˜H,15,58,“Ü‚è,–k,2,2,6.82,06,“¦‚°,6,0.17,.  .
ˆ°‰®,3,ƒTƒ“ƒ‰ƒCƒY‚w,1,3681,ŽR’J‰›,19,34,“Ü‚è,–k,2,2,6.75,01,“¦‚°,1,0.13,1.49.1
ˆ°‰®,3,ƒTƒ“ƒ‰ƒCƒY‚w,3,4288,‰i“cŒ[“ñ,40,18,“Ü‚è,–k,2,2,6.84,02,“¦‚°,3,0.14,1.50.8
ˆ°‰®,3,ƒTƒ“ƒ‰ƒCƒY‚w,4,3340,’r“c—‹‘¾,21,30,“Ü‚è,–k,2,2,6.78,03,“¦‚°,4,0.18,1.51.6
ˆ°‰®,3,ƒTƒ“ƒ‰ƒCƒY‚w,2,4439,‹ß“¡—F•ó,3,23,“Ü‚è,–k,2,2,6.82,04,“¦‚°,2,0.14,1.51.9
ˆ°‰®,3,ƒTƒ“ƒ‰ƒCƒY‚w,6,3637,âV“¡˜a­,4,37,“Ü‚è,–k,2,2,6.84,05,“¦‚°,6,0.23,.  .
ˆ°‰®,3,ƒTƒ“ƒ‰ƒCƒY‚w,5,4022,‘Ò’¹—Y‹I,57,44,“Ü‚è,–k,2,2,6.78,06,“¦‚°,5,0.29,.  .
ˆ°‰®,4,ƒTƒ“ƒ‰ƒCƒY‚x,1,4826,ˆäãˆê‹P,61,42,“Ü‚è,–k,2,2,6.81,01,”²‚«,1,0.12,1.48.9
ˆ°‰®,4,ƒTƒ“ƒ‰ƒCƒY‚x,3,4393,“c’†F–¾,28,52,“Ü‚è,–k,2,2,6.75,02,”²‚«,3,0.18,1.49.6
ˆ°‰®,4,ƒTƒ“ƒ‰ƒCƒY‚x,6,5330,ˆÀ‰Í“à—é”V‰î,25,27,“Ü‚è,–k,2,2,6.77,03,”²‚«,6,0.15,1.51.3
ˆ°‰®,4,ƒTƒ“ƒ‰ƒCƒY‚x,2,4248,‰ª–{‘å,59,29,“Ü‚è,–k,2,2,6.76,04,”²‚«,2,0.13,1.52.0
ˆ°‰®,4,ƒTƒ“ƒ‰ƒCƒY‚x,5,4112,‘å‹v•ÛMˆê˜Y,65,67,“Ü‚è,–k,2,2,6.80,05,”²‚«,5,0.26,.  .
ˆ°‰®,4,ƒTƒ“ƒ‰ƒCƒY‚x,4,4009,¬—ÑˆêŽ÷,8,38,“Ü‚è,–k,2,2,6.74,06,”²‚«,4,0.21,.  .
ˆ°‰®,5,ƒTƒ“ƒ‰ƒCƒY‚y,4,3853,Šâè³Æ,14,56,°,–k,2,2,6.72,01,‚Ü‚­‚è·‚µ,4,0.06,1.48.3
ˆ°‰®,5,ƒTƒ“ƒ‰ƒCƒY‚y,1,3303,“n•Ó–L,33,22,°,–k,2,2,6.81,02,‚Ü‚­‚è·‚µ,1,0.13,1.49.6
ˆ°‰®,5,ƒTƒ“ƒ‰ƒCƒY‚y,2,3964,‹{’n”ŽŽm,18,12,°,–k,2,2,6.77,03,‚Ü‚­‚è·‚µ,2,0.14,1.51.8
ˆ°‰®,5,ƒTƒ“ƒ‰ƒCƒY‚y,3,4695,”öè—Y“ñ,12,24,°,–k,2,2,6.76,04,‚Ü‚­‚è·‚µ,3,0.19,1.52.5
ˆ°‰®,5,ƒTƒ“ƒ‰ƒCƒY‚y,6,3523,›“c—ºŽ¡,42,17,°,–k,2,2,6.84,05,‚Ü‚­‚è·‚µ,6,0.11,.  .
ˆ°‰®,5,ƒTƒ“ƒ‰ƒCƒY‚y,5,4545,‰ª‘ºŒc‘¾,6,73,°,–k,2,2,6.80,06,‚Ü‚­‚è·‚µ,5,0.10,.  .
ˆ°‰®,6,—\‘I,2,4630,Šâ‰i‰ël,22,53,°,–k,3,3,6.67,01,·‚µ,2,0.26,1.50.2
ˆ°‰®,6,—\‘I,1,3584,²X–Ø‰pŽ÷,52,66,°,–k,3,3,6.81,02,·‚µ,1,0.28,1.50.7
ˆ°‰®,6,—\‘I,6,4718,–kì‘¾ˆê,2,50,°,–k,3,3,6.75,03,·‚µ,6,0.23,1.52.3
ˆ°‰®,6,—\‘I,5,3679,”Ñ“‡¹O,9,68,°,–k,3,3,6.81,04,·‚µ,5,0.27,1.52.7
ˆ°‰®,6,—\‘I,4,4550,Î‰ª«‘¾,62,14,°,–k,3,3,6.73,05,·‚µ,4,0.25,.  .
ˆ°‰®,6,—\‘I,3,5211,‚ˆäx–í,50,65,°,–k,3,3,6.88,06,·‚µ,3,0.31,.  .
ˆ°‰®,7,—\‘I,1,5093,‰Y–ìŠC,23,13,°,–k,4,4,6.85,01,“¦‚°,1,0.01,1.48.8
ˆ°‰®,7,—\‘I,2,4396,‘å“c’¼–í,39,19,°,–k,4,4,6.79,02,“¦‚°,2,0.09,1.49.8
ˆ°‰®,7,—\‘I,3,4169,‘½“c—L—C,58,60,°,–k,4,4,6.83,03,“¦‚°,3,0.08,1.50.0
ˆ°‰®,7,—\‘I,5,4439,‹ß“¡—F•ó,3,23,°,–k,4,4,6.85,04,“¦‚°,5,0.22,1.52.4
ˆ°‰®,7,—\‘I,4,4226,‘º“c_Ži,10,54,°,–k,4,4,6.83,05,“¦‚°,4,0.14,.  .
ˆ°‰®,7,—\‘I,6,4474,“n•Ó’,36,40,°,–k,4,4,6.84,06,“¦‚°,6,0.28,.  .
ˆ°‰®,8,—\‘I,2,3872,‰ª“cŒ›s,20,62,°,–k,2,2,6.90,01,·‚µ,2,0.15,1.49.6
ˆ°‰®,8,—\‘I,6,3740,‘åàV•Ži,16,25,°,–k,2,2,6.83,02,·‚µ,5,0.05,1.50.2
ˆ°‰®,8,—\‘I,5,5330,ˆÀ‰Í“à—é”V‰î,25,27,°,–k,2,2,6.86,03,·‚µ,6,0.12,1.52.0
ˆ°‰®,8,—\‘I,4,4158,–Øê—Y“ñ˜Y,64,46,°,–k,2,2,6.88,04,·‚µ,4,0.10,1.53.1
ˆ°‰®,8,—\‘I,3,4155,’·–ì‘sŽu˜Y,24,69,°,–k,2,2,6.83,05,·‚µ,3,0.12,.  .
ˆ°‰®,8,—\‘I,1,3340,’r“c—‹‘¾,21,30,°,–k,2,2,6.76,06,·‚µ,1,0.14,.  .
ˆ°‰®,9,—\‘I“ÁÜ,1,3813,²“¡‘å‰î,56,16,°,–k¼,4,4,6.82,01,“¦‚°,1,0.18,1.54.5
ˆ°‰®,9,—\‘I“ÁÜ,3,5104,ŽR“cä,38,31,°,–k¼,4,4,6.81,02,“¦‚°,3,0.15,1.58.1
ˆ°‰®,9,—\‘I“ÁÜ,4,3637,âV“¡˜a­,4,37,°,–k¼,4,4,6.81,03,“¦‚°,4,0.16,2.00.0
ˆ°‰®,9,—\‘I“ÁÜ,6,4545,‰ª‘ºŒc‘¾,6,73,°,–k¼,4,4,6.85,04,“¦‚°,6,0.18,2.04.9
ˆ°‰®,9,—\‘I“ÁÜ,5,3748,¬•—³Œá,30,28,°,–k¼,4,4,6.85,05,“¦‚°,5,0.21,.  .
ˆ°‰®,10,—\‘I“ÁÜ,3,3679,”Ñ“‡¹O,9,68,°,–k¼,4,4,6.89,01,‚Ü‚­‚è,4,0.18,1.48.8
ˆ°‰®,10,—\‘I“ÁÜ,6,4288,‰i“cŒ[“ñ,40,18,°,–k¼,4,4,6.90,02,‚Ü‚­‚è,6,0.16,1.50.8
ˆ°‰®,10,—\‘I“ÁÜ,5,3809,‹g“cŒõ,29,71,°,–k¼,4,4,6.88,03,‚Ü‚­‚è,2,0.24,1.51.6
ˆ°‰®,10,—\‘I“ÁÜ,4,4112,‘å‹v•ÛMˆê˜Y,65,67,°,–k¼,4,4,6.88,04,‚Ü‚­‚è,5,0.17,1.52.5
ˆ°‰®,10,—\‘I“ÁÜ,2,4695,”öè—Y“ñ,12,24,°,–k¼,4,4,6.86,05,‚Ü‚­‚è,3,0.29,.  .
ˆ°‰®,10,—\‘I“ÁÜ,1,4261,‰ª—Sb,17,15,°,–k¼,4,4,6.84,06,‚Ü‚­‚è,1,0.24,.  .
ˆ°‰®,11,—\‘I“Á‘I,3,5105,•x“cš¶,5,26,°,–k,3,3,6.85,01,‚Ü‚­‚è·‚µ,3,0.28,1.48.5
ˆ°‰®,11,—\‘I“Á‘I,5,3584,²X–Ø‰pŽ÷,52,66,°,–k,3,3,6.87,02,‚Ü‚­‚è·‚µ,5,0.24,1.50.2
ˆ°‰®,11,—\‘I“Á‘I,4,3303,“n•Ó–L,33,22,°,–k,3,3,6.83,03,‚Ü‚­‚è·‚µ,4,0.26,1.52.4
ˆ°‰®,11,—\‘I“Á‘I,6,3350,“¡–{‰ÀŽj,27,45,°,–k,3,3,6.90,04,‚Ü‚­‚è·‚µ,6,0.28,1.53.3
ˆ°‰®,11,—\‘I“Á‘I,1,4796,t‰€Œ÷‘¾,60,32,°,–k,3,3,6.84,05,‚Ü‚­‚è·‚µ,1,0.33,.  .
ˆ°‰®,11,—\‘I“Á‘I,2,4022,‘Ò’¹—Y‹I,57,44,°,–k,3,3,6.86,06,‚Ü‚­‚è·‚µ,2,0.21,.  .
ˆ°‰®,12,—\‘I“Á‘I,4,4630,Šâ‰i‰ël,22,53,°,–k¼,4,4,6.75,01,”²‚«,4,0.13,1.49.2
ˆ°‰®,12,—\‘I“Á‘I,5,3813,²“¡‘å‰î,56,16,°,–k¼,4,4,6.81,02,”²‚«,5,0.19,1.50.2
ˆ°‰®,12,—\‘I“Á‘I,6,3853,Šâè³Æ,14,56,°,–k¼,4,4,6.77,03,”²‚«,6,0.17,1.51.5
ˆ°‰®,12,—\‘I“Á‘I,2,3681,ŽR’J‰›,19,34,°,–k¼,4,4,6.81,04,”²‚«,2,0.16,1.52.6
ˆ°‰®,12,—\‘I“Á‘I,1,4155,’·–ì‘sŽu˜Y,24,69,°,–k¼,4,4,6.83,05,”²‚«,1,0.15,.  .
ˆ°‰®,12,—\‘I“Á‘I,3,4826,ˆäãˆê‹P,61,42,°,–k¼,4,4,6.89,06,”²‚«,3,0.17,.  .
Žá¼,1,—\‘I,1,3871,’r“cŽ‡”T,27,18,“Ü‚è,–k“Œ,4,4,6.91,01,“¦‚°,1,0.11,1.51.1
Žá¼,1,—\‘I,2,3741,¼”öŠî¬,53,34,“Ü‚è,–k“Œ,4,4,6.96,02,“¦‚°,2,0.17,1.52.9
Žá¼,1,—\‘I,4,4817,“nç³—ƒ,32,67,“Ü‚è,–k“Œ,4,4,6.97,03,“¦‚°,4,0.15,1.53.9
Žá¼,1,—\‘I,3,4293,—é–Ø’qŒ[,4,63,“Ü‚è,–k“Œ,4,4,6.96,04,“¦‚°,3,0.15,1.54.0
Žá¼,1,—\‘I,6,4272,‘åêLF,19,55,“Ü‚è,–k“Œ,4,4,6.93,05,“¦‚°,6,0.14,.  .
Žá¼,1,—\‘I,5,3778,ˆÀ’B”ü”¿,57,32,“Ü‚è,–k“Œ,4,4,6.92,06,“¦‚°,5,0.37,.  .
Žá¼,2,—\‘I,1,4273,²“¡ˆ®,39,39,‰J,–k“Œ,4,4,6.87,01,“¦‚°,1,0.12,1.50.7
Žá¼,2,—\‘I,5,4413,…–€“Ö,22,69,‰J,–k“Œ,4,4,6.93,02,“¦‚°,5,0.07,1.52.5
Žá¼,2,—\‘I,3,4406,K–ìŽj–¾,29,46,‰J,–k“Œ,4,4,6.90,03,“¦‚°,3,0.12,1.53.5
Žá¼,2,—\‘I,6,4243,¼‘º•à,7,74,‰J,–k“Œ,4,4,7.00,04,“¦‚°,6,0.07,1.54.2
Žá¼,2,—\‘I,2,5107,¼–{^L,47,56,‰J,–k“Œ,4,4,7.00,05,“¦‚°,2,0.06,.  .
Žá¼,2,—\‘I,4,3600,Œº”n“O,44,21,‰J,–k“Œ,4,4,6.90,06,“¦‚°,4,0.16,.  .
Žá¼,3,—\‘I,3,3831,ˆÀ“¡—T‹M,3,53,‰J,–k“Œ,2,2,6.95,01,‚Ü‚­‚è,3,0.21,1.51.5
Žá¼,3,—\‘I,1,4015,‘O–ì—³ˆê,58,47,‰J,–k“Œ,2,2,6.96,02,‚Ü‚­‚è,1,0.19,1.52.0
Žá¼,3,—\‘I,2,5000,‰ª–{ãÄ‘¾˜Y,11,16,‰J,–k“Œ,2,2,6.89,03,‚Ü‚­‚è,2,0.19,1.53.3
Žá¼,3,—\‘I,5,4364,’r‰i‘¾,17,29,‰J,–k“Œ,2,2,6.93,04,‚Ü‚­‚è,5,0.23,1.54.9
Žá¼,3,—\‘I,4,4271,ìèŒö–õ,30,73,‰J,–k“Œ,2,2,6.96,05,‚Ü‚­‚è,4,0.22,.  .
Žá¼,3,—\‘I,6,3289,‚‹´~”ü,18,59,‰J,–k“Œ,2,2,6.97,06,‚Ü‚­‚è,6,0.37,.  .
Žá¼,4,—\‘I,1,3327,–ì’·£³F,31,58,‰J,–k“Œ,2,2,6.94,01,”²‚«,1,0.13,1.51.1
Žá¼,4,—\‘I,4,4451,¼è—S‘¾˜Y,54,38,‰J,–k“Œ,2,2,6.89,02,”²‚«,4,0.11,1.51.9
Žá¼,4,—\‘I,6,4518,‘å{‰ê—F,35,48,‰J,–k“Œ,2,2,6.79,03,”²‚«,5,0.11,1.54.2
Žá¼,4,—\‘I,3,4106,âˆäNŽk,20,43,‰J,–k“Œ,2,2,6.88,04,”²‚«,3,0.13,1.55.4
Žá¼,4,—\‘I,5,3462,’|ã^Ži,51,12,‰J,–k“Œ,2,2,6.92,05,”²‚«,6,0.22,.  .
Žá¼,4,—\‘I,2,4224,‘å‹´‰h—¢‰À,13,20,‰J,–k“Œ,2,2,6.93,06,”²‚«,2,0.28,.  .
Žá¼,5,i“üŒÅ’èí‘à,1,3876,’†’Ò’l,1,68,“Ü‚è,–k“Œ,2,2,6.86,01,“¦‚°,1,0.09,1.50.9
Žá¼,5,i“üŒÅ’èí‘à,4,4910,’†‘º‘×•½,42,14,“Ü‚è,–k“Œ,2,2,6.87,02,“¦‚°,4,0.09,1.52.7
Žá¼,5,i“üŒÅ’èí‘à,5,4840,—é–ØGä,46,66,“Ü‚è,–k“Œ,2,2,6.85,03,“¦‚°,5,0.08,1.54.0
Žá¼,5,i“üŒÅ’èí‘à,3,4014,•Ð‰ªŒb—¢,12,70,“Ü‚è,–k“Œ,2,2,6.93,04,“¦‚°,3,0.16,1.55.4
Žá¼,5,i“üŒÅ’èí‘à,6,5086,–{‘º‘å,24,71,“Ü‚è,–k“Œ,2,2,6.89,05,“¦‚°,6,0.15,.  .
Žá¼,5,i“üŒÅ’èí‘à,2,3888,ŽR–{‰pŽu,48,40,“Ü‚è,–k“Œ,2,2,6.90,06,“¦‚°,2,0.08,.  .
Žá¼,6,—\‘I,2,4256,“n•Ó_Ži,55,36,“Ü‚è,–k“Œ,2,2,6.89,01,·‚µ,2,0.21,1.50.4
Žá¼,6,—\‘I,1,4644,ŽR“c—º‘¾,60,42,“Ü‚è,–k“Œ,2,2,6.98,02,·‚µ,1,0.19,1.51.4
Žá¼,6,—\‘I,3,5107,¼–{^L,47,56,“Ü‚è,–k“Œ,2,2,7.06,03,·‚µ,3,0.18,1.53.5
Žá¼,6,—\‘I,6,4948,–Øê—I‰î,37,35,“Ü‚è,–k“Œ,2,2,6.91,04,·‚µ,6,0.17,1.54.2
Žá¼,6,—\‘I,5,4817,“nç³—ƒ,32,67,“Ü‚è,–k“Œ,2,2,6.92,05,·‚µ,5,0.21,.  .
Žá¼,6,—\‘I,4,3551,“¡“c”ü‘ã,34,62,“Ü‚è,–k“Œ,2,2,6.91,06,·‚µ,4,0.23,.  .
Žá¼,7,—\‘I“ÁÜ,3,3600,Œº”n“O,44,21,“Ü‚è,–k“Œ,3,3,7.01,01,‚Ü‚­‚è·‚µ,3,0.14,1.50.7
Žá¼,7,—\‘I“ÁÜ,1,4958,aŒûŠC‹`–ç,5,25,“Ü‚è,–k“Œ,3,3,6.91,02,‚Ü‚­‚è·‚µ,1,0.13,1.52.8
Žá¼,7,—\‘I“ÁÜ,5,4387,•½ŽR’q‰Á,2,33,“Ü‚è,–k“Œ,3,3,6.98,03,‚Ü‚­‚è·‚µ,5,0.17,1.53.8
Žá¼,7,—\‘I“ÁÜ,6,4640,ŽRƒm“à‰ël,6,17,“Ü‚è,–k“Œ,3,3,6.97,04,‚Ü‚­‚è·‚µ,6,0.18,1.54.7
Žá¼,7,—\‘I“ÁÜ,2,5007,‹ß“¡—Yˆê˜Y,9,31,“Ü‚è,–k“Œ,3,3,7.00,05,‚Ü‚­‚è·‚µ,2,0.16,.  .
Žá¼,7,—\‘I“ÁÜ,4,3741,¼”öŠî¬,53,34,“Ü‚è,–k“Œ,3,3,7.01,06,‚Ü‚­‚è·‚µ,4,0.22,.  .
Žá¼,8,ƒGƒCƒgƒr[ƒg,1,4413,…–€“Ö,22,69,‰J,–k“Œ,2,2,6.93,01,“¦‚°,1,0.18,1.49.8
Žá¼,8,ƒGƒCƒgƒr[ƒg,3,4518,‘å{‰ê—F,35,48,‰J,–k“Œ,2,2,6.85,02,“¦‚°,3,0.24,1.52.1
Žá¼,8,ƒGƒCƒgƒr[ƒg,2,4015,‘O–ì—³ˆê,58,47,‰J,–k“Œ,2,2,6.95,03,“¦‚°,2,0.24,1.53.6
Žá¼,8,ƒGƒCƒgƒr[ƒg,5,4047,‹g‰i_‘¥,45,50,‰J,–k“Œ,2,2,6.99,04,“¦‚°,5,0.19,1.55.0
Žá¼,8,ƒGƒCƒgƒr[ƒg,6,4395,‰º‰Í‰ëŽj,43,65,‰J,–k“Œ,2,2,6.97,05,“¦‚°,6,0.23,.  .
Žá¼,8,ƒGƒCƒgƒr[ƒg,4,4293,—é–Ø’qŒ[,4,63,‰J,–k“Œ,2,2,6.98,06,“¦‚°,4,0.23,.  .
Žá¼,9,—\‘I,6,5221,’|ŠÔ—²î,23,24,‰J,–k¼,4,4,6.85,01,‚Ü‚­‚è·‚µ,6,0.26,1.50.1
Žá¼,9,—\‘I,1,4910,’†‘º‘×•½,42,14,‰J,–k¼,4,4,6.84,02,‚Ü‚­‚è·‚µ,1,0.22,1.52.8
Žá¼,9,—\‘I,3,4451,¼è—S‘¾˜Y,54,38,‰J,–k¼,4,4,6.93,03,‚Ü‚­‚è·‚µ,3,0.18,1.53.6
Žá¼,9,—\‘I,2,4271,ìèŒö–õ,30,73,‰J,–k¼,4,4,6.94,04,‚Ü‚­‚è·‚µ,2,0.22,1.55.1
Žá¼,9,—\‘I,5,4196,“c’†‘¾ˆê˜Y,56,26,‰J,–k¼,4,4,6.87,05,‚Ü‚­‚è·‚µ,5,0.18,.  .
Žá¼,9,—\‘I,4,3778,ˆÀ’B”ü”¿,57,32,‰J,–k¼,4,4,6.93,06,‚Ü‚­‚è·‚µ,4,0.29,.  .
Žá¼,10,—\‘I“ÁÜ,1,4256,“n•Ó_Ži,55,36,‰J,–k¼,4,4,6.73,01,“¦‚°,1,0.15,1.49.8
Žá¼,10,—\‘I“ÁÜ,6,3888,ŽR–{‰pŽu,48,40,‰J,–k¼,4,4,6.80,02,“¦‚°,6,0.07,1.52.1
Žá¼,10,—\‘I“ÁÜ,2,3462,’|ã^Ži,51,12,‰J,–k¼,4,4,6.81,03,“¦‚°,2,0.21,1.53.7
Žá¼,10,—\‘I“ÁÜ,4,5000,‰ª–{ãÄ‘¾˜Y,11,16,‰J,–k¼,4,4,6.75,04,“¦‚°,4,0.15,1.55.3
Žá¼,10,—\‘I“ÁÜ,5,4406,K–ìŽj–¾,29,46,‰J,–k¼,4,4,6.81,05,“¦‚°,5,0.15,.  .
Žá¼,10,—\‘I“ÁÜ,3,4272,‘åêLF,19,55,‰J,–k¼,4,4,6.77,06,“¦‚°,3,0.14,.  .
Žá¼,11,ˆê”Ê“Á‘I,1,4387,•½ŽR’q‰Á,2,33,‰J,–k¼,2,2,6.76,01,“¦‚°,1,0.17,1.50.0
Žá¼,11,ˆê”Ê“Á‘I,5,4243,¼‘º•à,7,74,‰J,–k¼,2,2,6.83,02,“¦‚°,5,0.14,1.51.0
Žá¼,11,ˆê”Ê“Á‘I,4,4014,•Ð‰ªŒb—¢,12,70,‰J,–k¼,2,2,6.83,03,“¦‚°,4,0.16,1.53.3
Žá¼,11,ˆê”Ê“Á‘I,3,3871,’r“cŽ‡”T,27,18,‰J,–k¼,2,2,6.79,04,“¦‚°,3,0.16,1.53.8
Žá¼,11,ˆê”Ê“Á‘I,2,3551,“¡“c”ü‘ã,34,62,‰J,–k¼,2,2,6.77,05,“¦‚°,2,0.13,.  .
Žá¼,11,ˆê”Ê“Á‘I,6,4224,‘å‹´‰h—¢‰À,13,20,‰J,–k¼,2,2,6.82,06,“¦‚°,6,0.17,.  .
Žá¼,12,ˆê”Ê“Á‘I,1,4364,’r‰i‘¾,17,29,‰J,–k,1,1,6.79,01,“¦‚°,1,0.09,1.49.8
Žá¼,12,ˆê”Ê“Á‘I,2,4958,aŒûŠC‹`–ç,5,25,‰J,–k,1,1,6.79,02,“¦‚°,2,0.12,1.50.9
Žá¼,12,ˆê”Ê“Á‘I,3,3876,’†’Ò’l,1,68,‰J,–k,1,1,6.74,03,“¦‚°,3,0.17,1.52.8
Žá¼,12,ˆê”Ê“Á‘I,6,4106,âˆäNŽk,20,43,‰J,–k,1,1,6.79,04,“¦‚°,6,0.25,1.53.4
Žá¼,12,ˆê”Ê“Á‘I,5,4644,ŽR“c—º‘¾,60,42,‰J,–k,1,1,6.84,05,“¦‚°,5,0.29,.  .
Žá¼,12,ˆê”Ê“Á‘I,4,4273,²“¡ˆ®,39,39,‰J,–k,1,1,6.80,06,“¦‚°,4,0.32,.  .
‰ºŠÖ,1,—\‘I,1,5231,Ž›“c‹óŽ,53,18,°,–k“Œ,6,6,6.96,01,”²‚«,1,0.05,1.51.6
‰ºŠÖ,1,—\‘I,6,4680,Œã“¡”ü—ƒ,58,50,°,–k“Œ,6,6,6.93,02,”²‚«,4,0.21,1.53.5
‰ºŠÖ,1,—\‘I,2,5184,”Ñ’Ë‹¿,39,17,°,–k“Œ,6,6,6.89,03,”²‚«,2,0.19,1.54.2
‰ºŠÖ,1,—\‘I,4,5248,–{“cˆ¤,56,27,°,–k“Œ,6,6,6.93,04,”²‚«,5,0.23,1.56.6
‰ºŠÖ,1,—\‘I,5,5251,À“cŽµ‰Ø,25,29,°,–k“Œ,6,6,6.86,05,”²‚«,6,0.21,.  .
‰ºŠÖ,1,—\‘I,3,4974,ˆÀˆä‹I,57,21,°,–k“Œ,6,6,6.90,06,”²‚«,3,0.19,.  .
‰ºŠÖ,2,—\‘I,1,4045,²X–Ø—T”ü,41,40,°,–k“Œ,5,5,6.93,01,“¦‚°,1,0.07,1.51.2
‰ºŠÖ,2,—\‘I,2,4784,Œüˆä“c^‹I,68,49,°,–k“Œ,5,5,6.94,02,“¦‚°,2,0.09,1.53.1
‰ºŠÖ,2,—\‘I,3,5123,•ŸŽRŒb—¢“Þ,23,16,°,–k“Œ,5,5,6.99,03,“¦‚°,3,0.14,1.53.9
‰ºŠÖ,2,—\‘I,6,4525,^Žq“Þ’ÃŽÀ,28,39,°,–k“Œ,5,5,6.95,04,“¦‚°,5,0.13,1.54.9
‰ºŠÖ,2,—\‘I,4,5113,•–¾‰Ô–²,13,47,°,–k“Œ,5,5,6.99,05,“¦‚°,4,0.18,.  .
‰ºŠÖ,2,—\‘I,5,5320,Šâè—íŽq,17,34,°,–k“Œ,5,5,6.99,06,“¦‚°,6,0.23,.  .
‰ºŠÖ,3,—\‘I,4,4473,“¡“°—¢,55,36,“Ü‚è,–k“Œ,4,4,6.94,01,”²‚«,4,0.19,1.50.7
‰ºŠÖ,3,—\‘I,5,3188,“ú‚ˆíŽq,52,31,“Ü‚è,–k“Œ,4,4,6.92,02,”²‚«,5,0.24,1.52.8
‰ºŠÖ,3,—\‘I,2,4501,”óŒû—R‰Á—¢,27,28,“Ü‚è,–k“Œ,4,4,6.99,03,”²‚«,2,0.12,1.53.9
‰ºŠÖ,3,—\‘I,1,4994,ŽR–{—œØ,50,30,“Ü‚è,–k“Œ,4,4,6.98,04,”²‚«,1,0.11,1.54.4
‰ºŠÖ,3,—\‘I,3,4478,ŸN–{‚ ‚ä‚Ý,60,32,“Ü‚è,–k“Œ,4,4,6.99,05,”²‚«,3,0.27,.  .
‰ºŠÖ,3,—\‘I,6,5324,”¨“cŠóç,42,44,“Ü‚è,–k“Œ,4,4,6.96,06,”²‚«,6,0.27,.  .
‰ºŠÖ,4,—\‘I,3,4927,ŠÖ–ì•¶,70,11,“Ü‚è,–k“Œ,5,5,6.83,01,‚Ü‚­‚è,3,0.16,1.50.8
‰ºŠÖ,4,—\‘I,2,4819,–I{¶,62,12,“Ü‚è,–k“Œ,5,5,6.90,02,‚Ü‚­‚è,2,0.16,1.52.6
‰ºŠÖ,4,—\‘I,5,4773,’†ì‚è‚È,63,51,“Ü‚è,–k“Œ,5,5,6.78,03,‚Ü‚­‚è,5,0.14,1.53.7
‰ºŠÖ,4,—\‘I,4,4183,‰F–ì–í¶,11,46,“Ü‚è,–k“Œ,5,5,6.85,04,‚Ü‚­‚è,4,0.12,1.54.5
‰ºŠÖ,4,—\‘I,1,5148,¼–{—å,38,53,“Ü‚è,–k“Œ,5,5,6.89,05,‚Ü‚­‚è,1,0.11,.  .
‰ºŠÖ,4,—\‘I,6,5250,“ˆ“c—L—¢,14,54,“Ü‚è,–k“Œ,5,5,6.91,06,‚Ü‚­‚è,6,0.13,.  .
‰ºŠÖ,5,ƒV[ƒ‚í,1,4289,—Ž‡’¼Žq,44,15,“Ü‚è,–k“Œ,3,3,6.91,01,“¦‚°,1,0.11,1.50.1
‰ºŠÖ,5,ƒV[ƒ‚í,3,3611,Šâè–F”ü,34,33,“Ü‚è,–k“Œ,3,3,6.85,02,“¦‚°,3,0.11,1.52.0
‰ºŠÖ,5,ƒV[ƒ‚í,4,5184,”Ñ’Ë‹¿,39,17,“Ü‚è,–k“Œ,3,3,6.80,03,“¦‚°,4,0.11,1.53.1
‰ºŠÖ,5,ƒV[ƒ‚í,2,4764,¬’r—ç”T,20,35,“Ü‚è,–k“Œ,3,3,6.86,04,“¦‚°,2,0.19,1.54.2
‰ºŠÖ,5,ƒV[ƒ‚í,6,4536,Šìˆä‚Â‚©‚³,64,48,“Ü‚è,–k“Œ,3,3,6.83,05,“¦‚°,6,0.13,.  .
‰ºŠÖ,5,ƒV[ƒ‚í,5,5277,ˆäã–¢“s,46,14,“Ü‚è,–k“Œ,3,3,6.92,06,“¦‚°,5,0.14,.  .
‰ºŠÖ,6,—\‘I,4,4746,‘å“¤¶“c‘“,30,22,“Ü‚è,–k“Œ,3,3,6.91,01,‚Ü‚­‚è·‚µ,4,0.11,1.49.9
‰ºŠÖ,6,—\‘I,3,4433,ì–ì‰è—B,75,41,“Ü‚è,–k“Œ,3,3,6.89,02,‚Ü‚­‚è·‚µ,3,0.14,1.50.7
‰ºŠÖ,6,—\‘I,5,5163,´…ˆ¤ŠC,48,42,“Ü‚è,–k“Œ,3,3,6.93,03,‚Ü‚­‚è·‚µ,5,0.16,1.54.0
‰ºŠÖ,6,—\‘I,1,5248,–{“cˆ¤,56,27,“Ü‚è,–k“Œ,3,3,6.91,04,‚Ü‚­‚è·‚µ,1,0.39,1.54.7
‰ºŠÖ,6,—\‘I,2,4878,¼‰ªˆç–¢,26,24,“Ü‚è,–k“Œ,3,3,6.86,05,‚Ü‚­‚è·‚µ,2,0.19,.  .
‰ºŠÖ,6,—\‘I,6,5320,Šâè—íŽq,17,34,“Ü‚è,–k“Œ,3,3,6.95,06,‚Ü‚­‚è·‚µ,6,0.15,.  .
‰ºŠÖ,7,‚Ó‚­`‚é“ÁÜ,3,5174,ìˆä–G,16,38,“Ü‚è,–k“Œ,4,4,6.93,01,‚Ü‚­‚è,3,0.24,1.50.5
‰ºŠÖ,7,‚Ó‚­`‚é“ÁÜ,5,4347,‹›’JD,21,26,“Ü‚è,–k“Œ,4,4,6.88,02,‚Ü‚­‚è,4,0.24,1.52.1
‰ºŠÖ,7,‚Ó‚­`‚é“ÁÜ,1,4714,Šì‘½{ˆÇ“Þ,43,52,“Ü‚è,–k“Œ,4,4,6.86,03,‚Ü‚­‚è,1,0.25,1.53.5
‰ºŠÖ,7,‚Ó‚­`‚é“ÁÜ,6,4784,Œüˆä“c^‹I,68,49,“Ü‚è,–k“Œ,4,4,6.88,04,‚Ü‚­‚è,5,0.21,1.55.1
‰ºŠÖ,7,‚Ó‚­`‚é“ÁÜ,2,5189,“¡Œ´‘Ø,47,37,“Ü‚è,–k“Œ,4,4,6.89,05,‚Ü‚­‚è,2,0.27,.  .
‰ºŠÖ,7,‚Ó‚­`‚é“ÁÜ,4,5251,À“cŽµ‰Ø,25,29,“Ü‚è,–k“Œ,4,4,6.90,06,‚Ü‚­‚è,6,0.32,.  .
‰ºŠÖ,8,—\‘I,1,3618,ŠC–ì‚ä‚©‚è,51,13,“Ü‚è,–k“Œ,3,3,6.90,01,“¦‚°,1,0.05,1.51.0
‰ºŠÖ,8,—\‘I,3,4045,²X–Ø—T”ü,41,40,“Ü‚è,–k“Œ,3,3,6.79,02,“¦‚°,3,0.06,1.51.5
‰ºŠÖ,8,—\‘I,5,4974,ˆÀˆä‹I,57,21,“Ü‚è,–k“Œ,3,3,6.84,03,“¦‚°,5,0.33,1.53.2
‰ºŠÖ,8,—\‘I,4,4994,ŽR–{—œØ,50,30,“Ü‚è,–k“Œ,3,3,6.81,04,“¦‚°,4,0.25,1.54.3
‰ºŠÖ,8,—\‘I,2,4071,ŒÃ‰êç»,22,45,“Ü‚è,–k“Œ,3,3,6.92,05,“¦‚°,2,0.12,.  .
‰ºŠÖ,8,—\‘I,6,5322,ªŠÝ^—D,33,43,“Ü‚è,–k“Œ,3,3,6.86,06,“¦‚°,6,0.24,.  .
‰ºŠÖ,9,—\‘I,3,4773,’†ì‚è‚È,63,51,“Ü‚è,–k¼,2,2,6.76,01,”²‚«,2,0.19,1.48.9
‰ºŠÖ,9,—\‘I,6,5277,ˆäã–¢“s,46,14,“Ü‚è,–k¼,2,2,6.84,02,”²‚«,5,0.27,1.50.9
‰ºŠÖ,9,—\‘I,2,5146,–ì“cÊ‰Á,67,20,“Ü‚è,–k¼,2,2,6.89,03,”²‚«,1,0.21,1.52.2
‰ºŠÖ,9,—\‘I,4,5045,•½ìD,31,25,“Ü‚è,–k¼,2,2,6.88,04,”²‚«,3,0.25,1.53.4
‰ºŠÖ,9,—\‘I,5,5113,•–¾‰Ô–²,13,47,“Ü‚è,–k¼,2,2,6.88,05,”²‚«,4,0.32,.  .
‰ºŠÖ,10,—\‘I“ÁÜ,4,4525,^Žq“Þ’ÃŽÀ,28,39,‰J,–k¼,2,2,6.74,01,‚Ü‚­‚è,4,0.15,1.49.7
‰ºŠÖ,10,—\‘I“ÁÜ,2,4289,—Ž‡’¼Žq,44,15,‰J,–k¼,2,2,6.78,02,‚Ü‚­‚è,2,0.18,1.50.8
‰ºŠÖ,10,—\‘I“ÁÜ,3,4746,‘å“¤¶“c‘“,30,22,‰J,–k¼,2,2,6.78,03,‚Ü‚­‚è,3,0.31,1.52.9
‰ºŠÖ,10,—\‘I“ÁÜ,5,5231,Ž›“c‹óŽ,53,18,‰J,–k¼,2,2,6.85,04,‚Ü‚­‚è,5,0.16,1.53.4
‰ºŠÖ,10,—\‘I“ÁÜ,1,4499,‘êì^—RŽq,61,19,‰J,–k¼,2,2,6.82,05,‚Ü‚­‚è,1,0.20,.  .
‰ºŠÖ,10,—\‘I“ÁÜ,6,4501,”óŒû—R‰Á—¢,27,28,‰J,–k¼,2,2,6.79,06,‚Ü‚­‚è,6,0.07,.  .
‰ºŠÖ,11,—\‘I“Á‘I,1,3188,“ú‚ˆíŽq,52,31,‰J,“ì¼,3,3,6.80,01,“¦‚°,1,0.19,1.49.9
‰ºŠÖ,11,—\‘I“Á‘I,2,4680,Œã“¡”ü—ƒ,58,50,‰J,“ì¼,3,3,6.84,02,“¦‚°,2,0.23,1.51.0
‰ºŠÖ,11,—\‘I“Á‘I,3,4536,Šìˆä‚Â‚©‚³,64,48,‰J,“ì¼,3,3,6.83,03,“¦‚°,3,0.17,1.53.3
‰ºŠÖ,11,—\‘I“Á‘I,6,4819,–I{¶,62,12,‰J,“ì¼,3,3,6.85,04,“¦‚°,6,0.29,1.55.1
‰ºŠÖ,11,—\‘I“Á‘I,5,4714,Šì‘½{ˆÇ“Þ,43,52,‰J,“ì¼,3,3,6.82,05,“¦‚°,5,0.32,.  .
‰ºŠÖ,11,—\‘I“Á‘I,4,5163,´…ˆ¤ŠC,48,42,‰J,“ì¼,3,3,6.81,06,“¦‚°,4,0.36,.  .
‰ºŠÖ,12,ƒhƒŠ[ƒ€í,1,4433,ì–ì‰è—B,75,41,‰J,“ì¼,3,3,6.73,01,“¦‚°,1,0.19,1.49.0
‰ºŠÖ,12,ƒhƒŠ[ƒ€í,6,4183,‰F–ì–í¶,11,46,‰J,“ì¼,3,3,6.76,02,“¦‚°,6,0.13,1.51.2
‰ºŠÖ,12,ƒhƒŠ[ƒ€í,4,3611,Šâè–F”ü,34,33,‰J,“ì¼,3,3,6.73,03,“¦‚°,4,0.12,1.52.5
‰ºŠÖ,12,ƒhƒŠ[ƒ€í,3,4347,‹›’JD,21,26,‰J,“ì¼,3,3,6.73,04,“¦‚°,3,0.15,1.53.4
‰ºŠÖ,12,ƒhƒŠ[ƒ€í,2,3618,ŠC–ì‚ä‚©‚è,51,13,‰J,“ì¼,3,3,6.75,05,“¦‚°,2,0.16,.  .
‰ºŠÖ,12,ƒhƒŠ[ƒ€í,5,4478,ŸN–{‚ ‚ä‚Ý,60,32,‰J,“ì¼,3,3,6.72,06,“¦‚°,5,0.16,.  .
‹{“‡,1,—\‘I,5,3716,Î“n“S•º,50,32,“Ü‚è,“Œ,1,1,6.71,01,‚Ü‚­‚è·‚µ,5,0.10,1.50.3
‹{“‡,1,—\‘I,4,4424,¼”öV–¾,21,20,“Ü‚è,“Œ,1,1,6.69,02,‚Ü‚­‚è·‚µ,4,0.13,1.51.9
‹{“‡,1,—\‘I,2,4570,‘O“c¹•¶,67,79,“Ü‚è,“Œ,1,1,6.75,03,‚Ü‚­‚è·‚µ,2,0.18,1.53.5
‹{“‡,1,—\‘I,3,4991,@sŽ¡Æ,78,52,“Ü‚è,“Œ,1,1,6.80,04,‚Ü‚­‚è·‚µ,3,0.17,1.54.2
‹{“‡,1,—\‘I,1,4850,–ì’†ˆê•½,63,65,“Ü‚è,“Œ,1,1,6.75,05,‚Ü‚­‚è·‚µ,1,0.11,1.56.4
‹{“‡,1,—\‘I,6,3514,ŽRˆê“S–ç,26,63,“Ü‚è,“Œ,1,1,6.76,06,‚Ü‚­‚è·‚µ,6,0.14,1.56.7
‹{“‡,2,—\‘I,2,4734,ˆÀ‰Í“à«,52,58,“Ü‚è,“Œ,1,1,6.76,01,·‚µ,2,0.19,1.50.7
‹{“‡,2,—\‘I,1,4264,’·”öÍ•½,17,29,“Ü‚è,“Œ,1,1,6.75,02,·‚µ,1,0.27,1.51.9
‹{“‡,2,—\‘I,4,3772,ˆê–ö˜aF,66,73,“Ü‚è,“Œ,1,1,6.75,03,·‚µ,4,0.18,1.53.6
‹{“‡,2,—\‘I,6,4500,ŽR“cN“ñ,64,19,“Ü‚è,“Œ,1,1,6.77,04,·‚µ,6,0.25,1.53.9
‹{“‡,2,—\‘I,3,4131,Œ´–L“y,75,13,“Ü‚è,“Œ,1,1,6.77,05,·‚µ,3,0.17,1.54.7
‹{“‡,2,—\‘I,5,4409,âŒ³_m,57,75,“Ü‚è,“Œ,1,1,6.82,06,·‚µ,5,0.23,1.55.5
‹{“‡,3,—\‘I,5,4352,‰ºžŠ—Y‘¾˜Y,73,54,“Ü‚è,“Œ,2,2,6.70,01,‚Ü‚­‚è,6,0.07,1.51.0
‹{“‡,3,—\‘I,2,4118,‰F²Œ©~,35,62,“Ü‚è,“Œ,2,2,6.75,02,‚Ü‚­‚è,2,0.08,1.51.8
‹{“‡,3,—\‘I,6,4044,“’ì_Ži,23,50,“Ü‚è,“Œ,2,2,6.76,03,‚Ü‚­‚è,5,0.12,1.53.9
‹{“‡,3,—\‘I,4,3920,³–Ø¹Œ«,33,33,“Ü‚è,“Œ,2,2,6.75,04,‚Ü‚­‚è,4,0.18,1.54.8
‹{“‡,3,—\‘I,3,4967,’†‘ºŠ@¶,31,57,“Ü‚è,“Œ,2,2,6.74,05,‚Ü‚­‚è,3,0.14,1.56.1
‹{“‡,3,—\‘I,1,3558,ŽR–{_ŽŸ,32,31,“Ü‚è,“Œ,2,2,6.71,06,‚Ü‚­‚è,1,0.30,1.56.6
‹{“‡,4,—\‘I,6,3779,Œ´“cKÆ,74,22,“Ü‚è,“ì“Œ,1,1,6.74,01,‚Ü‚­‚è·‚µ,4,0.12,1.50.6
‹{“‡,4,—\‘I,1,4953,”öã‰ë–ç,27,36,“Ü‚è,“ì“Œ,1,1,6.76,02,‚Ü‚­‚è·‚µ,1,0.20,1.51.8
‹{“‡,4,—\‘I,2,4704,‰Í–ì‘å,65,64,“Ü‚è,“ì“Œ,1,1,6.74,03,‚Ü‚­‚è·‚µ,2,0.22,1.53.5
‹{“‡,4,—\‘I,5,5015,‚‹´—³–î,60,30,“Ü‚è,“ì“Œ,1,1,6.77,04,‚Ü‚­‚è·‚µ,6,0.17,1.54.1
‹{“‡,4,—\‘I,3,4052,‹»’Ã—•,76,51,“Ü‚è,“ì“Œ,1,1,6.78,05,‚Ü‚­‚è·‚µ,3,0.18,1.56.0
‹{“‡,4,—\‘I,4,4578,“¡ŽR‰ëO,12,24,“Ü‚è,“ì“Œ,1,1,6.83,06,‚Ü‚­‚è·‚µ,5,0.21,1.57.6
‹{“‡,5,—\‘I,1,4371,¼ŽR‹M_,28,28,“Ü‚è,“ì“Œ,2,2,6.85,01,“¦‚°,1,0.14,1.51.1
‹{“‡,5,—\‘I,4,4420,’Ã‹vˆä‘ñ–ç,16,76,“Ü‚è,“ì“Œ,2,2,6.81,02,“¦‚°,4,0.14,1.51.5
‹{“‡,5,—\‘I,5,4471,V“c‘×Í,39,71,“Ü‚è,“ì“Œ,2,2,6.78,03,“¦‚°,5,0.16,1.53.4
‹{“‡,5,—\‘I,3,4850,–ì’†ˆê•½,63,65,“Ü‚è,“ì“Œ,2,2,6.72,04,“¦‚°,3,0.22,1.54.2
‹{“‡,5,—\‘I,2,4985,ˆä–{¹–ç,30,77,“Ü‚è,“ì“Œ,2,2,6.77,05,“¦‚°,2,0.25,1.54.6
‹{“‡,5,—\‘I,6,4907,¬’rC•½,24,25,“Ü‚è,“ì“Œ,2,2,6.79,06,“¦‚°,6,0.22,1.57.0
‹{“‡,6,—\‘I,1,4570,‘O“c¹•¶,67,79,‰J,–k,2,2,6.72,01,“¦‚°,1,0.08,1.50.0
‹{“‡,6,—\‘I,3,4828,¼ŽR«Œá,34,56,‰J,–k,2,2,6.70,02,“¦‚°,3,0.06,1.51.6
‹{“‡,6,—\‘I,6,4398,‘D‰ª—mˆê˜Y,58,67,‰J,–k,2,2,6.72,03,“¦‚°,6,0.10,1.53.6
‹{“‡,6,—\‘I,5,4264,’·”öÍ•½,17,29,‰J,–k,2,2,6.75,04,“¦‚°,5,0.12,1.54.4
‹{“‡,6,—\‘I,2,4342,’J–ì˜BŽu,56,53,‰J,–k,2,2,6.77,05,“¦‚°,2,0.02,1.56.6
‹{“‡,6,—\‘I,4,4083,•Ÿ“‡—EŽ÷,53,16,‰J,–k,2,2,6.70,06,“¦‚°,4,0.12,1.58.7
‹{“‡,7,—\‘I,2,4908,ã“c—´¯,70,34,“Ü‚è,–k¼,1,1,6.81,01,·‚µ,2,0.16,1.50.5
‹{“‡,7,—\‘I,4,4888,‹àŽ™—²‘¾,62,11,“Ü‚è,–k¼,1,1,6.79,02,·‚µ,4,0.15,1.51.6
‹{“‡,7,—\‘I,5,4734,ˆÀ‰Í“à«,52,58,“Ü‚è,–k¼,1,1,6.82,03,·‚µ,5,0.24,1.52.6
‹{“‡,7,—\‘I,1,4424,¼”öV–¾,21,20,“Ü‚è,–k¼,1,1,6.75,04,·‚µ,1,0.13,1.53.4
‹{“‡,7,—\‘I,6,4549,¬—Ñ•¶•F,29,18,“Ü‚è,–k¼,1,1,6.76,05,·‚µ,6,0.21,1.55.3
‹{“‡,7,—\‘I,3,4798,•læ^”Í,15,60,“Ü‚è,–k¼,1,1,6.78,06,·‚µ,3,0.18,1.57.0
‹{“‡,8,—\‘I,3,3959,’ØˆäN°,18,38,“Ü‚è,–k¼,2,2,6.74,01,‚Ü‚­‚è,3,0.15,1.58.3
‹{“‡,8,—\‘I,1,3920,³–Ø¹Œ«,33,33,“Ü‚è,–k¼,2,2,6.83,02,‚Ü‚­‚è,1,0.19,2.00.7
‹{“‡,8,—\‘I,2,4953,”öã‰ë–ç,27,36,“Ü‚è,–k¼,2,2,6.79,03,‚Ü‚­‚è,2,0.14,2.03.8
‹{“‡,8,—\‘I,5,4848,’‡’JéDm,80,35,“Ü‚è,–k¼,2,2,6.79,04,‚Ü‚­‚è,5,0.11,2.07.0
‹{“‡,8,—\‘I,6,4771,‰ºŽ›G˜a,61,27,“Ü‚è,–k¼,2,2,6.80,05,‚Ü‚­‚è,6,0.13,2.26.0
‹{“‡,9,—\‘I,3,4420,’Ã‹vˆä‘ñ–ç,16,76,°,–k“Œ,5,4,6.81,01,‚Ü‚­‚è,3,0.10,1.50.2
‹{“‡,9,—\‘I,2,4409,âŒ³_m,57,75,°,–k“Œ,5,4,6.85,02,‚Ü‚­‚è,2,0.08,1.52.7
‹{“‡,9,—\‘I,5,4991,@sŽ¡Æ,78,52,°,–k“Œ,5,4,6.85,03,‚Ü‚­‚è,5,0.15,1.53.3
‹{“‡,9,—\‘I,4,5015,‚‹´—³–î,60,30,°,–k“Œ,5,4,6.84,04,‚Ü‚­‚è,4,0.16,1.53.6
‹{“‡,9,—\‘I,1,4352,‰ºžŠ—Y‘¾˜Y,73,54,°,–k“Œ,5,4,6.72,05,‚Ü‚­‚è,1,0.09,1.54.1
‹{“‡,9,—\‘I,6,4572,“n•”Œå,20,55,°,–k“Œ,5,4,6.86,06,‚Ü‚­‚è,6,0.08,1.56.7
‹{“‡,10,—\‘I,1,4083,•Ÿ“‡—EŽ÷,53,16,°,–k,3,3,6.85,01,“¦‚°,1,0.09,1.50.2
‹{“‡,10,—\‘I,2,4500,ŽR“cN“ñ,64,19,°,–k,3,3,6.85,02,“¦‚°,2,0.14,1.51.6
‹{“‡,10,—\‘I,4,4704,‰Í–ì‘å,65,64,°,–k,3,3,6.86,03,“¦‚°,4,0.23,1.53.4
‹{“‡,10,—\‘I,3,3716,Î“n“S•º,50,32,°,–k,3,3,6.84,04,“¦‚°,3,0.15,1.54.3
‹{“‡,10,—\‘I,6,4985,ˆä–{¹–ç,30,77,°,–k,3,3,6.93,05,“¦‚°,6,0.30,1.55.3
‹{“‡,10,—\‘I,5,4526,’r“c—Y—S,59,70,°,–k,3,3,6.85,06,“¦‚°,5,0.21,1.56.7
‹{“‡,11,—\‘I,1,4532,HŒ³“N,11,14,°,–k,3,3,6.83,01,“¦‚°,1,0.08,1.50.3
‹{“‡,11,—\‘I,3,4816,‘º¼C“ñ,38,61,°,–k,3,3,6.82,02,“¦‚°,3,0.08,1.51.2
‹{“‡,11,—\‘I,5,3721,Žç“cr‰î,51,68,°,–k,3,3,6.91,03,“¦‚°,5,0.17,1.53.0
‹{“‡,11,—\‘I,2,4967,’†‘ºŠ@¶,31,57,°,–k,3,3,6.82,04,“¦‚°,2,0.09,1.54.0
‹{“‡,11,—\‘I,4,3779,Œ´“cKÆ,74,22,°,–k,3,3,6.82,05,“¦‚°,4,0.11,1.56.1
‹{“‡,11,—\‘I,6,4131,Œ´–L“y,75,13,°,–k,3,3,6.81,06,“¦‚°,6,0.15,1.59.1
‹{“‡,12,—\‘I,1,3959,’ØˆäN°,18,38,“Ü‚è,–k,3,3,6.80,01,“¦‚°,1,0.09,1.49.4
‹{“‡,12,—\‘I,3,5005,Î“c‹M—m,19,78,“Ü‚è,–k,3,3,6.85,02,“¦‚°,3,0.15,1.51.5
‹{“‡,12,—\‘I,2,4828,¼ŽR«Œá,34,56,“Ü‚è,–k,3,3,6.78,03,“¦‚°,2,0.08,1.52.1
‹{“‡,12,—\‘I,5,4118,‰F²Œ©~,35,62,“Ü‚è,–k,3,3,6.86,04,“¦‚°,5,0.10,1.53.5
‹{“‡,12,—\‘I,6,4441,––‰i—RŠy,68,66,“Ü‚è,–k,3,3,6.82,05,“¦‚°,6,0.11,1.54.7
‹{“‡,12,—\‘I,4,4471,V“c‘×Í,39,71,“Ü‚è,–k,3,3,6.84,06,“¦‚°,4,0.14,1.58.5
Ž™“‡,1,’©“¾ƒKƒ@`ƒR,1,4581,‹g‘º½,37,29,“Ü‚è,–k¼,2,3,6.88,01,“¦‚°,1,0.06,1.49.4
Ž™“‡,1,’©“¾ƒKƒ@`ƒR,2,4527,‚–ìSŒá,64,32,“Ü‚è,–k¼,2,3,6.86,02,“¦‚°,2,0.12,1.50.7
Ž™“‡,1,’©“¾ƒKƒ@`ƒR,4,4890,Îì—È,27,47,“Ü‚è,–k¼,2,3,6.81,03,“¦‚°,4,0.12,1.52.0
Ž™“‡,1,’©“¾ƒKƒ@`ƒR,5,3775,òŒ[•¶,16,11,“Ü‚è,–k¼,2,3,6.77,04,“¦‚°,5,0.18,1.53.6
Ž™“‡,1,’©“¾ƒKƒ@`ƒR,3,4407,Ž­“‡•qO,41,46,“Ü‚è,–k¼,2,3,6.82,05,“¦‚°,3,0.16,.  .
Ž™“‡,1,’©“¾ƒKƒ@`ƒR,6,5206,”~Œ´Ë•½,25,18,“Ü‚è,–k¼,2,3,6.72,06,“¦‚°,6,0.32,.  .
Ž™“‡,2,—\‘I,1,4562,ã–{—E‰î,57,34,“Ü‚è,–k¼,3,3,6.71,01,“¦‚°,1,0.07,1.50.2
Ž™“‡,2,—\‘I,4,3910,¼‰º’mK,54,71,“Ü‚è,–k¼,3,3,6.74,02,“¦‚°,4,0.16,1.51.5
Ž™“‡,2,—\‘I,2,5172,“c‘ºŒc,17,30,“Ü‚è,–k¼,3,3,6.94,03,“¦‚°,2,0.14,1.52.1
Ž™“‡,2,—\‘I,5,4822,•S•ãÄ,30,27,“Ü‚è,–k¼,3,3,6.96,04,“¦‚°,5,0.22,1.52.9
Ž™“‡,2,—\‘I,6,4054,•Ÿ“ˆ’q”V,23,31,“Ü‚è,–k¼,3,3,6.78,05,“¦‚°,6,0.19,.  .
Ž™“‡,2,—\‘I,3,5059,•y“cË,35,37,“Ü‚è,–k¼,3,3,6.80,06,“¦‚°,3,0.10,.  .
Ž™“‡,3,—\‘I,1,4574,“ŒŽ÷,14,73,“Ü‚è,–k¼,2,3,6.92,01,“¦‚°,1,0.07,1.50.2
Ž™“‡,3,—\‘I,2,5012,‰Á‘q˜Ðª,38,21,“Ü‚è,–k¼,2,3,6.81,02,“¦‚°,2,0.09,1.51.9
Ž™“‡,3,—\‘I,3,4792,™‘ºŒ«–ç,48,68,“Ü‚è,–k¼,2,3,6.89,03,“¦‚°,3,0.15,1.53.2
Ž™“‡,3,—\‘I,4,3564,ŒKŒ´Œ[,31,60,“Ü‚è,–k¼,2,3,6.80,04,“¦‚°,4,0.11,1.55.0
Ž™“‡,3,—\‘I,6,4216,¯‰hŽ¢,24,53,“Ü‚è,–k¼,2,3,6.88,05,“¦‚°,6,0.13,.  .
Ž™“‡,3,—\‘I,5,4220,[ì˜am,26,56,“Ü‚è,–k¼,2,3,6.84,06,“¦‚°,5,0.07,.  .
Ž™“‡,4,ƒRƒWƒ}‚¾‚S‚Á,4,4584,‘º‰ªŒ«l,69,39,“Ü‚è,–k¼,2,3,6.83,01,·‚µ,4,0.05,1.49.6
Ž™“‡,4,ƒRƒWƒ}‚¾‚S‚Á,2,4601,X–ì³O,13,61,“Ü‚è,–k¼,2,3,6.79,02,·‚µ,2,0.09,1.51.3
Ž™“‡,4,ƒRƒWƒ}‚¾‚S‚Á,5,4133,‚‹´³’j,49,15,“Ü‚è,–k¼,2,3,6.84,03,·‚µ,5,0.11,1.52.9
Ž™“‡,4,ƒRƒWƒ}‚¾‚S‚Á,3,4735,ŠpŽR—YÆ,29,36,“Ü‚è,–k¼,2,3,6.80,04,·‚µ,3,0.03,1.53.4
Ž™“‡,4,ƒRƒWƒ}‚¾‚S‚Á,6,3948,‘å’¬—˜Ž,55,51,“Ü‚è,–k¼,2,3,6.92,05,·‚µ,6,0.22,.  .
Ž™“‡,4,ƒRƒWƒ}‚¾‚S‚Á,1,4552,™ŽRŸ‹§,53,25,“Ü‚è,–k¼,2,3,6.76,06,·‚µ,1,0.19,.  .
Ž™“‡,5,“ú‘Ö’øHí,6,4324,ŠC–ìNŽu˜Y,51,66,“Ü‚è,“ì¼,2,3,6.78,01,‚Ü‚­‚è·‚µ,5,0.22,1.51.5
Ž™“‡,5,“ú‘Ö’øHí,1,5179,“¡–{Œ³‹P,50,14,“Ü‚è,“ì¼,2,3,6.79,02,‚Ü‚­‚è·‚µ,1,0.21,1.52.2
Ž™“‡,5,“ú‘Ö’øHí,2,4663,–àŽR‰ÀŠx,58,74,“Ü‚è,“ì¼,2,3,6.84,03,‚Ü‚­‚è·‚µ,2,0.26,1.53.7
Ž™“‡,5,“ú‘Ö’øHí,4,3563,’ç¸,61,22,“Ü‚è,“ì¼,2,3,6.84,04,‚Ü‚­‚è·‚µ,4,0.19,1.54.4
Ž™“‡,5,“ú‘Ö’øHí,3,4230,à_è’¼–î,45,62,“Ü‚è,“ì¼,2,3,6.80,05,‚Ü‚­‚è·‚µ,3,0.31,.  .
Ž™“‡,5,“ú‘Ö’øHí,5,5206,”~Œ´Ë•½,25,18,“Ü‚è,“ì¼,2,3,6.73,06,‚Ü‚­‚è·‚µ,6,0.27,.  .
Ž™“‡,6,’‹“¾ƒNƒ‰ƒŠƒX,1,4610,²“¡‘å—C,43,41,°,“ì¼,3,3,6.79,01,“¦‚°,1,0.11,1.49.7
Ž™“‡,6,’‹“¾ƒNƒ‰ƒŠƒX,3,4558,‹{–ìm,62,38,°,“ì¼,3,3,6.81,02,“¦‚°,3,0.19,1.51.8
Ž™“‡,6,’‹“¾ƒNƒ‰ƒŠƒX,2,5002,ã“cŒ’‘¾,42,43,°,“ì¼,3,3,6.70,03,“¦‚°,2,0.12,1.52.8
Ž™“‡,6,’‹“¾ƒNƒ‰ƒŠƒX,4,3653,•iìŒ«ŽŸ,46,19,°,“ì¼,3,3,6.85,04,“¦‚°,4,0.24,1.53.5
Ž™“‡,6,’‹“¾ƒNƒ‰ƒŠƒX,5,4978,ŽR“c˜a²,68,13,°,“ì¼,3,3,6.78,05,“¦‚°,5,0.34,.  .
Ž™“‡,6,’‹“¾ƒNƒ‰ƒŠƒX,6,5172,“c‘ºŒc,17,30,°,“ì¼,3,3,6.91,06,“¦‚°,6,0.29,.  .
Ž™“‡,7,—\‘I,5,3406,’†—¢‰p•v,67,58,“Ü‚è,“ì¼,3,3,6.84,01,‚Ü‚­‚è·‚µ,5,0.17,1.49.7
Ž™“‡,7,—\‘I,1,3910,¼‰º’mK,54,71,“Ü‚è,“ì¼,3,3,6.88,02,‚Ü‚­‚è·‚µ,1,0.24,1.51.6
Ž™“‡,7,—\‘I,4,4527,‚–ìSŒá,64,32,“Ü‚è,“ì¼,3,3,6.87,03,‚Ü‚­‚è·‚µ,4,0.18,1.52.6
Ž™“‡,7,—\‘I,6,4515,“¡“c_l,15,40,“Ü‚è,“ì¼,3,3,6.90,04,‚Ü‚­‚è·‚µ,6,0.14,1.53.0
Ž™“‡,7,—\‘I,3,4220,[ì˜am,26,56,“Ü‚è,“ì¼,3,3,6.85,05,‚Ü‚­‚è·‚µ,3,0.23,.  .
Ž™“‡,7,—\‘I,2,4571,›ÍÆ,11,54,“Ü‚è,“ì¼,3,3,6.70,06,‚Ü‚­‚è·‚µ,2,0.38,.  .
Ž™“‡,8,—\‘I,2,4822,•S•ãÄ,30,27,“Ü‚è,–k,5,5,6.79,01,Œb‚Ü‚ê,2,0.02,1.51.1
Ž™“‡,8,—\‘I,5,4407,Ž­“‡•qO,41,46,“Ü‚è,–k,5,5,6.77,02,Œb‚Ü‚ê,6,0.22,1.52.7
Ž™“‡,8,—\‘I,1,3306,•“c³‹I,65,42,“Ü‚è,–k,5,5,6.80,03,Œb‚Ü‚ê,1,0.09,1.54.0
Ž™“‡,8,—\‘I,4,3663,–ØŽR˜aK,52,59,“Ü‚è,–k,5,5,6.85,04,Œb‚Ü‚ê,5,0.08,1.55.7
Ž™“‡,8,—\‘I,6,3243,²–ì—²m,12,63,“Ü‚è,–k,5,5,6.85,05,Œb‚Ü‚ê,3,0.08,.  .
Ž™“‡,9,—\‘I“ÁÜ,1,4230,à_è’¼–î,45,62,°,–k¼,5,3,6.96,01,“¦‚°,1,0.24,1.49.5
Ž™“‡,9,—\‘I“ÁÜ,6,4601,X–ì³O,13,61,°,–k¼,5,3,6.95,02,“¦‚°,6,0.16,1.51.5
Ž™“‡,9,—\‘I“ÁÜ,4,4562,ã–{—E‰î,57,34,°,–k¼,5,3,6.93,03,“¦‚°,4,0.15,1.52.8
Ž™“‡,9,—\‘I“ÁÜ,3,4073,‘å‹´ƒˆê˜Y,33,35,°,–k¼,5,3,6.84,04,“¦‚°,3,0.16,1.53.1
Ž™“‡,9,—\‘I“ÁÜ,5,4574,“ŒŽ÷,14,73,°,–k¼,5,3,7.13,05,“¦‚°,5,0.22,.  .
Ž™“‡,9,—\‘I“ÁÜ,2,5143,í”ÕŠCS,39,69,°,–k¼,5,3,7.03,06,“¦‚°,2,0.25,.  .
Ž™“‡,10,—\‘I“ÁÜ,4,4558,‹{–ìm,62,38,“Ü‚è,–k,5,5,6.85,01,·‚µ,4,0.10,1.49.8
Ž™“‡,10,—\‘I“ÁÜ,2,4095,•Ÿ—ˆ„,56,23,“Ü‚è,–k,5,5,6.79,02,·‚µ,2,0.12,1.50.6
Ž™“‡,10,—\‘I“ÁÜ,5,4552,™ŽRŸ‹§,53,25,“Ü‚è,–k,5,5,6.79,03,·‚µ,5,0.17,1.52.8
Ž™“‡,10,—\‘I“ÁÜ,1,4209,“¡“c—³O,40,55,“Ü‚è,–k,5,5,6.94,04,·‚µ,1,0.16,1.54.0
Ž™“‡,10,—\‘I“ÁÜ,6,5012,‰Á‘q˜Ðª,38,21,“Ü‚è,–k,5,5,6.89,05,·‚µ,6,0.12,.  .
Ž™“‡,10,—\‘I“ÁÜ,3,4890,Îì—È,27,47,“Ü‚è,–k,5,5,6.89,06,·‚µ,3,0.14,.  .
Ž™“‡,11,—\‘I“Á‘I,1,4571,›ÍÆ,11,54,“Ü‚è,–k,5,5,6.80,01,“¦‚°,1,0.23,1.51.0
Ž™“‡,11,—\‘I“Á‘I,6,4133,‚‹´³’j,49,15,“Ü‚è,–k,5,5,6.86,02,“¦‚°,6,0.18,1.52.1
Ž™“‡,11,—\‘I“Á‘I,5,5002,ã“cŒ’‘¾,42,43,“Ü‚è,–k,5,5,6.77,03,“¦‚°,5,0.16,1.52.5
Ž™“‡,11,—\‘I“Á‘I,2,4216,¯‰hŽ¢,24,53,“Ü‚è,–k,5,5,6.94,04,“¦‚°,2,0.17,1.53.6
Ž™“‡,11,—\‘I“Á‘I,4,4663,–àŽR‰ÀŠx,58,74,“Ü‚è,–k,5,5,6.92,05,“¦‚°,4,0.17,.  .
Ž™“‡,11,—\‘I“Á‘I,3,4581,‹g‘º½,37,29,“Ü‚è,–k,5,5,6.88,06,“¦‚°,3,0.21,.  .
Ž™“‡,12,‹LŽÒ‘I”²í,1,4019,Š}Œ´—º,60,67,“Ü‚è,–k¼,5,5,6.91,01,“¦‚°,1,0.18,1.48.7
Ž™“‡,12,‹LŽÒ‘I”²í,4,4610,²“¡‘å—C,43,41,“Ü‚è,–k¼,5,5,6.81,02,“¦‚°,4,0.16,1.50.5
Ž™“‡,12,‹LŽÒ‘I”²í,2,4054,•Ÿ“ˆ’q”V,23,31,“Ü‚è,–k¼,5,5,6.78,03,“¦‚°,2,0.16,1.52.2
Ž™“‡,12,‹LŽÒ‘I”²í,6,4735,ŠpŽR—YÆ,29,36,“Ü‚è,–k¼,5,5,6.88,04,“¦‚°,6,0.16,1.52.8
Ž™“‡,12,‹LŽÒ‘I”²í,5,4515,“¡“c_l,15,40,“Ü‚è,–k¼,5,5,6.94,05,“¦‚°,5,0.20,.  .
Ž™“‡,12,‹LŽÒ‘I”²í,3,3563,’ç¸,61,22,“Ü‚è,–k¼,5,5,6.81,06,“¦‚°,3,0.17,.  .
’Ã,1,ƒcƒbƒL[ƒŒ[,4,5130,ã–ì‘ñ”n,45,56,‰J,–³•—,0,0,6.68,01,·‚µ,4,0.19,1.50.3
’Ã,1,ƒcƒbƒL[ƒŒ[,2,4254,ì“‡Œ\Ži,23,22,‰J,–³•—,0,0,6.67,02,·‚µ,2,0.16,1.51.6
’Ã,1,ƒcƒbƒL[ƒŒ[,5,5046,¼ŽR—TŠî,11,14,‰J,–³•—,0,0,6.72,03,·‚µ,5,0.18,1.52.8
’Ã,1,ƒcƒbƒL[ƒŒ[,1,4210,¼‘ºN‘¾,27,21,‰J,–³•—,0,0,6.67,04,·‚µ,1,0.23,1.53.5
’Ã,1,ƒcƒbƒL[ƒŒ[,6,4956,êŽ“¡‘å«,65,32,‰J,–³•—,0,0,6.76,05,·‚µ,6,0.20,.  .
’Ã,1,ƒcƒbƒL[ƒŒ[,3,3965,–k’†Œ³Ž÷,55,24,‰J,–³•—,0,0,6.85,06,·‚µ,3,0.16,.  .
’Ã,2,ˆê”Ê,5,4313,¼‘º”ü’qŽq,19,13,‰J,–k¼,1,1,6.82,01,‚Ü‚­‚è·‚µ,5,0.28,1.49.9
’Ã,2,ˆê”Ê,2,3474,¼£O”ü,17,29,‰J,–k¼,1,1,6.74,02,‚Ü‚­‚è·‚µ,2,0.25,1.52.0
’Ã,2,ˆê”Ê,4,4240,¡ˆä—T—œ,33,48,‰J,–k¼,1,1,6.69,03,‚Ü‚­‚è·‚µ,4,0.14,1.53.5
’Ã,2,ˆê”Ê,6,5310,“y‰®—–,39,51,‰J,–k¼,1,1,6.78,04,‚Ü‚­‚è·‚µ,6,0.32,1.54.4
’Ã,2,ˆê”Ê,1,3704,–{•”‚ß‚®‚Ý,20,15,‰J,–k¼,1,1,6.77,05,‚Ü‚­‚è·‚µ,1,0.30,.  .
’Ã,2,ˆê”Ê,3,5013,ŽR‰º‰Ä—é,37,66,‰J,–k¼,1,1,6.62,06,‚Ü‚­‚è·‚µ,3,0.15,.  .
’Ã,3,ˆê”Ê,4,3833,’†’Ò”ŽŒP,21,58,‰J,–k¼,2,1,6.70,01,‚Ü‚­‚è·‚µ,4,0.07,1.50.4
’Ã,3,ˆê”Ê,1,4319,ŽO‘î,68,62,‰J,–k¼,2,1,6.73,02,‚Ü‚­‚è·‚µ,1,0.17,1.52.3
’Ã,3,ˆê”Ê,3,3044,ŽO‘îŽ¢Žm,70,76,‰J,–k¼,2,1,6.81,03,‚Ü‚­‚è·‚µ,3,0.09,1.53.5
’Ã,3,ˆê”Ê,6,4737,’|ˆä‹MŽj,53,28,‰J,–k¼,2,1,6.68,04,‚Ü‚­‚è·‚µ,5,0.04,1.53.9
’Ã,3,ˆê”Ê,2,4215,‹g“‡Ë”V,64,53,‰J,–k¼,2,1,6.71,05,‚Ü‚­‚è·‚µ,2,0.28,.  .
’Ã,3,ˆê”Ê,5,5289,’Ï˜Ò‹I,62,41,‰J,–k¼,2,1,6.75,06,‚Ü‚­‚è·‚µ,6,0.18,.  .
’Ã,4,ˆê”Ê,3,4519,´…¹Ž÷,34,12,‰J,–k¼,2,1,6.69,01,‚Ü‚­‚è,3,0.06,1.51.0
’Ã,4,ˆê”Ê,5,3280,Š_“à´”ü,26,39,‰J,–k¼,2,1,6.71,02,‚Ü‚­‚è,5,0.16,1.52.8
’Ã,4,ˆê”Ê,6,3580,…Œû—R‹I,48,35,‰J,–k¼,2,1,6.85,03,‚Ü‚­‚è,6,0.19,1.54.3
’Ã,4,ˆê”Ê,1,3932,’r“c_”ü,54,72,‰J,–k¼,2,1,6.68,04,‚Ü‚­‚è,1,0.19,1.55.3
’Ã,4,ˆê”Ê,2,3579,’†—¢—DŽq,35,36,‰J,–k¼,2,1,6.75,05,‚Ü‚­‚è,2,0.17,.  .
’Ã,4,ˆê”Ê,4,5281,ˆäã—y”Ü,51,18,‰J,–k¼,2,1,6.86,06,‚Ü‚­‚è,4,0.13,.  .
’Ã,5,ˆê”Ê,1,3811,Î“cÍ‰›,59,45,‰J,–k¼,2,1,6.70,01,“¦‚°,1,0.12,1.50.4
’Ã,5,ˆê”Ê,2,4140,Š–ìŠwŽu,30,74,‰J,–k¼,2,1,6.79,02,“¦‚°,2,0.17,1.51.2
’Ã,5,ˆê”Ê,4,4808,¼”ö‘ñ,67,49,‰J,–k¼,2,1,6.72,03,“¦‚°,4,0.24,1.53.0
’Ã,5,ˆê”Ê,5,3656,”Œ•ê–FP,12,69,‰J,–k¼,2,1,6.76,04,“¦‚°,5,0.22,1.54.0
’Ã,5,ˆê”Ê,6,4797,’†ŽR«,32,11,‰J,–k¼,2,1,6.75,05,“¦‚°,6,0.22,.  .
’Ã,5,ˆê”Ê,3,5046,¼ŽR—TŠî,11,14,‰J,–k¼,2,1,6.74,06,“¦‚°,3,0.18,.  .
’Ã,6,ˆê”Ê,4,4589,‰–è‹Ë‰Á,46,27,‰J,–k¼,2,1,6.73,01,·‚µ,4,0.15,1.50.4
’Ã,6,ˆê”Ê,1,4642,¼”ö‰ÄŠC,43,57,‰J,–k¼,2,1,6.71,02,·‚µ,1,0.14,1.51.8
’Ã,6,ˆê”Ê,5,3232,ŽRì”ü—R‹I,38,23,‰J,–k¼,2,1,6.79,03,·‚µ,5,0.20,1.53.6
’Ã,6,ˆê”Ê,6,4804,‚“c‚Ð‚©‚é,31,26,‰J,–k¼,2,1,6.60,04,·‚µ,6,0.31,1.53.9
’Ã,6,ˆê”Ê,2,4098,ÔàV•¶,22,38,‰J,–k¼,2,1,6.71,05,·‚µ,2,0.15,.  .
’Ã,6,ˆê”Ê,3,4246,Šì‘½“ß—R‰Ä,56,54,‰J,–k¼,2,1,6.73,06,·‚µ,3,0.12,.  .
’Ã,7,ˆê”Ê,1,4415,‰ºo‘ì–î,25,65,‰J,–k¼,1,1,6.59,01,“¦‚°,1,0.09,1.51.3
’Ã,7,ˆê”Ê,2,5197,’†–ìmÆ,47,50,‰J,–k¼,1,1,6.77,02,“¦‚°,2,0.20,1.52.0
’Ã,7,ˆê”Ê,6,4736,‚‘q˜aŽm,72,31,‰J,–k¼,1,1,6.75,03,“¦‚°,6,0.12,1.53.4
’Ã,7,ˆê”Ê,4,3489,‘åê•q,16,17,‰J,–k¼,1,1,6.75,04,“¦‚°,4,0.10,1.54.1
’Ã,7,ˆê”Ê,5,3965,–k’†Œ³Ž÷,55,24,‰J,–k¼,1,1,6.87,05,“¦‚°,5,0.10,.  .
’Ã,7,ˆê”Ê,3,3842,¯–ì‘¾˜Y,14,52,‰J,–k¼,1,1,6.90,06,“¦‚°,3,0.18,.  .
’Ã,8,ˆê”Ê,1,4286,•½“c‚³‚â‚©,36,64,‰J,–k¼,3,2,6.73,01,“¦‚°,1,0.23,1.51.4
’Ã,8,ˆê”Ê,5,4117,œA’†’qŽÑˆß,66,37,‰J,–k¼,3,2,6.74,02,“¦‚°,5,0.24,1.52.7
’Ã,8,ˆê”Ê,4,3604,•“¡ˆ»Žq,69,71,‰J,–k¼,3,2,6.84,03,“¦‚°,4,0.29,1.55.0
’Ã,8,ˆê”Ê,3,4300,‰Á“¡ˆ»,52,46,‰J,–k¼,3,2,6.70,04,“¦‚°,3,0.33,1.56.1
’Ã,8,ˆê”Ê,2,3943,ŽO¼’¼”ü,40,40,‰J,–k¼,3,2,6.75,05,“¦‚°,2,0.26,.  .
’Ã,8,ˆê”Ê,6,5334,Š~—tVS,60,73,‰J,–k¼,3,2,6.81,06,“¦‚°,6,0.35,.  .
’Ã,9,€—DŸí,1,4737,’|ˆä‹MŽj,53,28,‰J,¼,2,1,6.70,01,“¦‚°,1,0.22,1.50.1
’Ã,9,€—DŸí,3,3833,’†’Ò”ŽŒP,21,58,‰J,¼,2,1,6.70,02,“¦‚°,3,0.13,1.52.0
’Ã,9,€—DŸí,2,4808,¼”ö‘ñ,67,49,‰J,¼,2,1,6.72,03,“¦‚°,2,0.18,1.52.9
’Ã,9,€—DŸí,5,4140,Š–ìŠwŽu,30,74,‰J,¼,2,1,6.74,04,“¦‚°,5,0.22,1.53.6
’Ã,9,€—DŸí,4,4210,¼‘ºN‘¾,27,21,‰J,¼,2,1,6.74,05,“¦‚°,4,0.20,.  .
’Ã,9,€—DŸí,6,4319,ŽO‘î,68,62,‰J,¼,2,1,6.76,06,“¦‚°,6,0.27,.  .
’Ã,10,€—DŸí,2,4313,¼‘º”ü’qŽq,19,13,“Ü‚è,–k¼,2,1,6.78,01,·‚µ,2,0.09,1.50.6
’Ã,10,€—DŸí,1,3232,ŽRì”ü—R‹I,38,23,“Ü‚è,–k¼,2,1,6.68,02,·‚µ,1,0.11,1.52.2
’Ã,10,€—DŸí,6,4642,¼”ö‰ÄŠC,43,57,“Ü‚è,–k¼,2,1,6.81,03,·‚µ,6,0.16,1.53.1
’Ã,10,€—DŸí,3,3280,Š_“à´”ü,26,39,“Ü‚è,–k¼,2,1,6.79,04,·‚µ,3,0.12,1.54.9
’Ã,10,€—DŸí,4,3474,¼£O”ü,17,29,“Ü‚è,–k¼,2,1,6.74,05,·‚µ,4,0.14,.  .
’Ã,10,€—DŸí,5,4519,´…¹Ž÷,34,12,“Ü‚è,–k¼,2,1,6.76,06,·‚µ,5,0.15,.  .
’Ã,11,€—DŸí,1,4736,‚‘q˜aŽm,72,31,“Ü‚è,–k¼,4,2,6.74,01,“¦‚°,1,0.14,2.01.2
’Ã,11,€—DŸí,4,3811,Î“cÍ‰›,59,45,“Ü‚è,–k¼,4,2,6.69,02,“¦‚°,4,0.10,2.04.4
’Ã,11,€—DŸí,2,3656,”Œ•ê–FP,12,69,“Ü‚è,–k¼,4,2,6.69,03,“¦‚°,2,0.22,2.07.8
’Ã,11,€—DŸí,6,4415,‰ºo‘ì–î,25,65,“Ü‚è,–k¼,4,2,6.62,04,“¦‚°,6,0.13,2.09.9
’Ã,11,€—DŸí,5,4254,ì“‡Œ\Ži,23,22,“Ü‚è,–k¼,4,2,6.65,05,“¦‚°,5,0.09,.  .
’Ã,12,€—DŸí,1,4117,œA’†’qŽÑˆß,66,37,“Ü‚è,–k¼,5,3,6.77,01,“¦‚°,1,0.04,1.50.5
’Ã,12,€—DŸí,2,4589,‰–è‹Ë‰Á,46,27,“Ü‚è,–k¼,5,3,6.74,02,“¦‚°,2,0.07,1.52.5
’Ã,12,€—DŸí,4,4286,•½“c‚³‚â‚©,36,64,“Ü‚è,–k¼,5,3,6.77,03,“¦‚°,4,0.18,1.54.1
’Ã,12,€—DŸí,3,4240,¡ˆä—T—œ,33,48,“Ü‚è,–k¼,5,3,6.71,04,“¦‚°,3,0.07,1.55.3
’Ã,12,€—DŸí,6,3932,’r“c_”ü,54,72,“Ü‚è,–k¼,5,3,6.80,05,“¦‚°,6,0.27,.  .
’Ã,12,€—DŸí,5,4098,ÔàV•¶,22,38,“Ü‚è,–k¼,5,3,6.81,06,“¦‚°,5,0.24,.  .
Š—ŒS,1,—\‘I,3,4456,Š™‘q—Á,49,30,‰J,–k¼,3,1,6.68,01,‚Ü‚­‚è,3,0.19,1.49.9
Š—ŒS,1,—\‘I,5,4182,‹g“c˜am,70,61,‰J,–k¼,3,1,6.70,02,‚Ü‚­‚è,5,0.12,1.52.4
Š—ŒS,1,—\‘I,4,4081,”óŒû”Í­,39,17,‰J,–k¼,3,1,6.76,03,‚Ü‚­‚è,4,0.09,1.53.7
Š—ŒS,1,—\‘I,1,5127,À“c‘å“s,22,76,‰J,–k¼,3,1,6.71,04,‚Ü‚­‚è,1,0.09,1.54.3
Š—ŒS,1,—\‘I,6,4563,âV“¡^”V,73,77,‰J,–k¼,3,1,6.75,05,‚Ü‚­‚è,6,0.17,.  .
Š—ŒS,1,—\‘I,2,4060,“‡“cˆê¶,15,11,‰J,–k¼,3,1,6.71,06,‚Ü‚­‚è,2,0.13,.  .
Š—ŒS,2,—\‘I,1,5177,¼ˆäŠÑ‘¾,12,22,“Ü‚è,–k¼,5,3,6.66,01,“¦‚°,1,0.18,1.51.1
Š—ŒS,2,—\‘I,5,3458,“ŒŒ’‰î,57,19,“Ü‚è,–k¼,5,3,6.77,02,“¦‚°,5,0.06,1.52.8
Š—ŒS,2,—\‘I,3,4423,âŒû‹M•F,53,23,“Ü‚è,–k¼,5,3,6.75,03,“¦‚°,3,0.11,1.53.5
Š—ŒS,2,—\‘I,6,4245,‚‹´’¼Æ,24,63,“Ü‚è,–k¼,5,3,6.73,04,“¦‚°,6,0.06,1.53.9
Š—ŒS,2,—\‘I,2,4375,Æ‰®Œúm,46,40,“Ü‚è,–k¼,5,3,6.70,05,“¦‚°,2,0.23,.  .
Š—ŒS,2,—\‘I,4,4228,‹g“cT“ñ˜Y,29,27,“Ü‚è,–k¼,5,3,6.71,06,“¦‚°,4,0.13,.  .
Š—ŒS,3,—\‘I,2,4876,”~–ØŒh‘¾,26,65,“Ü‚è,–k¼,5,3,6.65,01,·‚µ,2,0.13,1.50.0
Š—ŒS,3,—\‘I,1,4207,¼‰ºˆê–ç,59,36,“Ü‚è,–k¼,5,3,6.68,02,·‚µ,1,0.12,1.51.6
Š—ŒS,3,—\‘I,4,3606,ì–k_‹M,21,64,“Ü‚è,–k¼,5,3,6.72,03,·‚µ,4,0.22,1.53.6
Š—ŒS,3,—\‘I,6,4086,Ž›–{dé,34,35,“Ü‚è,–k¼,5,3,6.75,04,·‚µ,5,0.25,1.53.9
Š—ŒS,3,—\‘I,5,3839,ì‡—Ži,17,16,“Ü‚è,–k¼,5,3,6.82,05,·‚µ,6,0.32,.  .
Š—ŒS,3,—\‘I,3,5230,ÎŒ´“âŽÑ,41,18,“Ü‚è,–k¼,5,3,6.64,06,·‚µ,3,0.22,.  .
Š—ŒS,4,—\‘I,2,5201,‘ºã@‘¾˜Y,51,31,“Ü‚è,–k¼,4,2,6.66,01,·‚µ,2,0.15,1.50.2
Š—ŒS,4,—\‘I,3,4040,œA£«‹œ,14,49,“Ü‚è,–k¼,4,2,6.74,02,·‚µ,3,0.16,1.52.7
Š—ŒS,4,—\‘I,1,3692,’|˜³Ž÷,66,69,“Ü‚è,–k¼,4,2,6.76,03,·‚µ,1,0.21,1.53.7
Š—ŒS,4,—\‘I,4,5092,ŽÂŒ´î–í,35,45,“Ü‚è,–k¼,4,2,6.77,04,·‚µ,4,0.21,1.54.1
Š—ŒS,4,—\‘I,5,3904,X‹M—m,38,15,“Ü‚è,–k¼,4,2,6.73,05,·‚µ,5,0.19,.  .
Š—ŒS,4,—\‘I,6,5297,“ìÊ”J,77,13,“Ü‚è,–k¼,4,2,6.74,06,·‚µ,6,0.19,.  .
Š—ŒS,5,—\‘I,3,4298,‹{‰ºŒ³ˆû,62,21,“Ü‚è,–k¼,4,2,6.59,01,‚Ü‚­‚è·‚µ,4,0.23,1.51.1
Š—ŒS,5,—\‘I,1,3761,ŽR–{Œõ—Y,67,28,“Ü‚è,–k¼,4,2,6.71,02,‚Ü‚­‚è·‚µ,1,0.17,1.52.2
Š—ŒS,5,—\‘I,4,4785,–Ø”¦ƒ–ç,54,75,“Ü‚è,–k¼,4,2,6.71,03,‚Ü‚­‚è·‚µ,5,0.22,1.53.0
Š—ŒS,5,—\‘I,5,4884,Ÿ‰Y^”¿,33,33,“Ü‚è,–k¼,4,2,6.73,04,‚Ü‚­‚è·‚µ,6,0.22,1.53.1
Š—ŒS,5,—\‘I,6,4099,‹g‰i‘¥—Y,72,29,“Ü‚è,–k¼,4,2,6.81,05,‚Ü‚­‚è·‚µ,3,0.35,.  .
Š—ŒS,5,—\‘I,2,3508,‹v•x­O,65,12,“Ü‚è,–k¼,4,2,6.68,06,‚Ü‚­‚è·‚µ,2,0.27,.  .
Š—ŒS,6,—\‘I,3,4516,–ìŒûŸO,40,72,“Ü‚è,–k¼,5,3,6.67,01,·‚µ,3,0.20,1.49.7
Š—ŒS,6,—\‘I,4,4379,ŒK“‡˜aG,43,38,“Ü‚è,–k¼,5,3,6.74,02,·‚µ,4,0.17,1.51.1
Š—ŒS,6,—\‘I,2,4563,âV“¡^”V,73,77,“Ü‚è,–k¼,5,3,6.72,03,·‚µ,2,0.20,1.53.0
Š—ŒS,6,—\‘I,6,5232,žàŽR‘ñ”n,36,37,“Ü‚è,–k¼,5,3,6.75,04,·‚µ,5,0.16,1.53.7
Š—ŒS,6,—\‘I,1,5165,¬—Ñˆ¤ŽÀ,69,20,“Ü‚è,–k¼,5,3,6.71,05,·‚µ,1,0.28,.  .
Š—ŒS,6,—\‘I,5,5264,“o‚Ý‚Ð‰Ê,76,74,“Ü‚è,–k¼,5,3,6.75,06,·‚µ,6,0.27,.  .
Š—ŒS,7,—\‘I,1,4173,‰ª’JŒ’Œá,47,67,“Ü‚è,–k¼,5,3,6.83,01,“¦‚°,1,0.13,1.51.6
Š—ŒS,7,—\‘I,3,4575,ŒË’Ë–MD,28,43,“Ü‚è,–k¼,5,3,6.82,02,“¦‚°,3,0.09,1.53.1
Š—ŒS,7,—\‘I,2,3458,“ŒŒ’‰î,57,19,“Ü‚è,–k¼,5,3,6.78,03,“¦‚°,2,0.13,1.53.3
Š—ŒS,7,—\‘I,5,4988,–´“c§‘¾,63,25,“Ü‚è,–k¼,5,3,6.76,04,“¦‚°,5,0.23,1.55.1
Š—ŒS,7,—\‘I,6,5230,ÎŒ´“âŽÑ,41,18,“Ü‚è,–k¼,5,3,6.75,05,“¦‚°,6,0.24,.  .
Š—ŒS,7,—\‘I,4,4456,Š™‘q—Á,49,30,“Ü‚è,–k¼,5,3,6.83,06,“¦‚°,4,0.36,.  .
Š—ŒS,8,—\‘I,1,4876,”~–ØŒh‘¾,26,65,“Ü‚è,–k¼,5,3,6.76,01,“¦‚°,1,0.17,1.50.4
Š—ŒS,8,—\‘I,3,4434,“c’†’C•F,13,14,“Ü‚è,–k¼,5,3,6.88,02,“¦‚°,3,0.15,1.51.8
Š—ŒS,8,—\‘I,6,4423,âŒû‹M•F,53,23,“Ü‚è,–k¼,5,3,6.84,03,“¦‚°,6,0.19,1.54.3
Š—ŒS,8,—\‘I,4,5205,ŒY•”ˆŸ—¢ŽÑ,68,60,“Ü‚è,–k¼,5,3,6.76,04,“¦‚°,4,0.25,1.55.2
Š—ŒS,8,—\‘I,2,4182,‹g“c˜am,70,61,“Ü‚è,–k¼,5,3,6.87,05,“¦‚°,2,0.15,.  .
Š—ŒS,8,—\‘I,5,4872,ŽR‰º—¬S,55,24,“Ü‚è,–k¼,5,3,6.98,06,“¦‚°,5,0.29,.  .
Š—ŒS,9,—\‘I“ÁÜ,1,4652,ŽðŒ©s‰î,19,48,“Ü‚è,–k¼,5,4,6.78,01,“¦‚°,1,0.11,1.51.6
Š—ŒS,9,—\‘I“ÁÜ,2,5127,À“c‘å“s,22,76,“Ü‚è,–k¼,5,4,6.79,02,“¦‚°,2,0.13,1.52.6
Š—ŒS,9,—\‘I“ÁÜ,5,4099,‹g‰i‘¥—Y,72,29,“Ü‚è,–k¼,5,4,6.85,03,“¦‚°,5,0.18,1.54.7
Š—ŒS,9,—\‘I“ÁÜ,6,5092,ŽÂŒ´î–í,35,52,“Ü‚è,–k¼,5,4,6.93,04,“¦‚°,6,0.25,1.55.3
Š—ŒS,9,—\‘I“ÁÜ,4,5177,¼ˆäŠÑ‘¾,12,22,“Ü‚è,–k¼,5,4,6.81,05,“¦‚°,4,0.19,.  .
Š—ŒS,9,—\‘I“ÁÜ,3,4017,Œüˆä”ü—é,37,32,“Ü‚è,–k¼,5,4,6.90,06,“¦‚°,3,0.20,.  .
Š—ŒS,10,—\‘I“ÁÜ,1,4040,œA£«‹œ,14,49,“Ü‚è,–k¼,5,3,6.87,01,“¦‚°,1,0.14,1.50.2
Š—ŒS,10,—\‘I“ÁÜ,5,4298,‹{‰ºŒ³ˆû,62,21,“Ü‚è,–k¼,5,3,6.80,02,“¦‚°,5,0.21,1.52.4
Š—ŒS,10,—\‘I“ÁÜ,4,5165,¬—Ñˆ¤ŽÀ,69,20,“Ü‚è,–k¼,5,3,6.81,03,“¦‚°,4,0.23,1.52.7
Š—ŒS,10,—\‘I“ÁÜ,6,4375,Æ‰®Œúm,46,40,“Ü‚è,–k¼,5,3,6.83,04,“¦‚°,6,0.29,1.52.9
Š—ŒS,10,—\‘I“ÁÜ,2,4081,”óŒû”Í­,39,17,“Ü‚è,–k¼,5,3,6.86,05,“¦‚°,2,0.22,.  .
Š—ŒS,10,—\‘I“ÁÜ,3,4086,Ž›–{dé,34,35,“Ü‚è,–k¼,5,3,6.92,06,“¦‚°,3,0.25,.  .
Š—ŒS,11,—\‘I“Á‘I,3,3761,ŽR–{Œõ—Y,67,28,“Ü‚è,–k¼,5,3,6.87,01,‚Ü‚­‚è,3,0.33,1.51.0
Š—ŒS,11,—\‘I“Á‘I,1,4575,ŒË’Ë–MD,28,43,“Ü‚è,–k¼,5,3,6.89,02,‚Ü‚­‚è,1,0.29,1.52.2
Š—ŒS,11,—\‘I“Á‘I,6,4379,ŒK“‡˜aG,43,38,“Ü‚è,–k¼,5,3,6.86,03,‚Ü‚­‚è,6,0.28,1.53.3
Š—ŒS,11,—\‘I“Á‘I,4,3904,X‹M—m,38,51,“Ü‚è,–k¼,5,3,6.86,04,‚Ü‚­‚è,4,0.27,1.53.8
Š—ŒS,11,—\‘I“Á‘I,5,4207,¼‰ºˆê–ç,59,36,“Ü‚è,–k¼,5,3,6.89,05,‚Ü‚­‚è,5,0.21,.  .
Š—ŒS,11,—\‘I“Á‘I,2,4228,‹g“cT“ñ˜Y,29,27,“Ü‚è,–k¼,5,3,6.88,06,‚Ü‚­‚è,2,0.32,.  .
Š—ŒS,12,—\‘I‹LŽÒ“Á‘I,1,4434,“c’†’C•F,13,14,“Ü‚è,–k¼,5,3,6.77,01,“¦‚°,1,0.20,1.50.0
Š—ŒS,12,—\‘I‹LŽÒ“Á‘I,4,4516,–ìŒûŸO,40,72,“Ü‚è,–k¼,5,3,6.78,02,“¦‚°,4,0.18,1.51.5
Š—ŒS,12,—\‘I‹LŽÒ“Á‘I,2,4173,‰ª’JŒ’Œá,47,67,“Ü‚è,–k¼,5,3,6.82,03,“¦‚°,2,0.26,1.53.8
Š—ŒS,12,—\‘I‹LŽÒ“Á‘I,6,3606,ì–k_‹M,21,64,“Ü‚è,–k¼,5,3,6.89,04,“¦‚°,6,0.26,1.55.2
Š—ŒS,12,—\‘I‹LŽÒ“Á‘I,5,3692,’|˜³Ž÷,66,69,“Ü‚è,–k¼,5,3,6.85,05,“¦‚°,5,0.19,.  .
Š—ŒS,12,—\‘I‹LŽÒ“Á‘I,3,4884,Ÿ‰Y^”¿,33,33,“Ü‚è,–k¼,5,3,6.90,06,“¦‚°,3,0.18,.  .
•l–¼ŒÎ,1,—\‘I,1,5269,ŽRŒûW•ü,59,31,‰J,“ì“Œ,6,4,6.68,01,“¦‚°,1,0.17,1.14.6
•l–¼ŒÎ,1,—\‘I,6,5209,¬–ì‹ž•½,11,50,‰J,“ì“Œ,6,4,6.69,02,“¦‚°,6,0.18,1.16.0
•l–¼ŒÎ,1,—\‘I,2,5256,’†ŽRãÄ‘¾,35,34,‰J,“ì“Œ,6,4,6.70,03,“¦‚°,2,0.32,1.17.0
•l–¼ŒÎ,1,—\‘I,5,5067,ŽR“c^¹,25,21,‰J,“ì“Œ,6,4,6.74,04,“¦‚°,5,0.26,1.18.4
•l–¼ŒÎ,1,—\‘I,3,5178,¬’å—Ô•½,3,61,‰J,“ì“Œ,6,4,6.67,05,“¦‚°,3,0.21,.  .
•l–¼ŒÎ,1,—\‘I,4,5294,–L“cË¶,33,52,‰J,“ì“Œ,6,4,6.76,06,“¦‚°,4,0.16,.  .
•l–¼ŒÎ,2,—\‘I,1,5063,‘å’Ë‰ëŽ¡,29,55,‰J,“ì“Œ,7,4,6.70,01,“¦‚°,1,0.13,1.21.6
•l–¼ŒÎ,2,—\‘I,3,4934,²X–ØãÄ“l,20,56,‰J,“ì“Œ,7,4,6.66,02,“¦‚°,3,0.25,1.24.7
•l–¼ŒÎ,2,—\‘I,5,5076,ÎŒ´Œõ,64,33,‰J,“ì“Œ,7,4,6.76,03,“¦‚°,5,0.34,1.26.8
•l–¼ŒÎ,2,—\‘I,4,5262,—é–ØÍŽi,26,53,‰J,“ì“Œ,7,4,6.77,04,“¦‚°,4,0.26,1.28.7
•l–¼ŒÎ,2,—\‘I,6,5158,‹{˜e—É‘¾,53,41,‰J,“ì“Œ,7,4,6.72,05,“¦‚°,6,0.28,.  .
•l–¼ŒÎ,3,—\‘I,2,5112,»’·’m‹P,2,62,‰J,“ì“Œ,6,4,6.66,01,‚Ü‚­‚è,2,0.13,1.14.2
•l–¼ŒÎ,3,—\‘I,4,5276,‘å“‡—²”T‰î,47,43,‰J,“ì“Œ,6,4,6.65,02,‚Ü‚­‚è,3,0.18,1.15.4
•l–¼ŒÎ,3,—\‘I,1,5181,X’qÆ,19,64,‰J,“ì“Œ,6,4,6.71,03,‚Ü‚­‚è,1,0.22,1.16.1
•l–¼ŒÎ,3,—\‘I,5,5301,Šâ‰ºI“l,24,19,‰J,“ì“Œ,6,4,6.67,04,‚Ü‚­‚è,5,0.21,1.17.3
•l–¼ŒÎ,3,—\‘I,6,5137,ìŒ´—Á,4,28,‰J,“ì“Œ,6,4,6.66,05,‚Ü‚­‚è,4,0.14,.  .
•l–¼ŒÎ,4,ƒ‰ƒ“ƒ`ƒ^ƒCƒ€,1,5037,“c“ªŒÕe,66,38,‰J,“ì“Œ,6,4,6.66,01,Œb‚Ü‚ê,1,0.17,1.27.7
•l–¼ŒÎ,4,ƒ‰ƒ“ƒ`ƒ^ƒCƒ€,3,5122,‘Š”nãÄ,63,17,‰J,“ì“Œ,6,4,6.69,02,Œb‚Ü‚ê,3,0.12,1.29.9
•l–¼ŒÎ,4,ƒ‰ƒ“ƒ`ƒ^ƒCƒ€,4,5293,áÁè•‘ ,52,32,‰J,“ì“Œ,6,4,6.67,03,Œb‚Ü‚ê,4,0.24,1.33.1
•l–¼ŒÎ,5,—\‘I,3,5100,ŒIŒ´ˆê”n,32,58,‰J,“ì“Œ,6,4,6.73,01,‚Ü‚­‚è,3,0.17,1.17.8
•l–¼ŒÎ,5,—\‘I,4,5217,“¡Œ´•É¶,13,15,‰J,“ì“Œ,6,4,6.75,02,‚Ü‚­‚è,4,0.18,1.19.1
•l–¼ŒÎ,5,—\‘I,1,5147,“c’†—E•ã,23,72,‰J,“ì“Œ,6,4,6.70,03,‚Ü‚­‚è,1,0.29,1.21.8
•l–¼ŒÎ,5,—\‘I,6,5303,“yˆä•à–²,62,22,‰J,“ì“Œ,6,4,6.73,04,‚Ü‚­‚è,6,0.16,1.23.9
•l–¼ŒÎ,5,—\‘I,5,5135,’‡q‘¾,38,29,‰J,“ì“Œ,6,4,6.66,05,‚Ü‚­‚è,5,0.19,.  .
•l–¼ŒÎ,6,—\‘I,3,5209,¬–ì‹ž•½,11,50,‰J,“ì“Œ,6,4,6.75,01,Œb‚Ü‚ê,4,0.03,1.15.8
•l–¼ŒÎ,6,—\‘I,2,5166,’‡“¹‘å•ã,21,12,‰J,“ì“Œ,6,4,6.71,02,Œb‚Ü‚ê,3,0.01,1.16.8
•l–¼ŒÎ,6,—\‘I,6,4980,²X–ØŠ®‘¾,44,44,‰J,“ì“Œ,6,4,6.75,03,Œb‚Ü‚ê,2,0.05,1.18.1
•l–¼ŒÎ,6,—\‘I,4,5076,ÎŒ´Œõ,64,33,‰J,“ì“Œ,6,4,6.75,04,Œb‚Ü‚ê,5,0.16,1.18.6
•l–¼ŒÎ,6,—\‘I,5,5257,¼ŠÛ˜Ð‘¾˜N,40,23,‰J,“ì“Œ,6,4,6.66,05,Œb‚Ü‚ê,6,0.07,.  .
•l–¼ŒÎ,7,—\‘I,3,4959,ˆäã’‰­,7,69,‰J,“ì“Œ,8,4,6.66,01,‚Ü‚­‚è,3,0.34,1.16.6
•l–¼ŒÎ,7,—\‘I,5,5075,’†“‡GŽ¡,60,40,‰J,“ì“Œ,8,4,6.70,02,‚Ü‚­‚è,5,0.46,1.18.0
•l–¼ŒÎ,7,—\‘I,4,5210,“¡ˆäŒöl,18,24,‰J,“ì“Œ,8,4,6.69,03,‚Ü‚­‚è,4,0.45,1.18.5
•l–¼ŒÎ,7,—\‘I,1,5262,—é–ØÍŽi,26,53,‰J,“ì“Œ,8,4,6.68,04,‚Ü‚­‚è,1,0.38,1.19.8
•l–¼ŒÎ,7,—\‘I,6,5186,‰““¡Œ\Œá,17,37,‰J,“ì“Œ,8,4,6.70,05,‚Ü‚­‚è,6,0.49,.  .
•l–¼ŒÎ,7,—\‘I,2,5067,ŽR“c^¹,25,21,‰J,“ì“Œ,8,4,6.68,06,‚Ü‚­‚è,2,0.57,.  .
•½˜a“‡,1,—\‘I,3,3381,‘ê‘ò–Fs,17,12,‰J,–k,1,3,6.72,01,‚Ü‚­‚è,3,0.11,1.50.6
•½˜a“‡,1,—\‘I,5,4759,¡ò—FŒá,63,21,‰J,–k,1,3,6.67,02,‚Ü‚­‚è,4,0.21,1.51.4
•½˜a“‡,1,—\‘I,2,4943,”ª–ØŽ¡Ž÷,53,38,‰J,–k,1,3,6.72,03,‚Ü‚­‚è,2,0.13,1.52.9
•½˜a“‡,1,—\‘I,1,3536,ˆêF‰ëº,26,73,‰J,–k,1,3,6.78,04,‚Ü‚­‚è,1,0.17,1.54.7
•½˜a“‡,1,—\‘I,4,5332,‘º¼—y‹P,31,41,‰J,–k,1,3,6.63,05,‚Ü‚­‚è,6,0.23,.  .
•½˜a“‡,1,—\‘I,6,4023,ŽÄ“c—F˜a,38,70,‰J,–k,1,3,6.77,06,‚Ü‚­‚è,5,0.23,.  .
•½˜a“‡,2,—\‘I,2,3075,’†‘º—T«,37,17,‰J,–³•—,0,3,6.82,01,‚Ü‚­‚è,2,0.12,1.50.7
•½˜a“‡,2,—\‘I,5,3742,‹{’nG‹F,40,68,‰J,–³•—,0,3,6.71,02,‚Ü‚­‚è,5,0.07,1.51.7
•½˜a“‡,2,—\‘I,3,3796,’·–ì“¹b,36,65,‰J,–³•—,0,3,6.75,03,‚Ü‚­‚è,3,0.17,1.52.9
•½˜a“‡,2,—\‘I,6,3576,”’…Ÿ–ç,61,64,‰J,–³•—,0,3,6.78,04,‚Ü‚­‚è,6,0.12,1.53.9
•½˜a“‡,2,—\‘I,4,4708,”¼“c®–ç,28,31,‰J,–³•—,0,3,6.87,05,‚Ü‚­‚è,4,0.09,.  .
•½˜a“‡,2,—\‘I,1,3516,‹gŒ´¹l,29,67,‰J,–³•—,0,3,6.76,06,‚Ü‚­‚è,1,0.21,.  .
•½˜a“‡,3,—\‘I,5,3385,“nç³–rL,59,39,‰J,–k,2,3,6.77,01,‚Ü‚­‚è·‚µ,4,0.23,1.51.2
•½˜a“‡,3,—\‘I,6,4234,–ì‘ŠOŽi,65,10,‰J,–k,2,3,6.75,02,‚Ü‚­‚è·‚µ,5,0.19,1.52.8
•½˜a“‡,3,—\‘I,1,3535,“nC•½,15,16,‰J,–k,2,3,6.86,03,‚Ü‚­‚è·‚µ,1,0.21,1.54.3
•½˜a“‡,3,—\‘I,3,4786,²“¡”Ž—º,72,43,‰J,–k,2,3,6.67,04,‚Ü‚­‚è·‚µ,3,0.22,1.54.3
•½˜a“‡,3,—\‘I,2,3072,¼“c–õ,46,34,‰J,–k,2,3,6.73,05,‚Ü‚­‚è·‚µ,2,0.50,.  .
•½˜a“‡,3,—\‘I,4,5300,‰¡“cŠCl,16,72,‰J,–k,2,3,6.75,06,‚Ü‚­‚è·‚µ,6,0.24,.  .
•½˜a“‡,4,—\‘I,5,4306,”È–örŒá,12,14,‰J,–³•—,0,3,6.83,01,‚Ü‚­‚è·‚µ,4,0.18,1.50.5
•½˜a“‡,4,—\‘I,6,4688,‰iˆä•V–ç,60,22,‰J,–³•—,0,3,6.82,02,‚Ü‚­‚è·‚µ,5,0.18,1.51.9
•½˜a“‡,4,—\‘I,1,3797,Šâˆä”É,58,40,‰J,–³•—,0,3,6.76,03,‚Ü‚­‚è·‚µ,1,0.20,1.53.4
•½˜a“‡,4,—\‘I,2,5133,–x‰z—Y‹M,71,11,‰J,–³•—,0,3,6.74,04,‚Ü‚­‚è·‚µ,2,0.18,1.54.3
•½˜a“‡,4,—\‘I,4,5319,‹ß“¡éD“l,50,30,‰J,–³•—,0,3,6.84,05,‚Ü‚­‚è·‚µ,6,0.23,.  .
•½˜a“‡,4,—\‘I,3,4000,¼–{”Žº,32,63,‰J,–³•—,0,3,6.72,06,‚Ü‚­‚è·‚µ,3,0.70,.  .
•½˜a“‡,5,“Œ‹žƒxƒCƒ‰ƒ“,4,4898,‹e’nŒh‰î,35,69,‰J,–k,1,3,6.85,01,‚Ü‚­‚è,4,0.06,1.50.5
•½˜a“‡,5,“Œ‹žƒxƒCƒ‰ƒ“,5,4945,ã‘ºG‘¾,27,37,‰J,–k,1,3,6.74,02,‚Ü‚­‚è,5,0.07,1.52.6
•½˜a“‡,5,“Œ‹žƒxƒCƒ‰ƒ“,6,5332,‘º¼—y‹P,31,41,‰J,–k,1,3,6.65,03,‚Ü‚­‚è,6,0.12,1.54.5
•½˜a“‡,5,“Œ‹žƒxƒCƒ‰ƒ“,1,4287,¡ˆä‹MŽm,68,15,‰J,–k,1,3,6.76,04,‚Ü‚­‚è,1,0.14,1.54.7
•½˜a“‡,5,“Œ‹žƒxƒCƒ‰ƒ“,3,4977,”n–ì—s,45,33,‰J,–k,1,3,6.76,05,‚Ü‚­‚è,3,0.13,.  .
•½˜a“‡,5,“Œ‹žƒxƒCƒ‰ƒ“,2,4954,“àŽRs•ã,51,24,‰J,–k,1,3,6.75,06,‚Ü‚­‚è,2,0.12,.  .
•½˜a“‡,6,—\‘I,2,4759,¡ò—FŒá,63,21,‰J,–k,2,3,6.79,01,”²‚«,2,0.26,1.51.5
•½˜a“‡,6,—\‘I,5,4650,’†ŽR—Y‘¾,75,27,‰J,–k,2,3,6.76,02,”²‚«,5,0.22,1.52.5
•½˜a“‡,6,—\‘I,6,4411,‘ò“cºG,56,66,‰J,–k,2,3,6.78,03,”²‚«,6,0.20,1.53.5
•½˜a“‡,6,—\‘I,3,3202,ŽO•i—²_,14,20,‰J,–k,2,3,6.78,04,”²‚«,3,0.25,1.55.1
•½˜a“‡,6,—\‘I,4,4201,²’|—FŽ÷,20,71,‰J,–k,2,3,6.70,05,”²‚«,4,0.16,.  .
•½˜a“‡,6,—\‘I,1,3273,Î“c‹,34,28,‰J,–k,2,3,6.65,06,”²‚«,1,0.23,.  .
•½˜a“‡,7,—\‘I,3,4883,‰ª•”‘å‹P,11,32,‰J,–k,2,3,6.75,01,‚Ü‚­‚è,3,0.24,1.50.5
•½˜a“‡,7,—\‘I,5,3536,ˆêF‰ëº,26,73,‰J,–k,2,3,6.86,02,‚Ü‚­‚è,5,0.23,1.52.0
•½˜a“‡,7,—\‘I,2,4079,o”¨F“T,70,74,‰J,–k,2,3,6.64,03,‚Ü‚­‚è,2,0.24,1.53.5
•½˜a“‡,7,—\‘I,4,3576,”’…Ÿ–ç,61,64,‰J,–k,2,3,6.66,04,‚Ü‚­‚è,4,0.27,1.54.2
•½˜a“‡,7,—\‘I,1,4648,–Ø‘º—º‘¾,64,13,‰J,–k,2,3,6.77,05,‚Ü‚­‚è,1,0.23,.  .
•½˜a“‡,7,—\‘I,6,5300,‰¡“cŠCl,16,72,‰J,–k,2,3,6.69,06,‚Ü‚­‚è,6,0.20,.  .
•½˜a“‡,8,ƒxƒCƒuƒŒƒCƒN,1,3385,“nç³–rL,59,39,‰J,–³•—,0,3,6.68,01,“¦‚°,1,0.20,1.59.8
•½˜a“‡,8,ƒxƒCƒuƒŒƒCƒN,4,3473,Îì^“ñ,62,36,‰J,–³•—,0,3,6.80,02,“¦‚°,2,0.20,2.01.8
•½˜a“‡,8,ƒxƒCƒuƒŒƒCƒN,5,4943,”ª–ØŽ¡Ž÷,53,38,‰J,–³•—,0,3,6.70,03,“¦‚°,5,0.25,2.03.7
•½˜a“‡,8,ƒxƒCƒuƒŒƒCƒN,6,3857,ˆ¢”gŸÆ,69,26,‰J,–³•—,0,3,6.83,04,“¦‚°,6,0.23,2.05.4
•½˜a“‡,8,ƒxƒCƒuƒŒƒCƒN,2,3797,Šâˆä”É,58,40,‰J,–³•—,0,3,6.76,05,“¦‚°,3,0.22,.  .
•½˜a“‡,9,—\‘I“ÁÜ,1,4000,¼–{”Žº,32,63,‰J,–k,3,3,6.69,01,“¦‚°,1,0.18,1.51.1
•½˜a“‡,9,—\‘I“ÁÜ,6,4786,²“¡”Ž—º,72,43,‰J,–k,3,3,6.68,02,“¦‚°,6,0.20,1.52.0
•½˜a“‡,9,—\‘I“ÁÜ,2,4023,ŽÄ“c—F˜a,38,70,‰J,–k,3,3,6.74,03,“¦‚°,2,0.22,1.54.3
•½˜a“‡,9,—\‘I“ÁÜ,4,3516,‹gŒ´¹l,29,67,‰J,–k,3,3,6.69,04,“¦‚°,4,0.21,1.54.6
•½˜a“‡,9,—\‘I“ÁÜ,5,3251,•½Î˜a’j,19,75,‰J,–k,3,3,6.71,05,“¦‚°,5,0.28,.  .
•½˜a“‡,9,—\‘I“ÁÜ,3,4898,‹e’nŒh‰î,35,69,‰J,–k,3,3,6.83,06,“¦‚°,3,0.21,.  .
•½˜a“‡,10,—\‘I“ÁÜ,3,4688,‰iˆä•V–ç,60,22,‰J,–k,3,3,6.73,01,‚Ü‚­‚è,3,0.13,1.51.2
•½˜a“‡,10,—\‘I“ÁÜ,1,3381,‘ê‘ò–Fs,17,12,‰J,–k,3,3,6.67,02,‚Ü‚­‚è,1,0.16,1.52.8
•½˜a“‡,10,—\‘I“ÁÜ,4,4731,ŠÔ–ìŒ“—ç,44,29,‰J,–k,3,3,6.69,03,‚Ü‚­‚è,4,0.18,1.53.8
•½˜a“‡,10,—\‘I“ÁÜ,6,3702,’åŒ“~“ñ,47,18,‰J,–k,3,3,6.86,04,‚Ü‚­‚è,6,0.18,1.55.6
•½˜a“‡,10,—\‘I“ÁÜ,2,3202,ŽO•i—²_,14,20,‰J,–k,3,3,6.68,05,‚Ü‚­‚è,2,0.11,.  .
•½˜a“‡,10,—\‘I“ÁÜ,5,4234,–ì‘ŠOŽi,65,10,‰J,–k,3,3,6.73,06,‚Ü‚­‚è,5,0.22,.  .
•½˜a“‡,11,—\‘I“Á‘I,5,4079,o”¨F“T,70,74,‰J,–k,4,3,6.65,01,”²‚«,5,0.13,1.50.9
•½˜a“‡,11,—\‘I“Á‘I,3,4287,¡ˆä‹MŽm,68,15,‰J,–k,4,3,6.74,02,”²‚«,4,0.16,1.52.6
•½˜a“‡,11,—\‘I“Á‘I,2,3939,“n•Ó^ŽŠ,25,23,‰J,–k,4,3,6.71,03,”²‚«,2,0.22,1.54.2
•½˜a“‡,11,—\‘I“Á‘I,1,4306,”È–örŒá,12,14,‰J,–k,4,3,6.62,04,”²‚«,1,0.26,1.55.8
•½˜a“‡,11,—\‘I“Á‘I,4,3072,¼“c–õ,46,34,‰J,–k,4,3,6.71,05,”²‚«,3,0.21,.  .
•½˜a“‡,11,—\‘I“Á‘I,6,4201,²’|—FŽ÷,20,71,‰J,–k,4,3,6.67,06,”²‚«,6,0.11,.  .
•½˜a“‡,12,‹LŽÒ‘I”²,1,3473,Îì^“ñ,62,36,‰J,–k,4,3,6.71,01,“¦‚°,1,0.18,1.50.8
•½˜a“‡,12,‹LŽÒ‘I”²,3,5133,–x‰z—Y‹M,71,11,‰J,–k,4,3,6.70,02,“¦‚°,3,0.21,1.52.6
•½˜a“‡,12,‹LŽÒ‘I”²,2,4883,‰ª•”‘å‹P,11,32,‰J,–k,4,3,6.68,03,“¦‚°,2,0.20,1.53.0
•½˜a“‡,12,‹LŽÒ‘I”²,6,3796,’·–ì“¹b,36,65,‰J,–k,4,3,6.69,04,“¦‚°,6,0.26,1.54.8
•½˜a“‡,12,‹LŽÒ‘I”²,4,4650,’†ŽR—Y‘¾,75,27,‰J,–k,4,3,6.69,05,“¦‚°,5,0.24,.  .
•½˜a“‡,12,‹LŽÒ‘I”²,5,4977,”n–ì—s,45,33,‰J,–k,4,3,6.74,06,“¦‚°,4,0.23,.  .
