ìoò^î‘çÜ,ëIéËñº,í¯î‘,èoëñêî,èüóòâÒêî,2íÖâÒêî,3íÖâÒêî,ïΩãœST,ì¶Ç∞,ç∑Çµ,Ç‹Ç≠ÇË,Ç‹Ç≠ÇËç∑Çµ,î≤Ç´,åbÇ‹ÇÍ,ç∑Ç≥ÇÍ,Ç‹Ç≠ÇÁÇÍ,Ç‹Ç≠ÇËç∑Ç≥ÇÍ,ì¶Çµ,ëSëÃïΩãœST
2014,çÇíÀê¥àÍ,1,35,10,11,6,0.15742857142857142,9,0,0,0,1,0,8,10,4,0,0.16791044776119404
2014,çÇíÀê¥àÍ,2,39,5,9,5,0.18461538461538463,0,4,1,0,0,0,0,0,0,15,0.16791044776119404
2014,çÇíÀê¥àÍ,3,36,4,8,2,0.16666666666666666,0,1,1,1,0,1,0,0,0,0,0.16791044776119404
2014,çÇíÀê¥àÍ,4,29,0,5,8,0.15517241379310345,0,0,0,0,0,0,0,0,0,0,0.16791044776119404
2014,çÇíÀê¥àÍ,5,33,0,3,4,0.1621212121212121,0,0,0,0,0,0,0,0,0,0,0.16791044776119404
2014,çÇíÀê¥àÍ,6,29,2,0,5,0.17896551724137932,0,0,1,1,0,0,0,0,0,0,0.16791044776119404
2538,çÇã¥ìÒòN,1,38,3,9,9,0.1792105263157895,3,0,0,0,0,0,13,12,7,0,0.19826923076923078
2538,çÇã¥ìÒòN,2,39,3,4,8,0.18102564102564103,0,2,1,0,0,0,0,0,0,20,0.19826923076923078
2538,çÇã¥ìÒòN,3,38,3,7,8,0.2131578947368421,0,2,1,0,0,0,0,0,0,0,0.19826923076923078
2538,çÇã¥ìÒòN,4,35,2,5,10,0.19542857142857142,0,0,0,1,1,0,0,0,0,0,0.19826923076923078
2538,çÇã¥ìÒòN,5,33,1,3,8,0.22757575757575757,0,0,1,0,0,0,0,0,0,0,0.19826923076923078
2538,çÇã¥ìÒòN,6,25,0,0,3,0.1968,0,0,0,0,0,0,0,0,0,0,0.19826923076923078
2841,ãgìcñ´,1,19,4,7,2,0.17105263157894737,3,0,0,0,1,0,8,3,2,0,0.19756521739130434
2841,ãgìcñ´,2,24,1,4,7,0.19666666666666666,0,0,0,0,1,0,0,0,0,15,0.19756521739130434
2841,ãgìcñ´,3,17,1,1,6,0.1811764705882353,0,0,1,0,0,0,0,0,0,0,0.19756521739130434
2841,ãgìcñ´,4,17,1,4,2,0.19470588235294117,0,0,1,0,0,0,0,0,0,0,0.19756521739130434
2841,ãgìcñ´,5,21,0,1,4,0.21333333333333335,0,0,0,0,0,0,0,0,0,0,0.19756521739130434
2841,ãgìcñ´,6,17,0,1,2,0.22823529411764706,0,0,0,0,0,0,0,0,0,0,0.19756521739130434
2844,ìcíÜêLìÒ,1,25,11,6,0,0.1732,11,0,0,0,0,0,2,5,7,0,0.18248554913294798
2844,ìcíÜêLìÒ,2,28,2,4,7,0.16071428571428573,0,2,0,0,0,0,0,0,0,13,0.18248554913294798
2844,ìcíÜêLìÒ,3,35,1,5,9,0.18742857142857142,0,1,0,0,0,0,0,0,0,0,0.18248554913294798
2844,ìcíÜêLìÒ,4,33,1,2,9,0.1790909090909091,0,0,1,0,0,0,0,0,0,0,0.18248554913294798
2844,ìcíÜêLìÒ,5,24,0,0,5,0.18291666666666664,0,0,0,0,0,0,0,0,0,0,0.18248554913294798
2844,ìcíÜêLìÒ,6,28,0,2,2,0.21,0,0,0,0,0,0,0,0,0,0,0.18248554913294798
2876,óÈñÿçKïv,1,32,13,4,4,0.13125,13,0,0,0,0,0,7,8,4,0,0.16733333333333333
2876,óÈñÿçKïv,2,36,4,4,8,0.17833333333333334,2,1,1,0,0,0,0,0,0,11,0.16733333333333333
2876,óÈñÿçKïv,3,31,6,5,7,0.15774193548387097,2,0,4,0,0,0,0,0,0,0,0.16733333333333333
2876,óÈñÿçKïv,4,28,1,5,5,0.17107142857142857,1,0,0,0,0,0,0,0,0,0,0.16733333333333333
2876,óÈñÿçKïv,5,31,2,3,2,0.16580645161290322,1,1,0,0,0,0,0,0,0,0,0.16733333333333333
2876,óÈñÿçKïv,6,22,3,3,2,0.2127272727272727,2,0,1,0,0,0,0,0,0,0,0.16733333333333333
2878,ïxéRçOçK,1,49,22,15,7,0.1553061224489796,19,0,0,0,3,0,13,9,0,0,0.1751526717557252
2878,ïxéRçOçK,2,47,6,12,11,0.19297872340425531,0,4,1,0,1,0,0,0,0,22,0.1751526717557252
2878,ïxéRçOçK,3,47,9,9,5,0.18404255319148938,0,4,1,4,0,0,0,0,0,0,0.1751526717557252
2878,ïxéRçOçK,4,41,5,6,14,0.16170731707317074,0,2,3,0,0,0,0,0,0,0,0.1751526717557252
2878,ïxéRçOçK,5,41,2,4,7,0.175609756097561,0,2,0,0,0,0,0,0,0,0,0.1751526717557252
2878,ïxéRçOçK,6,37,2,6,6,0.1818918918918919,0,0,1,1,0,0,0,0,0,0,0.1751526717557252
2903,éRçËãB,1,31,15,1,4,0.19451612903225807,15,0,0,0,0,0,3,8,4,0,0.1812820512820513
2903,éRçËãB,2,37,2,6,9,0.19567567567567568,0,2,0,0,0,0,0,0,0,20,0.1812820512820513
2903,éRçËãB,3,34,2,3,11,0.14764705882352944,0,1,0,1,0,0,0,0,0,0,0.1812820512820513
2903,éRçËãB,4,29,2,4,5,0.16344827586206898,0,1,1,0,0,0,0,0,0,0,0.1812820512820513
2903,éRçËãB,5,35,0,7,6,0.188,0,0,0,0,0,0,0,0,0,0,0.1812820512820513
2903,éRçËãB,6,29,0,3,6,0.19793103448275862,0,0,0,0,0,0,0,0,0,0,0.1812820512820513
2912,îˆçËìSñÁ,1,23,12,2,0,0.16652173913043478,12,0,0,0,0,0,4,1,4,0,0.18969512195121951
2912,îˆçËìSñÁ,2,30,0,3,4,0.201,0,0,0,0,0,0,0,0,0,20,0.18969512195121951
2912,îˆçËìSñÁ,3,27,2,3,4,0.18333333333333335,0,0,1,1,0,0,0,0,0,0,0.18969512195121951
2912,îˆçËìSñÁ,4,26,0,1,1,0.19615384615384615,0,0,0,0,0,0,0,0,0,0,0.18969512195121951
2912,îˆçËìSñÁ,5,25,0,0,4,0.19879999999999998,0,0,0,0,0,0,0,0,0,0,0.18969512195121951
2912,îˆçËìSñÁ,6,33,0,2,3,0.1887878787878788,0,0,0,0,0,0,0,0,0,0,0.18969512195121951
2930,êVó«àÍãK,1,30,12,9,3,0.169,11,0,0,0,1,0,3,8,5,0,0.1861267605633803
2930,êVó«àÍãK,2,24,1,6,3,0.1725,0,1,0,0,0,0,0,0,0,9,0.1861267605633803
2930,êVó«àÍãK,3,27,2,5,6,0.16814814814814816,0,1,1,0,0,0,0,0,0,0,0.1861267605633803
2930,êVó«àÍãK,4,20,1,4,4,0.22999999999999998,0,1,0,0,0,0,0,0,0,0,0.1861267605633803
2930,êVó«àÍãK,5,22,0,1,6,0.18545454545454546,0,0,0,0,0,0,0,0,0,0,0.1861267605633803
2930,êVó«àÍãK,6,19,0,3,2,0.21052631578947367,0,0,0,0,0,0,0,0,0,0,0.1861267605633803
2958,à‰êÏê≥êl,1,6,3,0,1,0.19333333333333336,3,0,0,0,0,0,1,2,0,0,0.1996078431372549
2958,à‰êÏê≥êl,2,9,0,1,3,0.17666666666666667,0,0,0,0,0,0,0,0,0,6,0.1996078431372549
2958,à‰êÏê≥êl,3,13,0,1,1,0.18615384615384614,0,0,0,0,0,0,0,0,0,0,0.1996078431372549
2958,à‰êÏê≥êl,4,8,0,0,0,0.2,0,0,0,0,0,0,0,0,0,0,0.1996078431372549
2958,à‰êÏê≥êl,5,9,0,1,1,0.20555555555555557,0,0,0,0,0,0,0,0,0,0,0.1996078431372549
2958,à‰êÏê≥êl,6,6,0,0,0,0.26,0,0,0,0,0,0,0,0,0,0,0.1996078431372549
3020,é·èóà‰ê≥,1,16,0,3,4,0.23875000000000002,0,0,0,0,0,0,1,7,5,0,0.21483516483516485
3020,é·èóà‰ê≥,2,18,4,3,1,0.195,0,2,2,0,0,0,0,0,0,6,0.21483516483516485
3020,é·èóà‰ê≥,3,16,0,1,4,0.198125,0,0,0,0,0,0,0,0,0,0,0.21483516483516485
3020,é·èóà‰ê≥,4,12,0,1,1,0.22166666666666668,0,0,0,0,0,0,0,0,0,0,0.21483516483516485
3020,é·èóà‰ê≥,5,15,0,0,2,0.20466666666666666,0,0,0,0,0,0,0,0,0,0,0.21483516483516485
3020,é·èóà‰ê≥,6,14,0,0,1,0.23714285714285716,0,0,0,0,0,0,0,0,0,0,0.21483516483516485
3022,êºéRè∏àÍ,1,62,37,14,6,0.14903225806451614,37,0,0,0,0,0,5,12,5,0,0.16893939393939394
3022,êºéRè∏àÍ,2,48,9,15,11,0.164375,0,8,1,0,0,0,0,0,0,23,0.16893939393939394
3022,êºéRè∏àÍ,3,36,4,11,10,0.1775,0,0,1,2,1,0,0,0,0,0,0.16893939393939394
3022,êºéRè∏àÍ,4,40,7,10,13,0.1625,0,2,3,1,1,0,0,0,0,0,0.16893939393939394
3022,êºéRè∏àÍ,5,39,1,8,3,0.20435897435897435,0,0,1,0,0,0,0,0,0,0,0.16893939393939394
3022,êºéRè∏àÍ,6,39,3,6,5,0.1694871794871795,0,0,1,2,0,0,0,0,0,0,0.16893939393939394
3024,êºìáã`ë•,1,58,24,19,8,0.1631034482758621,21,0,0,0,3,0,6,17,8,0,0.16708955223880598
3024,êºìáã`ë•,2,50,4,20,5,0.1516,1,1,1,0,1,0,0,0,0,27,0.16708955223880598
3024,êºìáã`ë•,3,42,9,15,2,0.1492857142857143,2,2,3,1,1,0,0,0,0,0,0.16708955223880598
3024,êºìáã`ë•,4,41,12,7,8,0.17146341463414635,4,5,3,0,0,0,0,0,0,0,0.16708955223880598
3024,êºìáã`ë•,5,39,10,8,3,0.1823076923076923,1,6,2,0,1,0,0,0,0,0,0.16708955223880598
3024,êºìáã`ë•,6,38,6,10,6,0.19289473684210526,1,2,2,0,0,1,0,0,0,0,0.16708955223880598
3025,éRå˚ìNé°,1,24,9,4,4,0.20083333333333334,9,0,0,0,0,0,4,9,2,0,0.20107784431137724
3025,éRå˚ìNé°,2,33,2,7,8,0.17515151515151517,0,2,0,0,0,0,0,0,0,21,0.20107784431137724
3025,éRå˚ìNé°,3,32,1,3,3,0.211875,0,0,0,1,0,0,0,0,0,0,0.20107784431137724
3025,éRå˚ìNé°,4,25,1,2,3,0.2116,0,0,0,1,0,0,0,0,0,0,0.20107784431137724
3025,éRå˚ìNé°,5,30,0,0,1,0.20400000000000001,0,0,0,0,0,0,0,0,0,0,0.20107784431137724
3025,éRå˚ìNé°,6,23,0,0,2,0.2082608695652174,0,0,0,0,0,0,0,0,0,0,0.20107784431137724
3036,ãgñ{ê≥è∫,1,24,8,3,4,0.17125,7,0,0,0,1,0,3,5,5,0,0.169
3036,ãgñ{ê≥è∫,2,34,4,9,6,0.1561764705882353,0,3,1,0,0,0,0,0,0,15,0.169
3036,ãgñ{ê≥è∫,3,31,1,6,5,0.18096774193548387,0,0,1,0,0,0,0,0,0,0,0.169
3036,ãgñ{ê≥è∫,4,32,2,5,7,0.13875,0,0,2,0,0,0,0,0,0,0,0.169
3036,ãgñ{ê≥è∫,5,30,0,0,7,0.17266666666666666,0,0,0,0,0,0,0,0,0,0,0.169
3036,ãgñ{ê≥è∫,6,29,1,1,2,0.19896551724137929,0,0,1,0,0,0,0,0,0,0,0.169
3044,éOëÓé¢ém,1,20,5,4,4,0.1515,5,0,0,0,0,0,3,9,1,0,0.17375886524822695
3044,éOëÓé¢ém,2,25,2,2,7,0.182,0,2,0,0,0,0,0,0,0,11,0.17375886524822695
3044,éOëÓé¢ém,3,29,1,6,4,0.17344827586206898,0,0,0,0,0,1,0,0,0,0,0.17375886524822695
3044,éOëÓé¢ém,4,24,0,3,7,0.15625,0,0,0,0,0,0,0,0,0,0,0.17375886524822695
3044,éOëÓé¢ém,5,21,2,1,5,0.17047619047619048,0,0,1,1,0,0,0,0,0,0,0.17375886524822695
3044,éOëÓé¢ém,6,22,0,1,2,0.2072727272727273,0,0,0,0,0,0,0,0,0,0,0.17375886524822695
3051,éRå˚èrâp,1,15,4,3,0,0.188,3,0,0,0,1,0,2,3,3,0,0.17807339449541285
3051,éRå˚èrâp,2,18,0,3,3,0.19111111111111112,0,0,0,0,0,0,0,0,0,11,0.17807339449541285
3051,éRå˚èrâp,3,16,1,3,2,0.19125,0,0,1,0,0,0,0,0,0,0,0.17807339449541285
3051,éRå˚èrâp,4,23,1,5,1,0.16956521739130434,0,1,0,0,0,0,0,0,0,0,0.17807339449541285
3051,éRå˚èrâp,5,19,0,1,2,0.18,0,0,0,0,0,0,0,0,0,0,0.17807339449541285
3051,éRå˚èrâp,6,18,0,1,0,0.15388888888888888,0,0,0,0,0,0,0,0,0,0,0.17807339449541285
3054,ñkêÏçKìT,1,45,30,10,2,0.16355555555555557,30,0,0,0,0,0,5,7,2,0,0.15119658119658122
3054,ñkêÏçKìT,2,41,7,12,13,0.1351219512195122,0,2,5,0,0,0,0,0,0,21,0.15119658119658122
3054,ñkêÏçKìT,3,38,7,8,11,0.15105263157894738,0,1,3,2,1,0,0,0,0,0,0.15119658119658122
3054,ñkêÏçKìT,4,43,9,9,8,0.13069767441860466,0,0,6,3,0,0,0,0,0,0,0.15119658119658122
3054,ñkêÏçKìT,5,35,4,3,6,0.16,0,0,1,3,0,0,0,0,0,0,0.15119658119658122
3054,ñkêÏçKìT,6,32,1,2,5,0.1725,0,0,0,1,0,0,0,0,0,0,0.15119658119658122
3065,ëùìcçOäÏ,1,25,4,5,7,0.21719999999999998,3,0,0,0,1,0,5,11,2,0,0.2365497076023392
3065,ëùìcçOäÏ,2,34,1,7,9,0.2576470588235294,0,0,0,0,1,0,0,0,0,10,0.2365497076023392
3065,ëùìcçOäÏ,3,34,1,3,7,0.2235294117647059,0,0,1,0,0,0,0,0,0,0,0.2365497076023392
3065,ëùìcçOäÏ,4,28,1,2,7,0.2282142857142857,0,1,0,0,0,0,0,0,0,0,0.2365497076023392
3065,ëùìcçOäÏ,5,29,0,3,5,0.24413793103448275,0,0,0,0,0,0,0,0,0,0,0.2365497076023392
3065,ëùìcçOäÏ,6,21,0,2,2,0.24714285714285716,0,0,0,0,0,0,0,0,0,0,0.2365497076023392
3066,ìcíÜíËóY,1,23,3,3,4,0.1973913043478261,3,0,0,0,0,0,2,11,7,0,0.20380645161290323
3066,ìcíÜíËóY,2,30,1,4,9,0.221,0,0,1,0,0,0,0,0,0,16,0.20380645161290323
3066,ìcíÜíËóY,3,30,0,3,6,0.19466666666666665,0,0,0,0,0,0,0,0,0,0,0.20380645161290323
3066,ìcíÜíËóY,4,28,2,4,3,0.21500000000000002,0,0,0,2,0,0,0,0,0,0,0.20380645161290323
3066,ìcíÜíËóY,5,24,1,0,5,0.2041666666666667,1,0,0,0,0,0,0,0,0,0,0.20380645161290323
3066,ìcíÜíËóY,6,20,0,1,3,0.183,0,0,0,0,0,0,0,0,0,0,0.20380645161290323
3070,éRé∫ìWçO,1,24,16,3,2,0.15208333333333332,15,0,0,0,1,0,1,6,1,0,0.1589189189189189
3070,éRé∫ìWçO,2,25,4,10,4,0.1444,0,3,0,0,1,0,0,0,0,17,0.1589189189189189
3070,éRé∫ìWçO,3,29,6,3,7,0.15724137931034482,0,1,1,4,0,0,0,0,0,0,0.1589189189189189
3070,éRé∫ìWçO,4,21,0,3,6,0.16333333333333333,0,0,0,0,0,0,0,0,0,0,0.1589189189189189
3070,éRé∫ìWçO,5,23,2,2,8,0.1491304347826087,0,0,1,0,1,0,0,0,0,0,0.1589189189189189
3070,éRé∫ìWçO,6,26,3,3,7,0.18615384615384614,0,1,0,0,0,2,0,0,0,0,0.1589189189189189
3072,êºìcñı,1,37,10,8,4,0.16378378378378378,10,0,0,0,0,0,6,9,9,0,0.17294685990338166
3072,êºìcñı,2,41,3,10,5,0.1624390243902439,2,1,0,0,0,0,0,0,0,24,0.17294685990338166
3072,êºìcñı,3,33,3,4,4,0.17515151515151517,0,1,2,0,0,0,0,0,0,0,0.17294685990338166
3072,êºìcñı,4,36,2,9,1,0.1802777777777778,1,0,0,0,0,1,0,0,0,0,0.17294685990338166
3072,êºìcñı,5,33,2,6,2,0.1781818181818182,0,1,1,0,0,0,0,0,0,0,0.17294685990338166
3072,êºìcñı,6,27,2,1,2,0.18259259259259258,0,2,0,0,0,0,0,0,0,0,0.17294685990338166
3075,íÜë∫óTè´,1,55,29,13,3,0.14763636363636365,28,0,0,0,1,0,10,12,3,0,0.15195729537366548
3075,íÜë∫óTè´,2,45,10,9,9,0.16533333333333333,1,6,2,0,1,0,0,0,0,17,0.15195729537366548
3075,íÜë∫óTè´,3,51,5,11,11,0.14745098039215687,0,1,2,2,0,0,0,0,0,0,0.15195729537366548
3075,íÜë∫óTè´,4,46,10,7,8,0.13978260869565218,0,0,6,4,0,0,0,0,0,0,0.15195729537366548
3075,íÜë∫óTè´,5,45,1,7,7,0.15355555555555556,0,0,1,0,0,0,0,0,0,0,0.15195729537366548
3075,íÜë∫óTè´,6,39,2,6,7,0.16102564102564104,0,1,1,0,0,0,0,0,0,0,0.15195729537366548
3079,êVínâÎóm,1,23,6,6,1,0.20695652173913043,5,0,0,0,1,0,2,5,7,0,0.18111764705882352
3079,êVínâÎóm,2,34,4,10,8,0.16470588235294117,0,0,4,0,0,0,0,0,0,15,0.18111764705882352
3079,êVínâÎóm,3,32,2,2,4,0.1878125,0,0,0,1,0,1,0,0,0,0,0.18111764705882352
3079,êVínâÎóm,4,30,3,6,2,0.17666666666666667,0,0,2,1,0,0,0,0,0,0,0.18111764705882352
3079,êVínâÎóm,5,27,1,6,0,0.17814814814814817,0,0,1,0,0,0,0,0,0,0,0.18111764705882352
3079,êVínâÎóm,6,24,0,3,2,0.17958333333333334,0,0,0,0,0,0,0,0,0,0,0.18111764705882352
3081,â™ñ{êTé°,1,29,17,2,3,0.16758620689655174,17,0,0,0,0,0,4,1,5,0,0.18128654970760233
3081,â™ñ{êTé°,2,33,5,11,4,0.20393939393939395,0,5,0,0,0,0,0,0,0,19,0.18128654970760233
3081,â™ñ{êTé°,3,28,2,9,7,0.1842857142857143,0,0,2,0,0,0,0,0,0,0,0.18128654970760233
3081,â™ñ{êTé°,4,26,6,3,2,0.17038461538461538,0,3,0,3,0,0,0,0,0,0,0.18128654970760233
3081,â™ñ{êTé°,5,31,0,4,6,0.18096774193548387,0,0,0,0,0,0,0,0,0,0,0.18128654970760233
3081,â™ñ{êTé°,6,24,0,2,2,0.17541666666666667,0,0,0,0,0,0,0,0,0,0,0.18128654970760233
3105,ì‡éRï∂ìT,1,43,23,9,6,0.146046511627907,22,0,0,0,1,0,8,5,4,0,0.16577689243027888
3105,ì‡éRï∂ìT,2,47,11,11,11,0.1874468085106383,0,5,5,0,1,0,0,0,0,23,0.16577689243027888
3105,ì‡éRï∂ìT,3,42,3,13,6,0.1638095238095238,0,1,2,0,0,0,0,0,0,0,0.16577689243027888
3105,ì‡éRï∂ìT,4,43,2,1,10,0.16651162790697674,0,0,0,2,0,0,0,0,0,0,0.16577689243027888
3105,ì‡éRï∂ìT,5,36,3,7,6,0.16055555555555556,0,0,1,2,0,0,0,0,0,0,0.16577689243027888
3105,ì‡éRï∂ìT,6,40,0,3,10,0.1675,0,0,0,0,0,0,0,0,0,0,0.16577689243027888
3107,ïΩâ™èdìT,1,37,16,8,4,0.17756756756756759,15,0,0,0,1,0,7,8,6,0,0.17956140350877192
3107,ïΩâ™èdìT,2,44,5,7,10,0.19727272727272727,0,3,2,0,0,0,0,0,0,23,0.17956140350877192
3107,ïΩâ™èdìT,3,40,2,7,8,0.173,0,0,2,0,0,0,0,0,0,0,0.17956140350877192
3107,ïΩâ™èdìT,4,33,1,6,7,0.17303030303030303,0,1,0,0,0,0,0,0,0,0,0.17956140350877192
3107,ïΩâ™èdìT,5,43,1,3,3,0.17325581395348838,0,0,1,0,0,0,0,0,0,0,0.17956140350877192
3107,ïΩâ™èdìT,6,31,0,1,4,0.18096774193548387,0,0,0,0,0,0,0,0,0,0,0.17956140350877192
3108,èºñ{ê^å·,1,1,0,0,0,0.15,0,0,0,0,0,0,0,1,0,0,0.15285714285714286
3108,èºñ{ê^å·,2,2,0,0,1,0.125,0,0,0,0,0,0,0,0,0,2,0.15285714285714286
3108,èºñ{ê^å·,3,1,0,0,0,0.21,0,0,0,0,0,0,0,0,0,0,0.15285714285714286
3108,èºñ{ê^å·,4,2,0,0,0,0.11499999999999999,0,0,0,0,0,0,0,0,0,0,0.15285714285714286
3108,èºñ{ê^å·,5,1,0,0,0,0.23,0,0,0,0,0,0,0,0,0,0,0.15285714285714286
3122,çÇéRìNñÁ,1,30,7,9,4,0.15966666666666668,7,0,0,0,0,0,8,8,3,0,0.16630331753554503
3122,çÇéRìNñÁ,2,40,2,8,7,0.17450000000000002,0,2,0,0,0,0,0,0,0,19,0.16630331753554503
3122,çÇéRìNñÁ,3,41,0,6,7,0.16463414634146342,0,0,0,0,0,0,0,0,0,0,0.16630331753554503
3122,çÇéRìNñÁ,4,35,1,3,6,0.15228571428571427,0,0,1,0,0,0,0,0,0,0,0.16630331753554503
3122,çÇéRìNñÁ,5,39,0,1,2,0.16487179487179487,0,0,0,0,0,0,0,0,0,0,0.16630331753554503
3122,çÇéRìNñÁ,6,26,0,1,2,0.18500000000000003,0,0,0,0,0,0,0,0,0,0,0.16630331753554503
3123,íÜêºçGï∂,1,27,5,10,1,0.18333333333333335,5,0,0,0,0,0,5,5,8,0,0.18558011049723758
3123,íÜêºçGï∂,2,31,1,3,9,0.20258064516129032,0,1,0,0,0,0,0,0,0,22,0.18558011049723758
3123,íÜêºçGï∂,3,35,0,1,11,0.1762857142857143,0,0,0,0,0,0,0,0,0,0,0.18558011049723758
3123,íÜêºçGï∂,4,31,3,2,5,0.16903225806451613,0,1,1,1,0,0,0,0,0,0,0.18558011049723758
3123,íÜêºçGï∂,5,30,0,2,3,0.181,0,0,0,0,0,0,0,0,0,0,0.18558011049723758
3123,íÜêºçGï∂,6,27,1,0,2,0.20444444444444443,0,1,0,0,0,0,0,0,0,0,0.18558011049723758
3141,éRóàòaêl,1,33,11,11,4,0.16787878787878788,9,0,1,0,1,0,6,7,4,0,0.1702185792349727
3141,éRóàòaêl,2,35,4,8,2,0.168,0,3,1,0,0,0,0,0,0,23,0.1702185792349727
3141,éRóàòaêl,3,33,2,6,4,0.15878787878787878,0,0,1,0,1,0,0,0,0,0,0.1702185792349727
3141,éRóàòaêl,4,26,2,2,4,0.16576923076923078,0,0,2,0,0,0,0,0,0,0,0.1702185792349727
3141,éRóàòaêl,5,29,1,5,7,0.18275862068965518,0,0,0,1,0,0,0,0,0,0,0.1702185792349727
3141,éRóàòaêl,6,27,0,1,2,0.18074074074074073,0,0,0,0,0,0,0,0,0,0,0.1702185792349727
3142,êºñŒìoéq,1,13,2,3,0,0.17076923076923078,2,0,0,0,0,0,3,7,1,0,0.1862962962962963
3142,êºñŒìoéq,2,18,0,4,4,0.17555555555555558,0,0,0,0,0,0,0,0,0,10,0.1862962962962963
3142,êºñŒìoéq,3,13,1,2,4,0.19615384615384618,0,0,1,0,0,0,0,0,0,0,0.1862962962962963
3142,êºñŒìoéq,4,11,1,2,1,0.20181818181818184,0,0,0,1,0,0,0,0,0,0,0.1862962962962963
3142,êºñŒìoéq,5,12,0,0,1,0.20000000000000004,0,0,0,0,0,0,0,0,0,0,0.1862962962962963
3142,êºñŒìoéq,6,14,0,0,2,0.18142857142857144,0,0,0,0,0,0,0,0,0,0,0.1862962962962963
3151,óéçáåhàÍ,1,23,5,6,5,0.17347826086956522,5,0,0,0,0,0,3,6,6,0,0.16854922279792747
3151,óéçáåhàÍ,2,41,3,9,11,0.1573170731707317,1,2,0,0,0,0,0,0,0,28,0.16854922279792747
3151,óéçáåhàÍ,3,34,2,5,9,0.1611764705882353,0,1,1,0,0,0,0,0,0,0,0.16854922279792747
3151,óéçáåhàÍ,4,36,1,1,5,0.15888888888888889,0,0,1,0,0,0,0,0,0,0,0.16854922279792747
3151,óéçáåhàÍ,5,34,0,3,3,0.19176470588235295,0,0,0,0,0,0,0,0,0,0,0.16854922279792747
3151,óéçáåhàÍ,6,25,0,0,1,0.1748,0,0,0,0,0,0,0,0,0,0,0.16854922279792747
3153,ëOêÏó≥éü,1,15,4,3,2,0.156,4,0,0,0,0,0,2,9,0,0,0.20163636363636364
3153,ëOêÏó≥éü,2,22,1,5,5,0.2109090909090909,0,1,0,0,0,0,0,0,0,13,0.20163636363636364
3153,ëOêÏó≥éü,3,18,0,0,2,0.21666666666666667,0,0,0,0,0,0,0,0,0,0,0.20163636363636364
3153,ëOêÏó≥éü,4,18,0,0,1,0.1938888888888889,0,0,0,0,0,0,0,0,0,0,0.20163636363636364
3153,ëOêÏó≥éü,5,21,1,2,3,0.21761904761904763,1,0,0,0,0,0,0,0,0,0,0.20163636363636364
3153,ëOêÏó≥éü,6,16,0,0,0,0.2025,0,0,0,0,0,0,0,0,0,0,0.20163636363636364
3156,ã‡éqó«è∫,1,27,14,4,3,0.1574074074074074,13,1,0,0,0,0,3,4,5,0,0.1785
3156,ã‡éqó«è∫,2,30,5,5,5,0.18666666666666668,2,2,1,0,0,0,0,0,0,11,0.1785
3156,ã‡éqó«è∫,3,22,3,6,4,0.16090909090909092,0,0,0,3,0,0,0,0,0,0,0.1785
3156,ã‡éqó«è∫,4,28,2,7,5,0.1767857142857143,0,1,0,1,0,0,0,0,0,0,0.1785
3156,ã‡éqó«è∫,5,24,1,3,4,0.1975,0,0,1,0,0,0,0,0,0,0,0.1785
3156,ã‡éqó«è∫,6,29,3,2,5,0.18896551724137933,0,1,0,1,1,0,0,0,0,0,0.1785
3158,ìáêÏåıíj,1,63,43,11,3,0.15571428571428572,40,0,0,0,3,0,6,5,9,0,0.1581818181818182
3158,ìáêÏåıíj,2,42,7,12,6,0.15285714285714286,0,3,4,0,0,0,0,0,0,21,0.1581818181818182
3158,ìáêÏåıíj,3,51,7,16,9,0.1543137254901961,0,0,6,0,1,0,0,0,0,0,0.1581818181818182
3158,ìáêÏåıíj,4,41,5,8,8,0.15121951219512195,0,0,5,0,0,0,0,0,0,0,0.1581818181818182
3158,ìáêÏåıíj,5,45,4,5,9,0.16466666666666668,0,0,0,4,0,0,0,0,0,0,0.1581818181818182
3158,ìáêÏåıíj,6,44,1,1,11,0.17113636363636364,0,0,0,1,0,0,0,0,0,0,0.1581818181818182
3159,ç]å˚çWê∂,1,60,42,13,3,0.12366666666666666,40,0,0,0,2,0,5,7,4,0,0.14134529147982064
3159,ç]å˚çWê∂,2,35,8,13,6,0.1362857142857143,1,3,3,0,1,0,0,0,0,18,0.14134529147982064
3159,ç]å˚çWê∂,3,34,12,10,5,0.15588235294117647,2,6,3,0,1,0,0,0,0,0,0.14134529147982064
3159,ç]å˚çWê∂,4,29,9,10,5,0.14,3,3,2,0,1,0,0,0,0,0,0.14134529147982064
3159,ç]å˚çWê∂,5,27,9,5,6,0.14814814814814814,1,6,1,0,1,0,0,0,0,0,0.14134529147982064
3159,ç]å˚çWê∂,6,38,14,10,6,0.15710526315789472,1,6,6,0,1,0,0,0,0,0,0.14134529147982064
3161,å√èÍãPã`,1,48,23,10,7,0.16979166666666667,23,0,0,0,0,0,6,7,10,0,0.18187250996015936
3161,å√èÍãPã`,2,45,8,12,10,0.17,0,6,1,0,1,0,0,0,0,26,0.18187250996015936
3161,å√èÍãPã`,3,46,2,11,9,0.1908695652173913,0,0,0,2,0,0,0,0,0,0,0.18187250996015936
3161,å√èÍãPã`,4,38,4,6,8,0.17763157894736842,0,1,1,1,1,0,0,0,0,0,0.18187250996015936
3161,å√èÍãPã`,5,34,0,7,7,0.17882352941176471,0,0,0,0,0,0,0,0,0,0,0.18187250996015936
3161,å√èÍãPã`,6,40,1,4,11,0.20600000000000002,0,1,0,0,0,0,0,0,0,0,0.18187250996015936
3164,êXòeìO,1,16,4,3,2,0.265625,3,0,0,0,1,0,3,6,3,0,0.2121138211382114
3164,êXòeìO,2,21,3,1,4,0.19666666666666666,0,3,0,0,0,0,0,0,0,10,0.2121138211382114
3164,êXòeìO,3,24,1,1,4,0.17875,0,1,0,0,0,0,0,0,0,0,0.2121138211382114
3164,êXòeìO,4,19,2,4,4,0.19263157894736843,0,0,1,0,1,0,0,0,0,0,0.2121138211382114
3164,êXòeìO,5,20,0,3,3,0.20750000000000002,0,0,0,0,0,0,0,0,0,0,0.2121138211382114
3164,êXòeìO,6,23,0,1,3,0.24391304347826087,0,0,0,0,0,0,0,0,0,0,0.2121138211382114
3175,ìnï”êÁëê,1,32,10,8,4,0.1465625,10,0,0,0,0,0,10,8,1,0,0.16092920353982298
3175,ìnï”êÁëê,2,46,6,16,11,0.1656521739130435,0,3,2,0,0,1,0,0,0,27,0.16092920353982298
3175,ìnï”êÁëê,3,46,2,10,16,0.16717391304347826,0,2,0,0,0,0,0,0,0,0,0.16092920353982298
3175,ìnï”êÁëê,4,37,2,8,12,0.15864864864864864,0,1,1,0,0,0,0,0,0,0,0.16092920353982298
3175,ìnï”êÁëê,5,37,0,7,8,0.15162162162162163,0,0,0,0,0,0,0,0,0,0,0.16092920353982298
3175,ìnï”êÁëê,6,28,0,0,9,0.17464285714285713,0,0,0,0,0,0,0,0,0,0,0.16092920353982298
3176,í∑íJêÏäﬁ,1,9,1,2,3,0.13666666666666666,1,0,0,0,0,0,2,4,1,0,0.17647058823529413
3176,í∑íJêÏäﬁ,2,13,2,4,3,0.20615384615384616,0,2,0,0,0,0,0,0,0,8,0.17647058823529413
3176,í∑íJêÏäﬁ,3,13,0,1,3,0.1676923076923077,0,0,0,0,0,0,0,0,0,0,0.17647058823529413
3176,í∑íJêÏäﬁ,4,12,1,0,2,0.17416666666666666,0,0,0,0,1,0,0,0,0,0,0.17647058823529413
3176,í∑íJêÏäﬁ,5,12,0,3,3,0.18000000000000002,0,0,0,0,0,0,0,0,0,0,0.17647058823529413
3176,í∑íJêÏäﬁ,6,9,0,0,1,0.18444444444444444,0,0,0,0,0,0,0,0,0,0,0.17647058823529413
3177,ã{ñ{ãIî¸,1,31,5,5,6,0.22129032258064518,5,0,0,0,0,0,7,14,4,0,0.21967914438502673
3177,ã{ñ{ãIî¸,2,38,2,4,7,0.22710526315789475,0,2,0,0,0,0,0,0,0,18,0.21967914438502673
3177,ã{ñ{ãIî¸,3,32,2,5,5,0.2065625,0,0,1,1,0,0,0,0,0,0,0.21967914438502673
3177,ã{ñ{ãIî¸,4,32,0,3,8,0.2278125,0,0,0,0,0,0,0,0,0,0,0.21967914438502673
3177,ã{ñ{ãIî¸,5,30,1,1,5,0.19799999999999998,0,0,1,0,0,0,0,0,0,0,0.21967914438502673
3177,ã{ñ{ãIî¸,6,24,0,2,6,0.23958333333333334,0,0,0,0,0,0,0,0,0,0,0.21967914438502673
3182,ãvï€ìcî¸ãI,1,27,3,5,6,0.2074074074074074,3,0,0,0,0,0,4,14,3,0,0.20654088050314467
3182,ãvï€ìcî¸ãI,2,32,2,8,5,0.1934375,0,2,0,0,0,0,0,0,0,20,0.20654088050314467
3182,ãvï€ìcî¸ãI,3,24,1,1,4,0.19583333333333333,0,0,0,0,1,0,0,0,0,0,0.20654088050314467
3182,ãvï€ìcî¸ãI,4,28,0,0,5,0.21428571428571427,0,0,0,0,0,0,0,0,0,0,0.20654088050314467
3182,ãvï€ìcî¸ãI,5,25,0,0,3,0.22039999999999998,0,0,0,0,0,0,0,0,0,0,0.20654088050314467
3182,ãvï€ìcî¸ãI,6,23,0,0,2,0.21043478260869564,0,0,0,0,0,0,0,0,0,0,0.20654088050314467
3186,â´åÂ,1,27,9,4,2,0.16925925925925928,9,0,0,0,0,0,8,2,7,0,0.18424528301886794
3186,â´åÂ,2,43,4,7,9,0.1867441860465116,0,1,3,0,0,0,0,0,0,21,0.18424528301886794
3186,â´åÂ,3,37,2,4,9,0.182972972972973,0,0,1,0,1,0,0,0,0,0,0.18424528301886794
3186,â´åÂ,4,41,0,2,8,0.1953658536585366,0,0,0,0,0,0,0,0,0,0,0.18424528301886794
3186,â´åÂ,5,32,0,3,2,0.18625,0,0,0,0,0,0,0,0,0,0,0.18424528301886794
3186,â´åÂ,6,32,3,2,3,0.17875,0,0,2,0,0,1,0,0,0,0,0.18424528301886794
3187,é¬å¥èrïv,1,9,2,3,0,0.1711111111111111,2,0,0,0,0,0,4,2,0,0,0.2143283582089552
3187,é¬å¥èrïv,2,10,0,2,1,0.28500000000000003,0,0,0,0,0,0,0,0,0,4,0.2143283582089552
3187,é¬å¥èrïv,3,13,1,1,3,0.20384615384615384,0,0,0,0,1,0,0,0,0,0,0.2143283582089552
3187,é¬å¥èrïv,4,9,0,2,0,0.18222222222222223,0,0,0,0,0,0,0,0,0,0,0.2143283582089552
3187,é¬å¥èrïv,5,9,0,1,3,0.21555555555555556,0,0,0,0,0,0,0,0,0,0,0.2143283582089552
3187,é¬å¥èrïv,6,17,0,0,2,0.22,0,0,0,0,0,0,0,0,0,0,0.2143283582089552
3188,ì˙çÇàÌéq,1,50,33,9,6,0.1602,33,0,0,0,0,0,3,10,3,0,0.1625
3188,ì˙çÇàÌéq,2,37,6,16,10,0.14810810810810812,0,4,0,0,2,0,0,0,0,23,0.1625
3188,ì˙çÇàÌéq,3,38,1,11,10,0.15289473684210525,0,1,0,0,0,0,0,0,0,0,0.1625
3188,ì˙çÇàÌéq,4,43,2,11,10,0.17069767441860464,0,1,0,0,1,0,0,0,0,0,0.1625
3188,ì˙çÇàÌéq,5,32,1,6,10,0.1434375,0,0,0,0,0,1,0,0,0,0,0.1625
3188,ì˙çÇàÌéq,6,36,0,4,10,0.19777777777777777,0,0,0,0,0,0,0,0,0,0,0.1625
3200,åFíJíºé˜,1,14,6,5,1,0.13571428571428573,5,0,0,0,1,0,2,1,4,0,0.14295774647887324
3200,åFíJíºé˜,2,12,2,6,3,0.15916666666666665,0,0,2,0,0,0,0,0,0,5,0.14295774647887324
3200,åFíJíºé˜,3,12,2,4,4,0.14833333333333334,0,0,0,1,1,0,0,0,0,0,0.14295774647887324
3200,åFíJíºé˜,4,9,0,3,2,0.1322222222222222,0,0,0,0,0,0,0,0,0,0,0.14295774647887324
3200,åFíJíºé˜,5,9,1,2,3,0.13666666666666666,0,0,1,0,0,0,0,0,0,0,0.14295774647887324
3200,åFíJíºé˜,6,15,1,5,2,0.14266666666666666,0,1,0,0,0,0,0,0,0,0,0.14295774647887324
3202,éOïió≤ç_,1,32,9,9,4,0.196875,7,0,0,0,2,0,5,8,6,0,0.1945901639344262
3202,éOïió≤ç_,2,36,6,6,5,0.1813888888888889,0,3,3,0,0,0,0,0,0,15,0.1945901639344262
3202,éOïió≤ç_,3,32,6,5,5,0.195,0,0,3,3,0,0,0,0,0,0,0.1945901639344262
3202,éOïió≤ç_,4,27,1,5,6,0.16703703703703704,0,0,1,0,0,0,0,0,0,0,0.1945901639344262
3202,éOïió≤ç_,5,26,1,2,6,0.19961538461538464,0,1,0,0,0,0,0,0,0,0,0.1945901639344262
3202,éOïió≤ç_,6,30,0,1,5,0.228,0,0,0,0,0,0,0,0,0,0,0.1945901639344262
3207,ìcë∫î¸òa,1,30,8,7,5,0.2033333333333333,8,0,0,0,0,0,8,5,5,0,0.18571428571428572
3207,ìcë∫î¸òa,2,38,2,9,9,0.16973684210526316,0,2,0,0,0,0,0,0,0,16,0.18571428571428572
3207,ìcë∫î¸òa,3,38,0,6,3,0.1881578947368421,0,0,0,0,0,0,0,0,0,0,0.18571428571428572
3207,ìcë∫î¸òa,4,30,1,4,4,0.16566666666666666,0,0,0,1,0,0,0,0,0,0,0.18571428571428572
3207,ìcë∫î¸òa,5,37,2,4,4,0.19054054054054054,0,0,0,2,0,0,0,0,0,0,0.18571428571428572
3207,ìcë∫î¸òa,6,23,0,1,2,0.2034782608695652,0,0,0,0,0,0,0,0,0,0,0.18571428571428572
3211,ñkêÏïqçO,1,27,9,9,3,0.18592592592592594,7,0,0,0,2,0,7,6,5,0,0.18733333333333335
3211,ñkêÏïqçO,2,38,5,10,2,0.19815789473684212,0,3,1,0,1,0,0,0,0,18,0.18733333333333335
3211,ñkêÏïqçO,3,34,3,3,6,0.18794117647058825,0,1,0,0,1,1,0,0,0,0,0.18733333333333335
3211,ñkêÏïqçO,4,27,0,5,5,0.1774074074074074,0,0,0,0,0,0,0,0,0,0,0.18733333333333335
3211,ñkêÏïqçO,5,37,0,0,7,0.18756756756756757,0,0,0,0,0,0,0,0,0,0,0.18733333333333335
3211,ñkêÏïqçO,6,32,0,5,5,0.183125,0,0,0,0,0,0,0,0,0,0,0.18733333333333335
3212,ãTñ{óEé˜,1,34,11,10,3,0.1888235294117647,10,0,0,0,1,0,9,6,6,0,0.1785981308411215
3212,ãTñ{óEé˜,2,36,2,11,10,0.15611111111111112,0,2,0,0,0,0,0,0,0,20,0.1785981308411215
3212,ãTñ{óEé˜,3,33,4,10,7,0.17272727272727273,0,1,3,0,0,0,0,0,0,0,0.1785981308411215
3212,ãTñ{óEé˜,4,40,1,5,9,0.14925,0,0,0,1,0,0,0,0,0,0,0.1785981308411215
3212,ãTñ{óEé˜,5,33,0,3,7,0.1993939393939394,0,0,0,0,0,0,0,0,0,0,0.1785981308411215
3212,ãTñ{óEé˜,6,38,1,3,7,0.20868421052631578,0,0,0,0,0,1,0,0,0,0,0.1785981308411215
3220,ìÒã¥äw,1,31,10,8,5,0.1696774193548387,9,0,0,0,1,0,9,9,3,0,0.1852093023255814
3220,ìÒã¥äw,2,41,1,6,6,0.2051219512195122,0,1,0,0,0,0,0,0,0,19,0.1852093023255814
3220,ìÒã¥äw,3,43,1,10,7,0.19093023255813957,0,0,0,1,0,0,0,0,0,0,0.1852093023255814
3220,ìÒã¥äw,4,35,1,2,3,0.18657142857142858,0,0,0,1,0,0,0,0,0,0,0.1852093023255814
3220,ìÒã¥äw,5,36,0,2,5,0.1713888888888889,0,0,0,0,0,0,0,0,0,0,0.1852093023255814
3220,ìÒã¥äw,6,29,0,2,6,0.1806896551724138,0,0,0,0,0,0,0,0,0,0,0.1852093023255814
3224,åIéRî…óm,1,27,7,11,3,0.16074074074074074,6,0,1,0,0,0,5,7,6,0,0.1645631067961165
3224,åIéRî…óm,2,42,2,9,9,0.16476190476190475,0,1,0,0,0,1,0,0,0,21,0.1645631067961165
3224,åIéRî…óm,3,39,7,7,5,0.14384615384615385,0,1,5,0,0,1,0,0,0,0,0.1645631067961165
3224,åIéRî…óm,4,37,5,6,6,0.15918918918918917,0,1,3,0,1,0,0,0,0,0,0.1645631067961165
3224,åIéRî…óm,5,32,1,2,7,0.1853125,0,0,1,0,0,0,0,0,0,0,0.1645631067961165
3224,åIéRî…óm,6,29,1,1,4,0.1796551724137931,0,0,0,1,0,0,0,0,0,0,0.1645631067961165
3226,âYìcêMã`,1,33,14,5,4,0.16606060606060608,13,0,0,0,1,0,10,7,1,0,0.1753170731707317
3226,âYìcêMã`,2,37,3,8,7,0.18027027027027026,0,3,0,0,0,0,0,0,0,24,0.1753170731707317
3226,âYìcêMã`,3,34,5,6,8,0.1808823529411765,0,1,3,0,1,0,0,0,0,0,0.1753170731707317
3226,âYìcêMã`,4,34,4,4,7,0.16705882352941176,0,1,0,3,0,0,0,0,0,0,0.1753170731707317
3226,âYìcêMã`,5,33,1,5,4,0.17575757575757575,0,0,0,1,0,0,0,0,0,0,0.1753170731707317
3226,âYìcêMã`,6,34,1,3,4,0.1811764705882353,0,0,0,1,0,0,0,0,0,0,0.1753170731707317
3227,í∑â™ñŒàÍ,1,35,19,7,3,0.18057142857142858,19,0,0,0,0,0,6,4,4,0,0.17215384615384616
3227,í∑â™ñŒàÍ,2,32,2,4,8,0.196875,1,0,0,0,1,0,0,0,0,16,0.17215384615384616
3227,í∑â™ñŒàÍ,3,40,1,12,9,0.163,0,0,1,0,0,0,0,0,0,0,0.17215384615384616
3227,í∑â™ñŒàÍ,4,26,3,3,3,0.16846153846153847,0,0,2,1,0,0,0,0,0,0,0.17215384615384616
3227,í∑â™ñŒàÍ,5,29,3,5,5,0.14689655172413793,0,0,0,3,0,0,0,0,0,0,0.17215384615384616
3227,í∑â™ñŒàÍ,6,33,1,3,2,0.17545454545454545,0,0,1,0,0,0,0,0,0,0,0.17215384615384616
3231,ãgìcó≤ã`,1,34,17,4,5,0.15147058823529413,16,0,0,0,1,0,8,5,2,0,0.17995192307692306
3231,ãgìcó≤ã`,2,43,2,5,8,0.19372093023255815,0,1,1,0,0,0,0,0,0,20,0.17995192307692306
3231,ãgìcó≤ã`,3,34,2,2,5,0.16588235294117645,0,0,0,2,0,0,0,0,0,0,0.17995192307692306
3231,ãgìcó≤ã`,4,33,0,6,2,0.1806060606060606,0,0,0,0,0,0,0,0,0,0,0.17995192307692306
3231,ãgìcó≤ã`,5,33,1,9,4,0.1693939393939394,0,0,1,0,0,0,0,0,0,0,0.17995192307692306
3231,ãgìcó≤ã`,6,31,1,2,2,0.21806451612903224,1,0,0,0,0,0,0,0,0,0,0.17995192307692306
3232,éRêÏî¸óRãI,1,50,37,7,3,0.12140000000000001,33,0,0,0,4,0,3,4,2,0,0.15204878048780487
3232,éRêÏî¸óRãI,2,33,2,9,6,0.15151515151515152,1,1,0,0,0,0,0,0,0,20,0.15204878048780487
3232,éRêÏî¸óRãI,3,36,6,8,6,0.15444444444444447,0,2,2,1,1,0,0,0,0,0,0.15204878048780487
3232,éRêÏî¸óRãI,4,31,7,8,8,0.17903225806451611,0,1,3,1,0,2,0,0,0,0,0.15204878048780487
3232,éRêÏî¸óRãI,5,27,1,5,8,0.1551851851851852,0,1,0,0,0,0,0,0,0,0,0.15204878048780487
3232,éRêÏî¸óRãI,6,28,2,8,9,0.17142857142857143,0,0,2,0,0,0,0,0,0,0,0.15204878048780487
3233,è¨î®é¿ê¨,1,50,24,11,5,0.1338,23,0,0,0,1,0,9,10,2,0,0.1532986111111111
3233,è¨î®é¿ê¨,2,53,4,18,14,0.16018867924528302,0,4,0,0,0,0,0,0,0,34,0.1532986111111111
3233,è¨î®é¿ê¨,3,54,1,13,13,0.15777777777777777,0,0,0,0,1,0,0,0,0,0,0.1532986111111111
3233,è¨î®é¿ê¨,4,49,8,12,10,0.15571428571428572,0,3,3,2,0,0,0,0,0,0,0.1532986111111111
3233,è¨î®é¿ê¨,5,40,4,4,8,0.16025,0,1,0,2,1,0,0,0,0,0,0.1532986111111111
3233,è¨î®é¿ê¨,6,42,0,5,4,0.15261904761904763,0,0,0,0,0,0,0,0,0,0,0.1532986111111111
3234,ã‡êXéjãg,1,9,3,2,0,0.15555555555555556,3,0,0,0,0,0,5,1,0,0,0.1669811320754717
3234,ã‡êXéjãg,2,7,1,1,0,0.17857142857142858,0,1,0,0,0,0,0,0,0,4,0.1669811320754717
3234,ã‡êXéjãg,3,11,1,1,1,0.18363636363636363,0,0,1,0,0,0,0,0,0,0,0.1669811320754717
3234,ã‡êXéjãg,4,9,0,2,1,0.18444444444444447,0,0,0,0,0,0,0,0,0,0,0.1669811320754717
3234,ã‡êXéjãg,5,9,0,0,1,0.12666666666666668,0,0,0,0,0,0,0,0,0,0,0.1669811320754717
3234,ã‡êXéjãg,6,8,0,0,0,0.1725,0,0,0,0,0,0,0,0,0,0,0.1669811320754717
3235,óÈñÿóBóR,1,1,1,0,0,0.11,1,0,0,0,0,0,0,0,0,0,0.155
3235,óÈñÿóBóR,4,1,0,0,0,0.2,0,0,0,0,0,0,0,0,0,0,0.155
3243,ç≤ñÏó≤êm,1,24,8,1,3,0.18708333333333335,8,0,0,0,0,0,6,3,2,0,0.19244444444444445
3243,ç≤ñÏó≤êm,2,25,0,3,3,0.19760000000000003,0,0,0,0,0,0,0,0,0,11,0.19244444444444445
3243,ç≤ñÏó≤êm,3,27,1,4,7,0.17814814814814817,0,0,1,0,0,0,0,0,0,0,0.19244444444444445
3243,ç≤ñÏó≤êm,4,23,1,5,1,0.19521739130434784,0,0,1,0,0,0,0,0,0,0,0.19244444444444445
3243,ç≤ñÏó≤êm,5,20,1,2,1,0.21000000000000002,0,0,1,0,0,0,0,0,0,0,0.19244444444444445
3243,ç≤ñÏó≤êm,6,16,0,1,2,0.190625,0,0,0,0,0,0,0,0,0,0,0.19244444444444445
3246,êØñÏê≠ïF,1,21,5,7,3,0.18523809523809526,5,0,0,0,0,0,9,5,2,0,0.17879432624113475
3246,êØñÏê≠ïF,2,25,2,2,7,0.2148,1,1,0,0,0,0,0,0,0,13,0.17879432624113475
3246,êØñÏê≠ïF,3,29,2,3,13,0.16586206896551725,0,0,2,0,0,0,0,0,0,0,0.17879432624113475
3246,êØñÏê≠ïF,4,21,2,2,3,0.20285714285714285,0,0,0,2,0,0,0,0,0,0,0.17879432624113475
3246,êØñÏê≠ïF,5,23,2,1,4,0.14217391304347826,0,0,1,0,1,0,0,0,0,0,0.17879432624113475
3246,êØñÏê≠ïF,6,22,0,0,3,0.1640909090909091,0,0,0,0,0,0,0,0,0,0,0.17879432624113475
3251,ïΩêŒòaíj,1,57,26,15,7,0.1843859649122807,25,0,0,0,1,0,9,15,7,0,0.19336666666666666
3251,ïΩêŒòaíj,2,54,8,13,7,0.19111111111111112,0,4,2,0,2,0,0,0,0,28,0.19336666666666666
3251,ïΩêŒòaíj,3,53,4,12,7,0.19660377358490566,0,1,1,2,0,0,0,0,0,0,0.19336666666666666
3251,ïΩêŒòaíj,4,50,1,16,8,0.1816,0,0,1,0,0,0,0,0,0,0,0.19336666666666666
3251,ïΩêŒòaíj,5,48,2,13,7,0.19229166666666667,0,1,1,0,0,0,0,0,0,0,0.19336666666666666
3251,ïΩêŒòaíj,6,38,2,1,16,0.22236842105263155,0,0,0,2,0,0,0,0,0,0,0.19336666666666666
3254,ñˆ‡VêÁèt,1,11,0,1,1,0.1690909090909091,0,0,0,0,0,0,3,5,1,0,0.2019672131147541
3254,ñˆ‡VêÁèt,2,11,0,2,0,0.21727272727272728,0,0,0,0,0,0,0,0,0,6,0.2019672131147541
3254,ñˆ‡VêÁèt,3,12,0,0,1,0.20666666666666667,0,0,0,0,0,0,0,0,0,0,0.2019672131147541
3254,ñˆ‡VêÁèt,4,8,0,2,0,0.185,0,0,0,0,0,0,0,0,0,0,0.2019672131147541
3254,ñˆ‡VêÁèt,5,11,1,0,0,0.2127272727272727,0,0,1,0,0,0,0,0,0,0,0.2019672131147541
3254,ñˆ‡VêÁèt,6,8,0,0,0,0.22125,0,0,0,0,0,0,0,0,0,0,0.2019672131147541
3256,éOäpìNíj,1,56,29,15,7,0.1335714285714286,25,0,0,0,4,0,12,7,7,0,0.14868217054263566
3256,éOäpìNíj,2,42,8,13,8,0.1488095238095238,0,5,2,0,0,1,0,0,0,24,0.14868217054263566
3256,éOäpìNíj,3,42,11,13,4,0.13857142857142857,0,3,6,2,0,0,0,0,0,0,0.14868217054263566
3256,éOäpìNíj,4,40,6,12,8,0.146,0,0,2,3,1,0,0,0,0,0,0.14868217054263566
3256,éOäpìNíj,5,42,4,5,12,0.15642857142857144,0,0,2,1,1,0,0,0,0,0,0.14868217054263566
3256,éOäpìNíj,6,36,1,2,9,0.17777777777777778,0,0,0,1,0,0,0,0,0,0,0.14868217054263566
3257,ìcì™é¿,1,52,42,6,1,0.10442307692307692,40,0,0,0,2,0,2,3,5,0,0.12772486772486774
3257,ìcì™é¿,2,29,9,9,2,0.14586206896551726,1,3,5,0,0,0,0,0,0,11,0.12772486772486774
3257,ìcì™é¿,3,39,8,6,5,0.13743589743589743,0,1,6,1,0,0,0,0,0,0,0.12772486772486774
3257,ìcì™é¿,4,26,7,6,3,0.1280769230769231,0,2,4,0,1,0,0,0,0,0,0.12772486772486774
3257,ìcì™é¿,5,21,4,3,3,0.13285714285714287,0,1,3,0,0,0,0,0,0,0,0.12772486772486774
3257,ìcì™é¿,6,22,6,4,2,0.13636363636363635,1,2,3,0,0,0,0,0,0,0,0.12772486772486774
3261,ëÂêÏñŒé¿,1,11,3,2,1,0.19272727272727275,3,0,0,0,0,0,4,2,2,0,0.2034848484848485
3261,ëÂêÏñŒé¿,2,8,0,1,0,0.23125,0,0,0,0,0,0,0,0,0,6,0.2034848484848485
3261,ëÂêÏñŒé¿,3,10,0,0,2,0.194,0,0,0,0,0,0,0,0,0,0,0.2034848484848485
3261,ëÂêÏñŒé¿,4,15,0,0,2,0.188,0,0,0,0,0,0,0,0,0,0,0.2034848484848485
3261,ëÂêÏñŒé¿,5,10,0,1,3,0.187,0,0,0,0,0,0,0,0,0,0,0.2034848484848485
3261,ëÂêÏñŒé¿,6,12,0,0,0,0.23583333333333334,0,0,0,0,0,0,0,0,0,0,0.2034848484848485
3265,ç°ë∫í®çF,1,53,32,9,3,0.15509433962264152,30,0,0,0,2,0,8,7,5,0,0.14889400921658988
3265,ç°ë∫í®çF,2,36,6,12,2,0.1622222222222222,3,2,1,0,0,0,0,0,0,18,0.14889400921658988
3265,ç°ë∫í®çF,3,30,7,5,7,0.13766666666666666,2,2,0,0,2,1,0,0,0,0,0.14889400921658988
3265,ç°ë∫í®çF,4,30,5,10,7,0.153,0,4,1,0,0,0,0,0,0,0,0.14889400921658988
3265,ç°ë∫í®çF,5,34,7,10,6,0.14911764705882355,2,3,1,0,1,0,0,0,0,0,0.14889400921658988
3265,ç°ë∫í®çF,6,34,9,6,3,0.13117647058823528,3,5,0,0,1,0,0,0,0,0,0.14889400921658988
3268,êXó≥ñÁ,1,41,21,9,5,0.15097560975609758,20,0,0,0,1,0,5,6,6,0,0.16920833333333332
3268,êXó≥ñÁ,2,45,6,15,7,0.1786666666666667,0,2,3,0,1,0,0,0,0,24,0.16920833333333332
3268,êXó≥ñÁ,3,43,6,5,14,0.17651162790697675,0,0,4,2,0,0,0,0,0,0,0.16920833333333332
3268,êXó≥ñÁ,4,41,2,5,2,0.18317073170731707,0,0,0,1,1,0,0,0,0,0,0.16920833333333332
3268,êXó≥ñÁ,5,36,2,5,7,0.17305555555555557,0,0,0,1,1,0,0,0,0,0,0.16920833333333332
3268,êXó≥ñÁ,6,34,3,3,7,0.14852941176470588,1,0,1,0,1,0,0,0,0,0,0.16920833333333332
3273,êŒìcçã,1,32,12,9,3,0.166875,12,0,0,0,0,0,6,6,7,0,0.16808219178082193
3273,êŒìcçã,2,38,2,7,8,0.1655263157894737,0,1,1,0,0,0,0,0,0,29,0.16808219178082193
3273,êŒìcçã,3,36,2,8,9,0.1602777777777778,0,0,0,2,0,0,0,0,0,0,0.16808219178082193
3273,êŒìcçã,4,42,2,4,6,0.1919047619047619,0,0,0,2,0,0,0,0,0,0,0.16808219178082193
3273,êŒìcçã,5,37,0,6,6,0.15486486486486487,0,0,0,0,0,0,0,0,0,0,0.16808219178082193
3273,êŒìcçã,6,34,2,1,7,0.1652941176470588,0,0,1,0,1,0,0,0,0,0,0.16808219178082193
3277,‚Vì°óE,1,34,12,7,5,0.18323529411764708,11,0,0,0,1,0,8,5,6,0,0.17845410628019323
3277,‚Vì°óE,2,32,0,10,5,0.179375,0,0,0,0,0,0,0,0,0,18,0.17845410628019323
3277,‚Vì°óE,3,39,3,5,6,0.16384615384615386,0,0,2,1,0,0,0,0,0,0,0.17845410628019323
3277,‚Vì°óE,4,36,1,1,9,0.18611111111111112,0,0,1,0,0,0,0,0,0,0,0.17845410628019323
3277,‚Vì°óE,5,34,1,3,7,0.16617647058823531,0,0,1,0,0,0,0,0,0,0,0.17845410628019323
3277,‚Vì°óE,6,32,0,0,4,0.1946875,0,0,0,0,0,0,0,0,0,0,0.17845410628019323
3280,ä_ì‡ê¥î¸,1,17,3,6,0,0.21058823529411766,3,0,0,0,0,0,8,2,1,0,0.21294117647058824
3280,ä_ì‡ê¥î¸,2,19,1,5,3,0.1968421052631579,0,1,0,0,0,0,0,0,0,12,0.21294117647058824
3280,ä_ì‡ê¥î¸,3,20,1,2,2,0.229,0,0,1,0,0,0,0,0,0,0,0.21294117647058824
3280,ä_ì‡ê¥î¸,4,23,0,2,4,0.20304347826086958,0,0,0,0,0,0,0,0,0,0,0.21294117647058824
3280,ä_ì‡ê¥î¸,5,22,0,3,6,0.19136363636363637,0,0,0,0,0,0,0,0,0,0,0.21294117647058824
3280,ä_ì‡ê¥î¸,6,18,0,0,2,0.2533333333333333,0,0,0,0,0,0,0,0,0,0,0.21294117647058824
3282,írñ{ãPñæ,1,42,25,11,4,0.15785714285714286,25,0,0,0,0,0,8,5,3,0,0.18992537313432836
3282,írñ{ãPñæ,2,49,2,17,12,0.19285714285714284,0,2,0,0,0,0,0,0,0,29,0.18992537313432836
3282,írñ{ãPñæ,3,46,6,17,6,0.1823913043478261,0,0,2,4,0,0,0,0,0,0,0.18992537313432836
3282,írñ{ãPñæ,4,44,4,4,10,0.1802272727272727,0,1,1,0,1,1,0,0,0,0,0.18992537313432836
3282,írñ{ãPñæ,5,49,1,5,6,0.2136734693877551,0,0,0,1,0,0,0,0,0,0,0.18992537313432836
3282,írñ{ãPñæ,6,38,0,3,4,0.2113157894736842,0,0,0,0,0,0,0,0,0,0,0.18992537313432836
3283,åEìcçDçO,1,25,8,3,3,0.18600000000000003,8,0,0,0,0,0,8,7,2,0,0.1780597014925373
3283,åEìcçDçO,2,40,1,10,8,0.17725,0,1,0,0,0,0,0,0,0,25,0.1780597014925373
3283,åEìcçDçO,3,37,3,8,3,0.19243243243243244,0,0,2,1,0,0,0,0,0,0,0.1780597014925373
3283,åEìcçDçO,4,37,4,3,5,0.17351351351351352,0,1,2,1,0,0,0,0,0,0,0.1780597014925373
3283,åEìcçDçO,5,34,2,1,3,0.15411764705882353,0,0,2,0,0,0,0,0,0,0,0.1780597014925373
3283,åEìcçDçO,6,28,0,0,2,0.1882142857142857,0,0,0,0,0,0,0,0,0,0,0.1780597014925373
3284,ìnÁ≤êLëæòY,1,61,44,8,3,0.15163934426229508,43,0,0,0,1,0,5,8,2,0,0.17432432432432432
3284,ìnÁ≤êLëæòY,2,42,5,10,8,0.16238095238095238,1,2,1,0,1,0,0,0,0,25,0.17432432432432432
3284,ìnÁ≤êLëæòY,3,39,10,7,9,0.17358974358974358,0,2,3,4,1,0,0,0,0,0,0.17432432432432432
3284,ìnÁ≤êLëæòY,4,40,2,4,9,0.1805,0,0,1,1,0,0,0,0,0,0,0.17432432432432432
3284,ìnÁ≤êLëæòY,5,42,2,12,10,0.19,0,0,1,1,0,0,0,0,0,0,0.17432432432432432
3284,ìnÁ≤êLëæòY,6,35,2,3,12,0.20314285714285715,0,0,1,0,0,1,0,0,0,0,0.17432432432432432
3286,ç‚ìåñû,1,27,12,5,2,0.13703703703703704,11,0,0,0,1,0,5,5,5,0,0.16048484848484848
3286,ç‚ìåñû,2,28,2,8,5,0.16035714285714286,0,1,1,0,0,0,0,0,0,15,0.16048484848484848
3286,ç‚ìåñû,3,29,2,5,6,0.1517241379310345,0,1,0,1,0,0,0,0,0,0,0.16048484848484848
3286,ç‚ìåñû,4,27,1,5,3,0.14703703703703705,0,0,1,0,0,0,0,0,0,0,0.16048484848484848
3286,ç‚ìåñû,5,26,0,0,5,0.18,0,0,0,0,0,0,0,0,0,0,0.16048484848484848
3286,ç‚ìåñû,6,28,0,0,2,0.18714285714285714,0,0,0,0,0,0,0,0,0,0,0.16048484848484848
3289,çÇã¥è~î¸,1,32,11,8,3,0.2065625,11,0,0,0,0,0,9,7,3,0,0.19431372549019607
3289,çÇã¥è~î¸,2,38,3,12,7,0.1718421052631579,0,1,2,0,0,0,0,0,0,25,0.19431372549019607
3289,çÇã¥è~î¸,3,33,2,11,9,0.18242424242424243,0,1,1,0,0,0,0,0,0,0,0.19431372549019607
3289,çÇã¥è~î¸,4,35,5,6,7,0.17714285714285716,0,3,2,0,0,0,0,0,0,0,0.19431372549019607
3289,çÇã¥è~î¸,5,34,3,3,8,0.20676470588235296,0,1,2,0,0,0,0,0,0,0,0.19431372549019607
3289,çÇã¥è~î¸,6,32,0,1,4,0.2265625,0,0,0,0,0,0,0,0,0,0,0.19431372549019607
3290,ëqíJòaêM,1,30,21,2,3,0.17433333333333334,21,0,0,0,0,0,2,2,5,0,0.18289655172413793
3290,ëqíJòaêM,2,29,2,14,4,0.15896551724137933,0,2,0,0,0,0,0,0,0,19,0.18289655172413793
3290,ëqíJòaêM,3,21,2,8,3,0.19523809523809527,0,1,0,0,1,0,0,0,0,0,0.18289655172413793
3290,ëqíJòaêM,4,17,1,3,4,0.1888235294117647,0,1,0,0,0,0,0,0,0,0,0.18289655172413793
3290,ëqíJòaêM,5,21,1,3,3,0.18285714285714288,0,1,0,0,0,0,0,0,0,0,0.18289655172413793
3290,ëqíJòaêM,6,27,2,2,5,0.2048148148148148,0,0,1,0,1,0,0,0,0,0,0.18289655172413793
3293,ã{ì‡óRãIâp,1,36,6,8,4,0.18555555555555556,5,0,0,0,1,0,11,11,5,0,0.1969668246445498
3293,ã{ì‡óRãIâp,2,38,1,7,8,0.20894736842105263,0,0,0,0,1,0,0,0,0,21,0.1969668246445498
3293,ã{ì‡óRãIâp,3,36,3,3,5,0.19555555555555557,0,1,2,0,0,0,0,0,0,0,0.1969668246445498
3293,ã{ì‡óRãIâp,4,33,1,3,6,0.17575757575757575,0,1,0,0,0,0,0,0,0,0,0.1969668246445498
3293,ã{ì‡óRãIâp,5,37,1,0,9,0.2127027027027027,0,0,0,1,0,0,0,0,0,0,0.1969668246445498
3293,ã{ì‡óRãIâp,6,31,0,0,5,0.2009677419354839,0,0,0,0,0,0,0,0,0,0,0.1969668246445498
3294,ñÏíÜã`ê∂,1,39,17,12,2,0.12769230769230772,16,0,0,0,1,0,6,4,8,0,0.13531400966183577
3294,ñÏíÜã`ê∂,2,29,4,5,9,0.1568965517241379,0,1,2,0,1,0,0,0,0,13,0.13531400966183577
3294,ñÏíÜã`ê∂,3,40,3,4,6,0.15725,0,0,1,1,1,0,0,0,0,0,0.13531400966183577
3294,ñÏíÜã`ê∂,4,35,2,7,6,0.11057142857142857,0,0,1,0,1,0,0,0,0,0,0.13531400966183577
3294,ñÏíÜã`ê∂,5,34,2,5,4,0.1302941176470588,0,0,0,2,0,0,0,0,0,0,0.13531400966183577
3294,ñÏíÜã`ê∂,6,30,1,1,5,0.12966666666666668,0,1,0,0,0,0,0,0,0,0,0.13531400966183577
3295,‡_ë∫ñFçG,1,33,16,9,5,0.15333333333333332,12,0,0,0,3,1,7,3,7,0,0.1651912568306011
3295,‡_ë∫ñFçG,2,27,3,7,5,0.16518518518518518,0,2,1,0,0,0,0,0,0,14,0.1651912568306011
3295,‡_ë∫ñFçG,3,36,3,9,7,0.175,0,2,0,1,0,0,0,0,0,0,0.1651912568306011
3295,‡_ë∫ñFçG,4,28,1,6,4,0.15142857142857144,0,0,0,1,0,0,0,0,0,0,0.1651912568306011
3295,‡_ë∫ñFçG,5,34,1,4,11,0.16294117647058823,0,0,0,1,0,0,0,0,0,0,0.1651912568306011
3295,‡_ë∫ñFçG,6,25,0,2,3,0.1852,0,0,0,0,0,0,0,0,0,0,0.1651912568306011
3297,ì°ä€åıàÍ,1,64,36,10,9,0.15546875,33,0,0,0,3,0,10,10,6,0,0.18081699346405228
3297,ì°ä€åıàÍ,2,53,4,11,15,0.19,0,3,1,0,0,0,0,0,0,35,0.18081699346405228
3297,ì°ä€åıàÍ,3,57,5,18,17,0.1801754385964912,0,1,0,4,0,0,0,0,0,0,0.18081699346405228
3297,ì°ä€åıàÍ,4,49,6,7,6,0.18918367346938775,0,2,3,0,1,0,0,0,0,0,0.18081699346405228
3297,ì°ä€åıàÍ,5,42,4,10,7,0.19666666666666666,0,0,1,2,1,0,0,0,0,0,0.18081699346405228
3297,ì°ä€åıàÍ,6,41,4,8,6,0.18317073170731707,0,1,1,1,1,0,0,0,0,0,0.18081699346405228
3300,êÏçËíqçK,1,55,36,12,1,0.14436363636363636,35,0,0,0,1,0,8,5,4,0,0.16042801556420233
3300,êÏçËíqçK,2,42,9,7,10,0.14785714285714285,0,7,1,0,0,1,0,0,0,22,0.16042801556420233
3300,êÏçËíqçK,3,40,4,15,6,0.16675,0,0,1,1,2,0,0,0,0,0,0.16042801556420233
3300,êÏçËíqçK,4,38,5,11,7,0.13526315789473684,0,3,1,0,1,0,0,0,0,0,0.16042801556420233
3300,êÏçËíqçK,5,39,3,5,10,0.18512820512820513,0,0,0,2,1,0,0,0,0,0,0.16042801556420233
3300,êÏçËíqçK,6,43,1,7,7,0.18720930232558142,0,0,0,0,1,0,0,0,0,0,0.16042801556420233
3302,íJêÏó¢ç],1,53,37,7,1,0.14943396226415095,36,1,0,0,0,0,2,6,6,0,0.163796992481203
3302,íJêÏó¢ç],2,54,11,15,10,0.16185185185185186,0,3,7,0,1,0,0,0,0,25,0.163796992481203
3302,íJêÏó¢ç],3,44,5,11,9,0.16772727272727272,1,1,2,1,0,0,0,0,0,0,0.163796992481203
3302,íJêÏó¢ç],4,39,10,7,6,0.1692307692307692,0,0,8,2,0,0,0,0,0,0,0.163796992481203
3302,íJêÏó¢ç],5,37,5,5,6,0.17432432432432432,0,0,3,2,0,0,0,0,0,0,0.163796992481203
3302,íJêÏó¢ç],6,39,4,3,5,0.16615384615384615,0,0,3,1,0,0,0,0,0,0,0.163796992481203
3303,ìnï”ñL,1,54,28,13,7,0.18611111111111112,25,0,0,0,3,0,7,7,8,0,0.1844244604316547
3303,ìnï”ñL,2,45,6,12,8,0.1728888888888889,0,5,1,0,0,0,0,0,0,23,0.1844244604316547
3303,ìnï”ñL,3,51,7,10,9,0.18254901960784314,0,2,2,3,0,0,0,0,0,0,0.1844244604316547
3303,ìnï”ñL,4,44,2,4,19,0.1765909090909091,0,1,1,0,0,0,0,0,0,0,0.1844244604316547
3303,ìnï”ñL,5,36,2,4,12,0.19972222222222225,0,0,0,1,1,0,0,0,0,0,0.1844244604316547
3303,ìnï”ñL,6,48,1,4,11,0.19104166666666667,0,0,0,1,0,0,0,0,0,0,0.1844244604316547
3304,âGñÏå´ëæ,1,52,28,13,3,0.1719230769230769,28,0,0,0,0,0,8,8,8,0,0.17322709163346614
3304,âGñÏå´ëæ,2,42,9,13,7,0.1619047619047619,0,5,3,0,1,0,0,0,0,17,0.17322709163346614
3304,âGñÏå´ëæ,3,42,4,10,7,0.17357142857142857,0,0,2,2,0,0,0,0,0,0,0.17322709163346614
3304,âGñÏå´ëæ,4,37,5,7,5,0.1810810810810811,0,1,0,2,2,0,0,0,0,0,0.17322709163346614
3304,âGñÏå´ëæ,5,41,0,5,5,0.16878048780487806,0,0,0,0,0,0,0,0,0,0,0.17322709163346614
3304,âGñÏå´ëæ,6,37,0,6,8,0.1845945945945946,0,0,0,0,0,0,0,0,0,0,0.17322709163346614
3305,è¨ñÏêMé˜,1,25,10,5,5,0.1752,10,0,0,0,0,0,4,4,6,0,0.16917098445595855
3305,è¨ñÏêMé˜,2,39,3,3,7,0.17871794871794872,0,3,0,0,0,0,0,0,0,23,0.16917098445595855
3305,è¨ñÏêMé˜,3,34,1,5,7,0.19294117647058823,0,0,0,1,0,0,0,0,0,0,0.16917098445595855
3305,è¨ñÏêMé˜,4,36,4,5,1,0.15805555555555556,0,0,3,1,0,0,0,0,0,0,0.16917098445595855
3305,è¨ñÏêMé˜,5,32,0,4,5,0.148125,0,0,0,0,0,0,0,0,0,0,0.16917098445595855
3305,è¨ñÏêMé˜,6,27,0,2,3,0.15962962962962965,0,0,0,0,0,0,0,0,0,0,0.16917098445595855
3306,ïêìcê≥ãI,1,29,5,6,3,0.15344827586206897,5,0,0,0,0,0,6,11,6,0,0.15767441860465117
3306,ïêìcê≥ãI,2,32,2,4,8,0.1609375,0,1,1,0,0,0,0,0,0,12,0.15767441860465117
3306,ïêìcê≥ãI,3,34,5,5,4,0.17558823529411763,0,1,1,2,1,0,0,0,0,0,0.15767441860465117
3306,ïêìcê≥ãI,4,26,0,4,3,0.15692307692307692,0,0,0,0,0,0,0,0,0,0,0.15767441860465117
3306,ïêìcê≥ãI,5,26,2,4,3,0.13538461538461538,0,0,2,0,0,0,0,0,0,0,0.15767441860465117
3306,ïêìcê≥ãI,6,25,0,1,3,0.158,0,0,0,0,0,0,0,0,0,0,0.15767441860465117
3307,è„ëÎòaë•,1,45,28,9,4,0.16111111111111112,27,0,0,0,1,0,4,2,8,0,0.1649321266968326
3307,è„ëÎòaë•,2,46,6,18,5,0.16369565217391305,0,4,2,0,0,0,0,0,0,23,0.1649321266968326
3307,è„ëÎòaë•,3,40,4,13,6,0.145,0,0,3,0,0,1,0,0,0,0,0.1649321266968326
3307,è„ëÎòaë•,4,33,5,4,5,0.1812121212121212,0,0,3,2,0,0,0,0,0,0,0.1649321266968326
3307,è„ëÎòaë•,5,25,5,2,6,0.17,0,1,3,1,0,0,0,0,0,0,0.1649321266968326
3307,è„ëÎòaë•,6,32,5,8,4,0.17625,0,1,3,1,0,0,0,0,0,0,0.1649321266968326
3310,ã‡‡VàÍóm,1,29,2,4,7,0.20172413793103447,2,0,0,0,0,0,6,10,8,0,0.20783068783068784
3310,ã‡‡VàÍóm,2,39,0,4,14,0.19205128205128205,0,0,0,0,0,0,0,0,0,23,0.20783068783068784
3310,ã‡‡VàÍóm,3,34,0,1,8,0.22941176470588234,0,0,0,0,0,0,0,0,0,0,0.20783068783068784
3310,ã‡‡VàÍóm,4,33,0,1,4,0.19999999999999998,0,0,0,0,0,0,0,0,0,0,0.20783068783068784
3310,ã‡‡VàÍóm,5,32,0,1,3,0.2153125,0,0,0,0,0,0,0,0,0,0,0.20783068783068784
3310,ã‡‡VàÍóm,6,22,0,0,1,0.2113636363636364,0,0,0,0,0,0,0,0,0,0,0.20783068783068784
3313,ñ{ãgê≥é˜,1,27,5,7,5,0.18037037037037038,5,0,0,0,0,0,7,7,2,0,0.18286458333333333
3313,ñ{ãgê≥é˜,2,39,2,8,7,0.17692307692307693,0,2,0,0,0,0,0,0,0,26,0.18286458333333333
3313,ñ{ãgê≥é˜,3,36,1,6,8,0.18722222222222223,0,0,0,1,0,0,0,0,0,0,0.18286458333333333
3313,ñ{ãgê≥é˜,4,34,3,1,9,0.16794117647058823,0,2,1,0,0,0,0,0,0,0,0.18286458333333333
3313,ñ{ãgê≥é˜,5,32,0,2,3,0.1759375,0,0,0,0,0,0,0,0,0,0,0.18286458333333333
3313,ñ{ãgê≥é˜,6,24,0,1,5,0.21916666666666665,0,0,0,0,0,0,0,0,0,0,0.18286458333333333
3315,çLê£êπêm,1,38,19,6,5,0.1655263157894737,18,0,0,0,1,0,2,10,3,0,0.1780203045685279
3315,çLê£êπêm,2,29,0,3,9,0.16137931034482758,0,0,0,0,0,0,0,0,0,16,0.1780203045685279
3315,çLê£êπêm,3,37,7,8,10,0.16270270270270268,0,2,3,2,0,0,0,0,0,0,0.1780203045685279
3315,çLê£êπêm,4,30,4,4,5,0.19866666666666666,0,1,1,2,0,0,0,0,0,0,0.1780203045685279
3315,çLê£êπêm,5,29,3,3,7,0.19,0,1,0,1,1,0,0,0,0,0,0.1780203045685279
3315,çLê£êπêm,6,34,0,4,8,0.19441176470588237,0,0,0,0,0,0,0,0,0,0,0.1780203045685279
3319,éRçËã`ñæ,1,58,36,14,3,0.13672413793103447,36,0,0,0,0,0,10,5,7,0,0.14055374592833875
3319,éRçËã`ñæ,2,57,18,17,8,0.13912280701754384,1,11,5,0,1,0,0,0,0,28,0.14055374592833875
3319,éRçËã`ñæ,3,51,4,12,12,0.1458823529411765,0,1,2,1,0,0,0,0,0,0,0.14055374592833875
3319,éRçËã`ñæ,4,53,8,11,14,0.12584905660377357,0,0,4,4,0,0,0,0,0,0,0.14055374592833875
3319,éRçËã`ñæ,5,47,3,2,11,0.14702127659574468,0,0,0,3,0,0,0,0,0,0,0.14055374592833875
3319,éRçËã`ñæ,6,41,0,6,13,0.15292682926829268,0,0,0,0,0,0,0,0,0,0,0.14055374592833875
3327,ñÏí∑ê£ê≥çF,1,42,24,10,5,0.15523809523809526,23,0,0,0,1,0,4,6,4,0,0.18004255319148937
3327,ñÏí∑ê£ê≥çF,2,42,11,11,8,0.1895238095238095,0,11,0,0,0,0,0,0,0,21,0.18004255319148937
3327,ñÏí∑ê£ê≥çF,3,41,2,8,6,0.16048780487804878,0,2,0,0,0,0,0,0,0,0,0.18004255319148937
3327,ñÏí∑ê£ê≥çF,4,43,6,4,14,0.18302325581395348,2,2,2,0,0,0,0,0,0,0,0.18004255319148937
3327,ñÏí∑ê£ê≥çF,5,35,1,6,13,0.18914285714285714,0,1,0,0,0,0,0,0,0,0,0.18004255319148937
3327,ñÏí∑ê£ê≥çF,6,32,1,2,10,0.21125,0,0,1,0,0,0,0,0,0,0,0.18004255319148937
3331,êVî¸åbàÍ,1,49,25,9,7,0.13612244897959183,25,0,0,0,0,0,11,5,6,0,0.1480451127819549
3331,êVî¸åbàÍ,2,40,11,12,7,0.136,0,9,1,0,0,1,0,0,0,18,0.1480451127819549
3331,êVî¸åbàÍ,3,52,6,18,13,0.13384615384615384,0,0,1,4,1,0,0,0,0,0,0.1480451127819549
3331,êVî¸åbàÍ,4,47,9,9,12,0.16234042553191488,0,1,4,2,2,0,0,0,0,0,0.1480451127819549
3331,êVî¸åbàÍ,5,41,1,13,8,0.15146341463414634,0,0,0,1,0,0,0,0,0,0,0.1480451127819549
3331,êVî¸åbàÍ,6,37,4,3,5,0.17486486486486486,1,1,1,0,0,1,0,0,0,0,0.1480451127819549
3333,ä€îˆã`çF,1,62,39,12,6,0.13483870967741934,36,0,0,0,3,0,6,6,7,0,0.15610921501706485
3333,ä€îˆã`çF,2,47,6,18,8,0.14574468085106382,0,6,0,0,0,0,0,0,0,29,0.15610921501706485
3333,ä€îˆã`çF,3,48,6,12,9,0.1475,0,2,3,1,0,0,0,0,0,0,0.15610921501706485
3333,ä€îˆã`çF,4,48,4,10,14,0.164375,0,1,2,1,0,0,0,0,0,0,0.15610921501706485
3333,ä€îˆã`çF,5,43,4,6,14,0.18372093023255814,0,1,1,2,0,0,0,0,0,0,0.15610921501706485
3333,ä€îˆã`çF,6,45,1,5,14,0.17022222222222222,0,0,1,0,0,0,0,0,0,0,0.15610921501706485
3334,äpÇ–Ç∆Ç›,1,55,27,10,3,0.20636363636363636,26,0,0,0,0,1,9,9,5,0,0.1975757575757576
3334,äpÇ–Ç∆Ç›,2,52,6,13,7,0.19192307692307692,0,3,1,0,2,0,0,0,0,27,0.1975757575757576
3334,äpÇ–Ç∆Ç›,3,45,2,11,11,0.19644444444444445,0,0,1,1,0,0,0,0,0,0,0.1975757575757576
3334,äpÇ–Ç∆Ç›,4,39,1,13,7,0.2017948717948718,0,0,1,0,0,0,0,0,0,0,0.1975757575757576
3334,äpÇ–Ç∆Ç›,5,33,1,5,11,0.19181818181818183,0,0,1,0,0,0,0,0,0,0,0.1975757575757576
3334,äpÇ–Ç∆Ç›,6,40,1,4,9,0.19475,0,0,0,1,0,0,0,0,0,0,0.1975757575757576
3336,âìì°çWéi,1,4,1,1,1,0.2175,1,0,0,0,0,0,1,2,0,0,0.192
3336,âìì°çWéi,2,4,1,0,1,0.1675,0,0,1,0,0,0,0,0,0,2,0.192
3336,âìì°çWéi,3,1,0,0,0,0.1,0,0,0,0,0,0,0,0,0,0,0.192
3336,âìì°çWéi,4,4,0,0,1,0.14250000000000002,0,0,0,0,0,0,0,0,0,0,0.192
3336,âìì°çWéi,5,2,0,0,0,0.16499999999999998,0,0,0,0,0,0,0,0,0,0,0.192
3336,âìì°çWéi,6,5,0,0,0,0.26,0,0,0,0,0,0,0,0,0,0,0.192
3338,èoñ{ê≥îé,1,28,5,6,4,0.17285714285714285,4,0,0,0,1,0,5,11,3,0,0.17373626373626375
3338,èoñ{ê≥îé,2,34,4,4,5,0.18676470588235294,0,2,0,0,1,1,0,0,0,18,0.17373626373626375
3338,èoñ{ê≥îé,3,36,2,8,3,0.1761111111111111,0,0,0,1,1,0,0,0,0,0,0.17373626373626375
3338,èoñ{ê≥îé,4,29,0,2,4,0.17758620689655175,0,0,0,0,0,0,0,0,0,0,0.17373626373626375
3338,èoñ{ê≥îé,5,26,1,0,2,0.15961538461538463,0,1,0,0,0,0,0,0,0,0,0.17373626373626375
3338,èoñ{ê≥îé,6,29,1,5,2,0.16517241379310346,0,0,0,1,0,0,0,0,0,0,0.17373626373626375
3339,êÚãÔñ§,1,23,9,3,2,0.14869565217391303,9,0,0,0,0,0,2,7,1,0,0.17896103896103896
3339,êÚãÔñ§,2,30,4,4,3,0.182,0,3,1,0,0,0,0,0,0,17,0.17896103896103896
3339,êÚãÔñ§,3,28,4,3,6,0.18214285714285713,0,1,1,2,0,0,0,0,0,0,0.17896103896103896
3339,êÚãÔñ§,4,23,1,3,1,0.2165217391304348,0,1,0,0,0,0,0,0,0,0,0.17896103896103896
3339,êÚãÔñ§,5,24,2,2,3,0.15208333333333332,0,0,1,1,0,0,0,0,0,0,0.17896103896103896
3339,êÚãÔñ§,6,26,0,3,3,0.1903846153846154,0,0,0,0,0,0,0,0,0,0,0.17896103896103896
3340,írìcóãëæ,1,33,4,10,7,0.19151515151515153,3,0,0,0,1,0,10,9,5,0,0.1872820512820513
3340,írìcóãëæ,2,32,2,4,13,0.195,0,1,1,0,0,0,0,0,0,17,0.1872820512820513
3340,írìcóãëæ,3,35,5,5,9,0.17971428571428572,0,1,0,3,1,0,0,0,0,0,0.1872820512820513
3340,írìcóãëæ,4,30,0,5,3,0.16466666666666668,0,0,0,0,0,0,0,0,0,0,0.1872820512820513
3340,írìcóãëæ,5,36,2,3,2,0.18777777777777777,0,0,0,2,0,0,0,0,0,0,0.1872820512820513
3340,írìcóãëæ,6,29,0,2,3,0.20586206896551723,0,0,0,0,0,0,0,0,0,0,0.1872820512820513
3346,ã{ñ{óTîV,1,29,17,3,0,0.14413793103448275,17,0,0,0,0,0,6,3,3,0,0.1618041237113402
3346,ã{ñ{óTîV,2,37,1,9,6,0.17162162162162162,0,1,0,0,0,0,0,0,0,20,0.1618041237113402
3346,ã{ñ{óTîV,3,38,2,13,7,0.1423684210526316,0,0,1,1,0,0,0,0,0,0,0.1618041237113402
3346,ã{ñ{óTîV,4,27,3,1,3,0.18407407407407406,0,1,2,0,0,0,0,0,0,0,0.1618041237113402
3346,ã{ñ{óTîV,5,32,0,0,2,0.13875,0,0,0,0,0,0,0,0,0,0,0.1618041237113402
3346,ã{ñ{óTîV,6,31,0,4,5,0.19483870967741937,0,0,0,0,0,0,0,0,0,0,0.1618041237113402
3347,ñÓå„çÑ,1,43,23,4,6,0.16906976744186047,19,0,0,0,4,0,6,6,2,0,0.18098360655737705
3347,ñÓå„çÑ,2,39,6,11,8,0.1630769230769231,0,5,0,0,1,0,0,0,0,15,0.18098360655737705
3347,ñÓå„çÑ,3,46,2,12,12,0.18130434782608695,0,0,0,2,0,0,0,0,0,0,0.18098360655737705
3347,ñÓå„çÑ,4,40,4,2,7,0.178,0,0,2,1,1,0,0,0,0,0,0.18098360655737705
3347,ñÓå„çÑ,5,41,2,7,14,0.1873170731707317,0,1,0,1,0,0,0,0,0,0,0.18098360655737705
3347,ñÓå„çÑ,6,35,0,2,8,0.21114285714285713,0,0,0,0,0,0,0,0,0,0,0.18098360655737705
3349,ãgìcàÍòY,1,57,37,13,1,0.13789473684210526,35,0,0,0,2,0,5,6,8,0,0.1409442060085837
3349,ãgìcàÍòY,2,33,8,8,6,0.15212121212121213,1,4,3,0,0,0,0,0,0,20,0.1409442060085837
3349,ãgìcàÍòY,3,38,5,11,9,0.12289473684210526,0,2,2,1,0,0,0,0,0,0,0.1409442060085837
3349,ãgìcàÍòY,4,39,2,10,6,0.1241025641025641,0,0,1,0,1,0,0,0,0,0,0.1409442060085837
3349,ãgìcàÍòY,5,32,2,8,4,0.1640625,0,0,0,2,0,0,0,0,0,0,0.1409442060085837
3349,ãgìcàÍòY,6,34,4,4,9,0.15294117647058825,0,1,0,2,1,0,0,0,0,0,0.1409442060085837
3350,ì°ñ{â¿éj,1,51,33,10,3,0.13745098039215686,32,0,0,0,1,0,10,3,4,0,0.15275999999999998
3350,ì°ñ{â¿éj,2,40,5,11,9,0.14450000000000002,0,4,1,0,0,0,0,0,0,21,0.15275999999999998
3350,ì°ñ{â¿éj,3,43,8,9,12,0.14627906976744187,0,2,0,5,0,1,0,0,0,0,0.15275999999999998
3350,ì°ñ{â¿éj,4,38,2,8,10,0.13578947368421054,0,1,0,1,0,0,0,0,0,0,0.15275999999999998
3350,ì°ñ{â¿éj,5,35,0,7,9,0.14885714285714285,0,0,0,0,0,0,0,0,0,0,0.15275999999999998
3350,ì°ñ{â¿éj,6,43,0,3,10,0.20325581395348838,0,0,0,0,0,0,0,0,0,0,0.15275999999999998
3352,è¨êÏçWéi,2,1,0,0,0,0.21,0,0,0,0,0,0,0,0,0,0,0.1463594470046083
3352,è¨êÏçWéi,3,2,0,0,0,0.12,0,0,0,0,0,0,0,0,0,0,0.1463594470046083
3352,è¨êÏçWéi,4,14,0,3,4,0.14071428571428574,0,0,0,0,0,0,0,0,0,0,0.1463594470046083
3352,è¨êÏçWéi,5,69,0,12,17,0.1491304347826087,0,0,0,0,0,0,0,0,0,0,0.1463594470046083
3352,è¨êÏçWéi,6,131,2,16,28,0.14541984732824428,0,1,0,1,0,0,0,0,0,0,0.1463594470046083
3353,ëOìcåıè∫,1,18,2,4,5,0.17277777777777778,2,0,0,0,0,0,5,7,1,0,0.18134453781512608
3353,ëOìcåıè∫,2,23,1,5,4,0.18608695652173915,0,1,0,0,0,0,0,0,0,13,0.18134453781512608
3353,ëOìcåıè∫,3,23,0,6,4,0.15391304347826087,0,0,0,0,0,0,0,0,0,0,0.18134453781512608
3353,ëOìcåıè∫,4,20,2,3,3,0.183,0,2,0,0,0,0,0,0,0,0,0.18134453781512608
3353,ëOìcåıè∫,5,22,0,1,1,0.18999999999999997,0,0,0,0,0,0,0,0,0,0,0.18134453781512608
3353,ëOìcåıè∫,6,13,0,0,2,0.21615384615384617,0,0,0,0,0,0,0,0,0,0,0.18134453781512608
3355,ã¥íJìcâ¿êD,1,22,1,4,10,0.2127272727272727,1,0,0,0,0,0,3,15,1,0,0.24281690140845072
3355,ã¥íJìcâ¿êD,2,31,0,8,7,0.23225806451612904,0,0,0,0,0,0,0,0,0,20,0.24281690140845072
3355,ã¥íJìcâ¿êD,3,26,0,3,6,0.2296153846153846,0,0,0,0,0,0,0,0,0,0,0.24281690140845072
3355,ã¥íJìcâ¿êD,4,22,0,1,4,0.23545454545454544,0,0,0,0,0,0,0,0,0,0,0.24281690140845072
3355,ã¥íJìcâ¿êD,5,23,0,1,2,0.27304347826086955,0,0,0,0,0,0,0,0,0,0,0.24281690140845072
3355,ã¥íJìcâ¿êD,6,18,0,0,7,0.2872222222222222,0,0,0,0,0,0,0,0,0,0,0.24281690140845072
3357,ïüìáózéq,1,30,8,7,5,0.20833333333333334,8,0,0,0,0,0,3,11,7,0,0.20835616438356167
3357,ïüìáózéq,2,47,5,8,10,0.20936170212765956,0,4,0,0,1,0,0,0,0,26,0.20835616438356167
3357,ïüìáózéq,3,45,1,9,9,0.20199999999999999,0,0,1,0,0,0,0,0,0,0,0.20835616438356167
3357,ïüìáózéq,4,35,0,4,4,0.20542857142857143,0,0,0,0,0,0,0,0,0,0,0.20835616438356167
3357,ïüìáózéq,5,34,1,2,4,0.2026470588235294,0,0,0,0,1,0,0,0,0,0,0.20835616438356167
3357,ïüìáózéq,6,28,0,0,5,0.2275,0,0,0,0,0,0,0,0,0,0,0.20835616438356167
3361,â™ïîç_,1,39,15,6,11,0.1494871794871795,14,0,0,0,1,0,12,9,2,0,0.17183856502242154
3361,â™ïîç_,2,39,6,13,4,0.1782051282051282,0,5,1,0,0,0,0,0,0,19,0.17183856502242154
3361,â™ïîç_,3,34,0,4,5,0.16970588235294118,0,0,0,0,0,0,0,0,0,0,0.17183856502242154
3361,â™ïîç_,4,38,2,3,9,0.17973684210526317,0,1,1,0,0,0,0,0,0,0,0.17183856502242154
3361,â™ïîç_,5,31,2,6,3,0.16870967741935486,0,0,1,1,0,0,0,0,0,0,0.17183856502242154
3361,â™ïîç_,6,42,1,3,6,0.18357142857142858,0,0,0,1,0,0,0,0,0,0,0.17183856502242154
3362,ä‘ìàêméu,1,51,25,10,8,0.17921568627450982,25,0,0,0,0,0,8,10,8,0,0.185
3362,ä‘ìàêméu,2,46,2,13,7,0.1915217391304348,0,2,0,0,0,0,0,0,0,23,0.185
3362,ä‘ìàêméu,3,49,6,17,11,0.17673469387755103,0,1,5,0,0,0,0,0,0,0,0.185
3362,ä‘ìàêméu,4,53,6,10,16,0.19132075471698115,0,2,4,0,0,0,0,0,0,0,0.185
3362,ä‘ìàêméu,5,39,4,4,12,0.19128205128205128,0,2,2,0,0,0,0,0,0,0,0.185
3362,ä‘ìàêméu,6,36,4,13,3,0.18000000000000002,0,3,0,0,1,0,0,0,0,0,0.185
3370,íÿì‡é¿,1,22,4,5,4,0.18999999999999997,3,0,0,0,1,0,6,6,1,0,0.18394904458598726
3370,íÿì‡é¿,2,33,0,7,4,0.2084848484848485,0,0,0,0,0,0,0,0,0,22,0.18394904458598726
3370,íÿì‡é¿,3,29,1,3,2,0.19551724137931034,0,0,1,0,0,0,0,0,0,0,0.18394904458598726
3370,íÿì‡é¿,4,23,2,2,5,0.15739130434782608,0,0,1,1,0,0,0,0,0,0,0.18394904458598726
3370,íÿì‡é¿,5,28,0,1,4,0.1732142857142857,0,0,0,0,0,0,0,0,0,0,0.18394904458598726
3370,íÿì‡é¿,6,22,0,1,2,0.16727272727272727,0,0,0,0,0,0,0,0,0,0,0.18394904458598726
3372,â¡ì°âÎîV,1,20,5,8,1,0.20049999999999998,5,0,0,0,0,0,5,3,5,0,0.21539568345323742
3372,â¡ì°âÎîV,2,22,0,2,4,0.2381818181818182,0,0,0,0,0,0,0,0,0,11,0.21539568345323742
3372,â¡ì°âÎîV,3,28,1,1,2,0.21500000000000002,0,0,0,1,0,0,0,0,0,0,0.21539568345323742
3372,â¡ì°âÎîV,4,20,0,1,2,0.182,0,0,0,0,0,0,0,0,0,0,0.21539568345323742
3372,â¡ì°âÎîV,5,24,1,2,2,0.20166666666666666,0,0,0,1,0,0,0,0,0,0,0.21539568345323742
3372,â¡ì°âÎîV,6,25,0,1,3,0.24760000000000001,0,0,0,0,0,0,0,0,0,0,0.21539568345323742
3376,îãå¥ëPçs,1,1,1,0,0,0.22,1,0,0,0,0,0,0,0,0,0,0.26
3376,îãå¥ëPçs,2,2,0,0,0,0.27,0,0,0,0,0,0,0,0,0,0,0.26
3376,îãå¥ëPçs,3,1,0,0,0,0.27,0,0,0,0,0,0,0,0,0,0,0.26
3376,îãå¥ëPçs,4,1,0,0,0,0.23,0,0,0,0,0,0,0,0,0,0,0.26
3376,îãå¥ëPçs,6,1,0,0,0,0.3,0,0,0,0,0,0,0,0,0,0,0.26
3377,íÀìcèCìÒ,1,22,3,6,1,0.24545454545454548,3,0,0,0,0,0,8,6,3,0,0.19082802547770703
3377,íÀìcèCìÒ,2,27,1,5,7,0.2125925925925926,0,1,0,0,0,0,0,0,0,11,0.19082802547770703
3377,íÀìcèCìÒ,3,27,0,4,4,0.16999999999999998,0,0,0,0,0,0,0,0,0,0,0.19082802547770703
3377,íÀìcèCìÒ,4,27,0,5,8,0.1885185185185185,0,0,0,0,0,0,0,0,0,0,0.19082802547770703
3377,íÀìcèCìÒ,5,28,1,2,8,0.1767857142857143,0,1,0,0,0,0,0,0,0,0,0.19082802547770703
3377,íÀìcèCìÒ,6,26,0,1,1,0.16115384615384618,0,0,0,0,0,0,0,0,0,0,0.19082802547770703
3381,ëÍëÚñFçs,1,33,10,8,5,0.14363636363636365,10,0,0,0,0,0,7,5,5,0,0.144869109947644
3381,ëÍëÚñFçs,2,35,5,7,10,0.13542857142857143,0,1,3,0,1,0,0,0,0,19,0.144869109947644
3381,ëÍëÚñFçs,3,32,2,5,5,0.1478125,0,0,1,1,0,0,0,0,0,0,0.144869109947644
3381,ëÍëÚñFçs,4,33,5,4,6,0.1484848484848485,0,0,5,0,0,0,0,0,0,0,0.144869109947644
3381,ëÍëÚñFçs,5,28,2,2,3,0.13178571428571428,0,0,1,1,0,0,0,0,0,0,0.144869109947644
3381,ëÍëÚñFçs,6,30,3,1,4,0.16233333333333333,0,0,2,1,0,0,0,0,0,0,0.144869109947644
3382,ä‚íJê^,1,24,4,3,4,0.17875,4,0,0,0,0,0,4,9,5,0,0.18623076923076923
3382,ä‚íJê^,2,22,1,0,1,0.19636363636363638,0,1,0,0,0,0,0,0,0,9,0.18623076923076923
3382,ä‚íJê^,3,22,1,4,2,0.18363636363636363,0,1,0,0,0,0,0,0,0,0,0.18623076923076923
3382,ä‚íJê^,4,22,1,3,4,0.17181818181818184,0,0,1,0,0,0,0,0,0,0,0.18623076923076923
3382,ä‚íJê^,5,20,0,4,1,0.173,0,0,0,0,0,0,0,0,0,0,0.18623076923076923
3382,ä‚íJê^,6,20,0,1,3,0.21600000000000003,0,0,0,0,0,0,0,0,0,0,0.18623076923076923
3385,ìnÁ≥ñrçL,1,27,10,8,4,0.1685185185185185,8,0,1,0,1,0,2,6,8,0,0.17595092024539877
3385,ìnÁ≥ñrçL,2,30,6,8,5,0.18366666666666667,0,6,0,0,0,0,0,0,0,10,0.17595092024539877
3385,ìnÁ≥ñrçL,3,27,1,10,5,0.1711111111111111,0,0,0,1,0,0,0,0,0,0,0.17595092024539877
3385,ìnÁ≥ñrçL,4,33,7,6,5,0.16515151515151516,0,2,4,1,0,0,0,0,0,0,0.17595092024539877
3385,ìnÁ≥ñrçL,5,24,3,2,6,0.1691666666666667,0,0,2,1,0,0,0,0,0,0,0.17595092024539877
3385,ìnÁ≥ñrçL,6,22,2,3,4,0.2040909090909091,0,0,0,1,1,0,0,0,0,0,0.17595092024539877
3388,ç°ä_åıëæòY,1,54,33,9,6,0.15574074074074074,32,0,0,0,1,0,6,3,8,0,0.16493775933609958
3388,ç°ä_åıëæòY,2,40,8,14,9,0.1705,0,6,0,1,1,0,0,0,0,26,0.16493775933609958
3388,ç°ä_åıëæòY,3,40,12,9,7,0.163,1,1,4,4,1,1,0,0,0,0,0.16493775933609958
3388,ç°ä_åıëæòY,4,37,7,8,8,0.15756756756756757,0,1,4,0,2,0,0,0,0,0,0.16493775933609958
3388,ç°ä_åıëæòY,5,34,4,4,12,0.17176470588235293,0,1,0,3,0,0,0,0,0,0,0.16493775933609958
3388,ç°ä_åıëæòY,6,36,6,5,9,0.17583333333333334,0,0,3,1,2,0,0,0,0,0,0.16493775933609958
3392,è¨êXêMóY,1,32,8,4,8,0.21875,7,0,0,0,1,0,8,12,3,0,0.196875
3392,è¨êXêMóY,2,33,3,6,8,0.17333333333333334,0,3,0,0,0,0,0,0,0,18,0.196875
3392,è¨êXêMóY,3,30,2,3,7,0.2076666666666667,0,0,0,2,0,0,0,0,0,0,0.196875
3392,è¨êXêMóY,4,33,0,8,7,0.1893939393939394,0,0,0,0,0,0,0,0,0,0,0.196875
3392,è¨êXêMóY,5,34,1,1,7,0.18794117647058822,0,1,0,0,0,0,0,0,0,0,0.196875
3392,è¨êXêMóY,6,30,0,1,3,0.207,0,0,0,0,0,0,0,0,0,0,0.196875
3401,è„ìcó≤èÕ,1,40,20,10,4,0.15175,20,0,0,0,0,0,5,7,5,0,0.1853358208955224
3401,è„ìcó≤èÕ,2,45,9,11,12,0.162,0,5,3,0,1,0,0,0,0,26,0.1853358208955224
3401,è„ìcó≤èÕ,3,46,6,8,13,0.18760869565217392,0,1,3,2,0,0,0,0,0,0,0.1853358208955224
3401,è„ìcó≤èÕ,4,52,3,13,11,0.20346153846153847,0,0,1,2,0,0,0,0,0,0,0.1853358208955224
3401,è„ìcó≤èÕ,5,40,1,6,7,0.188,0,0,0,1,0,0,0,0,0,0,0.1853358208955224
3401,è„ìcó≤èÕ,6,45,2,6,7,0.21288888888888888,0,0,0,2,0,0,0,0,0,0,0.1853358208955224
3406,íÜó¢âpïv,1,45,23,11,6,0.1577777777777778,23,0,0,0,0,0,6,8,7,0,0.1695582329317269
3406,íÜó¢âpïv,2,45,6,11,11,0.1728888888888889,0,4,0,0,2,0,0,0,0,22,0.1695582329317269
3406,íÜó¢âpïv,3,37,4,10,7,0.15270270270270273,0,0,2,1,0,1,0,0,0,0,0.1695582329317269
3406,íÜó¢âpïv,4,43,3,7,11,0.16837209302325581,0,0,2,0,1,0,0,0,0,0,0.1695582329317269
3406,íÜó¢âpïv,5,42,1,5,10,0.17904761904761907,0,0,0,1,0,0,0,0,0,0,0.1695582329317269
3406,íÜó¢âpïv,6,37,0,2,8,0.1872972972972973,0,0,0,0,0,0,0,0,0,0,0.1695582329317269
3409,éOçDàÍ,1,11,4,1,0,0.1709090909090909,3,0,0,0,1,0,1,4,2,0,0.145
3409,éOçDàÍ,2,9,1,1,1,0.15777777777777777,0,1,0,0,0,0,0,0,0,2,0.145
3409,éOçDàÍ,3,11,1,3,0,0.12090909090909091,0,0,0,1,0,0,0,0,0,0,0.145
3409,éOçDàÍ,4,11,2,4,3,0.12090909090909091,0,0,1,1,0,0,0,0,0,0,0.145
3409,éOçDàÍ,5,10,0,1,2,0.148,0,0,0,0,0,0,0,0,0,0,0.145
3409,éOçDàÍ,6,10,0,0,1,0.155,0,0,0,0,0,0,0,0,0,0,0.145
3411,írè„ó≤çs,1,27,9,7,3,0.16777777777777778,9,0,0,0,0,0,11,2,4,0,0.17402061855670103
3411,írè„ó≤çs,2,34,3,5,3,0.18588235294117647,0,0,2,0,1,0,0,0,0,18,0.17402061855670103
3411,írè„ó≤çs,3,35,0,1,12,0.18514285714285716,0,0,0,0,0,0,0,0,0,0,0.17402061855670103
3411,írè„ó≤çs,4,37,1,1,5,0.14108108108108108,0,0,1,0,0,0,0,0,0,0,0.17402061855670103
3411,írè„ó≤çs,5,29,0,1,4,0.19137931034482758,0,0,0,0,0,0,0,0,0,0,0.17402061855670103
3411,írè„ó≤çs,6,32,1,0,5,0.176875,0,0,1,0,0,0,0,0,0,0,0.17402061855670103
3412,óÈñÿîé,1,49,34,5,4,0.1489795918367347,31,0,0,0,3,0,4,8,1,0,0.1679553903345725
3412,óÈñÿîé,2,45,9,11,11,0.182,0,5,2,1,1,0,0,0,0,22,0.1679553903345725
3412,óÈñÿîé,3,45,2,18,12,0.18044444444444446,0,0,0,2,0,0,0,0,0,0,0.1679553903345725
3412,óÈñÿîé,4,52,15,11,11,0.1698076923076923,0,1,3,7,4,0,0,0,0,0,0.1679553903345725
3412,óÈñÿîé,5,40,7,5,15,0.1615,0,1,0,5,1,0,0,0,0,0,0.1679553903345725
3412,óÈñÿîé,6,38,4,6,7,0.16526315789473686,0,1,0,2,1,0,0,0,0,0,0.1679553903345725
3414,â¡ê£íqçG,1,53,31,15,6,0.11056603773584907,30,0,0,0,1,0,4,3,12,0,0.14284132841328415
3414,â¡ê£íqçG,2,41,4,13,10,0.14707317073170734,0,4,0,0,0,0,0,0,0,23,0.14284132841328415
3414,â¡ê£íqçG,3,45,6,9,14,0.13999999999999999,0,3,1,2,0,0,0,0,0,0,0.14284132841328415
3414,â¡ê£íqçG,4,43,1,10,12,0.1430232558139535,0,1,0,0,0,0,0,0,0,0,0.14284132841328415
3414,â¡ê£íqçG,5,47,4,3,12,0.15212765957446808,0,1,0,3,0,0,0,0,0,0,0.14284132841328415
3414,â¡ê£íqçG,6,42,1,6,9,0.17190476190476192,0,0,1,0,0,0,0,0,0,0,0.14284132841328415
3415,èºà‰î…,1,45,32,10,2,0.16599999999999998,31,0,0,0,1,0,3,2,8,0,0.17850746268656717
3415,èºà‰î…,2,39,7,11,8,0.16564102564102565,0,3,2,0,2,0,0,0,0,25,0.17850746268656717
3415,èºà‰î…,3,31,5,12,9,0.17161290322580647,0,1,2,2,0,0,0,0,0,0,0.17850746268656717
3415,èºà‰î…,4,28,3,4,12,0.18,0,0,2,0,1,0,0,0,0,0,0.17850746268656717
3415,èºà‰î…,5,29,2,6,3,0.18793103448275864,0,1,0,1,0,0,0,0,0,0,0.17850746268656717
3415,èºà‰î…,6,29,1,5,6,0.21172413793103448,0,0,1,0,0,0,0,0,0,0,0.17850746268656717
3419,åIå¥å™é°,1,31,6,7,4,0.17451612903225808,6,0,0,0,0,0,5,10,5,0,0.21045000000000003
3419,åIå¥å™é°,2,29,2,5,10,0.19758620689655174,0,1,1,0,0,0,0,0,0,17,0.21045000000000003
3419,åIå¥å™é°,3,37,2,6,6,0.20594594594594595,0,0,1,1,0,0,0,0,0,0,0.21045000000000003
3419,åIå¥å™é°,4,36,3,1,9,0.22333333333333336,0,0,1,2,0,0,0,0,0,0,0.21045000000000003
3419,åIå¥å™é°,5,30,0,3,6,0.22466666666666668,0,0,0,0,0,0,0,0,0,0,0.21045000000000003
3419,åIå¥å™é°,6,37,0,2,3,0.2310810810810811,0,0,0,0,0,0,0,0,0,0,0.21045000000000003
3422,ïûïîçKíj,1,58,38,10,2,0.15482758620689657,33,0,1,0,4,0,14,3,3,0,0.15591549295774648
3422,ïûïîçKíj,2,48,8,15,10,0.15,0,3,4,0,0,1,0,0,0,23,0.15591549295774648
3422,ïûïîçKíj,3,51,12,12,7,0.15568627450980393,0,2,6,3,1,0,0,0,0,0,0.15591549295774648
3422,ïûïîçKíj,4,43,11,9,10,0.1527906976744186,0,2,4,2,3,0,0,0,0,0,0.15591549295774648
3422,ïûïîçKíj,5,42,1,9,9,0.16714285714285715,0,0,0,1,0,0,0,0,0,0,0.15591549295774648
3422,ïûïîçKíj,6,42,6,3,6,0.15642857142857144,0,0,3,2,1,0,0,0,0,0,0.15591549295774648
3424,èºâYìw,1,2,0,1,1,0.125,0,0,0,0,0,0,2,0,0,0,0.20533333333333334
3424,èºâYìw,2,3,0,0,1,0.19000000000000003,0,0,0,0,0,0,0,0,0,0,0.20533333333333334
3424,èºâYìw,3,2,0,0,0,0.195,0,0,0,0,0,0,0,0,0,0,0.20533333333333334
3424,èºâYìw,4,3,0,0,0,0.2233333333333333,0,0,0,0,0,0,0,0,0,0,0.20533333333333334
3424,èºâYìw,5,3,0,0,0,0.28,0,0,0,0,0,0,0,0,0,0,0.20533333333333334
3424,èºâYìw,6,2,0,0,0,0.18,0,0,0,0,0,0,0,0,0,0,0.20533333333333334
3427,ëÂâÍçLçK,1,41,25,8,3,0.1731707317073171,23,0,0,0,2,0,4,4,8,0,0.1665137614678899
3427,ëÂâÍçLçK,2,42,7,10,9,0.16666666666666666,1,5,1,0,0,0,0,0,0,22,0.1665137614678899
3427,ëÂâÍçLçK,3,41,7,9,13,0.16658536585365855,0,0,4,2,1,0,0,0,0,0,0.1665137614678899
3427,ëÂâÍçLçK,4,35,2,8,11,0.17942857142857144,0,0,0,2,0,0,0,0,0,0,0.1665137614678899
3427,ëÂâÍçLçK,5,26,1,4,6,0.14346153846153847,0,0,0,1,0,0,0,0,0,0,0.1665137614678899
3427,ëÂâÍçLçK,6,33,0,4,10,0.16242424242424244,0,0,0,0,0,0,0,0,0,0,0.1665137614678899
3430,äpïlèC,1,47,30,10,2,0.13319148936170214,30,0,0,0,0,0,2,3,9,0,0.15742307692307692
3430,äpïlèC,2,40,8,10,7,0.148,0,4,3,0,1,0,0,0,0,19,0.15742307692307692
3430,äpïlèC,3,46,7,10,7,0.16304347826086957,0,2,3,2,0,0,0,0,0,0,0.15742307692307692
3430,äpïlèC,4,55,8,12,14,0.16,0,1,5,2,0,0,0,0,0,0,0.15742307692307692
3430,äpïlèC,5,33,3,3,4,0.1790909090909091,0,1,0,2,0,0,0,0,0,0,0.15742307692307692
3430,äpïlèC,6,39,0,3,9,0.1676923076923077,0,0,0,0,0,0,0,0,0,0,0.15742307692307692
3432,ã{îóí®ïF,1,45,22,8,3,0.15333333333333335,21,0,0,0,1,0,6,9,3,0,0.17715384615384616
3432,ã{îóí®ïF,2,49,8,11,10,0.16142857142857142,0,4,4,0,0,0,0,0,0,25,0.17715384615384616
3432,ã{îóí®ïF,3,48,5,9,6,0.16333333333333333,0,0,1,2,2,0,0,0,0,0,0.17715384615384616
3432,ã{îóí®ïF,4,39,2,3,10,0.17333333333333334,0,1,0,1,0,0,0,0,0,0,0.17715384615384616
3432,ã{îóí®ïF,5,48,0,2,8,0.19375,0,0,0,0,0,0,0,0,0,0,0.17715384615384616
3432,ã{îóí®ïF,6,31,0,0,4,0.23709677419354838,0,0,0,0,0,0,0,0,0,0,0.17715384615384616
3434,èºîˆêÈñM,1,37,18,10,3,0.2064864864864865,18,0,0,0,0,0,9,5,2,0,0.1783644859813084
3434,èºîˆêÈñM,2,32,4,4,5,0.183125,1,2,1,0,0,0,0,0,0,17,0.1783644859813084
3434,èºîˆêÈñM,3,36,4,12,5,0.18083333333333332,0,0,2,1,1,0,0,0,0,0,0.1783644859813084
3434,èºîˆêÈñM,4,34,1,10,6,0.16823529411764704,0,1,0,0,0,0,0,0,0,0,0.1783644859813084
3434,èºîˆêÈñM,5,38,0,6,9,0.15552631578947368,0,0,0,0,0,0,0,0,0,0,0.1783644859813084
3434,èºîˆêÈñM,6,37,1,3,6,0.1764864864864865,0,0,0,1,0,0,0,0,0,0,0.1783644859813084
3435,éõìcêÁåb,1,70,39,15,8,0.15542857142857144,36,0,0,0,3,0,10,10,10,0,0.14826989619377162
3435,éõìcêÁåb,2,49,12,16,10,0.1520408163265306,0,6,5,0,1,0,0,0,0,22,0.14826989619377162
3435,éõìcêÁåb,3,49,11,10,9,0.14775510204081632,0,1,7,3,0,0,0,0,0,0,0.14826989619377162
3435,éõìcêÁåb,4,46,7,12,14,0.1376086956521739,0,0,5,1,1,0,0,0,0,0,0.14826989619377162
3435,éõìcêÁåb,5,39,4,13,8,0.13794871794871794,0,0,2,1,0,1,0,0,0,0,0.14826989619377162
3435,éõìcêÁåb,6,36,0,9,8,0.15472222222222223,0,0,0,0,0,0,0,0,0,0,0.14826989619377162
3436,îêñÏçKìÒ,1,37,24,6,0,0.15,24,0,0,0,0,0,6,5,1,0,0.14027777777777778
3436,îêñÏçKìÒ,2,40,5,11,6,0.129,0,3,1,0,1,0,0,0,0,26,0.14027777777777778
3436,îêñÏçKìÒ,3,36,2,13,9,0.12722222222222224,0,0,0,2,0,0,0,0,0,0,0.14027777777777778
3436,îêñÏçKìÒ,4,30,7,6,5,0.14533333333333334,0,0,5,2,0,0,0,0,0,0,0.14027777777777778
3436,îêñÏçKìÒ,5,36,2,2,10,0.14222222222222222,0,0,1,1,0,0,0,0,0,0,0.14027777777777778
3436,îêñÏçKìÒ,6,37,3,3,5,0.14945945945945946,0,2,0,1,0,0,0,0,0,0,0.14027777777777778
3439,ëÂïΩó_éjñæ,1,54,35,8,7,0.1461111111111111,32,0,1,0,2,0,6,10,1,0,0.15436363636363637
3439,ëÂïΩó_éjñæ,2,49,10,19,7,0.13591836734693877,1,5,3,0,0,1,0,0,0,26,0.15436363636363637
3439,ëÂïΩó_éjñæ,3,44,7,9,9,0.1475,0,1,3,3,0,0,0,0,0,0,0.15436363636363637
3439,ëÂïΩó_éjñæ,4,41,3,14,3,0.16609756097560976,0,1,0,2,0,0,0,0,0,0,0.15436363636363637
3439,ëÂïΩó_éjñæ,5,42,5,6,6,0.16,0,1,1,2,1,0,0,0,0,0,0.15436363636363637
3439,ëÂïΩó_éjñæ,6,45,0,6,5,0.1751111111111111,0,0,0,0,0,0,0,0,0,0,0.15436363636363637
3441,ìyâÆëæòN,1,40,16,15,0,0.13125,16,0,0,0,0,0,6,6,8,0,0.15688259109311742
3441,ìyâÆëæòN,2,43,6,13,12,0.17697674418604653,0,6,0,0,0,0,0,0,0,24,0.15688259109311742
3441,ìyâÆëæòN,3,46,6,13,11,0.13695652173913042,0,0,5,1,0,0,0,0,0,0,0.15688259109311742
3441,ìyâÆëæòN,4,41,3,9,10,0.15024390243902438,0,1,0,1,0,1,0,0,0,0,0.15688259109311742
3441,ìyâÆëæòN,5,41,2,4,7,0.17804878048780487,0,0,2,0,0,0,0,0,0,0,0.15688259109311742
3441,ìyâÆëæòN,6,36,3,6,1,0.17027777777777778,0,1,2,0,0,0,0,0,0,0,0.15688259109311742
3442,ã{ïêâpéi,1,45,20,12,8,0.14555555555555555,18,0,0,0,2,0,10,4,5,0,0.1630508474576271
3442,ã{ïêâpéi,2,38,2,13,8,0.17342105263157895,0,2,0,0,0,0,0,0,0,19,0.1630508474576271
3442,ã{ïêâpéi,3,39,2,7,15,0.15307692307692308,0,0,1,1,0,0,0,0,0,0,0.1630508474576271
3442,ã{ïêâpéi,4,39,2,7,8,0.16846153846153847,0,0,0,2,0,0,0,0,0,0,0.1630508474576271
3442,ã{ïêâpéi,5,35,0,4,9,0.15914285714285714,0,0,0,0,0,0,0,0,0,0,0.1630508474576271
3442,ã{ïêâpéi,6,40,0,4,7,0.18075000000000002,0,0,0,0,0,0,0,0,0,0,0.1630508474576271
3443,êXèHåı,1,51,25,15,5,0.1643137254901961,24,0,0,0,1,0,8,9,5,0,0.16577617328519856
3443,êXèHåı,2,45,4,12,9,0.14866666666666667,0,2,1,0,1,0,0,0,0,26,0.16577617328519856
3443,êXèHåı,3,49,5,10,10,0.15755102040816327,0,0,0,4,1,0,0,0,0,0,0.16577617328519856
3443,êXèHåı,4,46,8,12,12,0.16869565217391305,0,3,4,0,0,1,0,0,0,0,0.16577617328519856
3443,êXèHåı,5,46,3,6,8,0.1823913043478261,0,1,1,1,0,0,0,0,0,0,0.16577617328519856
3443,êXèHåı,6,40,1,6,10,0.17450000000000002,0,1,0,0,0,0,0,0,0,0,0.16577617328519856
3444,çÅåéëÂâÓ,1,29,9,4,2,0.1706896551724138,9,0,0,0,0,0,4,7,5,0,0.15525821596244133
3444,çÅåéëÂâÓ,2,38,5,8,4,0.16078947368421054,0,1,4,0,0,0,0,0,0,18,0.15525821596244133
3444,çÅåéëÂâÓ,3,43,5,4,6,0.15930232558139534,0,0,4,1,0,0,0,0,0,0,0.15525821596244133
3444,çÅåéëÂâÓ,4,34,8,3,4,0.14029411764705882,0,0,7,1,0,0,0,0,0,0,0.15525821596244133
3444,çÅåéëÂâÓ,5,36,1,1,0,0.15555555555555556,0,0,0,1,0,0,0,0,0,0,0.15525821596244133
3444,çÅåéëÂâÓ,6,33,0,0,1,0.14515151515151514,0,0,0,0,0,0,0,0,0,0,0.15525821596244133
3445,â¡ì°çÇéj,1,44,23,9,5,0.15681818181818183,20,0,0,0,3,0,9,5,4,0,0.16933054393305438
3445,â¡ì°çÇéj,2,40,5,18,5,0.18425,0,3,1,0,1,0,0,0,0,23,0.16933054393305438
3445,â¡ì°çÇéj,3,51,7,9,16,0.16176470588235295,0,0,2,1,3,1,0,0,0,0,0.16933054393305438
3445,â¡ì°çÇéj,4,37,4,9,10,0.17027027027027025,0,0,4,0,0,0,0,0,0,0,0.16933054393305438
3445,â¡ì°çÇéj,5,33,2,5,11,0.1687878787878788,0,0,0,2,0,0,0,0,0,0,0.16933054393305438
3445,â¡ì°çÇéj,6,34,0,7,11,0.17882352941176471,0,0,0,0,0,0,0,0,0,0,0.16933054393305438
3448,çÇéRèGóY,1,42,14,11,3,0.16428571428571428,12,0,0,0,2,0,8,11,7,0,0.17721518987341772
3448,çÇéRèGóY,2,40,2,10,7,0.15575,0,1,0,0,1,0,0,0,0,27,0.17721518987341772
3448,çÇéRèGóY,3,42,1,9,11,0.17166666666666666,0,0,1,0,0,0,0,0,0,0,0.17721518987341772
3448,çÇéRèGóY,4,42,0,8,11,0.20285714285714285,0,0,0,0,0,0,0,0,0,0,0.17721518987341772
3448,çÇéRèGóY,5,35,0,4,8,0.19857142857142857,0,0,0,0,0,0,0,0,0,0,0.17721518987341772
3448,çÇéRèGóY,6,36,2,5,2,0.17194444444444446,0,0,0,2,0,0,0,0,0,0,0.17721518987341772
3454,à‰êÏëÂçÏ,1,26,8,3,2,0.20461538461538462,8,0,0,0,0,0,5,7,5,0,0.17732954545454546
3454,à‰êÏëÂçÏ,2,30,1,7,13,0.17333333333333334,0,0,1,0,0,0,0,0,0,17,0.17732954545454546
3454,à‰êÏëÂçÏ,3,34,1,4,1,0.16176470588235295,0,0,1,0,0,0,0,0,0,0,0.17732954545454546
3454,à‰êÏëÂçÏ,4,28,1,4,10,0.13999999999999999,0,1,0,0,0,0,0,0,0,0,0.17732954545454546
3454,à‰êÏëÂçÏ,5,27,2,1,5,0.14925925925925926,0,0,1,1,0,0,0,0,0,0,0.17732954545454546
3454,à‰êÏëÂçÏ,6,31,0,0,4,0.2335483870967742,0,0,0,0,0,0,0,0,0,0,0.17732954545454546
3455,íJñ{çKéi,1,39,17,8,2,0.1558974358974359,17,0,0,0,0,0,5,12,5,0,0.1661181434599156
3455,íJñ{çKéi,2,45,5,11,7,0.15644444444444444,0,4,1,0,0,0,0,0,0,27,0.1661181434599156
3455,íJñ{çKéi,3,43,2,12,12,0.17232558139534884,0,0,0,1,1,0,0,0,0,0,0.1661181434599156
3455,íJñ{çKéi,4,34,3,8,5,0.1623529411764706,0,0,2,1,0,0,0,0,0,0,0.1661181434599156
3455,íJñ{çKéi,5,42,1,10,13,0.16142857142857142,0,0,0,1,0,0,0,0,0,0,0.1661181434599156
3455,íJñ{çKéi,6,34,1,5,7,0.1923529411764706,0,0,1,0,0,0,0,0,0,0,0.1661181434599156
3456,èºâ∫èÅ,1,1,0,1,0,0.22,0,0,0,0,0,0,0,0,0,0,0.21142857142857144
3456,èºâ∫èÅ,2,2,0,1,0,0.20500000000000002,0,0,0,0,0,0,0,0,0,2,0.21142857142857144
3456,èºâ∫èÅ,3,1,0,0,0,0.17,0,0,0,0,0,0,0,0,0,0,0.21142857142857144
3456,èºâ∫èÅ,4,2,0,0,0,0.185,0,0,0,0,0,0,0,0,0,0,0.21142857142857144
3456,èºâ∫èÅ,5,1,0,0,0,0.31,0,0,0,0,0,0,0,0,0,0,0.21142857142857144
3458,ìååíâÓ,1,25,12,5,3,0.16879999999999998,11,0,0,0,1,0,1,7,2,0,0.16046511627906979
3458,ìååíâÓ,2,36,4,14,3,0.15944444444444444,0,4,0,0,0,0,0,0,0,20,0.16046511627906979
3458,ìååíâÓ,3,28,2,8,5,0.1464285714285714,0,1,0,1,0,0,0,0,0,0,0.16046511627906979
3458,ìååíâÓ,4,30,4,2,5,0.14733333333333334,0,2,0,2,0,0,0,0,0,0,0.16046511627906979
3458,ìååíâÓ,5,29,1,4,7,0.15448275862068966,0,0,0,1,0,0,0,0,0,0,0.16046511627906979
3458,ìååíâÓ,6,24,0,1,4,0.19333333333333336,0,0,0,0,0,0,0,0,0,0,0.16046511627906979
3459,íÜñÏòaóT,1,28,7,4,4,0.1757142857142857,7,0,0,0,0,0,4,7,5,0,0.16787037037037036
3459,íÜñÏòaóT,2,41,3,13,8,0.17951219512195124,0,2,1,0,0,0,0,0,0,22,0.16787037037037036
3459,íÜñÏòaóT,3,43,7,11,3,0.15767441860465117,0,1,4,1,0,1,0,0,0,0,0.16787037037037036
3459,íÜñÏòaóT,4,33,1,3,2,0.1390909090909091,0,1,0,0,0,0,0,0,0,0,0.16787037037037036
3459,íÜñÏòaóT,5,37,0,6,8,0.16972972972972974,0,0,0,0,0,0,0,0,0,0,0.16787037037037036
3459,íÜñÏòaóT,6,34,0,1,5,0.1861764705882353,0,0,0,0,0,0,0,0,0,0,0.16787037037037036
3461,ìnÁ≤ìNñÁ,1,31,6,14,3,0.15516129032258066,5,0,0,0,1,0,13,5,5,0,0.1741826923076923
3461,ìnÁ≤ìNñÁ,2,40,1,6,7,0.16599999999999998,0,1,0,0,0,0,0,0,0,22,0.1741826923076923
3461,ìnÁ≤ìNñÁ,3,35,1,6,5,0.152,0,0,0,1,0,0,0,0,0,0,0.1741826923076923
3461,ìnÁ≤ìNñÁ,4,33,1,3,6,0.19272727272727275,0,0,0,1,0,0,0,0,0,0,0.1741826923076923
3461,ìnÁ≤ìNñÁ,5,36,2,3,8,0.18722222222222223,0,0,0,2,0,0,0,0,0,0,0.1741826923076923
3461,ìnÁ≤ìNñÁ,6,33,0,2,1,0.19272727272727275,0,0,0,0,0,0,0,0,0,0,0.1741826923076923
3462,í|è„ê^éi,1,44,22,10,4,0.14022727272727273,19,0,0,0,2,1,6,11,3,0,0.15147410358565738
3462,í|è„ê^éi,2,41,6,10,6,0.14146341463414633,0,4,2,0,0,0,0,0,0,23,0.15147410358565738
3462,í|è„ê^éi,3,47,5,10,9,0.14574468085106382,0,2,1,2,0,0,0,0,0,0,0.15147410358565738
3462,í|è„ê^éi,4,40,0,9,13,0.17225,0,0,0,0,0,0,0,0,0,0,0.15147410358565738
3462,í|è„ê^éi,5,42,2,6,9,0.1461904761904762,0,0,0,2,0,0,0,0,0,0,0.15147410358565738
3462,í|è„ê^éi,6,37,0,2,1,0.16675675675675675,0,0,0,0,0,0,0,0,0,0,0.15147410358565738
3463,â≥í√çNéu,1,30,9,5,5,0.2076666666666667,9,0,0,0,0,0,5,6,7,0,0.18819148936170213
3463,â≥í√çNéu,2,32,2,6,6,0.1865625,0,0,1,0,1,0,0,0,0,19,0.18819148936170213
3463,â≥í√çNéu,3,37,3,7,10,0.19837837837837838,0,0,0,1,2,0,0,0,0,0,0.18819148936170213
3463,â≥í√çNéu,4,35,4,5,7,0.17685714285714288,0,0,1,2,1,0,0,0,0,0,0.18819148936170213
3463,â≥í√çNéu,5,27,1,4,4,0.15851851851851853,0,0,1,0,0,0,0,0,0,0,0.18819148936170213
3463,â≥í√çNéu,6,27,0,3,4,0.1988888888888889,0,0,0,0,0,0,0,0,0,0,0.18819148936170213
3467,êXçOçs,1,40,8,10,9,0.19724999999999998,7,0,0,0,1,0,11,11,4,0,0.18376470588235294
3467,êXçOçs,2,52,4,12,9,0.18807692307692306,0,3,1,0,0,0,0,0,0,26,0.18376470588235294
3467,êXçOçs,3,39,2,10,3,0.18948717948717947,0,0,0,2,0,0,0,0,0,0,0.18376470588235294
3467,êXçOçs,4,43,1,3,8,0.19953488372093023,0,0,1,0,0,0,0,0,0,0,0.18376470588235294
3467,êXçOçs,5,45,2,4,9,0.17155555555555554,0,0,0,2,0,0,0,0,0,0,0.18376470588235294
3467,êXçOçs,6,36,0,3,3,0.1527777777777778,0,0,0,0,0,0,0,0,0,0,0.18376470588235294
3470,êVìcñFî¸,1,10,5,1,2,0.181,5,0,0,0,0,0,1,3,1,0,0.1824561403508772
3470,êVìcñFî¸,2,9,1,0,2,0.20555555555555557,0,1,0,0,0,0,0,0,0,7,0.1824561403508772
3470,êVìcñFî¸,3,10,0,2,2,0.21200000000000002,0,0,0,0,0,0,0,0,0,0,0.1824561403508772
3470,êVìcñFî¸,4,8,1,0,0,0.1975,0,0,0,1,0,0,0,0,0,0,0.1824561403508772
3470,êVìcñFî¸,5,8,0,0,1,0.135,0,0,0,0,0,0,0,0,0,0,0.1824561403508772
3470,êVìcñFî¸,6,12,0,2,2,0.16333333333333333,0,0,0,0,0,0,0,0,0,0,0.1824561403508772
3471,ê‘ïÙòañÁ,1,23,4,7,3,0.17,4,0,0,0,0,0,7,5,4,0,0.20223958333333333
3471,ê‘ïÙòañÁ,2,38,3,6,10,0.20210526315789473,1,2,0,0,0,0,0,0,0,23,0.20223958333333333
3471,ê‘ïÙòañÁ,3,32,0,5,9,0.2090625,0,0,0,0,0,0,0,0,0,0,0.20223958333333333
3471,ê‘ïÙòañÁ,4,40,2,4,5,0.18975,0,0,2,0,0,0,0,0,0,0,0.20223958333333333
3471,ê‘ïÙòañÁ,5,35,0,2,3,0.21257142857142858,0,0,0,0,0,0,0,0,0,0,0.20223958333333333
3471,ê‘ïÙòañÁ,6,24,1,1,2,0.22999999999999998,0,1,0,0,0,0,0,0,0,0,0.20223958333333333
3473,êŒêÏê^ìÒ,1,86,44,19,8,0.12069767441860466,42,0,0,0,2,0,10,17,11,0,0.14323809523809522
3473,êŒêÏê^ìÒ,2,45,10,19,1,0.1391111111111111,5,3,1,0,1,0,0,0,0,23,0.14323809523809522
3473,êŒêÏê^ìÒ,3,51,13,9,7,0.1603921568627451,6,5,0,1,0,1,0,0,0,0,0.14323809523809522
3473,êŒêÏê^ìÒ,4,49,12,17,9,0.14183673469387756,4,5,1,0,1,1,0,0,0,0,0.14323809523809522
3473,êŒêÏê^ìÒ,5,42,12,9,8,0.1630952380952381,3,3,1,2,2,1,0,0,0,0,0.14323809523809522
3473,êŒêÏê^ìÒ,6,42,10,6,7,0.15476190476190477,1,5,1,1,2,0,0,0,0,0,0.14323809523809522
3474,èºê£çOî¸,1,30,9,7,4,0.192,9,0,0,0,0,0,6,9,4,0,0.1874468085106383
3474,èºê£çOî¸,2,32,6,7,6,0.18375,0,2,2,0,1,1,0,0,0,15,0.1874468085106383
3474,èºê£çOî¸,3,37,3,13,5,0.19405405405405404,0,0,1,1,1,0,0,0,0,0,0.1874468085106383
3474,èºê£çOî¸,4,31,1,4,9,0.1503225806451613,0,0,1,0,0,0,0,0,0,0,0.1874468085106383
3474,èºê£çOî¸,5,29,0,5,6,0.2024137931034483,0,0,0,0,0,0,0,0,0,0,0.1874468085106383
3474,èºê£çOî¸,6,29,2,0,7,0.20310344827586205,0,1,1,0,0,0,0,0,0,0,0.1874468085106383
3475,ã¥ñ{ãvòa,1,52,26,10,6,0.15596153846153846,26,0,0,0,0,0,12,8,6,0,0.16684981684981687
3475,ã¥ñ{ãvòa,2,49,11,13,8,0.18122448979591838,0,3,6,0,2,0,0,0,0,22,0.16684981684981687
3475,ã¥ñ{ãvòa,3,47,7,11,8,0.16702127659574467,0,1,6,0,0,0,0,0,0,0,0.16684981684981687
3475,ã¥ñ{ãvòa,4,41,6,11,10,0.15560975609756098,0,2,4,0,0,0,0,0,0,0,0.16684981684981687
3475,ã¥ñ{ãvòa,5,44,4,6,8,0.15295454545454545,0,1,1,2,0,0,0,0,0,0,0.16684981684981687
3475,ã¥ñ{ãvòa,6,40,3,6,11,0.19,0,2,1,0,0,0,0,0,0,0,0.16684981684981687
3477,ãﬂì°ñ´ñÁ,1,34,7,9,9,0.17205882352941176,7,0,0,0,0,0,11,8,5,0,0.183109243697479
3477,ãﬂì°ñ´ñÁ,2,45,2,11,4,0.18266666666666667,0,0,2,0,0,0,0,0,0,25,0.183109243697479
3477,ãﬂì°ñ´ñÁ,3,48,3,13,8,0.18000000000000002,0,1,1,1,0,0,0,0,0,0,0.183109243697479
3477,ãﬂì°ñ´ñÁ,4,37,0,3,11,0.18702702702702703,0,0,0,0,0,0,0,0,0,0,0.183109243697479
3477,ãﬂì°ñ´ñÁ,5,40,0,4,9,0.19,0,0,0,0,0,0,0,0,0,0,0.183109243697479
3477,ãﬂì°ñ´ñÁ,6,34,0,2,4,0.18676470588235294,0,0,0,0,0,0,0,0,0,0,0.183109243697479
3478,ìàìcãMéx,1,23,11,5,4,0.1417391304347826,11,0,0,0,0,0,5,6,1,0,0.1640677966101695
3478,ìàìcãMéx,2,29,4,5,6,0.15448275862068966,0,4,0,0,0,0,0,0,0,16,0.1640677966101695
3478,ìàìcãMéx,3,35,5,7,6,0.15771428571428572,0,0,4,1,0,0,0,0,0,0,0.1640677966101695
3478,ìàìcãMéx,4,28,2,7,3,0.16642857142857143,0,1,0,0,1,0,0,0,0,0,0.1640677966101695
3478,ìàìcãMéx,5,29,2,2,3,0.17413793103448275,0,0,0,2,0,0,0,0,0,0,0.1640677966101695
3478,ìàìcãMéx,6,33,1,2,7,0.18393939393939396,0,1,0,0,0,0,0,0,0,0,0.1640677966101695
3482,ã‡éqñ“éu,1,45,25,10,3,0.16355555555555557,24,0,0,0,1,0,7,2,6,0,0.15752895752895751
3482,ã‡éqñ“éu,2,44,7,15,8,0.1668181818181818,0,3,3,1,0,0,0,0,0,21,0.15752895752895751
3482,ã‡éqñ“éu,3,55,7,13,13,0.14945454545454548,0,1,3,2,1,0,0,0,0,0,0.15752895752895751
3482,ã‡éqñ“éu,4,44,8,11,12,0.14681818181818182,0,1,3,4,0,0,0,0,0,0,0.15752895752895751
3482,ã‡éqñ“éu,5,37,1,3,5,0.15324324324324323,0,0,0,0,1,0,0,0,0,0,0.15752895752895751
3482,ã‡éqñ“éu,6,34,1,7,5,0.16911764705882354,0,0,0,1,0,0,0,0,0,0,0.15752895752895751
3484,é≈ìcç_é°,1,51,44,4,2,0.13215686274509805,42,0,0,0,2,0,2,2,3,0,0.1543846153846154
3484,é≈ìcç_é°,2,50,14,19,4,0.15560000000000002,0,10,4,0,0,0,0,0,0,21,0.1543846153846154
3484,é≈ìcç_é°,3,36,6,8,10,0.1527777777777778,0,3,1,1,1,0,0,0,0,0,0.1543846153846154
3484,é≈ìcç_é°,4,43,7,6,10,0.15813953488372093,0,3,2,2,0,0,0,0,0,0,0.1543846153846154
3484,é≈ìcç_é°,5,40,1,6,6,0.14175,0,0,0,1,0,0,0,0,0,0,0.1543846153846154
3484,é≈ìcç_é°,6,40,1,4,8,0.19125,0,0,0,0,1,0,0,0,0,0,0.1543846153846154
3485,í|ë∫èÀéi,1,13,2,4,1,0.18615384615384614,2,0,0,0,0,0,7,2,2,0,0.20157894736842102
3485,í|ë∫èÀéi,2,18,1,2,1,0.18555555555555556,0,1,0,0,0,0,0,0,0,10,0.20157894736842102
3485,í|ë∫èÀéi,3,12,0,2,1,0.16833333333333333,0,0,0,0,0,0,0,0,0,0,0.20157894736842102
3485,í|ë∫èÀéi,4,18,1,2,1,0.18833333333333335,0,1,0,0,0,0,0,0,0,0,0.20157894736842102
3485,í|ë∫èÀéi,5,14,1,2,1,0.21428571428571427,0,0,0,1,0,0,0,0,0,0,0.20157894736842102
3485,í|ë∫èÀéi,6,20,1,0,0,0.24900000000000003,0,0,0,1,0,0,0,0,0,0,0.20157894736842102
3488,ñˆìcâpñæ,1,33,10,8,8,0.14484848484848487,10,0,0,0,0,0,4,7,7,0,0.12955
3488,ñˆìcâpñæ,2,36,2,11,7,0.12583333333333335,0,0,1,0,1,0,0,0,0,14,0.12955
3488,ñˆìcâpñæ,3,37,5,11,9,0.12891891891891893,0,1,3,1,0,0,0,0,0,0,0.12955
3488,ñˆìcâpñæ,4,29,4,4,4,0.1206896551724138,0,1,2,1,0,0,0,0,0,0,0.12955
3488,ñˆìcâpñæ,5,33,2,9,3,0.11242424242424243,0,0,2,0,0,0,0,0,0,0,0.12955
3488,ñˆìcâpñæ,6,32,0,1,3,0.144375,0,0,0,0,0,0,0,0,0,0,0.12955
3489,ëÂèÍïq,1,58,36,11,7,0.14896551724137932,33,0,0,0,3,0,7,4,8,0,0.16756272401433692
3489,ëÂèÍïq,2,48,9,22,4,0.16020833333333334,2,6,1,0,0,0,0,0,0,31,0.16756272401433692
3489,ëÂèÍïq,3,46,7,12,15,0.16369565217391305,0,2,1,3,1,0,0,0,0,0,0.16756272401433692
3489,ëÂèÍïq,4,39,2,13,9,0.1766666666666667,0,0,0,1,1,0,0,0,0,0,0.16756272401433692
3489,ëÂèÍïq,5,45,3,10,9,0.16044444444444445,0,1,0,2,0,0,0,0,0,0,0.16756272401433692
3489,ëÂèÍïq,6,43,1,3,13,0.20418604651162794,0,0,0,1,0,0,0,0,0,0,0.16756272401433692
3491,ïxâiñŒ,1,30,8,4,3,0.19033333333333333,6,0,0,0,1,1,6,9,4,0,0.18434579439252338
3491,ïxâiñŒ,2,42,4,6,7,0.17047619047619048,0,1,3,0,0,0,0,0,0,24,0.18434579439252338
3491,ïxâiñŒ,3,37,2,3,10,0.1545945945945946,0,1,1,0,0,0,0,0,0,0,0.18434579439252338
3491,ïxâiñŒ,4,41,0,7,6,0.18,0,0,0,0,0,0,0,0,0,0,0.18434579439252338
3491,ïxâiñŒ,5,36,0,0,5,0.2152777777777778,0,0,0,0,0,0,0,0,0,0,0.18434579439252338
3491,ïxâiñŒ,6,28,0,3,3,0.20464285714285713,0,0,0,0,0,0,0,0,0,0,0.18434579439252338
3497,å„ì°ç_,1,32,21,3,3,0.1553125,21,0,0,0,0,0,3,4,4,0,0.1825806451612903
3497,å„ì°ç_,2,38,2,3,8,0.19842105263157894,0,1,0,0,1,0,0,0,0,23,0.1825806451612903
3497,å„ì°ç_,3,36,3,8,8,0.16916666666666666,0,0,0,2,1,0,0,0,0,0,0.1825806451612903
3497,å„ì°ç_,4,30,2,4,6,0.18833333333333335,0,2,0,0,0,0,0,0,0,0,0.1825806451612903
3497,å„ì°ç_,5,39,1,4,7,0.1841025641025641,0,0,0,1,0,0,0,0,0,0,0.1825806451612903
3497,å„ì°ç_,6,42,1,4,6,0.19499999999999998,0,0,0,0,1,0,0,0,0,0,0.1825806451612903
3498,îíêŒç_ìÒ,1,13,3,4,0,0.14769230769230768,3,0,0,0,0,0,2,6,0,0,0.1702439024390244
3498,îíêŒç_ìÒ,2,14,0,3,3,0.17285714285714285,0,0,0,0,0,0,0,0,0,11,0.1702439024390244
3498,îíêŒç_ìÒ,3,15,1,1,0,0.21600000000000003,0,1,0,0,0,0,0,0,0,0,0.1702439024390244
3498,îíêŒç_ìÒ,4,15,1,1,2,0.12666666666666668,0,0,0,1,0,0,0,0,0,0,0.1702439024390244
3498,îíêŒç_ìÒ,5,13,1,0,2,0.17538461538461542,0,0,1,0,0,0,0,0,0,0,0.1702439024390244
3498,îíêŒç_ìÒ,6,12,0,2,0,0.18333333333333335,0,0,0,0,0,0,0,0,0,0,0.1702439024390244
3499,ésêÏìNñÁ,1,47,34,6,0,0.12404255319148937,33,0,0,0,1,0,2,8,1,0,0.14173333333333332
3499,ésêÏìNñÁ,2,34,4,12,5,0.1373529411764706,0,4,0,0,0,0,0,0,0,19,0.14173333333333332
3499,ésêÏìNñÁ,3,40,7,12,8,0.12825,0,0,4,1,2,0,0,0,0,0,0.14173333333333332
3499,ésêÏìNñÁ,4,36,2,8,9,0.1311111111111111,0,0,0,2,0,0,0,0,0,0,0.14173333333333332
3499,ésêÏìNñÁ,5,32,1,5,11,0.1665625,0,0,0,1,0,0,0,0,0,0,0.14173333333333332
3499,ésêÏìNñÁ,6,36,3,5,10,0.1725,0,0,1,2,0,0,0,0,0,0,0.14173333333333332
3501,êÏè„è∏ïΩ,1,31,14,7,2,0.15612903225806452,14,0,0,0,0,0,6,5,4,0,0.14630522088353415
3501,êÏè„è∏ïΩ,2,46,3,11,9,0.14869565217391303,0,2,1,0,0,0,0,0,0,24,0.14630522088353415
3501,êÏè„è∏ïΩ,3,48,5,8,9,0.13875,0,0,3,2,0,0,0,0,0,0,0.14630522088353415
3501,êÏè„è∏ïΩ,4,45,3,4,10,0.14022222222222222,0,1,1,1,0,0,0,0,0,0,0.14630522088353415
3501,êÏè„è∏ïΩ,5,45,0,10,8,0.152,0,0,0,0,0,0,0,0,0,0,0.14630522088353415
3501,êÏè„è∏ïΩ,6,34,0,0,8,0.14529411764705882,0,0,0,0,0,0,0,0,0,0,0.14630522088353415
3502,ìnÁ≥âpéô,1,50,22,10,5,0.1858,22,0,0,0,0,0,5,12,6,0,0.17936254980079683
3502,ìnÁ≥âpéô,2,44,5,13,8,0.19113636363636363,0,4,0,0,1,0,0,0,0,20,0.17936254980079683
3502,ìnÁ≥âpéô,3,38,11,6,9,0.18894736842105264,0,0,9,0,2,0,0,0,0,0,0.17936254980079683
3502,ìnÁ≥âpéô,4,44,6,10,6,0.15772727272727274,0,0,4,1,0,1,0,0,0,0,0.17936254980079683
3502,ìnÁ≥âpéô,5,34,2,6,6,0.15676470588235294,0,0,0,1,1,0,0,0,0,0,0.17936254980079683
3502,ìnÁ≥âpéô,6,41,2,5,9,0.19195121951219513,0,1,0,1,0,0,0,0,0,0,0.17936254980079683
3503,ì∞å¥óméj,1,24,2,6,4,0.15458333333333332,2,0,0,0,0,0,9,5,6,0,0.17151351351351352
3503,ì∞å¥óméj,2,30,0,4,1,0.18666666666666668,0,0,0,0,0,0,0,0,0,12,0.17151351351351352
3503,ì∞å¥óméj,3,34,1,1,4,0.1723529411764706,0,0,0,0,0,1,0,0,0,0,0.17151351351351352
3503,ì∞å¥óméj,4,36,1,5,7,0.14916666666666667,0,0,1,0,0,0,0,0,0,0,0.17151351351351352
3503,ì∞å¥óméj,5,31,2,2,1,0.17870967741935484,0,0,0,2,0,0,0,0,0,0,0.17151351351351352
3503,ì∞å¥óméj,6,30,0,0,2,0.18833333333333335,0,0,0,0,0,0,0,0,0,0,0.17151351351351352
3505,éRìcó≥àÍ,1,46,19,14,7,0.17260869565217393,17,0,0,0,2,0,9,7,10,0,0.16352
3505,éRìcó≥àÍ,2,37,5,7,9,0.17135135135135135,0,2,1,0,2,0,0,0,0,15,0.16352
3505,éRìcó≥àÍ,3,45,7,14,7,0.14155555555555555,0,4,2,1,0,0,0,0,0,0,0.16352
3505,éRìcó≥àÍ,4,48,6,7,9,0.15666666666666668,0,2,1,2,1,0,0,0,0,0,0.16352
3505,éRìcó≥àÍ,5,37,0,5,8,0.1627027027027027,0,0,0,0,0,0,0,0,0,0,0.16352
3505,éRìcó≥àÍ,6,37,1,4,14,0.18081081081081082,0,0,0,1,0,0,0,0,0,0,0.16352
3506,ã{êºê^è∫,1,19,4,1,3,0.21526315789473682,3,0,0,0,1,0,2,7,3,0,0.20614814814814814
3506,ã{êºê^è∫,2,25,1,3,6,0.20240000000000002,0,0,1,0,0,0,0,0,0,13,0.20614814814814814
3506,ã{êºê^è∫,3,24,3,1,7,0.19208333333333336,0,1,2,0,0,0,0,0,0,0,0.20614814814814814
3506,ã{êºê^è∫,4,21,0,2,3,0.1933333333333333,0,0,0,0,0,0,0,0,0,0,0.20614814814814814
3506,ã{êºê^è∫,5,22,0,0,3,0.2240909090909091,0,0,0,0,0,0,0,0,0,0,0.20614814814814814
3506,ã{êºê^è∫,6,24,0,2,3,0.21166666666666667,0,0,0,0,0,0,0,0,0,0,0.20614814814814814
3507,ì°à‰ìO,1,37,20,8,6,0.1537837837837838,20,0,0,0,0,0,7,4,6,0,0.17562790697674419
3507,ì°à‰ìO,2,39,4,10,8,0.16230769230769232,0,3,0,0,1,0,0,0,0,21,0.17562790697674419
3507,ì°à‰ìO,3,38,2,8,6,0.18657894736842104,0,1,0,1,0,0,0,0,0,0,0.17562790697674419
3507,ì°à‰ìO,4,33,1,3,8,0.16424242424242425,0,0,0,1,0,0,0,0,0,0,0.17562790697674419
3507,ì°à‰ìO,5,33,1,2,7,0.17545454545454545,0,0,0,1,0,0,0,0,0,0,0.17562790697674419
3507,ì°à‰ìO,6,35,1,4,3,0.21257142857142858,0,1,0,0,0,0,0,0,0,0,0.17562790697674419
3508,ãvïxê≠çO,1,33,9,13,4,0.19636363636363638,9,0,0,0,0,0,7,5,6,0,0.19717488789237667
3508,ãvïxê≠çO,2,43,6,11,6,0.17767441860465116,0,2,1,0,3,0,0,0,0,22,0.19717488789237667
3508,ãvïxê≠çO,3,37,4,3,11,0.16837837837837838,0,0,4,0,0,0,0,0,0,0,0.19717488789237667
3508,ãvïxê≠çO,4,35,0,3,7,0.18485714285714286,0,0,0,0,0,0,0,0,0,0,0.19717488789237667
3508,ãvïxê≠çO,5,42,2,5,9,0.21976190476190477,0,0,1,1,0,0,0,0,0,0,0.19717488789237667
3508,ãvïxê≠çO,6,33,0,2,7,0.24,0,0,0,0,0,0,0,0,0,0,0.19717488789237667
3509,ìπè„êÁâƒ,1,20,5,3,3,0.1685,5,0,0,0,0,0,7,3,5,0,0.14527027027027026
3509,ìπè„êÁâƒ,2,30,2,8,5,0.14333333333333334,0,1,1,0,0,0,0,0,0,19,0.14527027027027026
3509,ìπè„êÁâƒ,3,29,2,4,3,0.1493103448275862,0,0,2,0,0,0,0,0,0,0,0.14527027027027026
3509,ìπè„êÁâƒ,4,25,1,1,2,0.1324,0,0,1,0,0,0,0,0,0,0,0.14527027027027026
3509,ìπè„êÁâƒ,5,26,0,2,3,0.13576923076923078,0,0,0,0,0,0,0,0,0,0,0.14527027027027026
3509,ìπè„êÁâƒ,6,18,0,0,1,0.14777777777777779,0,0,0,0,0,0,0,0,0,0,0.14527027027027026
3514,éRàÍìSñÁ,1,61,49,6,2,0.12147540983606557,48,0,0,0,1,0,4,4,3,0,0.14791390728476822
3514,éRàÍìSñÁ,2,58,11,18,7,0.14137931034482756,0,3,8,0,0,0,0,0,0,28,0.14791390728476822
3514,éRàÍìSñÁ,3,42,4,12,6,0.14357142857142857,0,0,4,0,0,0,0,0,0,0,0.14791390728476822
3514,éRàÍìSñÁ,4,51,7,7,11,0.16686274509803922,0,2,3,2,0,0,0,0,0,0,0.14791390728476822
3514,éRàÍìSñÁ,5,45,4,5,12,0.16333333333333336,0,0,2,2,0,0,0,0,0,0,0.14791390728476822
3514,éRàÍìSñÁ,6,45,2,3,7,0.15933333333333333,0,0,1,0,1,0,0,0,0,0,0.14791390728476822
3516,ãgå¥êπêl,1,33,12,9,4,0.15363636363636365,12,0,0,0,0,0,6,4,9,0,0.1623913043478261
3516,ãgå¥êπêl,2,42,4,11,5,0.15666666666666668,0,4,0,0,0,0,0,0,0,24,0.1623913043478261
3516,ãgå¥êπêl,3,42,2,2,8,0.17761904761904762,0,1,0,0,1,0,0,0,0,0,0.1623913043478261
3516,ãgå¥êπêl,4,39,1,7,8,0.17384615384615384,0,0,0,1,0,0,0,0,0,0,0.1623913043478261
3516,ãgå¥êπêl,5,40,2,4,7,0.14925,0,1,1,0,0,0,0,0,0,0,0.1623913043478261
3516,ãgå¥êπêl,6,34,0,2,5,0.16147058823529412,0,0,0,0,0,0,0,0,0,0,0.1623913043478261
3517,çÇã¥åM,1,30,20,5,2,0.145,19,0,0,0,1,0,3,2,2,0,0.1440625
3517,çÇã¥åM,2,30,7,7,6,0.13266666666666665,0,4,3,0,0,0,0,0,0,20,0.1440625
3517,çÇã¥åM,3,27,4,4,6,0.13555555555555557,0,0,4,0,0,0,0,0,0,0,0.1440625
3517,çÇã¥åM,4,22,1,6,4,0.13,0,1,0,0,0,0,0,0,0,0,0.1440625
3517,çÇã¥åM,5,27,5,5,8,0.15851851851851853,0,1,1,2,0,1,0,0,0,0,0.1440625
3517,çÇã¥åM,6,24,2,5,4,0.16333333333333333,0,0,1,1,0,0,0,0,0,0,0.1440625
3518,ëqìcàËî¸,1,35,19,9,1,0.19371428571428573,18,0,0,0,1,0,6,6,2,0,0.18464088397790057
3518,ëqìcàËî¸,2,35,3,7,10,0.18371428571428572,0,3,0,0,0,0,0,0,0,20,0.18464088397790057
3518,ëqìcàËî¸,3,32,2,2,11,0.16999999999999998,0,1,1,0,0,0,0,0,0,0,0.18464088397790057
3518,ëqìcàËî¸,4,28,3,4,4,0.15464285714285714,0,2,1,0,0,0,0,0,0,0,0.18464088397790057
3518,ëqìcàËî¸,5,24,0,1,7,0.18999999999999997,0,0,0,0,0,0,0,0,0,0,0.18464088397790057
3518,ëqìcàËî¸,6,27,1,4,3,0.21777777777777776,0,0,1,0,0,0,0,0,0,0,0.18464088397790057
3519,ïyìcèGçK,1,34,10,3,6,0.1638235294117647,9,0,0,0,1,0,5,4,10,0,0.17004273504273504
3519,ïyìcèGçK,2,45,8,12,9,0.17222222222222222,0,8,0,0,0,0,0,0,0,22,0.17004273504273504
3519,ïyìcèGçK,3,42,6,7,9,0.1757142857142857,0,0,2,3,1,0,0,0,0,0,0.17004273504273504
3519,ïyìcèGçK,4,36,0,2,9,0.15805555555555556,0,0,0,0,0,0,0,0,0,0,0.17004273504273504
3519,ïyìcèGçK,5,40,1,4,9,0.15225,0,0,1,0,0,0,0,0,0,0,0.17004273504273504
3519,ïyìcèGçK,6,37,0,1,4,0.19756756756756758,0,0,0,0,0,0,0,0,0,0,0.17004273504273504
3522,í∑çaàÍê∂,1,55,27,15,5,0.1449090909090909,27,0,0,0,0,0,8,8,7,0,0.17231884057971014
3522,í∑çaàÍê∂,2,37,8,8,7,0.15864864864864864,0,3,4,0,1,0,0,0,0,17,0.17231884057971014
3522,í∑çaàÍê∂,3,33,4,9,5,0.17636363636363636,0,0,1,2,1,0,0,0,0,0,0.17231884057971014
3522,í∑çaàÍê∂,4,32,5,3,9,0.1984375,0,0,2,2,1,0,0,0,0,0,0.17231884057971014
3522,í∑çaàÍê∂,5,22,2,8,2,0.18363636363636363,0,0,1,1,0,0,0,0,0,0,0.17231884057971014
3522,í∑çaàÍê∂,6,28,3,3,8,0.2007142857142857,0,1,2,0,0,0,0,0,0,0,0.17231884057971014
3523,õêìcó∫é°,1,27,16,7,2,0.17037037037037037,14,1,0,0,1,0,3,2,6,0,0.16556756756756758
3523,õêìcó∫é°,2,32,1,5,9,0.181875,0,0,0,0,1,0,0,0,0,16,0.16556756756756758
3523,õêìcó∫é°,3,28,3,4,7,0.17214285714285715,0,2,1,0,0,0,0,0,0,0,0.16556756756756758
3523,õêìcó∫é°,4,29,2,4,5,0.1606896551724138,0,0,1,1,0,0,0,0,0,0,0.16556756756756758
3523,õêìcó∫é°,5,34,2,4,8,0.13941176470588235,0,0,2,0,0,0,0,0,0,0,0.16556756756756758
3523,õêìcó∫é°,6,35,1,3,6,0.17114285714285715,0,0,0,1,0,0,0,0,0,0,0.16556756756756758
3527,íÜìàêΩàÍòY,1,58,29,12,10,0.15465517241379312,28,0,0,0,1,0,7,13,8,0,0.1643853820598007
3527,íÜìàêΩàÍòY,2,51,5,19,10,0.15176470588235294,0,3,2,0,0,0,0,0,0,27,0.1643853820598007
3527,íÜìàêΩàÍòY,3,57,4,13,18,0.15473684210526317,0,2,0,1,1,0,0,0,0,0,0.1643853820598007
3527,íÜìàêΩàÍòY,4,46,1,10,12,0.17891304347826087,0,0,0,1,0,0,0,0,0,0,0.1643853820598007
3527,íÜìàêΩàÍòY,5,44,1,6,12,0.1765909090909091,0,0,0,0,1,0,0,0,0,0,0.1643853820598007
3527,íÜìàêΩàÍòY,6,45,1,6,7,0.17666666666666667,0,0,0,1,0,0,0,0,0,0,0.1643853820598007
3528,ä}ñÏóFãIåb,1,27,8,8,3,0.20555555555555555,7,0,0,0,1,0,6,8,4,0,0.2095731707317073
3528,ä}ñÏóFãIåb,2,34,1,7,8,0.20470588235294118,0,0,0,0,1,0,0,0,0,16,0.2095731707317073
3528,ä}ñÏóFãIåb,3,31,2,3,2,0.2335483870967742,0,0,1,0,0,1,0,0,0,0,0.2095731707317073
3528,ä}ñÏóFãIåb,4,25,1,0,6,0.2028,0,0,0,1,0,0,0,0,0,0,0.2095731707317073
3528,ä}ñÏóFãIåb,5,27,2,2,5,0.20740740740740743,0,0,1,0,1,0,0,0,0,0,0.2095731707317073
3528,ä}ñÏóFãIåb,6,20,0,0,2,0.1975,0,0,0,0,0,0,0,0,0,0,0.2095731707317073
3532,éƒìcåı,1,40,20,13,2,0.16075,20,0,0,0,0,0,5,7,7,0,0.15808612440191386
3532,éƒìcåı,2,38,10,7,10,0.15526315789473685,0,7,2,1,0,0,0,0,0,22,0.15808612440191386
3532,éƒìcåı,3,39,10,13,8,0.14025641025641025,0,2,3,2,2,1,0,0,0,0,0.15808612440191386
3532,éƒìcåı,4,31,5,4,7,0.15677419354838712,0,1,2,2,0,0,0,0,0,0,0.15808612440191386
3532,éƒìcåı,5,34,5,6,8,0.15735294117647058,0,1,1,2,1,0,0,0,0,0,0.15808612440191386
3532,éƒìcåı,6,27,3,4,8,0.1862962962962963,1,0,0,1,1,0,0,0,0,0,0.15808612440191386
3533,ç≤êÏê≥ìπ,1,34,8,7,7,0.21794117647058825,7,0,0,0,1,0,9,10,4,0,0.18941176470588236
3533,ç≤êÏê≥ìπ,2,35,4,11,4,0.18171428571428572,0,1,1,0,2,0,0,0,0,23,0.18941176470588236
3533,ç≤êÏê≥ìπ,3,37,3,4,6,0.19297297297297297,0,0,2,0,1,0,0,0,0,0,0.18941176470588236
3533,ç≤êÏê≥ìπ,4,35,1,5,8,0.18485714285714286,0,0,1,0,0,0,0,0,0,0,0.18941176470588236
3533,ç≤êÏê≥ìπ,5,37,0,3,8,0.17216216216216215,0,0,0,0,0,0,0,0,0,0,0.18941176470588236
3533,ç≤êÏê≥ìπ,6,26,0,2,3,0.18807692307692309,0,0,0,0,0,0,0,0,0,0,0.18941176470588236
3534,ñÏ‡VëÂìÒ,1,26,16,6,3,0.12346153846153846,14,0,0,0,2,0,1,2,5,0,0.14496296296296296
3534,ñÏ‡VëÂìÒ,2,23,3,7,4,0.17521739130434782,0,2,1,0,0,0,0,0,0,13,0.14496296296296296
3534,ñÏ‡VëÂìÒ,3,26,1,9,5,0.15730769230769232,0,0,0,0,0,1,0,0,0,0,0.14496296296296296
3534,ñÏ‡VëÂìÒ,4,24,4,5,7,0.12916666666666668,0,0,2,1,1,0,0,0,0,0,0.14496296296296296
3534,ñÏ‡VëÂìÒ,5,18,0,3,4,0.15444444444444447,0,0,0,0,0,0,0,0,0,0,0.14496296296296296
3534,ñÏ‡VëÂìÒ,6,18,0,1,3,0.1311111111111111,0,0,0,0,0,0,0,0,0,0,0.14496296296296296
3535,ìnèCïΩ,1,21,13,2,2,0.17476190476190476,13,0,0,0,0,0,1,5,2,0,0.19135483870967743
3535,ìnèCïΩ,2,29,1,4,6,0.19,0,0,1,0,0,0,0,0,0,18,0.19135483870967743
3535,ìnèCïΩ,3,28,3,2,3,0.17214285714285715,0,0,2,0,1,0,0,0,0,0,0.19135483870967743
3535,ìnèCïΩ,4,29,1,2,3,0.1989655172413793,0,1,0,0,0,0,0,0,0,0,0.19135483870967743
3535,ìnèCïΩ,5,27,1,1,1,0.20185185185185187,0,0,0,1,0,0,0,0,0,0,0.19135483870967743
3535,ìnèCïΩ,6,21,0,0,0,0.21142857142857144,0,0,0,0,0,0,0,0,0,0,0.19135483870967743
3536,àÍêFâÎè∫,1,26,7,6,2,0.20384615384615384,7,0,0,0,0,0,4,7,4,0,0.2023391812865497
3536,àÍêFâÎè∫,2,31,3,5,5,0.1932258064516129,0,2,1,0,0,0,0,0,0,17,0.2023391812865497
3536,àÍêFâÎè∫,3,29,1,6,8,0.19586206896551722,0,0,1,0,0,0,0,0,0,0,0.2023391812865497
3536,àÍêFâÎè∫,4,26,2,1,5,0.19230769230769232,0,0,1,0,1,0,0,0,0,0,0.2023391812865497
3536,àÍêFâÎè∫,5,28,1,1,2,0.21714285714285714,0,0,0,1,0,0,0,0,0,0,0.2023391812865497
3536,àÍêFâÎè∫,6,31,0,1,6,0.21129032258064515,0,0,0,0,0,0,0,0,0,0,0.2023391812865497
3537,ìcéRòaçL,1,20,9,3,0,0.1675,9,0,0,0,0,0,4,3,3,0,0.18986577181208053
3537,ìcéRòaçL,2,27,4,8,8,0.1940740740740741,0,2,2,0,0,0,0,0,0,13,0.18986577181208053
3537,ìcéRòaçL,3,28,0,5,8,0.20714285714285713,0,0,0,0,0,0,0,0,0,0,0.18986577181208053
3537,ìcéRòaçL,4,23,0,2,2,0.20260869565217393,0,0,0,0,0,0,0,0,0,0,0.18986577181208053
3537,ìcéRòaçL,5,31,0,1,3,0.1925806451612903,0,0,0,0,0,0,0,0,0,0,0.18986577181208053
3537,ìcéRòaçL,6,20,0,0,1,0.1635,0,0,0,0,0,0,0,0,0,0,0.18986577181208053
3538,ãeírïÙê∞,1,42,14,16,8,0.16166666666666668,13,0,0,0,1,0,12,4,9,0,0.16538461538461538
3538,ãeírïÙê∞,2,42,2,12,14,0.14404761904761904,0,2,0,0,0,0,0,0,0,19,0.16538461538461538
3538,ãeírïÙê∞,3,35,5,9,8,0.1717142857142857,0,1,0,3,1,0,0,0,0,0,0.16538461538461538
3538,ãeírïÙê∞,4,30,1,5,6,0.17266666666666666,0,0,1,0,0,0,0,0,0,0,0.16538461538461538
3538,ãeírïÙê∞,5,39,4,9,11,0.16743589743589743,0,1,0,3,0,0,0,0,0,0,0.16538461538461538
3538,ãeírïÙê∞,6,33,0,4,7,0.18151515151515152,0,0,0,0,0,0,0,0,0,0,0.16538461538461538
3539,ã‡éqèáàÍ,1,38,16,7,7,0.1744736842105263,16,0,0,0,0,0,6,10,4,0,0.1832258064516129
3539,ã‡éqèáàÍ,2,45,2,12,5,0.16577777777777777,0,1,1,0,0,0,0,0,0,21,0.1832258064516129
3539,ã‡éqèáàÍ,3,51,1,8,16,0.1711764705882353,0,0,0,1,0,0,0,0,0,0,0.1832258064516129
3539,ã‡éqèáàÍ,4,37,0,6,2,0.21243243243243243,0,0,0,0,0,0,0,0,0,0,0.1832258064516129
3539,ã‡éqèáàÍ,5,43,2,8,5,0.17906976744186046,0,0,0,2,0,0,0,0,0,0,0.1832258064516129
3539,ã‡éqèáàÍ,6,34,1,5,2,0.20764705882352943,0,0,1,0,0,0,0,0,0,0,0.1832258064516129
3541,éOõ∏êΩéi,1,69,45,18,1,0.14318840579710146,38,0,0,0,7,0,7,8,6,0,0.13996621621621622
3541,éOõ∏êΩéi,2,48,9,17,13,0.1325,0,7,2,0,0,0,0,0,0,24,0.13996621621621622
3541,éOõ∏êΩéi,3,44,13,7,12,0.12045454545454545,0,1,5,6,1,0,0,0,0,0,0.13996621621621622
3541,éOõ∏êΩéi,4,56,10,15,16,0.14339285714285713,0,3,0,6,1,0,0,0,0,0,0.13996621621621622
3541,éOõ∏êΩéi,5,39,3,3,12,0.1582051282051282,0,0,0,3,0,0,0,0,0,0,0.13996621621621622
3541,éOõ∏êΩéi,6,40,5,8,14,0.14225000000000002,0,1,2,1,1,0,0,0,0,0,0.13996621621621622
3542,ê¥êÖãIçé,1,34,8,9,7,0.16588235294117648,7,0,0,0,1,0,18,5,2,0,0.19089285714285714
3542,ê¥êÖãIçé,2,44,2,10,7,0.19090909090909092,0,0,1,0,1,0,0,0,0,22,0.19089285714285714
3542,ê¥êÖãIçé,3,42,1,5,4,0.1969047619047619,0,0,1,0,0,0,0,0,0,0,0.19089285714285714
3542,ê¥êÖãIçé,4,45,3,4,5,0.20044444444444443,0,1,0,0,2,0,0,0,0,0,0.19089285714285714
3542,ê¥êÖãIçé,5,34,1,7,2,0.19176470588235295,0,1,0,0,0,0,0,0,0,0,0.19089285714285714
3542,ê¥êÖãIçé,6,25,0,1,2,0.19640000000000002,0,0,0,0,0,0,0,0,0,0,0.19089285714285714
3543,ïüìcâÎàÍ,1,43,28,8,5,0.14,28,0,0,0,0,0,6,5,4,0,0.14807860262008735
3543,ïüìcâÎàÍ,2,38,9,10,7,0.1386842105263158,0,5,4,0,0,0,0,0,0,22,0.14807860262008735
3543,ïüìcâÎàÍ,3,40,10,14,4,0.142,0,2,3,3,1,1,0,0,0,0,0.14807860262008735
3543,ïüìcâÎàÍ,4,41,3,9,8,0.1495121951219512,0,2,0,1,0,0,0,0,0,0,0.14807860262008735
3543,ïüìcâÎàÍ,5,33,3,3,5,0.16545454545454547,0,0,1,2,0,0,0,0,0,0,0.14807860262008735
3543,ïüìcâÎàÍ,6,34,1,5,4,0.15735294117647058,0,0,1,0,0,0,0,0,0,0,0.14807860262008735
3544,ñLìcåPñı,1,27,10,5,6,0.17444444444444443,10,0,0,0,0,0,10,2,4,0,0.194640522875817
3544,ñLìcåPñı,2,26,1,4,7,0.19769230769230772,0,1,0,0,0,0,0,0,0,10,0.194640522875817
3544,ñLìcåPñı,3,27,2,9,3,0.2051851851851852,0,0,1,1,0,0,0,0,0,0,0.194640522875817
3544,ñLìcåPñı,4,26,2,2,1,0.19884615384615384,0,0,1,1,0,0,0,0,0,0,0.194640522875817
3544,ñLìcåPñı,5,25,1,2,3,0.192,0,0,0,1,0,0,0,0,0,0,0.194640522875817
3544,ñLìcåPñı,6,22,0,1,1,0.2009090909090909,0,0,0,0,0,0,0,0,0,0,0.194640522875817
3546,íÜó¢èπéu,1,41,22,9,4,0.13902439024390245,20,0,0,0,2,0,5,10,1,0,0.15
3546,íÜó¢èπéu,2,36,7,10,8,0.16527777777777777,0,3,3,0,1,0,0,0,0,17,0.15
3546,íÜó¢èπéu,3,36,4,5,8,0.16611111111111113,0,0,3,1,0,0,0,0,0,0,0.15
3546,íÜó¢èπéu,4,31,1,4,6,0.15612903225806452,0,0,1,0,0,0,0,0,0,0,0.15
3546,íÜó¢èπéu,5,32,2,0,5,0.140625,0,0,0,2,0,0,0,0,0,0,0.15
3546,íÜó¢èπéu,6,29,0,3,5,0.1303448275862069,0,0,0,0,0,0,0,0,0,0,0.15
3548,é∫ìcë◊éj,1,39,30,4,3,0.1123076923076923,29,0,0,0,1,0,4,2,3,0,0.12669811320754717
3548,é∫ìcë◊éj,2,34,4,11,7,0.13823529411764707,0,2,2,0,0,0,0,0,0,18,0.12669811320754717
3548,é∫ìcë◊éj,3,36,4,11,8,0.11750000000000001,0,0,2,2,0,0,0,0,0,0,0.12669811320754717
3548,é∫ìcë◊éj,4,38,4,10,8,0.1394736842105263,0,1,0,2,1,0,0,0,0,0,0.12669811320754717
3548,é∫ìcë◊éj,5,35,0,5,9,0.12485714285714286,0,0,0,0,0,0,0,0,0,0,0.12669811320754717
3548,é∫ìcë◊éj,6,30,0,3,3,0.12933333333333333,0,0,0,0,0,0,0,0,0,0,0.12669811320754717
3550,ìsízê≥é°,1,63,42,8,4,0.14396825396825397,40,0,0,0,2,0,5,7,6,0,0.15307692307692308
3550,ìsízê≥é°,2,59,15,11,7,0.13508474576271187,2,6,6,0,1,0,0,0,0,24,0.15307692307692308
3550,ìsízê≥é°,3,47,11,4,10,0.14425531914893616,0,0,8,2,1,0,0,0,0,0,0.15307692307692308
3550,ìsízê≥é°,4,53,10,10,11,0.15037735849056602,0,2,6,1,1,0,0,0,0,0,0.15307692307692308
3550,ìsízê≥é°,5,42,4,5,8,0.18142857142857144,0,1,3,0,0,0,0,0,0,0,0.15307692307692308
3550,ìsízê≥é°,6,48,6,9,6,0.17395833333333333,0,0,5,0,0,1,0,0,0,0,0.15307692307692308
3551,ì°ìcî¸ë„,1,24,10,7,2,0.20750000000000002,10,0,0,0,0,0,3,6,5,0,0.19835978835978837
3551,ì°ìcî¸ë„,2,39,3,7,10,0.19333333333333333,0,1,2,0,0,0,0,0,0,20,0.19835978835978837
3551,ì°ìcî¸ë„,3,33,1,6,7,0.2127272727272727,0,0,1,0,0,0,0,0,0,0,0.19835978835978837
3551,ì°ìcî¸ë„,4,31,1,2,9,0.18870967741935482,0,0,1,0,0,0,0,0,0,0,0.19835978835978837
3551,ì°ìcî¸ë„,5,37,2,5,2,0.20405405405405405,0,0,1,1,0,0,0,0,0,0,0.19835978835978837
3551,ì°ìcî¸ë„,6,25,1,2,2,0.182,0,0,1,0,0,0,0,0,0,0,0.19835978835978837
3553,ïΩírêméu,1,35,11,7,5,0.15828571428571428,8,0,1,0,2,0,8,9,5,0,0.17399141630901288
3553,ïΩírêméu,2,44,5,8,15,0.1843181818181818,0,3,1,0,1,0,0,0,0,25,0.17399141630901288
3553,ïΩírêméu,3,44,4,9,7,0.17522727272727273,0,1,1,2,0,0,0,0,0,0,0.17399141630901288
3553,ïΩírêméu,4,37,8,2,8,0.15756756756756757,0,1,5,1,1,0,0,0,0,0,0.17399141630901288
3553,ïΩírêméu,5,38,3,5,8,0.17842105263157895,0,0,2,1,0,0,0,0,0,0,0.17399141630901288
3553,ïΩírêméu,6,35,0,1,3,0.18771428571428572,0,0,0,0,0,0,0,0,0,0,0.17399141630901288
3554,íáå˚îéêí,1,69,52,7,6,0.14521739130434783,51,0,0,0,1,0,7,2,7,0,0.1753020134228188
3554,íáå˚îéêí,2,54,13,12,9,0.16481481481481483,0,6,5,0,2,0,0,0,0,24,0.1753020134228188
3554,íáå˚îéêí,3,55,13,15,12,0.17490909090909093,0,2,3,5,3,0,0,0,0,0,0.1753020134228188
3554,íáå˚îéêí,4,40,9,7,12,0.19624999999999998,0,3,1,4,1,0,0,0,0,0,0.1753020134228188
3554,íáå˚îéêí,5,44,3,10,11,0.20659090909090908,0,0,1,2,0,0,0,0,0,0,0.1753020134228188
3554,íáå˚îéêí,6,36,7,10,5,0.18777777777777777,0,0,6,1,0,0,0,0,0,0,0.1753020134228188
3555,ñÏìYãMóT,1,18,14,2,0,0.15388888888888888,13,0,0,0,1,0,1,1,2,0,0.15010309278350517
3555,ñÏìYãMóT,2,15,3,7,2,0.17666666666666667,0,3,0,0,0,0,0,0,0,7,0.15010309278350517
3555,ñÏìYãMóT,3,16,2,5,5,0.14375000000000002,0,0,0,1,0,1,0,0,0,0,0.15010309278350517
3555,ñÏìYãMóT,4,21,5,2,8,0.13,0,0,3,2,0,0,0,0,0,0,0.15010309278350517
3555,ñÏìYãMóT,5,14,2,3,3,0.1435714285714286,0,0,1,1,0,0,0,0,0,0,0.15010309278350517
3555,ñÏìYãMóT,6,13,2,1,3,0.16153846153846155,0,0,1,1,0,0,0,0,0,0,0.15010309278350517
3556,ìcíÜêMàÍòY,1,45,26,10,3,0.1622222222222222,26,0,0,0,0,0,1,6,12,0,0.16445454545454546
3556,ìcíÜêMàÍòY,2,40,10,11,7,0.16775,0,4,5,0,1,0,0,0,0,20,0.16445454545454546
3556,ìcíÜêMàÍòY,3,38,8,8,13,0.14684210526315788,0,1,4,2,1,0,0,0,0,0,0.16445454545454546
3556,ìcíÜêMàÍòY,4,39,8,12,7,0.16589743589743589,0,0,4,4,0,0,0,0,0,0,0.16445454545454546
3556,ìcíÜêMàÍòY,5,29,1,6,9,0.17758620689655175,0,0,0,1,0,0,0,0,0,0,0.16445454545454546
3556,ìcíÜêMàÍòY,6,29,3,6,2,0.1713793103448276,0,0,0,2,1,0,0,0,0,0,0.16445454545454546
3557,ëæìcòaî¸,1,59,42,7,0,0.14813559322033898,41,0,0,0,1,0,2,4,7,0,0.15213114754098359
3557,ëæìcòaî¸,2,39,4,11,8,0.15487179487179487,0,1,1,0,2,0,0,0,0,25,0.15213114754098359
3557,ëæìcòaî¸,3,39,12,9,5,0.1458974358974359,0,0,4,5,3,0,0,0,0,0,0.15213114754098359
3557,ëæìcòaî¸,4,37,12,6,8,0.1635135135135135,0,0,6,4,1,1,0,0,0,0,0.15213114754098359
3557,ëæìcòaî¸,5,29,2,9,5,0.14310344827586208,0,1,0,1,0,0,0,0,0,0,0.15213114754098359
3557,ëæìcòaî¸,6,41,2,8,9,0.1573170731707317,0,0,0,2,0,0,0,0,0,0,0.15213114754098359
3558,éRñ{ç_éü,1,39,22,7,3,0.16128205128205128,21,0,0,0,1,0,6,4,7,0,0.16187793427230046
3558,éRñ{ç_éü,2,39,4,9,5,0.1694871794871795,0,4,0,0,0,0,0,0,0,23,0.16187793427230046
3558,éRñ{ç_éü,3,40,4,7,10,0.16225,1,0,0,3,0,0,0,0,0,0,0.16187793427230046
3558,éRñ{ç_éü,4,33,4,4,7,0.1521212121212121,0,1,2,0,1,0,0,0,0,0,0.16187793427230046
3558,éRñ{ç_éü,5,33,3,4,2,0.15393939393939393,0,1,0,1,1,0,0,0,0,0,0.16187793427230046
3558,éRñ{ç_éü,6,29,2,3,6,0.17206896551724138,0,0,2,0,0,0,0,0,0,0,0.16187793427230046
3559,êÖí∑è∆óY,1,25,10,3,4,0.19920000000000002,10,0,0,0,0,0,3,7,4,0,0.18092391304347827
3559,êÖí∑è∆óY,2,32,2,5,7,0.2046875,0,2,0,0,0,0,0,0,0,21,0.18092391304347827
3559,êÖí∑è∆óY,3,43,2,5,8,0.18325581395348836,0,0,1,1,0,0,0,0,0,0,0.18092391304347827
3559,êÖí∑è∆óY,4,28,3,2,5,0.16321428571428573,0,1,2,0,0,0,0,0,0,0,0.18092391304347827
3559,êÖí∑è∆óY,5,30,1,5,6,0.17333333333333334,0,0,0,1,0,0,0,0,0,0,0.18092391304347827
3559,êÖí∑è∆óY,6,26,0,2,1,0.1580769230769231,0,0,0,0,0,0,0,0,0,0,0.18092391304347827
3560,ëæìcçéç∆,1,18,6,5,1,0.18055555555555555,6,0,0,0,0,0,5,4,1,0,0.19814814814814813
3560,ëæìcçéç∆,2,16,0,1,1,0.2325,0,0,0,0,0,0,0,0,0,6,0.19814814814814813
3560,ëæìcçéç∆,3,25,0,0,6,0.19440000000000002,0,0,0,0,0,0,0,0,0,0,0.19814814814814813
3560,ëæìcçéç∆,4,18,0,2,2,0.18666666666666665,0,0,0,0,0,0,0,0,0,0,0.19814814814814813
3560,ëæìcçéç∆,5,16,0,1,2,0.196875,0,0,0,0,0,0,0,0,0,0,0.19814814814814813
3560,ëæìcçéç∆,6,15,1,0,2,0.20400000000000001,0,0,0,1,0,0,0,0,0,0,0.19814814814814813
3561,írìcê^é°,1,14,4,3,1,0.22071428571428572,4,0,0,0,0,0,3,5,2,0,0.22321428571428573
3561,írìcê^é°,2,16,0,2,2,0.22625,0,0,0,0,0,0,0,0,0,7,0.22321428571428573
3561,írìcê^é°,3,15,1,1,4,0.20800000000000002,0,0,1,0,0,0,0,0,0,0,0.22321428571428573
3561,írìcê^é°,4,13,0,1,2,0.2423076923076923,0,0,0,0,0,0,0,0,0,0,0.22321428571428573
3561,írìcê^é°,5,9,0,0,0,0.23222222222222222,0,0,0,0,0,0,0,0,0,0,0.22321428571428573
3561,írìcê^é°,6,17,0,0,0,0.21647058823529414,0,0,0,0,0,0,0,0,0,0,0.22321428571428573
3562,éRâ∫òaïF,1,53,39,5,1,0.15433962264150944,37,0,0,0,2,0,3,5,4,0,0.16498127340823968
3562,éRâ∫òaïF,2,44,7,12,11,0.16522727272727272,1,2,3,0,1,0,0,0,0,27,0.16498127340823968
3562,éRâ∫òaïF,3,50,3,18,9,0.1594,0,0,0,3,0,0,0,0,0,0,0.16498127340823968
3562,éRâ∫òaïF,4,37,3,5,11,0.16054054054054054,0,0,1,2,0,0,0,0,0,0,0.16498127340823968
3562,éRâ∫òaïF,5,37,3,5,8,0.16837837837837838,0,0,2,1,0,0,0,0,0,0,0.16498127340823968
3562,éRâ∫òaïF,6,46,0,5,11,0.1839130434782609,0,0,0,0,0,0,0,0,0,0,0.16498127340823968
3563,íÁè∏,1,61,31,9,9,0.18196721311475408,29,0,0,0,2,0,5,14,8,0,0.171629392971246
3563,íÁè∏,2,55,7,15,10,0.17854545454545456,3,4,0,0,0,0,0,0,0,23,0.171629392971246
3563,íÁè∏,3,54,4,10,11,0.1627777777777778,0,1,2,0,1,0,0,0,0,0,0.171629392971246
3563,íÁè∏,4,52,3,9,19,0.16942307692307693,0,0,1,0,1,1,0,0,0,0,0.171629392971246
3563,íÁè∏,5,46,4,12,8,0.16326086956521738,1,0,2,1,0,0,0,0,0,0,0.171629392971246
3563,íÁè∏,6,45,1,6,12,0.1708888888888889,0,1,0,0,0,0,0,0,0,0,0.171629392971246
3564,åKå¥å[,1,31,13,8,2,0.16451612903225804,11,0,0,0,2,0,7,5,4,0,0.16118942731277536
3564,åKå¥å[,2,39,4,9,6,0.16,0,3,1,0,0,0,0,0,0,21,0.16118942731277536
3564,åKå¥å[,3,44,5,7,7,0.15613636363636363,0,0,3,1,1,0,0,0,0,0,0.16118942731277536
3564,åKå¥å[,4,39,7,6,3,0.15666666666666668,0,2,5,0,0,0,0,0,0,0,0.16118942731277536
3564,åKå¥å[,5,40,2,5,2,0.1605,0,0,0,2,0,0,0,0,0,0,0.16118942731277536
3564,åKå¥å[,6,34,0,2,3,0.1720588235294118,0,0,0,0,0,0,0,0,0,0,0.16118942731277536
3565,ç‚ñ{ìøçé,1,32,5,7,8,0.1575,5,0,0,0,0,0,6,11,7,0,0.17458715596330276
3565,ç‚ñ{ìøçé,2,35,1,5,8,0.18714285714285714,0,1,0,0,0,0,0,0,0,13,0.17458715596330276
3565,ç‚ñ{ìøçé,3,39,0,7,8,0.15948717948717947,0,0,0,0,0,0,0,0,0,0,0.17458715596330276
3565,ç‚ñ{ìøçé,4,35,2,4,4,0.156,0,0,1,1,0,0,0,0,0,0,0.17458715596330276
3565,ç‚ñ{ìøçé,5,34,1,2,4,0.1847058823529412,0,1,0,0,0,0,0,0,0,0,0.17458715596330276
3565,ç‚ñ{ìøçé,6,43,0,1,2,0.19790697674418603,0,0,0,0,0,0,0,0,0,0,0.17458715596330276
3566,êÏìYâpê≥,1,43,23,12,5,0.15325581395348836,22,0,0,0,1,0,11,6,3,0,0.18144
3566,êÏìYâpê≥,2,40,4,14,8,0.181,0,4,0,0,0,0,0,0,0,15,0.18144
3566,êÏìYâpê≥,3,45,3,11,10,0.18444444444444447,0,0,2,0,1,0,0,0,0,0,0.18144
3566,êÏìYâpê≥,4,48,3,6,11,0.16833333333333333,0,1,1,1,0,0,0,0,0,0,0.18144
3566,êÏìYâpê≥,5,36,0,3,8,0.19527777777777777,0,0,0,0,0,0,0,0,0,0,0.18144
3566,êÏìYâpê≥,6,38,0,1,7,0.21368421052631578,0,0,0,0,0,0,0,0,0,0,0.18144
3567,ãgâ™êΩ,1,18,5,5,3,0.16777777777777778,5,0,0,0,0,0,7,4,1,0,0.17042857142857143
3567,ãgâ™êΩ,2,23,0,5,4,0.18304347826086956,0,0,0,0,0,0,0,0,0,14,0.17042857142857143
3567,ãgâ™êΩ,3,30,2,8,6,0.16666666666666666,0,0,1,1,0,0,0,0,0,0,0.17042857142857143
3567,ãgâ™êΩ,4,24,2,1,6,0.15583333333333335,0,2,0,0,0,0,0,0,0,0,0.17042857142857143
3567,ãgâ™êΩ,5,27,0,1,5,0.1811111111111111,0,0,0,0,0,0,0,0,0,0,0.17042857142857143
3567,ãgâ™êΩ,6,18,0,1,4,0.16666666666666666,0,0,0,0,0,0,0,0,0,0,0.17042857142857143
3568,ñÿë∫åıçG,1,50,25,14,4,0.1444,24,0,0,0,1,0,12,6,2,0,0.16324528301886793
3568,ñÿë∫åıçG,2,38,5,12,6,0.17078947368421052,0,2,2,0,0,1,0,0,0,24,0.16324528301886793
3568,ñÿë∫åıçG,3,52,6,8,15,0.15519230769230768,1,0,5,0,0,0,0,0,0,0,0.16324528301886793
3568,ñÿë∫åıçG,4,48,12,9,4,0.15458333333333332,1,2,6,1,0,2,0,0,0,0,0.16324528301886793
3568,ñÿë∫åıçG,5,42,5,8,7,0.1730952380952381,1,2,0,1,1,0,0,0,0,0,0.16324528301886793
3568,ñÿë∫åıçG,6,35,0,5,4,0.194,0,0,0,0,0,0,0,0,0,0,0.16324528301886793
3569,ëùìcêi,1,35,15,7,2,0.15685714285714286,15,0,0,0,0,0,2,7,6,0,0.18135964912280703
3569,ëùìcêi,2,43,6,10,7,0.16674418604651162,0,4,2,0,0,0,0,0,0,23,0.18135964912280703
3569,ëùìcêi,3,43,3,6,8,0.17837209302325582,0,1,0,2,0,0,0,0,0,0,0.18135964912280703
3569,ëùìcêi,4,42,0,3,9,0.19095238095238093,0,0,0,0,0,0,0,0,0,0,0.18135964912280703
3569,ëùìcêi,5,35,1,3,2,0.18714285714285714,0,0,1,0,0,0,0,0,0,0,0.18135964912280703
3569,ëùìcêi,6,30,0,2,4,0.215,0,0,0,0,0,0,0,0,0,0,0.18135964912280703
3571,éõñ{ïêéi,1,28,9,8,3,0.13642857142857143,9,0,0,0,0,0,6,8,4,0,0.1608888888888889
3571,éõñ{ïêéi,2,29,1,6,4,0.1403448275862069,0,1,0,0,0,0,0,0,0,12,0.1608888888888889
3571,éõñ{ïêéi,3,33,0,3,4,0.1606060606060606,0,0,0,0,0,0,0,0,0,0,0.1608888888888889
3571,éõñ{ïêéi,4,28,2,3,4,0.15321428571428572,0,0,1,1,0,0,0,0,0,0,0.1608888888888889
3571,éõñ{ïêéi,5,32,0,1,2,0.1859375,0,0,0,0,0,0,0,0,0,0,0.1608888888888889
3571,éõñ{ïêéi,6,30,0,1,2,0.18433333333333335,0,0,0,0,0,0,0,0,0,0,0.1608888888888889
3572,à¿ìcê≠ïF,1,64,40,15,2,0.1678125,40,0,0,0,0,0,5,7,10,0,0.18940625
3572,à¿ìcê≠ïF,2,57,13,16,11,0.1794736842105263,0,7,6,0,0,0,0,0,0,30,0.18940625
3572,à¿ìcê≠ïF,3,57,17,15,11,0.16824561403508773,0,1,4,11,1,0,0,0,0,0,0.18940625
3572,à¿ìcê≠ïF,4,53,2,11,11,0.19169811320754718,0,0,1,1,0,0,0,0,0,0,0.18940625
3572,à¿ìcê≠ïF,5,47,1,6,13,0.2027659574468085,0,0,0,1,0,0,0,0,0,0,0.18940625
3572,à¿ìcê≠ïF,6,42,1,4,6,0.24666666666666665,0,1,0,0,0,0,0,0,0,0,0.18940625
3573,ëOñ{ë◊òa,1,62,46,7,7,0.13999999999999999,45,0,0,0,1,0,3,6,5,0,0.1525
3573,ëOñ{ë◊òa,2,39,10,9,10,0.15435897435897436,4,5,0,0,1,0,0,0,0,21,0.1525
3573,ëOñ{ë◊òa,3,33,6,7,10,0.1509090909090909,0,3,2,1,0,0,0,0,0,0,0.1525
3573,ëOñ{ë◊òa,4,41,13,4,8,0.14707317073170734,1,2,7,1,2,0,0,0,0,0,0.1525
3573,ëOñ{ë◊òa,5,34,4,11,9,0.15676470588235294,0,1,0,1,2,0,0,0,0,0,0.1525
3573,ëOñ{ë◊òa,6,39,8,8,7,0.17384615384615384,0,3,1,2,2,0,0,0,0,0,0.1525
3574,ëÂê_çNéi,1,54,36,7,3,0.15981481481481483,32,0,0,0,4,0,5,6,6,0,0.1583884297520661
3574,ëÂê_çNéi,2,44,13,8,8,0.1459090909090909,1,5,5,0,2,0,0,0,0,18,0.1583884297520661
3574,ëÂê_çNéi,3,42,7,12,7,0.14857142857142858,0,0,5,1,1,0,0,0,0,0,0.1583884297520661
3574,ëÂê_çNéi,4,37,3,9,9,0.1564864864864865,0,1,2,0,0,0,0,0,0,0,0.1583884297520661
3574,ëÂê_çNéi,5,30,5,6,7,0.18633333333333332,1,1,2,0,1,0,0,0,0,0,0.1583884297520661
3574,ëÂê_çNéi,6,35,7,4,4,0.16171428571428573,0,4,2,1,0,0,0,0,0,0,0.1583884297520661
3576,îíêÖèüñÁ,1,72,50,11,6,0.14972222222222223,47,0,0,0,3,0,6,9,4,0,0.18079861111111112
3576,îíêÖèüñÁ,2,44,10,13,12,0.1825,2,2,2,0,2,2,0,0,0,24,0.18079861111111112
3576,îíêÖèüñÁ,3,46,7,15,14,0.20130434782608694,0,0,2,2,3,0,0,0,0,0,0.18079861111111112
3576,îíêÖèüñÁ,4,49,6,13,14,0.17897959183673467,0,2,1,3,0,0,0,0,0,0,0.18079861111111112
3576,îíêÖèüñÁ,5,34,5,5,12,0.18794117647058822,0,0,0,4,1,0,0,0,0,0,0.18079861111111112
3576,îíêÖèüñÁ,6,43,5,7,12,0.2055813953488372,0,1,1,2,1,0,0,0,0,0,0.18079861111111112
3577,å¸èäç_ìÒ,1,53,29,11,3,0.16150943396226417,28,0,0,0,1,0,6,3,9,0,0.14746153846153848
3577,å¸èäç_ìÒ,2,46,9,10,5,0.1391304347826087,0,8,0,0,1,0,0,0,0,25,0.14746153846153848
3577,å¸èäç_ìÒ,3,48,7,9,12,0.15041666666666667,0,1,2,3,1,0,0,0,0,0,0.14746153846153848
3577,å¸èäç_ìÒ,4,39,7,6,6,0.1335897435897436,0,1,6,0,0,0,0,0,0,0,0.14746153846153848
3577,å¸èäç_ìÒ,5,38,1,5,9,0.13289473684210526,0,0,1,0,0,0,0,0,0,0,0.14746153846153848
3577,å¸èäç_ìÒ,6,36,1,3,6,0.1638888888888889,0,0,0,1,0,0,0,0,0,0,0.14746153846153848
3578,âñìcóYàÍ,1,35,12,10,3,0.2022857142857143,11,0,0,0,1,0,10,8,1,0,0.18595833333333334
3578,âñìcóYàÍ,2,44,3,9,11,0.19090909090909092,0,1,2,0,0,0,0,0,0,23,0.18595833333333334
3578,âñìcóYàÍ,3,42,1,13,6,0.1907142857142857,0,0,1,0,0,0,0,0,0,0,0.18595833333333334
3578,âñìcóYàÍ,4,37,1,8,6,0.19405405405405404,0,0,1,0,0,0,0,0,0,0,0.18595833333333334
3578,âñìcóYàÍ,5,46,2,4,11,0.1658695652173913,0,0,0,2,0,0,0,0,0,0,0.18595833333333334
3578,âñìcóYàÍ,6,36,0,0,8,0.17583333333333334,0,0,0,0,0,0,0,0,0,0,0.18595833333333334
3579,íÜó¢óDéq,1,42,24,14,1,0.15095238095238095,22,0,0,0,2,0,7,4,6,0,0.1569098712446352
3579,íÜó¢óDéq,2,40,7,15,8,0.13874999999999998,1,4,2,0,0,0,0,0,0,27,0.1569098712446352
3579,íÜó¢óDéq,3,46,3,12,10,0.1476086956521739,0,0,2,1,0,0,0,0,0,0,0.1569098712446352
3579,íÜó¢óDéq,4,39,3,9,5,0.17333333333333334,0,0,2,1,0,0,0,0,0,0,0.1569098712446352
3579,íÜó¢óDéq,5,33,1,4,6,0.1796969696969697,0,0,1,0,0,0,0,0,0,0,0.1569098712446352
3579,íÜó¢óDéq,6,33,0,5,6,0.1572727272727273,0,0,0,0,0,0,0,0,0,0,0.1569098712446352
3580,êÖå˚óRãI,1,32,8,12,4,0.2065625,7,0,0,0,1,0,7,11,4,0,0.19126760563380282
3580,êÖå˚óRãI,2,41,3,14,10,0.17243902439024392,0,2,0,0,1,0,0,0,0,23,0.19126760563380282
3580,êÖå˚óRãI,3,38,5,7,9,0.17710526315789474,0,0,2,2,1,0,0,0,0,0,0.19126760563380282
3580,êÖå˚óRãI,4,40,1,6,10,0.18725,0,1,0,0,0,0,0,0,0,0,0.19126760563380282
3580,êÖå˚óRãI,5,32,3,3,5,0.1965625,0,2,1,0,0,0,0,0,0,0,0.19126760563380282
3580,êÖå˚óRãI,6,30,0,2,2,0.21833333333333332,0,0,0,0,0,0,0,0,0,0,0.19126760563380282
3581,â¡ñÿàË,1,24,8,7,3,0.17833333333333334,8,0,0,0,0,0,5,8,2,0,0.19056122448979593
3581,â¡ñÿàË,2,37,3,8,6,0.1827027027027027,0,3,0,0,0,0,0,0,0,17,0.19056122448979593
3581,â¡ñÿàË,3,39,1,9,2,0.18333333333333335,0,0,1,0,0,0,0,0,0,0,0.19056122448979593
3581,â¡ñÿàË,4,32,2,4,9,0.1828125,0,0,1,0,1,0,0,0,0,0,0.19056122448979593
3581,â¡ñÿàË,5,37,2,3,2,0.20702702702702702,0,1,0,1,0,0,0,0,0,0,0.19056122448979593
3581,â¡ñÿàË,6,27,2,1,3,0.20925925925925928,0,0,1,0,1,0,0,0,0,0,0.19056122448979593
3582,ãgêÏè∫íj,1,70,53,14,2,0.14871428571428572,50,0,0,0,3,0,5,4,4,0,0.16529411764705884
3582,ãgêÏè∫íj,2,50,11,12,9,0.162,0,8,2,0,0,1,0,0,0,25,0.16529411764705884
3582,ãgêÏè∫íj,3,47,10,15,7,0.1651063829787234,0,4,2,4,0,0,0,0,0,0,0.16529411764705884
3582,ãgêÏè∫íj,4,43,3,10,7,0.1727906976744186,0,1,0,0,2,0,0,0,0,0,0.16529411764705884
3582,ãgêÏè∫íj,5,38,4,12,9,0.1713157894736842,1,1,0,1,1,0,0,0,0,0,0.16529411764705884
3582,ãgêÏè∫íj,6,41,4,8,9,0.18439024390243905,0,1,1,1,1,0,0,0,0,0,0.16529411764705884
3583,‚Vì°íqóT,1,36,15,5,4,0.15416666666666667,14,0,0,0,0,1,9,8,1,0,0.17579207920792078
3583,‚Vì°íqóT,2,35,1,7,7,0.20542857142857143,0,0,0,0,0,1,0,0,0,17,0.17579207920792078
3583,‚Vì°íqóT,3,37,4,6,5,0.16567567567567568,0,0,3,1,0,0,0,0,0,0,0.17579207920792078
3583,‚Vì°íqóT,4,31,0,4,6,0.17774193548387096,0,0,0,0,0,0,0,0,0,0,0.17579207920792078
3583,‚Vì°íqóT,5,32,1,2,4,0.1696875,0,0,0,1,0,0,0,0,0,0,0.17579207920792078
3583,‚Vì°íqóT,6,31,0,1,5,0.18387096774193548,0,0,0,0,0,0,0,0,0,0,0.17579207920792078
3584,ç≤ÅXñÿâpé˜,1,41,17,15,2,0.15707317073170732,16,0,0,0,1,0,14,4,2,0,0.16983539094650207
3584,ç≤ÅXñÿâpé˜,2,41,2,15,7,0.1575609756097561,0,1,1,0,0,0,0,0,0,27,0.16983539094650207
3584,ç≤ÅXñÿâpé˜,3,43,4,12,8,0.1527906976744186,0,0,2,1,1,0,0,0,0,0,0.16983539094650207
3584,ç≤ÅXñÿâpé˜,4,39,2,4,3,0.18000000000000002,0,0,1,1,0,0,0,0,0,0,0.16983539094650207
3584,ç≤ÅXñÿâpé˜,5,40,2,4,6,0.179,0,0,0,2,0,0,0,0,0,0,0.16983539094650207
3584,ç≤ÅXñÿâpé˜,6,39,1,2,3,0.19538461538461538,0,0,0,0,1,0,0,0,0,0,0.16983539094650207
3587,ïêìcêMàÍ,1,30,8,10,6,0.149,8,0,0,0,0,0,12,5,4,0,0.1528846153846154
3587,ïêìcêMàÍ,2,40,2,10,6,0.16,0,0,2,0,0,0,0,0,0,23,0.1528846153846154
3587,ïêìcêMàÍ,3,34,4,5,5,0.14264705882352943,0,1,1,2,0,0,0,0,0,0,0.1528846153846154
3587,ïêìcêMàÍ,4,33,1,3,8,0.14454545454545453,0,0,1,0,0,0,0,0,0,0,0.1528846153846154
3587,ïêìcêMàÍ,5,41,2,5,9,0.16073170731707317,0,0,0,2,0,0,0,0,0,0,0.1528846153846154
3587,ïêìcêMàÍ,6,30,0,2,1,0.15733333333333333,0,0,0,0,0,0,0,0,0,0,0.1528846153846154
3589,êºë∫èü,1,29,18,3,2,0.1806896551724138,15,0,0,0,3,0,4,4,2,0,0.16638297872340427
3589,êºë∫èü,2,34,7,8,3,0.1758823529411765,0,6,0,0,1,0,0,0,0,13,0.16638297872340427
3589,êºë∫èü,3,32,2,12,7,0.1546875,0,0,2,0,0,0,0,0,0,0,0.16638297872340427
3589,êºë∫èü,4,33,5,9,4,0.13393939393939394,0,0,3,2,0,0,0,0,0,0,0.16638297872340427
3589,êºë∫èü,5,30,0,10,6,0.15933333333333335,0,0,0,0,0,0,0,0,0,0,0.16638297872340427
3589,êºë∫èü,6,30,2,0,3,0.197,0,0,0,2,0,0,0,0,0,0,0.16638297872340427
3590,‡_ñÏíJåõå·,1,54,42,5,3,0.13907407407407407,42,0,0,0,0,0,1,4,5,0,0.14415584415584415
3590,‡_ñÏíJåõå·,2,37,8,18,2,0.14135135135135135,0,5,3,0,0,0,0,0,0,16,0.14415584415584415
3590,‡_ñÏíJåõå·,3,35,6,9,6,0.13342857142857142,0,1,2,0,3,0,0,0,0,0,0.14415584415584415
3590,‡_ñÏíJåõå·,4,34,8,7,8,0.13999999999999999,0,2,5,1,0,0,0,0,0,0,0.14415584415584415
3590,‡_ñÏíJåõå·,5,37,6,6,7,0.13594594594594595,0,1,2,2,1,0,0,0,0,0,0.14415584415584415
3590,‡_ñÏíJåõå·,6,34,4,8,3,0.17941176470588235,0,0,1,3,0,0,0,0,0,0,0.14415584415584415
3591,å„ì°çFã`,1,26,9,4,4,0.14884615384615385,9,0,0,0,0,0,4,3,8,0,0.1859090909090909
3591,å„ì°çFã`,2,27,4,8,5,0.1748148148148148,0,3,1,0,0,0,0,0,0,17,0.1859090909090909
3591,å„ì°çFã`,3,28,0,4,8,0.18142857142857144,0,0,0,0,0,0,0,0,0,0,0.1859090909090909
3591,å„ì°çFã`,4,27,2,3,3,0.19185185185185183,0,0,2,0,0,0,0,0,0,0,0.1859090909090909
3591,å„ì°çFã`,5,26,1,2,3,0.19615384615384615,0,0,0,0,0,1,0,0,0,0,0.1859090909090909
3591,å„ì°çFã`,6,20,0,1,3,0.23399999999999999,0,0,0,0,0,0,0,0,0,0,0.1859090909090909
3592,ã¥ñ{åíë¢,1,7,0,2,0,0.1757142857142857,0,0,0,0,0,0,3,1,3,0,0.1857627118644068
3592,ã¥ñ{åíë¢,2,7,0,1,0,0.25,0,0,0,0,0,0,0,0,0,3,0.1857627118644068
3592,ã¥ñ{åíë¢,3,11,0,1,1,0.21909090909090911,0,0,0,0,0,0,0,0,0,0,0.1857627118644068
3592,ã¥ñ{åíë¢,4,10,0,1,0,0.17300000000000001,0,0,0,0,0,0,0,0,0,0,0.1857627118644068
3592,ã¥ñ{åíë¢,5,12,0,0,1,0.1625,0,0,0,0,0,0,0,0,0,0,0.1857627118644068
3592,ã¥ñ{åíë¢,6,12,1,2,1,0.1575,0,0,0,0,1,0,0,0,0,0,0.1857627118644068
3593,â°à‰åıçO,1,24,4,8,3,0.17875,3,0,0,0,1,0,8,5,3,0,0.18176136363636364
3593,â°à‰åıçO,2,30,2,6,7,0.19466666666666665,0,2,0,0,0,0,0,0,0,16,0.18176136363636364
3593,â°à‰åıçO,3,33,0,2,7,0.1672727272727273,0,0,0,0,0,0,0,0,0,0,0.18176136363636364
3593,â°à‰åıçO,4,38,0,5,6,0.17710526315789474,0,0,0,0,0,0,0,0,0,0,0.18176136363636364
3593,â°à‰åıçO,5,27,0,0,7,0.19111111111111112,0,0,0,0,0,0,0,0,0,0,0.18176136363636364
3593,â°à‰åıçO,6,24,0,2,4,0.18541666666666667,0,0,0,0,0,0,0,0,0,0,0.18176136363636364
3594,íÀå¥ïêîV,1,32,4,8,9,0.1634375,3,0,0,0,1,0,7,5,14,0,0.17389189189189191
3594,íÀå¥ïêîV,2,31,2,6,2,0.1696774193548387,0,1,1,0,0,0,0,0,0,13,0.17389189189189191
3594,íÀå¥ïêîV,3,37,1,3,7,0.17,0,0,1,0,0,0,0,0,0,0,0.17389189189189191
3594,íÀå¥ïêîV,4,30,1,3,5,0.17066666666666666,0,0,1,0,0,0,0,0,0,0,0.17389189189189191
3594,íÀå¥ïêîV,5,29,0,1,3,0.1806896551724138,0,0,0,0,0,0,0,0,0,0,0.17389189189189191
3594,íÀå¥ïêîV,6,26,0,0,3,0.19346153846153846,0,0,0,0,0,0,0,0,0,0,0.17389189189189191
3596,âÕè„îNè∫,1,28,9,5,6,0.15714285714285717,9,0,0,0,0,0,6,7,4,0,0.1604102564102564
3596,âÕè„îNè∫,2,34,1,7,4,0.15558823529411764,0,1,0,0,0,0,0,0,0,18,0.1604102564102564
3596,âÕè„îNè∫,3,34,1,4,8,0.1647058823529412,0,0,1,0,0,0,0,0,0,0,0.1604102564102564
3596,âÕè„îNè∫,4,32,2,2,5,0.1634375,0,0,1,1,0,0,0,0,0,0,0.1604102564102564
3596,âÕè„îNè∫,5,30,0,0,12,0.149,0,0,0,0,0,0,0,0,0,0,0.1604102564102564
3596,âÕè„îNè∫,6,37,0,2,8,0.17,0,0,0,0,0,0,0,0,0,0,0.1604102564102564
3600,å∫înìO,1,34,13,3,8,0.17441176470588235,13,0,0,0,0,0,4,10,5,0,0.20820408163265305
3600,å∫înìO,2,47,5,13,6,0.19361702127659575,0,5,0,0,0,0,0,0,0,25,0.20820408163265305
3600,å∫înìO,3,40,3,2,13,0.18525,0,0,1,2,0,0,0,0,0,0,0.20820408163265305
3600,å∫înìO,4,48,2,7,8,0.213125,0,2,0,0,0,0,0,0,0,0,0.20820408163265305
3600,å∫înìO,5,40,0,2,6,0.23325,0,0,0,0,0,0,0,0,0,0,0.20820408163265305
3600,å∫înìO,6,36,0,0,3,0.25027777777777777,0,0,0,0,0,0,0,0,0,0,0.20820408163265305
3602,âúïΩëÒñÁ,1,32,10,7,5,0.1809375,9,0,0,0,1,0,6,6,9,0,0.16663636363636367
3602,âúïΩëÒñÁ,2,40,7,5,3,0.16475,0,4,1,0,2,0,0,0,0,14,0.16663636363636367
3602,âúïΩëÒñÁ,3,41,7,7,12,0.16,0,1,1,3,2,0,0,0,0,0,0.16663636363636367
3602,âúïΩëÒñÁ,4,41,4,10,8,0.1526829268292683,0,0,2,2,0,0,0,0,0,0,0.16663636363636367
3602,âúïΩëÒñÁ,5,30,1,4,11,0.17233333333333334,0,0,0,1,0,0,0,0,0,0,0.16663636363636367
3602,âúïΩëÒñÁ,6,36,3,5,6,0.17472222222222222,0,0,0,1,2,0,0,0,0,0,0.16663636363636367
3604,ïêì°àªéq,1,32,8,4,8,0.174375,8,0,0,0,0,0,10,8,4,0,0.18730434782608696
3604,ïêì°àªéq,2,50,1,12,9,0.1962,0,0,1,0,0,0,0,0,0,23,0.18730434782608696
3604,ïêì°àªéq,3,41,1,9,9,0.1834146341463415,0,1,0,0,0,0,0,0,0,0,0.18730434782608696
3604,ïêì°àªéq,4,39,2,2,8,0.1841025641025641,0,0,0,1,1,0,0,0,0,0,0.18730434782608696
3604,ïêì°àªéq,5,41,2,4,6,0.19414634146341464,0,1,0,1,0,0,0,0,0,0,0.18730434782608696
3604,ïêì°àªéq,6,27,0,3,4,0.1862962962962963,0,0,0,0,0,0,0,0,0,0,0.18730434782608696
3605,íÜë∫éÁê¨,1,33,20,1,3,0.1584848484848485,19,0,0,0,1,0,4,8,1,0,0.17954545454545454
3605,íÜë∫éÁê¨,2,39,2,11,11,0.19102564102564104,0,1,0,0,1,0,0,0,0,25,0.17954545454545454
3605,íÜë∫éÁê¨,3,40,3,4,8,0.186,0,1,1,1,0,0,0,0,0,0,0.17954545454545454
3605,íÜë∫éÁê¨,4,36,2,7,5,0.17222222222222222,0,1,0,0,1,0,0,0,0,0,0.17954545454545454
3605,íÜë∫éÁê¨,5,42,1,5,6,0.1823809523809524,0,0,1,0,0,0,0,0,0,0,0.17954545454545454
3605,íÜë∫éÁê¨,6,30,0,1,2,0.184,0,0,0,0,0,0,0,0,0,0,0.17954545454545454
3606,êÏñkç_ãM,1,56,37,10,5,0.15660714285714286,37,0,0,0,0,0,5,8,4,0,0.15013377926421406
3606,êÏñkç_ãM,2,56,11,26,5,0.13053571428571428,0,7,2,0,1,1,0,0,0,29,0.15013377926421406
3606,êÏñkç_ãM,3,52,11,13,10,0.13557692307692307,0,0,3,6,1,1,0,0,0,0,0.15013377926421406
3606,êÏñkç_ãM,4,43,5,9,7,0.13209302325581396,0,1,3,1,0,0,0,0,0,0,0.15013377926421406
3606,êÏñkç_ãM,5,47,2,4,13,0.17148936170212767,0,0,1,1,0,0,0,0,0,0,0.15013377926421406
3606,êÏñkç_ãM,6,45,1,1,10,0.17822222222222223,0,0,1,0,0,0,0,0,0,0,0.15013377926421406
3607,å¥ìcíqòa,1,39,17,10,2,0.15435897435897436,17,0,0,0,0,0,9,6,4,0,0.18105263157894738
3607,å¥ìcíqòa,2,52,3,11,15,0.17538461538461536,0,3,0,0,0,0,0,0,0,33,0.18105263157894738
3607,å¥ìcíqòa,3,46,3,8,15,0.16326086956521738,0,0,3,0,0,0,0,0,0,0,0.18105263157894738
3607,å¥ìcíqòa,4,47,1,5,14,0.18787234042553191,0,0,0,1,0,0,0,0,0,0,0.18105263157894738
3607,å¥ìcíqòa,5,45,0,2,3,0.18688888888888888,0,0,0,0,0,0,0,0,0,0,0.18105263157894738
3607,å¥ìcíqòa,6,37,1,1,8,0.2235135135135135,0,0,0,0,1,0,0,0,0,0,0.18105263157894738
3611,ä‚çËñFî¸,1,47,30,7,4,0.13234042553191488,30,0,0,0,0,0,2,7,4,0,0.15104602510460252
3611,ä‚çËñFî¸,2,48,10,12,11,0.149375,0,4,5,0,1,0,0,0,0,29,0.15104602510460252
3611,ä‚çËñFî¸,3,44,7,14,7,0.1575,0,2,2,3,0,0,0,0,0,0,0.15104602510460252
3611,ä‚çËñFî¸,4,39,2,8,7,0.14615384615384616,0,1,0,1,0,0,0,0,0,0,0.15104602510460252
3611,ä‚çËñFî¸,5,33,3,6,4,0.14727272727272728,0,1,1,1,0,0,0,0,0,0,0.15104602510460252
3611,ä‚çËñFî¸,6,28,1,1,5,0.18642857142857142,0,0,0,1,0,0,0,0,0,0,0.15104602510460252
3612,înë‹ã`ë•,1,66,43,12,3,0.1484848484848485,41,0,0,0,2,0,7,7,8,0,0.15418685121107267
3612,înë‹ã`ë•,2,53,12,19,9,0.14207547169811321,1,6,4,1,0,0,0,0,0,32,0.15418685121107267
3612,înë‹ã`ë•,3,44,9,12,8,0.1409090909090909,0,0,2,5,2,0,0,0,0,0,0.15418685121107267
3612,înë‹ã`ë•,4,48,6,13,14,0.14479166666666668,0,2,4,0,0,0,0,0,0,0,0.15418685121107267
3612,înë‹ã`ë•,5,39,2,9,6,0.17743589743589744,0,0,1,1,0,0,0,0,0,0,0.15418685121107267
3612,înë‹ã`ë•,6,39,5,3,7,0.1835897435897436,0,3,1,1,0,0,0,0,0,0,0.15418685121107267
3613,äpíJåíå·,1,50,31,10,5,0.15439999999999998,31,0,0,0,0,0,4,9,6,0,0.15991999999999998
3613,äpíJåíå·,2,43,7,22,7,0.1672093023255814,0,4,2,0,1,0,0,0,0,22,0.15991999999999998
3613,äpíJåíå·,3,38,15,9,7,0.15710526315789472,0,5,3,7,0,0,0,0,0,0,0.15991999999999998
3613,äpíJåíå·,4,38,5,10,11,0.14684210526315788,0,2,3,0,0,0,0,0,0,0,0.15991999999999998
3613,äpíJåíå·,5,37,3,9,13,0.14675675675675676,0,0,1,2,0,0,0,0,0,0,0.15991999999999998
3613,äpíJåíå·,6,44,6,5,7,0.18386363636363637,0,2,1,2,1,0,0,0,0,0,0.15991999999999998
3614,íJèüçK,1,43,20,5,6,0.16046511627906979,18,0,0,0,2,0,10,10,2,0,0.18067669172932332
3614,íJèüçK,2,48,6,10,9,0.1725,0,4,2,0,0,0,0,0,0,25,0.18067669172932332
3614,íJèüçK,3,43,4,6,14,0.19,0,0,3,1,0,0,0,0,0,0,0.18067669172932332
3614,íJèüçK,4,42,3,9,9,0.16642857142857143,0,1,2,0,0,0,0,0,0,0,0.18067669172932332
3614,íJèüçK,5,45,3,4,7,0.17644444444444446,0,0,0,3,0,0,0,0,0,0,0.18067669172932332
3614,íJèüçK,6,45,0,0,3,0.21733333333333332,0,0,0,0,0,0,0,0,0,0,0.18067669172932332
3615,â°ìcñŒ,1,37,21,12,1,0.14135135135135135,21,0,0,0,0,0,8,4,1,0,0.1548878923766816
3615,â°ìcñŒ,2,37,5,10,7,0.13756756756756755,0,4,0,0,0,1,0,0,0,22,0.1548878923766816
3615,â°ìcñŒ,3,39,7,5,8,0.15692307692307692,0,3,0,4,0,0,0,0,0,0,0.1548878923766816
3615,â°ìcñŒ,4,35,2,3,8,0.17285714285714285,0,0,1,1,0,0,0,0,0,0,0.1548878923766816
3615,â°ìcñŒ,5,36,2,3,8,0.15444444444444444,0,0,0,1,0,1,0,0,0,0,0.1548878923766816
3615,â°ìcñŒ,6,39,1,0,3,0.16641025641025642,0,0,0,1,0,0,0,0,0,0,0.1548878923766816
3616,íÜë∫ê^,1,23,13,2,3,0.12869565217391304,13,0,0,0,0,0,3,5,2,0,0.1538562091503268
3616,íÜë∫ê^,2,27,6,9,6,0.15148148148148147,0,4,1,0,1,0,0,0,0,16,0.1538562091503268
3616,íÜë∫ê^,3,29,3,11,3,0.15999999999999998,0,0,2,1,0,0,0,0,0,0,0.1538562091503268
3616,íÜë∫ê^,4,29,3,7,5,0.15793103448275864,0,1,1,1,0,0,0,0,0,0,0.1538562091503268
3616,íÜë∫ê^,5,25,1,0,11,0.1664,0,0,0,1,0,0,0,0,0,0,0.1538562091503268
3616,íÜë∫ê^,6,20,0,0,3,0.1555,0,0,0,0,0,0,0,0,0,0,0.1538562091503268
3617,í|ìcçLé˜,1,23,12,5,2,0.16086956521739132,11,0,0,0,1,0,3,2,4,0,0.20041237113402063
3617,í|ìcçLé˜,2,38,3,5,3,0.20973684210526314,0,1,2,0,0,0,0,0,0,19,0.20041237113402063
3617,í|ìcçLé˜,3,39,5,4,4,0.21025641025641023,0,0,4,0,1,0,0,0,0,0,0.20041237113402063
3617,í|ìcçLé˜,4,32,5,2,6,0.191875,0,2,3,0,0,0,0,0,0,0,0.20041237113402063
3617,í|ìcçLé˜,5,33,0,0,2,0.19181818181818183,0,0,0,0,0,0,0,0,0,0,0.20041237113402063
3617,í|ìcçLé˜,6,29,0,1,1,0.22551724137931034,0,0,0,0,0,0,0,0,0,0,0.20041237113402063
3618,äCñÏÇ‰Ç©ÇË,1,65,44,11,4,0.15215384615384617,44,0,0,0,0,0,5,11,5,0,0.16737410071942446
3618,äCñÏÇ‰Ç©ÇË,2,49,9,17,9,0.17979591836734696,0,4,3,0,2,0,0,0,0,25,0.16737410071942446
3618,äCñÏÇ‰Ç©ÇË,3,46,9,12,11,0.15,0,1,7,1,0,0,0,0,0,0,0.16737410071942446
3618,äCñÏÇ‰Ç©ÇË,4,49,6,12,12,0.15938775510204084,0,1,4,0,1,0,0,0,0,0,0.16737410071942446
3618,äCñÏÇ‰Ç©ÇË,5,38,5,6,9,0.19105263157894736,0,0,2,3,0,0,0,0,0,0,0.16737410071942446
3618,äCñÏÇ‰Ç©ÇË,6,31,1,3,6,0.18903225806451615,0,1,0,0,0,0,0,0,0,0,0.16737410071942446
3619,í∑íJêÏè[,1,45,18,13,6,0.17777777777777778,17,0,0,0,0,1,6,8,7,0,0.19033582089552237
3619,í∑íJêÏè[,2,49,5,14,7,0.17183673469387756,0,5,0,0,0,0,0,0,0,20,0.19033582089552237
3619,í∑íJêÏè[,3,46,7,8,6,0.1926086956521739,0,0,1,3,3,0,0,0,0,0,0.19033582089552237
3619,í∑íJêÏè[,4,48,2,4,15,0.18395833333333333,0,0,2,0,0,0,0,0,0,0,0.19033582089552237
3619,í∑íJêÏè[,5,45,1,2,10,0.20377777777777778,0,0,0,1,0,0,0,0,0,0,0.19033582089552237
3619,í∑íJêÏè[,6,35,0,3,3,0.22085714285714286,0,0,0,0,0,0,0,0,0,0,0.19033582089552237
3620,êMîZóRçs,1,29,12,4,6,0.15068965517241378,11,0,0,0,0,1,8,3,5,0,0.18147826086956523
3620,êMîZóRçs,2,39,1,7,3,0.17564102564102563,0,0,1,0,0,0,0,0,0,19,0.18147826086956523
3620,êMîZóRçs,3,43,2,5,7,0.18395348837209302,0,0,0,2,0,0,0,0,0,0,0.18147826086956523
3620,êMîZóRçs,4,44,3,7,4,0.17045454545454544,0,1,2,0,0,0,0,0,0,0,0.18147826086956523
3620,êMîZóRçs,5,42,0,2,6,0.2080952380952381,0,0,0,0,0,0,0,0,0,0,0.18147826086956523
3620,êMîZóRçs,6,33,0,3,3,0.19303030303030302,0,0,0,0,0,0,0,0,0,0,0.18147826086956523
3621,ìVñÏèªïv,1,50,34,8,4,0.138,33,0,0,0,1,0,3,8,3,0,0.15857740585774058
3621,ìVñÏèªïv,2,38,8,13,7,0.1423684210526316,0,5,3,0,0,0,0,0,0,23,0.15857740585774058
3621,ìVñÏèªïv,3,44,7,12,14,0.1715909090909091,0,0,0,6,1,0,0,0,0,0,0.15857740585774058
3621,ìVñÏèªïv,4,41,5,14,13,0.16170731707317074,0,0,3,1,1,0,0,0,0,0,0.15857740585774058
3621,ìVñÏèªïv,5,31,1,8,12,0.13806451612903226,0,0,1,0,0,0,0,0,0,0,0.15857740585774058
3621,ìVñÏèªïv,6,35,1,8,6,0.2037142857142857,0,0,0,1,0,0,0,0,0,0,0.15857740585774058
3622,éRçËíqñÁ,1,46,35,7,3,0.1743478260869565,34,0,0,0,1,0,5,2,3,0,0.17061904761904761
3622,éRçËíqñÁ,2,35,4,8,4,0.18057142857142858,1,0,3,0,0,0,0,0,0,22,0.17061904761904761
3622,éRçËíqñÁ,3,37,3,11,8,0.17378378378378379,0,1,0,2,0,0,0,0,0,0,0.17061904761904761
3622,éRçËíqñÁ,4,31,5,1,8,0.1603225806451613,0,0,2,3,0,0,0,0,0,0,0.17061904761904761
3622,éRçËíqñÁ,5,27,4,4,7,0.1611111111111111,0,0,2,2,0,0,0,0,0,0,0.17061904761904761
3622,éRçËíqñÁ,6,34,2,2,7,0.1688235294117647,0,1,0,1,0,0,0,0,0,0,0.17061904761904761
3623,ê[êÏê^ìÒ,1,70,49,10,4,0.12014285714285715,45,0,0,0,4,0,7,2,11,0,0.13794223826714802
3623,ê[êÏê^ìÒ,2,42,7,17,9,0.12714285714285714,0,6,1,0,0,0,0,0,0,24,0.13794223826714802
3623,ê[êÏê^ìÒ,3,47,11,11,11,0.1306382978723404,0,1,6,1,3,0,0,0,0,0,0.13794223826714802
3623,ê[êÏê^ìÒ,4,44,7,13,8,0.15227272727272728,1,4,1,0,1,0,0,0,0,0,0.13794223826714802
3623,ê[êÏê^ìÒ,5,38,4,11,7,0.15947368421052632,1,2,0,0,1,0,0,0,0,0,0.13794223826714802
3623,ê[êÏê^ìÒ,6,36,6,11,8,0.15444444444444444,1,4,0,1,0,0,0,0,0,0,0.13794223826714802
3624,ëÂêŒòaïF,1,36,9,9,6,0.17555555555555558,9,0,0,0,0,0,9,10,4,0,0.1654950495049505
3624,ëÂêŒòaïF,2,36,4,6,7,0.15416666666666667,0,3,1,0,0,0,0,0,0,17,0.1654950495049505
3624,ëÂêŒòaïF,3,33,4,5,2,0.1412121212121212,0,0,0,4,0,0,0,0,0,0,0.1654950495049505
3624,ëÂêŒòaïF,4,37,3,5,5,0.15675675675675677,0,0,0,3,0,0,0,0,0,0,0.1654950495049505
3624,ëÂêŒòaïF,5,29,1,4,4,0.1906896551724138,0,0,0,1,0,0,0,0,0,0,0.1654950495049505
3624,ëÂêŒòaïF,6,31,0,2,4,0.17967741935483872,0,0,0,0,0,0,0,0,0,0,0.1654950495049505
3626,íÜó—èGêl,1,30,8,7,3,0.13766666666666666,8,0,0,0,0,0,4,5,10,0,0.14773480662983426
3626,íÜó—èGêl,2,34,0,3,9,0.15147058823529413,0,0,0,0,0,0,0,0,0,24,0.14773480662983426
3626,íÜó—èGêl,3,34,0,4,3,0.14382352941176468,0,0,0,0,0,0,0,0,0,0,0.14773480662983426
3626,íÜó—èGêl,4,34,1,1,4,0.13970588235294118,0,0,0,1,0,0,0,0,0,0,0.14773480662983426
3626,íÜó—èGêl,5,29,2,0,2,0.1482758620689655,0,0,1,1,0,0,0,0,0,0,0.14773480662983426
3626,íÜó—èGêl,6,20,1,0,1,0.176,0,0,1,0,0,0,0,0,0,0,0.14773480662983426
3627,à‰è„åbàÍ,1,35,18,11,3,0.16028571428571428,16,0,0,0,2,0,8,3,2,0,0.19393822393822396
3627,à‰è„åbàÍ,2,50,8,9,5,0.19760000000000003,0,6,2,0,0,0,0,0,0,33,0.19393822393822396
3627,à‰è„åbàÍ,3,50,4,10,7,0.1822,0,0,4,0,0,0,0,0,0,0,0.19393822393822396
3627,à‰è„åbàÍ,4,42,2,5,12,0.19023809523809523,0,0,2,0,0,0,0,0,0,0,0.19393822393822396
3627,à‰è„åbàÍ,5,47,1,0,8,0.21914893617021278,0,1,0,0,0,0,0,0,0,0,0.19393822393822396
3627,à‰è„åbàÍ,6,35,2,1,8,0.20971428571428571,0,0,0,2,0,0,0,0,0,0,0.19393822393822396
3629,êÛå©èπçé,1,38,23,7,3,0.1531578947368421,20,0,0,0,3,0,3,5,5,0,0.14381642512077294
3629,êÛå©èπçé,2,36,5,16,7,0.15194444444444444,1,2,2,0,0,0,0,0,0,19,0.14381642512077294
3629,êÛå©èπçé,3,34,7,7,8,0.12147058823529411,0,2,2,1,1,1,0,0,0,0,0.14381642512077294
3629,êÛå©èπçé,4,39,6,6,12,0.13435897435897437,0,1,3,1,1,0,0,0,0,0,0.14381642512077294
3629,êÛå©èπçé,5,30,2,4,8,0.14233333333333334,0,0,0,2,0,0,0,0,0,0,0.14381642512077294
3629,êÛå©èπçé,6,30,2,4,9,0.16133333333333333,0,0,1,1,0,0,0,0,0,0,0.14381642512077294
3630,çïìcêΩéi,1,25,5,4,6,0.1376,5,0,0,0,0,0,5,4,8,0,0.15497041420118343
3630,çïìcêΩéi,2,35,5,8,4,0.15485714285714286,0,5,0,0,0,0,0,0,0,16,0.15497041420118343
3630,çïìcêΩéi,3,25,2,2,3,0.1536,0,2,0,0,0,0,0,0,0,0,0.15497041420118343
3630,çïìcêΩéi,4,29,3,4,9,0.13896551724137932,0,0,1,2,0,0,0,0,0,0,0.15497041420118343
3630,çïìcêΩéi,5,30,1,4,6,0.162,0,0,1,0,0,0,0,0,0,0,0.15497041420118343
3630,çïìcêΩéi,6,25,0,2,5,0.184,0,0,0,0,0,0,0,0,0,0,0.15497041420118343
3631,ìcìYçNâÓ,1,25,8,6,3,0.166,8,0,0,0,0,0,2,9,4,0,0.17437125748502993
3631,ìcìYçNâÓ,2,26,2,9,7,0.16615384615384615,0,1,0,0,1,0,0,0,0,16,0.17437125748502993
3631,ìcìYçNâÓ,3,32,1,8,7,0.170625,0,0,0,1,0,0,0,0,0,0,0.17437125748502993
3631,ìcìYçNâÓ,4,27,0,6,4,0.18074074074074073,0,0,0,0,0,0,0,0,0,0,0.17437125748502993
3631,ìcìYçNâÓ,5,33,0,4,6,0.18000000000000002,0,0,0,0,0,0,0,0,0,0,0.17437125748502993
3631,ìcìYçNâÓ,6,24,1,3,3,0.18208333333333335,0,0,1,0,0,0,0,0,0,0,0.17437125748502993
3635,êŒìcê≠å·,1,54,37,10,2,0.14555555555555555,37,0,0,0,0,0,6,6,4,0,0.15839357429718876
3635,êŒìcê≠å·,2,42,14,9,11,0.16333333333333333,0,11,3,0,0,0,0,0,0,19,0.15839357429718876
3635,êŒìcê≠å·,3,42,9,10,7,0.16666666666666666,0,3,3,3,0,0,0,0,0,0,0.15839357429718876
3635,êŒìcê≠å·,4,40,9,9,8,0.15275,0,4,0,5,0,0,0,0,0,0,0.15839357429718876
3635,êŒìcê≠å·,5,37,4,6,7,0.1537837837837838,0,1,0,3,0,0,0,0,0,0,0.15839357429718876
3635,êŒìcê≠å·,6,34,1,2,12,0.17411764705882352,0,0,0,1,0,0,0,0,0,0,0.15839357429718876
3637,‚Vì°òaê≠,1,38,18,11,0,0.16973684210526316,17,0,0,0,1,0,7,3,8,0,0.1869686411149826
3637,‚Vì°òaê≠,2,58,9,11,5,0.18672413793103448,0,4,4,0,1,0,0,0,0,24,0.1869686411149826
3637,‚Vì°òaê≠,3,53,4,7,15,0.1816981132075472,0,1,1,1,1,0,0,0,0,0,0.1869686411149826
3637,‚Vì°òaê≠,4,51,3,9,12,0.2003921568627451,0,2,0,1,0,0,0,0,0,0,0.1869686411149826
3637,‚Vì°òaê≠,5,55,3,7,6,0.18690909090909089,0,0,1,2,0,0,0,0,0,0,0.1869686411149826
3637,‚Vì°òaê≠,6,32,1,4,3,0.1953125,0,1,0,0,0,0,0,0,0,0,0.1869686411149826
3641,àÍê£ñæ,1,61,42,11,3,0.16262295081967212,39,0,0,0,3,0,8,8,1,0,0.16428093645484948
3641,àÍê£ñæ,2,56,9,18,16,0.1732142857142857,0,6,2,0,1,0,0,0,0,30,0.16428093645484948
3641,àÍê£ñæ,3,51,5,18,13,0.15803921568627452,0,1,1,3,0,0,0,0,0,0,0.16428093645484948
3641,àÍê£ñæ,4,44,6,12,10,0.16977272727272727,0,1,3,1,1,0,0,0,0,0,0.16428093645484948
3641,àÍê£ñæ,5,42,5,7,12,0.1661904761904762,0,1,0,4,0,0,0,0,0,0,0.16428093645484948
3641,àÍê£ñæ,6,45,3,6,5,0.15533333333333335,0,0,0,2,1,0,0,0,0,0,0.16428093645484948
3642,ëÂíÀç_ìÒ,1,25,8,4,5,0.1572,8,0,0,0,0,0,4,9,3,0,0.1679861111111111
3642,ëÂíÀç_ìÒ,2,28,2,3,6,0.17250000000000001,0,1,0,0,0,1,0,0,0,16,0.1679861111111111
3642,ëÂíÀç_ìÒ,3,19,0,3,0,0.15473684210526314,0,0,0,0,0,0,0,0,0,0,0.1679861111111111
3642,ëÂíÀç_ìÒ,4,24,2,1,3,0.15958333333333333,0,0,2,0,0,0,0,0,0,0,0.1679861111111111
3642,ëÂíÀç_ìÒ,5,25,2,1,1,0.182,0,0,0,1,0,1,0,0,0,0,0.1679861111111111
3642,ëÂíÀç_ìÒ,6,23,0,0,1,0.17869565217391306,0,0,0,0,0,0,0,0,0,0,0.1679861111111111
3643,ïƒìcó≤çO,1,45,21,13,4,0.1471111111111111,19,0,0,0,1,1,10,7,5,0,0.16548117154811717
3643,ïƒìcó≤çO,2,39,1,8,11,0.17512820512820512,0,1,0,0,0,0,0,0,0,24,0.16548117154811717
3643,ïƒìcó≤çO,3,40,5,8,10,0.1605,0,2,2,1,0,0,0,0,0,0,0.16548117154811717
3643,ïƒìcó≤çO,4,41,1,6,6,0.175609756097561,0,0,0,0,1,0,0,0,0,0,0.16548117154811717
3643,ïƒìcó≤çO,5,33,0,5,13,0.1706060606060606,0,0,0,0,0,0,0,0,0,0,0.16548117154811717
3643,ïƒìcó≤çO,6,41,0,10,7,0.1670731707317073,0,0,0,0,0,0,0,0,0,0,0.16548117154811717
3644,ñÓã¥ê¨âÓ,1,36,12,6,6,0.14694444444444443,11,0,0,0,1,0,6,5,9,0,0.1732618025751073
3644,ñÓã¥ê¨âÓ,2,41,4,8,3,0.16073170731707317,0,2,2,0,0,0,0,0,0,19,0.1732618025751073
3644,ñÓã¥ê¨âÓ,3,45,1,5,5,0.16622222222222224,0,0,0,0,1,0,0,0,0,0,0.1732618025751073
3644,ñÓã¥ê¨âÓ,4,41,3,6,6,0.1753658536585366,0,1,2,0,0,0,0,0,0,0,0.1732618025751073
3644,ñÓã¥ê¨âÓ,5,40,0,4,7,0.19675,0,0,0,0,0,0,0,0,0,0,0.1732618025751073
3644,ñÓã¥ê¨âÓ,6,30,0,0,4,0.19833333333333333,0,0,0,0,0,0,0,0,0,0,0.1732618025751073
3645,ü«ìcêÁàüäÛ,1,13,9,2,1,0.15615384615384614,8,0,0,0,1,0,2,1,0,0,0.14684210526315788
3645,ü«ìcêÁàüäÛ,2,14,1,4,4,0.15857142857142859,0,0,0,0,1,0,0,0,0,8,0.14684210526315788
3645,ü«ìcêÁàüäÛ,3,17,3,2,4,0.1535294117647059,0,2,0,1,0,0,0,0,0,0,0.14684210526315788
3645,ü«ìcêÁàüäÛ,4,11,4,2,2,0.1290909090909091,0,0,1,3,0,0,0,0,0,0,0.14684210526315788
3645,ü«ìcêÁàüäÛ,5,10,1,2,0,0.147,0,0,0,1,0,0,0,0,0,0,0.14684210526315788
3645,ü«ìcêÁàüäÛ,6,11,1,1,4,0.1281818181818182,0,0,0,0,1,0,0,0,0,0,0.14684210526315788
3647,à…ì°óYìÒ,1,30,6,4,7,0.16533333333333333,6,0,0,0,0,0,8,7,5,0,0.1815609756097561
3647,à…ì°óYìÒ,2,40,3,8,8,0.19025,0,2,1,0,0,0,0,0,0,23,0.1815609756097561
3647,à…ì°óYìÒ,3,36,1,5,4,0.17333333333333334,0,0,1,0,0,0,0,0,0,0,0.1815609756097561
3647,à…ì°óYìÒ,4,35,3,3,7,0.1762857142857143,0,1,1,1,0,0,0,0,0,0,0.1815609756097561
3647,à…ì°óYìÒ,5,30,3,1,3,0.16999999999999998,0,1,1,1,0,0,0,0,0,0,0.1815609756097561
3647,à…ì°óYìÒ,6,34,0,2,3,0.21000000000000002,0,0,0,0,0,0,0,0,0,0,0.1815609756097561
3652,êXâ∫óE,1,31,11,6,4,0.15290322580645163,11,0,0,0,0,0,7,7,6,0,0.18918781725888326
3652,êXâ∫óE,2,37,3,8,6,0.18756756756756757,0,1,2,0,0,0,0,0,0,22,0.18918781725888326
3652,êXâ∫óE,3,36,2,4,5,0.15222222222222223,0,0,1,1,0,0,0,0,0,0,0.18918781725888326
3652,êXâ∫óE,4,32,2,1,3,0.2240625,0,1,0,1,0,0,0,0,0,0,0.18918781725888326
3652,êXâ∫óE,5,34,0,2,5,0.2111764705882353,0,0,0,0,0,0,0,0,0,0,0.18918781725888326
3652,êXâ∫óE,6,27,1,0,0,0.21333333333333332,0,0,0,0,0,1,0,0,0,0,0.18918781725888326
3653,ïiêÏå´éü,1,34,12,7,0,0.17882352941176471,11,0,0,0,1,0,9,5,4,0,0.18511415525114155
3653,ïiêÏå´éü,2,43,10,10,7,0.17511627906976746,0,5,2,0,3,0,0,0,0,16,0.18511415525114155
3653,ïiêÏå´éü,3,34,2,8,11,0.18676470588235294,0,0,2,0,0,0,0,0,0,0,0.18511415525114155
3653,ïiêÏå´éü,4,36,2,5,9,0.17750000000000002,0,0,1,1,0,0,0,0,0,0,0.18511415525114155
3653,ïiêÏå´éü,5,41,1,5,7,0.1926829268292683,0,0,1,0,0,0,0,0,0,0,0.18511415525114155
3653,ïiêÏå´éü,6,31,0,1,6,0.20290322580645162,0,0,0,0,0,0,0,0,0,0,0.18511415525114155
3654,ïêìcåıéj,1,61,44,5,3,0.16721311475409834,43,0,0,0,1,0,4,6,5,0,0.17307692307692307
3654,ïêìcåıéj,2,50,15,13,6,0.16879999999999998,0,8,6,1,0,0,0,0,0,19,0.17307692307692307
3654,ïêìcåıéj,3,47,13,8,8,0.17872340425531916,1,0,8,2,2,0,0,0,0,0,0.17307692307692307
3654,ïêìcåıéj,4,45,10,8,14,0.15844444444444444,0,2,7,1,0,0,0,0,0,0,0.17307692307692307
3654,ïêìcåıéj,5,38,3,5,7,0.17684210526315788,0,0,0,3,0,0,0,0,0,0,0.17307692307692307
3654,ïêìcåıéj,6,45,1,3,8,0.19133333333333333,0,0,1,0,0,0,0,0,0,0,0.17307692307692307
3655,ñ{ã¥çéóm,1,51,31,13,2,0.1703921568627451,29,0,0,0,2,0,9,8,3,0,0.19818181818181818
3655,ñ{ã¥çéóm,2,42,4,17,8,0.21595238095238095,0,3,1,0,0,0,0,0,0,17,0.19818181818181818
3655,ñ{ã¥çéóm,3,43,4,9,6,0.20023255813953486,0,1,2,1,0,0,0,0,0,0,0.19818181818181818
3655,ñ{ã¥çéóm,4,46,2,8,16,0.1956521739130435,0,0,1,1,0,0,0,0,0,0,0.19818181818181818
3655,ñ{ã¥çéóm,5,41,2,9,7,0.20341463414634145,0,0,0,2,0,0,0,0,0,0,0.19818181818181818
3655,ñ{ã¥çéóm,6,41,3,4,10,0.21,0,1,1,1,0,0,0,0,0,0,0.19818181818181818
3656,îåïÍñFçP,1,42,21,10,7,0.16214285714285714,21,0,0,0,0,0,7,8,4,0,0.16085836909871243
3656,îåïÍñFçP,2,40,4,16,11,0.14225000000000002,0,3,1,0,0,0,0,0,0,22,0.16085836909871243
3656,îåïÍñFçP,3,39,5,5,11,0.14974358974358973,0,0,2,2,1,0,0,0,0,0,0.16085836909871243
3656,îåïÍñFçP,4,41,2,10,8,0.16682926829268294,0,0,2,0,0,0,0,0,0,0,0.16085836909871243
3656,îåïÍñFçP,5,39,2,3,7,0.16282051282051282,0,0,1,1,0,0,0,0,0,0,0.16085836909871243
3656,îåïÍñFçP,6,32,0,2,7,0.1859375,0,0,0,0,0,0,0,0,0,0,0.16085836909871243
3658,ç„ñ{êπèG,1,2,1,0,1,0.08,1,0,0,0,0,0,1,0,0,0,0.19999999999999998
3658,ç„ñ{êπèG,2,2,1,0,0,0.2,0,1,0,0,0,0,0,0,0,0,0.19999999999999998
3658,ç„ñ{êπèG,3,1,0,0,1,0.27,0,0,0,0,0,0,0,0,0,0,0.19999999999999998
3658,ç„ñ{êπèG,4,3,0,0,1,0.18000000000000002,0,0,0,0,0,0,0,0,0,0,0.19999999999999998
3658,ç„ñ{êπèG,5,2,0,0,0,0.275,0,0,0,0,0,0,0,0,0,0,0.19999999999999998
3658,ç„ñ{êπèG,6,2,0,0,0,0.24,0,0,0,0,0,0,0,0,0,0,0.19999999999999998
3659,ì°ê∂óYêl,1,40,17,14,3,0.15875,17,0,0,0,0,0,13,1,7,0,0.17409302325581394
3659,ì°ê∂óYêl,2,36,8,5,6,0.1825,0,4,1,0,3,0,0,0,0,19,0.17409302325581394
3659,ì°ê∂óYêl,3,36,2,7,8,0.1788888888888889,0,0,1,1,0,0,0,0,0,0,0.17409302325581394
3659,ì°ê∂óYêl,4,39,4,7,10,0.16179487179487181,0,0,2,1,1,0,0,0,0,0,0.17409302325581394
3659,ì°ê∂óYêl,5,32,1,7,5,0.1871875,0,0,0,1,0,0,0,0,0,0,0.17409302325581394
3659,ì°ê∂óYêl,6,32,0,4,6,0.18031250000000001,0,0,0,0,0,0,0,0,0,0,0.17409302325581394
3660,í∑íJêÏêeâ§,1,32,8,8,5,0.175625,8,0,0,0,0,0,8,10,5,0,0.18752212389380532
3660,í∑íJêÏêeâ§,2,42,2,0,13,0.19380952380952382,0,2,0,0,0,0,0,0,0,26,0.18752212389380532
3660,í∑íJêÏêeâ§,3,47,1,5,10,0.16829787234042554,0,1,0,0,0,0,0,0,0,0,0.18752212389380532
3660,í∑íJêÏêeâ§,4,35,1,2,8,0.18542857142857144,0,0,1,0,0,0,0,0,0,0,0.18752212389380532
3660,í∑íJêÏêeâ§,5,37,0,2,2,0.19189189189189187,0,0,0,0,0,0,0,0,0,0,0.18752212389380532
3660,í∑íJêÏêeâ§,6,33,0,0,2,0.21575757575757576,0,0,0,0,0,0,0,0,0,0,0.18752212389380532
3661,ñˆê£ãªéu,1,48,22,11,6,0.1725,22,0,0,0,0,0,10,7,4,0,0.17427536231884058
3661,ñˆê£ãªéu,2,56,1,17,17,0.16767857142857143,0,1,0,0,0,0,0,0,0,40,0.17427536231884058
3661,ñˆê£ãªéu,3,41,1,10,10,0.1575609756097561,0,0,1,0,0,0,0,0,0,0,0.17427536231884058
3661,ñˆê£ãªéu,4,44,0,5,13,0.17363636363636364,0,0,0,0,0,0,0,0,0,0,0.17427536231884058
3661,ñˆê£ãªéu,5,45,1,6,11,0.1877777777777778,0,0,0,0,1,0,0,0,0,0,0.17427536231884058
3661,ñˆê£ãªéu,6,42,2,4,11,0.18761904761904763,0,1,0,1,0,0,0,0,0,0,0.17427536231884058
3662,ëÂíÎå≥ñæ,1,60,42,11,4,0.164,41,0,0,0,1,0,6,5,4,0,0.15737827715355807
3662,ëÂíÎå≥ñæ,2,45,9,13,10,0.15155555555555555,1,5,3,0,0,0,0,0,0,23,0.15737827715355807
3662,ëÂíÎå≥ñæ,3,49,4,18,10,0.15938775510204084,0,0,1,3,0,0,0,0,0,0,0.15737827715355807
3662,ëÂíÎå≥ñæ,4,34,5,9,6,0.16705882352941176,0,1,3,1,0,0,0,0,0,0,0.15737827715355807
3662,ëÂíÎå≥ñæ,5,42,6,6,4,0.15595238095238095,0,0,2,3,1,0,0,0,0,0,0.15737827715355807
3662,ëÂíÎå≥ñæ,6,37,2,4,7,0.1437837837837838,0,1,0,0,1,0,0,0,0,0,0.15737827715355807
3663,ñÿéRòaçK,1,39,18,10,3,0.16333333333333333,18,0,0,0,0,0,6,6,6,0,0.16496
3663,ñÿéRòaçK,2,51,4,12,12,0.17176470588235293,0,3,0,0,1,0,0,0,0,26,0.16496
3663,ñÿéRòaçK,3,40,3,9,11,0.15425,0,0,1,2,0,0,0,0,0,0,0.16496
3663,ñÿéRòaçK,4,43,4,13,6,0.16372093023255815,0,0,3,0,1,0,0,0,0,0,0.16496
3663,ñÿéRòaçK,5,41,0,3,3,0.16414634146341464,0,0,0,0,0,0,0,0,0,0,0.16496
3663,ñÿéRòaçK,6,36,2,4,1,0.1713888888888889,0,1,0,1,0,0,0,0,0,0,0.16496
3664,óÈñÿå´àÍ,1,38,21,11,2,0.13578947368421054,18,0,0,0,3,0,7,2,5,0,0.1624888888888889
3664,óÈñÿå´àÍ,2,40,7,16,4,0.14650000000000002,0,0,7,0,0,0,0,0,0,22,0.1624888888888889
3664,óÈñÿå´àÍ,3,40,5,12,6,0.155,0,1,3,1,0,0,0,0,0,0,0.1624888888888889
3664,óÈñÿå´àÍ,4,34,4,4,8,0.17823529411764705,0,0,4,0,0,0,0,0,0,0,0.1624888888888889
3664,óÈñÿå´àÍ,5,38,1,4,6,0.1713157894736842,0,0,1,0,0,0,0,0,0,0,0.1624888888888889
3664,óÈñÿå´àÍ,6,35,0,4,6,0.19342857142857145,0,0,0,0,0,0,0,0,0,0,0.1624888888888889
3666,ì‡ñÏè»àÍ,1,9,4,1,0,0.13,4,0,0,0,0,0,1,3,1,0,0.1561764705882353
3666,ì‡ñÏè»àÍ,2,12,3,2,2,0.15833333333333333,0,2,1,0,0,0,0,0,0,2,0.1561764705882353
3666,ì‡ñÏè»àÍ,3,13,1,1,1,0.17076923076923076,0,0,1,0,0,0,0,0,0,0,0.1561764705882353
3666,ì‡ñÏè»àÍ,4,11,1,2,2,0.14636363636363636,0,0,1,0,0,0,0,0,0,0,0.1561764705882353
3666,ì‡ñÏè»àÍ,5,12,0,1,1,0.12083333333333333,0,0,0,0,0,0,0,0,0,0,0.1561764705882353
3666,ì‡ñÏè»àÍ,6,11,0,1,0,0.20636363636363636,0,0,0,0,0,0,0,0,0,0,0.1561764705882353
3668,ésêÏñ“,1,21,7,1,3,0.18,6,0,0,0,1,0,7,2,2,0,0.16985611510791365
3668,ésêÏñ“,2,24,1,7,5,0.2020833333333333,0,1,0,0,0,0,0,0,0,10,0.16985611510791365
3668,ésêÏñ“,3,24,0,6,7,0.15083333333333335,0,0,0,0,0,0,0,0,0,0,0.16985611510791365
3668,ésêÏñ“,4,25,2,1,6,0.1728,0,0,1,0,1,0,0,0,0,0,0.16985611510791365
3668,ésêÏñ“,5,23,0,4,4,0.14565217391304347,0,0,0,0,0,0,0,0,0,0,0.16985611510791365
3668,ésêÏñ“,6,22,0,1,0,0.16772727272727272,0,0,0,0,0,0,0,0,0,0,0.16985611510791365
3670,å√‡VêMìÒ,1,19,5,6,2,0.1594736842105263,5,0,0,0,0,0,5,6,2,0,0.15526315789473683
3670,å√‡VêMìÒ,2,27,3,6,3,0.13925925925925928,0,1,2,0,0,0,0,0,0,17,0.15526315789473683
3670,å√‡VêMìÒ,3,18,2,4,2,0.1761111111111111,0,0,0,2,0,0,0,0,0,0,0.15526315789473683
3670,å√‡VêMìÒ,4,19,2,1,4,0.15210526315789474,0,0,2,0,0,0,0,0,0,0,0.15526315789473683
3670,å√‡VêMìÒ,5,23,0,2,6,0.14956521739130435,0,0,0,0,0,0,0,0,0,0,0.15526315789473683
3670,å√‡VêMìÒ,6,27,0,0,2,0.1614814814814815,0,0,0,0,0,0,0,0,0,0,0.15526315789473683
3674,ä›åbéq,1,32,16,8,1,0.12406249999999999,16,0,0,0,0,0,8,3,3,0,0.14781725888324873
3674,ä›åbéq,2,34,4,6,6,0.15,0,0,4,0,0,0,0,0,0,17,0.14781725888324873
3674,ä›åbéq,3,41,5,12,3,0.15804878048780488,0,0,3,2,0,0,0,0,0,0,0.14781725888324873
3674,ä›åbéq,4,31,7,5,4,0.16032258064516128,0,0,4,2,1,0,0,0,0,0,0.14781725888324873
3674,ä›åbéq,5,28,1,5,5,0.14714285714285716,0,0,0,1,0,0,0,0,0,0,0.14781725888324873
3674,ä›åbéq,6,31,0,3,6,0.14451612903225808,0,0,0,0,0,0,0,0,0,0,0.14781725888324873
3679,î—ìáèπçO,1,53,40,7,5,0.1518867924528302,40,0,0,0,0,0,2,4,5,0,0.16043478260869568
3679,î—ìáèπçO,2,36,6,13,7,0.15833333333333333,0,3,1,0,1,1,0,0,0,16,0.16043478260869568
3679,î—ìáèπçO,3,40,6,16,10,0.15825,0,1,3,1,1,0,0,0,0,0,0.16043478260869568
3679,î—ìáèπçO,4,39,1,9,13,0.1605128205128205,0,1,0,0,0,0,0,0,0,0,0.16043478260869568
3679,î—ìáèπçO,5,37,5,4,8,0.1535135135135135,0,0,2,3,0,0,0,0,0,0,0.16043478260869568
3679,î—ìáèπçO,6,48,3,10,13,0.17854166666666668,0,1,0,1,1,0,0,0,0,0,0.16043478260869568
3680,êXó—ëæ,1,30,12,7,2,0.18000000000000002,11,0,0,0,1,0,5,8,4,0,0.1934061135371179
3680,êXó—ëæ,2,42,7,8,6,0.17666666666666667,0,2,5,0,0,0,0,0,0,21,0.1934061135371179
3680,êXó—ëæ,3,44,3,7,10,0.19545454545454544,0,0,3,0,0,0,0,0,0,0,0.1934061135371179
3680,êXó—ëæ,4,40,2,2,8,0.17250000000000001,0,0,2,0,0,0,0,0,0,0,0.1934061135371179
3680,êXó—ëæ,5,38,1,3,5,0.19131578947368422,0,0,0,1,0,0,0,0,0,0,0.1934061135371179
3680,êXó—ëæ,6,35,0,2,4,0.24857142857142855,0,0,0,0,0,0,0,0,0,0,0.1934061135371179
3681,éRíJâõ,1,45,26,10,4,0.14644444444444443,25,0,0,0,1,0,6,3,7,0,0.13712500000000002
3681,éRíJâõ,2,39,11,6,13,0.1392307692307692,1,5,3,0,1,1,0,0,0,13,0.13712500000000002
3681,éRíJâõ,3,43,6,10,9,0.13348837209302325,0,4,0,2,0,0,0,0,0,0,0.13712500000000002
3681,éRíJâõ,4,37,16,8,8,0.11108108108108108,0,3,6,5,2,0,0,0,0,0,0.13712500000000002
3681,éRíJâõ,5,29,3,5,9,0.12,0,0,0,3,0,0,0,0,0,0,0.13712500000000002
3681,éRíJâõ,6,47,3,5,9,0.16085106382978726,0,0,2,1,0,0,0,0,0,0,0.13712500000000002
3682,êÿìcèÅìÒ,1,21,2,6,3,0.19095238095238093,1,0,0,0,1,0,6,8,3,0,0.17289473684210527
3682,êÿìcèÅìÒ,2,30,0,2,9,0.15533333333333335,0,0,0,0,0,0,0,0,0,19,0.17289473684210527
3682,êÿìcèÅìÒ,3,32,0,1,6,0.16718750000000002,0,0,0,0,0,0,0,0,0,0,0.17289473684210527
3682,êÿìcèÅìÒ,4,21,1,3,4,0.1538095238095238,0,0,1,0,0,0,0,0,0,0,0.17289473684210527
3682,êÿìcèÅìÒ,5,27,1,1,3,0.16962962962962963,0,0,0,1,0,0,0,0,0,0,0.17289473684210527
3682,êÿìcèÅìÒ,6,21,0,4,2,0.2119047619047619,0,0,0,0,0,0,0,0,0,0,0.17289473684210527
3683,è¨âHê≥çÏ,1,30,23,5,1,0.16733333333333336,22,0,0,0,1,0,4,0,3,0,0.16518918918918918
3683,è¨âHê≥çÏ,2,31,9,6,7,0.16451612903225804,0,6,2,0,1,0,0,0,0,13,0.16518918918918918
3683,è¨âHê≥çÏ,3,30,4,5,6,0.15,0,0,1,3,0,0,0,0,0,0,0.16518918918918918
3683,è¨âHê≥çÏ,4,36,2,7,9,0.15833333333333333,0,1,0,1,0,0,0,0,0,0,0.16518918918918918
3683,è¨âHê≥çÏ,5,26,1,2,5,0.1726923076923077,0,0,1,0,0,0,0,0,0,0,0.16518918918918918
3683,è¨âHê≥çÏ,6,32,0,1,7,0.1796875,0,0,0,0,0,0,0,0,0,0,0.16518918918918918
3684,ê¥êÖçUìÒ,1,39,23,7,4,0.16153846153846155,21,0,0,0,2,0,2,8,5,0,0.19242268041237112
3684,ê¥êÖçUìÒ,2,30,5,11,4,0.1673333333333333,0,4,0,0,1,0,0,0,0,14,0.19242268041237112
3684,ê¥êÖçUìÒ,3,29,1,12,7,0.18586206896551724,0,0,1,0,0,0,0,0,0,0,0.19242268041237112
3684,ê¥êÖçUìÒ,4,29,2,7,10,0.1903448275862069,0,0,0,1,0,1,0,0,0,0,0.19242268041237112
3684,ê¥êÖçUìÒ,5,33,0,1,8,0.21030303030303032,0,0,0,0,0,0,0,0,0,0,0.19242268041237112
3684,ê¥êÖçUìÒ,6,34,1,2,7,0.24,0,0,0,1,0,0,0,0,0,0,0.19242268041237112
3685,çrà‰ãPîN,1,37,21,6,6,0.1572972972972973,20,0,0,0,1,0,2,6,5,0,0.15793814432989692
3685,çrà‰ãPîN,2,37,6,15,3,0.14189189189189189,0,4,1,0,1,0,0,0,0,19,0.15793814432989692
3685,çrà‰ãPîN,3,30,8,6,6,0.159,0,1,3,2,2,0,0,0,0,0,0.15793814432989692
3685,çrà‰ãPîN,4,28,4,8,9,0.15285714285714286,0,1,2,1,0,0,0,0,0,0,0.15793814432989692
3685,çrà‰ãPîN,5,30,2,7,7,0.164,0,0,0,2,0,0,0,0,0,0,0.15793814432989692
3685,çrà‰ãPîN,6,32,4,1,5,0.175,0,1,1,2,0,0,0,0,0,0,0.15793814432989692
3686,íπãèíÀçFîé,1,54,36,13,1,0.1274074074074074,33,0,0,0,3,0,7,7,1,0,0.15519572953736654
3686,íπãèíÀçFîé,2,46,6,11,13,0.14369565217391306,0,3,2,0,1,0,0,0,0,20,0.15519572953736654
3686,íπãèíÀçFîé,3,49,9,17,3,0.18673469387755104,0,3,4,2,0,0,0,0,0,0,0.15519572953736654
3686,íπãèíÀçFîé,4,45,8,10,10,0.1388888888888889,0,2,5,1,0,0,0,0,0,0,0.15519572953736654
3686,íπãèíÀçFîé,5,47,5,4,9,0.16276595744680852,0,0,4,1,0,0,0,0,0,0,0.15519572953736654
3686,íπãèíÀçFîé,6,40,1,7,8,0.17675000000000002,0,0,1,0,0,0,0,0,0,0,0.15519572953736654
3687,â‘ìcòañæ,1,41,28,8,2,0.12341463414634148,28,0,0,0,0,0,0,7,3,0,0.1576954732510288
3687,â‘ìcòañæ,2,46,5,14,5,0.16043478260869565,0,4,0,0,1,0,0,0,0,28,0.1576954732510288
3687,â‘ìcòañæ,3,36,4,9,9,0.15222222222222223,0,0,3,0,1,0,0,0,0,0,0.1576954732510288
3687,â‘ìcòañæ,4,41,3,2,11,0.17780487804878048,0,1,1,0,1,0,0,0,0,0,0.1576954732510288
3687,â‘ìcòañæ,5,39,2,10,5,0.151025641025641,0,0,2,0,0,0,0,0,0,0,0.1576954732510288
3687,â‘ìcòañæ,6,40,2,5,10,0.1805,0,1,0,0,1,0,0,0,0,0,0.1576954732510288
3690,âÕçáéOçO,1,40,17,6,5,0.17850000000000002,13,0,0,0,4,0,4,13,5,0,0.18633187772925766
3690,âÕçáéOçO,2,36,5,6,13,0.18694444444444447,0,4,0,0,1,0,0,0,0,15,0.18633187772925766
3690,âÕçáéOçO,3,42,6,5,8,0.18523809523809526,0,1,3,1,1,0,0,0,0,0,0.18633187772925766
3690,âÕçáéOçO,4,38,1,11,7,0.19710526315789476,0,0,1,0,0,0,0,0,0,0,0.18633187772925766
3690,âÕçáéOçO,5,36,3,2,5,0.1825,0,0,0,2,1,0,0,0,0,0,0.18633187772925766
3690,âÕçáéOçO,6,37,1,3,11,0.1881081081081081,0,0,0,1,0,0,0,0,0,0,0.18633187772925766
3692,í|çòê≥é˜,1,33,8,9,4,0.14969696969696972,8,0,0,0,0,0,9,8,3,0,0.16476851851851854
3692,í|çòê≥é˜,2,39,4,6,8,0.18871794871794872,0,4,0,0,0,0,0,0,0,17,0.16476851851851854
3692,í|çòê≥é˜,3,37,0,10,6,0.16,0,0,0,0,0,0,0,0,0,0,0.16476851851851854
3692,í|çòê≥é˜,4,37,4,5,6,0.14918918918918916,0,0,3,0,0,1,0,0,0,0,0.16476851851851854
3692,í|çòê≥é˜,5,41,0,3,2,0.14926829268292682,0,0,0,0,0,0,0,0,0,0,0.16476851851851854
3692,í|çòê≥é˜,6,29,0,0,4,0.1975862068965517,0,0,0,0,0,0,0,0,0,0,0.16476851851851854
3693,äúèÍóDéq,1,30,7,5,4,0.15733333333333333,7,0,0,0,0,0,10,6,4,0,0.18350282485875707
3693,äúèÍóDéq,2,29,4,5,2,0.18896551724137933,0,0,4,0,0,0,0,0,0,18,0.18350282485875707
3693,äúèÍóDéq,3,37,1,7,8,0.19324324324324324,0,0,1,0,0,0,0,0,0,0,0.18350282485875707
3693,äúèÍóDéq,4,30,1,6,2,0.1753333333333333,0,1,0,0,0,0,0,0,0,0,0.18350282485875707
3693,äúèÍóDéq,5,25,0,1,4,0.1936,0,0,0,0,0,0,0,0,0,0,0.18350282485875707
3693,äúèÍóDéq,6,26,0,4,1,0.19346153846153846,0,0,0,0,0,0,0,0,0,0,0.18350282485875707
3696,îíà‰óFê∞,1,45,16,8,11,0.19844444444444445,15,0,0,0,1,0,7,14,5,0,0.1769649805447471
3696,îíà‰óFê∞,2,41,7,9,12,0.18634146341463415,0,6,1,0,0,0,0,0,0,20,0.1769649805447471
3696,îíà‰óFê∞,3,50,3,10,14,0.1704,0,0,0,2,1,0,0,0,0,0,0.1769649805447471
3696,îíà‰óFê∞,4,48,6,7,13,0.15875,0,1,2,2,1,0,0,0,0,0,0.1769649805447471
3696,îíà‰óFê∞,5,37,1,7,5,0.16027027027027027,0,0,0,1,0,0,0,0,0,0,0.1769649805447471
3696,îíà‰óFê∞,6,36,1,1,10,0.19,0,1,0,0,0,0,0,0,0,0,0.1769649805447471
3697,èüñÏó≥éi,1,2,2,0,0,0.075,1,0,1,0,0,0,0,0,0,0,0.12608695652173912
3697,èüñÏó≥éi,2,4,1,2,0,0.1275,0,1,0,0,0,0,0,0,0,1,0.12608695652173912
3697,èüñÏó≥éi,3,5,0,1,0,0.136,0,0,0,0,0,0,0,0,0,0,0.12608695652173912
3697,èüñÏó≥éi,4,6,0,2,1,0.125,0,0,0,0,0,0,0,0,0,0,0.12608695652173912
3697,èüñÏó≥éi,5,4,0,1,0,0.1325,0,0,0,0,0,0,0,0,0,0,0.12608695652173912
3697,èüñÏó≥éi,6,2,0,0,0,0.14,0,0,0,0,0,0,0,0,0,0,0.12608695652173912
3698,è¨ä™ó«éä,1,16,1,2,2,0.180625,1,0,0,0,0,0,10,3,1,0,0.18484126984126983
3698,è¨ä™ó«éä,2,22,0,1,6,0.1740909090909091,0,0,0,0,0,0,0,0,0,10,0.18484126984126983
3698,è¨ä™ó«éä,3,25,0,0,9,0.19399999999999998,0,0,0,0,0,0,0,0,0,0,0.18484126984126983
3698,è¨ä™ó«éä,4,21,2,0,5,0.15047619047619049,0,0,1,1,0,0,0,0,0,0,0.18484126984126983
3698,è¨ä™ó«éä,5,23,0,0,3,0.1765217391304348,0,0,0,0,0,0,0,0,0,0,0.18484126984126983
3698,è¨ä™ó«éä,6,19,0,0,2,0.23684210526315788,0,0,0,0,0,0,0,0,0,0,0.18484126984126983
3699,ïxâiê≥êl,1,29,14,8,2,0.13482758620689655,14,0,0,0,0,0,5,5,3,0,0.16735449735449734
3699,ïxâiê≥êl,2,33,5,8,6,0.14666666666666667,1,4,0,0,0,0,0,0,0,20,0.16735449735449734
3699,ïxâiê≥êl,3,33,4,7,5,0.1506060606060606,0,0,1,2,1,0,0,0,0,0,0.16735449735449734
3699,ïxâiê≥êl,4,34,1,6,13,0.1758823529411765,0,0,1,0,0,0,0,0,0,0,0.16735449735449734
3699,ïxâiê≥êl,5,32,0,5,4,0.2178125,0,0,0,0,0,0,0,0,0,0,0.16735449735449734
3699,ïxâiê≥êl,6,28,0,1,8,0.17714285714285713,0,0,0,0,0,0,0,0,0,0,0.16735449735449734
3701,ëÂêºó≤óm,1,31,10,9,6,0.14258064516129032,8,0,0,0,2,0,10,5,4,0,0.1433953488372093
3701,ëÂêºó≤óm,2,37,1,11,8,0.14864864864864866,0,1,0,0,0,0,0,0,0,22,0.1433953488372093
3701,ëÂêºó≤óm,3,41,0,4,5,0.16682926829268294,0,0,0,0,0,0,0,0,0,0,0.1433953488372093
3701,ëÂêºó≤óm,4,35,2,4,9,0.13228571428571428,0,0,1,1,0,0,0,0,0,0,0.1433953488372093
3701,ëÂêºó≤óm,5,39,1,5,4,0.13512820512820514,0,0,0,1,0,0,0,0,0,0,0.1433953488372093
3701,ëÂêºó≤óm,6,32,2,1,4,0.1303125,0,0,0,2,0,0,0,0,0,0,0.1433953488372093
3702,íÂåìè~ìÒ,1,34,15,8,3,0.17294117647058824,13,0,0,0,2,0,5,6,5,0,0.16291457286432162
3702,íÂåìè~ìÒ,2,36,2,14,8,0.15555555555555556,0,1,1,0,0,0,0,0,0,23,0.16291457286432162
3702,íÂåìè~ìÒ,3,30,2,4,10,0.143,0,0,1,1,0,0,0,0,0,0,0.16291457286432162
3702,íÂåìè~ìÒ,4,36,2,7,11,0.14027777777777778,0,0,2,0,0,0,0,0,0,0,0.16291457286432162
3702,íÂåìè~ìÒ,5,34,2,5,3,0.16941176470588235,0,0,0,1,1,0,0,0,0,0,0.16291457286432162
3702,íÂåìè~ìÒ,6,29,0,1,6,0.2013793103448276,0,0,0,0,0,0,0,0,0,0,0.16291457286432162
3703,íπéî·¡,1,33,26,3,1,0.1487878787878788,24,0,0,0,2,0,3,1,2,0,0.16577777777777777
3703,íπéî·¡,2,26,3,8,6,0.15846153846153846,0,1,1,0,1,0,0,0,0,10,0.16577777777777777
3703,íπéî·¡,3,18,4,4,3,0.18333333333333332,0,0,3,0,1,0,0,0,0,0,0.16577777777777777
3703,íπéî·¡,4,19,2,3,6,0.18842105263157896,0,0,1,1,0,0,0,0,0,0,0.16577777777777777
3703,íπéî·¡,5,18,0,5,2,0.18000000000000002,0,0,0,0,0,0,0,0,0,0,0.16577777777777777
3703,íπéî·¡,6,21,2,2,5,0.1538095238095238,0,0,2,0,0,0,0,0,0,0,0.16577777777777777
3704,ñ{ïîÇﬂÇÆÇ›,1,19,7,7,1,0.20473684210526316,7,0,0,0,0,0,7,2,2,0,0.22550847457627118
3704,ñ{ïîÇﬂÇÆÇ›,2,22,2,3,4,0.21045454545454545,0,2,0,0,0,0,0,0,0,13,0.22550847457627118
3704,ñ{ïîÇﬂÇÆÇ›,3,22,3,4,2,0.2409090909090909,0,0,3,0,0,0,0,0,0,0,0.22550847457627118
3704,ñ{ïîÇﬂÇÆÇ›,4,17,2,1,1,0.21823529411764706,0,0,2,0,0,0,0,0,0,0,0.22550847457627118
3704,ñ{ïîÇﬂÇÆÇ›,5,20,1,3,1,0.22200000000000003,0,0,0,0,1,0,0,0,0,0,0.22550847457627118
3704,ñ{ïîÇﬂÇÆÇ›,6,18,0,0,0,0.2577777777777778,0,0,0,0,0,0,0,0,0,0,0.22550847457627118
3705,‡_ìcó≤ç_,1,16,3,4,5,0.15687500000000001,3,0,0,0,0,0,1,5,5,0,0.16907563025210084
3705,‡_ìcó≤ç_,2,24,1,5,2,0.16041666666666668,1,0,0,0,0,0,0,0,0,12,0.16907563025210084
3705,‡_ìcó≤ç_,3,18,2,2,1,0.19277777777777777,0,2,0,0,0,0,0,0,0,0,0.16907563025210084
3705,‡_ìcó≤ç_,4,21,2,2,3,0.1661904761904762,0,0,2,0,0,0,0,0,0,0,0.16907563025210084
3705,‡_ìcó≤ç_,5,20,1,5,1,0.179,0,1,0,0,0,0,0,0,0,0,0.16907563025210084
3705,‡_ìcó≤ç_,6,20,0,4,3,0.161,0,0,0,0,0,0,0,0,0,0,0.16907563025210084
3708,â™ïîãMéi,1,47,22,12,4,0.15765957446808512,22,0,0,0,0,0,7,9,6,0,0.16785714285714284
3708,â™ïîãMéi,2,49,9,8,12,0.16326530612244897,2,4,2,0,0,1,0,0,0,28,0.16785714285714284
3708,â™ïîãMéi,3,48,6,10,9,0.16416666666666666,0,0,1,4,1,0,0,0,0,0,0.16785714285714284
3708,â™ïîãMéi,4,46,7,9,10,0.1676086956521739,0,2,3,1,1,0,0,0,0,0,0.16785714285714284
3708,â™ïîãMéi,5,48,3,10,6,0.17416666666666666,0,0,0,3,0,0,0,0,0,0,0.16785714285714284
3708,â™ïîãMéi,6,42,0,1,7,0.1819047619047619,0,0,0,0,0,0,0,0,0,0,0.16785714285714284
3709,ìcíÜç_îV,1,30,5,6,5,0.18366666666666667,5,0,0,0,0,0,8,8,4,0,0.1982051282051282
3709,ìcíÜç_îV,2,34,5,8,2,0.19117647058823528,0,5,0,0,0,0,0,0,0,18,0.1982051282051282
3709,ìcíÜç_îV,3,39,2,4,5,0.19999999999999998,0,0,0,1,1,0,0,0,0,0,0.1982051282051282
3709,ìcíÜç_îV,4,32,2,2,4,0.20875,0,1,1,0,0,0,0,0,0,0,0.1982051282051282
3709,ìcíÜç_îV,5,29,0,3,7,0.19241379310344828,0,0,0,0,0,0,0,0,0,0,0.1982051282051282
3709,ìcíÜç_îV,6,31,0,1,3,0.21225806451612902,0,0,0,0,0,0,0,0,0,0,0.1982051282051282
3710,ãgâië◊çO,1,41,15,11,3,0.13926829268292684,15,0,0,0,0,0,11,10,3,0,0.16326612903225807
3710,ãgâië◊çO,2,38,4,9,7,0.13763157894736844,1,2,1,0,0,0,0,0,0,24,0.16326612903225807
3710,ãgâië◊çO,3,49,4,16,9,0.14795918367346939,0,1,1,1,1,0,0,0,0,0,0.16326612903225807
3710,ãgâië◊çO,4,43,5,5,12,0.18093023255813953,0,1,0,3,1,0,0,0,0,0,0.16326612903225807
3710,ãgâië◊çO,5,41,1,4,3,0.18634146341463415,0,1,0,0,0,0,0,0,0,0,0.16326612903225807
3710,ãgâië◊çO,6,36,0,0,8,0.19111111111111112,0,0,0,0,0,0,0,0,0,0,0.16326612903225807
3711,ç]ñ{ê^é°,1,62,42,9,6,0.14661290322580645,38,0,0,0,4,0,7,5,3,0,0.15693661971830986
3711,ç]ñ{ê^é°,2,44,9,17,13,0.14636363636363636,0,8,0,0,1,0,0,0,0,25,0.15693661971830986
3711,ç]ñ{ê^é°,3,45,7,20,6,0.13933333333333334,0,0,3,1,3,0,0,0,0,0,0.15693661971830986
3711,ç]ñ{ê^é°,4,46,6,9,15,0.16304347826086957,0,2,2,2,0,0,0,0,0,0,0.15693661971830986
3711,ç]ñ{ê^é°,5,43,2,8,12,0.16813953488372094,0,0,0,2,0,0,0,0,0,0,0.15693661971830986
3711,ç]ñ{ê^é°,6,44,0,1,10,0.18272727272727274,0,0,0,0,0,0,0,0,0,0,0.15693661971830986
3712,ü«çÅï∂ïê,1,31,14,10,2,0.14580645161290323,14,0,0,0,0,0,7,4,2,0,0.16515306122448978
3712,ü«çÅï∂ïê,2,34,3,8,7,0.1673529411764706,0,3,0,0,0,0,0,0,0,17,0.16515306122448978
3712,ü«çÅï∂ïê,3,32,5,6,7,0.1384375,0,2,2,1,0,0,0,0,0,0,0.16515306122448978
3712,ü«çÅï∂ïê,4,36,4,6,9,0.16416666666666668,0,2,0,2,0,0,0,0,0,0,0.16515306122448978
3712,ü«çÅï∂ïê,5,33,1,6,5,0.1687878787878788,0,0,0,1,0,0,0,0,0,0,0.16515306122448978
3712,ü«çÅï∂ïê,6,30,0,2,5,0.20833333333333334,0,0,0,0,0,0,0,0,0,0,0.16515306122448978
3713,à…ì°êΩìÒ,1,63,40,9,6,0.11857142857142856,37,0,0,0,3,0,4,7,11,0,0.1250653594771242
3713,à…ì°êΩìÒ,2,55,10,24,3,0.14018181818181819,0,8,2,0,0,0,0,0,0,27,0.1250653594771242
3713,à…ì°êΩìÒ,3,52,14,18,7,0.12038461538461538,0,0,6,6,2,0,0,0,0,0,0.1250653594771242
3713,à…ì°êΩìÒ,4,45,11,17,10,0.12222222222222222,0,0,9,1,1,0,0,0,0,0,0.1250653594771242
3713,à…ì°êΩìÒ,5,43,1,7,14,0.12953488372093025,0,0,0,1,0,0,0,0,0,0,0.1250653594771242
3713,à…ì°êΩìÒ,6,48,2,8,8,0.12,0,0,1,1,0,0,0,0,0,0,0.1250653594771242
3714,äÅå¥ê≥,1,33,16,7,3,0.16545454545454547,14,0,0,0,2,0,4,6,6,0,0.16064676616915421
3714,äÅå¥ê≥,2,32,5,7,10,0.150625,0,2,3,0,0,0,0,0,0,15,0.16064676616915421
3714,äÅå¥ê≥,3,40,1,5,11,0.15325,0,0,0,1,0,0,0,0,0,0,0.16064676616915421
3714,äÅå¥ê≥,4,35,3,4,6,0.15857142857142856,0,0,2,0,1,0,0,0,0,0,0.16064676616915421
3714,äÅå¥ê≥,5,29,1,3,5,0.16137931034482758,0,0,1,0,0,0,0,0,0,0,0.16064676616915421
3714,äÅå¥ê≥,6,32,0,1,7,0.1765625,0,0,0,0,0,0,0,0,0,0,0.16064676616915421
3715,ëqîˆëÂâÓ,1,19,12,2,2,0.15,12,0,0,0,0,0,3,3,1,0,0.16506756756756757
3715,ëqîˆëÂâÓ,2,26,4,7,4,0.1726923076923077,0,1,2,0,1,0,0,0,0,13,0.16506756756756757
3715,ëqîˆëÂâÓ,3,22,3,4,4,0.14727272727272728,0,0,3,0,0,0,0,0,0,0,0.16506756756756757
3715,ëqîˆëÂâÓ,4,29,2,4,11,0.1696551724137931,0,0,1,1,0,0,0,0,0,0,0.16506756756756757
3715,ëqîˆëÂâÓ,5,25,1,1,3,0.166,0,0,0,1,0,0,0,0,0,0,0.16506756756756757
3715,ëqîˆëÂâÓ,6,27,1,2,3,0.17703703703703705,0,1,0,0,0,0,0,0,0,0,0.16506756756756757
3716,êŒìnìSï∫,1,53,29,12,6,0.14433962264150943,28,0,0,0,1,0,4,8,10,0,0.12463035019455253
3716,êŒìnìSï∫,2,39,8,10,7,0.1176923076923077,0,7,1,0,0,0,0,0,0,20,0.12463035019455253
3716,êŒìnìSï∫,3,38,12,3,9,0.12578947368421053,0,4,3,4,1,0,0,0,0,0,0.12463035019455253
3716,êŒìnìSï∫,4,45,12,6,8,0.1108888888888889,0,0,8,4,0,0,0,0,0,0,0.12463035019455253
3716,êŒìnìSï∫,5,41,7,7,8,0.11512195121951219,0,0,6,1,0,0,0,0,0,0,0.12463035019455253
3716,êŒìnìSï∫,6,41,6,4,7,0.12926829268292683,0,0,2,3,1,0,0,0,0,0,0.12463035019455253
3717,óßä‘è[çG,1,63,44,13,3,0.12825396825396826,40,0,0,0,2,2,8,2,9,0,0.1312087912087912
3717,óßä‘è[çG,2,42,4,10,10,0.1438095238095238,0,2,1,0,1,0,0,0,0,24,0.1312087912087912
3717,óßä‘è[çG,3,43,6,12,8,0.1304651162790698,0,0,3,2,1,0,0,0,0,0,0.1312087912087912
3717,óßä‘è[çG,4,46,12,6,17,0.12478260869565218,0,1,5,6,0,0,0,0,0,0,0.1312087912087912
3717,óßä‘è[çG,5,42,6,8,9,0.12428571428571428,0,0,0,6,0,0,0,0,0,0,0.1312087912087912
3717,óßä‘è[çG,6,37,4,3,5,0.13864864864864865,0,0,0,3,1,0,0,0,0,0,0.1312087912087912
3718,à…íBê≥óò,1,40,19,9,1,0.13774999999999998,18,0,0,0,1,0,4,6,9,0,0.1685589519650655
3718,à…íBê≥óò,2,36,2,6,11,0.17222222222222222,0,2,0,0,0,0,0,0,0,21,0.1685589519650655
3718,à…íBê≥óò,3,39,4,8,4,0.16384615384615386,0,2,2,0,0,0,0,0,0,0,0.1685589519650655
3718,à…íBê≥óò,4,37,2,3,10,0.16162162162162164,0,0,2,0,0,0,0,0,0,0,0.1685589519650655
3718,à…íBê≥óò,5,43,1,3,3,0.1786046511627907,0,0,0,1,0,0,0,0,0,0,0.1685589519650655
3718,à…íBê≥óò,6,34,0,2,1,0.2011764705882353,0,0,0,0,0,0,0,0,0,0,0.1685589519650655
3719,í“âhë†,1,68,54,3,4,0.14470588235294118,49,0,0,0,5,0,4,3,4,0,0.14850174216027873
3719,í“âhë†,2,47,13,15,11,0.1476595744680851,1,8,1,0,2,1,0,0,0,24,0.14850174216027873
3719,í“âhë†,3,44,9,14,10,0.14227272727272727,0,4,1,3,1,0,0,0,0,0,0.14850174216027873
3719,í“âhë†,4,44,9,13,9,0.1465909090909091,0,2,2,5,0,0,0,0,0,0,0.14850174216027873
3719,í“âhë†,5,46,6,9,14,0.16804347826086957,0,0,4,2,0,0,0,0,0,0,0.14850174216027873
3719,í“âhë†,6,38,5,5,6,0.14210526315789473,0,1,1,1,1,1,0,0,0,0,0.14850174216027873
3721,éÁìcèrâÓ,1,53,39,8,2,0.11867924528301887,37,0,0,0,2,0,4,7,3,0,0.12258883248730963
3721,éÁìcèrâÓ,2,28,6,10,6,0.1275,0,4,1,1,0,0,0,0,0,15,0.12258883248730963
3721,éÁìcèrâÓ,3,27,7,6,7,0.1322222222222222,0,1,1,4,1,0,0,0,0,0,0.12258883248730963
3721,éÁìcèrâÓ,4,33,6,7,8,0.1103030303030303,0,2,3,1,0,0,0,0,0,0,0.12258883248730963
3721,éÁìcèrâÓ,5,27,5,8,6,0.11,0,3,1,1,0,0,0,0,0,0,0.12258883248730963
3721,éÁìcèrâÓ,6,29,5,8,3,0.1417241379310345,1,2,1,1,0,0,0,0,0,0,0.12258883248730963
3722,êºë∫èGé˜,1,24,4,3,10,0.17166666666666666,4,0,0,0,0,0,10,5,3,0,0.1741988950276243
3722,êºë∫èGé˜,2,35,1,10,3,0.1777142857142857,0,1,0,0,0,0,0,0,0,19,0.1741988950276243
3722,êºë∫èGé˜,3,33,3,5,3,0.16454545454545455,0,2,1,0,0,0,0,0,0,0,0.1741988950276243
3722,êºë∫èGé˜,4,26,1,4,4,0.1396153846153846,0,0,0,1,0,0,0,0,0,0,0.1741988950276243
3722,êºë∫èGé˜,5,35,0,3,6,0.17885714285714285,0,0,0,0,0,0,0,0,0,0,0.1741988950276243
3722,êºë∫èGé˜,6,28,0,0,1,0.20964285714285716,0,0,0,0,0,0,0,0,0,0,0.1741988950276243
3723,îíà‰çOï∂,1,13,2,2,2,0.17230769230769233,2,0,0,0,0,0,6,3,1,0,0.16633333333333333
3723,îíà‰çOï∂,2,18,1,3,4,0.15722222222222224,0,0,1,0,0,0,0,0,0,13,0.16633333333333333
3723,îíà‰çOï∂,3,18,1,1,3,0.16944444444444443,0,1,0,0,0,0,0,0,0,0,0.16633333333333333
3723,îíà‰çOï∂,4,14,1,1,1,0.165,0,1,0,0,0,0,0,0,0,0,0.16633333333333333
3723,îíà‰çOï∂,5,16,0,1,2,0.17875,0,0,0,0,0,0,0,0,0,0,0.16633333333333333
3723,îíà‰çOï∂,6,11,0,0,0,0.15272727272727274,0,0,0,0,0,0,0,0,0,0,0.16633333333333333
3725,å¸íBç∆,1,30,15,8,3,0.1396666666666667,15,0,0,0,0,0,6,3,5,0,0.17074766355140186
3725,å¸íBç∆,2,39,4,11,3,0.16641025641025642,0,3,1,0,0,0,0,0,0,26,0.17074766355140186
3725,å¸íBç∆,3,37,1,6,7,0.15243243243243243,0,0,1,0,0,0,0,0,0,0,0.17074766355140186
3725,å¸íBç∆,4,37,1,1,4,0.18567567567567567,0,1,0,0,0,0,0,0,0,0,0.17074766355140186
3725,å¸íBç∆,5,39,0,3,5,0.17153846153846156,0,0,0,0,0,0,0,0,0,0,0.17074766355140186
3725,å¸íBç∆,6,32,1,2,2,0.208125,0,0,0,1,0,0,0,0,0,0,0.17074766355140186
3726,åjó—ä∞,1,30,10,6,3,0.17766666666666667,10,0,0,0,0,0,6,10,3,0,0.16935064935064933
3726,åjó—ä∞,2,44,1,11,9,0.17454545454545453,0,1,0,0,0,0,0,0,0,28,0.16935064935064933
3726,åjó—ä∞,3,40,6,7,7,0.16725,0,1,3,1,1,0,0,0,0,0,0.16935064935064933
3726,åjó—ä∞,4,38,1,1,9,0.15552631578947368,0,0,1,0,0,0,0,0,0,0,0.16935064935064933
3726,åjó—ä∞,5,44,4,1,7,0.16204545454545455,0,0,3,0,1,0,0,0,0,0,0.16935064935064933
3726,åjó—ä∞,6,35,0,1,2,0.18228571428571427,0,0,0,0,0,0,0,0,0,0,0.16935064935064933
3730,âñçËóDéi,1,38,13,10,3,0.17526315789473684,13,0,0,0,0,0,9,11,3,0,0.17243445692883894
3730,âñçËóDéi,2,52,8,11,8,0.16038461538461538,0,4,4,0,0,0,0,0,0,23,0.17243445692883894
3730,âñçËóDéi,3,43,3,10,12,0.16255813953488374,0,2,1,0,0,0,0,0,0,0,0.17243445692883894
3730,âñçËóDéi,4,45,1,9,8,0.1753333333333333,0,0,1,0,0,0,0,0,0,0,0.17243445692883894
3730,âñçËóDéi,5,49,0,1,7,0.16816326530612247,0,0,0,0,0,0,0,0,0,0,0.17243445692883894
3730,âñçËóDéi,6,40,0,2,4,0.198,0,0,0,0,0,0,0,0,0,0,0.17243445692883894
3731,çÇ‡_ñFãv,1,55,37,6,3,0.1861818181818182,35,0,0,0,2,0,9,6,3,0,0.1761888111888112
3731,çÇ‡_ñFãv,2,50,8,10,7,0.1924,1,4,2,0,1,0,0,0,0,22,0.1761888111888112
3731,çÇ‡_ñFãv,3,48,7,11,7,0.16854166666666667,0,2,1,3,1,0,0,0,0,0,0.1761888111888112
3731,çÇ‡_ñFãv,4,46,6,5,6,0.14543478260869566,0,1,3,1,1,0,0,0,0,0,0.1761888111888112
3731,çÇ‡_ñFãv,5,42,2,5,7,0.1680952380952381,0,1,0,1,0,0,0,0,0,0,0.1761888111888112
3731,çÇ‡_ñFãv,6,45,6,4,7,0.1931111111111111,0,2,2,0,2,0,0,0,0,0,0.1761888111888112
3734,ã{ìcê≠èü,1,22,15,2,0,0.14454545454545456,15,0,0,0,0,0,1,0,6,0,0.162969696969697
3734,ã{ìcê≠èü,2,33,3,5,10,0.17212121212121212,0,2,1,0,0,0,0,0,0,19,0.162969696969697
3734,ã{ìcê≠èü,3,28,2,5,3,0.15571428571428572,0,0,1,1,0,0,0,0,0,0,0.162969696969697
3734,ã{ìcê≠èü,4,26,4,1,4,0.14,0,1,3,0,0,0,0,0,0,0,0.162969696969697
3734,ã{ìcê≠èü,5,28,0,1,6,0.1667857142857143,0,0,0,0,0,0,0,0,0,0,0.162969696969697
3734,ã{ìcê≠èü,6,28,1,1,5,0.19142857142857145,0,0,0,1,0,0,0,0,0,0,0.162969696969697
3736,â™ñ{ñ“,1,28,14,1,4,0.19,11,0,0,0,2,1,6,3,3,0,0.1820618556701031
3736,â™ñ{ñ“,2,35,3,10,4,0.18714285714285714,0,1,1,0,1,0,0,0,0,14,0.1820618556701031
3736,â™ñ{ñ“,3,33,3,7,7,0.1687878787878788,0,0,2,0,0,1,0,0,0,0,0.1820618556701031
3736,â™ñ{ñ“,4,35,5,4,7,0.1685714285714286,0,0,1,4,0,0,0,0,0,0,0.1820618556701031
3736,â™ñ{ñ“,5,36,0,3,4,0.2061111111111111,0,0,0,0,0,0,0,0,0,0,0.1820618556701031
3736,â™ñ{ñ“,6,27,1,2,3,0.1688888888888889,0,1,0,0,0,0,0,0,0,0,0.1820618556701031
3737,è„ïΩê^ìÒ,1,57,39,8,8,0.15789473684210525,33,0,0,0,6,0,6,6,5,0,0.16895348837209304
3737,è„ïΩê^ìÒ,2,38,14,14,4,0.1626315789473684,0,10,0,1,3,0,0,0,0,15,0.16895348837209304
3737,è„ïΩê^ìÒ,3,50,10,12,15,0.1654,0,4,3,2,1,0,0,0,0,0,0.16895348837209304
3737,è„ïΩê^ìÒ,4,39,5,14,6,0.16153846153846155,0,1,2,2,0,0,0,0,0,0,0.16895348837209304
3737,è„ïΩê^ìÒ,5,33,4,7,11,0.1806060606060606,0,1,1,1,1,0,0,0,0,0,0.16895348837209304
3737,è„ïΩê^ìÒ,6,41,3,6,14,0.19219512195121952,0,1,0,2,0,0,0,0,0,0,0.16895348837209304
3740,ëÂ‡VïÅéi,1,50,34,6,3,0.1368,32,0,0,0,2,0,3,4,6,0,0.15272727272727274
3740,ëÂ‡VïÅéi,2,46,6,17,10,0.15586956521739131,0,3,3,0,0,0,0,0,0,27,0.15272727272727274
3740,ëÂ‡VïÅéi,3,43,6,8,9,0.14116279069767443,0,0,2,3,1,0,0,0,0,0,0.15272727272727274
3740,ëÂ‡VïÅéi,4,46,7,15,11,0.15695652173913044,0,1,1,5,0,0,0,0,0,0,0.15272727272727274
3740,ëÂ‡VïÅéi,5,45,3,13,7,0.15955555555555556,0,0,2,1,0,0,0,0,0,0,0.15272727272727274
3740,ëÂ‡VïÅéi,6,34,3,4,9,0.17176470588235293,0,0,2,0,1,0,0,0,0,0,0.15272727272727274
3741,èºîˆäÓê¨,1,33,13,6,2,0.16969696969696968,12,1,0,0,0,0,6,4,7,0,0.18466666666666667
3741,èºîˆäÓê¨,2,43,4,7,11,0.1672093023255814,0,2,1,0,1,0,0,0,0,29,0.18466666666666667
3741,èºîˆäÓê¨,3,48,4,9,10,0.19104166666666667,0,0,2,1,1,0,0,0,0,0,0.18466666666666667
3741,èºîˆäÓê¨,4,40,0,3,6,0.18825,0,0,0,0,0,0,0,0,0,0,0.18466666666666667
3741,èºîˆäÓê¨,5,41,1,3,5,0.19146341463414634,0,0,1,0,0,0,0,0,0,0,0.18466666666666667
3741,èºîˆäÓê¨,6,35,0,2,3,0.19942857142857143,0,0,0,0,0,0,0,0,0,0,0.18466666666666667
3742,ã{ínèGãF,1,41,20,7,7,0.15317073170731707,20,0,0,0,0,0,3,11,6,0,0.1745344129554656
3742,ã{ínèGãF,2,42,6,8,10,0.18928571428571428,0,5,1,0,0,0,0,0,0,19,0.1745344129554656
3742,ã{ínèGãF,3,49,2,11,12,0.1736734693877551,0,0,0,2,0,0,0,0,0,0,0.1745344129554656
3742,ã{ínèGãF,4,39,5,6,6,0.1835897435897436,0,2,2,0,0,1,0,0,0,0,0.1745344129554656
3742,ã{ínèGãF,5,38,1,5,5,0.1668421052631579,0,0,0,0,1,0,0,0,0,0,0.1745344129554656
3742,ã{ínèGãF,6,38,1,2,5,0.18078947368421053,0,0,0,1,0,0,0,0,0,0,0.1745344129554656
3743,ó—î¸åõ,1,70,46,13,6,0.128,41,0,0,0,5,0,9,4,10,0,0.14174074074074075
3743,ó—î¸åõ,2,42,8,11,14,0.13976190476190475,0,6,2,0,0,0,0,0,0,23,0.14174074074074075
3743,ó—î¸åõ,3,40,9,11,9,0.14175,0,0,3,6,0,0,0,0,0,0,0.14174074074074075
3743,ó—î¸åõ,4,42,2,16,9,0.1488095238095238,1,1,0,0,0,0,0,0,0,0,0.14174074074074075
3743,ó—î¸åõ,5,35,11,5,5,0.1397142857142857,0,1,8,0,2,0,0,0,0,0,0.14174074074074075
3743,ó—î¸åõ,6,41,10,10,10,0.16170731707317074,0,5,4,0,1,0,0,0,0,0,0.14174074074074075
3744,ìøëùèGé˜,1,52,41,8,0,0.1323076923076923,41,0,0,0,0,0,1,4,6,0,0.12721774193548388
3744,ìøëùèGé˜,2,37,6,8,8,0.13405405405405404,0,3,3,0,0,0,0,0,0,22,0.12721774193548388
3744,ìøëùèGé˜,3,42,8,10,7,0.13976190476190475,0,1,5,1,1,0,0,0,0,0,0.12721774193548388
3744,ìøëùèGé˜,4,43,9,12,8,0.12069767441860466,0,1,4,4,0,0,0,0,0,0,0.12721774193548388
3744,ìøëùèGé˜,5,32,2,6,5,0.11125,0,1,0,1,0,0,0,0,0,0,0.12721774193548388
3744,ìøëùèGé˜,6,42,5,6,9,0.12119047619047618,0,1,1,0,3,0,0,0,0,0,0.12721774193548388
3745,ã¥ñ{îNåı,1,50,30,6,6,0.15259999999999999,30,0,0,0,0,0,1,12,6,0,0.14661290322580645
3745,ã¥ñ{îNåı,2,39,1,10,15,0.1358974358974359,0,1,0,0,0,0,0,0,0,23,0.14661290322580645
3745,ã¥ñ{îNåı,3,46,5,10,12,0.14260869565217393,0,0,1,2,2,0,0,0,0,0,0.14661290322580645
3745,ã¥ñ{îNåı,4,44,2,9,14,0.14431818181818182,0,2,0,0,0,0,0,0,0,0,0.14661290322580645
3745,ã¥ñ{îNåı,5,29,3,5,5,0.14965517241379309,0,1,0,2,0,0,0,0,0,0,0.14661290322580645
3745,ã¥ñ{îNåı,6,40,1,7,4,0.1545,0,0,0,0,1,0,0,0,0,0,0.14661290322580645
3746,â™ê£ê≥êl,1,64,44,8,8,0.14109375,44,0,0,0,0,0,5,6,8,0,0.15701298701298702
3746,â™ê£ê≥êl,2,54,8,15,16,0.16407407407407407,0,6,2,0,0,0,0,0,0,35,0.15701298701298702
3746,â™ê£ê≥êl,3,53,7,12,20,0.15735849056603773,0,1,0,4,2,0,0,0,0,0,0.15701298701298702
3746,â™ê£ê≥êl,4,44,3,8,11,0.15636363636363637,0,1,0,2,0,0,0,0,0,0,0.15701298701298702
3746,â™ê£ê≥êl,5,43,4,9,9,0.16697674418604652,0,0,0,4,0,0,0,0,0,0,0.15701298701298702
3746,â™ê£ê≥êl,6,50,1,8,11,0.16140000000000002,0,0,0,1,0,0,0,0,0,0,0.15701298701298702
3747,ö†çËó«èt,1,31,19,7,1,0.15548387096774194,17,1,0,0,1,0,4,2,4,0,0.15039301310043668
3747,ö†çËó«èt,2,42,6,11,7,0.1473809523809524,0,4,2,0,0,0,0,0,0,24,0.15039301310043668
3747,ö†çËó«èt,3,42,4,8,10,0.16499999999999998,0,2,1,1,0,0,0,0,0,0,0.15039301310043668
3747,ö†çËó«èt,4,44,5,5,6,0.15113636363636365,0,1,3,0,1,0,0,0,0,0,0.15039301310043668
3747,ö†çËó«èt,5,40,2,6,6,0.15175,0,0,0,1,1,0,0,0,0,0,0.15039301310043668
3747,ö†çËó«èt,6,30,0,4,5,0.126,0,0,0,0,0,0,0,0,0,0,0.15039301310043668
3748,è¨çïó≥å·,1,23,5,4,4,0.15782608695652173,5,0,0,0,0,0,5,7,4,0,0.16640211640211638
3748,è¨çïó≥å·,2,39,3,9,4,0.17333333333333334,0,1,0,0,1,1,0,0,0,19,0.16640211640211638
3748,è¨çïó≥å·,3,35,1,5,7,0.16228571428571428,0,0,1,0,0,0,0,0,0,0,0.16640211640211638
3748,è¨çïó≥å·,4,30,1,0,3,0.14800000000000002,0,1,0,0,0,0,0,0,0,0,0.16640211640211638
3748,è¨çïó≥å·,5,31,1,4,4,0.18774193548387097,0,0,0,1,0,0,0,0,0,0,0.16640211640211638
3748,è¨çïó≥å·,6,31,0,0,1,0.16516129032258065,0,0,0,0,0,0,0,0,0,0,0.16640211640211638
3752,âFìyë◊èA,1,21,11,5,2,0.1961904761904762,10,0,0,0,1,0,5,2,2,0,0.17398843930635838
3752,âFìyë◊èA,2,32,5,6,9,0.185,0,5,0,0,0,0,0,0,0,17,0.17398843930635838
3752,âFìyë◊èA,3,34,5,7,6,0.17176470588235293,0,0,1,2,2,0,0,0,0,0,0.17398843930635838
3752,âFìyë◊èA,4,33,4,3,11,0.16787878787878788,0,0,1,2,1,0,0,0,0,0,0.17398843930635838
3752,âFìyë◊èA,5,27,1,5,4,0.17222222222222225,0,0,0,1,0,0,0,0,0,0,0.17398843930635838
3752,âFìyë◊èA,6,26,1,2,2,0.155,0,0,0,1,0,0,0,0,0,0,0.17398843930635838
3753,âÕè„ìNñÁ,1,32,14,6,5,0.166875,12,0,0,0,2,0,3,6,6,0,0.1708071748878924
3753,âÕè„ìNñÁ,2,42,5,6,8,0.1561904761904762,0,3,2,0,0,0,0,0,0,24,0.1708071748878924
3753,âÕè„ìNñÁ,3,38,3,6,5,0.17210526315789473,0,0,2,0,1,0,0,0,0,0,0.1708071748878924
3753,âÕè„ìNñÁ,4,38,1,1,3,0.16078947368421054,0,0,1,0,0,0,0,0,0,0,0.1708071748878924
3753,âÕè„ìNñÁ,5,40,0,0,5,0.175,0,0,0,0,0,0,0,0,0,0,0.1708071748878924
3753,âÕè„ìNñÁ,6,33,0,1,4,0.19818181818181818,0,0,0,0,0,0,0,0,0,0,0.1708071748878924
3755,ãgë∫òañÁ,1,8,1,2,1,0.2475,1,0,0,0,0,0,1,3,2,0,0.20068493150684932
3755,ãgë∫òañÁ,2,17,2,0,2,0.19117647058823528,0,1,1,0,0,0,0,0,0,8,0.20068493150684932
3755,ãgë∫òañÁ,3,12,0,1,2,0.22,0,0,0,0,0,0,0,0,0,0,0.20068493150684932
3755,ãgë∫òañÁ,4,13,0,1,2,0.1853846153846154,0,0,0,0,0,0,0,0,0,0,0.20068493150684932
3755,ãgë∫òañÁ,5,14,0,4,0,0.18,0,0,0,0,0,0,0,0,0,0,0.20068493150684932
3755,ãgë∫òañÁ,6,9,0,1,0,0.20555555555555557,0,0,0,0,0,0,0,0,0,0,0.20068493150684932
3757,î®òaçG,1,55,26,15,6,0.15454545454545454,25,0,0,0,1,0,8,7,8,0,0.181635687732342
3757,î®òaçG,2,45,6,12,11,0.18444444444444447,0,2,2,0,2,0,0,0,0,23,0.181635687732342
3757,î®òaçG,3,50,2,7,15,0.1826,0,0,1,1,0,0,0,0,0,0,0.181635687732342
3757,î®òaçG,4,43,2,12,11,0.18697674418604648,0,0,2,0,0,0,0,0,0,0,0.181635687732342
3757,î®òaçG,5,32,1,1,8,0.17625,0,0,0,0,1,0,0,0,0,0,0.181635687732342
3757,î®òaçG,6,44,2,4,9,0.21022727272727273,0,0,0,2,0,0,0,0,0,0,0.181635687732342
3761,éRñ{åıóY,1,29,16,6,2,0.14275862068965517,15,0,0,0,1,0,2,8,2,0,0.1574
3761,éRñ{åıóY,2,36,2,10,10,0.15305555555555556,0,1,1,0,0,0,0,0,0,25,0.1574
3761,éRñ{åıóY,3,36,4,7,8,0.15472222222222223,0,2,2,0,0,0,0,0,0,0,0.1574
3761,éRñ{åıóY,4,36,4,8,7,0.16361111111111112,0,1,1,1,1,0,0,0,0,0,0.1574
3761,éRñ{åıóY,5,31,0,6,6,0.14451612903225808,0,0,0,0,0,0,0,0,0,0,0.1574
3761,éRñ{åıóY,6,32,1,2,8,0.1840625,0,0,0,1,0,0,0,0,0,0,0.1574
3769,ç≤í|çPïF,1,40,23,6,3,0.14675,21,0,0,0,2,0,4,7,5,0,0.16274418604651164
3769,ç≤í|çPïF,2,36,4,12,9,0.16722222222222224,0,4,0,0,0,0,0,0,0,21,0.16274418604651164
3769,ç≤í|çPïF,3,38,5,5,10,0.1513157894736842,0,2,3,0,0,0,0,0,0,0,0.16274418604651164
3769,ç≤í|çPïF,4,36,3,7,8,0.1486111111111111,0,1,2,0,0,0,0,0,0,0,0.16274418604651164
3769,ç≤í|çPïF,5,30,0,3,10,0.16033333333333336,0,0,0,0,0,0,0,0,0,0,0.16274418604651164
3769,ç≤í|çPïF,6,35,1,4,7,0.20542857142857143,0,0,1,0,0,0,0,0,0,0,0.16274418604651164
3771,ê‹â∫ä∞ñ@,1,50,19,16,7,0.1438,19,0,0,0,0,0,7,16,6,0,0.1455078125
3771,ê‹â∫ä∞ñ@,2,45,7,13,12,0.16066666666666668,0,4,3,0,0,0,0,0,0,20,0.1455078125
3771,ê‹â∫ä∞ñ@,3,42,6,9,8,0.13166666666666668,0,0,3,3,0,0,0,0,0,0,0.1455078125
3771,ê‹â∫ä∞ñ@,4,42,3,8,9,0.13571428571428573,0,0,0,2,1,0,0,0,0,0,0.1455078125
3771,ê‹â∫ä∞ñ@,5,42,3,6,15,0.14166666666666666,0,1,1,1,0,0,0,0,0,0,0.1455078125
3771,ê‹â∫ä∞ñ@,6,35,2,5,9,0.16142857142857145,0,0,0,2,0,0,0,0,0,0,0.1455078125
3772,àÍñˆòaçF,1,35,21,6,2,0.13485714285714284,19,0,0,0,2,0,5,4,3,0,0.17021052631578948
3772,àÍñˆòaçF,2,32,8,9,7,0.1790625,0,6,1,0,1,0,0,0,0,17,0.17021052631578948
3772,àÍñˆòaçF,3,36,6,5,9,0.16944444444444443,0,0,5,0,1,0,0,0,0,0,0.17021052631578948
3772,àÍñˆòaçF,4,31,1,6,6,0.17290322580645162,0,0,1,0,0,0,0,0,0,0,0.17021052631578948
3772,àÍñˆòaçF,5,30,1,2,9,0.177,0,0,0,0,1,0,0,0,0,0,0.17021052631578948
3772,àÍñˆòaçF,6,26,3,5,3,0.19692307692307692,1,2,0,0,0,0,0,0,0,0,0.17021052631578948
3773,í√óØç_àÍòY,1,29,12,5,5,0.17413793103448275,12,0,0,0,0,0,6,3,7,0,0.16341232227488153
3773,í√óØç_àÍòY,2,36,4,6,6,0.15888888888888889,0,3,1,0,0,0,0,0,0,16,0.16341232227488153
3773,í√óØç_àÍòY,3,46,4,7,6,0.1532608695652174,0,0,0,2,2,0,0,0,0,0,0.16341232227488153
3773,í√óØç_àÍòY,4,34,4,3,9,0.1673529411764706,0,0,0,2,2,0,0,0,0,0,0.16341232227488153
3773,í√óØç_àÍòY,5,36,1,5,4,0.1525,0,1,0,0,0,0,0,0,0,0,0.16341232227488153
3773,í√óØç_àÍòY,6,30,0,1,5,0.18266666666666667,0,0,0,0,0,0,0,0,0,0,0.16341232227488153
3775,êÚå[ï∂,1,34,13,8,3,0.14794117647058824,12,0,0,0,1,0,5,7,7,0,0.14603603603603604
3775,êÚå[ï∂,2,38,2,9,7,0.13973684210526316,0,2,0,0,0,0,0,0,0,23,0.14603603603603604
3775,êÚå[ï∂,3,44,4,11,9,0.15159090909090908,0,1,0,3,0,0,0,0,0,0,0.14603603603603604
3775,êÚå[ï∂,4,40,3,10,3,0.13325,0,0,2,0,1,0,0,0,0,0,0.14603603603603604
3775,êÚå[ï∂,5,36,2,3,8,0.1411111111111111,0,0,0,2,0,0,0,0,0,0,0.14603603603603604
3775,êÚå[ï∂,6,30,0,1,0,0.16666666666666666,0,0,0,0,0,0,0,0,0,0,0.14603603603603604
3776,â°à‰åíëæ,1,36,11,4,10,0.1663888888888889,10,0,0,0,1,0,10,8,4,0,0.17868725868725868
3776,â°à‰åíëæ,2,52,2,12,9,0.17211538461538461,0,2,0,0,0,0,0,0,0,29,0.17868725868725868
3776,â°à‰åíëæ,3,45,4,10,8,0.18044444444444444,0,0,4,0,0,0,0,0,0,0,0.17868725868725868
3776,â°à‰åíëæ,4,39,2,3,10,0.18461538461538463,0,0,1,1,0,0,0,0,0,0,0.17868725868725868
3776,â°à‰åíëæ,5,45,1,5,7,0.17066666666666666,0,0,0,1,0,0,0,0,0,0,0.17868725868725868
3776,â°à‰åíëæ,6,42,0,1,6,0.19857142857142857,0,0,0,0,0,0,0,0,0,0,0.17868725868725868
3777,îÛå˚ó∫,1,44,28,6,2,0.15227272727272728,26,0,0,0,1,1,2,6,8,0,0.1750574712643678
3777,îÛå˚ó∫,2,45,8,14,7,0.15333333333333335,0,4,2,1,1,0,0,0,0,29,0.1750574712643678
3777,îÛå˚ó∫,3,44,6,9,16,0.1668181818181818,0,0,3,1,1,1,0,0,0,0,0.1750574712643678
3777,îÛå˚ó∫,4,47,4,6,11,0.1923404255319149,0,1,2,1,0,0,0,0,0,0,0.1750574712643678
3777,îÛå˚ó∫,5,43,1,6,15,0.1925581395348837,0,0,0,1,0,0,0,0,0,0,0.1750574712643678
3777,îÛå˚ó∫,6,38,1,5,8,0.1955263157894737,0,0,0,1,0,0,0,0,0,0,0.1750574712643678
3778,à¿íBî¸îø,1,16,3,3,4,0.19,3,0,0,0,0,0,4,6,2,0,0.1853921568627451
3778,à¿íBî¸îø,2,22,2,8,0,0.17909090909090908,0,2,0,0,0,0,0,0,0,9,0.1853921568627451
3778,à¿íBî¸îø,3,21,2,3,1,0.18857142857142856,0,1,1,0,0,0,0,0,0,0,0.1853921568627451
3778,à¿íBî¸îø,4,15,0,0,3,0.192,0,0,0,0,0,0,0,0,0,0,0.1853921568627451
3778,à¿íBî¸îø,5,14,0,0,2,0.14714285714285716,0,0,0,0,0,0,0,0,0,0,0.1853921568627451
3778,à¿íBî¸îø,6,14,0,0,1,0.21642857142857144,0,0,0,0,0,0,0,0,0,0,0.1853921568627451
3779,å¥ìcçKç∆,1,61,39,9,7,0.10655737704918032,39,0,0,0,0,0,6,9,5,0,0.10826254826254826
3779,å¥ìcçKç∆,2,35,5,10,6,0.118,0,2,1,0,2,0,0,0,0,24,0.10826254826254826
3779,å¥ìcçKç∆,3,47,8,6,9,0.10936170212765957,0,2,2,3,1,0,0,0,0,0,0.10826254826254826
3779,å¥ìcçKç∆,4,44,12,7,10,0.09568181818181819,0,0,9,3,0,0,0,0,0,0,0.10826254826254826
3779,å¥ìcçKç∆,5,32,3,3,6,0.1065625,0,2,0,1,0,0,0,0,0,0,0.10826254826254826
3779,å¥ìcçKç∆,6,40,5,6,9,0.11625,0,1,1,3,0,0,0,0,0,0,0.10826254826254826
3780,ãõíJíqîV,1,54,38,9,4,0.15444444444444444,36,1,0,0,1,0,2,6,7,0,0.1610126582278481
3780,ãõíJíqîV,2,42,4,16,8,0.17142857142857143,0,3,1,0,0,0,0,0,0,30,0.1610126582278481
3780,ãõíJíqîV,3,37,4,11,14,0.1718918918918919,0,1,1,2,0,0,0,0,0,0,0.1610126582278481
3780,ãõíJíqîV,4,42,4,9,9,0.1619047619047619,0,1,2,0,0,1,0,0,0,0,0.1610126582278481
3780,ãõíJíqîV,5,31,3,6,6,0.15903225806451612,0,0,0,0,3,0,0,0,0,0,0.1610126582278481
3780,ãõíJíqîV,6,31,4,10,6,0.14612903225806453,0,1,0,1,2,0,0,0,0,0,0.1610126582278481
3781,èHå≥êΩ,1,20,8,3,2,0.1365,8,0,0,0,0,0,2,5,3,0,0.1320408163265306
3781,èHå≥êΩ,2,26,4,8,5,0.10807692307692308,0,2,2,0,0,0,0,0,0,13,0.1320408163265306
3781,èHå≥êΩ,3,27,3,4,3,0.14407407407407408,0,0,0,3,0,0,0,0,0,0,0.1320408163265306
3781,èHå≥êΩ,4,26,0,3,2,0.13423076923076924,0,0,0,0,0,0,0,0,0,0,0.1320408163265306
3781,èHå≥êΩ,5,26,3,1,4,0.11615384615384615,0,0,0,3,0,0,0,0,0,0,0.1320408163265306
3781,èHå≥êΩ,6,22,1,1,2,0.15772727272727274,0,1,0,0,0,0,0,0,0,0,0.1320408163265306
3783,âZê∂ê≥ã`,1,52,37,5,2,0.12288461538461538,35,0,0,0,2,0,7,3,5,0,0.14402489626556017
3783,âZê∂ê≥ã`,2,42,8,15,8,0.15119047619047618,0,5,3,0,0,0,0,0,0,24,0.14402489626556017
3783,âZê∂ê≥ã`,3,41,5,16,10,0.15804878048780488,0,1,2,2,0,0,0,0,0,0,0.14402489626556017
3783,âZê∂ê≥ã`,4,40,3,16,9,0.14375,0,0,2,1,0,0,0,0,0,0,0.14402489626556017
3783,âZê∂ê≥ã`,5,32,3,8,7,0.131875,0,0,1,1,1,0,0,0,0,0,0.14402489626556017
3783,âZê∂ê≥ã`,6,34,1,10,7,0.1623529411764706,0,0,1,0,0,0,0,0,0,0,0.14402489626556017
3784,íÜìáóFòa,1,38,19,5,8,0.13736842105263158,18,0,0,0,1,0,4,9,4,0,0.16316239316239317
3784,íÜìáóFòa,2,41,5,13,9,0.16853658536585367,0,3,2,0,0,0,0,0,0,25,0.16316239316239317
3784,íÜìáóFòa,3,40,6,12,9,0.16199999999999998,0,0,4,2,0,0,0,0,0,0,0.16316239316239317
3784,íÜìáóFòa,4,40,6,9,7,0.16,0,0,4,2,0,0,0,0,0,0,0.16316239316239317
3784,íÜìáóFòa,5,41,2,5,9,0.1721951219512195,0,0,1,1,0,0,0,0,0,0,0.16316239316239317
3784,íÜìáóFòa,6,34,2,4,1,0.1797058823529412,0,0,1,1,0,0,0,0,0,0,0.16316239316239317
3787,ìVñÏêΩ,1,36,15,12,0,0.17388888888888887,11,0,0,0,4,0,10,4,6,0,0.18142857142857144
3787,ìVñÏêΩ,2,40,2,6,9,0.17825,0,1,0,0,0,1,0,0,0,28,0.18142857142857144
3787,ìVñÏêΩ,3,45,2,4,10,0.19066666666666668,0,0,1,1,0,0,0,0,0,0,0.18142857142857144
3787,ìVñÏêΩ,4,44,0,7,5,0.17909090909090908,0,0,0,0,0,0,0,0,0,0,0.18142857142857144
3787,ìVñÏêΩ,5,39,2,2,4,0.16974358974358975,0,0,0,2,0,0,0,0,0,0,0.18142857142857144
3787,ìVñÏêΩ,6,34,0,0,3,0.1973529411764706,0,0,0,0,0,0,0,0,0,0,0.18142857142857144
3788,àÍã{ñ´çO,1,31,23,6,1,0.1329032258064516,21,0,0,0,2,0,1,1,4,0,0.13575342465753426
3788,àÍã{ñ´çO,2,26,1,9,5,0.1423076923076923,0,1,0,0,0,0,0,0,0,14,0.13575342465753426
3788,àÍã{ñ´çO,3,22,3,9,5,0.12863636363636363,0,1,2,0,0,0,0,0,0,0,0.13575342465753426
3788,àÍã{ñ´çO,4,28,8,7,7,0.1282142857142857,0,0,6,1,1,0,0,0,0,0,0.13575342465753426
3788,àÍã{ñ´çO,5,19,1,5,4,0.14210526315789473,0,0,0,1,0,0,0,0,0,0,0.13575342465753426
3788,àÍã{ñ´çO,6,20,3,4,4,0.144,0,0,0,2,1,0,0,0,0,0,0.13575342465753426
3789,òaìcïqïF,1,10,0,2,3,0.209,0,0,0,0,0,0,5,3,2,0,0.2077777777777778
3789,òaìcïqïF,2,16,0,4,2,0.18375,0,0,0,0,0,0,0,0,0,11,0.2077777777777778
3789,òaìcïqïF,3,16,0,2,3,0.22312500000000002,0,0,0,0,0,0,0,0,0,0,0.2077777777777778
3789,òaìcïqïF,4,14,0,0,1,0.18642857142857142,0,0,0,0,0,0,0,0,0,0,0.2077777777777778
3789,òaìcïqïF,5,12,0,0,0,0.20750000000000002,0,0,0,0,0,0,0,0,0,0,0.2077777777777778
3789,òaìcïqïF,6,13,1,0,0,0.24076923076923076,0,1,0,0,0,0,0,0,0,0,0.2077777777777778
3790,ç≤å˚íBñÁ,1,32,14,3,4,0.16375,14,0,0,0,0,0,4,6,6,0,0.1625925925925926
3790,ç≤å˚íBñÁ,2,50,5,15,12,0.16519999999999999,0,1,4,0,0,0,0,0,0,33,0.1625925925925926
3790,ç≤å˚íBñÁ,3,45,3,13,9,0.15755555555555556,0,0,3,0,0,0,0,0,0,0,0.1625925925925926
3790,ç≤å˚íBñÁ,4,44,3,9,7,0.16818181818181818,0,1,1,1,0,0,0,0,0,0,0.1625925925925926
3790,ç≤å˚íBñÁ,5,40,2,3,4,0.16,0,0,0,1,1,0,0,0,0,0,0.1625925925925926
3790,ç≤å˚íBñÁ,6,32,0,3,8,0.16,0,0,0,0,0,0,0,0,0,0,0.1625925925925926
3792,ìcíÜçã,1,29,15,10,2,0.18241379310344827,13,0,0,0,2,0,5,3,4,0,0.18323699421965317
3792,ìcíÜçã,2,28,5,6,6,0.19857142857142857,0,0,4,0,1,0,0,0,0,6,0.18323699421965317
3792,ìcíÜçã,3,30,7,11,5,0.17466666666666666,0,0,3,2,2,0,0,0,0,0,0.18323699421965317
3792,ìcíÜçã,4,28,5,5,9,0.18964285714285717,0,0,4,1,0,0,0,0,0,0,0.18323699421965317
3792,ìcíÜçã,5,26,2,7,9,0.19423076923076923,0,0,0,2,0,0,0,0,0,0,0.18323699421965317
3792,ìcíÜçã,6,32,0,4,6,0.1640625,0,0,0,0,0,0,0,0,0,0,0.18323699421965317
3793,çÇã¥ê^å·,1,15,4,8,0,0.156,4,0,0,0,0,0,5,4,0,0,0.1697938144329897
3793,çÇã¥ê^å·,2,15,1,5,1,0.18733333333333332,0,1,0,0,0,0,0,0,0,5,0.1697938144329897
3793,çÇã¥ê^å·,3,19,2,6,4,0.12894736842105264,0,0,2,0,0,0,0,0,0,0,0.1697938144329897
3793,çÇã¥ê^å·,4,15,1,1,4,0.18400000000000002,0,1,0,0,0,0,0,0,0,0,0.1697938144329897
3793,çÇã¥ê^å·,5,12,1,5,3,0.1825,0,0,0,1,0,0,0,0,0,0,0.1697938144329897
3793,çÇã¥ê^å·,6,21,0,1,3,0.18666666666666668,0,0,0,0,0,0,0,0,0,0,0.1697938144329897
3795,ã‡éqó¥âÓ,1,15,12,1,1,0.15,10,0,0,0,2,0,1,1,0,0,0.1476271186440678
3795,ã‡éqó¥âÓ,2,8,1,2,0,0.15875,0,1,0,0,0,0,0,0,0,5,0.1476271186440678
3795,ã‡éqó¥âÓ,3,9,0,2,4,0.12000000000000001,0,0,0,0,0,0,0,0,0,0,0.1476271186440678
3795,ã‡éqó¥âÓ,4,7,2,2,1,0.13142857142857142,0,1,0,0,0,1,0,0,0,0,0.1476271186440678
3795,ã‡éqó¥âÓ,5,11,2,3,2,0.16545454545454547,0,0,1,1,0,0,0,0,0,0,0.1476271186440678
3795,ã‡éqó¥âÓ,6,9,4,0,2,0.15222222222222223,0,2,0,2,0,0,0,0,0,0,0.1476271186440678
3796,í∑ñÏìπêb,1,38,11,11,6,0.16842105263157894,11,0,0,0,0,0,6,8,6,0,0.16341121495327102
3796,í∑ñÏìπêb,2,33,4,9,11,0.1521212121212121,0,2,0,1,1,0,0,0,0,23,0.16341121495327102
3796,í∑ñÏìπêb,3,39,2,4,11,0.17102564102564102,0,0,0,2,0,0,0,0,0,0,0.16341121495327102
3796,í∑ñÏìπêb,4,37,7,10,8,0.1372972972972973,0,1,3,1,2,0,0,0,0,0,0.16341121495327102
3796,í∑ñÏìπêb,5,38,3,3,6,0.1713157894736842,0,0,1,1,1,0,0,0,0,0,0.16341121495327102
3796,í∑ñÏìπêb,6,29,0,4,5,0.18241379310344827,0,0,0,0,0,0,0,0,0,0,0.16341121495327102
3797,ä‚à‰î…,1,28,5,5,5,0.16464285714285715,4,0,0,0,1,0,12,5,5,0,0.19255411255411256
3797,ä‚à‰î…,2,48,2,9,9,0.20104166666666667,0,1,0,0,1,0,0,0,0,32,0.19255411255411256
3797,ä‚à‰î…,3,44,1,10,12,0.20181818181818184,0,0,1,0,0,0,0,0,0,0,0.19255411255411256
3797,ä‚à‰î…,4,42,1,3,5,0.20404761904761906,0,0,0,0,1,0,0,0,0,0,0.19255411255411256
3797,ä‚à‰î…,5,41,0,3,7,0.18658536585365854,0,0,0,0,0,0,0,0,0,0,0.19255411255411256
3797,ä‚à‰î…,6,28,0,1,2,0.18285714285714286,0,0,0,0,0,0,0,0,0,0,0.19255411255411256
3800,ñqçGéü,1,30,20,4,2,0.13266666666666665,19,0,0,0,1,0,2,4,1,0,0.16785714285714287
3800,ñqçGéü,2,31,2,12,5,0.17258064516129032,1,1,0,0,0,0,0,0,0,18,0.16785714285714287
3800,ñqçGéü,3,32,5,9,8,0.164375,0,2,1,2,0,0,0,0,0,0,0.16785714285714287
3800,ñqçGéü,4,25,3,6,6,0.1744,0,1,1,1,0,0,0,0,0,0,0.16785714285714287
3800,ñqçGéü,5,30,2,6,3,0.15466666666666665,0,0,0,2,0,0,0,0,0,0,0.16785714285714287
3800,ñqçGéü,6,34,0,2,5,0.20470588235294118,0,0,0,0,0,0,0,0,0,0,0.16785714285714287
3801,å‹îΩìcîE,1,43,22,9,5,0.17837209302325582,22,0,0,0,0,0,7,8,3,0,0.17893023255813953
3801,å‹îΩìcîE,2,34,3,10,5,0.17852941176470588,0,1,2,0,0,0,0,0,0,21,0.17893023255813953
3801,å‹îΩìcîE,3,39,5,8,7,0.15923076923076923,0,1,3,1,0,0,0,0,0,0,0.17893023255813953
3801,å‹îΩìcîE,4,39,6,7,5,0.15666666666666668,0,0,6,0,0,0,0,0,0,0,0.17893023255813953
3801,å‹îΩìcîE,5,31,1,7,6,0.1903225806451613,0,0,1,0,0,0,0,0,0,0,0.17893023255813953
3801,å‹îΩìcîE,6,29,1,0,4,0.22448275862068964,0,0,1,0,0,0,0,0,0,0,0.17893023255813953
3802,êXâ™Ç‹Ç´,1,32,12,10,1,0.148125,11,0,0,0,1,0,7,5,4,0,0.15939252336448598
3802,êXâ™Ç‹Ç´,2,40,5,11,6,0.14675,0,3,2,0,0,0,0,0,0,18,0.15939252336448598
3802,êXâ™Ç‹Ç´,3,36,6,4,12,0.14194444444444446,0,2,3,0,0,1,0,0,0,0,0.15939252336448598
3802,êXâ™Ç‹Ç´,4,41,2,5,10,0.17341463414634148,0,0,1,1,0,0,0,0,0,0,0.15939252336448598
3802,êXâ™Ç‹Ç´,5,33,0,2,5,0.17121212121212123,0,0,0,0,0,0,0,0,0,0,0.15939252336448598
3802,êXâ™Ç‹Ç´,6,32,0,3,3,0.1759375,0,0,0,0,0,0,0,0,0,0,0.15939252336448598
3804,íÜìnèCçÏ,1,45,28,10,1,0.16822222222222222,28,0,0,0,0,0,6,9,0,0,0.16074380165289257
3804,íÜìnèCçÏ,2,38,12,7,7,0.14894736842105263,0,12,0,0,0,0,0,0,0,17,0.16074380165289257
3804,íÜìnèCçÏ,3,46,3,16,6,0.16021739130434784,0,2,0,0,1,0,0,0,0,0,0.16074380165289257
3804,íÜìnèCçÏ,4,44,6,9,8,0.12954545454545455,0,0,2,2,1,1,0,0,0,0,0.16074380165289257
3804,íÜìnèCçÏ,5,40,0,4,6,0.1685,0,0,0,0,0,0,0,0,0,0,0.16074380165289257
3804,íÜìnèCçÏ,6,29,0,1,7,0.20206896551724138,0,0,0,0,0,0,0,0,0,0,0.16074380165289257
3805,çÇã¥âpîV,1,44,29,7,4,0.13590909090909092,29,0,0,0,0,0,4,6,4,0,0.12398305084745763
3805,çÇã¥âpîV,2,39,6,14,2,0.13512820512820514,0,4,2,0,0,0,0,0,0,23,0.12398305084745763
3805,çÇã¥âpîV,3,44,7,6,6,0.11659090909090909,0,0,0,7,0,0,0,0,0,0,0.12398305084745763
3805,çÇã¥âpîV,4,41,4,5,5,0.11926829268292684,0,2,1,1,0,0,0,0,0,0,0.12398305084745763
3805,çÇã¥âpîV,5,35,1,8,7,0.118,0,0,1,0,0,0,0,0,0,0,0.12398305084745763
3805,çÇã¥âpîV,6,33,0,3,4,0.11696969696969696,0,0,0,0,0,0,0,0,0,0,0.12398305084745763
3807,â™ïîìN,1,26,7,10,4,0.2030769230769231,7,0,0,0,0,0,7,6,5,0,0.2006395348837209
3807,â™ïîìN,2,34,3,10,6,0.19794117647058826,0,1,1,0,0,1,0,0,0,18,0.2006395348837209
3807,â™ïîìN,3,25,2,3,5,0.1604,0,0,1,1,0,0,0,0,0,0,0.2006395348837209
3807,â™ïîìN,4,26,1,3,5,0.19653846153846155,0,1,0,0,0,0,0,0,0,0,0.2006395348837209
3807,â™ïîìN,5,30,0,3,8,0.19766666666666666,0,0,0,0,0,0,0,0,0,0,0.2006395348837209
3807,â™ïîìN,6,31,0,0,6,0.2403225806451613,0,0,0,0,0,0,0,0,0,0,0.2006395348837209
3808,èHìcåíëæòY,1,33,11,8,4,0.13575757575757577,11,0,0,0,0,0,6,8,6,0,0.151875
3808,èHìcåíëæòY,2,36,5,8,8,0.14583333333333334,0,3,2,0,0,0,0,0,0,19,0.151875
3808,èHìcåíëæòY,3,40,3,4,8,0.15175,0,0,3,0,0,0,0,0,0,0,0.151875
3808,èHìcåíëæòY,4,35,1,4,3,0.1517142857142857,0,0,0,1,0,0,0,0,0,0,0.151875
3808,èHìcåíëæòY,5,36,0,2,8,0.16555555555555557,0,0,0,0,0,0,0,0,0,0,0.151875
3808,èHìcåíëæòY,6,28,0,0,3,0.16142857142857142,0,0,0,0,0,0,0,0,0,0,0.151875
3809,ãgìcåı,1,33,16,7,5,0.14939393939393938,15,0,0,0,1,0,4,5,6,0,0.17267605633802818
3809,ãgìcåı,2,41,3,17,5,0.1804878048780488,0,3,0,0,0,0,0,0,0,19,0.17267605633802818
3809,ãgìcåı,3,30,4,4,6,0.174,0,0,3,1,0,0,0,0,0,0,0.17267605633802818
3809,ãgìcåı,4,38,2,4,11,0.1626315789473684,0,0,1,1,0,0,0,0,0,0,0.17267605633802818
3809,ãgìcåı,5,30,2,1,7,0.19466666666666665,0,1,0,1,0,0,0,0,0,0,0.17267605633802818
3809,ãgìcåı,6,41,1,8,4,0.17585365853658536,0,0,0,1,0,0,0,0,0,0,0.17267605633802818
3811,êŒìcèÕâõ,1,48,30,8,2,0.15916666666666668,28,0,0,0,2,0,4,9,4,0,0.1465267175572519
3811,êŒìcèÕâõ,2,42,11,12,8,0.15785714285714286,0,5,3,1,2,0,0,0,0,16,0.1465267175572519
3811,êŒìcèÕâõ,3,51,8,14,10,0.13450980392156864,0,3,0,4,1,0,0,0,0,0,0.1465267175572519
3811,êŒìcèÕâõ,4,46,12,10,12,0.12739130434782608,0,3,6,3,0,0,0,0,0,0,0.1465267175572519
3811,êŒìcèÕâõ,5,39,4,5,13,0.14923076923076925,0,0,1,3,0,0,0,0,0,0,0.1465267175572519
3811,êŒìcèÕâõ,6,36,0,5,8,0.155,0,0,0,0,0,0,0,0,0,0,0.1465267175572519
3812,éRçËêπéi,1,32,10,8,4,0.144375,10,0,0,0,0,0,10,5,4,0,0.17146118721461187
3812,éRçËêπéi,2,37,3,3,9,0.15270270270270273,0,3,0,0,0,0,0,0,0,19,0.17146118721461187
3812,éRçËêπéi,3,39,3,7,9,0.16179487179487181,0,1,1,0,1,0,0,0,0,0,0.17146118721461187
3812,éRçËêπéi,4,37,0,5,11,0.19027027027027027,0,0,0,0,0,0,0,0,0,0,0.17146118721461187
3812,éRçËêπéi,5,36,0,3,5,0.19,0,0,0,0,0,0,0,0,0,0,0.17146118721461187
3812,éRçËêπéi,6,38,0,3,5,0.18657894736842104,0,0,0,0,0,0,0,0,0,0,0.17146118721461187
3813,ç≤ì°ëÂâÓ,1,39,27,8,2,0.16589743589743589,25,0,0,0,2,0,4,5,3,0,0.18078703703703702
3813,ç≤ì°ëÂâÓ,2,42,9,15,10,0.17095238095238094,0,8,0,0,1,0,0,0,0,14,0.18078703703703702
3813,ç≤ì°ëÂâÓ,3,34,2,9,6,0.1826470588235294,0,0,1,1,0,0,0,0,0,0,0.18078703703703702
3813,ç≤ì°ëÂâÓ,4,43,2,14,14,0.18558139534883722,0,0,0,1,1,0,0,0,0,0,0.18078703703703702
3813,ç≤ì°ëÂâÓ,5,26,3,4,6,0.1769230769230769,0,0,0,2,1,0,0,0,0,0,0.18078703703703702
3813,ç≤ì°ëÂâÓ,6,32,1,1,13,0.2065625,0,1,0,0,0,0,0,0,0,0,0.18078703703703702
3814,ã‡éqãMéu,1,57,33,12,6,0.16736842105263158,28,0,0,0,5,0,9,9,4,0,0.17650000000000002
3814,ã‡éqãMéu,2,47,5,16,9,0.17553191489361702,0,3,1,0,1,0,0,0,0,30,0.17650000000000002
3814,ã‡éqãMéu,3,46,9,9,9,0.15717391304347827,0,3,1,5,0,0,0,0,0,0,0.17650000000000002
3814,ã‡éqãMéu,4,49,4,11,11,0.17326530612244898,0,4,0,0,0,0,0,0,0,0,0.17650000000000002
3814,ã‡éqãMéu,5,38,1,7,10,0.19736842105263158,0,0,0,1,0,0,0,0,0,0,0.17650000000000002
3814,ã‡éqãMéu,6,43,0,4,4,0.1955813953488372,0,0,0,0,0,0,0,0,0,0,0.17650000000000002
3815,êXâ™ñûòY,1,28,12,7,1,0.13785714285714284,12,0,0,0,0,0,7,3,5,0,0.15412060301507538
3815,êXâ™ñûòY,2,33,5,7,8,0.15454545454545454,0,2,2,0,1,0,0,0,0,18,0.15412060301507538
3815,êXâ™ñûòY,3,36,3,9,7,0.1713888888888889,0,0,3,0,0,0,0,0,0,0,0.15412060301507538
3815,êXâ™ñûòY,4,35,8,2,2,0.15857142857142856,0,2,2,4,0,0,0,0,0,0,0.15412060301507538
3815,êXâ™ñûòY,5,36,0,3,6,0.1411111111111111,0,0,0,0,0,0,0,0,0,0,0.15412060301507538
3815,êXâ™ñûòY,6,31,1,1,4,0.15838709677419355,0,0,1,0,0,0,0,0,0,0,0.15412060301507538
3819,ëÂì‡óTé˜,1,20,4,5,3,0.18050000000000002,4,0,0,0,0,0,6,4,4,0,0.1987741935483871
3819,ëÂì‡óTé˜,2,31,2,6,4,0.17225806451612902,0,2,0,0,0,0,0,0,0,19,0.1987741935483871
3819,ëÂì‡óTé˜,3,27,0,1,5,0.19851851851851854,0,0,0,0,0,0,0,0,0,0,0.1987741935483871
3819,ëÂì‡óTé˜,4,30,1,2,5,0.202,0,1,0,0,0,0,0,0,0,0,0.1987741935483871
3819,ëÂì‡óTé˜,5,25,0,2,1,0.188,0,0,0,0,0,0,0,0,0,0,0.1987741935483871
3819,ëÂì‡óTé˜,6,22,0,1,2,0.2609090909090909,0,0,0,0,0,0,0,0,0,0,0.1987741935483871
3820,ä~ótéüòY,1,23,0,7,5,0.15869565217391304,0,0,0,0,0,0,7,6,6,0,0.17492063492063492
3820,ä~ótéüòY,2,33,0,4,8,0.17303030303030303,0,0,0,0,0,0,0,0,0,22,0.17492063492063492
3820,ä~ótéüòY,3,33,2,8,4,0.17030303030303032,0,0,1,0,0,1,0,0,0,0,0.17492063492063492
3820,ä~ótéüòY,4,33,0,4,6,0.17303030303030303,0,0,0,0,0,0,0,0,0,0,0.17492063492063492
3820,ä~ótéüòY,5,36,0,4,10,0.16416666666666668,0,0,0,0,0,0,0,0,0,0,0.17492063492063492
3820,ä~ótéüòY,6,31,1,3,2,0.20838709677419354,0,0,0,1,0,0,0,0,0,0,0.17492063492063492
3822,ïΩîˆêíìT,1,60,40,6,3,0.17983333333333335,39,0,0,0,1,0,4,10,5,0,0.17992395437262357
3822,ïΩîˆêíìT,2,39,12,13,5,0.18205128205128204,1,9,0,0,2,0,0,0,0,15,0.17992395437262357
3822,ïΩîˆêíìT,3,43,10,8,11,0.16534883720930232,0,2,4,4,0,0,0,0,0,0,0.17992395437262357
3822,ïΩîˆêíìT,4,48,6,13,14,0.20083333333333334,0,1,4,1,0,0,0,0,0,0,0.17992395437262357
3822,ïΩîˆêíìT,5,40,3,11,11,0.16975,0,1,1,1,0,0,0,0,0,0,0.17992395437262357
3822,ïΩîˆêíìT,6,33,1,7,9,0.17848484848484847,0,1,0,0,0,0,0,0,0,0,0.17992395437262357
3823,ñ{ïîê^å·,1,28,11,7,3,0.1417857142857143,11,0,0,0,0,0,5,5,5,0,0.1591025641025641
3823,ñ{ïîê^å·,2,30,5,9,5,0.14566666666666667,0,2,3,0,0,0,0,0,0,14,0.1591025641025641
3823,ñ{ïîê^å·,3,26,6,3,1,0.16615384615384615,0,0,4,2,0,0,0,0,0,0,0.1591025641025641
3823,ñ{ïîê^å·,4,28,5,5,6,0.15714285714285717,0,0,3,1,1,0,0,0,0,0,0.1591025641025641
3823,ñ{ïîê^å·,5,23,5,1,5,0.1826086956521739,0,0,2,3,0,0,0,0,0,0,0.1591025641025641
3823,ñ{ïîê^å·,6,21,1,0,3,0.16952380952380952,0,0,0,1,0,0,0,0,0,0,0.1591025641025641
3825,ã{õΩó≤ëæòY,1,20,7,6,3,0.11599999999999999,7,0,0,0,0,0,5,4,0,0,0.13137724550898205
3825,ã{õΩó≤ëæòY,2,35,2,6,3,0.14057142857142857,0,0,2,0,0,0,0,0,0,19,0.13137724550898205
3825,ã{õΩó≤ëæòY,3,32,3,4,4,0.1409375,0,0,3,0,0,0,0,0,0,0,0.13137724550898205
3825,ã{õΩó≤ëæòY,4,25,2,2,1,0.138,0,0,1,1,0,0,0,0,0,0,0.13137724550898205
3825,ã{õΩó≤ëæòY,5,32,2,1,1,0.119375,0,0,2,0,0,0,0,0,0,0,0.13137724550898205
3825,ã{õΩó≤ëæòY,6,23,2,0,5,0.12695652173913044,0,1,0,0,0,1,0,0,0,0,0.13137724550898205
3826,ë∫ìcèCéü,1,45,36,4,4,0.14222222222222222,31,0,0,0,5,0,3,3,3,0,0.13985915492957746
3826,ë∫ìcèCéü,2,34,3,11,10,0.12176470588235296,0,2,1,0,0,0,0,0,0,23,0.13985915492957746
3826,ë∫ìcèCéü,3,37,5,11,8,0.13891891891891894,0,0,0,4,0,1,0,0,0,0,0.13985915492957746
3826,ë∫ìcèCéü,4,37,4,7,10,0.13837837837837838,0,1,1,2,0,0,0,0,0,0,0.13985915492957746
3826,ë∫ìcèCéü,5,28,4,6,5,0.13857142857142857,0,1,0,2,1,0,0,0,0,0,0.13985915492957746
3826,ë∫ìcèCéü,6,32,1,9,9,0.1596875,0,0,0,1,0,0,0,0,0,0,0.13985915492957746
3827,ç°êÚìO,1,33,8,6,3,0.1572727272727273,7,1,0,0,0,0,10,2,9,0,0.16080717488789237
3827,ç°êÚìO,2,46,4,10,10,0.15586956521739131,0,0,2,0,1,1,0,0,0,24,0.16080717488789237
3827,ç°êÚìO,3,38,2,3,7,0.14368421052631578,0,1,0,1,0,0,0,0,0,0,0.16080717488789237
3827,ç°êÚìO,4,37,2,5,5,0.16,0,0,1,1,0,0,0,0,0,0,0.16080717488789237
3827,ç°êÚìO,5,37,0,1,4,0.1718918918918919,0,0,0,0,0,0,0,0,0,0,0.16080717488789237
3827,ç°êÚìO,6,32,0,1,1,0.18,0,0,0,0,0,0,0,0,0,0,0.16080717488789237
3828,ñæêŒê≥îV,1,46,25,11,5,0.1458695652173913,24,0,0,0,1,0,6,8,5,0,0.17554455445544556
3828,ñæêŒê≥îV,2,31,5,12,6,0.16612903225806452,0,4,1,0,0,0,0,0,0,14,0.17554455445544556
3828,ñæêŒê≥îV,3,35,2,7,16,0.1722857142857143,0,1,0,1,0,0,0,0,0,0,0.17554455445544556
3828,ñæêŒê≥îV,4,29,2,9,7,0.18,0,1,1,0,0,0,0,0,0,0,0.17554455445544556
3828,ñæêŒê≥îV,5,31,1,4,8,0.19903225806451613,0,0,1,0,0,0,0,0,0,0,0.17554455445544556
3828,ñæêŒê≥îV,6,30,0,4,9,0.20600000000000002,0,0,0,0,0,0,0,0,0,0,0.17554455445544556
3831,à¿ì°óTãM,1,37,14,10,2,0.15324324324324323,14,0,0,0,0,0,8,5,6,0,0.1452073732718894
3831,à¿ì°óTãM,2,39,4,5,12,0.14205128205128206,0,2,2,0,0,0,0,0,0,17,0.1452073732718894
3831,à¿ì°óTãM,3,38,9,12,5,0.12157894736842105,0,1,3,2,1,2,0,0,0,0,0.1452073732718894
3831,à¿ì°óTãM,4,29,5,2,7,0.14103448275862068,0,0,5,0,0,0,0,0,0,0,0.1452073732718894
3831,à¿ì°óTãM,5,39,3,4,8,0.1441025641025641,0,0,2,1,0,0,0,0,0,0,0.1452073732718894
3831,à¿ì°óTãM,6,35,3,3,3,0.17057142857142857,0,1,0,2,0,0,0,0,0,0,0.1452073732718894
3832,â∫ìcìNñÁ,1,31,14,7,4,0.15580645161290324,13,0,0,0,1,0,7,3,4,0,0.17437229437229437
3832,â∫ìcìNñÁ,2,42,4,14,9,0.18357142857142858,1,3,0,0,0,0,0,0,0,22,0.17437229437229437
3832,â∫ìcìNñÁ,3,46,2,9,17,0.15260869565217391,0,0,0,2,0,0,0,0,0,0,0.17437229437229437
3832,â∫ìcìNñÁ,4,39,1,4,9,0.1782051282051282,0,0,0,1,0,0,0,0,0,0,0.17437229437229437
3832,â∫ìcìNñÁ,5,41,3,3,6,0.1951219512195122,0,0,0,2,0,1,0,0,0,0,0.17437229437229437
3832,â∫ìcìNñÁ,6,32,0,0,5,0.18031250000000001,0,0,0,0,0,0,0,0,0,0,0.17437229437229437
3833,íÜí“îéåP,1,69,58,7,1,0.12333333333333334,56,0,0,0,2,0,0,2,7,0,0.12474820143884892
3833,íÜí“îéåP,2,50,12,17,10,0.1322,0,8,3,1,0,0,0,0,0,21,0.12474820143884892
3833,íÜí“îéåP,3,46,12,9,9,0.12760869565217392,0,0,8,4,0,0,0,0,0,0,0.12474820143884892
3833,íÜí“îéåP,4,44,8,9,9,0.12681818181818183,0,2,2,4,0,0,0,0,0,0,0.12474820143884892
3833,íÜí“îéåP,5,34,2,2,13,0.11176470588235295,0,0,0,2,0,0,0,0,0,0,0.12474820143884892
3833,íÜí“îéåP,6,35,0,3,8,0.12314285714285715,0,0,0,0,0,0,0,0,0,0,0.12474820143884892
3834,ç◊êÏñæêl,1,28,12,7,4,0.1667857142857143,12,0,0,0,0,0,2,7,5,0,0.18859375
3834,ç◊êÏñæêl,2,36,3,4,8,0.16777777777777778,1,1,1,0,0,0,0,0,0,20,0.18859375
3834,ç◊êÏñæêl,3,34,3,6,9,0.17647058823529413,0,0,3,0,0,0,0,0,0,0,0.18859375
3834,ç◊êÏñæêl,4,32,1,1,5,0.20875000000000002,0,0,0,1,0,0,0,0,0,0,0.18859375
3834,ç◊êÏñæêl,5,33,1,2,7,0.17848484848484847,0,0,0,0,1,0,0,0,0,0,0.18859375
3834,ç◊êÏñæêl,6,29,0,0,4,0.2389655172413793,0,0,0,0,0,0,0,0,0,0,0.18859375
3837,èHéRçLàÍ,1,56,43,6,2,0.13857142857142857,43,0,0,0,0,0,6,1,6,0,0.14748062015503874
3837,èHéRçLàÍ,2,53,10,23,10,0.1288679245283019,0,4,3,1,2,0,0,0,0,28,0.14748062015503874
3837,èHéRçLàÍ,3,31,4,9,7,0.1361290322580645,0,0,3,1,0,0,0,0,0,0,0.14748062015503874
3837,èHéRçLàÍ,4,44,6,11,11,0.15636363636363637,0,2,1,3,0,0,0,0,0,0,0.14748062015503874
3837,èHéRçLàÍ,5,36,3,9,8,0.16138888888888892,0,1,1,1,0,0,0,0,0,0,0.14748062015503874
3837,èHéRçLàÍ,6,38,0,2,7,0.1723684210526316,0,0,0,0,0,0,0,0,0,0,0.14748062015503874
3838,à…ì°å[éO,1,49,33,8,5,0.1540816326530612,30,0,0,0,3,0,4,7,4,0,0.15838709677419355
3838,à…ì°å[éO,2,46,13,7,7,0.17673913043478262,0,11,2,0,0,0,0,0,0,18,0.15838709677419355
3838,à…ì°å[éO,3,35,7,7,7,0.16971428571428573,0,2,0,5,0,0,0,0,0,0,0.15838709677419355
3838,à…ì°å[éO,4,41,5,7,13,0.1521951219512195,0,2,0,2,1,0,0,0,0,0,0.15838709677419355
3838,à…ì°å[éO,5,41,5,6,8,0.1324390243902439,0,1,0,4,0,0,0,0,0,0,0.15838709677419355
3838,à…ì°å[éO,6,36,0,1,7,0.1663888888888889,0,0,0,0,0,0,0,0,0,0,0.15838709677419355
3839,êÏçáóùéi,1,36,11,10,2,0.16166666666666668,9,0,0,0,2,0,7,6,10,0,0.17410480349344978
3839,êÏçáóùéi,2,42,2,7,9,0.16357142857142856,0,1,0,0,0,1,0,0,0,28,0.17410480349344978
3839,êÏçáóùéi,3,44,1,6,5,0.16022727272727272,0,0,0,1,0,0,0,0,0,0,0.17410480349344978
3839,êÏçáóùéi,4,38,3,5,5,0.17052631578947366,0,0,0,2,1,0,0,0,0,0,0.17410480349344978
3839,êÏçáóùéi,5,42,1,6,2,0.18357142857142858,0,0,0,1,0,0,0,0,0,0,0.17410480349344978
3839,êÏçáóùéi,6,27,0,1,2,0.22,0,0,0,0,0,0,0,0,0,0,0.17410480349344978
3841,ç≤ÅXñÿòaêL,1,63,34,19,5,0.13603174603174603,31,0,0,0,3,0,8,11,8,0,0.15587188612099642
3841,ç≤ÅXñÿòaêL,2,50,15,17,6,0.14880000000000002,1,7,2,1,3,1,0,0,0,19,0.15587188612099642
3841,ç≤ÅXñÿòaêL,3,44,8,14,11,0.14795454545454545,0,3,2,1,2,0,0,0,0,0,0.15587188612099642
3841,ç≤ÅXñÿòaêL,4,40,4,13,9,0.14850000000000002,0,0,3,1,0,0,0,0,0,0,0.15587188612099642
3841,ç≤ÅXñÿòaêL,5,39,2,3,10,0.16974358974358975,0,0,0,2,0,0,0,0,0,0,0.15587188612099642
3841,ç≤ÅXñÿòaêL,6,45,4,2,12,0.1937777777777778,0,1,0,2,1,0,0,0,0,0,0.15587188612099642
3842,êØñÏëæòY,1,48,27,9,7,0.1522916666666667,27,0,0,0,0,0,4,9,7,0,0.16988636363636364
3842,êØñÏëæòY,2,44,6,16,10,0.15818181818181817,1,4,0,0,1,0,0,0,0,23,0.16988636363636364
3842,êØñÏëæòY,3,40,10,8,11,0.15175,0,3,0,6,1,0,0,0,0,0,0.16988636363636364
3842,êØñÏëæòY,4,48,5,6,11,0.16416666666666666,0,3,0,2,0,0,0,0,0,0,0.16988636363636364
3842,êØñÏëæòY,5,44,0,4,9,0.18954545454545454,0,0,0,0,0,0,0,0,0,0,0.16988636363636364
3842,êØñÏëæòY,6,40,0,0,11,0.20725000000000002,0,0,0,0,0,0,0,0,0,0,0.16988636363636364
3843,è„îVçWçO,1,35,23,7,3,0.16142857142857145,20,0,0,0,2,1,3,3,3,0,0.17949152542372881
3843,è„îVçWçO,2,44,4,13,10,0.18886363636363637,0,2,1,1,0,0,0,0,0,31,0.17949152542372881
3843,è„îVçWçO,3,41,0,7,7,0.17609756097560975,0,0,0,0,0,0,0,0,0,0,0.17949152542372881
3843,è„îVçWçO,4,41,2,3,12,0.17902439024390243,0,1,0,1,0,0,0,0,0,0,0.17949152542372881
3843,è„îVçWçO,5,39,4,5,7,0.17512820512820512,0,0,2,2,0,0,0,0,0,0,0.17949152542372881
3843,è„îVçWçO,6,36,1,1,5,0.1947222222222222,0,0,0,1,0,0,0,0,0,0,0.17949152542372881
3845,íÜíJï¸éq,1,23,15,4,1,0.14782608695652175,15,0,0,0,0,0,3,2,3,0,0.1889763779527559
3845,íÜíJï¸éq,2,19,6,7,0,0.1831578947368421,0,6,0,0,0,0,0,0,0,10,0.1889763779527559
3845,íÜíJï¸éq,3,21,2,6,4,0.18666666666666668,0,1,0,1,0,0,0,0,0,0,0.1889763779527559
3845,íÜíJï¸éq,4,20,1,5,2,0.209,0,1,0,0,0,0,0,0,0,0,0.1889763779527559
3845,íÜíJï¸éq,5,20,0,0,6,0.215,0,0,0,0,0,0,0,0,0,0,0.1889763779527559
3845,íÜíJï¸éq,6,24,1,2,5,0.19666666666666666,0,0,0,1,0,0,0,0,0,0,0.1889763779527559
3846,ì°à‰óù,1,7,2,3,1,0.18857142857142858,1,0,0,0,1,0,2,3,0,0,0.17660714285714288
3846,ì°à‰óù,2,10,0,1,2,0.172,0,0,0,0,0,0,0,0,0,6,0.17660714285714288
3846,ì°à‰óù,3,12,0,0,4,0.1875,0,0,0,0,0,0,0,0,0,0,0.17660714285714288
3846,ì°à‰óù,4,8,0,1,1,0.15125,0,0,0,0,0,0,0,0,0,0,0.17660714285714288
3846,ì°à‰óù,5,12,0,0,2,0.18833333333333335,0,0,0,0,0,0,0,0,0,0,0.17660714285714288
3846,ì°à‰óù,6,7,0,0,0,0.16142857142857142,0,0,0,0,0,0,0,0,0,0,0.17660714285714288
3848,êÏè„ëèâÓ,1,33,15,4,4,0.20121212121212123,13,0,0,0,2,0,2,9,6,0,0.16930232558139535
3848,êÏè„ëèâÓ,2,41,6,10,10,0.17341463414634148,0,1,4,0,1,0,0,0,0,21,0.16930232558139535
3848,êÏè„ëèâÓ,3,41,7,9,8,0.15853658536585366,0,0,3,4,0,0,0,0,0,0,0.16930232558139535
3848,êÏè„ëèâÓ,4,36,3,2,8,0.15527777777777776,0,0,2,1,0,0,0,0,0,0,0.16930232558139535
3848,êÏè„ëèâÓ,5,30,0,2,3,0.16233333333333333,0,0,0,0,0,0,0,0,0,0,0.16930232558139535
3848,êÏè„ëèâÓ,6,34,1,2,3,0.1673529411764706,0,0,0,0,1,0,0,0,0,0,0.16930232558139535
3849,íÜâ™ê≥ïF,1,46,33,8,3,0.1373913043478261,33,0,0,0,0,0,5,3,2,0,0.12906882591093116
3849,íÜâ™ê≥ïF,2,41,3,12,6,0.13707317073170733,1,1,0,1,0,0,0,0,0,31,0.12906882591093116
3849,íÜâ™ê≥ïF,3,39,9,9,6,0.1264102564102564,0,1,6,1,1,0,0,0,0,0,0.12906882591093116
3849,íÜâ™ê≥ïF,4,47,9,7,5,0.09531914893617022,0,1,4,4,0,0,0,0,0,0,0.12906882591093116
3849,íÜâ™ê≥ïF,5,32,0,3,8,0.115,0,0,0,0,0,0,0,0,0,0,0.12906882591093116
3849,íÜâ™ê≥ïF,6,42,4,9,3,0.1630952380952381,0,1,1,1,0,1,0,0,0,0,0.12906882591093116
3850,è¨êÏímçs,1,42,24,11,2,0.11571428571428573,23,0,0,0,1,0,7,2,7,0,0.1320769230769231
3850,è¨êÏímçs,2,48,8,12,12,0.14958333333333332,0,2,5,0,0,1,0,0,0,25,0.1320769230769231
3850,è¨êÏímçs,3,43,5,9,6,0.15627906976744185,0,0,4,0,1,0,0,0,0,0,0.1320769230769231
3850,è¨êÏímçs,4,47,5,15,9,0.11085106382978724,0,1,3,1,0,0,0,0,0,0,0.1320769230769231
3850,è¨êÏímçs,5,47,2,5,6,0.12574468085106383,0,0,0,1,1,0,0,0,0,0,0.1320769230769231
3850,è¨êÏímçs,6,33,0,2,7,0.13515151515151516,0,0,0,0,0,0,0,0,0,0,0.1320769230769231
3851,êXìcè∫ïF,1,26,12,6,2,0.12153846153846154,11,0,0,0,1,0,2,3,7,0,0.15694835680751174
3851,êXìcè∫ïF,2,39,1,4,11,0.16153846153846155,0,0,1,0,0,0,0,0,0,27,0.15694835680751174
3851,êXìcè∫ïF,3,45,3,12,7,0.1451111111111111,0,0,3,0,0,0,0,0,0,0,0.15694835680751174
3851,êXìcè∫ïF,4,33,0,0,7,0.16696969696969696,0,0,0,0,0,0,0,0,0,0,0.15694835680751174
3851,êXìcè∫ïF,5,40,0,0,5,0.17650000000000002,0,0,0,0,0,0,0,0,0,0,0.15694835680751174
3851,êXìcè∫ïF,6,30,1,3,1,0.16233333333333333,0,0,0,1,0,0,0,0,0,0,0.15694835680751174
3852,‡VëÂâÓ,1,18,6,5,3,0.17,6,0,0,0,0,0,3,2,5,0,0.15125
3852,‡VëÂâÓ,2,19,4,6,5,0.13789473684210526,0,4,0,0,0,0,0,0,0,9,0.15125
3852,‡VëÂâÓ,3,25,4,6,6,0.128,0,0,0,4,0,0,0,0,0,0,0.15125
3852,‡VëÂâÓ,4,22,3,0,5,0.1668181818181818,0,0,2,1,0,0,0,0,0,0,0.15125
3852,‡VëÂâÓ,5,23,4,4,6,0.15434782608695655,0,0,2,2,0,0,0,0,0,0,0.15125
3852,‡VëÂâÓ,6,21,1,5,2,0.15523809523809526,0,1,0,0,0,0,0,0,0,0,0.15125
3853,ä‚çËê≥ç∆,1,57,42,9,1,0.13526315789473684,40,0,0,0,2,0,1,6,5,0,0.17426877470355734
3853,ä‚çËê≥ç∆,2,40,9,12,7,0.17099999999999999,0,5,3,0,1,0,0,0,0,21,0.17426877470355734
3853,ä‚çËê≥ç∆,3,41,2,13,10,0.17439024390243904,0,0,2,0,0,0,0,0,0,0,0.17426877470355734
3853,ä‚çËê≥ç∆,4,40,1,14,6,0.176,0,0,1,0,0,0,0,0,0,0,0.17426877470355734
3853,ä‚çËê≥ç∆,5,36,0,5,9,0.18805555555555556,0,0,0,0,0,0,0,0,0,0,0.17426877470355734
3853,ä‚çËê≥ç∆,6,39,0,4,6,0.22,0,0,0,0,0,0,0,0,0,0,0.17426877470355734
3854,ãgêÏå≥ç_,1,47,35,3,1,0.14617021276595746,34,0,0,0,1,0,2,4,6,0,0.1473542600896861
3854,ãgêÏå≥ç_,2,39,8,13,7,0.1553846153846154,0,5,3,0,0,0,0,0,0,25,0.1473542600896861
3854,ãgêÏå≥ç_,3,34,7,8,10,0.14441176470588235,0,1,2,3,1,0,0,0,0,0,0.1473542600896861
3854,ãgêÏå≥ç_,4,34,4,10,9,0.13911764705882354,0,1,2,1,0,0,0,0,0,0,0.1473542600896861
3854,ãgêÏå≥ç_,5,31,4,8,5,0.13451612903225807,0,0,2,2,0,0,0,0,0,0,0.1473542600896861
3854,ãgêÏå≥ç_,6,38,3,5,10,0.16105263157894736,0,0,0,3,0,0,0,0,0,0,0.1473542600896861
3855,ëÂåFíCñÌ,1,27,6,8,5,0.1774074074074074,5,0,0,0,1,0,6,6,4,0,0.21081632653061225
3855,ëÂåFíCñÌ,2,39,2,4,11,0.1841025641025641,0,0,0,1,1,0,0,0,0,20,0.21081632653061225
3855,ëÂåFíCñÌ,3,35,1,1,9,0.20142857142857143,0,0,0,1,0,0,0,0,0,0,0.21081632653061225
3855,ëÂåFíCñÌ,4,33,4,3,7,0.21303030303030304,0,0,2,2,0,0,0,0,0,0,0.21081632653061225
3855,ëÂåFíCñÌ,5,33,0,3,2,0.22515151515151513,0,0,0,0,0,0,0,0,0,0,0.21081632653061225
3855,ëÂåFíCñÌ,6,29,0,0,2,0.27034482758620687,0,0,0,0,0,0,0,0,0,0,0.21081632653061225
3857,à¢îgèüç∆,1,2,0,0,2,0.19,0,0,0,0,0,0,0,0,1,0,0.17854545454545456
3857,à¢îgèüç∆,2,2,1,1,0,0.115,0,0,1,0,0,0,0,0,0,0,0.17854545454545456
3857,à¢îgèüç∆,3,4,0,1,1,0.16,0,0,0,0,0,0,0,0,0,0,0.17854545454545456
3857,à¢îgèüç∆,4,13,1,1,2,0.18923076923076923,0,0,0,1,0,0,0,0,0,0,0.17854545454545456
3857,à¢îgèüç∆,5,50,10,5,14,0.1746,0,1,8,1,0,0,0,0,0,0,0.17854545454545456
3857,à¢îgèüç∆,6,94,16,12,21,0.18106382978723404,0,1,11,4,0,0,0,0,0,0,0.17854545454545456
3858,êDìcñ“,1,14,5,3,0,0.17071428571428574,5,0,0,0,0,0,1,5,2,0,0.18269230769230768
3858,êDìcñ“,2,23,1,5,5,0.17695652173913046,0,0,1,0,0,0,0,0,0,13,0.18269230769230768
3858,êDìcñ“,3,29,2,3,5,0.18482758620689657,0,0,1,0,1,0,0,0,0,0,0.18269230769230768
3858,êDìcñ“,4,25,1,4,2,0.15439999999999998,0,0,1,0,0,0,0,0,0,0,0.18269230769230768
3858,êDìcñ“,5,23,1,1,2,0.20043478260869566,0,0,0,1,0,0,0,0,0,0,0.18269230769230768
3858,êDìcñ“,6,16,1,0,1,0.21625,0,0,1,0,0,0,0,0,0,0,0.18269230769230768
3859,ëΩóÖîˆíBîV,1,19,6,3,0,0.21736842105263157,6,0,0,0,0,0,2,5,3,0,0.16938650306748465
3859,ëΩóÖîˆíBîV,2,31,1,8,7,0.1693548387096774,0,0,1,0,0,0,0,0,0,19,0.16938650306748465
3859,ëΩóÖîˆíBîV,3,32,8,5,5,0.14625,0,3,4,0,1,0,0,0,0,0,0.16938650306748465
3859,ëΩóÖîˆíBîV,4,27,1,1,4,0.1614814814814815,0,0,1,0,0,0,0,0,0,0,0.16938650306748465
3859,ëΩóÖîˆíBîV,5,27,1,3,9,0.16518518518518518,0,0,0,1,0,0,0,0,0,0,0.16938650306748465
3859,ëΩóÖîˆíBîV,6,27,1,2,5,0.17518518518518517,0,0,0,0,0,1,0,0,0,0,0.16938650306748465
3860,èºñ{ç_ãM,1,34,7,9,2,0.1797058823529412,7,0,0,0,0,0,8,7,8,0,0.19368663594470045
3860,èºñ{ç_ãM,2,40,4,8,9,0.16899999999999998,0,3,1,0,0,0,0,0,0,20,0.19368663594470045
3860,èºñ{ç_ãM,3,37,1,12,2,0.2091891891891892,0,0,0,1,0,0,0,0,0,0,0.19368663594470045
3860,èºñ{ç_ãM,4,38,1,3,11,0.19999999999999998,0,1,0,0,0,0,0,0,0,0,0.19368663594470045
3860,èºñ{ç_ãM,5,37,0,2,10,0.19567567567567568,0,0,0,0,0,0,0,0,0,0,0.19368663594470045
3860,èºñ{ç_ãM,6,31,0,0,6,0.21225806451612902,0,0,0,0,0,0,0,0,0,0,0.19368663594470045
3863,äCòV‡Vë◊çs,1,31,10,8,4,0.15064516129032257,10,0,0,0,0,0,9,3,5,0,0.1567136150234742
3863,äCòV‡Vë◊çs,2,39,3,8,5,0.14153846153846156,1,1,1,0,0,0,0,0,0,21,0.1567136150234742
3863,äCòV‡Vë◊çs,3,37,3,9,8,0.14513513513513515,0,0,2,0,1,0,0,0,0,0,0.1567136150234742
3863,äCòV‡Vë◊çs,4,36,1,4,8,0.1763888888888889,0,0,0,1,0,0,0,0,0,0,0.1567136150234742
3863,äCòV‡Vë◊çs,5,31,1,1,4,0.15129032258064518,0,0,0,0,0,1,0,0,0,0,0.1567136150234742
3863,äCòV‡Vë◊çs,6,39,1,3,5,0.17384615384615384,0,0,1,0,0,0,0,0,0,0,0.1567136150234742
3866,ñÿéRêΩàÍ,1,26,11,3,4,0.11692307692307692,10,0,0,0,1,0,2,4,7,0,0.1458235294117647
3866,ñÿéRêΩàÍ,2,27,0,5,7,0.13370370370370369,0,0,0,0,0,0,0,0,0,16,0.1458235294117647
3866,ñÿéRêΩàÍ,3,31,2,4,3,0.15225806451612903,0,0,1,0,0,1,0,0,0,0,0.1458235294117647
3866,ñÿéRêΩàÍ,4,35,0,3,7,0.14,0,0,0,0,0,0,0,0,0,0,0.1458235294117647
3866,ñÿéRêΩàÍ,5,22,1,0,4,0.145,0,0,0,0,0,1,0,0,0,0,0.1458235294117647
3866,ñÿéRêΩàÍ,6,29,0,1,2,0.18379310344827587,0,0,0,0,0,0,0,0,0,0,0.1458235294117647
3867,èºâYèü,1,27,8,7,3,0.14444444444444446,8,0,0,0,0,0,9,2,8,0,0.1701081081081081
3867,èºâYèü,2,32,3,9,6,0.164375,0,2,0,1,0,0,0,0,0,21,0.1701081081081081
3867,èºâYèü,3,36,2,6,9,0.16249999999999998,0,0,1,0,1,0,0,0,0,0,0.1701081081081081
3867,èºâYèü,4,35,0,3,6,0.18457142857142858,0,0,0,0,0,0,0,0,0,0,0.1701081081081081
3867,èºâYèü,5,29,0,1,3,0.18517241379310345,0,0,0,0,0,0,0,0,0,0,0.1701081081081081
3867,èºâYèü,6,26,0,2,3,0.17807692307692308,0,0,0,0,0,0,0,0,0,0,0.1701081081081081
3868,îˆå`âhé°,1,39,19,5,4,0.14358974358974358,17,0,1,0,1,0,6,5,5,0,0.16763713080168774
3868,îˆå`âhé°,2,45,5,16,5,0.17066666666666666,0,4,1,0,0,0,0,0,0,19,0.16763713080168774
3868,îˆå`âhé°,3,38,7,7,6,0.15289473684210528,0,1,3,2,0,1,0,0,0,0,0.16763713080168774
3868,îˆå`âhé°,4,41,3,9,11,0.16195121951219513,0,1,2,0,0,0,0,0,0,0,0.16763713080168774
3868,îˆå`âhé°,5,40,1,5,8,0.17550000000000002,0,1,0,0,0,0,0,0,0,0,0.16763713080168774
3868,îˆå`âhé°,6,34,0,6,9,0.20529411764705885,0,0,0,0,0,0,0,0,0,0,0.16763713080168774
3869,à‰ã⁄ëÂéu,1,25,13,3,1,0.1396,13,0,0,0,0,0,5,5,2,0,0.17989795918367346
3869,à‰ã⁄ëÂéu,2,35,3,8,5,0.20142857142857143,0,3,0,0,0,0,0,0,0,17,0.17989795918367346
3869,à‰ã⁄ëÂéu,3,35,1,9,5,0.18285714285714286,0,0,1,0,0,0,0,0,0,0,0.17989795918367346
3869,à‰ã⁄ëÂéu,4,34,0,8,2,0.18323529411764708,0,0,0,0,0,0,0,0,0,0,0.17989795918367346
3869,à‰ã⁄ëÂéu,5,35,0,1,7,0.19428571428571428,0,0,0,0,0,0,0,0,0,0,0.17989795918367346
3869,à‰ã⁄ëÂéu,6,32,1,1,11,0.1653125,0,0,0,1,0,0,0,0,0,0,0.17989795918367346
3870,éõìàóY,1,29,14,8,3,0.14689655172413793,14,0,0,0,0,0,3,4,5,0,0.16194312796208532
3870,éõìàóY,2,37,3,9,7,0.15513513513513513,0,3,0,0,0,0,0,0,0,18,0.16194312796208532
3870,éõìàóY,3,41,3,4,11,0.16999999999999998,0,1,0,2,0,0,0,0,0,0,0.16194312796208532
3870,éõìàóY,4,37,1,6,4,0.15783783783783784,0,0,0,1,0,0,0,0,0,0,0.16194312796208532
3870,éõìàóY,5,36,2,2,6,0.15722222222222224,0,0,1,1,0,0,0,0,0,0,0.16194312796208532
3870,éõìàóY,6,31,0,3,6,0.18387096774193548,0,0,0,0,0,0,0,0,0,0,0.16194312796208532
3871,írìcéáîT,1,31,17,6,3,0.1703225806451613,15,0,0,0,2,0,4,3,5,0,0.1826775956284153
3871,írìcéáîT,2,37,2,10,10,0.17351351351351352,0,0,2,0,0,0,0,0,0,21,0.1826775956284153
3871,írìcéáîT,3,32,5,11,6,0.1775,0,0,4,0,1,0,0,0,0,0,0.1826775956284153
3871,írìcéáîT,4,26,3,2,7,0.17192307692307696,0,0,1,2,0,0,0,0,0,0,0.1826775956284153
3871,írìcéáîT,5,28,1,4,7,0.195,0,0,0,0,1,0,0,0,0,0,0.1826775956284153
3871,írìcéáîT,6,29,1,4,5,0.2110344827586207,0,0,1,0,0,0,0,0,0,0,0.1826775956284153
3872,â™ìcåõçs,1,55,40,6,5,0.16527272727272727,37,0,0,0,3,0,4,2,8,0,0.17453183520599252
3872,â™ìcåõçs,2,47,5,20,8,0.18404255319148938,0,3,1,0,1,0,0,0,0,25,0.17453183520599252
3872,â™ìcåõçs,3,49,6,13,10,0.1642857142857143,0,0,4,2,0,0,0,0,0,0,0.17453183520599252
3872,â™ìcåõçs,4,40,6,7,7,0.16699999999999998,0,0,4,2,0,0,0,0,0,0,0.17453183520599252
3872,â™ìcåõçs,5,37,3,3,14,0.18540540540540543,0,0,2,1,0,0,0,0,0,0,0.17453183520599252
3872,â™ìcåõçs,6,39,1,4,12,0.1864102564102564,0,0,0,1,0,0,0,0,0,0,0.17453183520599252
3873,ï ï{èπé˜,1,59,38,12,4,0.16084745762711863,36,0,0,0,2,0,12,5,3,0,0.16092936802973978
3873,ï ï{èπé˜,2,45,3,13,11,0.1711111111111111,0,2,1,0,0,0,0,0,0,30,0.16092936802973978
3873,ï ï{èπé˜,3,40,11,11,8,0.1395,0,1,6,4,0,0,0,0,0,0,0.16092936802973978
3873,ï ï{èπé˜,4,44,2,7,12,0.15795454545454546,0,2,0,0,0,0,0,0,0,0,0.16092936802973978
3873,ï ï{èπé˜,5,43,1,5,15,0.1644186046511628,0,0,0,0,1,0,0,0,0,0,0.16092936802973978
3873,ï ï{èπé˜,6,38,0,6,10,0.17105263157894737,0,0,0,0,0,0,0,0,0,0,0.16092936802973978
3874,éRñ{ä∞ãv,1,53,35,9,3,0.1469811320754717,32,0,0,0,3,0,9,2,5,0,0.14977611940298508
3874,éRñ{ä∞ãv,2,51,11,14,9,0.13568627450980392,0,6,4,1,0,0,0,0,0,32,0.14977611940298508
3874,éRñ{ä∞ãv,3,40,10,11,9,0.13874999999999998,0,1,5,2,2,0,0,0,0,0,0.14977611940298508
3874,éRñ{ä∞ãv,4,41,6,11,6,0.14902439024390246,0,0,3,2,1,0,0,0,0,0,0.14977611940298508
3874,éRñ{ä∞ãv,5,41,2,8,10,0.17097560975609755,0,0,0,2,0,0,0,0,0,0,0.14977611940298508
3874,éRñ{ä∞ãv,6,42,2,4,13,0.16095238095238096,0,1,0,1,0,0,0,0,0,0,0.14977611940298508
3875,úAíÜó«àÍ,1,29,15,3,4,0.16689655172413792,14,0,0,0,1,0,4,6,4,0,0.18237864077669902
3875,úAíÜó«àÍ,2,43,3,10,5,0.17930232558139536,0,3,0,0,0,0,0,0,0,26,0.18237864077669902
3875,úAíÜó«àÍ,3,40,0,8,8,0.16625,0,0,0,0,0,0,0,0,0,0,0.18237864077669902
3875,úAíÜó«àÍ,4,28,2,4,5,0.17714285714285713,0,1,1,0,0,0,0,0,0,0,0.18237864077669902
3875,úAíÜó«àÍ,5,36,1,2,4,0.1913888888888889,0,1,0,0,0,0,0,0,0,0,0.18237864077669902
3875,úAíÜó«àÍ,6,30,0,1,2,0.21733333333333335,0,0,0,0,0,0,0,0,0,0,0.18237864077669902
3876,íÜí“êíêl,1,73,65,6,1,0.13904109589041097,65,0,0,0,0,0,0,3,4,0,0.13900684931506851
3876,íÜí“êíêl,2,41,8,13,7,0.1431707317073171,0,2,5,1,0,0,0,0,0,23,0.13900684931506851
3876,íÜí“êíêl,3,51,11,13,10,0.13549019607843138,0,0,4,6,1,0,0,0,0,0,0.13900684931506851
3876,íÜí“êíêl,4,50,11,14,8,0.14120000000000002,0,2,3,5,1,0,0,0,0,0,0.13900684931506851
3876,íÜí“êíêl,5,36,4,6,8,0.15166666666666667,0,0,2,1,1,0,0,0,0,0,0.13900684931506851
3876,íÜí“êíêl,6,41,5,5,9,0.12536585365853659,0,0,2,3,0,0,0,0,0,0,0.13900684931506851
3877,èºâYîéêl,1,31,9,8,5,0.1293548387096774,8,0,0,0,1,0,5,10,5,0,0.16057416267942584
3877,èºâYîéêl,2,34,0,13,8,0.15676470588235294,0,0,0,0,0,0,0,0,0,21,0.16057416267942584
3877,èºâYîéêl,3,37,1,6,8,0.14270270270270272,0,0,0,0,1,0,0,0,0,0,0.16057416267942584
3877,èºâYîéêl,4,38,1,5,12,0.1628947368421053,0,0,0,1,0,0,0,0,0,0,0.16057416267942584
3877,èºâYîéêl,5,34,1,5,5,0.1735294117647059,0,0,0,1,0,0,0,0,0,0,0.16057416267942584
3877,èºâYîéêl,6,35,0,4,10,0.1957142857142857,0,0,0,0,0,0,0,0,0,0,0.16057416267942584
3878,å”ñ{åÂéu,1,35,16,9,7,0.13142857142857142,16,0,0,0,0,0,9,7,2,0,0.1670720720720721
3878,å”ñ{åÂéu,2,40,2,6,12,0.16799999999999998,0,2,0,0,0,0,0,0,0,19,0.1670720720720721
3878,å”ñ{åÂéu,3,34,1,9,8,0.1758823529411765,0,1,0,0,0,0,0,0,0,0,0.1670720720720721
3878,å”ñ{åÂéu,4,39,6,4,10,0.1635897435897436,0,0,0,4,2,0,0,0,0,0,0.1670720720720721
3878,å”ñ{åÂéu,5,39,0,3,5,0.17692307692307693,0,0,0,0,0,0,0,0,0,0,0.1670720720720721
3878,å”ñ{åÂéu,6,35,0,1,4,0.186,0,0,0,0,0,0,0,0,0,0,0.1670720720720721
3879,íÜë∫äi,1,34,10,4,6,0.145,7,0,0,0,3,0,11,4,5,0,0.1778695652173913
3879,íÜë∫äi,2,44,3,10,9,0.16386363636363635,0,2,1,0,0,0,0,0,0,27,0.1778695652173913
3879,íÜë∫äi,3,42,1,6,7,0.16976190476190475,0,0,0,1,0,0,0,0,0,0,0.1778695652173913
3879,íÜë∫äi,4,41,0,4,5,0.18682926829268293,0,0,0,0,0,0,0,0,0,0,0.1778695652173913
3879,íÜë∫äi,5,39,0,3,1,0.2141025641025641,0,0,0,0,0,0,0,0,0,0,0.1778695652173913
3879,íÜë∫äi,6,30,0,0,3,0.18766666666666668,0,0,0,0,0,0,0,0,0,0,0.1778695652173913
3880,êÛå©è@çF,1,46,22,12,4,0.1582608695652174,19,0,0,0,3,0,11,2,7,0,0.16980544747081713
3880,êÛå©è@çF,2,43,5,14,9,0.16232558139534883,0,1,2,0,2,0,0,0,0,27,0.16980544747081713
3880,êÛå©è@çF,3,43,2,14,11,0.1758139534883721,0,0,2,0,0,0,0,0,0,0,0.16980544747081713
3880,êÛå©è@çF,4,49,3,10,17,0.1742857142857143,0,0,0,3,0,0,0,0,0,0,0.16980544747081713
3880,êÛå©è@çF,5,36,3,2,8,0.1675,0,1,0,2,0,0,0,0,0,0,0.16980544747081713
3880,êÛå©è@çF,6,40,0,3,8,0.18125,0,0,0,0,0,0,0,0,0,0,0.16980544747081713
3881,âYè„ëÒñÁ,1,54,27,15,2,0.13999999999999999,25,0,0,0,2,0,13,6,5,0,0.15606060606060607
3881,âYè„ëÒñÁ,2,50,2,16,9,0.1388,0,1,0,0,1,0,0,0,0,35,0.15606060606060607
3881,âYè„ëÒñÁ,3,52,6,8,14,0.1548076923076923,0,1,2,2,1,0,0,0,0,0,0.15606060606060607
3881,âYè„ëÒñÁ,4,46,1,11,11,0.14608695652173911,0,0,1,0,0,0,0,0,0,0,0.15606060606060607
3881,âYè„ëÒñÁ,5,49,0,7,11,0.16775510204081634,0,0,0,0,0,0,0,0,0,0,0.15606060606060607
3881,âYè„ëÒñÁ,6,46,2,4,11,0.1926086956521739,0,0,0,2,0,0,0,0,0,0,0.15606060606060607
3882,êVìcíqè≤,1,50,30,12,1,0.161,25,1,0,0,4,0,3,5,7,0,0.1762043795620438
3882,êVìcíqè≤,2,39,6,14,9,0.17846153846153845,0,5,1,0,0,0,0,0,0,19,0.1762043795620438
3882,êVìcíqè≤,3,52,4,5,10,0.17653846153846153,0,0,3,1,0,0,0,0,0,0,0.1762043795620438
3882,êVìcíqè≤,4,50,8,9,5,0.1638,0,1,4,2,1,0,0,0,0,0,0.1762043795620438
3882,êVìcíqè≤,5,39,1,3,7,0.17743589743589744,0,0,1,0,0,0,0,0,0,0,0.1762043795620438
3882,êVìcíqè≤,6,44,0,3,7,0.2040909090909091,0,0,0,0,0,0,0,0,0,0,0.1762043795620438
3883,éRç™ëÂé˜,1,27,9,6,0,0.17777777777777778,9,0,0,0,0,0,4,3,5,0,0.17952127659574468
3883,éRç™ëÂé˜,2,32,1,5,5,0.175625,0,1,0,0,0,0,0,0,0,17,0.17952127659574468
3883,éRç™ëÂé˜,3,37,2,3,8,0.17162162162162165,0,0,1,1,0,0,0,0,0,0,0.17952127659574468
3883,éRç™ëÂé˜,4,30,2,3,4,0.159,0,0,2,0,0,0,0,0,0,0,0.17952127659574468
3883,éRç™ëÂé˜,5,34,1,3,3,0.1826470588235294,0,0,1,0,0,0,0,0,0,0,0.17952127659574468
3883,éRç™ëÂé˜,6,28,0,2,4,0.21428571428571427,0,0,0,0,0,0,0,0,0,0,0.17952127659574468
3884,ñLìcëè,1,10,2,0,3,0.178,2,0,0,0,0,0,2,5,1,0,0.17929577464788732
3884,ñLìcëè,2,11,1,1,1,0.16,0,1,0,0,0,0,0,0,0,3,0.17929577464788732
3884,ñLìcëè,3,15,0,0,2,0.15733333333333333,0,0,0,0,0,0,0,0,0,0,0.17929577464788732
3884,ñLìcëè,4,8,0,0,0,0.21000000000000002,0,0,0,0,0,0,0,0,0,0,0.17929577464788732
3884,ñLìcëè,5,13,0,0,2,0.19076923076923077,0,0,0,0,0,0,0,0,0,0,0.17929577464788732
3884,ñLìcëè,6,14,0,0,1,0.1907142857142857,0,0,0,0,0,0,0,0,0,0,0.17929577464788732
3885,ãvìcïê,1,55,27,11,4,0.14727272727272728,24,0,0,0,3,0,12,5,8,0,0.15930069930069932
3885,ãvìcïê,2,48,6,15,9,0.15729166666666666,1,1,1,1,2,0,0,0,0,23,0.15930069930069932
3885,ãvìcïê,3,51,4,6,14,0.14666666666666667,0,1,1,1,1,0,0,0,0,0,0.15930069930069932
3885,ãvìcïê,4,49,5,13,10,0.16224489795918368,0,3,1,0,0,1,0,0,0,0,0.15930069930069932
3885,ãvìcïê,5,38,2,4,11,0.155,0,2,0,0,0,0,0,0,0,0,0.15930069930069932
3885,ãvìcïê,6,45,1,3,9,0.19088888888888889,0,0,0,1,0,0,0,0,0,0,0.15930069930069932
3888,éRñ{âpéu,1,48,31,10,3,0.12270833333333332,31,0,0,0,0,0,2,7,6,0,0.13898916967509026
3888,éRñ{âpéu,2,48,10,14,10,0.14125000000000001,1,6,1,1,1,0,0,0,0,23,0.13898916967509026
3888,éRñ{âpéu,3,50,8,12,15,0.15380000000000002,0,1,2,4,1,0,0,0,0,0,0.13898916967509026
3888,éRñ{âpéu,4,52,7,12,15,0.13538461538461538,0,2,2,3,0,0,0,0,0,0,0.13898916967509026
3888,éRñ{âpéu,5,39,5,2,11,0.14717948717948717,0,0,2,2,1,0,0,0,0,0,0.13898916967509026
3888,éRñ{âpéu,6,40,0,10,7,0.134,0,0,0,0,0,0,0,0,0,0,0.13898916967509026
3889,ê{ì°ó≤óY,1,27,11,8,1,0.1611111111111111,11,0,0,0,0,0,7,4,2,0,0.18483695652173912
3889,ê{ì°ó≤óY,2,34,3,8,7,0.1811764705882353,0,1,2,0,0,0,0,0,0,22,0.18483695652173912
3889,ê{ì°ó≤óY,3,36,2,5,8,0.18083333333333332,0,0,1,0,1,0,0,0,0,0,0.18483695652173912
3889,ê{ì°ó≤óY,4,30,2,1,4,0.18000000000000002,0,0,2,0,0,0,0,0,0,0,0.18483695652173912
3889,ê{ì°ó≤óY,5,32,1,3,2,0.21125,0,0,1,0,0,0,0,0,0,0,0.18483695652173912
3889,ê{ì°ó≤óY,6,25,1,0,1,0.1932,1,0,0,0,0,0,0,0,0,0,0.18483695652173912
3890,è¨ã{è~éj,1,27,16,2,6,0.1711111111111111,16,0,0,0,0,0,5,3,1,0,0.18015873015873016
3890,è¨ã{è~éj,2,33,4,8,8,0.16454545454545455,0,3,0,0,1,0,0,0,0,19,0.18015873015873016
3890,è¨ã{è~éj,3,37,3,9,9,0.16513513513513514,0,0,0,2,1,0,0,0,0,0,0.18015873015873016
3890,è¨ã{è~éj,4,34,2,8,9,0.18029411764705883,0,0,0,1,1,0,0,0,0,0,0.18015873015873016
3890,è¨ã{è~éj,5,30,2,4,6,0.19566666666666668,0,0,1,1,0,0,0,0,0,0,0.18015873015873016
3890,è¨ã{è~éj,6,28,1,2,6,0.21035714285714285,0,0,0,0,1,0,0,0,0,0,0.18015873015873016
3891,íJå˚åíàÍ,1,17,4,4,1,0.16294117647058823,4,0,0,0,0,0,6,3,2,0,0.17774193548387096
3891,íJå˚åíàÍ,2,24,2,4,0,0.15875,0,2,0,0,0,0,0,0,0,16,0.17774193548387096
3891,íJå˚åíàÍ,3,24,0,3,6,0.17541666666666667,0,0,0,0,0,0,0,0,0,0,0.17774193548387096
3891,íJå˚åíàÍ,4,22,0,1,2,0.1922727272727273,0,0,0,0,0,0,0,0,0,0,0.17774193548387096
3891,íJå˚åíàÍ,5,23,1,0,1,0.19608695652173913,0,0,0,0,0,1,0,0,0,0,0.17774193548387096
3891,íJå˚åíàÍ,6,14,0,0,2,0.1792857142857143,0,0,0,0,0,0,0,0,0,0,0.17774193548387096
3892,ëêèÍçNçK,1,26,17,4,4,0.13346153846153846,17,0,0,0,0,0,2,2,4,0,0.15221621621621623
3892,ëêèÍçNçK,2,34,4,10,6,0.14794117647058824,0,1,3,0,0,0,0,0,0,19,0.15221621621621623
3892,ëêèÍçNçK,3,34,5,4,7,0.1361764705882353,0,0,4,0,1,0,0,0,0,0,0.15221621621621623
3892,ëêèÍçNçK,4,33,3,9,6,0.15393939393939393,0,0,2,1,0,0,0,0,0,0,0.15221621621621623
3892,ëêèÍçNçK,5,30,1,2,5,0.161,0,0,0,1,0,0,0,0,0,0,0.15221621621621623
3892,ëêèÍçNçK,6,28,1,2,6,0.18285714285714286,0,0,1,0,0,0,0,0,0,0,0.15221621621621623
3893,é¨çËê≥ë•,1,46,29,4,2,0.17239130434782607,28,0,0,0,1,0,5,8,2,0,0.17834024896265563
3893,é¨çËê≥ë•,2,35,4,13,9,0.18685714285714286,0,4,0,0,0,0,0,0,0,16,0.17834024896265563
3893,é¨çËê≥ë•,3,43,2,14,8,0.18302325581395348,0,1,0,1,0,0,0,0,0,0,0.17834024896265563
3893,é¨çËê≥ë•,4,42,2,9,9,0.17500000000000002,0,1,1,0,0,0,0,0,0,0,0.17834024896265563
3893,é¨çËê≥ë•,5,39,4,5,7,0.16230769230769232,0,0,0,3,1,0,0,0,0,0,0.17834024896265563
3893,é¨çËê≥ë•,6,36,0,8,6,0.19333333333333333,0,0,0,0,0,0,0,0,0,0,0.17834024896265563
3895,ñxñ{óTñÁ,1,33,16,8,6,0.12757575757575756,16,0,0,0,0,0,5,5,4,0,0.1624122807017544
3895,ñxñ{óTñÁ,2,47,5,4,11,0.15978723404255318,1,3,1,0,0,0,0,0,0,23,0.1624122807017544
3895,ñxñ{óTñÁ,3,41,2,8,8,0.16390243902439025,0,0,1,1,0,0,0,0,0,0,0.1624122807017544
3895,ñxñ{óTñÁ,4,36,3,4,8,0.1802777777777778,0,1,1,1,0,0,0,0,0,0,0.1624122807017544
3895,ñxñ{óTñÁ,5,39,1,2,3,0.16153846153846155,0,0,0,1,0,0,0,0,0,0,0.1624122807017544
3895,ñxñ{óTñÁ,6,32,0,0,3,0.18125,0,0,0,0,0,0,0,0,0,0,0.1624122807017544
3896,è„ìcómïΩ,1,40,21,10,7,0.17375000000000002,21,0,0,0,0,0,6,6,5,0,0.16407894736842107
3896,è„ìcómïΩ,2,40,5,13,4,0.15875,0,3,0,0,1,1,0,0,0,22,0.16407894736842107
3896,è„ìcómïΩ,3,37,5,7,11,0.1291891891891892,0,1,2,2,0,0,0,0,0,0,0.16407894736842107
3896,è„ìcómïΩ,4,35,3,1,11,0.14485714285714288,0,2,0,0,1,0,0,0,0,0,0.16407894736842107
3896,è„ìcómïΩ,5,39,2,8,6,0.16897435897435897,0,2,0,0,0,0,0,0,0,0,0.16407894736842107
3896,è„ìcómïΩ,6,37,0,4,4,0.2072972972972973,0,0,0,0,0,0,0,0,0,0,0.16407894736842107
3897,îíà‰âpé°,1,64,51,4,7,0.13015625,50,0,0,0,1,0,4,3,5,0,0.13064
3897,îíà‰âpé°,2,43,10,15,10,0.12511627906976744,1,6,3,0,0,0,0,0,0,27,0.13064
3897,îíà‰âpé°,3,41,11,13,10,0.1278048780487805,0,2,3,4,1,1,0,0,0,0,0.13064
3897,îíà‰âpé°,4,35,7,9,8,0.106,0,1,5,1,0,0,0,0,0,0,0.13064
3897,îíà‰âpé°,5,36,8,8,9,0.13472222222222224,0,1,2,5,0,0,0,0,0,0,0.13064
3897,îíà‰âpé°,6,31,4,8,5,0.16612903225806452,0,2,1,1,0,0,0,0,0,0,0.13064
3898,ïΩìcíâë•,1,48,36,3,5,0.12875,34,0,0,0,2,0,1,5,3,0,0.1474025974025974
3898,ïΩìcíâë•,2,38,4,18,10,0.12789473684210528,0,3,1,0,0,0,0,0,0,26,0.1474025974025974
3898,ïΩìcíâë•,3,42,1,17,14,0.1542857142857143,0,0,0,1,0,0,0,0,0,0,0.1474025974025974
3898,ïΩìcíâë•,4,40,4,10,13,0.156,0,2,1,0,1,0,0,0,0,0,0.1474025974025974
3898,ïΩìcíâë•,5,34,2,12,6,0.15794117647058825,0,0,0,2,0,0,0,0,0,0,0.1474025974025974
3898,ïΩìcíâë•,6,29,0,6,6,0.1696551724137931,0,0,0,0,0,0,0,0,0,0,0.1474025974025974
3900,çÅêÏëféq,1,51,37,7,2,0.15509803921568627,34,0,1,0,2,0,4,5,4,0,0.16984
3900,çÅêÏëféq,2,43,5,16,8,0.17906976744186046,0,3,0,0,2,0,0,0,0,24,0.16984
3900,çÅêÏëféq,3,43,6,15,11,0.15767441860465117,0,0,2,1,2,1,0,0,0,0,0.16984
3900,çÅêÏëféq,4,38,3,9,10,0.15973684210526318,0,1,0,1,0,1,0,0,0,0,0.16984
3900,çÅêÏëféq,5,38,3,1,8,0.18105263157894735,0,1,2,0,0,0,0,0,0,0,0.16984
3900,çÅêÏëféq,6,37,2,4,10,0.19243243243243244,0,0,1,1,0,0,0,0,0,0,0.16984
3901,èºìcåõçK,1,35,22,9,0,0.17142857142857143,20,0,0,0,2,0,5,1,4,0,0.20269387755102042
3901,èºìcåõçK,2,43,3,11,7,0.2062790697674419,0,2,1,0,0,0,0,0,0,23,0.20269387755102042
3901,èºìcåõçK,3,44,4,17,12,0.19409090909090912,0,0,4,0,0,0,0,0,0,0,0.20269387755102042
3901,èºìcåõçK,4,47,3,9,9,0.2127659574468085,0,0,3,0,0,0,0,0,0,0,0.20269387755102042
3901,èºìcåõçK,5,46,3,6,9,0.19804347826086954,0,0,0,2,1,0,0,0,0,0,0.20269387755102042
3901,èºìcåõçK,6,30,0,0,5,0.23800000000000002,0,0,0,0,0,0,0,0,0,0,0.20269387755102042
3902,ÂêêÏìNïΩ,1,35,17,9,6,0.15542857142857144,17,0,0,0,0,0,5,4,4,0,0.17949494949494949
3902,ÂêêÏìNïΩ,2,32,6,10,7,0.175,0,5,1,0,0,0,0,0,0,12,0.17949494949494949
3902,ÂêêÏìNïΩ,3,36,6,11,9,0.16611111111111113,0,1,2,2,0,1,0,0,0,0,0.17949494949494949
3902,ÂêêÏìNïΩ,4,34,4,5,10,0.19117647058823528,0,2,1,1,0,0,0,0,0,0,0.17949494949494949
3902,ÂêêÏìNïΩ,5,31,0,9,5,0.17580645161290323,0,0,0,0,0,0,0,0,0,0,0.17949494949494949
3902,ÂêêÏìNïΩ,6,30,0,1,6,0.219,0,0,0,0,0,0,0,0,0,0,0.17949494949494949
3903,îíêŒåí,1,62,51,4,5,0.1182258064516129,49,0,0,0,1,1,5,3,2,0,0.12725
3903,îíêŒåí,2,45,13,16,5,0.12755555555555556,0,9,4,0,0,0,0,0,0,25,0.12725
3903,îíêŒåí,3,46,11,13,11,0.13282608695652173,0,1,3,7,0,0,0,0,0,0,0.12725
3903,îíêŒåí,4,45,10,10,12,0.11911111111111111,0,1,7,2,0,0,0,0,0,0,0.12725
3903,îíêŒåí,5,39,6,8,6,0.13256410256410256,0,0,0,6,0,0,0,0,0,0,0.12725
3903,îíêŒåí,6,43,3,4,10,0.13767441860465116,0,1,0,2,0,0,0,0,0,0,0.12725
3904,êXãMóm,1,47,34,4,5,0.14297872340425533,32,0,0,0,2,0,1,6,6,0,0.16512931034482758
3904,êXãMóm,2,37,7,13,8,0.17675675675675676,0,5,0,0,2,0,0,0,0,20,0.16512931034482758
3904,êXãMóm,3,39,5,13,11,0.16999999999999998,0,1,2,1,1,0,0,0,0,0,0.16512931034482758
3904,êXãMóm,4,35,2,6,13,0.1742857142857143,0,0,1,1,0,0,0,0,0,0,0.16512931034482758
3904,êXãMóm,5,34,2,5,8,0.15176470588235294,0,0,0,2,0,0,0,0,0,0,0.16512931034482758
3904,êXãMóm,6,40,2,5,7,0.179,0,0,0,2,0,0,0,0,0,0,0.16512931034482758
3905,ìVñÏóFòa,1,40,19,12,8,0.1655,16,0,0,0,3,0,9,4,6,0,0.16203319502074687
3905,ìVñÏóFòa,2,43,4,14,12,0.16395348837209303,0,2,2,0,0,0,0,0,0,27,0.16203319502074687
3905,ìVñÏóFòa,3,44,3,13,8,0.16795454545454544,0,1,0,2,0,0,0,0,0,0,0.16203319502074687
3905,ìVñÏóFòa,4,38,1,12,8,0.14315789473684212,0,1,0,0,0,0,0,0,0,0,0.16203319502074687
3905,ìVñÏóFòa,5,37,0,4,9,0.15945945945945947,0,0,0,0,0,0,0,0,0,0,0.16203319502074687
3905,ìVñÏóFòa,6,39,3,0,8,0.17051282051282052,0,0,2,1,0,0,0,0,0,0,0.16203319502074687
3906,î—éRçWéO,1,36,22,7,1,0.14583333333333334,21,0,0,0,1,0,6,4,1,0,0.16160493827160496
3906,î—éRçWéO,2,45,8,14,4,0.15644444444444444,0,4,2,0,1,1,0,0,0,26,0.16160493827160496
3906,î—éRçWéO,3,43,4,13,9,0.14395348837209304,0,0,0,4,0,0,0,0,0,0,0.16160493827160496
3906,î—éRçWéO,4,43,2,8,7,0.16953488372093023,0,0,1,1,0,0,0,0,0,0,0.16160493827160496
3906,î—éRçWéO,5,39,2,0,8,0.17384615384615384,0,0,1,1,0,0,0,0,0,0,0.16160493827160496
3906,î—éRçWéO,6,37,0,1,6,0.18162162162162163,0,0,0,0,0,0,0,0,0,0,0.16160493827160496
3907,ë∫âzìƒ,1,48,35,5,2,0.154375,32,0,0,0,3,0,4,8,1,0,0.1652346570397112
3907,ë∫âzìƒ,2,51,12,14,13,0.1623529411764706,0,10,1,0,1,0,0,0,0,25,0.1652346570397112
3907,ë∫âzìƒ,3,46,6,13,13,0.17369565217391306,0,2,1,3,0,0,0,0,0,0,0.1652346570397112
3907,ë∫âzìƒ,4,48,7,10,13,0.160625,0,2,2,2,1,0,0,0,0,0,0.1652346570397112
3907,ë∫âzìƒ,5,41,3,7,5,0.1670731707317073,0,0,0,2,1,0,0,0,0,0,0.1652346570397112
3907,ë∫âzìƒ,6,43,3,5,6,0.17511627906976746,0,3,0,0,0,0,0,0,0,0,0.1652346570397112
3908,èdê¨àÍêl,1,21,18,1,0,0.1376190476190476,18,0,0,0,0,0,0,0,1,0,0.14214285714285715
3908,èdê¨àÍêl,2,23,5,11,3,0.14043478260869566,0,5,0,0,0,0,0,0,0,13,0.14214285714285715
3908,èdê¨àÍêl,3,26,6,10,4,0.1346153846153846,0,0,1,5,0,0,0,0,0,0,0.14214285714285715
3908,èdê¨àÍêl,4,18,4,4,6,0.15666666666666665,0,2,0,2,0,0,0,0,0,0,0.14214285714285715
3908,èdê¨àÍêl,5,21,4,2,6,0.14857142857142858,0,0,0,3,1,0,0,0,0,0,0.14214285714285715
3908,èdê¨àÍêl,6,17,0,3,5,0.13823529411764707,0,0,0,0,0,0,0,0,0,0,0.14214285714285715
3909,ç≤ÅXñÿçNçK,1,50,35,9,1,0.102,34,0,0,0,1,0,9,1,3,0,0.11715447154471545
3909,ç≤ÅXñÿçNçK,2,43,13,10,7,0.12209302325581395,0,7,5,0,1,0,0,0,0,19,0.11715447154471545
3909,ç≤ÅXñÿçNçK,3,33,7,10,8,0.11090909090909092,0,1,4,1,1,0,0,0,0,0,0.11715447154471545
3909,ç≤ÅXñÿçNçK,4,43,9,10,7,0.12116279069767442,0,2,4,3,0,0,0,0,0,0,0.11715447154471545
3909,ç≤ÅXñÿçNçK,5,34,6,7,5,0.11235294117647059,0,1,1,4,0,0,0,0,0,0,0.11715447154471545
3909,ç≤ÅXñÿçNçK,6,43,9,9,4,0.1344186046511628,0,1,3,4,1,0,0,0,0,0,0.11715447154471545
3910,èºâ∫ímçK,1,27,11,6,3,0.17851851851851852,11,0,0,0,0,0,4,9,1,0,0.18613756613756613
3910,èºâ∫ímçK,2,37,4,5,6,0.1818918918918919,0,4,0,0,0,0,0,0,0,18,0.18613756613756613
3910,èºâ∫ímçK,3,32,3,4,9,0.175,0,0,3,0,0,0,0,0,0,0,0.18613756613756613
3910,èºâ∫ímçK,4,27,2,1,7,0.18407407407407406,0,0,1,1,0,0,0,0,0,0,0.18613756613756613
3910,èºâ∫ímçK,5,37,0,1,9,0.19972972972972972,0,0,0,0,0,0,0,0,0,0,0.18613756613756613
3910,èºâ∫ímçK,6,29,0,1,4,0.19551724137931034,0,0,0,0,0,0,0,0,0,0,0.18613756613756613
3911,óÈñÿñ“,1,46,26,8,6,0.15108695652173915,22,0,0,0,4,0,6,4,5,0,0.1674698795180723
3911,óÈñÿñ“,2,40,7,7,7,0.178,0,6,1,0,0,0,0,0,0,21,0.1674698795180723
3911,óÈñÿñ“,3,47,5,10,11,0.15765957446808512,0,0,3,2,0,0,0,0,0,0,0.1674698795180723
3911,óÈñÿñ“,4,40,2,10,9,0.18575,0,0,0,1,1,0,0,0,0,0,0.1674698795180723
3911,óÈñÿñ“,5,36,2,6,8,0.185,0,1,1,0,0,0,0,0,0,0,0.1674698795180723
3911,óÈñÿñ“,6,40,0,3,12,0.15325,0,0,0,0,0,0,0,0,0,0,0.1674698795180723
3912,êÏå¥ê≥ñæ,1,49,33,6,1,0.14918367346938777,30,0,1,0,2,0,1,4,8,0,0.151875
3912,êÏå¥ê≥ñæ,2,43,9,12,4,0.14232558139534884,1,3,5,0,0,0,0,0,0,24,0.151875
3912,êÏå¥ê≥ñæ,3,38,6,6,9,0.14157894736842105,0,1,2,2,1,0,0,0,0,0,0.151875
3912,êÏå¥ê≥ñæ,4,41,6,6,5,0.13853658536585364,1,1,4,0,0,0,0,0,0,0,0.151875
3912,êÏå¥ê≥ñæ,5,33,5,3,3,0.17030303030303032,0,1,3,0,1,0,0,0,0,0,0.151875
3912,êÏå¥ê≥ñæ,6,36,2,4,8,0.1761111111111111,0,0,0,2,0,0,0,0,0,0,0.151875
3915,î…ñÏíJå\âÓ,1,63,45,10,4,0.14936507936507937,44,0,0,0,1,0,3,9,4,0,0.1746923076923077
3915,î…ñÏíJå\âÓ,2,39,10,12,7,0.18692307692307691,0,7,1,0,2,0,0,0,0,18,0.1746923076923077
3915,î…ñÏíJå\âÓ,3,38,7,10,11,0.1892105263157895,0,1,1,5,0,0,0,0,0,0,0.1746923076923077
3915,î…ñÏíJå\âÓ,4,39,6,10,10,0.18666666666666668,0,3,1,1,1,0,0,0,0,0,0.1746923076923077
3915,î…ñÏíJå\âÓ,5,41,3,7,11,0.17195121951219514,0,0,0,2,1,0,0,0,0,0,0.1746923076923077
3915,î…ñÏíJå\âÓ,6,40,8,6,9,0.18,0,2,2,3,1,0,0,0,0,0,0.1746923076923077
3918,ê[à‰óòéı,1,49,30,11,5,0.16,29,0,0,0,1,0,4,7,6,0,0.1731048387096774
3918,ê[à‰óòéı,2,48,9,16,7,0.17520833333333333,0,6,2,0,1,0,0,0,0,25,0.1731048387096774
3918,ê[à‰óòéı,3,36,8,13,7,0.1502777777777778,1,0,5,2,0,0,0,0,0,0,0.1731048387096774
3918,ê[à‰óòéı,4,39,8,5,10,0.16333333333333333,0,3,2,3,0,0,0,0,0,0,0.1731048387096774
3918,ê[à‰óòéı,5,39,4,6,5,0.18512820512820513,0,0,0,2,2,0,0,0,0,0,0.1731048387096774
3918,ê[à‰óòéı,6,37,1,6,2,0.20756756756756756,0,0,1,0,0,0,0,0,0,0,0.1731048387096774
3919,ë∫è„èÉ,1,42,25,10,2,0.15119047619047618,21,0,0,0,4,0,7,2,6,0,0.16863013698630136
3919,ë∫è„èÉ,2,37,9,9,6,0.16891891891891891,0,8,0,0,1,0,0,0,0,18,0.16863013698630136
3919,ë∫è„èÉ,3,42,5,5,5,0.1488095238095238,1,2,0,1,1,0,0,0,0,0,0.16863013698630136
3919,ë∫è„èÉ,4,34,7,6,3,0.20441176470588235,0,1,3,1,2,0,0,0,0,0,0.16863013698630136
3919,ë∫è„èÉ,5,31,7,4,1,0.16741935483870965,0,3,2,2,0,0,0,0,0,0,0.16863013698630136
3919,ë∫è„èÉ,6,33,4,8,8,0.18000000000000002,0,2,2,0,0,0,0,0,0,0,0.16863013698630136
3920,ê≥ñÿêπå´,1,60,43,12,1,0.16566666666666666,42,0,0,0,1,0,5,5,5,0,0.15779922779922778
3920,ê≥ñÿêπå´,2,45,12,16,7,0.1497777777777778,0,8,3,0,1,0,0,0,0,25,0.15779922779922778
3920,ê≥ñÿêπå´,3,44,4,9,13,0.17272727272727273,0,2,0,2,0,0,0,0,0,0,0.15779922779922778
3920,ê≥ñÿêπå´,4,40,7,12,8,0.16175,0,3,4,0,0,0,0,0,0,0,0.15779922779922778
3920,ê≥ñÿêπå´,5,38,8,13,4,0.14973684210526317,0,2,5,1,0,0,0,0,0,0,0.15779922779922778
3920,ê≥ñÿêπå´,6,32,5,6,6,0.1384375,1,1,2,1,0,0,0,0,0,0,0.15779922779922778
3921,êÏë∫ê≥ãP,1,35,15,7,4,0.15400000000000003,14,1,0,0,0,0,5,7,3,0,0.17374429223744292
3921,êÏë∫ê≥ãP,2,37,8,8,5,0.15567567567567567,0,6,1,0,1,0,0,0,0,18,0.17374429223744292
3921,êÏë∫ê≥ãP,3,38,3,11,11,0.16394736842105265,0,2,0,1,0,0,0,0,0,0,0.17374429223744292
3921,êÏë∫ê≥ãP,4,34,2,7,8,0.1761764705882353,0,1,1,0,0,0,0,0,0,0,0.17374429223744292
3921,êÏë∫ê≥ãP,5,38,0,3,5,0.17157894736842105,0,0,0,0,0,0,0,0,0,0,0.17374429223744292
3921,êÏë∫ê≥ãP,6,37,0,1,5,0.22054054054054054,0,0,0,0,0,0,0,0,0,0,0.17374429223744292
3922,êõè¿â¿è∫,1,31,11,11,4,0.18161290322580645,11,0,0,0,0,0,10,5,2,0,0.1980717488789238
3922,êõè¿â¿è∫,2,47,4,10,10,0.18063829787234043,0,2,1,0,1,0,0,0,0,30,0.1980717488789238
3922,êõè¿â¿è∫,3,39,3,5,7,0.18153846153846154,0,1,1,1,0,0,0,0,0,0,0.1980717488789238
3922,êõè¿â¿è∫,4,40,1,5,4,0.2015,0,0,0,1,0,0,0,0,0,0,0.1980717488789238
3922,êõè¿â¿è∫,5,35,0,1,5,0.2005714285714286,0,0,0,0,0,0,0,0,0,0,0.1980717488789238
3922,êõè¿â¿è∫,6,31,0,1,1,0.25451612903225806,0,0,0,0,0,0,0,0,0,0,0.1980717488789238
3925,ëÂìcêΩ,1,22,6,6,2,0.19136363636363637,6,0,0,0,0,0,3,10,2,0,0.17900000000000002
3925,ëÂìcêΩ,2,25,1,2,0,0.17800000000000002,0,0,0,1,0,0,0,0,0,16,0.17900000000000002
3925,ëÂìcêΩ,3,27,0,3,5,0.15444444444444444,0,0,0,0,0,0,0,0,0,0,0.17900000000000002
3925,ëÂìcêΩ,4,24,0,5,2,0.15041666666666667,0,0,0,0,0,0,0,0,0,0,0.17900000000000002
3925,ëÂìcêΩ,5,27,1,2,0,0.18074074074074073,0,0,0,1,0,0,0,0,0,0,0.17900000000000002
3925,ëÂìcêΩ,6,25,0,1,1,0.2212,0,0,0,0,0,0,0,0,0,0,0.17900000000000002
3928,ó—åbóS,1,22,7,6,3,0.17363636363636362,7,0,0,0,0,0,2,5,6,0,0.1825
3928,ó—åbóS,2,36,0,9,7,0.19027777777777777,0,0,0,0,0,0,0,0,0,19,0.1825
3928,ó—åbóS,3,33,0,8,8,0.16787878787878788,0,0,0,0,0,0,0,0,0,0,0.1825
3928,ó—åbóS,4,28,1,3,4,0.18964285714285717,0,0,0,1,0,0,0,0,0,0,0.1825
3928,ó—åbóS,5,36,0,2,2,0.18166666666666667,0,0,0,0,0,0,0,0,0,0,0.1825
3928,ó—åbóS,6,21,0,2,1,0.19333333333333336,0,0,0,0,0,0,0,0,0,0,0.1825
3929,ñ€ñÏêæó«,1,32,14,8,3,0.1325,14,0,0,0,0,0,3,7,5,0,0.14888349514563107
3929,ñ€ñÏêæó«,2,37,2,7,6,0.14864864864864866,0,1,1,0,0,0,0,0,0,16,0.14888349514563107
3929,ñ€ñÏêæó«,3,38,4,9,10,0.15210526315789474,0,1,2,1,0,0,0,0,0,0,0.14888349514563107
3929,ñ€ñÏêæó«,4,39,2,3,12,0.15512820512820513,0,1,0,1,0,0,0,0,0,0,0.14888349514563107
3929,ñ€ñÏêæó«,5,32,2,2,3,0.16,0,0,0,2,0,0,0,0,0,0,0.14888349514563107
3929,ñ€ñÏêæó«,6,28,2,1,4,0.14214285714285715,0,0,2,0,0,0,0,0,0,0,0.14888349514563107
3930,ä›ñ{ó≤,1,51,37,6,4,0.13,37,0,0,0,0,0,4,7,3,0,0.1570631970260223
3930,ä›ñ{ó≤,2,47,7,14,9,0.15851063829787235,0,3,3,1,0,0,0,0,0,28,0.1570631970260223
3930,ä›ñ{ó≤,3,45,4,13,7,0.16355555555555557,0,1,1,2,0,0,0,0,0,0,0.1570631970260223
3930,ä›ñ{ó≤,4,46,4,10,12,0.14239130434782607,0,0,1,2,0,1,0,0,0,0,0.1570631970260223
3930,ä›ñ{ó≤,5,40,2,8,8,0.1645,0,0,0,2,0,0,0,0,0,0,0.1570631970260223
3930,ä›ñ{ó≤,6,40,0,2,5,0.192,0,0,0,0,0,0,0,0,0,0,0.1570631970260223
3931,çïçËó≥ñÁ,1,39,28,2,3,0.13179487179487182,27,0,0,0,1,0,6,2,1,0,0.14917050691244238
3931,çïçËó≥ñÁ,2,35,8,11,9,0.1625714285714286,0,2,5,0,1,0,0,0,0,12,0.14917050691244238
3931,çïçËó≥ñÁ,3,33,5,11,7,0.13090909090909092,0,3,0,1,1,0,0,0,0,0,0.14917050691244238
3931,çïçËó≥ñÁ,4,36,6,8,10,0.1513888888888889,0,2,2,0,2,0,0,0,0,0,0.14917050691244238
3931,çïçËó≥ñÁ,5,38,2,7,5,0.16342105263157894,0,0,0,1,1,0,0,0,0,0,0.14917050691244238
3931,çïçËó≥ñÁ,6,36,2,7,7,0.15444444444444447,0,0,2,0,0,0,0,0,0,0,0.14917050691244238
3932,írìcç_î¸,1,33,17,8,2,0.15303030303030302,13,0,0,0,4,0,5,2,8,0,0.1716949152542373
3932,írìcç_î¸,2,35,12,6,5,0.16485714285714284,0,2,10,0,0,0,0,0,0,10,0.1716949152542373
3932,írìcç_î¸,3,29,6,12,1,0.1606896551724138,0,1,4,1,0,0,0,0,0,0,0.1716949152542373
3932,írìcç_î¸,4,29,1,7,3,0.16344827586206898,0,0,1,0,0,0,0,0,0,0,0.1716949152542373
3932,írìcç_î¸,5,28,0,4,9,0.1992857142857143,0,0,0,0,0,0,0,0,0,0,0.1716949152542373
3932,írìcç_î¸,6,23,1,2,4,0.19956521739130434,0,0,0,1,0,0,0,0,0,0,0.1716949152542373
3933,éRínê≥é˜,1,60,29,19,6,0.14833333333333334,28,0,0,0,0,1,10,4,13,0,0.15025547445255474
3933,éRínê≥é˜,2,50,9,16,4,0.1412,1,7,0,0,1,0,0,0,0,29,0.15025547445255474
3933,éRínê≥é˜,3,44,8,10,10,0.15022727272727274,0,1,0,4,2,1,0,0,0,0,0.15025547445255474
3933,éRínê≥é˜,4,45,6,12,11,0.15066666666666667,0,3,1,0,0,2,0,0,0,0,0.15025547445255474
3933,éRínê≥é˜,5,39,5,7,9,0.15794871794871795,0,2,1,0,2,0,0,0,0,0,0.15025547445255474
3933,éRínê≥é˜,6,36,6,9,10,0.15722222222222224,1,2,1,0,1,1,0,0,0,0,0.15025547445255474
3934,èõïøãMèr,1,33,17,3,5,0.15606060606060607,17,0,0,0,0,0,6,8,0,0,0.15939252336448598
3934,èõïøãMèr,2,42,5,12,12,0.17857142857142858,0,2,0,0,3,0,0,0,0,22,0.15939252336448598
3934,èõïøãMèr,3,34,4,9,9,0.13941176470588235,0,0,1,3,0,0,0,0,0,0,0.15939252336448598
3934,èõïøãMèr,4,32,3,6,9,0.1678125,0,1,0,1,1,0,0,0,0,0,0.15939252336448598
3934,èõïøãMèr,5,40,0,4,10,0.14525,0,0,0,0,0,0,0,0,0,0,0.15939252336448598
3934,èõïøãMèr,6,33,1,5,5,0.16787878787878788,0,1,0,0,0,0,0,0,0,0,0.15939252336448598
3935,ä‚í√ìOòY,1,37,15,11,5,0.15594594594594594,14,0,0,0,1,0,10,6,3,0,0.17152466367713004
3935,ä‚í√ìOòY,2,43,1,11,8,0.1583720930232558,0,1,0,0,0,0,0,0,0,29,0.17152466367713004
3935,ä‚í√ìOòY,3,37,3,5,12,0.1764864864864865,0,1,1,1,0,0,0,0,0,0,0.17152466367713004
3935,ä‚í√ìOòY,4,32,2,5,8,0.1721875,0,1,0,1,0,0,0,0,0,0,0.17152466367713004
3935,ä‚í√ìOòY,5,39,1,6,4,0.1782051282051282,0,0,0,0,1,0,0,0,0,0,0.17152466367713004
3935,ä‚í√ìOòY,6,35,0,2,6,0.19085714285714284,0,0,0,0,0,0,0,0,0,0,0.17152466367713004
3936,éOê£è˜,2,1,0,0,0,0.18,0,0,0,0,0,0,0,0,0,1,0.22307692307692306
3936,éOê£è˜,3,2,0,0,0,0.25,0,0,0,0,0,0,0,0,0,0,0.22307692307692306
3936,éOê£è˜,4,3,0,1,0,0.21666666666666667,0,0,0,0,0,0,0,0,0,0,0.22307692307692306
3936,éOê£è˜,5,3,0,0,0,0.24333333333333332,0,0,0,0,0,0,0,0,0,0,0.22307692307692306
3936,éOê£è˜,6,4,0,0,0,0.21000000000000002,0,0,0,0,0,0,0,0,0,0,0.22307692307692306
3939,ìnï”ê^éä,1,35,15,12,3,0.14114285714285715,15,0,0,0,0,0,5,3,11,0,0.15405555555555556
3939,ìnï”ê^éä,2,27,7,6,6,0.15,0,6,1,0,0,0,0,0,0,15,0.15405555555555556
3939,ìnï”ê^éä,3,28,3,7,8,0.15571428571428572,0,0,2,0,1,0,0,0,0,0,0.15405555555555556
3939,ìnï”ê^éä,4,29,2,4,9,0.15,0,0,1,0,1,0,0,0,0,0,0.15405555555555556
3939,ìnï”ê^éä,5,31,2,2,7,0.15548387096774194,0,0,1,0,0,1,0,0,0,0,0.15405555555555556
3939,ìnï”ê^éä,6,30,0,8,7,0.17366666666666666,0,0,0,0,0,0,0,0,0,0,0.15405555555555556
3940,î—éRë◊,1,49,36,6,2,0.13448979591836735,34,0,0,0,2,0,6,2,3,0,0.13803149606299214
3940,î—éRë◊,2,44,9,16,8,0.12977272727272726,0,4,5,0,0,0,0,0,0,27,0.13803149606299214
3940,î—éRë◊,3,39,6,6,12,0.13538461538461538,0,0,3,1,2,0,0,0,0,0,0.13803149606299214
3940,î—éRë◊,4,45,7,6,11,0.14244444444444446,0,1,5,1,0,0,0,0,0,0,0.13803149606299214
3940,î—éRë◊,5,42,7,7,8,0.13595238095238096,0,1,1,5,0,0,0,0,0,0,0.13803149606299214
3940,î—éRë◊,6,35,4,7,6,0.15314285714285716,0,1,3,0,0,0,0,0,0,0,0.13803149606299214
3941,írìcç_ìÒ,1,54,45,5,3,0.10277777777777777,44,0,0,0,0,1,1,4,3,0,0.11827906976744186
3941,írìcç_ìÒ,2,30,13,8,5,0.12066666666666667,0,10,2,0,1,0,0,0,0,14,0.11827906976744186
3941,írìcç_ìÒ,3,33,6,14,5,0.12,0,1,0,4,1,0,0,0,0,0,0.11827906976744186
3941,írìcç_ìÒ,4,32,3,13,6,0.111875,0,1,0,2,0,0,0,0,0,0,0.11827906976744186
3941,írìcç_ìÒ,5,31,4,11,4,0.13161290322580646,0,0,1,3,0,0,0,0,0,0,0.11827906976744186
3941,írìcç_ìÒ,6,35,5,9,5,0.13257142857142856,0,1,2,1,1,0,0,0,0,0,0.11827906976744186
3942,éõìcèÀ,1,57,37,10,1,0.1656140350877193,36,0,0,0,1,0,5,5,9,0,0.15445833333333334
3942,éõìcèÀ,2,36,8,15,3,0.14722222222222223,0,3,4,0,1,0,0,0,0,18,0.15445833333333334
3942,éõìcèÀ,3,39,9,11,7,0.16435897435897437,0,1,5,2,1,0,0,0,0,0,0.15445833333333334
3942,éõìcèÀ,4,43,8,10,6,0.1455813953488372,0,1,5,2,0,0,0,0,0,0,0.15445833333333334
3942,éõìcèÀ,5,29,6,10,2,0.13862068965517244,0,0,0,6,0,0,0,0,0,0,0.15445833333333334
3942,éõìcèÀ,6,36,1,5,7,0.15666666666666665,0,0,0,1,0,0,0,0,0,0,0.15445833333333334
3943,éOèºíºî¸,1,20,7,4,3,0.11750000000000001,5,0,0,0,1,1,7,2,3,0,0.15857142857142856
3943,éOèºíºî¸,2,26,2,5,1,0.1630769230769231,0,0,2,0,0,0,0,0,0,13,0.15857142857142856
3943,éOèºíºî¸,3,22,0,3,4,0.15363636363636363,0,0,0,0,0,0,0,0,0,0,0.15857142857142856
3943,éOèºíºî¸,4,22,0,1,3,0.15636363636363637,0,0,0,0,0,0,0,0,0,0,0.15857142857142856
3943,éOèºíºî¸,5,27,2,0,6,0.16925925925925928,0,0,0,2,0,0,0,0,0,0,0.15857142857142856
3943,éOèºíºî¸,6,16,1,2,1,0.194375,0,0,1,0,0,0,0,0,0,0,0.15857142857142856
3944,éRå˚óTìÒ,1,57,32,14,7,0.17157894736842105,28,0,0,0,4,0,9,5,8,0,0.16707509881422927
3944,éRå˚óTìÒ,2,43,8,18,6,0.1511627906976744,0,8,0,0,0,0,0,0,0,26,0.16707509881422927
3944,éRå˚óTìÒ,3,39,11,9,9,0.15153846153846154,0,2,1,6,2,0,0,0,0,0,0.16707509881422927
3944,éRå˚óTìÒ,4,36,6,5,14,0.15583333333333335,0,1,2,3,0,0,0,0,0,0,0.16707509881422927
3944,éRå˚óTìÒ,5,37,2,9,6,0.17864864864864866,0,2,0,0,0,0,0,0,0,0,0.16707509881422927
3944,éRå˚óTìÒ,6,41,1,10,8,0.19170731707317074,0,1,0,0,0,0,0,0,0,0,0.16707509881422927
3945,ã¥å˚ê^é˜,1,35,19,5,1,0.1757142857142857,18,0,0,0,1,0,3,5,8,0,0.18201612903225806
3945,ã¥å˚ê^é˜,2,44,5,8,14,0.1802272727272727,0,4,1,0,0,0,0,0,0,27,0.18201612903225806
3945,ã¥å˚ê^é˜,3,43,6,6,7,0.18372093023255814,0,1,3,2,0,0,0,0,0,0,0.18201612903225806
3945,ã¥å˚ê^é˜,4,44,4,7,9,0.17477272727272727,0,0,3,1,0,0,0,0,0,0,0.18201612903225806
3945,ã¥å˚ê^é˜,5,41,0,3,6,0.18,0,0,0,0,0,0,0,0,0,0,0.18201612903225806
3945,ã¥å˚ê^é˜,6,41,2,0,7,0.19731707317073172,0,0,1,1,0,0,0,0,0,0,0.18201612903225806
3946,ê‘ä‚ëPê∂,1,74,60,11,1,0.1054054054054054,59,0,0,0,1,0,7,4,3,0,0.13431034482758622
3946,ê‘ä‚ëPê∂,2,43,5,17,9,0.13837209302325582,0,1,3,0,1,0,0,0,0,25,0.13431034482758622
3946,ê‘ä‚ëPê∂,3,46,7,15,11,0.13347826086956524,2,2,2,1,0,0,0,0,0,0,0.13431034482758622
3946,ê‘ä‚ëPê∂,4,43,10,13,7,0.14372093023255814,0,3,6,1,0,0,0,0,0,0,0.13431034482758622
3946,ê‘ä‚ëPê∂,5,40,4,14,8,0.154,1,1,2,0,0,0,0,0,0,0,0.13431034482758622
3946,ê‘ä‚ëPê∂,6,44,6,12,16,0.15272727272727274,0,2,1,3,0,0,0,0,0,0,0.13431034482758622
3947,éõñ{è∏ïΩ,1,35,16,5,8,0.16971428571428573,16,0,0,0,0,0,6,3,10,0,0.1820982142857143
3947,éõñ{è∏ïΩ,2,39,4,6,13,0.16487179487179487,0,3,1,0,0,0,0,0,0,15,0.1820982142857143
3947,éõñ{è∏ïΩ,3,40,3,10,11,0.20074999999999998,0,1,1,0,1,0,0,0,0,0,0.1820982142857143
3947,éõñ{è∏ïΩ,4,38,3,6,10,0.18289473684210528,0,2,0,1,0,0,0,0,0,0,0.1820982142857143
3947,éõñ{è∏ïΩ,5,37,1,5,4,0.18297297297297296,0,0,0,1,0,0,0,0,0,0,0.1820982142857143
3947,éõñ{è∏ïΩ,6,35,0,0,3,0.19057142857142856,0,0,0,0,0,0,0,0,0,0,0.1820982142857143
3948,ëÂí¨óòçé,1,29,11,4,3,0.18689655172413794,10,0,0,0,1,0,6,9,3,0,0.20483253588516748
3948,ëÂí¨óòçé,2,40,1,9,7,0.21000000000000002,0,1,0,0,0,0,0,0,0,22,0.20483253588516748
3948,ëÂí¨óòçé,3,32,2,7,6,0.18937500000000002,0,1,1,0,0,0,0,0,0,0,0.20483253588516748
3948,ëÂí¨óòçé,4,37,4,4,9,0.217027027027027,0,2,1,0,1,0,0,0,0,0,0.20483253588516748
3948,ëÂí¨óòçé,5,38,0,3,9,0.19921052631578948,0,0,0,0,0,0,0,0,0,0,0.20483253588516748
3948,ëÂí¨óòçé,6,33,0,0,2,0.22212121212121214,0,0,0,0,0,0,0,0,0,0,0.20483253588516748
3949,ç°èoêWìÒ,1,31,12,6,4,0.15612903225806452,12,0,0,0,0,0,4,11,3,0,0.16122641509433963
3949,ç°èoêWìÒ,2,39,1,7,12,0.17897435897435898,0,0,1,0,0,0,0,0,0,23,0.16122641509433963
3949,ç°èoêWìÒ,3,38,1,3,12,0.15078947368421053,0,0,0,1,0,0,0,0,0,0,0.16122641509433963
3949,ç°èoêWìÒ,4,36,1,3,8,0.14805555555555555,0,0,0,0,1,0,0,0,0,0,0.16122641509433963
3949,ç°èoêWìÒ,5,36,0,4,8,0.1502777777777778,0,0,0,0,0,0,0,0,0,0,0.16122641509433963
3949,ç°èoêWìÒ,6,32,0,0,2,0.1840625,0,0,0,0,0,0,0,0,0,0,0.16122641509433963
3950,êŒêÏìNèG,1,37,10,9,8,0.15702702702702703,10,0,0,0,0,0,15,6,5,0,0.16242424242424244
3950,êŒêÏìNèG,2,41,2,14,3,0.17951219512195124,0,1,1,0,0,0,0,0,0,20,0.16242424242424244
3950,êŒêÏìNèG,3,40,4,6,3,0.16,0,2,2,0,0,0,0,0,0,0,0.16242424242424244
3950,êŒêÏìNèG,4,36,2,2,5,0.15777777777777777,0,1,1,0,0,0,0,0,0,0,0.16242424242424244
3950,êŒêÏìNèG,5,42,1,5,5,0.15666666666666668,0,0,0,0,1,0,0,0,0,0,0.16242424242424244
3950,êŒêÏìNèG,6,35,1,1,1,0.1625714285714286,0,0,0,0,0,1,0,0,0,0,0.16242424242424244
3951,êŒêÏãgËM,1,50,23,13,6,0.1802,22,0,0,0,1,0,9,8,9,0,0.1835
3951,êŒêÏãgËM,2,44,10,10,11,0.18136363636363637,0,4,5,0,0,1,0,0,0,23,0.1835
3951,êŒêÏãgËM,3,50,9,11,8,0.18,0,1,4,2,2,0,0,0,0,0,0.1835
3951,êŒêÏãgËM,4,38,2,8,9,0.16,0,1,0,1,0,0,0,0,0,0,0.1835
3951,êŒêÏãgËM,5,37,1,7,9,0.19918918918918918,0,0,0,1,0,0,0,0,0,0,0.1835
3951,êŒêÏãgËM,6,41,0,4,10,0.20170731707317072,0,0,0,0,0,0,0,0,0,0,0.1835
3952,íÜ‡Vòaéu,1,54,29,13,5,0.16055555555555556,23,0,0,0,6,0,8,6,6,0,0.15154761904761904
3952,íÜ‡Vòaéu,2,34,7,14,6,0.14529411764705882,0,2,1,0,4,0,0,0,0,15,0.15154761904761904
3952,íÜ‡Vòaéu,3,41,10,10,4,0.14780487804878048,0,1,5,4,0,0,0,0,0,0,0.15154761904761904
3952,íÜ‡Vòaéu,4,42,6,4,10,0.14761904761904762,0,4,2,0,0,0,0,0,0,0,0.15154761904761904
3952,íÜ‡Vòaéu,5,34,5,9,7,0.1361764705882353,0,0,0,4,1,0,0,0,0,0,0.15154761904761904
3952,íÜ‡Vòaéu,6,47,4,12,11,0.16361702127659575,0,0,1,2,1,0,0,0,0,0,0.15154761904761904
3953,éuìπãgòa,1,14,9,2,0,0.17357142857142857,9,0,0,0,0,0,2,2,1,0,0.17943548387096775
3953,éuìπãgòa,2,22,2,6,6,0.18454545454545457,0,2,0,0,0,0,0,0,0,15,0.17943548387096775
3953,éuìπãgòa,3,26,2,6,3,0.16846153846153847,0,0,1,1,0,0,0,0,0,0,0.17943548387096775
3953,éuìπãgòa,4,22,4,0,5,0.16227272727272726,0,0,3,1,0,0,0,0,0,0,0.17943548387096775
3953,éuìπãgòa,5,25,1,3,3,0.1708,0,0,0,0,1,0,0,0,0,0,0.17943548387096775
3953,éuìπãgòa,6,15,0,0,0,0.23600000000000002,0,0,0,0,0,0,0,0,0,0,0.17943548387096775
3955,·¡ìcâpìÒ,1,56,35,12,6,0.17124999999999999,32,0,0,0,3,0,8,7,4,0,0.18274509803921568
3955,·¡ìcâpìÒ,2,42,6,14,8,0.175,0,5,1,0,0,0,0,0,0,23,0.18274509803921568
3955,·¡ìcâpìÒ,3,49,6,16,6,0.17142857142857143,0,1,3,2,0,0,0,0,0,0,0.18274509803921568
3955,·¡ìcâpìÒ,4,41,4,8,13,0.1826829268292683,0,1,2,1,0,0,0,0,0,0,0.18274509803921568
3955,·¡ìcâpìÒ,5,37,3,7,6,0.20513513513513512,0,1,0,2,0,0,0,0,0,0,0.18274509803921568
3955,·¡ìcâpìÒ,6,30,1,3,8,0.206,0,0,0,1,0,0,0,0,0,0,0.18274509803921568
3956,â°‡VçÑé°,1,60,42,8,2,0.15266666666666667,36,0,0,0,6,0,6,5,7,0,0.15546153846153846
3956,â°‡VçÑé°,2,38,6,12,6,0.15157894736842104,0,4,2,0,0,0,0,0,0,21,0.15546153846153846
3956,â°‡VçÑé°,3,42,6,10,8,0.1392857142857143,0,1,2,3,0,0,0,0,0,0,0.15546153846153846
3956,â°‡VçÑé°,4,40,10,7,12,0.16325,0,0,6,3,1,0,0,0,0,0,0.15546153846153846
3956,â°‡VçÑé°,5,38,7,4,5,0.17,0,0,2,4,1,0,0,0,0,0,0.15546153846153846
3956,â°‡VçÑé°,6,42,1,6,8,0.15857142857142859,0,0,0,1,0,0,0,0,0,0,0.15546153846153846
3957,ëÂíJíºçO,1,49,26,11,5,0.13979591836734692,23,0,0,0,3,0,8,3,11,0,0.1773170731707317
3957,ëÂíJíºçO,2,43,3,12,8,0.1713953488372093,0,1,2,0,0,0,0,0,0,24,0.1773170731707317
3957,ëÂíJíºçO,3,37,3,11,11,0.16945945945945948,0,0,2,1,0,0,0,0,0,0,0.1773170731707317
3957,ëÂíJíºçO,4,37,3,5,12,0.18216216216216216,0,0,1,1,1,0,0,0,0,0,0.1773170731707317
3957,ëÂíJíºçO,5,41,2,5,7,0.18878048780487805,0,0,0,2,0,0,0,0,0,0,0.1773170731707317
3957,ëÂíJíºçO,6,39,2,4,9,0.2217948717948718,0,0,0,2,0,0,0,0,0,0,0.1773170731707317
3959,íÿà‰çNê∞,1,48,33,7,3,0.14125000000000001,32,0,0,0,1,0,5,5,5,0,0.15304526748971192
3959,íÿà‰çNê∞,2,41,7,10,13,0.16219512195121952,0,6,1,0,0,0,0,0,0,27,0.15304526748971192
3959,íÿà‰çNê∞,3,34,5,13,8,0.15882352941176472,0,1,0,3,0,1,0,0,0,0,0.15304526748971192
3959,íÿà‰çNê∞,4,39,6,9,12,0.1376923076923077,0,3,2,1,0,0,0,0,0,0,0.15304526748971192
3959,íÿà‰çNê∞,5,39,3,8,6,0.14487179487179488,0,0,1,2,0,0,0,0,0,0,0.15304526748971192
3959,íÿà‰çNê∞,6,42,2,7,9,0.17476190476190476,0,1,0,0,1,0,0,0,0,0,0.15304526748971192
3960,ãeínçFïΩ,1,50,35,6,1,0.10120000000000001,34,0,0,0,1,0,5,6,3,0,0.10294871794871795
3960,ãeínçFïΩ,2,31,4,10,3,0.10838709677419354,0,1,1,0,2,0,0,0,0,23,0.10294871794871795
3960,ãeínçFïΩ,3,39,7,10,7,0.10230769230769231,0,0,2,4,1,0,0,0,0,0,0.10294871794871795
3960,ãeínçFïΩ,4,40,8,9,6,0.09675,0,1,5,2,0,0,0,0,0,0,0.10294871794871795
3960,ãeínçFïΩ,5,36,3,3,4,0.11527777777777778,0,0,2,1,0,0,0,0,0,0,0.10294871794871795
3960,ãeínçFïΩ,6,38,6,9,10,0.09631578947368422,0,0,1,4,1,0,0,0,0,0,0.10294871794871795
3961,íJë∫àÍç∆,1,62,44,12,1,0.13838709677419356,40,0,0,0,4,0,6,4,6,0,0.1435664335664336
3961,íJë∫àÍç∆,2,46,10,17,6,0.14326086956521739,0,9,0,0,1,0,0,0,0,25,0.1435664335664336
3961,íJë∫àÍç∆,3,53,6,19,9,0.1437735849056604,0,0,3,2,1,0,0,0,0,0,0.1435664335664336
3961,íJë∫àÍç∆,4,50,6,14,11,0.1512,0,1,2,2,1,0,0,0,0,0,0.1435664335664336
3961,íJë∫àÍç∆,5,40,8,10,7,0.14250000000000002,0,0,0,4,4,0,0,0,0,0,0.1435664335664336
3961,íJë∫àÍç∆,6,35,1,4,13,0.14314285714285713,0,0,0,1,0,0,0,0,0,0,0.1435664335664336
3963,å¥ìcèGñÌ,1,51,36,7,5,0.15862745098039216,33,0,0,0,3,0,3,9,2,0,0.16480144404332128
3963,å¥ìcèGñÌ,2,49,5,16,10,0.15857142857142859,0,4,0,0,1,0,0,0,0,21,0.16480144404332128
3963,å¥ìcèGñÌ,3,48,8,12,8,0.17875,0,2,3,3,0,0,0,0,0,0,0.16480144404332128
3963,å¥ìcèGñÌ,4,43,6,4,11,0.15953488372093025,0,2,2,1,1,0,0,0,0,0,0.16480144404332128
3963,å¥ìcèGñÌ,5,37,2,11,4,0.17081081081081081,0,0,1,1,0,0,0,0,0,0,0.16480144404332128
3963,å¥ìcèGñÌ,6,49,4,7,9,0.16387755102040816,0,0,0,2,1,1,0,0,0,0,0.16480144404332128
3964,ã{ínîéém,1,28,8,9,2,0.19249999999999998,8,0,0,0,0,0,5,6,4,0,0.20225225225225224
3964,ã{ínîéém,2,46,2,7,11,0.1908695652173913,0,1,1,0,0,0,0,0,0,24,0.20225225225225224
3964,ã{ínîéém,3,38,5,4,8,0.1955263157894737,0,1,3,0,1,0,0,0,0,0,0.20225225225225224
3964,ã{ínîéém,4,41,0,3,6,0.21268292682926832,0,0,0,0,0,0,0,0,0,0,0.20225225225225224
3964,ã{ínîéém,5,38,0,1,8,0.19789473684210526,0,0,0,0,0,0,0,0,0,0,0.20225225225225224
3964,ã{ínîéém,6,31,0,0,6,0.22774193548387095,0,0,0,0,0,0,0,0,0,0,0.20225225225225224
3965,ñkíÜå≥é˜,1,45,24,11,4,0.1388888888888889,24,0,0,0,0,0,6,7,7,0,0.15339130434782608
3965,ñkíÜå≥é˜,2,37,7,7,11,0.15432432432432433,0,3,3,1,0,0,0,0,0,20,0.15339130434782608
3965,ñkíÜå≥é˜,3,34,2,10,9,0.15411764705882353,0,1,1,0,0,0,0,0,0,0,0.15339130434782608
3965,ñkíÜå≥é˜,4,34,10,8,4,0.16441176470588234,0,1,8,1,0,0,0,0,0,0,0.15339130434782608
3965,ñkíÜå≥é˜,5,39,7,5,7,0.1417948717948718,0,1,6,0,0,0,0,0,0,0,0.15339130434782608
3965,ñkíÜå≥é˜,6,41,4,5,13,0.16975609756097562,0,0,2,2,0,0,0,0,0,0,0.15339130434782608
3966,çÏä‘èÕ,1,61,31,15,1,0.1762295081967213,29,0,0,0,1,1,8,12,10,0,0.18535055350553506
3966,çÏä‘èÕ,2,42,10,12,6,0.18571428571428572,0,9,1,0,0,0,0,0,0,20,0.18535055350553506
3966,çÏä‘èÕ,3,48,7,13,14,0.18666666666666668,0,2,3,1,1,0,0,0,0,0,0.18535055350553506
3966,çÏä‘èÕ,4,45,10,11,11,0.19088888888888889,0,2,6,1,1,0,0,0,0,0,0.18535055350553506
3966,çÏä‘èÕ,5,40,4,6,12,0.17975000000000002,0,0,3,1,0,0,0,0,0,0,0.18535055350553506
3966,çÏä‘èÕ,6,35,0,4,12,0.1982857142857143,0,0,0,0,0,0,0,0,0,0,0.18535055350553506
3967,óÈñÿñŒçÇ,1,37,10,16,4,0.13513513513513514,10,0,0,0,0,0,12,5,6,0,0.16219917012448135
3967,óÈñÿñŒçÇ,2,40,2,8,16,0.1585,0,2,0,0,0,0,0,0,0,22,0.16219917012448135
3967,óÈñÿñŒçÇ,3,47,1,8,13,0.16659574468085106,0,0,0,1,0,0,0,0,0,0,0.16219917012448135
3967,óÈñÿñŒçÇ,4,43,2,13,6,0.15976744186046513,0,1,0,1,0,0,0,0,0,0,0.16219917012448135
3967,óÈñÿñŒçÇ,5,40,3,3,8,0.16175,0,0,1,2,0,0,0,0,0,0,0.16219917012448135
3967,óÈñÿñŒçÇ,6,34,0,2,6,0.1935294117647059,0,0,0,0,0,0,0,0,0,0,0.16219917012448135
3968,íÉíJêMéü,1,35,15,12,2,0.188,14,0,0,0,1,0,8,4,4,0,0.1999047619047619
3968,íÉíJêMéü,2,34,4,11,7,0.17911764705882352,0,4,0,0,0,0,0,0,0,21,0.1999047619047619
3968,íÉíJêMéü,3,38,0,7,12,0.19815789473684212,0,0,0,0,0,0,0,0,0,0,0.1999047619047619
3968,íÉíJêMéü,4,31,1,7,10,0.17774193548387096,0,0,0,0,1,0,0,0,0,0,0.1999047619047619
3968,íÉíJêMéü,5,35,2,7,3,0.20742857142857143,0,0,0,1,0,1,0,0,0,0,0.1999047619047619
3968,íÉíJêMéü,6,37,1,4,11,0.2435135135135135,0,0,0,1,0,0,0,0,0,0,0.1999047619047619
3970,ãTéRçÇâÎ,1,17,3,6,3,0.18352941176470589,3,0,0,0,0,0,7,4,2,0,0.18495934959349594
3970,ãTéRçÇâÎ,2,25,4,1,7,0.1972,0,3,1,0,0,0,0,0,0,11,0.18495934959349594
3970,ãTéRçÇâÎ,3,21,1,3,7,0.15952380952380954,0,0,0,1,0,0,0,0,0,0,0.18495934959349594
3970,ãTéRçÇâÎ,4,21,0,5,5,0.18333333333333335,0,0,0,0,0,0,0,0,0,0,0.18495934959349594
3970,ãTéRçÇâÎ,5,20,0,1,5,0.1595,0,0,0,0,0,0,0,0,0,0,0.18495934959349594
3970,ãTéRçÇâÎ,6,19,0,1,4,0.22684210526315793,0,0,0,0,0,0,0,0,0,0,0.18495934959349594
3973,çËóòêm,1,37,10,6,4,0.20270270270270271,9,0,0,0,1,0,13,8,4,0,0.18677824267782428
3973,çËóòêm,2,48,2,7,14,0.176875,0,1,0,0,1,0,0,0,0,24,0.18677824267782428
3973,çËóòêm,3,42,3,5,6,0.1738095238095238,0,1,1,1,0,0,0,0,0,0,0.18677824267782428
3973,çËóòêm,4,40,2,4,6,0.17550000000000002,0,0,0,2,0,0,0,0,0,0,0.18677824267782428
3973,çËóòêm,5,40,1,2,6,0.183,0,0,0,1,0,0,0,0,0,0,0.18677824267782428
3973,çËóòêm,6,32,0,2,2,0.2190625,0,0,0,0,0,0,0,0,0,0,0.18677824267782428
3974,ê[éRóSìÒ,1,24,6,9,3,0.13583333333333333,6,0,0,0,0,0,7,5,3,0,0.16896907216494847
3974,ê[éRóSìÒ,2,35,2,8,5,0.16,0,1,1,0,0,0,0,0,0,23,0.16896907216494847
3974,ê[éRóSìÒ,3,38,3,4,7,0.15447368421052632,0,0,2,1,0,0,0,0,0,0,0.16896907216494847
3974,ê[éRóSìÒ,4,30,2,3,6,0.18000000000000002,0,0,2,0,0,0,0,0,0,0,0.16896907216494847
3974,ê[éRóSìÒ,5,35,0,1,6,0.17800000000000002,0,0,0,0,0,0,0,0,0,0,0.16896907216494847
3974,ê[éRóSìÒ,6,32,0,1,3,0.200625,0,0,0,0,0,0,0,0,0,0,0.16896907216494847
3975,è¨ñÏéõíqóm,1,46,26,9,4,0.16717391304347826,24,0,0,0,2,0,3,3,12,0,0.17220532319391635
3975,è¨ñÏéõíqóm,2,42,9,14,7,0.1669047619047619,0,5,4,0,0,0,0,0,0,14,0.17220532319391635
3975,è¨ñÏéõíqóm,3,48,4,16,11,0.14354166666666665,0,0,4,0,0,0,0,0,0,0,0.17220532319391635
3975,è¨ñÏéõíqóm,4,44,0,10,13,0.18818181818181817,0,0,0,0,0,0,0,0,0,0,0.17220532319391635
3975,è¨ñÏéõíqóm,5,39,0,3,12,0.17256410256410257,0,0,0,0,0,0,0,0,0,0,0.17220532319391635
3975,è¨ñÏéõíqóm,6,44,1,2,14,0.19749999999999998,0,1,0,0,0,0,0,0,0,0,0.17220532319391635
3976,ì‡ìcå\,1,28,15,5,2,0.15464285714285714,14,0,0,0,1,0,6,5,1,0,0.17644329896907215
3976,ì‡ìcå\,2,41,1,5,9,0.17341463414634148,0,0,1,0,0,0,0,0,0,20,0.17644329896907215
3976,ì‡ìcå\,3,33,2,12,6,0.17363636363636364,0,0,1,0,1,0,0,0,0,0,0.17644329896907215
3976,ì‡ìcå\,4,30,2,5,3,0.17033333333333334,0,0,1,1,0,0,0,0,0,0,0.17644329896907215
3976,ì‡ìcå\,5,33,0,0,5,0.16303030303030303,0,0,0,0,0,0,0,0,0,0,0.17644329896907215
3976,ì‡ìcå\,6,29,0,0,2,0.22655172413793104,0,0,0,0,0,0,0,0,0,0,0.17644329896907215
3977,éRñ{åìém,1,32,16,10,1,0.14625,16,0,0,0,0,0,6,3,6,0,0.16916299559471365
3977,éRñ{åìém,2,41,5,10,10,0.1495121951219512,0,3,2,0,0,0,0,0,0,18,0.16916299559471365
3977,éRñ{åìém,3,38,2,4,14,0.1539473684210526,0,1,0,1,0,0,0,0,0,0,0.16916299559471365
3977,éRñ{åìém,4,41,3,8,6,0.19829268292682928,0,1,2,0,0,0,0,0,0,0,0.16916299559471365
3977,éRñ{åìém,5,41,1,8,2,0.19073170731707317,0,0,1,0,0,0,0,0,0,0,0.16916299559471365
3977,éRñ{åìém,6,34,0,5,4,0.17029411764705882,0,0,0,0,0,0,0,0,0,0,0.16916299559471365
3978,Íéì°êm,1,59,42,11,2,0.13135593220338984,40,0,0,0,2,0,4,2,8,0,0.14917562724014335
3978,Íéì°êm,2,47,6,18,14,0.13893617021276597,0,6,0,0,0,0,0,0,0,28,0.14917562724014335
3978,Íéì°êm,3,43,5,15,11,0.1572093023255814,0,0,0,4,1,0,0,0,0,0,0.14917562724014335
3978,Íéì°êm,4,42,11,8,12,0.14166666666666666,0,1,4,3,2,1,0,0,0,0,0.14917562724014335
3978,Íéì°êm,5,45,3,15,11,0.1522222222222222,0,0,1,2,0,0,0,0,0,0,0.14917562724014335
3978,Íéì°êm,6,43,3,6,15,0.18093023255813953,0,0,0,3,0,0,0,0,0,0,0.14917562724014335
3981,ç°ç‚çWçL,1,19,12,3,0,0.12578947368421053,12,0,0,0,0,0,3,2,2,0,0.1521487603305785
3981,ç°ç‚çWçL,2,23,5,4,3,0.16608695652173913,0,5,0,0,0,0,0,0,0,12,0.1521487603305785
3981,ç°ç‚çWçL,3,21,3,4,7,0.1523809523809524,0,0,1,2,0,0,0,0,0,0,0.1521487603305785
3981,ç°ç‚çWçL,4,19,3,2,3,0.14631578947368423,0,0,1,2,0,0,0,0,0,0,0.1521487603305785
3981,ç°ç‚çWçL,5,22,0,3,3,0.16954545454545455,0,0,0,0,0,0,0,0,0,0,0.1521487603305785
3981,ç°ç‚çWçL,6,17,0,1,1,0.14647058823529413,0,0,0,0,0,0,0,0,0,0,0.1521487603305785
3982,ïüìcóù,1,26,11,4,4,0.17923076923076925,11,0,0,0,0,0,6,7,2,0,0.17502463054187192
3982,ïüìcóù,2,37,2,7,10,0.17945945945945949,0,2,0,0,0,0,0,0,0,18,0.17502463054187192
3982,ïüìcóù,3,36,1,10,5,0.17916666666666667,0,0,1,0,0,0,0,0,0,0,0.17502463054187192
3982,ïüìcóù,4,38,2,8,9,0.1586842105263158,0,1,1,0,0,0,0,0,0,0,0.17502463054187192
3982,ïüìcóù,5,37,2,2,2,0.16486486486486487,0,1,0,1,0,0,0,0,0,0,0.17502463054187192
3982,ïüìcóù,6,29,1,1,1,0.19482758620689655,0,1,0,0,0,0,0,0,0,0,0.17502463054187192
3983,ê{ì°îéóœ,1,47,32,8,0,0.14297872340425533,31,0,0,0,1,0,4,5,4,0,0.15051724137931036
3983,ê{ì°îéóœ,2,36,7,5,5,0.15055555555555555,0,4,3,0,0,0,0,0,0,17,0.15051724137931036
3983,ê{ì°îéóœ,3,40,7,13,10,0.14825,0,1,4,1,1,0,0,0,0,0,0.15051724137931036
3983,ê{ì°îéóœ,4,39,4,5,13,0.14923076923076925,0,0,3,0,1,0,0,0,0,0,0.15051724137931036
3983,ê{ì°îéóœ,5,35,5,6,11,0.1397142857142857,0,0,1,2,0,2,0,0,0,0,0.15051724137931036
3983,ê{ì°îéóœ,6,35,1,3,7,0.17542857142857143,0,0,0,0,1,0,0,0,0,0,0.15051724137931036
3984,ç‚å˚é¸,1,50,37,8,2,0.1328,37,0,0,0,0,0,4,2,7,0,0.16179282868525896
3984,ç‚å˚é¸,2,43,8,10,9,0.15790697674418605,0,3,3,1,1,0,0,0,0,22,0.16179282868525896
3984,ç‚å˚é¸,3,43,1,11,13,0.16232558139534883,0,1,0,0,0,0,0,0,0,0,0.16179282868525896
3984,ç‚å˚é¸,4,48,6,11,12,0.16645833333333335,0,0,3,3,0,0,0,0,0,0,0.16179282868525896
3984,ç‚å˚é¸,5,33,1,4,8,0.17545454545454545,0,0,1,0,0,0,0,0,0,0,0.16179282868525896
3984,ç‚å˚é¸,6,34,1,5,6,0.1888235294117647,0,1,0,0,0,0,0,0,0,0,0.16179282868525896
3986,â´ìáçLòa,1,48,29,8,6,0.17125,28,0,0,0,1,0,5,6,5,0,0.16987012987012987
3986,â´ìáçLòa,2,40,5,17,7,0.18075,0,4,1,0,0,0,0,0,0,21,0.16987012987012987
3986,â´ìáçLòa,3,38,5,11,6,0.1594736842105263,0,1,0,3,1,0,0,0,0,0,0.16987012987012987
3986,â´ìáçLòa,4,37,3,10,8,0.17,0,0,0,3,0,0,0,0,0,0,0.16987012987012987
3986,â´ìáçLòa,5,30,0,5,12,0.159,0,0,0,0,0,0,0,0,0,0,0.16987012987012987
3986,â´ìáçLòa,6,38,0,2,10,0.17552631578947367,0,0,0,0,0,0,0,0,0,0,0.16987012987012987
3987,å„ì°ê≥è@,1,49,25,8,9,0.1540816326530612,25,0,0,0,0,0,10,6,8,0,0.15284584980237154
3987,å„ì°ê≥è@,2,42,7,9,11,0.1688095238095238,0,3,1,2,1,0,0,0,0,21,0.15284584980237154
3987,å„ì°ê≥è@,3,43,5,12,11,0.1588372093023256,0,0,1,4,0,0,0,0,0,0,0.15284584980237154
3987,å„ì°ê≥è@,4,42,10,5,13,0.14238095238095239,0,2,6,2,0,0,0,0,0,0,0.15284584980237154
3987,å„ì°ê≥è@,5,39,4,8,7,0.1582051282051282,0,0,2,1,1,0,0,0,0,0,0.15284584980237154
3987,å„ì°ê≥è@,6,38,5,5,8,0.13289473684210526,0,0,2,3,0,0,0,0,0,0,0.15284584980237154
3988,å√êÏêΩîV,1,53,40,7,3,0.14849056603773586,39,0,0,0,1,0,3,3,5,0,0.14908045977011497
3988,å√êÏêΩîV,2,42,10,12,6,0.14642857142857144,1,6,1,0,2,0,0,0,0,19,0.14908045977011497
3988,å√êÏêΩîV,3,44,6,12,6,0.12636363636363637,0,0,2,3,1,0,0,0,0,0,0.14908045977011497
3988,å√êÏêΩîV,4,42,4,10,14,0.14952380952380953,0,1,0,1,2,0,0,0,0,0,0.14908045977011497
3988,å√êÏêΩîV,5,40,1,3,9,0.15875,0,0,0,1,0,0,0,0,0,0,0.14908045977011497
3988,å√êÏêΩîV,6,40,0,3,10,0.1675,0,0,0,0,0,0,0,0,0,0,0.14908045977011497
3989,åFñ{âpàÍ,1,22,6,4,6,0.17454545454545453,5,0,0,0,1,0,3,6,6,0,0.20711864406779662
3989,åFñ{âpàÍ,2,31,1,7,5,0.19548387096774192,0,0,1,0,0,0,0,0,0,16,0.20711864406779662
3989,åFñ{âpàÍ,3,38,1,3,8,0.19526315789473683,0,0,0,1,0,0,0,0,0,0,0.20711864406779662
3989,åFñ{âpàÍ,4,26,1,4,6,0.21769230769230768,0,0,0,0,1,0,0,0,0,0,0.20711864406779662
3989,åFñ{âpàÍ,5,29,0,2,1,0.2089655172413793,0,0,0,0,0,0,0,0,0,0,0.20711864406779662
3989,åFñ{âpàÍ,6,31,0,2,8,0.24580645161290324,0,0,0,0,0,0,0,0,0,0,0.20711864406779662
3990,ã⁄‡VçéïF,1,35,22,5,4,0.12485714285714286,21,0,0,0,1,0,3,2,4,0,0.13881443298969073
3990,ã⁄‡VçéïF,2,34,10,6,4,0.12823529411764706,0,4,5,0,1,0,0,0,0,17,0.13881443298969073
3990,ã⁄‡VçéïF,3,34,4,10,6,0.1326470588235294,0,0,3,1,0,0,0,0,0,0,0.13881443298969073
3990,ã⁄‡VçéïF,4,27,2,5,3,0.12925925925925927,0,0,2,0,0,0,0,0,0,0,0.13881443298969073
3990,ã⁄‡VçéïF,5,29,2,3,1,0.1620689655172414,0,0,1,1,0,0,0,0,0,0,0.13881443298969073
3990,ã⁄‡VçéïF,6,35,0,1,5,0.15714285714285714,0,0,0,0,0,0,0,0,0,0,0.13881443298969073
3992,ä÷å˚íqãv,1,41,22,9,4,0.15902439024390244,22,0,0,0,0,0,7,4,8,0,0.1426890756302521
3992,ä÷å˚íqãv,2,40,3,13,4,0.159,0,3,0,0,0,0,0,0,0,22,0.1426890756302521
3992,ä÷å˚íqãv,3,40,6,10,7,0.152,0,1,1,4,0,0,0,0,0,0,0.1426890756302521
3992,ä÷å˚íqãv,4,45,3,7,9,0.13511111111111113,1,1,1,0,0,0,0,0,0,0,0.1426890756302521
3992,ä÷å˚íqãv,5,35,2,5,6,0.128,0,0,2,0,0,0,0,0,0,0,0.1426890756302521
3992,ä÷å˚íqãv,6,37,2,5,8,0.12000000000000001,0,0,2,0,0,0,0,0,0,0,0.1426890756302521
3993,âià‰êπî¸,1,24,12,4,4,0.12625,12,0,0,0,0,0,5,2,3,0,0.1637748344370861
3993,âià‰êπî¸,2,26,6,6,3,0.1769230769230769,0,2,4,0,0,0,0,0,0,8,0.1637748344370861
3993,âià‰êπî¸,3,31,4,10,7,0.14967741935483872,0,0,2,2,0,0,0,0,0,0,0.1637748344370861
3993,âià‰êπî¸,4,22,1,4,8,0.16318181818181818,0,0,1,0,0,0,0,0,0,0,0.1637748344370861
3993,âià‰êπî¸,5,29,2,2,3,0.18379310344827587,0,0,0,1,1,0,0,0,0,0,0.1637748344370861
3993,âià‰êπî¸,6,19,1,2,4,0.1863157894736842,0,0,1,0,0,0,0,0,0,0,0.1637748344370861
3994,íÉíJç˜,1,41,12,12,4,0.20536585365853657,12,0,0,0,0,0,11,9,6,0,0.19137777777777779
3994,íÉíJç˜,2,40,9,13,4,0.20074999999999998,0,8,1,0,0,0,0,0,0,14,0.19137777777777779
3994,íÉíJç˜,3,43,1,10,12,0.18534883720930231,0,0,1,0,0,0,0,0,0,0,0.19137777777777779
3994,íÉíJç˜,4,37,5,8,8,0.18135135135135136,0,2,3,0,0,0,0,0,0,0,0.19137777777777779
3994,íÉíJç˜,5,29,0,3,6,0.19551724137931034,0,0,0,0,0,0,0,0,0,0,0.19137777777777779
3994,íÉíJç˜,6,35,0,2,6,0.17885714285714285,0,0,0,0,0,0,0,0,0,0,0.19137777777777779
3995,èdñÏìNîV,1,55,44,5,2,0.1261818181818182,43,0,0,0,0,1,3,2,3,0,0.12555160142348754
3995,èdñÏìNîV,2,53,11,15,7,0.1388679245283019,1,6,4,0,0,0,0,0,0,29,0.12555160142348754
3995,èdñÏìNîV,3,44,5,13,12,0.13477272727272727,0,1,3,0,1,0,0,0,0,0,0.12555160142348754
3995,èdñÏìNîV,4,42,3,9,9,0.11523809523809524,0,1,1,1,0,0,0,0,0,0,0.12555160142348754
3995,èdñÏìNîV,5,46,5,11,7,0.12173913043478261,0,0,2,2,0,1,0,0,0,0,0.12555160142348754
3995,èdñÏìNîV,6,41,4,4,15,0.1124390243902439,0,1,2,1,0,0,0,0,0,0,0.12555160142348754
3996,èHéRíºîV,1,72,52,10,6,0.13652777777777778,49,1,0,0,2,0,4,8,5,0,0.16642361111111112
3996,èHéRíºîV,2,45,9,13,6,0.16866666666666666,0,5,1,0,3,0,0,0,0,21,0.16642361111111112
3996,èHéRíºîV,3,47,8,17,6,0.1708510638297872,0,0,3,4,1,0,0,0,0,0,0.16642361111111112
3996,èHéRíºîV,4,45,7,12,13,0.19044444444444444,0,3,2,1,1,0,0,0,0,0,0.16642361111111112
3996,èHéRíºîV,5,36,5,8,15,0.1836111111111111,0,0,3,2,0,0,0,0,0,0,0.16642361111111112
3996,èHéRíºîV,6,43,5,6,13,0.1697674418604651,0,0,0,3,2,0,0,0,0,0,0.16642361111111112
3997,ñkë∫ê™ék,1,58,38,10,4,0.14913793103448275,36,0,0,0,2,0,6,6,5,0,0.16167330677290837
3997,ñkë∫ê™ék,2,44,6,18,12,0.15477272727272728,0,3,1,0,2,0,0,0,0,27,0.16167330677290837
3997,ñkë∫ê™ék,3,33,5,11,10,0.1706060606060606,0,1,0,3,1,0,0,0,0,0,0.16167330677290837
3997,ñkë∫ê™ék,4,42,2,14,12,0.1611904761904762,0,1,1,0,0,0,0,0,0,0,0.16167330677290837
3997,ñkë∫ê™ék,5,34,2,5,12,0.15588235294117647,0,0,0,2,0,0,0,0,0,0,0.16167330677290837
3997,ñkë∫ê™ék,6,40,2,5,11,0.1855,0,0,0,2,0,0,0,0,0,0,0.16167330677290837
3998,ïyê¨å™éô,1,32,17,8,3,0.1446875,16,1,0,0,0,0,4,5,4,0,0.16798206278026906
3998,ïyê¨å™éô,2,43,2,11,13,0.15790697674418605,0,2,0,0,0,0,0,0,0,23,0.16798206278026906
3998,ïyê¨å™éô,3,37,4,7,12,0.15081081081081082,0,0,0,4,0,0,0,0,0,0,0.16798206278026906
3998,ïyê¨å™éô,4,37,4,2,8,0.17027027027027025,0,2,0,2,0,0,0,0,0,0,0.16798206278026906
3998,ïyê¨å™éô,5,39,1,1,9,0.19974358974358974,0,0,0,0,1,0,0,0,0,0,0.16798206278026906
3998,ïyê¨å™éô,6,35,1,2,4,0.182,0,0,0,0,1,0,0,0,0,0,0.16798206278026906
3999,ëÂëÎñæì˙çÅ,1,49,31,6,5,0.16510204081632654,30,0,0,0,1,0,6,7,5,0,0.1687443946188341
3999,ëÂëÎñæì˙çÅ,2,37,5,17,7,0.1472972972972973,0,2,3,0,0,0,0,0,0,19,0.1687443946188341
3999,ëÂëÎñæì˙çÅ,3,33,6,12,6,0.15878787878787878,0,1,3,0,1,1,0,0,0,0,0.1687443946188341
3999,ëÂëÎñæì˙çÅ,4,39,1,10,8,0.17384615384615384,0,0,0,0,1,0,0,0,0,0,0.1687443946188341
3999,ëÂëÎñæì˙çÅ,5,32,1,2,10,0.1590625,0,0,0,1,0,0,0,0,0,0,0.1687443946188341
3999,ëÂëÎñæì˙çÅ,6,33,0,1,16,0.21151515151515152,0,0,0,0,0,0,0,0,0,0,0.1687443946188341
4000,èºñ{îéè∫,1,53,35,10,3,0.16320754716981134,34,0,0,0,1,0,3,4,10,0,0.17418118466898955
4000,èºñ{îéè∫,2,53,4,18,14,0.17641509433962263,0,1,2,1,0,0,0,0,0,31,0.17418118466898955
4000,èºñ{îéè∫,3,53,4,13,13,0.1669811320754717,0,1,2,1,0,0,0,0,0,0,0.17418118466898955
4000,èºñ{îéè∫,4,45,2,13,10,0.18888888888888888,0,0,1,0,0,1,0,0,0,0,0.17418118466898955
4000,èºñ{îéè∫,5,41,3,4,14,0.16902439024390242,0,0,2,1,0,0,0,0,0,0,0.17418118466898955
4000,èºñ{îéè∫,6,42,2,3,5,0.18357142857142858,0,0,1,1,0,0,0,0,0,0,0.17418118466898955
4002,å√åãçG,1,68,60,6,0,0.145,53,0,0,0,7,0,0,1,6,0,0.14775438596491228
4002,å√åãçG,2,46,9,21,7,0.15913043478260872,1,5,3,0,0,0,0,0,0,32,0.14775438596491228
4002,å√åãçG,3,40,7,12,7,0.1315,0,0,0,3,3,1,0,0,0,0,0.14775438596491228
4002,å√åãçG,4,39,5,10,13,0.14871794871794872,0,0,2,2,1,0,0,0,0,0,0.14775438596491228
4002,å√åãçG,5,45,7,10,10,0.15755555555555556,0,0,0,6,1,0,0,0,0,0,0.14775438596491228
4002,å√åãçG,6,47,7,5,9,0.14425531914893616,0,1,2,2,2,0,0,0,0,0,0.14775438596491228
4003,ï\åõàÍ,1,49,20,16,6,0.15877551020408165,17,0,0,0,3,0,10,9,7,0,0.1806614785992218
4003,ï\åõàÍ,2,41,3,15,13,0.1929268292682927,0,1,1,0,1,0,0,0,0,22,0.1806614785992218
4003,ï\åõàÍ,3,46,3,6,17,0.20108695652173914,0,0,0,2,0,1,0,0,0,0,0.1806614785992218
4003,ï\åõàÍ,4,45,2,7,12,0.17844444444444443,0,1,1,0,0,0,0,0,0,0,0.1806614785992218
4003,ï\åõàÍ,5,39,3,2,12,0.16974358974358975,0,1,0,2,0,0,0,0,0,0,0.1806614785992218
4003,ï\åõàÍ,6,37,1,3,5,0.18486486486486486,0,1,0,0,0,0,0,0,0,0,0.1806614785992218
4004,éRñ{ç_ï„,1,33,17,4,2,0.1609090909090909,17,0,0,0,0,0,5,8,3,0,0.18151960784313725
4004,éRñ{ç_ï„,2,33,2,9,6,0.17727272727272725,0,1,1,0,0,0,0,0,0,20,0.18151960784313725
4004,éRñ{ç_ï„,3,38,4,5,7,0.17894736842105263,0,0,1,3,0,0,0,0,0,0,0.18151960784313725
4004,éRñ{ç_ï„,4,40,2,6,10,0.191,0,1,0,1,0,0,0,0,0,0,0.18151960784313725
4004,éRñ{ç_ï„,5,30,1,2,5,0.182,0,0,1,0,0,0,0,0,0,0,0.18151960784313725
4004,éRñ{ç_ï„,6,30,1,3,6,0.19899999999999998,0,0,1,0,0,0,0,0,0,0,0.18151960784313725
4005,ê£êÏåˆë•,1,22,9,1,1,0.17863636363636365,9,0,0,0,0,0,5,4,4,0,0.18599999999999997
4005,ê£êÏåˆë•,2,38,2,13,6,0.1628947368421053,0,0,2,0,0,0,0,0,0,24,0.18599999999999997
4005,ê£êÏåˆë•,3,29,1,4,5,0.18137931034482757,0,0,0,0,1,0,0,0,0,0,0.18599999999999997
4005,ê£êÏåˆë•,4,27,0,6,2,0.1748148148148148,0,0,0,0,0,0,0,0,0,0,0.18599999999999997
4005,ê£êÏåˆë•,5,29,0,1,4,0.2093103448275862,0,0,0,0,0,0,0,0,0,0,0.18599999999999997
4005,ê£êÏåˆë•,6,30,0,1,0,0.21266666666666667,0,0,0,0,0,0,0,0,0,0,0.18599999999999997
4006,è¨ñÏóEçÏ,1,52,27,10,7,0.17673076923076922,24,0,0,0,3,0,8,7,8,0,0.18685920577617326
4006,è¨ñÏóEçÏ,2,46,6,10,11,0.1839130434782609,0,4,1,0,1,0,0,0,0,25,0.18685920577617326
4006,è¨ñÏóEçÏ,3,48,7,17,12,0.18416666666666667,0,1,5,0,1,0,0,0,0,0,0.18685920577617326
4006,è¨ñÏóEçÏ,4,50,4,6,11,0.185,0,0,0,1,2,1,0,0,0,0,0.18685920577617326
4006,è¨ñÏóEçÏ,5,41,4,4,10,0.18902439024390244,0,2,1,1,0,0,0,0,0,0,0.18685920577617326
4006,è¨ñÏóEçÏ,6,40,0,1,8,0.20675,0,0,0,0,0,0,0,0,0,0,0.18685920577617326
4007,ûƒìcè´ïF,1,27,16,4,4,0.14555555555555555,15,0,0,1,0,0,5,4,1,0,0.12858757062146894
4007,ûƒìcè´ïF,2,31,4,2,11,0.14129032258064517,0,2,2,0,0,0,0,0,0,15,0.12858757062146894
4007,ûƒìcè´ïF,3,32,5,7,4,0.098125,0,0,2,3,0,0,0,0,0,0,0.12858757062146894
4007,ûƒìcè´ïF,4,24,3,2,3,0.12791666666666668,0,0,3,0,0,0,0,0,0,0,0.12858757062146894
4007,ûƒìcè´ïF,5,32,0,7,3,0.1240625,0,0,0,0,0,0,0,0,0,0,0.12858757062146894
4007,ûƒìcè´ïF,6,31,0,0,2,0.13774193548387098,0,0,0,0,0,0,0,0,0,0,0.12858757062146894
4009,è¨ó—àÍé˜,1,39,27,6,3,0.11076923076923077,26,0,0,0,1,0,4,3,4,0,0.12162679425837321
4009,è¨ó—àÍé˜,2,30,5,4,7,0.12666666666666668,0,5,0,0,0,0,0,0,0,15,0.12162679425837321
4009,è¨ó—àÍé˜,3,42,3,11,9,0.115,0,1,0,1,1,0,0,0,0,0,0.12162679425837321
4009,è¨ó—àÍé˜,4,35,6,11,6,0.12485714285714286,0,1,3,1,1,0,0,0,0,0,0.12162679425837321
4009,è¨ó—àÍé˜,5,32,0,7,9,0.1246875,0,0,0,0,0,0,0,0,0,0,0.12162679425837321
4009,è¨ó—àÍé˜,6,31,0,2,6,0.13258064516129034,0,0,0,0,0,0,0,0,0,0,0.12162679425837321
4010,âzíqè∆ç_,1,24,7,5,2,0.16083333333333336,7,0,0,0,0,0,8,3,6,0,0.1865909090909091
4010,âzíqè∆ç_,2,30,2,3,10,0.19266666666666668,0,1,1,0,0,0,0,0,0,15,0.1865909090909091
4010,âzíqè∆ç_,3,33,2,5,6,0.17545454545454545,0,0,1,0,1,0,0,0,0,0,0.1865909090909091
4010,âzíqè∆ç_,4,25,2,3,5,0.154,0,0,2,0,0,0,0,0,0,0,0.1865909090909091
4010,âzíqè∆ç_,5,36,1,1,4,0.20472222222222222,0,1,0,0,0,0,0,0,0,0,0.1865909090909091
4010,âzíqè∆ç_,6,28,1,1,4,0.22107142857142859,0,1,0,0,0,0,0,0,0,0,0.1865909090909091
4011,ñxîVì‡ãIë„éq,1,52,36,10,2,0.1671153846153846,34,0,0,0,2,0,5,4,5,0,0.16975708502024292
4011,ñxîVì‡ãIë„éq,2,38,12,10,3,0.17868421052631578,0,8,2,0,2,0,0,0,0,20,0.16975708502024292
4011,ñxîVì‡ãIë„éq,3,45,7,16,7,0.18866666666666668,0,2,2,3,0,0,0,0,0,0,0.16975708502024292
4011,ñxîVì‡ãIë„éq,4,36,6,11,8,0.19111111111111112,0,1,3,0,2,0,0,0,0,0,0.16975708502024292
4011,ñxîVì‡ãIë„éq,5,37,4,4,9,0.1502702702702703,0,0,1,3,0,0,0,0,0,0,0.16975708502024292
4011,ñxîVì‡ãIë„éq,6,39,2,6,9,0.14153846153846156,0,1,1,0,0,0,0,0,0,0,0.16975708502024292
4012,íÜë∫óLóT,1,39,21,10,5,0.15769230769230771,21,0,0,0,0,0,3,6,5,0,0.14950892857142858
4012,íÜë∫óLóT,2,37,4,9,8,0.1472972972972973,0,2,2,0,0,0,0,0,0,20,0.14950892857142858
4012,íÜë∫óLóT,3,46,7,11,4,0.13304347826086957,0,0,2,3,2,0,0,0,0,0,0.14950892857142858
4012,íÜë∫óLóT,4,34,4,10,5,0.15941176470588236,0,0,3,1,0,0,0,0,0,0,0.14950892857142858
4012,íÜë∫óLóT,5,34,2,5,11,0.14794117647058824,0,0,0,2,0,0,0,0,0,0,0.14950892857142858
4012,íÜë∫óLóT,6,34,0,4,8,0.15647058823529414,0,0,0,0,0,0,0,0,0,0,0.14950892857142858
4013,íÜìáçFïΩ,1,66,54,5,1,0.12787878787878787,51,0,0,0,2,1,0,5,4,0,0.13498371335504886
4013,íÜìáçFïΩ,2,49,7,21,9,0.14326530612244898,0,5,1,0,1,0,0,0,0,32,0.13498371335504886
4013,íÜìáçFïΩ,3,56,10,18,11,0.1375,0,1,3,5,1,0,0,0,0,0,0.13498371335504886
4013,íÜìáçFïΩ,4,44,6,12,9,0.14250000000000002,0,0,2,4,0,0,0,0,0,0,0.13498371335504886
4013,íÜìáçFïΩ,5,48,3,10,10,0.12333333333333334,0,0,1,2,0,0,0,0,0,0,0.13498371335504886
4013,íÜìáçFïΩ,6,44,2,6,12,0.1384090909090909,0,0,0,2,0,0,0,0,0,0,0.13498371335504886
4014,ï–â™åbó¢,1,33,19,6,3,0.1478787878787879,19,0,0,0,0,0,7,1,4,0,0.1719902912621359
4014,ï–â™åbó¢,2,37,5,9,4,0.17108108108108108,0,1,4,0,0,0,0,0,0,20,0.1719902912621359
4014,ï–â™åbó¢,3,39,4,5,10,0.15205128205128204,0,0,4,0,0,0,0,0,0,0,0.1719902912621359
4014,ï–â™åbó¢,4,37,5,2,8,0.19891891891891894,0,1,2,1,1,0,0,0,0,0,0.1719902912621359
4014,ï–â™åbó¢,5,30,1,4,4,0.17033333333333334,0,0,0,1,0,0,0,0,0,0,0.1719902912621359
4014,ï–â™åbó¢,6,30,1,1,6,0.194,0,0,0,1,0,0,0,0,0,0,0.1719902912621359
4015,ëOñÏó≥àÍ,1,55,36,10,4,0.13163636363636363,33,0,0,0,2,1,2,5,9,0,0.1481818181818182
4015,ëOñÏó≥àÍ,2,43,7,16,11,0.14162790697674418,0,3,2,1,1,0,0,0,0,26,0.1481818181818182
4015,ëOñÏó≥àÍ,3,35,6,9,12,0.14,0,1,3,2,0,0,0,0,0,0,0.1481818181818182
4015,ëOñÏó≥àÍ,4,41,6,10,12,0.13560975609756096,0,1,2,1,2,0,0,0,0,0,0.1481818181818182
4015,ëOñÏó≥àÍ,5,33,1,5,11,0.17666666666666667,0,0,0,0,1,0,0,0,0,0,0.1481818181818182
4015,ëOñÏó≥àÍ,6,35,1,4,5,0.1782857142857143,0,1,0,0,0,0,0,0,0,0,0.1481818181818182
4016,êºêÏêVëæòY,1,30,14,4,3,0.15266666666666667,13,0,0,0,1,0,3,7,4,0,0.16958762886597936
4016,êºêÏêVëæòY,2,35,3,7,7,0.18371428571428572,0,2,0,0,1,0,0,0,0,19,0.16958762886597936
4016,êºêÏêVëæòY,3,32,7,7,7,0.16,0,0,3,3,1,0,0,0,0,0,0.16958762886597936
4016,êºêÏêVëæòY,4,35,2,5,15,0.1457142857142857,0,0,2,0,0,0,0,0,0,0,0.16958762886597936
4016,êºêÏêVëæòY,5,30,0,4,9,0.17033333333333334,0,0,0,0,0,0,0,0,0,0,0.16958762886597936
4016,êºêÏêVëæòY,6,32,0,2,5,0.205,0,0,0,0,0,0,0,0,0,0,0.16958762886597936
4017,å¸à‰î¸óÈ,1,34,15,5,7,0.17323529411764707,15,0,0,0,0,0,4,10,4,0,0.18031645569620255
4017,å¸à‰î¸óÈ,2,28,6,9,7,0.18535714285714286,0,1,4,0,1,0,0,0,0,10,0.18031645569620255
4017,å¸à‰î¸óÈ,3,24,3,2,4,0.18333333333333335,0,0,2,1,0,0,0,0,0,0,0.18031645569620255
4017,å¸à‰î¸óÈ,4,28,0,5,3,0.18642857142857142,0,0,0,0,0,0,0,0,0,0,0.18031645569620255
4017,å¸à‰î¸óÈ,5,18,0,1,5,0.18055555555555555,0,0,0,0,0,0,0,0,0,0,0.18031645569620255
4017,å¸à‰î¸óÈ,6,26,1,1,10,0.17461538461538462,0,0,1,0,0,0,0,0,0,0,0.18031645569620255
4019,ä}å¥ó∫,1,21,17,1,0,0.1676190476190476,16,0,0,0,1,0,1,2,1,0,0.16913461538461538
4019,ä}å¥ó∫,2,13,5,6,2,0.12923076923076923,0,4,0,0,1,0,0,0,0,4,0.16913461538461538
4019,ä}å¥ó∫,3,16,4,5,6,0.166875,0,0,1,3,0,0,0,0,0,0,0.16913461538461538
4019,ä}å¥ó∫,4,15,7,2,5,0.168,0,1,4,1,1,0,0,0,0,0,0.16913461538461538
4019,ä}å¥ó∫,5,22,1,7,9,0.18045454545454545,0,0,0,1,0,0,0,0,0,0,0.16913461538461538
4019,ä}å¥ó∫,6,17,3,3,4,0.19,0,0,0,2,1,0,0,0,0,0,0.16913461538461538
4020,êÏè„ê¥êl,1,33,7,9,5,0.17727272727272725,7,0,0,0,0,0,11,9,4,0,0.2001826484018265
4020,êÏè„ê¥êl,2,36,3,7,3,0.18638888888888888,0,3,0,0,0,0,0,0,0,16,0.2001826484018265
4020,êÏè„ê¥êl,3,42,5,9,4,0.20452380952380952,0,1,2,2,0,0,0,0,0,0,0.2001826484018265
4020,êÏè„ê¥êl,4,34,1,4,7,0.2064705882352941,0,0,0,0,1,0,0,0,0,0,0.2001826484018265
4020,êÏè„ê¥êl,5,38,2,4,7,0.19026315789473686,0,0,0,2,0,0,0,0,0,0,0.2001826484018265
4020,êÏè„ê¥êl,6,36,0,1,4,0.23444444444444443,0,0,0,0,0,0,0,0,0,0,0.2001826484018265
4021,ãgìcåíëæòY,1,36,16,11,2,0.11833333333333333,15,0,0,0,1,0,6,2,9,0,0.13048458149779738
4021,ãgìcåíëæòY,2,36,2,11,7,0.13916666666666666,0,0,1,0,1,0,0,0,0,21,0.13048458149779738
4021,ãgìcåíëæòY,3,37,4,14,6,0.11756756756756756,0,2,1,0,1,0,0,0,0,0,0.13048458149779738
4021,ãgìcåíëæòY,4,38,4,9,5,0.13473684210526315,0,0,4,0,0,0,0,0,0,0,0.13048458149779738
4021,ãgìcåíëæòY,5,42,8,3,2,0.13523809523809524,0,0,0,7,1,0,0,0,0,0,0.13048458149779738
4021,ãgìcåíëæòY,6,38,0,0,2,0.1368421052631579,0,0,0,0,0,0,0,0,0,0,0.13048458149779738
4022,ë“íπóYãI,1,49,34,7,5,0.1469387755102041,32,0,0,0,2,0,1,5,6,0,0.15510373443983402
4022,ë“íπóYãI,2,43,8,17,9,0.15093023255813953,0,4,3,1,0,0,0,0,0,22,0.15510373443983402
4022,ë“íπóYãI,3,38,6,11,8,0.15447368421052632,0,1,1,2,2,0,0,0,0,0,0.15510373443983402
4022,ë“íπóYãI,4,38,9,6,10,0.15605263157894736,0,1,1,5,2,0,0,0,0,0,0.15510373443983402
4022,ë“íπóYãI,5,39,1,1,8,0.1587179487179487,0,0,1,0,0,0,0,0,0,0,0.15510373443983402
4022,ë“íπóYãI,6,34,1,3,6,0.16764705882352943,0,0,1,0,0,0,0,0,0,0,0.15510373443983402
4023,éƒìcóFòa,1,25,12,4,0,0.17559999999999998,12,0,0,0,0,0,5,4,3,0,0.17825
4023,éƒìcóFòa,2,38,3,6,11,0.17605263157894738,0,2,0,1,0,0,0,0,0,24,0.17825
4023,éƒìcóFòa,3,36,0,3,6,0.1597222222222222,0,0,0,0,0,0,0,0,0,0,0.17825
4023,éƒìcóFòa,4,36,1,2,4,0.1813888888888889,0,0,0,0,1,0,0,0,0,0,0.17825
4023,éƒìcóFòa,5,39,1,1,5,0.18615384615384614,0,0,0,1,0,0,0,0,0,0,0.17825
4023,éƒìcóFòa,6,26,0,0,0,0.19346153846153846,0,0,0,0,0,0,0,0,0,0,0.17825
4024,à‰å˚â¿ìT,1,56,38,9,3,0.15678571428571428,37,0,0,0,1,0,0,8,7,0,0.1465234375
4024,à‰å˚â¿ìT,2,45,13,19,3,0.1451111111111111,1,9,2,0,1,0,0,0,0,25,0.1465234375
4024,à‰å˚â¿ìT,3,40,4,9,10,0.15325,0,0,1,1,1,1,0,0,0,0,0.1465234375
4024,à‰å˚â¿ìT,4,41,6,11,5,0.1480487804878049,0,0,1,5,0,0,0,0,0,0,0.1465234375
4024,à‰å˚â¿ìT,5,39,6,14,9,0.13692307692307693,0,2,1,2,1,0,0,0,0,0,0.1465234375
4024,à‰å˚â¿ìT,6,35,4,6,7,0.13314285714285715,0,1,1,2,0,0,0,0,0,0,0.1465234375
4025,éRñ{ó≤çK,1,69,54,4,3,0.1518840579710145,48,0,0,0,6,0,3,7,4,0,0.16693140794223826
4025,éRñ{ó≤çK,2,39,5,13,8,0.1782051282051282,0,1,4,0,0,0,0,0,0,22,0.16693140794223826
4025,éRñ{ó≤çK,3,47,6,12,11,0.16382978723404257,0,0,0,5,1,0,0,0,0,0,0.16693140794223826
4025,éRñ{ó≤çK,4,43,4,9,12,0.16069767441860466,0,0,0,2,1,1,0,0,0,0,0.16693140794223826
4025,éRñ{ó≤çK,5,37,2,4,8,0.17162162162162162,0,0,0,2,0,0,0,0,0,0,0.16693140794223826
4025,éRñ{ó≤çK,6,42,3,5,14,0.1869047619047619,0,0,1,2,0,0,0,0,0,0,0.16693140794223826
4026,è¨ó—êW,1,11,3,0,4,0.2127272727272727,3,0,0,0,0,0,3,3,2,0,0.203855421686747
4026,è¨ó—êW,2,17,2,2,2,0.19058823529411764,0,2,0,0,0,0,0,0,0,6,0.203855421686747
4026,è¨ó—êW,3,18,0,1,4,0.18166666666666667,0,0,0,0,0,0,0,0,0,0,0.203855421686747
4026,è¨ó—êW,4,13,2,3,2,0.18615384615384614,0,1,0,1,0,0,0,0,0,0,0.203855421686747
4026,è¨ó—êW,5,14,1,2,3,0.23785714285714285,0,0,0,1,0,0,0,0,0,0,0.203855421686747
4026,è¨ó—êW,6,10,0,2,0,0.23199999999999998,0,0,0,0,0,0,0,0,0,0,0.203855421686747
4027,èºç]èGìø,1,55,34,8,8,0.16781818181818184,32,0,0,0,2,0,2,10,7,0,0.16360902255639098
4027,èºç]èGìø,2,42,5,10,10,0.16666666666666666,0,2,3,0,0,0,0,0,0,24,0.16360902255639098
4027,èºç]èGìø,3,46,6,6,12,0.17456521739130434,0,0,2,4,0,0,0,0,0,0,0.16360902255639098
4027,èºç]èGìø,4,52,7,12,10,0.15423076923076923,0,0,4,3,0,0,0,0,0,0,0.16360902255639098
4027,èºç]èGìø,5,33,1,3,8,0.15515151515151515,0,0,0,1,0,0,0,0,0,0,0.16360902255639098
4027,èºç]èGìø,6,38,3,3,10,0.16105263157894736,0,1,0,1,1,0,0,0,0,0,0.16360902255639098
4028,ìcë∫ó≤êM,1,56,44,3,2,0.12839285714285714,42,0,0,0,2,0,4,7,0,0,0.15052631578947367
4028,ìcë∫ó≤êM,2,34,3,14,9,0.14676470588235294,0,3,0,0,0,0,0,0,0,20,0.15052631578947367
4028,ìcë∫ó≤êM,3,35,6,9,12,0.1277142857142857,0,0,2,2,2,0,0,0,0,0,0.15052631578947367
4028,ìcë∫ó≤êM,4,43,9,11,10,0.14883720930232558,0,1,4,3,1,0,0,0,0,0,0.15052631578947367
4028,ìcë∫ó≤êM,5,41,3,8,10,0.17609756097560975,0,0,0,2,1,0,0,0,0,0,0.15052631578947367
4028,ìcë∫ó≤êM,6,38,5,8,6,0.1818421052631579,0,0,0,5,0,0,0,0,0,0,0.15052631578947367
4030,êXçÇàÍê^,1,56,33,14,3,0.14142857142857143,28,0,0,0,4,1,9,5,8,0,0.1479259259259259
4030,êXçÇàÍê^,2,49,9,17,4,0.15306122448979592,0,3,5,0,1,0,0,0,0,23,0.1479259259259259
4030,êXçÇàÍê^,3,42,4,18,10,0.14833333333333334,0,0,1,2,1,0,0,0,0,0,0.1479259259259259
4030,êXçÇàÍê^,4,51,5,10,19,0.13215686274509805,0,2,1,1,1,0,0,0,0,0,0.1479259259259259
4030,êXçÇàÍê^,5,35,5,6,9,0.1482857142857143,0,0,1,2,1,1,0,0,0,0,0.1479259259259259
4030,êXçÇàÍê^,6,37,1,5,11,0.1718918918918919,0,0,0,1,0,0,0,0,0,0,0.1479259259259259
4031,î—ìáêΩ,1,24,11,4,2,0.15541666666666668,9,0,0,0,2,0,8,3,2,0,0.1604494382022472
4031,î—ìáêΩ,2,33,4,11,5,0.15878787878787878,0,2,1,0,1,0,0,0,0,17,0.1604494382022472
4031,î—ìáêΩ,3,32,2,4,5,0.1409375,0,0,1,1,0,0,0,0,0,0,0.1604494382022472
4031,î—ìáêΩ,4,33,3,6,12,0.16636363636363638,0,1,1,1,0,0,0,0,0,0,0.1604494382022472
4031,î—ìáêΩ,5,28,0,0,3,0.16142857142857145,0,0,0,0,0,0,0,0,0,0,0.1604494382022472
4031,î—ìáêΩ,6,28,1,0,1,0.18107142857142858,0,1,0,0,0,0,0,0,0,0,0.1604494382022472
4033,à…ì°è´ãg,1,58,46,6,4,0.11844827586206896,46,0,0,0,0,0,4,1,7,0,0.12000000000000001
4033,à…ì°è´ãg,2,51,15,12,8,0.12098039215686274,0,8,4,0,1,2,0,0,0,22,0.12000000000000001
4033,à…ì°è´ãg,3,50,10,13,8,0.1154,0,2,2,4,2,0,0,0,0,0,0.12000000000000001
4033,à…ì°è´ãg,4,47,10,8,13,0.12361702127659575,0,4,6,0,0,0,0,0,0,0,0.12000000000000001
4033,à…ì°è´ãg,5,43,7,6,5,0.12395348837209302,0,0,3,4,0,0,0,0,0,0,0.12000000000000001
4033,à…ì°è´ãg,6,42,3,4,10,0.11833333333333333,0,0,2,1,0,0,0,0,0,0,0.12000000000000001
4034,êºå¥ñæê∂,1,31,13,6,5,0.16193548387096776,12,0,0,0,1,0,9,1,3,0,0.19398058252427186
4034,êºå¥ñæê∂,2,33,1,5,8,0.1990909090909091,0,1,0,0,0,0,0,0,0,17,0.19398058252427186
4034,êºå¥ñæê∂,3,42,4,6,10,0.18166666666666667,0,0,2,2,0,0,0,0,0,0,0.19398058252427186
4034,êºå¥ñæê∂,4,33,1,3,4,0.21484848484848484,0,1,0,0,0,0,0,0,0,0,0.19398058252427186
4034,êºå¥ñæê∂,5,34,1,4,4,0.20705882352941177,0,0,1,0,0,0,0,0,0,0,0.19398058252427186
4034,êºå¥ñæê∂,6,33,0,1,3,0.20030303030303032,0,0,0,0,0,0,0,0,0,0,0.19398058252427186
4035,êôç]ç_ñæ,1,36,16,9,3,0.17944444444444443,15,0,0,0,1,0,6,8,5,0,0.19438735177865613
4035,êôç]ç_ñæ,2,48,10,8,3,0.18000000000000002,1,4,5,0,0,0,0,0,0,17,0.19438735177865613
4035,êôç]ç_ñæ,3,46,7,7,10,0.19391304347826085,0,1,2,4,0,0,0,0,0,0,0.19438735177865613
4035,êôç]ç_ñæ,4,38,7,6,3,0.19631578947368422,0,2,1,4,0,0,0,0,0,0,0.19438735177865613
4035,êôç]ç_ñæ,5,47,2,2,3,0.19851063829787235,0,0,0,2,0,0,0,0,0,0,0.19438735177865613
4035,êôç]ç_ñæ,6,38,0,0,6,0.22026315789473683,0,0,0,0,0,0,0,0,0,0,0.19438735177865613
4036,ã‡ìcó@,1,44,36,4,0,0.1415909090909091,35,0,0,0,1,0,2,4,2,0,0.17052401746724893
4036,ã‡ìcó@,2,36,10,11,6,0.16861111111111113,0,5,3,0,2,0,0,0,0,10,0.17052401746724893
4036,ã‡ìcó@,3,36,7,11,7,0.17472222222222222,0,1,5,1,0,0,0,0,0,0,0.17052401746724893
4036,ã‡ìcó@,4,37,9,6,3,0.17783783783783785,0,0,7,0,2,0,0,0,0,0,0.17052401746724893
4036,ã‡ìcó@,5,32,3,9,5,0.1734375,0,0,2,1,0,0,0,0,0,0,0.17052401746724893
4036,ã‡ìcó@,6,44,2,6,11,0.18931818181818183,0,0,0,2,0,0,0,0,0,0,0.17052401746724893
4037,ï ï{ê≥çK,1,35,21,9,3,0.1542857142857143,19,0,1,0,1,0,10,1,1,0,0.17468599033816426
4037,ï ï{ê≥çK,2,38,2,10,8,0.18210526315789474,0,1,1,0,0,0,0,0,0,21,0.17468599033816426
4037,ï ï{ê≥çK,3,36,9,5,6,0.1761111111111111,0,1,6,2,0,0,0,0,0,0,0.17468599033816426
4037,ï ï{ê≥çK,4,36,0,2,9,0.17083333333333334,0,0,0,0,0,0,0,0,0,0,0.17468599033816426
4037,ï ï{ê≥çK,5,31,4,4,5,0.17580645161290323,0,0,1,3,0,0,0,0,0,0,0.17468599033816426
4037,ï ï{ê≥çK,6,31,2,4,6,0.1903225806451613,0,0,0,2,0,0,0,0,0,0,0.17468599033816426
4038,ìcíÜåíëæòY,1,7,1,1,1,0.20857142857142857,1,0,0,0,0,0,0,3,2,0,0.17279069767441863
4038,ìcíÜåíëæòY,2,7,0,1,1,0.13428571428571429,0,0,0,0,0,0,0,0,0,4,0.17279069767441863
4038,ìcíÜåíëæòY,3,7,0,0,1,0.16714285714285712,0,0,0,0,0,0,0,0,0,0,0.17279069767441863
4038,ìcíÜåíëæòY,4,8,2,0,0,0.18125000000000002,0,0,2,0,0,0,0,0,0,0,0.17279069767441863
4038,ìcíÜåíëæòY,5,6,0,0,0,0.15833333333333335,0,0,0,0,0,0,0,0,0,0,0.17279069767441863
4038,ìcíÜåíëæòY,6,8,0,0,1,0.1825,0,0,0,0,0,0,0,0,0,0,0.17279069767441863
4039,ë∫è„å˜óS,1,41,22,10,4,0.15000000000000002,21,0,0,0,1,0,7,4,4,0,0.13950617283950617
4039,ë∫è„å˜óS,2,52,5,17,13,0.1478846153846154,0,4,1,0,0,0,0,0,0,37,0.13950617283950617
4039,ë∫è„å˜óS,3,36,4,11,8,0.15055555555555555,0,1,1,0,1,1,0,0,0,0,0.13950617283950617
4039,ë∫è„å˜óS,4,32,6,5,7,0.11625,0,0,4,2,0,0,0,0,0,0,0.13950617283950617
4039,ë∫è„å˜óS,5,43,7,6,8,0.12534883720930232,0,0,0,6,0,1,0,0,0,0,0.13950617283950617
4039,ë∫è„å˜óS,6,39,3,3,3,0.1417948717948718,0,0,0,3,0,0,0,0,0,0,0.13950617283950617
4040,úAê£è´ãú,1,45,33,6,2,0.11711111111111112,33,0,0,0,0,0,2,4,4,0,0.12091286307053942
4040,úAê£è´ãú,2,40,7,10,7,0.122,1,5,1,0,0,0,0,0,0,25,0.12091286307053942
4040,úAê£è´ãú,3,41,7,12,5,0.12585365853658537,0,0,1,6,0,0,0,0,0,0,0.12091286307053942
4040,úAê£è´ãú,4,37,4,9,6,0.13486486486486488,0,0,3,0,1,0,0,0,0,0,0.12091286307053942
4040,úAê£è´ãú,5,37,3,3,8,0.11864864864864864,0,0,1,2,0,0,0,0,0,0,0.12091286307053942
4040,úAê£è´ãú,6,41,2,6,5,0.10853658536585366,0,0,2,0,0,0,0,0,0,0,0.12091286307053942
4041,è¨ó—äÓé˜,1,33,18,9,2,0.17484848484848484,18,0,0,0,0,0,4,2,8,0,0.2018220338983051
4041,è¨ó—äÓé˜,2,47,10,9,6,0.18595744680851065,0,9,1,0,0,0,0,0,0,20,0.2018220338983051
4041,è¨ó—äÓé˜,3,40,3,7,5,0.18625,0,0,1,2,0,0,0,0,0,0,0.2018220338983051
4041,è¨ó—äÓé˜,4,39,2,3,9,0.22230769230769232,0,0,1,1,0,0,0,0,0,0,0.2018220338983051
4041,è¨ó—äÓé˜,5,42,2,2,5,0.21071428571428572,0,1,0,1,0,0,0,0,0,0,0.2018220338983051
4041,è¨ó—äÓé˜,6,35,0,3,5,0.23285714285714287,0,0,0,0,0,0,0,0,0,0,0.2018220338983051
4042,ä€â™ê≥ìT,1,65,52,5,1,0.1353846153846154,50,0,0,0,2,0,2,8,1,0,0.15455516014234874
4042,ä€â™ê≥ìT,2,42,12,14,9,0.1473809523809524,0,9,1,0,2,0,0,0,0,19,0.15455516014234874
4042,ä€â™ê≥ìT,3,43,12,17,4,0.14906976744186046,0,0,1,9,2,0,0,0,0,0,0.15455516014234874
4042,ä€â™ê≥ìT,4,48,10,11,11,0.16395833333333334,0,1,3,5,1,0,0,0,0,0,0.15455516014234874
4042,ä€â™ê≥ìT,5,42,7,4,10,0.17452380952380953,0,1,0,5,1,0,0,0,0,0,0.15455516014234874
4042,ä€â™ê≥ìT,6,41,1,4,11,0.16658536585365855,0,0,0,1,0,0,0,0,0,0,0.15455516014234874
4043,ãÀñ{çNêb,1,48,35,5,1,0.16458333333333333,33,0,0,0,2,0,1,4,5,0,0.15445783132530122
4043,ãÀñ{çNêb,2,44,12,10,10,0.14,0,7,3,0,2,0,0,0,0,20,0.15445783132530122
4043,ãÀñ{çNêb,3,45,9,12,9,0.15155555555555555,0,0,2,4,3,0,0,0,0,0,0.15445783132530122
4043,ãÀñ{çNêb,4,38,7,6,11,0.1276315789473684,0,1,5,0,1,0,0,0,0,0,0.15445783132530122
4043,ãÀñ{çNêb,5,34,2,8,6,0.15911764705882353,0,0,0,2,0,0,0,0,0,0,0.15445783132530122
4043,ãÀñ{çNêb,6,40,0,7,11,0.183,0,0,0,0,0,0,0,0,0,0,0.15445783132530122
4044,ìíêÏç_éi,1,46,30,9,2,0.13956521739130434,30,0,0,0,0,0,4,4,6,0,0.14254464285714286
4044,ìíêÏç_éi,2,34,4,12,10,0.15205882352941177,1,2,1,0,0,0,0,0,0,25,0.14254464285714286
4044,ìíêÏç_éi,3,35,5,8,10,0.13685714285714287,0,0,2,3,0,0,0,0,0,0,0.14254464285714286
4044,ìíêÏç_éi,4,40,5,6,10,0.13625,0,0,2,3,0,0,0,0,0,0,0.14254464285714286
4044,ìíêÏç_éi,5,32,3,5,5,0.12375,0,1,0,2,0,0,0,0,0,0,0.14254464285714286
4044,ìíêÏç_éi,6,37,4,2,7,0.16594594594594594,0,1,2,1,0,0,0,0,0,0,0.14254464285714286
4045,ç≤ÅXñÿóTî¸,1,40,25,6,4,0.16675,24,0,0,0,1,0,6,5,3,0,0.16137254901960785
4045,ç≤ÅXñÿóTî¸,2,38,7,12,6,0.15368421052631578,0,6,1,0,0,0,0,0,0,16,0.16137254901960785
4045,ç≤ÅXñÿóTî¸,3,30,5,7,3,0.14966666666666667,0,1,2,0,1,1,0,0,0,0,0.16137254901960785
4045,ç≤ÅXñÿóTî¸,4,34,4,7,5,0.15058823529411766,0,0,2,1,1,0,0,0,0,0,0.16137254901960785
4045,ç≤ÅXñÿóTî¸,5,31,0,1,6,0.15903225806451612,0,0,0,0,0,0,0,0,0,0,0.16137254901960785
4045,ç≤ÅXñÿóTî¸,6,31,0,0,2,0.18935483870967743,0,0,0,0,0,0,0,0,0,0,0.16137254901960785
4046,íJë∫å[éi,1,26,9,4,4,0.2,8,0,0,0,1,0,5,6,2,0,0.18303191489361703
4046,íJë∫å[éi,2,34,3,4,4,0.18058823529411763,0,1,1,0,1,0,0,0,0,17,0.18303191489361703
4046,íJë∫å[éi,3,33,2,4,4,0.19151515151515153,0,0,1,0,1,0,0,0,0,0,0.18303191489361703
4046,íJë∫å[éi,4,30,3,1,3,0.159,0,1,2,0,0,0,0,0,0,0,0.18303191489361703
4046,íJë∫å[éi,5,35,3,3,7,0.18771428571428572,0,0,1,2,0,0,0,0,0,0,0.18303191489361703
4046,íJë∫å[éi,6,30,0,1,5,0.18033333333333335,0,0,0,0,0,0,0,0,0,0,0.18303191489361703
4047,ãgâiç_ë•,1,38,17,8,3,0.1386842105263158,17,0,0,0,0,0,7,3,8,0,0.16702702702702701
4047,ãgâiç_ë•,2,48,3,5,12,0.17500000000000002,0,2,0,0,1,0,0,0,0,27,0.16702702702702701
4047,ãgâiç_ë•,3,41,3,8,8,0.17463414634146343,0,2,0,1,0,0,0,0,0,0,0.16702702702702701
4047,ãgâiç_ë•,4,46,1,7,8,0.14847826086956523,0,0,0,1,0,0,0,0,0,0,0.16702702702702701
4047,ãgâiç_ë•,5,45,2,5,4,0.16266666666666668,0,1,0,1,0,0,0,0,0,0,0.16702702702702701
4047,ãgâiç_ë•,6,41,0,3,7,0.2019512195121951,0,0,0,0,0,0,0,0,0,0,0.16702702702702701
4049,çrêÏåíëæ,1,53,33,13,2,0.16547169811320753,32,0,0,0,1,0,4,8,6,0,0.17636363636363636
4049,çrêÏåíëæ,2,42,9,14,8,0.1669047619047619,0,7,2,0,0,0,0,0,0,19,0.17636363636363636
4049,çrêÏåíëæ,3,52,9,14,13,0.1571153846153846,0,1,2,5,1,0,0,0,0,0,0.17636363636363636
4049,çrêÏåíëæ,4,46,4,12,9,0.17673913043478262,0,0,0,4,0,0,0,0,0,0,0.17636363636363636
4049,çrêÏåíëæ,5,37,6,2,10,0.1954054054054054,0,2,1,3,0,0,0,0,0,0,0.17636363636363636
4049,çrêÏåíëæ,6,34,0,3,6,0.21323529411764705,0,0,0,0,0,0,0,0,0,0,0.17636363636363636
4050,ìcå˚êﬂéq,1,83,70,4,4,0.12734939759036146,69,0,0,0,1,0,6,4,2,0,0.144
4050,ìcå˚êﬂéq,2,42,22,10,6,0.1457142857142857,1,8,12,0,0,1,0,0,0,15,0.144
4050,ìcå˚êﬂéq,3,45,14,12,5,0.13133333333333333,0,4,5,4,1,0,0,0,0,0,0.144
4050,ìcå˚êﬂéq,4,39,12,11,4,0.14384615384615385,0,2,8,1,1,0,0,0,0,0,0.144
4050,ìcå˚êﬂéq,5,34,7,7,8,0.16441176470588234,0,2,3,2,0,0,0,0,0,0,0.144
4050,ìcå˚êﬂéq,6,37,4,11,8,0.1762162162162162,0,1,3,0,0,0,0,0,0,0,0.144
4051,ê¥êÖì÷äˆ,1,45,31,6,2,0.1366666666666667,30,0,0,0,1,0,2,8,3,0,0.17323863636363637
4051,ê¥êÖì÷äˆ,2,22,7,6,4,0.16545454545454547,0,4,1,0,2,0,0,0,0,9,0.17323863636363637
4051,ê¥êÖì÷äˆ,3,30,4,8,9,0.20666666666666667,0,0,1,2,1,0,0,0,0,0,0.17323863636363637
4051,ê¥êÖì÷äˆ,4,29,5,4,9,0.15793103448275864,0,0,3,1,1,0,0,0,0,0,0.17323863636363637
4051,ê¥êÖì÷äˆ,5,24,5,3,5,0.1875,0,0,1,4,0,0,0,0,0,0,0.17323863636363637
4051,ê¥êÖì÷äˆ,6,26,2,5,9,0.20846153846153845,0,0,0,1,1,0,0,0,0,0,0.17323863636363637
4052,ãªí√óï,1,51,33,8,3,0.14745098039215687,30,0,1,0,2,0,8,5,3,0,0.16299180327868854
4052,ãªí√óï,2,34,7,8,8,0.1326470588235294,0,4,3,0,0,0,0,0,0,14,0.16299180327868854
4052,ãªí√óï,3,43,6,11,7,0.15674418604651164,0,0,0,5,1,0,0,0,0,0,0.16299180327868854
4052,ãªí√óï,4,39,5,7,6,0.17871794871794874,0,0,1,3,1,0,0,0,0,0,0.16299180327868854
4052,ãªí√óï,5,39,4,8,6,0.1853846153846154,0,0,0,3,0,1,0,0,0,0,0.16299180327868854
4052,ãªí√óï,6,38,2,2,6,0.17894736842105263,0,0,0,2,0,0,0,0,0,0,0.16299180327868854
4053,à∞‡Vñ],1,24,14,7,2,0.14958333333333332,12,0,0,0,2,0,4,1,4,0,0.15006666666666668
4053,à∞‡Vñ],2,28,2,10,4,0.14892857142857144,0,1,0,0,1,0,0,0,0,19,0.15006666666666668
4053,à∞‡Vñ],3,26,7,7,6,0.1526923076923077,0,1,2,3,0,1,0,0,0,0,0.15006666666666668
4053,à∞‡Vñ],4,29,2,11,6,0.1510344827586207,0,1,1,0,0,0,0,0,0,0,0.15006666666666668
4053,à∞‡Vñ],5,22,2,7,5,0.13636363636363635,0,0,0,2,0,0,0,0,0,0,0.15006666666666668
4053,à∞‡Vñ],6,21,1,1,11,0.1619047619047619,0,1,0,0,0,0,0,0,0,0,0.15006666666666668
4054,ïüìàíqîV,1,26,8,6,3,0.16038461538461538,8,0,0,0,0,0,9,4,5,0,0.170609756097561
4054,ïüìàíqîV,2,26,3,3,8,0.175,0,3,0,0,0,0,0,0,0,18,0.170609756097561
4054,ïüìàíqîV,3,25,2,5,2,0.1736,0,0,2,0,0,0,0,0,0,0,0.170609756097561
4054,ïüìàíqîV,4,22,2,4,4,0.17681818181818182,0,2,0,0,0,0,0,0,0,0,0.170609756097561
4054,ïüìàíqîV,5,30,2,1,4,0.15733333333333333,0,0,1,1,0,0,0,0,0,0,0.170609756097561
4054,ïüìàíqîV,6,35,0,4,0,0.1802857142857143,0,0,0,0,0,0,0,0,0,0,0.170609756097561
4055,ãgìcèrïF,1,60,39,10,6,0.15266666666666667,38,0,0,0,1,0,7,5,5,0,0.15312056737588653
4055,ãgìcèrïF,2,47,5,19,10,0.15553191489361703,0,5,0,0,0,0,0,0,0,30,0.15312056737588653
4055,ãgìcèrïF,3,48,8,14,11,0.15104166666666666,0,2,2,3,1,0,0,0,0,0,0.15312056737588653
4055,ãgìcèrïF,4,53,9,17,10,0.15075471698113208,0,3,1,5,0,0,0,0,0,0,0.15312056737588653
4055,ãgìcèrïF,5,37,3,8,7,0.16162162162162164,0,0,0,3,0,0,0,0,0,0,0.15312056737588653
4055,ãgìcèrïF,6,37,3,5,5,0.1483783783783784,0,0,0,2,0,1,0,0,0,0,0.15312056737588653
4056,è¨êºâpãP,1,29,13,5,5,0.14379310344827587,13,0,0,0,0,0,6,5,4,0,0.16754901960784313
4056,è¨êºâpãP,2,36,1,13,10,0.1588888888888889,0,1,0,0,0,0,0,0,0,26,0.16754901960784313
4056,è¨êºâpãP,3,38,2,8,7,0.17026315789473684,0,0,1,1,0,0,0,0,0,0,0.16754901960784313
4056,è¨êºâpãP,4,29,2,3,7,0.16724137931034483,0,0,1,1,0,0,0,0,0,0,0.16754901960784313
4056,è¨êºâpãP,5,36,0,5,6,0.17027777777777778,0,0,0,0,0,0,0,0,0,0,0.16754901960784313
4056,è¨êºâpãP,6,36,0,0,9,0.19,0,0,0,0,0,0,0,0,0,0,0.16754901960784313
4057,èºà‰å´é°,1,56,35,9,7,0.14839285714285716,34,0,0,0,1,0,6,8,6,0,0.16306859205776175
4057,èºà‰å´é°,2,46,5,17,7,0.17326086956521738,0,3,2,0,0,0,0,0,0,27,0.16306859205776175
4057,èºà‰å´é°,3,50,5,14,14,0.1514,0,0,4,0,1,0,0,0,0,0,0.16306859205776175
4057,èºà‰å´é°,4,40,3,7,9,0.16775,0,0,3,0,0,0,0,0,0,0,0.16306859205776175
4057,èºà‰å´é°,5,39,2,3,9,0.17051282051282052,0,0,0,1,1,0,0,0,0,0,0.16306859205776175
4057,èºà‰å´é°,6,46,0,4,8,0.17304347826086958,0,0,0,0,0,0,0,0,0,0,0.16306859205776175
4058,ñÏññíqàÍ,1,48,18,16,7,0.1575,18,0,0,0,0,0,10,7,5,0,0.17790262172284643
4058,ñÏññíqàÍ,2,44,3,9,11,0.16522727272727275,0,3,0,0,0,0,0,0,0,26,0.17790262172284643
4058,ñÏññíqàÍ,3,47,1,10,17,0.1523404255319149,0,0,1,0,0,0,0,0,0,0,0.17790262172284643
4058,ñÏññíqàÍ,4,46,2,6,12,0.18934782608695655,0,1,0,1,0,0,0,0,0,0,0.17790262172284643
4058,ñÏññíqàÍ,5,38,4,6,9,0.19342105263157897,0,0,0,3,1,0,0,0,0,0,0.17790262172284643
4058,ñÏññíqàÍ,6,44,1,3,3,0.21477272727272725,0,0,0,0,1,0,0,0,0,0,0.17790262172284643
4059,ì¸‡VóFé°,1,28,10,4,0,0.21107142857142858,9,0,0,0,1,0,4,8,6,0,0.15931707317073174
4059,ì¸‡VóFé°,2,35,5,10,3,0.14885714285714285,0,3,2,0,0,0,0,0,0,21,0.15931707317073174
4059,ì¸‡VóFé°,3,39,7,5,4,0.14666666666666667,0,0,2,5,0,0,0,0,0,0,0.15931707317073174
4059,ì¸‡VóFé°,4,41,7,10,4,0.13609756097560977,0,1,5,1,0,0,0,0,0,0,0.15931707317073174
4059,ì¸‡VóFé°,5,36,1,6,8,0.13777777777777778,0,0,0,1,0,0,0,0,0,0,0.15931707317073174
4059,ì¸‡VóFé°,6,26,1,5,3,0.2030769230769231,0,0,1,0,0,0,0,0,0,0,0.15931707317073174
4060,ìáìcàÍê∂,1,39,24,9,2,0.14128205128205126,21,0,0,0,3,0,6,3,4,0,0.1666822429906542
4060,ìáìcàÍê∂,2,36,11,7,3,0.15388888888888888,1,9,1,0,0,0,0,0,0,14,0.1666822429906542
4060,ìáìcàÍê∂,3,30,2,6,7,0.165,0,0,1,1,0,0,0,0,0,0,0.1666822429906542
4060,ìáìcàÍê∂,4,38,2,4,8,0.18210526315789474,0,0,0,0,2,0,0,0,0,0,0.1666822429906542
4060,ìáìcàÍê∂,5,38,2,0,9,0.1713157894736842,0,0,0,2,0,0,0,0,0,0,0.1666822429906542
4060,ìáìcàÍê∂,6,33,0,2,9,0.1890909090909091,0,0,0,0,0,0,0,0,0,0,0.1666822429906542
4061,îãå¥èGêl,1,59,41,6,4,0.14508474576271188,41,0,0,0,0,0,4,8,4,0,0.14363636363636365
4061,îãå¥èGêl,2,51,19,15,6,0.14235294117647057,0,14,4,0,1,0,0,0,0,23,0.14363636363636365
4061,îãå¥èGêl,3,43,12,13,5,0.16,0,1,6,4,1,0,0,0,0,0,0.14363636363636365
4061,îãå¥èGêl,4,39,9,8,5,0.13743589743589743,0,3,2,3,1,0,0,0,0,0,0.14363636363636365
4061,îãå¥èGêl,5,41,4,7,9,0.14341463414634145,0,1,1,2,0,0,0,0,0,0,0.14363636363636365
4061,îãå¥èGêl,6,42,7,9,7,0.1323809523809524,0,1,1,5,0,0,0,0,0,0,0.14363636363636365
4062,å„ì°ózâÓ,1,39,15,11,6,0.16256410256410256,15,0,0,0,0,0,4,6,9,0,0.17978070175438599
4062,å„ì°ózâÓ,2,38,6,7,10,0.16342105263157894,0,3,3,0,0,0,0,0,0,26,0.17978070175438599
4062,å„ì°ózâÓ,3,40,6,6,9,0.178,0,2,2,2,0,0,0,0,0,0,0.17978070175438599
4062,å„ì°ózâÓ,4,44,4,6,8,0.18500000000000003,0,1,3,0,0,0,0,0,0,0,0.17978070175438599
4062,å„ì°ózâÓ,5,38,3,1,6,0.1892105263157895,0,0,2,1,0,0,0,0,0,0,0.17978070175438599
4062,å„ì°ózâÓ,6,29,1,0,3,0.20655172413793105,0,0,0,0,1,0,0,0,0,0,0.17978070175438599
4063,ésã¥ëÏém,1,69,57,5,4,0.11637681159420289,54,0,0,0,3,0,2,5,3,0,0.13127388535031848
4063,ésã¥ëÏém,2,47,7,17,7,0.1423404255319149,0,5,1,0,1,0,0,0,0,22,0.13127388535031848
4063,ésã¥ëÏém,3,51,6,16,13,0.12549019607843137,0,1,3,1,1,0,0,0,0,0,0.13127388535031848
4063,ésã¥ëÏém,4,53,7,14,15,0.12358490566037736,0,0,4,1,1,1,0,0,0,0,0.13127388535031848
4063,ésã¥ëÏém,5,50,2,6,13,0.138,0,0,0,2,0,0,0,0,0,0,0.13127388535031848
4063,ésã¥ëÏém,6,44,1,8,7,0.15113636363636365,0,0,0,0,1,0,0,0,0,0,0.13127388535031848
4064,å¥ìcìƒéu,1,60,47,9,1,0.15216666666666667,47,0,0,0,0,0,4,4,4,0,0.16368627450980394
4064,å¥ìcìƒéu,2,41,10,16,8,0.15073170731707317,0,9,0,0,1,0,0,0,0,21,0.16368627450980394
4064,å¥ìcìƒéu,3,48,13,11,12,0.16229166666666667,0,3,4,4,2,0,0,0,0,0,0.16368627450980394
4064,å¥ìcìƒéu,4,43,2,8,14,0.176046511627907,0,2,0,0,0,0,0,0,0,0,0.16368627450980394
4064,å¥ìcìƒéu,5,32,4,6,5,0.16,0,0,1,2,1,0,0,0,0,0,0.16368627450980394
4064,å¥ìcìƒéu,6,31,0,5,8,0.19193548387096776,0,0,0,0,0,0,0,0,0,0,0.16368627450980394
4065,ã‡ìcçKéq,1,55,38,7,3,0.16236363636363635,38,0,0,0,0,0,4,8,4,0,0.17782608695652175
4065,ã‡ìcçKéq,2,53,11,20,9,0.17037735849056604,1,6,4,0,0,0,0,0,0,24,0.17782608695652175
4065,ã‡ìcçKéq,3,47,8,12,11,0.16829787234042554,0,0,5,3,0,0,0,0,0,0,0.17782608695652175
4065,ã‡ìcçKéq,4,42,2,12,9,0.18452380952380953,0,0,1,1,0,0,0,0,0,0,0.17782608695652175
4065,ã‡ìcçKéq,5,43,3,3,10,0.19697674418604652,0,0,0,3,0,0,0,0,0,0,0.17782608695652175
4065,ã‡ìcçKéq,6,36,2,6,6,0.19416666666666668,0,0,1,1,0,0,0,0,0,0,0.17782608695652175
4066,ìåñ{èüóò,1,52,37,6,2,0.12211538461538461,34,0,0,0,3,0,2,5,6,0,0.1577573529411765
4066,ìåñ{èüóò,2,50,7,14,10,0.1812,0,0,3,1,3,0,0,0,0,30,0.1577573529411765
4066,ìåñ{èüóò,3,41,6,12,10,0.16609756097560974,0,2,2,1,1,0,0,0,0,0,0.1577573529411765
4066,ìåñ{èüóò,4,42,9,6,8,0.15785714285714286,0,1,7,0,1,0,0,0,0,0,0.1577573529411765
4066,ìåñ{èüóò,5,41,5,10,8,0.1641463414634146,0,0,2,3,0,0,0,0,0,0,0.1577573529411765
4066,ìåñ{èüóò,6,46,3,7,11,0.15934782608695652,0,0,0,2,1,0,0,0,0,0,0.1577573529411765
4067,âià‰åπ,1,58,38,9,4,0.1860344827586207,37,0,0,0,1,0,4,5,8,0,0.18598513011152418
4067,âià‰åπ,2,46,8,9,12,0.20108695652173914,0,7,0,0,1,0,0,0,0,15,0.18598513011152418
4067,âià‰åπ,3,44,5,18,9,0.1784090909090909,0,0,2,3,0,0,0,0,0,0,0.18598513011152418
4067,âià‰åπ,4,45,3,14,14,0.18044444444444444,0,0,1,2,0,0,0,0,0,0,0.18598513011152418
4067,âià‰åπ,5,38,2,11,7,0.1813157894736842,0,0,0,2,0,0,0,0,0,0,0.18598513011152418
4067,âià‰åπ,6,38,2,8,7,0.18763157894736843,0,1,0,1,0,0,0,0,0,0,0.18598513011152418
4068,çKìcíqóT,1,37,15,9,6,0.15135135135135133,12,0,0,0,3,0,6,4,9,0,0.15608108108108107
4068,çKìcíqóT,2,39,4,18,3,0.1723076923076923,0,1,2,0,0,1,0,0,0,21,0.15608108108108107
4068,çKìcíqóT,3,36,3,8,9,0.1522222222222222,0,0,1,1,0,1,0,0,0,0,0.15608108108108107
4068,çKìcíqóT,4,37,3,1,12,0.15513513513513513,0,1,0,2,0,0,0,0,0,0,0.15608108108108107
4068,çKìcíqóT,5,36,0,2,4,0.15083333333333332,0,0,0,0,0,0,0,0,0,0,0.15608108108108107
4068,çKìcíqóT,6,37,2,2,5,0.1535135135135135,0,0,0,2,0,0,0,0,0,0,0.15608108108108107
4069,éRñ{èCàÍ,1,52,34,11,3,0.1301923076923077,32,0,0,1,1,0,3,7,7,0,0.1605769230769231
4069,éRñ{èCàÍ,2,40,9,10,10,0.13625,0,7,1,0,1,0,0,0,0,18,0.1605769230769231
4069,éRñ{èCàÍ,3,45,6,9,10,0.1488888888888889,0,1,2,2,1,0,0,0,0,0,0.1605769230769231
4069,éRñ{èCàÍ,4,48,4,12,14,0.18020833333333333,0,2,1,1,0,0,0,0,0,0,0.1605769230769231
4069,éRñ{èCàÍ,5,37,3,5,11,0.1864864864864865,0,2,0,1,0,0,0,0,0,0,0.1605769230769231
4069,éRñ{èCàÍ,6,38,1,6,6,0.19157894736842107,0,0,0,1,0,0,0,0,0,0,0.1605769230769231
4070,íÜë∫ó∫ëæ,1,18,9,5,2,0.16555555555555557,8,0,1,0,0,0,1,4,3,0,0.1507070707070707
4070,íÜë∫ó∫ëæ,2,16,4,2,4,0.161875,0,4,0,0,0,0,0,0,0,9,0.1507070707070707
4070,íÜë∫ó∫ëæ,3,17,4,3,4,0.15117647058823527,0,2,0,2,0,0,0,0,0,0,0.1507070707070707
4070,íÜë∫ó∫ëæ,4,18,3,6,3,0.13666666666666666,0,0,0,3,0,0,0,0,0,0,0.1507070707070707
4070,íÜë∫ó∫ëæ,5,16,4,5,3,0.14375,0,0,0,3,1,0,0,0,0,0,0.1507070707070707
4070,íÜë∫ó∫ëæ,6,14,3,2,5,0.1442857142857143,0,0,0,1,2,0,0,0,0,0,0.1507070707070707
4071,å√âÍêÁèª,1,31,16,4,4,0.16193548387096773,16,0,0,0,0,0,3,9,1,0,0.16651006711409394
4071,å√âÍêÁèª,2,27,6,5,2,0.1725925925925926,0,5,1,0,0,0,0,0,0,13,0.16651006711409394
4071,å√âÍêÁèª,3,23,4,7,3,0.16,0,1,2,1,0,0,0,0,0,0,0.16651006711409394
4071,å√âÍêÁèª,4,27,4,3,4,0.15555555555555556,0,0,1,1,2,0,0,0,0,0,0.16651006711409394
4071,å√âÍêÁèª,5,20,2,4,5,0.1655,0,0,0,2,0,0,0,0,0,0,0.16651006711409394
4071,å√âÍêÁèª,6,21,1,1,2,0.18761904761904763,0,0,0,1,0,0,0,0,0,0,0.16651006711409394
4072,êXâiè~,1,48,37,8,1,0.13041666666666665,36,0,0,0,0,1,3,2,4,0,0.13739336492890997
4072,êXâiè~,2,36,7,12,4,0.13583333333333333,0,4,3,0,0,0,0,0,0,18,0.13739336492890997
4072,êXâiè~,3,34,6,11,5,0.1252941176470588,0,2,2,2,0,0,0,0,0,0,0.13739336492890997
4072,êXâiè~,4,34,9,8,6,0.14764705882352944,0,1,4,3,1,0,0,0,0,0,0.13739336492890997
4072,êXâiè~,5,31,1,6,9,0.15419354838709678,0,0,0,1,0,0,0,0,0,0,0.13739336492890997
4072,êXâiè~,6,28,2,3,3,0.135,0,0,0,2,0,0,0,0,0,0,0.13739336492890997
4073,ëÂã¥èÉàÍòY,1,49,35,9,1,0.13163265306122449,32,0,0,0,3,0,4,2,6,0,0.16199233716475095
4073,ëÂã¥èÉàÍòY,2,41,6,12,12,0.17146341463414635,0,4,1,0,1,0,0,0,0,18,0.16199233716475095
4073,ëÂã¥èÉàÍòY,3,46,8,11,10,0.15586956521739131,0,0,2,2,4,0,0,0,0,0,0.16199233716475095
4073,ëÂã¥èÉàÍòY,4,49,7,13,6,0.16979591836734695,0,0,2,5,0,0,0,0,0,0,0.16199233716475095
4073,ëÂã¥èÉàÍòY,5,37,1,7,13,0.17324324324324325,0,0,0,1,0,0,0,0,0,0,0.16199233716475095
4073,ëÂã¥èÉàÍòY,6,39,0,3,14,0.17692307692307693,0,0,0,0,0,0,0,0,0,0,0.16199233716475095
4074,ñˆëÚàÍ,1,65,52,5,4,0.11492307692307692,51,0,0,0,1,0,2,5,5,0,0.12738351254480287
4074,ñˆëÚàÍ,2,39,7,13,6,0.12948717948717947,0,4,3,0,0,0,0,0,0,19,0.12738351254480287
4074,ñˆëÚàÍ,3,46,8,10,10,0.13152173913043477,0,1,2,3,2,0,0,0,0,0,0.12738351254480287
4074,ñˆëÚàÍ,4,48,7,11,12,0.13416666666666668,0,2,2,0,2,1,0,0,0,0,0.12738351254480287
4074,ñˆëÚàÍ,5,41,6,4,9,0.1351219512195122,0,0,2,3,1,0,0,0,0,0,0.12738351254480287
4074,ñˆëÚàÍ,6,40,2,8,9,0.12475,0,0,0,1,1,0,0,0,0,0,0.12738351254480287
4075,íÜñÏéüòY,1,58,43,5,4,0.10879310344827588,42,0,0,0,1,0,5,5,4,0,0.12893700787401574
4075,íÜñÏéüòY,2,37,9,13,6,0.13702702702702704,0,8,1,0,0,0,0,0,0,21,0.12893700787401574
4075,íÜñÏéüòY,3,41,12,4,15,0.12609756097560976,0,2,5,4,1,0,0,0,0,0,0.12893700787401574
4075,íÜñÏéüòY,4,45,12,9,11,0.12466666666666668,0,5,3,3,1,0,0,0,0,0,0.12893700787401574
4075,íÜñÏéüòY,5,31,3,5,11,0.14225806451612905,0,0,1,2,0,0,0,0,0,0,0.12893700787401574
4075,íÜñÏéüòY,6,42,5,2,14,0.14714285714285713,0,2,0,3,0,0,0,0,0,0,0.12893700787401574
4076,êôìcìƒåı,1,52,27,8,9,0.17903846153846154,25,0,0,0,1,1,6,13,4,0,0.18443548387096775
4076,êôìcìƒåı,2,40,10,11,3,0.176,1,2,4,0,3,0,0,0,0,13,0.18443548387096775
4076,êôìcìƒåı,3,40,5,10,13,0.1685,0,1,4,0,0,0,0,0,0,0,0.18443548387096775
4076,êôìcìƒåı,4,41,4,2,14,0.20365853658536584,0,1,2,1,0,0,0,0,0,0,0.18443548387096775
4076,êôìcìƒåı,5,38,2,6,8,0.17578947368421055,0,0,0,2,0,0,0,0,0,0,0.18443548387096775
4076,êôìcìƒåı,6,37,0,0,8,0.20594594594594595,0,0,0,0,0,0,0,0,0,0,0.18443548387096775
4077,ïiìcíºé˜,1,38,9,11,9,0.16763157894736844,8,0,0,0,1,0,11,10,6,0,0.18539130434782608
4077,ïiìcíºé˜,2,44,3,9,10,0.17704545454545453,0,3,0,0,0,0,0,0,0,25,0.18539130434782608
4077,ïiìcíºé˜,3,37,5,9,6,0.17702702702702702,0,0,3,1,0,1,0,0,0,0,0.18539130434782608
4077,ïiìcíºé˜,4,41,1,5,11,0.19170731707317074,0,1,0,0,0,0,0,0,0,0,0.18539130434782608
4077,ïiìcíºé˜,5,36,2,0,3,0.18666666666666665,0,0,1,0,0,1,0,0,0,0,0.18539130434782608
4077,ïiìcíºé˜,6,34,1,1,5,0.2161764705882353,0,1,0,0,0,0,0,0,0,0,0.18539130434782608
4078,ìnï”éjîV,1,32,15,5,2,0.169375,13,0,0,0,2,0,6,6,3,0,0.18685185185185185
4078,ìnï”éjîV,2,42,6,3,3,0.17166666666666666,0,1,5,0,0,0,0,0,0,22,0.18685185185185185
4078,ìnï”éjîV,3,38,4,4,9,0.1773684210526316,0,0,4,0,0,0,0,0,0,0,0.18685185185185185
4078,ìnï”éjîV,4,42,2,4,6,0.17976190476190476,0,1,0,0,0,1,0,0,0,0,0.18685185185185185
4078,ìnï”éjîV,5,33,0,0,4,0.2009090909090909,0,0,0,0,0,0,0,0,0,0,0.18685185185185185
4078,ìnï”éjîV,6,29,0,1,5,0.23482758620689653,0,0,0,0,0,0,0,0,0,0,0.18685185185185185
4079,èoî®çFìT,1,37,30,2,2,0.15297297297297296,28,1,0,0,1,0,0,4,2,0,0.1579047619047619
4079,èoî®çFìT,2,36,6,9,8,0.15333333333333332,0,3,2,0,1,0,0,0,0,21,0.1579047619047619
4079,èoî®çFìT,3,35,10,8,11,0.14942857142857144,0,0,5,5,0,0,0,0,0,0,0.1579047619047619
4079,èoî®çFìT,4,40,7,7,12,0.16925,0,4,1,2,0,0,0,0,0,0,0.1579047619047619
4079,èoî®çFìT,5,30,1,5,6,0.16266666666666665,0,1,0,0,0,0,0,0,0,0,0.1579047619047619
4079,èoî®çFìT,6,32,2,2,7,0.15937500000000002,0,0,0,1,0,1,0,0,0,0,0.1579047619047619
4080,éRçËìNéi,1,52,42,6,0,0.11673076923076924,39,1,0,0,2,0,2,5,3,0,0.1259765625
4080,éRçËìNéi,2,44,9,12,10,0.1315909090909091,0,6,3,0,0,0,0,0,0,24,0.1259765625
4080,éRçËìNéi,3,50,9,13,8,0.1232,0,2,3,4,0,0,0,0,0,0,0.1259765625
4080,éRçËìNéi,4,38,5,11,4,0.13815789473684212,0,1,3,0,1,0,0,0,0,0,0.1259765625
4080,éRçËìNéi,5,35,6,5,7,0.1162857142857143,0,1,0,5,0,0,0,0,0,0,0.1259765625
4080,éRçËìNéi,6,37,2,7,11,0.1327027027027027,0,0,0,2,0,0,0,0,0,0,0.1259765625
4081,îÛå˚îÕê≠,1,34,12,10,5,0.15970588235294117,10,0,0,0,2,0,10,5,3,0,0.19293333333333335
4081,îÛå˚îÕê≠,2,42,0,6,11,0.21976190476190477,0,0,0,0,0,0,0,0,0,19,0.19293333333333335
4081,îÛå˚îÕê≠,3,44,1,8,7,0.18022727272727274,0,0,0,1,0,0,0,0,0,0,0.19293333333333335
4081,îÛå˚îÕê≠,4,37,0,0,9,0.2,0,0,0,0,0,0,0,0,0,0,0.19293333333333335
4081,îÛå˚îÕê≠,5,39,3,1,9,0.19435897435897437,0,0,0,2,0,1,0,0,0,0,0.19293333333333335
4081,îÛå˚îÕê≠,6,29,1,2,4,0.2013793103448276,0,0,0,1,0,0,0,0,0,0,0.19293333333333335
4082,‡_çËêΩ,1,46,32,5,3,0.15217391304347827,29,0,0,0,3,0,4,4,3,0,0.16840304182509505
4082,‡_çËêΩ,2,49,9,12,10,0.16142857142857142,0,6,0,1,2,0,0,0,0,26,0.16840304182509505
4082,‡_çËêΩ,3,43,10,12,5,0.15930232558139534,0,3,4,3,0,0,0,0,0,0,0.16840304182509505
4082,‡_çËêΩ,4,42,4,9,7,0.17857142857142858,0,1,1,2,0,0,0,0,0,0,0.16840304182509505
4082,‡_çËêΩ,5,42,6,8,6,0.17642857142857143,0,1,1,4,0,0,0,0,0,0,0.16840304182509505
4082,‡_çËêΩ,6,41,2,2,9,0.18585365853658536,0,0,1,1,0,0,0,0,0,0,0.16840304182509505
4083,ïüìáóEé˜,1,46,36,6,2,0.14195652173913045,36,0,0,0,0,0,4,4,2,0,0.15255411255411255
4083,ïüìáóEé˜,2,35,7,13,3,0.16371428571428573,1,2,4,0,0,0,0,0,0,13,0.15255411255411255
4083,ïüìáóEé˜,3,42,16,9,6,0.13547619047619047,1,1,13,0,1,0,0,0,0,0,0.15255411255411255
4083,ïüìáóEé˜,4,42,10,6,10,0.14952380952380953,0,2,5,1,2,0,0,0,0,0,0.15255411255411255
4083,ïüìáóEé˜,5,31,4,9,2,0.14516129032258066,0,1,2,1,0,0,0,0,0,0,0.15255411255411255
4083,ïüìáóEé˜,6,35,2,9,5,0.186,0,0,1,0,1,0,0,0,0,0,0.15255411255411255
4084,êôéRê≥é˜,1,54,42,2,2,0.16074074074074074,41,0,0,0,1,0,3,4,3,0,0.16030888030888032
4084,êôéRê≥é˜,2,46,8,15,9,0.15260869565217391,0,6,2,0,0,0,0,0,0,31,0.16030888030888032
4084,êôéRê≥é˜,3,42,10,12,9,0.1492857142857143,0,1,8,0,1,0,0,0,0,0,0.16030888030888032
4084,êôéRê≥é˜,4,43,14,9,13,0.16139534883720932,0,1,11,2,0,0,0,0,0,0,0.16030888030888032
4084,êôéRê≥é˜,5,37,4,6,9,0.17351351351351352,0,0,0,4,0,0,0,0,0,0,0.16030888030888032
4084,êôéRê≥é˜,6,37,5,5,10,0.1672972972972973,1,0,2,1,1,0,0,0,0,0,0.16030888030888032
4085,â¨ñÏóTâÓ,1,34,14,8,5,0.16294117647058823,13,0,0,0,1,0,8,7,3,0,0.1964795918367347
4085,â¨ñÏóTâÓ,2,30,4,6,5,0.19799999999999998,0,3,0,0,1,0,0,0,0,14,0.1964795918367347
4085,â¨ñÏóTâÓ,3,33,8,7,5,0.17242424242424242,0,0,2,4,2,0,0,0,0,0,0.1964795918367347
4085,â¨ñÏóTâÓ,4,32,2,7,4,0.2165625,0,0,0,2,0,0,0,0,0,0,0.1964795918367347
4085,â¨ñÏóTâÓ,5,33,5,4,7,0.22484848484848485,0,1,0,3,1,0,0,0,0,0,0.1964795918367347
4085,â¨ñÏóTâÓ,6,34,3,3,3,0.20558823529411765,0,2,1,0,0,0,0,0,0,0,0.1964795918367347
4086,éõñ{èdêÈ,1,41,23,10,4,0.1451219512195122,23,0,0,0,0,0,3,5,5,0,0.15022624434389142
4086,éõñ{èdêÈ,2,34,6,11,7,0.16176470588235295,0,2,2,2,0,0,0,0,0,20,0.15022624434389142
4086,éõñ{èdêÈ,3,49,9,10,13,0.156734693877551,0,2,2,5,0,0,0,0,0,0,0.15022624434389142
4086,éõñ{èdêÈ,4,36,3,3,12,0.1425,0,1,2,0,0,0,0,0,0,0,0.15022624434389142
4086,éõñ{èdêÈ,5,30,3,4,7,0.143,0,0,0,3,0,0,0,0,0,0,0.15022624434389142
4086,éõñ{èdêÈ,6,31,0,5,8,0.15000000000000002,0,0,0,0,0,0,0,0,0,0,0.15022624434389142
4088,ñÏìcèÀéq,1,26,12,6,2,0.185,11,0,0,0,1,0,4,3,6,0,0.19311827956989247
4088,ñÏìcèÀéq,2,39,7,7,7,0.18435897435897436,0,2,3,0,2,0,0,0,0,19,0.19311827956989247
4088,ñÏìcèÀéq,3,35,5,9,7,0.156,0,0,5,0,0,0,0,0,0,0,0.19311827956989247
4088,ñÏìcèÀéq,4,25,2,5,2,0.1868,0,0,0,1,1,0,0,0,0,0,0.19311827956989247
4088,ñÏìcèÀéq,5,34,0,3,3,0.22382352941176473,0,0,0,0,0,0,0,0,0,0,0.19311827956989247
4088,ñÏìcèÀéq,6,27,0,1,3,0.2288888888888889,0,0,0,0,0,0,0,0,0,0,0.19311827956989247
4089,ñÖîˆíâçK,1,55,42,4,6,0.16854545454545453,42,0,0,0,0,0,3,6,4,0,0.16666666666666666
4089,ñÖîˆíâçK,2,40,7,19,5,0.14575,0,6,0,0,1,0,0,0,0,25,0.16666666666666666
4089,ñÖîˆíâçK,3,41,5,15,7,0.16097560975609757,0,3,0,1,1,0,0,0,0,0,0.16666666666666666
4089,ñÖîˆíâçK,4,46,6,7,13,0.15782608695652173,0,3,0,2,1,0,0,0,0,0,0.16666666666666666
4089,ñÖîˆíâçK,5,35,0,4,12,0.16742857142857143,0,0,0,0,0,0,0,0,0,0,0.16666666666666666
4089,ñÖîˆíâçK,6,35,3,10,4,0.20514285714285715,0,1,0,2,0,0,0,0,0,0,0.16666666666666666
4090,íÜë∫ë∏,1,46,30,10,2,0.12043478260869565,29,0,0,0,1,0,5,8,3,0,0.1317699115044248
4090,íÜë∫ë∏,2,38,6,13,7,0.14315789473684212,0,4,1,1,0,0,0,0,0,18,0.1317699115044248
4090,íÜë∫ë∏,3,40,8,8,10,0.1165,0,2,3,3,0,0,0,0,0,0,0.1317699115044248
4090,íÜë∫ë∏,4,36,3,12,9,0.1313888888888889,0,1,1,0,1,0,0,0,0,0,0.1317699115044248
4090,íÜë∫ë∏,5,33,3,7,3,0.1296969696969697,0,1,0,1,1,0,0,0,0,0,0.1317699115044248
4090,íÜë∫ë∏,6,33,0,7,7,0.15545454545454546,0,0,0,0,0,0,0,0,0,0,0.1317699115044248
4091,çrìcë◊ñæ,1,26,18,1,2,0.1280769230769231,17,0,0,0,1,0,1,5,1,0,0.15994117647058825
4091,çrìcë◊ñæ,2,30,3,7,3,0.16166666666666665,0,3,0,0,0,0,0,0,0,11,0.15994117647058825
4091,çrìcë◊ñæ,3,27,4,8,2,0.14703703703703705,0,0,3,0,0,1,0,0,0,0,0.15994117647058825
4091,çrìcë◊ñæ,4,29,2,4,2,0.16655172413793104,0,1,1,0,0,0,0,0,0,0,0.15994117647058825
4091,çrìcë◊ñæ,5,31,0,0,6,0.16806451612903225,0,0,0,0,0,0,0,0,0,0,0.15994117647058825
4091,çrìcë◊ñæ,6,27,0,1,4,0.18518518518518517,0,0,0,0,0,0,0,0,0,0,0.15994117647058825
4092,â™ïîëÂï„,1,59,45,5,5,0.14389830508474577,44,0,0,0,1,0,2,7,3,0,0.16250883392226148
4092,â™ïîëÂï„,2,46,8,15,4,0.1676086956521739,0,7,1,0,0,0,0,0,0,26,0.16250883392226148
4092,â™ïîëÂï„,3,46,6,15,11,0.15195652173913043,0,2,2,2,0,0,0,0,0,0,0.16250883392226148
4092,â™ïîëÂï„,4,49,6,15,7,0.1446938775510204,0,3,1,2,0,0,0,0,0,0,0.16250883392226148
4092,â™ïîëÂï„,5,41,4,7,6,0.17439024390243904,0,0,0,3,1,0,0,0,0,0,0.16250883392226148
4092,â™ïîëÂï„,6,42,0,4,6,0.20380952380952383,0,0,0,0,0,0,0,0,0,0,0.16250883392226148
4093,ãgìcè@çO,1,31,11,10,2,0.16483870967741937,10,0,0,0,1,0,4,10,2,0,0.18350253807106598
4093,ãgìcè@çO,2,32,4,8,6,0.1984375,0,2,1,0,0,1,0,0,0,21,0.18350253807106598
4093,ãgìcè@çO,3,34,3,2,6,0.1826470588235294,0,1,2,0,0,0,0,0,0,0,0.18350253807106598
4093,ãgìcè@çO,4,34,2,6,9,0.18058823529411766,0,1,1,0,0,0,0,0,0,0,0.18350253807106598
4093,ãgìcè@çO,5,34,1,1,11,0.1814705882352941,0,0,1,0,0,0,0,0,0,0,0.18350253807106598
4093,ãgìcè@çO,6,32,2,1,2,0.1928125,0,0,0,2,0,0,0,0,0,0,0.18350253807106598
4094,íÜìáê^ìÒ,1,22,5,7,4,0.18136363636363637,5,0,0,0,0,0,3,6,5,0,0.17994535519125682
4094,íÜìáê^ìÒ,2,37,3,8,8,0.17162162162162165,0,2,1,0,0,0,0,0,0,20,0.17994535519125682
4094,íÜìáê^ìÒ,3,31,0,8,7,0.1735483870967742,0,0,0,0,0,0,0,0,0,0,0.17994535519125682
4094,íÜìáê^ìÒ,4,35,5,3,8,0.18371428571428572,0,0,1,4,0,0,0,0,0,0,0.17994535519125682
4094,íÜìáê^ìÒ,5,31,1,3,6,0.17419354838709677,0,0,0,1,0,0,0,0,0,0,0.17994535519125682
4094,íÜìáê^ìÒ,6,27,0,2,3,0.19925925925925925,0,0,0,0,0,0,0,0,0,0,0.17994535519125682
4095,ïüóàçÑ,1,53,46,5,1,0.11226415094339623,43,0,0,0,3,0,1,2,3,0,0.12870833333333334
4095,ïüóàçÑ,2,38,10,11,5,0.1386842105263158,1,7,1,0,1,0,0,0,0,17,0.12870833333333334
4095,ïüóàçÑ,3,40,12,17,4,0.1095,0,0,1,9,2,0,0,0,0,0,0.12870833333333334
4095,ïüóàçÑ,4,37,11,8,8,0.13837837837837838,0,2,1,7,1,0,0,0,0,0,0.12870833333333334
4095,ïüóàçÑ,5,33,9,4,8,0.12787878787878787,0,1,0,7,1,0,0,0,0,0,0.12870833333333334
4095,ïüóàçÑ,6,39,4,7,13,0.15256410256410258,0,0,0,3,1,0,0,0,0,0,0.12870833333333334
4096,êŒã¥ìπóF,1,54,46,5,1,0.1461111111111111,45,0,0,0,1,0,2,3,3,0,0.14173333333333332
4096,êŒã¥ìπóF,2,35,7,9,10,0.13228571428571428,1,3,2,0,1,0,0,0,0,21,0.14173333333333332
4096,êŒã¥ìπóF,3,30,6,11,3,0.13799999999999998,0,0,0,5,1,0,0,0,0,0,0.14173333333333332
4096,êŒã¥ìπóF,4,37,8,14,6,0.14297297297297298,0,2,4,2,0,0,0,0,0,0,0.14173333333333332
4096,êŒã¥ìπóF,5,35,1,7,11,0.14514285714285716,0,0,0,1,0,0,0,0,0,0,0.14173333333333332
4096,êŒã¥ìπóF,6,34,4,6,9,0.14294117647058824,0,0,3,1,0,0,0,0,0,0,0.14173333333333332
4097,ä—íníJíºêl,1,14,2,2,3,0.20857142857142857,1,0,0,0,1,0,5,3,3,0,0.24125
4097,ä—íníJíºêl,2,16,1,1,1,0.1975,0,1,0,0,0,0,0,0,0,9,0.24125
4097,ä—íníJíºêl,3,23,1,2,2,0.2526086956521739,0,1,0,0,0,0,0,0,0,0,0.24125
4097,ä—íníJíºêl,4,18,0,2,3,0.25055555555555553,0,0,0,0,0,0,0,0,0,0,0.24125
4097,ä—íníJíºêl,5,19,0,2,2,0.2405263157894737,0,0,0,0,0,0,0,0,0,0,0.24125
4097,ä—íníJíºêl,6,14,0,1,0,0.2942857142857143,0,0,0,0,0,0,0,0,0,0,0.24125
4098,ê‘‡Vï∂çÅ,1,27,6,9,2,0.16074074074074074,6,0,0,0,0,0,6,10,3,0,0.19176136363636365
4098,ê‘‡Vï∂çÅ,2,33,4,6,4,0.1787878787878788,0,1,3,0,0,0,0,0,0,16,0.19176136363636365
4098,ê‘‡Vï∂çÅ,3,32,3,6,4,0.1925,0,1,2,0,0,0,0,0,0,0,0.19176136363636365
4098,ê‘‡Vï∂çÅ,4,31,2,6,5,0.19225806451612903,0,1,1,0,0,0,0,0,0,0,0.19176136363636365
4098,ê‘‡Vï∂çÅ,5,29,2,2,5,0.2106896551724138,0,0,1,1,0,0,0,0,0,0,0.19176136363636365
4098,ê‘‡Vï∂çÅ,6,24,0,0,2,0.22,0,0,0,0,0,0,0,0,0,0,0.19176136363636365
4099,ãgâië•óY,1,57,40,6,6,0.17333333333333334,39,0,0,0,1,0,5,6,6,0,0.15948339483394833
4099,ãgâië•óY,2,45,7,15,12,0.1748888888888889,0,3,3,0,0,1,0,0,0,24,0.15948339483394833
4099,ãgâië•óY,3,46,6,13,12,0.16108695652173913,0,0,1,4,0,1,0,0,0,0,0.15948339483394833
4099,ãgâië•óY,4,48,4,13,11,0.13979166666666668,0,0,1,2,1,0,0,0,0,0,0.15948339483394833
4099,ãgâië•óY,5,36,4,10,8,0.12333333333333335,0,2,0,2,0,0,0,0,0,0,0.15948339483394833
4099,ãgâië•óY,6,39,1,7,8,0.17717948717948717,0,0,0,0,1,0,0,0,0,0,0.15948339483394833
4100,èºìcó≤éi,1,40,18,10,2,0.17475000000000002,15,1,0,0,1,1,4,9,8,0,0.17120833333333335
4100,èºìcó≤éi,2,40,6,11,10,0.15525,0,5,1,0,0,0,0,0,0,20,0.17120833333333335
4100,èºìcó≤éi,3,42,6,9,10,0.13714285714285715,0,0,3,3,0,0,0,0,0,0,0.17120833333333335
4100,èºìcó≤éi,4,45,1,8,15,0.17444444444444443,0,0,0,1,0,0,0,0,0,0,0.17120833333333335
4100,èºìcó≤éi,5,35,2,6,6,0.21171428571428572,0,1,0,1,0,0,0,0,0,0,0.17120833333333335
4100,èºìcó≤éi,6,38,1,7,4,0.18078947368421053,0,1,0,0,0,0,0,0,0,0,0.17120833333333335
4101,éOà‰èäë∏èt,1,32,24,4,1,0.1809375,22,0,0,0,2,0,2,2,4,0,0.17034965034965036
4101,éOà‰èäë∏èt,2,24,2,6,3,0.17666666666666667,0,2,0,0,0,0,0,0,0,15,0.17034965034965036
4101,éOà‰èäë∏èt,3,23,5,4,2,0.1617391304347826,0,0,3,1,1,0,0,0,0,0,0.17034965034965036
4101,éOà‰èäë∏èt,4,18,7,2,3,0.14277777777777778,1,0,3,2,0,1,0,0,0,0,0.17034965034965036
4101,éOà‰èäë∏èt,5,24,3,1,1,0.18416666666666667,0,0,3,0,0,0,0,0,0,0,0.17034965034965036
4101,éOà‰èäë∏èt,6,22,5,3,3,0.16454545454545455,0,1,4,0,0,0,0,0,0,0,0.17034965034965036
4102,âvìcå[éi,1,63,49,10,2,0.1207936507936508,48,0,0,0,1,0,6,2,4,0,0.13406360424028269
4102,âvìcå[éi,2,58,19,11,12,0.13758620689655174,0,8,9,1,1,0,0,0,0,30,0.13406360424028269
4102,âvìcå[éi,3,47,10,16,7,0.1248936170212766,0,0,8,2,0,0,0,0,0,0,0.13406360424028269
4102,âvìcå[éi,4,42,7,13,6,0.1280952380952381,0,0,6,1,0,0,0,0,0,0,0.13406360424028269
4102,âvìcå[éi,5,41,8,6,8,0.13926829268292684,0,0,3,4,1,0,0,0,0,0,0.13406360424028269
4102,âvìcå[éi,6,32,2,2,5,0.1684375,0,1,0,1,0,0,0,0,0,0,0.13406360424028269
4103,éRçËëPóf,1,28,8,4,4,0.18464285714285714,7,0,0,0,1,0,6,5,6,0,0.20148717948717948
4103,éRçËëPóf,2,41,4,4,14,0.19829268292682928,0,4,0,0,0,0,0,0,0,16,0.20148717948717948
4103,éRçËëPóf,3,31,0,6,8,0.1896774193548387,0,0,0,0,0,0,0,0,0,0,0.20148717948717948
4103,éRçËëPóf,4,34,3,2,9,0.19323529411764706,0,1,0,2,0,0,0,0,0,0,0.20148717948717948
4103,éRçËëPóf,5,34,0,6,7,0.20352941176470588,0,0,0,0,0,0,0,0,0,0,0.20148717948717948
4103,éRçËëPóf,6,27,0,2,5,0.2451851851851852,0,0,0,0,0,0,0,0,0,0,0.20148717948717948
4104,ñÿâ∫ózâÓ,1,31,11,8,3,0.15483870967741936,9,0,0,0,1,1,8,5,4,0,0.1394478527607362
4104,ñÿâ∫ózâÓ,2,26,1,7,1,0.1726923076923077,0,1,0,0,0,0,0,0,0,14,0.1394478527607362
4104,ñÿâ∫ózâÓ,3,25,3,6,5,0.12360000000000002,0,0,2,1,0,0,0,0,0,0,0.1394478527607362
4104,ñÿâ∫ózâÓ,4,23,2,2,4,0.10869565217391304,0,0,2,0,0,0,0,0,0,0,0.1394478527607362
4104,ñÿâ∫ózâÓ,5,32,2,3,5,0.1415625,0,0,1,1,0,0,0,0,0,0,0.1394478527607362
4104,ñÿâ∫ózâÓ,6,26,1,4,3,0.1276923076923077,0,0,0,0,1,0,0,0,0,0,0.1394478527607362
4105,èºâ∫íºñÁ,1,40,13,8,7,0.16999999999999998,12,0,0,0,1,0,3,11,9,0,0.18206477732793522
4105,èºâ∫íºñÁ,2,43,5,11,10,0.16813953488372094,0,3,1,0,0,1,0,0,0,21,0.18206477732793522
4105,èºâ∫íºñÁ,3,44,2,15,10,0.17909090909090908,0,0,1,1,0,0,0,0,0,0,0.18206477732793522
4105,èºâ∫íºñÁ,4,43,3,7,11,0.16139534883720932,0,0,0,2,1,0,0,0,0,0,0.18206477732793522
4105,èºâ∫íºñÁ,5,40,1,2,8,0.21000000000000002,0,1,0,0,0,0,0,0,0,0,0.18206477732793522
4105,èºâ∫íºñÁ,6,37,0,2,7,0.20864864864864865,0,0,0,0,0,0,0,0,0,0,0.18206477732793522
4106,ç‚à‰çNék,1,27,10,6,4,0.20444444444444446,10,0,0,0,0,0,8,5,3,0,0.19328358208955224
4106,ç‚à‰çNék,2,35,4,7,4,0.194,2,2,0,0,0,0,0,0,0,14,0.19328358208955224
4106,ç‚à‰çNék,3,35,2,8,6,0.19657142857142856,0,0,2,0,0,0,0,0,0,0,0.19328358208955224
4106,ç‚à‰çNék,4,36,6,5,5,0.18222222222222223,1,1,2,2,0,0,0,0,0,0,0.19328358208955224
4106,ç‚à‰çNék,5,40,0,7,5,0.19875,0,0,0,0,0,0,0,0,0,0,0.19328358208955224
4106,ç‚à‰çNék,6,28,1,1,4,0.18392857142857144,0,0,0,1,0,0,0,0,0,0,0.19328358208955224
4108,ãgë∫ê≥ñæ,1,50,39,4,3,0.1356,38,0,0,0,1,0,3,4,3,0,0.14482456140350877
4108,ãgë∫ê≥ñæ,2,39,7,14,8,0.1435897435897436,2,1,3,0,1,0,0,0,0,29,0.14482456140350877
4108,ãgë∫ê≥ñæ,3,40,7,7,8,0.15375,0,0,4,3,0,0,0,0,0,0,0.14482456140350877
4108,ãgë∫ê≥ñæ,4,42,4,15,8,0.13642857142857143,0,2,1,1,0,0,0,0,0,0,0.14482456140350877
4108,ãgë∫ê≥ñæ,5,29,1,7,4,0.14620689655172414,0,0,0,1,0,0,0,0,0,0,0.14482456140350877
4108,ãgë∫ê≥ñæ,6,28,2,3,6,0.16142857142857145,0,0,0,2,0,0,0,0,0,0,0.14482456140350877
4109,íJí√çKçG,1,58,38,10,3,0.14155172413793105,36,0,0,0,2,0,7,6,3,0,0.14335640138408304
4109,íJí√çKçG,2,51,13,16,10,0.14529411764705882,0,5,7,0,1,0,0,0,0,25,0.14335640138408304
4109,íJí√çKçG,3,49,9,8,12,0.13346938775510203,0,0,2,4,2,1,0,0,0,0,0.14335640138408304
4109,íJí√çKçG,4,46,5,9,10,0.14608695652173911,0,0,3,1,0,1,0,0,0,0,0.14335640138408304
4109,íJí√çKçG,5,44,1,7,4,0.14204545454545456,0,0,1,0,0,0,0,0,0,0,0.14335640138408304
4109,íJí√çKçG,6,41,2,3,8,0.15365853658536585,0,0,1,1,0,0,0,0,0,0,0.14335640138408304
4110,è¨‡VòañÁ,1,32,14,9,3,0.1471875,13,1,0,0,0,0,4,4,7,0,0.15283505154639176
4110,è¨‡VòañÁ,2,34,4,9,7,0.16441176470588234,0,4,0,0,0,0,0,0,0,22,0.15283505154639176
4110,è¨‡VòañÁ,3,33,1,6,8,0.1484848484848485,0,0,1,0,0,0,0,0,0,0,0.15283505154639176
4110,è¨‡VòañÁ,4,26,2,2,5,0.14346153846153847,0,0,1,0,1,0,0,0,0,0,0.15283505154639176
4110,è¨‡VòañÁ,5,35,2,3,7,0.14685714285714288,0,0,0,1,1,0,0,0,0,0,0.15283505154639176
4110,è¨‡VòañÁ,6,34,0,2,8,0.16411764705882353,0,0,0,0,0,0,0,0,0,0,0.15283505154639176
4111,âúìcêΩ,1,45,23,9,4,0.17533333333333334,23,0,0,0,0,0,6,9,5,0,0.20717131474103587
4111,âúìcêΩ,2,35,0,14,6,0.17085714285714285,0,0,0,0,0,0,0,0,0,24,0.20717131474103587
4111,âúìcêΩ,3,42,3,12,9,0.20857142857142857,0,0,0,1,2,0,0,0,0,0,0.20717131474103587
4111,âúìcêΩ,4,42,2,6,7,0.21952380952380954,0,0,2,0,0,0,0,0,0,0,0.20717131474103587
4111,âúìcêΩ,5,41,0,3,10,0.22463414634146345,0,0,0,0,0,0,0,0,0,0,0.20717131474103587
4111,âúìcêΩ,6,46,0,5,11,0.23782608695652172,0,0,0,0,0,0,0,0,0,0,0.20717131474103587
4112,ëÂãvï€êMàÍòY,1,47,29,10,3,0.1395744680851064,25,0,0,0,4,0,6,8,3,0,0.1658695652173913
4112,ëÂãvï€êMàÍòY,2,48,4,18,10,0.16291666666666668,0,2,1,0,1,0,0,0,0,27,0.1658695652173913
4112,ëÂãvï€êMàÍòY,3,52,10,14,14,0.15,0,1,4,4,0,1,0,0,0,0,0.1658695652173913
4112,ëÂãvï€êMàÍòY,4,46,2,9,10,0.18304347826086956,0,0,1,1,0,0,0,0,0,0,0.1658695652173913
4112,ëÂãvï€êMàÍòY,5,37,1,5,9,0.17270270270270272,0,0,0,0,1,0,0,0,0,0,0.1658695652173913
4112,ëÂãvï€êMàÍòY,6,46,1,5,9,0.19108695652173915,0,0,0,1,0,0,0,0,0,0,0.1658695652173913
4113,ñÿë∫ç_ém,1,41,17,11,5,0.1875609756097561,15,0,0,0,2,0,5,7,10,0,0.1780161943319838
4113,ñÿë∫ç_ém,2,42,5,8,14,0.18095238095238098,0,3,2,0,0,0,0,0,0,20,0.1780161943319838
4113,ñÿë∫ç_ém,3,47,5,13,12,0.17553191489361702,0,1,3,0,1,0,0,0,0,0,0.1780161943319838
4113,ñÿë∫ç_ém,4,40,2,9,7,0.175,0,1,1,0,0,0,0,0,0,0,0.1780161943319838
4113,ñÿë∫ç_ém,5,42,0,2,8,0.17047619047619048,0,0,0,0,0,0,0,0,0,0,0.1780161943319838
4113,ñÿë∫ç_ém,6,35,0,4,7,0.17914285714285713,0,0,0,0,0,0,0,0,0,0,0.1780161943319838
4114,ê[‡VíBìø,1,36,18,5,7,0.1622222222222222,16,0,0,0,2,0,5,8,2,0,0.17954773869346732
4114,ê[‡VíBìø,2,24,1,7,8,0.17416666666666666,0,1,0,0,0,0,0,0,0,14,0.17954773869346732
4114,ê[‡VíBìø,3,35,3,9,9,0.16371428571428573,0,0,0,2,1,0,0,0,0,0,0.17954773869346732
4114,ê[‡VíBìø,4,30,2,4,4,0.15366666666666667,0,1,0,0,1,0,0,0,0,0,0.17954773869346732
4114,ê[‡VíBìø,5,31,1,5,5,0.19064516129032258,0,0,0,1,0,0,0,0,0,0,0.17954773869346732
4114,ê[‡VíBìø,6,43,1,1,12,0.22000000000000003,0,0,0,1,0,0,0,0,0,0,0.17954773869346732
4116,êÏìcê≥êl,1,45,27,7,6,0.16866666666666666,26,0,0,0,0,1,4,6,6,0,0.1715983606557377
4116,êÏìcê≥êl,2,41,2,15,9,0.16829268292682928,0,2,0,0,0,0,0,0,0,28,0.1715983606557377
4116,êÏìcê≥êl,3,43,9,10,8,0.16116279069767445,0,2,5,0,2,0,0,0,0,0,0.1715983606557377
4116,êÏìcê≥êl,4,39,4,10,12,0.17846153846153845,0,1,1,2,0,0,0,0,0,0,0.1715983606557377
4116,êÏìcê≥êl,5,40,4,5,8,0.177,0,0,3,1,0,0,0,0,0,0,0.1715983606557377
4116,êÏìcê≥êl,6,36,0,3,6,0.17805555555555555,0,0,0,0,0,0,0,0,0,0,0.1715983606557377
4117,úAíÜíqé—àﬂ,1,38,26,5,3,0.16763157894736844,24,0,0,0,2,0,4,7,0,0,0.17815384615384616
4117,úAíÜíqé—àﬂ,2,32,8,9,4,0.1809375,0,3,5,0,0,0,0,0,0,18,0.17815384615384616
4117,úAíÜíqé—àﬂ,3,31,2,14,6,0.19774193548387095,0,0,1,0,1,0,0,0,0,0,0.17815384615384616
4117,úAíÜíqé—àﬂ,4,30,4,6,13,0.16566666666666666,0,1,1,2,0,0,0,0,0,0,0.17815384615384616
4117,úAíÜíqé—àﬂ,5,35,3,10,8,0.17714285714285716,0,0,0,2,1,0,0,0,0,0,0.17815384615384616
4117,úAíÜíqé—àﬂ,6,29,3,2,5,0.1820689655172414,0,0,1,0,2,0,0,0,0,0,0.17815384615384616
4118,âFç≤å©è~,1,50,35,8,3,0.1276,35,0,0,0,0,0,5,6,4,0,0.14240458015267177
4118,âFç≤å©è~,2,44,8,16,7,0.14477272727272728,0,5,3,0,0,0,0,0,0,26,0.14240458015267177
4118,âFç≤å©è~,3,46,5,7,6,0.14347826086956522,0,0,1,4,0,0,0,0,0,0,0.14240458015267177
4118,âFç≤å©è~,4,43,6,9,13,0.1413953488372093,0,1,3,2,0,0,0,0,0,0,0.14240458015267177
4118,âFç≤å©è~,5,40,3,7,9,0.14350000000000002,0,2,1,0,0,0,0,0,0,0,0.14240458015267177
4118,âFç≤å©è~,6,39,2,1,10,0.15743589743589745,0,0,1,1,0,0,0,0,0,0,0.14240458015267177
4119,ìDíJàÍãB,1,10,2,1,4,0.184,2,0,0,0,0,0,1,2,4,0,0.20170454545454544
4119,ìDíJàÍãB,2,15,0,2,3,0.17200000000000001,0,0,0,0,0,0,0,0,0,11,0.20170454545454544
4119,ìDíJàÍãB,3,12,1,2,4,0.15916666666666665,0,0,0,1,0,0,0,0,0,0,0.20170454545454544
4119,ìDíJàÍãB,4,17,1,2,2,0.21058823529411766,0,0,1,0,0,0,0,0,0,0,0.20170454545454544
4119,ìDíJàÍãB,5,16,1,2,0,0.19875,0,0,0,1,0,0,0,0,0,0,0.20170454545454544
4119,ìDíJàÍãB,6,18,0,1,0,0.2588888888888889,0,0,0,0,0,0,0,0,0,0,0.20170454545454544
4120,í—êAê≠ç_,1,51,24,10,7,0.1854901960784314,22,0,0,1,1,0,12,4,9,0,0.18007662835249041
4120,í—êAê≠ç_,2,43,9,12,5,0.16906976744186047,0,5,4,0,0,0,0,0,0,22,0.18007662835249041
4120,í—êAê≠ç_,3,45,8,7,8,0.16711111111111113,0,0,5,2,0,1,0,0,0,0,0.18007662835249041
4120,í—êAê≠ç_,4,48,4,6,20,0.18395833333333333,0,2,0,2,0,0,0,0,0,0,0.18007662835249041
4120,í—êAê≠ç_,5,38,3,8,8,0.17342105263157895,0,0,0,2,1,0,0,0,0,0,0.18007662835249041
4120,í—êAê≠ç_,6,36,0,4,5,0.2036111111111111,0,0,0,0,0,0,0,0,0,0,0.18007662835249041
4121,ïxâièCàÍ,1,36,23,9,1,0.11138888888888888,21,0,0,0,2,0,2,2,8,0,0.13381578947368422
4121,ïxâièCàÍ,2,38,3,10,11,0.14,0,1,2,0,0,0,0,0,0,23,0.13381578947368422
4121,ïxâièCàÍ,3,41,6,5,14,0.15097560975609758,0,2,4,0,0,0,0,0,0,0,0.13381578947368422
4121,ïxâièCàÍ,4,40,6,6,11,0.12475,0,2,3,0,1,0,0,0,0,0,0.13381578947368422
4121,ïxâièCàÍ,5,36,2,4,6,0.13194444444444445,0,1,1,0,0,0,0,0,0,0,0.13381578947368422
4121,ïxâièCàÍ,6,37,3,3,4,0.14189189189189189,0,0,2,1,0,0,0,0,0,0,0.13381578947368422
4122,à¿ìåçKé°,1,32,16,4,6,0.1615625,14,0,0,0,2,0,6,3,3,0,0.16995555555555555
4122,à¿ìåçKé°,2,42,6,21,5,0.17166666666666666,0,6,0,0,0,0,0,0,0,24,0.16995555555555555
4122,à¿ìåçKé°,3,40,2,12,7,0.15875,0,0,1,1,0,0,0,0,0,0,0.16995555555555555
4122,à¿ìåçKé°,4,42,5,10,4,0.1676190476190476,0,1,3,1,0,0,0,0,0,0,0.16995555555555555
4122,à¿ìåçKé°,5,31,1,3,5,0.1774193548387097,0,0,0,1,0,0,0,0,0,0,0.16995555555555555
4122,à¿ìåçKé°,6,38,1,6,4,0.18342105263157893,0,0,0,1,0,0,0,0,0,0,0.16995555555555555
4123,ç◊êÏóTéq,1,67,40,17,4,0.17776119402985074,39,1,0,0,0,0,7,11,7,0,0.1754180602006689
4123,ç◊êÏóTéq,2,49,13,14,8,0.18714285714285714,0,6,5,0,1,1,0,0,0,25,0.1754180602006689
4123,ç◊êÏóTéq,3,52,7,16,16,0.17307692307692307,0,0,5,2,0,0,0,0,0,0,0.1754180602006689
4123,ç◊êÏóTéq,4,50,8,13,9,0.1684,0,1,5,1,1,0,0,0,0,0,0.1754180602006689
4123,ç◊êÏóTéq,5,49,7,8,11,0.1779591836734694,0,1,5,1,0,0,0,0,0,0,0.1754180602006689
4123,ç◊êÏóTéq,6,32,2,6,8,0.1634375,0,0,1,1,0,0,0,0,0,0,0.1754180602006689
4124,írìcóYàÍ,1,48,25,7,9,0.15583333333333335,24,0,0,0,1,0,4,5,10,0,0.15817391304347828
4124,írìcóYàÍ,2,34,8,8,6,0.14529411764705882,0,5,3,0,0,0,0,0,0,13,0.15817391304347828
4124,írìcóYàÍ,3,38,10,6,11,0.14473684210526316,0,0,4,3,3,0,0,0,0,0,0.15817391304347828
4124,írìcóYàÍ,4,33,5,11,5,0.16333333333333333,0,1,0,4,0,0,0,0,0,0,0.15817391304347828
4124,írìcóYàÍ,5,37,4,8,7,0.15621621621621623,0,0,0,3,0,1,0,0,0,0,0.15817391304347828
4124,írìcóYàÍ,6,40,4,0,4,0.18225,0,1,1,2,0,0,0,0,0,0,0.15817391304347828
4126,ãgñ{óÊèè,1,32,13,9,1,0.1546875,12,0,0,0,1,0,10,4,2,0,0.16392561983471074
4126,ãgñ{óÊèè,2,48,4,4,7,0.17645833333333336,0,2,2,0,0,0,0,0,0,25,0.16392561983471074
4126,ãgñ{óÊèè,3,45,3,3,12,0.17044444444444445,0,0,2,1,0,0,0,0,0,0,0.16392561983471074
4126,ãgñ{óÊèè,4,41,2,5,6,0.1451219512195122,0,1,0,1,0,0,0,0,0,0,0.16392561983471074
4126,ãgñ{óÊèè,5,41,1,2,2,0.1573170731707317,0,0,0,0,1,0,0,0,0,0,0.16392561983471074
4126,ãgñ{óÊèè,6,35,0,3,1,0.17657142857142857,0,0,0,0,0,0,0,0,0,0,0.16392561983471074
4128,êÏå˚ãMãv,1,35,14,8,5,0.13,13,0,0,0,1,0,6,8,5,0,0.141
4128,êÏå˚ãMãv,2,36,5,13,4,0.14055555555555557,0,1,4,0,0,0,0,0,0,24,0.141
4128,êÏå˚ãMãv,3,32,8,4,5,0.1375,0,0,2,6,0,0,0,0,0,0,0.141
4128,êÏå˚ãMãv,4,29,3,2,5,0.12379310344827586,0,2,0,1,0,0,0,0,0,0,0.141
4128,êÏå˚ãMãv,5,36,0,3,10,0.14500000000000002,0,0,0,0,0,0,0,0,0,0,0.141
4128,êÏå˚ãMãv,6,32,1,2,6,0.168125,0,0,0,1,0,0,0,0,0,0,0.141
4129,âFñÏîéîV,1,27,5,6,4,0.1877777777777778,5,0,0,0,0,0,6,7,6,0,0.17841530054644808
4129,âFñÏîéîV,2,35,4,8,7,0.1685714285714286,0,2,2,0,0,0,0,0,0,21,0.17841530054644808
4129,âFñÏîéîV,3,31,2,6,5,0.1532258064516129,0,0,0,2,0,0,0,0,0,0,0.17841530054644808
4129,âFñÏîéîV,4,34,0,4,5,0.17852941176470588,0,0,0,0,0,0,0,0,0,0,0.17841530054644808
4129,âFñÏîéîV,5,30,1,3,2,0.18466666666666667,0,0,0,1,0,0,0,0,0,0,0.17841530054644808
4129,âFñÏîéîV,6,26,0,0,2,0.20461538461538462,0,0,0,0,0,0,0,0,0,0,0.17841530054644808
4131,å¥ñLìy,1,48,33,3,4,0.17333333333333334,32,0,0,0,1,0,1,7,4,0,0.1593700787401575
4131,å¥ñLìy,2,43,15,9,8,0.13534883720930233,0,7,5,0,3,0,0,0,0,15,0.1593700787401575
4131,å¥ñLìy,3,45,8,15,13,0.14222222222222222,0,1,2,5,0,0,0,0,0,0,0.1593700787401575
4131,å¥ñLìy,4,43,5,9,10,0.15674418604651164,0,0,2,3,0,0,0,0,0,0,0.1593700787401575
4131,å¥ñLìy,5,39,4,5,10,0.17564102564102563,0,0,0,4,0,0,0,0,0,0,0.1593700787401575
4131,å¥ñLìy,6,36,1,3,6,0.1763888888888889,0,0,0,0,1,0,0,0,0,0,0.1593700787401575
4133,çÇã¥ê≥íj,1,52,32,11,4,0.14576923076923076,32,0,0,0,0,0,5,5,5,0,0.1501984126984127
4133,çÇã¥ê≥íj,2,43,6,16,5,0.16627906976744186,0,5,1,0,0,0,0,0,0,25,0.1501984126984127
4133,çÇã¥ê≥íj,3,40,9,11,8,0.14175,0,0,0,7,2,0,0,0,0,0,0.1501984126984127
4133,çÇã¥ê≥íj,4,45,7,10,14,0.13822222222222222,0,2,2,3,0,0,0,0,0,0,0.1501984126984127
4133,çÇã¥ê≥íj,5,33,3,5,9,0.15636363636363637,0,0,1,2,0,0,0,0,0,0,0.1501984126984127
4133,çÇã¥ê≥íj,6,39,1,4,10,0.15564102564102564,0,0,1,0,0,0,0,0,0,0,0.1501984126984127
4134,êôéRãMîé,1,41,29,6,4,0.12463414634146343,24,0,0,0,5,0,3,2,5,0,0.15265402843601897
4134,êôéRãMîé,2,34,7,11,6,0.14205882352941177,1,4,2,0,0,0,0,0,0,10,0.15265402843601897
4134,êôéRãMîé,3,31,13,5,6,0.13903225806451613,0,4,3,3,3,0,0,0,0,0,0.15265402843601897
4134,êôéRãMîé,4,34,5,12,8,0.17500000000000002,0,2,2,1,0,0,0,0,0,0,0.15265402843601897
4134,êôéRãMîé,5,30,4,3,10,0.165,0,0,1,3,0,0,0,0,0,0,0.15265402843601897
4134,êôéRãMîé,6,41,1,5,10,0.17219512195121953,0,1,0,0,0,0,0,0,0,0,0.15265402843601897
4136,ç]âƒñû,1,55,45,3,3,0.13563636363636364,45,0,0,0,0,0,2,4,2,0,0.14760162601626017
4136,ç]âƒñû,2,44,9,15,7,0.15045454545454545,0,5,4,0,0,0,0,0,0,24,0.14760162601626017
4136,ç]âƒñû,3,37,11,10,6,0.13189189189189188,0,2,1,8,0,0,0,0,0,0,0.14760162601626017
4136,ç]âƒñû,4,38,5,11,13,0.1723684210526316,0,1,2,1,1,0,0,0,0,0,0.14760162601626017
4136,ç]âƒñû,5,38,1,7,9,0.14631578947368423,0,0,0,1,0,0,0,0,0,0,0.14760162601626017
4136,ç]âƒñû,6,34,1,8,13,0.15411764705882353,0,0,0,1,0,0,0,0,0,0,0.14760162601626017
4137,åNìáèGéO,1,66,45,12,5,0.14545454545454545,43,0,0,0,2,0,6,6,3,0,0.13595744680851066
4137,åNìáèGéO,2,47,9,12,8,0.14468085106382977,0,1,5,0,2,1,0,0,0,29,0.13595744680851066
4137,åNìáèGéO,3,46,7,16,10,0.11608695652173913,0,2,3,2,0,0,0,0,0,0,0.13595744680851066
4137,åNìáèGéO,4,45,8,12,12,0.12511111111111112,0,3,3,2,0,0,0,0,0,0,0.13595744680851066
4137,åNìáèGéO,5,37,7,5,6,0.13378378378378378,0,0,3,4,0,0,0,0,0,0,0.13595744680851066
4137,åNìáèGéO,6,41,4,5,14,0.14682926829268295,0,1,2,0,1,0,0,0,0,0,0.13595744680851066
4138,íÜà‰èróS,1,26,11,6,3,0.14615384615384616,11,0,0,0,0,0,7,3,5,0,0.15906077348066297
4138,íÜà‰èróS,2,33,2,5,7,0.14606060606060606,0,0,1,0,0,1,0,0,0,16,0.15906077348066297
4138,íÜà‰èróS,3,34,2,6,7,0.1976470588235294,0,0,0,2,0,0,0,0,0,0,0.15906077348066297
4138,íÜà‰èróS,4,31,1,5,3,0.15935483870967743,0,0,1,0,0,0,0,0,0,0,0.15906077348066297
4138,íÜà‰èróS,5,32,4,2,3,0.153125,0,0,2,0,2,0,0,0,0,0,0.15906077348066297
4138,íÜà‰èróS,6,25,0,1,3,0.1444,0,0,0,0,0,0,0,0,0,0,0.15906077348066297
4139,íOâ∫åí,1,35,16,4,6,0.1682857142857143,15,0,0,0,1,0,7,5,4,0,0.17636792452830188
4139,íOâ∫åí,2,38,2,6,9,0.17,0,2,0,0,0,0,0,0,0,20,0.17636792452830188
4139,íOâ∫åí,3,39,2,9,6,0.16076923076923078,0,1,0,0,1,0,0,0,0,0,0.17636792452830188
4139,íOâ∫åí,4,38,3,5,6,0.17421052631578948,0,2,1,0,0,0,0,0,0,0,0.17636792452830188
4139,íOâ∫åí,5,33,3,3,3,0.16757575757575757,0,0,1,2,0,0,0,0,0,0,0.17636792452830188
4139,íOâ∫åí,6,29,0,2,4,0.22827586206896552,0,0,0,0,0,0,0,0,0,0,0.17636792452830188
4140,äÅñÏäwéu,1,57,44,7,3,0.13649122807017544,43,0,0,0,1,0,4,3,5,0,0.15202334630350195
4140,äÅñÏäwéu,2,38,9,10,7,0.15842105263157896,0,6,2,0,1,0,0,0,0,20,0.15202334630350195
4140,äÅñÏäwéu,3,46,11,14,9,0.15108695652173915,0,0,7,3,1,0,0,0,0,0,0.15202334630350195
4140,äÅñÏäwéu,4,37,5,9,8,0.16243243243243244,0,1,3,1,0,0,0,0,0,0,0.15202334630350195
4140,äÅñÏäwéu,5,39,3,8,6,0.16025641025641027,0,0,0,3,0,0,0,0,0,0,0.15202334630350195
4140,äÅñÏäwéu,6,40,2,6,15,0.15150000000000002,0,0,1,1,0,0,0,0,0,0,0.15202334630350195
4142,ïΩñÏòañæ,1,51,31,10,3,0.1672549019607843,28,0,0,0,3,0,12,4,4,0,0.18884169884169885
4142,ïΩñÏòañæ,2,49,1,15,11,0.1773469387755102,0,0,1,0,0,0,0,0,0,30,0.18884169884169885
4142,ïΩñÏòañæ,3,42,4,8,10,0.1935714285714286,0,0,3,1,0,0,0,0,0,0,0.18884169884169885
4142,ïΩñÏòañæ,4,43,2,9,12,0.18558139534883722,0,1,0,1,0,0,0,0,0,0,0.18884169884169885
4142,ïΩñÏòañæ,5,35,1,6,4,0.21714285714285714,0,1,0,0,0,0,0,0,0,0,0.18884169884169885
4142,ïΩñÏòañæ,6,39,3,2,9,0.20461538461538462,0,0,0,2,0,1,0,0,0,0,0.18884169884169885
4143,âYìcçWék,1,29,10,10,0,0.12586206896551724,10,0,0,0,0,0,4,3,10,0,0.14625570776255709
4143,âYìcçWék,2,45,4,8,9,0.16044444444444445,0,1,3,0,0,0,0,0,0,24,0.14625570776255709
4143,âYìcçWék,3,37,4,7,3,0.1537837837837838,0,0,4,0,0,0,0,0,0,0,0.14625570776255709
4143,âYìcçWék,4,34,7,3,8,0.11205882352941177,0,2,5,0,0,0,0,0,0,0,0.14625570776255709
4143,âYìcçWék,5,45,2,5,6,0.14844444444444443,0,0,1,1,0,0,0,0,0,0,0.14625570776255709
4143,âYìcçWék,6,29,1,2,2,0.1717241379310345,0,0,0,1,0,0,0,0,0,0,0.14625570776255709
4144,êŒíÀãvñÁ,1,41,31,8,1,0.14268292682926828,30,0,0,0,1,0,4,3,1,0,0.16337899543378995
4144,êŒíÀãvñÁ,2,45,7,20,9,0.19066666666666668,0,3,4,0,0,0,0,0,0,24,0.16337899543378995
4144,êŒíÀãvñÁ,3,30,5,13,6,0.16633333333333333,0,1,4,0,0,0,0,0,0,0,0.16337899543378995
4144,êŒíÀãvñÁ,4,33,3,10,6,0.13696969696969696,0,0,2,1,0,0,0,0,0,0,0.16337899543378995
4144,êŒíÀãvñÁ,5,33,1,6,12,0.15393939393939393,0,0,0,1,0,0,0,0,0,0,0.16337899543378995
4144,êŒíÀãvñÁ,6,37,3,10,6,0.1827027027027027,0,0,2,0,1,0,0,0,0,0,0.16337899543378995
4145,è¨‡Väw,1,31,4,7,5,0.24258064516129033,3,0,0,0,1,0,6,12,6,0,0.2588144329896907
4145,è¨‡Väw,2,35,3,6,7,0.26571428571428574,0,1,1,0,1,0,0,0,0,16,0.2588144329896907
4145,è¨‡Väw,3,32,0,2,6,0.2609375,0,0,0,0,0,0,0,0,0,0,0.2588144329896907
4145,è¨‡Väw,4,33,1,2,3,0.2487878787878788,0,1,0,0,0,0,0,0,0,0,0.2588144329896907
4145,è¨‡Väw,5,36,0,1,5,0.26805555555555555,0,0,0,0,0,0,0,0,0,0,0.2588144329896907
4145,è¨‡Väw,6,27,0,0,2,0.2659259259259259,0,0,0,0,0,0,0,0,0,0,0.2588144329896907
4146,ñˆã¥çGãI,1,32,13,7,2,0.1675,13,0,0,0,0,0,10,5,3,0,0.16318840579710145
4146,ñˆã¥çGãI,2,37,3,12,7,0.1502702702702703,0,2,1,0,0,0,0,0,0,20,0.16318840579710145
4146,ñˆã¥çGãI,3,35,1,11,8,0.15257142857142858,0,0,0,1,0,0,0,0,0,0,0.16318840579710145
4146,ñˆã¥çGãI,4,31,2,3,6,0.1767741935483871,0,0,1,1,0,0,0,0,0,0,0.16318840579710145
4146,ñˆã¥çGãI,5,42,0,3,10,0.16714285714285715,0,0,0,0,0,0,0,0,0,0,0.16318840579710145
4146,ñˆã¥çGãI,6,30,0,0,5,0.16733333333333336,0,0,0,0,0,0,0,0,0,0,0.16318840579710145
4148,é}îˆå´,1,66,50,7,5,0.12545454545454546,48,0,0,0,2,0,5,6,5,0,0.12663230240549828
4148,é}îˆå´,2,52,10,17,12,0.1401923076923077,0,4,6,0,0,0,0,0,0,29,0.12663230240549828
4148,é}îˆå´,3,47,9,15,6,0.12085106382978723,0,1,4,3,1,0,0,0,0,0,0.12663230240549828
4148,é}îˆå´,4,45,7,12,14,0.11044444444444444,0,2,2,3,0,0,0,0,0,0,0.12663230240549828
4148,é}îˆå´,5,40,3,8,9,0.1165,0,0,2,1,0,0,0,0,0,0,0.12663230240549828
4148,é}îˆå´,6,41,6,10,7,0.14560975609756097,0,1,1,3,1,0,0,0,0,0,0.12663230240549828
4150,éRìcóYëæ,1,41,27,7,4,0.13609756097560977,26,0,0,0,1,0,4,4,3,0,0.14887387387387385
4150,éRìcóYëæ,2,34,6,12,4,0.14911764705882355,0,5,0,0,1,0,0,0,0,17,0.14887387387387385
4150,éRìcóYëæ,3,38,5,11,11,0.14736842105263157,0,0,3,1,1,0,0,0,0,0,0.14887387387387385
4150,éRìcóYëæ,4,38,8,9,8,0.1455263157894737,0,3,4,0,1,0,0,0,0,0,0.14887387387387385
4150,éRìcóYëæ,5,34,1,3,9,0.1573529411764706,0,0,0,1,0,0,0,0,0,0,0.14887387387387385
4150,éRìcóYëæ,6,37,0,7,3,0.16,0,0,0,0,0,0,0,0,0,0,0.14887387387387385
4151,â∫âÕó_éj,1,38,21,6,3,0.1805263157894737,20,0,0,0,1,0,4,5,7,0,0.20291457286432163
4151,â∫âÕó_éj,2,31,1,4,11,0.20548387096774193,0,1,0,0,0,0,0,0,0,16,0.20291457286432163
4151,â∫âÕó_éj,3,24,3,6,8,0.16416666666666666,1,1,0,1,0,0,0,0,0,0,0.20291457286432163
4151,â∫âÕó_éj,4,37,0,11,5,0.19837837837837838,0,0,0,0,0,0,0,0,0,0,0.20291457286432163
4151,â∫âÕó_éj,5,31,0,3,9,0.21967741935483873,0,0,0,0,0,0,0,0,0,0,0.20291457286432163
4151,â∫âÕó_éj,6,38,0,2,9,0.23842105263157895,0,0,0,0,0,0,0,0,0,0,0.20291457286432163
4152,ê[êÖêTàÍòY,1,37,22,4,3,0.17378378378378379,22,0,0,0,0,0,3,5,4,0,0.17726027397260274
4152,ê[êÖêTàÍòY,2,37,12,11,8,0.17162162162162162,1,8,1,0,2,0,0,0,0,15,0.17726027397260274
4152,ê[êÖêTàÍòY,3,33,4,7,7,0.15181818181818182,0,0,3,1,0,0,0,0,0,0,0.17726027397260274
4152,ê[êÖêTàÍòY,4,44,5,12,14,0.16477272727272727,0,4,1,0,0,0,0,0,0,0,0.17726027397260274
4152,ê[êÖêTàÍòY,5,37,1,5,7,0.18594594594594593,0,0,1,0,0,0,0,0,0,0,0.17726027397260274
4152,ê[êÖêTàÍòY,6,31,1,3,8,0.22258064516129034,0,0,0,0,1,0,0,0,0,0,0.17726027397260274
4153,ç≤ÅXñÿäﬁ,1,16,2,3,1,0.210625,2,0,0,0,0,0,7,2,1,0,0.21008333333333334
4153,ç≤ÅXñÿäﬁ,2,23,1,6,3,0.19782608695652174,0,0,0,0,0,1,0,0,0,12,0.21008333333333334
4153,ç≤ÅXñÿäﬁ,3,21,0,3,4,0.17666666666666667,0,0,0,0,0,0,0,0,0,0,0.21008333333333334
4153,ç≤ÅXñÿäﬁ,4,19,1,0,3,0.19473684210526318,0,0,1,0,0,0,0,0,0,0,0.21008333333333334
4153,ç≤ÅXñÿäﬁ,5,21,0,1,3,0.2419047619047619,0,0,0,0,0,0,0,0,0,0,0.21008333333333334
4153,ç≤ÅXñÿäﬁ,6,20,0,1,1,0.24,0,0,0,0,0,0,0,0,0,0,0.21008333333333334
4154,êXà¿çOâÎ,1,53,27,14,5,0.1569811320754717,26,0,0,0,1,0,8,7,8,0,0.17338403041825096
4154,êXà¿çOâÎ,2,37,6,9,6,0.18135135135135136,0,2,3,0,0,1,0,0,0,20,0.17338403041825096
4154,êXà¿çOâÎ,3,47,9,10,6,0.1646808510638298,0,3,1,4,1,0,0,0,0,0,0.17338403041825096
4154,êXà¿çOâÎ,4,42,6,5,9,0.18666666666666668,0,0,2,4,0,0,0,0,0,0,0.17338403041825096
4154,êXà¿çOâÎ,5,41,3,6,7,0.15926829268292683,0,0,1,2,0,0,0,0,0,0,0.17338403041825096
4154,êXà¿çOâÎ,6,43,2,4,6,0.19674418604651164,0,0,1,1,0,0,0,0,0,0,0.17338403041825096
4155,í∑ñÏëséuòY,1,48,30,10,4,0.14375000000000002,29,0,0,0,1,0,8,3,5,0,0.14836134453781513
4155,í∑ñÏëséuòY,2,39,7,14,7,0.15743589743589745,1,1,4,0,1,0,0,0,0,23,0.14836134453781513
4155,í∑ñÏëséuòY,3,36,9,11,5,0.1463888888888889,0,0,4,5,0,0,0,0,0,0,0.14836134453781513
4155,í∑ñÏëséuòY,4,44,5,12,10,0.15409090909090908,0,1,1,2,1,0,0,0,0,0,0.14836134453781513
4155,í∑ñÏëséuòY,5,39,2,6,8,0.13282051282051283,0,0,0,2,0,0,0,0,0,0,0.14836134453781513
4155,í∑ñÏëséuòY,6,32,2,4,5,0.1575,0,1,0,1,0,0,0,0,0,0,0.14836134453781513
4156,ïlñÏçFéu,1,44,24,6,7,0.18045454545454545,24,0,0,0,0,0,7,1,9,0,0.16676724137931034
4156,ïlñÏçFéu,2,35,3,11,7,0.1702857142857143,0,3,0,0,0,0,0,0,0,14,0.16676724137931034
4156,ïlñÏçFéu,3,41,9,10,7,0.15707317073170732,0,1,4,1,3,0,0,0,0,0,0.16676724137931034
4156,ïlñÏçFéu,4,39,3,6,14,0.14974358974358973,0,2,1,0,0,0,0,0,0,0,0.16676724137931034
4156,ïlñÏçFéu,5,41,2,1,11,0.1602439024390244,0,0,2,0,0,0,0,0,0,0,0.16676724137931034
4156,ïlñÏçFéu,6,32,0,2,4,0.185625,0,0,0,0,0,0,0,0,0,0,0.16676724137931034
4158,ñÿèÍóYìÒòY,1,29,18,5,1,0.1606896551724138,18,0,0,0,0,0,4,3,2,0,0.16438423645320197
4158,ñÿèÍóYìÒòY,2,42,3,11,10,0.17952380952380953,0,2,1,0,0,0,0,0,0,27,0.16438423645320197
4158,ñÿèÍóYìÒòY,3,35,6,5,7,0.1682857142857143,0,1,1,1,3,0,0,0,0,0,0.16438423645320197
4158,ñÿèÍóYìÒòY,4,32,4,7,8,0.154375,0,0,3,1,0,0,0,0,0,0,0.16438423645320197
4158,ñÿèÍóYìÒòY,5,32,4,5,7,0.1625,0,1,1,2,0,0,0,0,0,0,0.16438423645320197
4158,ñÿèÍóYìÒòY,6,33,0,4,3,0.15575757575757576,0,0,0,0,0,0,0,0,0,0,0.16438423645320197
4159,å¸å„ó¥àÍ,1,49,30,11,3,0.1389795918367347,28,0,0,0,2,0,3,8,6,0,0.16881422924901185
4159,å¸å„ó¥àÍ,2,42,5,12,7,0.1569047619047619,0,1,2,0,2,0,0,0,0,25,0.16881422924901185
4159,å¸å„ó¥àÍ,3,45,8,15,5,0.15666666666666668,0,1,3,3,1,0,0,0,0,0,0.16881422924901185
4159,å¸å„ó¥àÍ,4,47,6,9,7,0.18595744680851065,0,2,1,1,2,0,0,0,0,0,0.16881422924901185
4159,å¸å„ó¥àÍ,5,39,3,6,8,0.1958974358974359,0,0,0,1,2,0,0,0,0,0,0.16881422924901185
4159,å¸å„ó¥àÍ,6,31,0,3,9,0.1896774193548387,0,0,0,0,0,0,0,0,0,0,0.16881422924901185
4161,çïñˆç_çF,1,44,22,9,3,0.1593181818181818,18,0,1,0,2,1,7,9,4,0,0.16211981566820277
4161,çïñˆç_çF,2,36,2,14,10,0.16472222222222221,0,1,1,0,0,0,0,0,0,23,0.16211981566820277
4161,çïñˆç_çF,3,40,5,12,10,0.163,0,1,0,2,2,0,0,0,0,0,0.16211981566820277
4161,çïñˆç_çF,4,33,5,4,5,0.14727272727272728,0,0,5,0,0,0,0,0,0,0,0.16211981566820277
4161,çïñˆç_çF,5,29,2,5,7,0.15482758620689657,0,0,1,1,0,0,0,0,0,0,0.16211981566820277
4161,çïñˆç_çF,6,35,2,4,8,0.182,0,1,0,1,0,0,0,0,0,0,0.16211981566820277
4162,í|ñ{ëæé˜,1,27,12,6,4,0.18481481481481482,10,0,0,0,2,0,8,3,2,0,0.16897590361445783
4162,í|ñ{ëæé˜,2,29,1,10,5,0.1617241379310345,0,0,0,0,0,1,0,0,0,12,0.16897590361445783
4162,í|ñ{ëæé˜,3,32,2,3,10,0.1515625,0,0,0,2,0,0,0,0,0,0,0.16897590361445783
4162,í|ñ{ëæé˜,4,26,1,3,8,0.16461538461538464,0,0,0,1,0,0,0,0,0,0,0.16897590361445783
4162,í|ñ{ëæé˜,5,26,1,3,6,0.17846153846153848,0,0,0,1,0,0,0,0,0,0,0.16897590361445783
4162,í|ñ{ëæé˜,6,26,1,2,2,0.1769230769230769,0,0,0,1,0,0,0,0,0,0,0.16897590361445783
4163,éRçËóTéi,1,51,36,11,2,0.15901960784313723,34,0,0,0,2,0,9,1,3,0,0.17223880597014926
4163,éRçËóTéi,2,52,6,17,7,0.16423076923076924,3,3,0,0,0,0,0,0,0,32,0.17223880597014926
4163,éRçËóTéi,3,42,2,9,14,0.17404761904761906,0,1,0,1,0,0,0,0,0,0,0.17223880597014926
4163,éRçËóTéi,4,43,2,10,12,0.1811627906976744,0,1,0,0,1,0,0,0,0,0,0.17223880597014926
4163,éRçËóTéi,5,37,1,3,6,0.17567567567567569,0,0,0,1,0,0,0,0,0,0,0.17223880597014926
4163,éRçËóTéi,6,43,2,4,11,0.18395348837209302,0,0,0,2,0,0,0,0,0,0,0.17223880597014926
4164,ä‚âiêﬂñÁ,1,15,4,2,1,0.15533333333333335,4,0,0,0,0,0,5,3,3,0,0.19813559322033897
4164,ä‚âiêﬂñÁ,2,22,1,6,4,0.195,0,1,0,0,0,0,0,0,0,11,0.19813559322033897
4164,ä‚âiêﬂñÁ,3,20,1,3,3,0.191,0,1,0,0,0,0,0,0,0,0,0.19813559322033897
4164,ä‚âiêﬂñÁ,4,18,1,2,1,0.20055555555555554,0,0,0,1,0,0,0,0,0,0,0.19813559322033897
4164,ä‚âiêﬂñÁ,5,25,0,2,5,0.226,0,0,0,0,0,0,0,0,0,0,0.19813559322033897
4164,ä‚âiêﬂñÁ,6,18,0,0,1,0.20444444444444446,0,0,0,0,0,0,0,0,0,0,0.19813559322033897
4166,ãgìcägòY,1,55,42,8,2,0.15018181818181817,37,0,0,0,5,0,5,2,3,0,0.14099476439790576
4166,ãgìcägòY,2,30,7,14,6,0.15033333333333332,0,5,0,0,2,0,0,0,0,16,0.14099476439790576
4166,ãgìcägòY,3,27,6,10,6,0.1559259259259259,0,0,1,5,0,0,0,0,0,0,0.14099476439790576
4166,ãgìcägòY,4,28,4,7,11,0.12571428571428572,0,1,1,1,1,0,0,0,0,0,0.14099476439790576
4166,ãgìcägòY,5,24,2,7,8,0.12166666666666666,0,0,1,1,0,0,0,0,0,0,0.14099476439790576
4166,ãgìcägòY,6,27,5,4,7,0.13,0,0,1,4,0,0,0,0,0,0,0.14099476439790576
4167,ï–â™èGé˜,1,33,16,5,4,0.15515151515151515,12,0,0,0,4,0,6,7,4,0,0.15174107142857143
4167,ï–â™èGé˜,2,35,1,5,10,0.162,0,1,0,0,0,0,0,0,0,20,0.15174107142857143
4167,ï–â™èGé˜,3,49,3,9,8,0.14877551020408164,0,0,2,1,0,0,0,0,0,0,0.15174107142857143
4167,ï–â™èGé˜,4,36,4,3,6,0.13861111111111113,0,1,1,1,1,0,0,0,0,0,0.15174107142857143
4167,ï–â™èGé˜,5,42,1,5,1,0.1580952380952381,0,0,1,0,0,0,0,0,0,0,0.15174107142857143
4167,ï–â™èGé˜,6,29,1,1,5,0.14758620689655172,0,0,0,1,0,0,0,0,0,0,0.15174107142857143
4168,êŒñÏãMîV,1,48,38,4,2,0.14395833333333333,37,0,0,0,1,0,2,4,3,0,0.15890410958904108
4168,êŒñÏãMîV,2,34,10,7,4,0.16588235294117648,0,6,1,1,2,0,0,0,0,13,0.15890410958904108
4168,êŒñÏãMîV,3,37,9,9,1,0.1564864864864865,0,2,3,4,0,0,0,0,0,0,0.15890410958904108
4168,êŒñÏãMîV,4,31,4,5,8,0.15935483870967743,0,0,0,3,1,0,0,0,0,0,0.15890410958904108
4168,êŒñÏãMîV,5,33,1,2,5,0.17757575757575758,0,0,0,1,0,0,0,0,0,0,0.15890410958904108
4168,êŒñÏãMîV,6,36,2,2,9,0.15722222222222224,0,0,1,0,0,1,0,0,0,0,0.15890410958904108
4169,ëΩìcóLóC,1,34,10,7,3,0.18794117647058822,10,0,0,0,0,0,6,9,7,0,0.1764114832535885
4169,ëΩìcóLóC,2,35,5,4,6,0.1702857142857143,0,4,1,0,0,0,0,0,0,14,0.1764114832535885
4169,ëΩìcóLóC,3,38,2,9,3,0.16342105263157894,0,0,1,0,1,0,0,0,0,0,0.1764114832535885
4169,ëΩìcóLóC,4,32,2,3,4,0.1703125,0,0,1,1,0,0,0,0,0,0,0.1764114832535885
4169,ëΩìcóLóC,5,38,1,4,1,0.17605263157894738,0,0,0,1,0,0,0,0,0,0,0.1764114832535885
4169,ëΩìcóLóC,6,32,0,1,3,0.1928125,0,0,0,0,0,0,0,0,0,0,0.1764114832535885
4171,â|çKéi,1,59,39,11,3,0.14491525423728815,38,0,0,0,1,0,4,4,6,0,0.16868
4171,â|çKéi,2,43,10,18,8,0.1472093023255814,0,5,4,0,1,0,0,0,0,17,0.16868
4171,â|çKéi,3,34,5,12,3,0.1773529411764706,0,1,3,1,0,0,0,0,0,0,0.16868
4171,â|çKéi,4,41,10,11,11,0.17512195121951218,0,6,2,1,1,0,0,0,0,0,0.16868
4171,â|çKéi,5,35,5,6,8,0.1897142857142857,0,1,1,2,1,0,0,0,0,0,0.16868
4171,â|çKéi,6,38,1,5,7,0.19578947368421054,0,1,0,0,0,0,0,0,0,0,0.16868
4172,êXíËçWéj,1,62,39,14,4,0.12161290322580645,34,0,0,0,5,0,7,11,4,0,0.1492779783393502
4172,êXíËçWéj,2,46,7,18,7,0.14934782608695651,0,6,1,0,0,0,0,0,0,29,0.1492779783393502
4172,êXíËçWéj,3,43,7,11,9,0.14581395348837212,0,1,3,1,2,0,0,0,0,0,0.1492779783393502
4172,êXíËçWéj,4,48,3,16,16,0.15375,0,3,0,0,0,0,0,0,0,0,0.1492779783393502
4172,êXíËçWéj,5,36,3,5,4,0.14722222222222223,0,0,0,0,3,0,0,0,0,0,0.1492779783393502
4172,êXíËçWéj,6,42,1,4,10,0.19023809523809523,0,0,0,1,0,0,0,0,0,0,0.1492779783393502
4173,â™íJåíå·,1,53,35,7,2,0.15830188679245283,33,0,0,0,2,0,5,10,2,0,0.1899619771863118
4173,â™íJåíå·,2,42,6,10,8,0.18904761904761905,0,4,1,1,0,0,0,0,0,23,0.1899619771863118
4173,â™íJåíå·,3,42,5,8,6,0.19833333333333333,0,0,1,3,1,0,0,0,0,0,0.1899619771863118
4173,â™íJåíå·,4,39,5,10,9,0.1958974358974359,0,1,2,1,1,0,0,0,0,0,0.1899619771863118
4173,â™íJåíå·,5,45,3,5,9,0.19644444444444445,0,1,0,1,1,0,0,0,0,0,0.1899619771863118
4173,â™íJåíå·,6,42,1,3,7,0.21000000000000002,0,0,0,1,0,0,0,0,0,0,0.1899619771863118
4174,ê‘ç‚èrï„,1,80,56,18,4,0.13287500000000002,53,0,0,0,3,0,6,7,9,0,0.14948979591836736
4174,ê‘ç‚èrï„,2,45,13,16,6,0.14622222222222223,0,10,2,0,1,0,0,0,0,24,0.14948979591836736
4174,ê‘ç‚èrï„,3,46,12,9,7,0.15391304347826087,0,2,6,3,1,0,0,0,0,0,0.14948979591836736
4174,ê‘ç‚èrï„,4,50,6,9,20,0.1578,0,0,3,3,0,0,0,0,0,0,0.14948979591836736
4174,ê‘ç‚èrï„,5,35,6,5,9,0.15085714285714286,0,2,1,1,1,1,0,0,0,0,0.14948979591836736
4174,ê‘ç‚èrï„,6,38,8,7,7,0.17078947368421052,0,2,1,3,2,0,0,0,0,0,0.14948979591836736
4175,êÏêKë◊ï„,1,41,28,5,0,0.14170731707317075,28,0,0,0,0,0,4,4,5,0,0.1362934362934363
4175,êÏêKë◊ï„,2,49,5,18,7,0.1320408163265306,0,2,3,0,0,0,0,0,0,32,0.1362934362934363
4175,êÏêKë◊ï„,3,38,8,5,8,0.14763157894736842,0,1,2,3,2,0,0,0,0,0,0.1362934362934363
4175,êÏêKë◊ï„,4,50,8,6,12,0.124,0,1,4,3,0,0,0,0,0,0,0.1362934362934363
4175,êÏêKë◊ï„,5,41,5,7,14,0.12195121951219512,0,0,1,4,0,0,0,0,0,0,0.1362934362934363
4175,êÏêKë◊ï„,6,40,3,5,9,0.15525,0,0,2,1,0,0,0,0,0,0,0.1362934362934363
4176,îÛå˚äÏïF,1,28,9,6,3,0.1475,9,0,0,0,0,0,7,5,3,0,0.15863849765258214
4176,îÛå˚äÏïF,2,42,3,6,8,0.1538095238095238,0,2,1,0,0,0,0,0,0,21,0.15863849765258214
4176,îÛå˚äÏïF,3,38,7,8,7,0.1655263157894737,0,0,3,4,0,0,0,0,0,0,0.15863849765258214
4176,îÛå˚äÏïF,4,39,0,2,6,0.17102564102564102,0,0,0,0,0,0,0,0,0,0,0.15863849765258214
4176,îÛå˚äÏïF,5,36,0,1,5,0.15444444444444447,0,0,0,0,0,0,0,0,0,0,0.15863849765258214
4176,îÛå˚äÏïF,6,30,0,1,5,0.156,0,0,0,0,0,0,0,0,0,0,0.15863849765258214
4177,‰›ê≥ék,1,31,17,5,3,0.17516129032258063,16,0,0,0,1,0,3,5,4,0,0.17326203208556148
4177,‰›ê≥ék,2,36,7,12,6,0.14694444444444443,0,4,2,0,0,1,0,0,0,22,0.17326203208556148
4177,‰›ê≥ék,3,30,1,5,10,0.16666666666666666,0,0,1,0,0,0,0,0,0,0,0.17326203208556148
4177,‰›ê≥ék,4,29,2,8,6,0.1610344827586207,0,0,1,0,1,0,0,0,0,0,0.17326203208556148
4177,‰›ê≥ék,5,29,2,7,5,0.16482758620689655,0,0,0,1,0,1,0,0,0,0,0.17326203208556148
4177,‰›ê≥ék,6,32,0,1,5,0.2259375,0,0,0,0,0,0,0,0,0,0,0.17326203208556148
4179,çLéüèC,1,51,20,19,4,0.15411764705882353,19,0,0,0,1,0,9,6,10,0,0.15212328767123287
4179,çLéüèC,2,53,0,18,13,0.14264150943396228,0,0,0,0,0,0,0,0,0,34,0.15212328767123287
4179,çLéüèC,3,50,4,9,16,0.124,0,1,2,1,0,0,0,0,0,0,0.15212328767123287
4179,çLéüèC,4,46,6,10,4,0.14608695652173911,0,0,2,3,1,0,0,0,0,0,0.15212328767123287
4179,çLéüèC,5,53,1,5,9,0.1641509433962264,0,0,0,1,0,0,0,0,0,0,0.15212328767123287
4179,çLéüèC,6,39,0,4,9,0.18923076923076923,0,0,0,0,0,0,0,0,0,0,0.15212328767123287
4180,è„ñÏèGòa,1,19,10,1,1,0.16789473684210526,10,0,0,0,0,0,0,1,4,0,0.19235632183908044
4180,è„ñÏèGòa,2,35,2,5,5,0.19142857142857142,0,1,0,0,1,0,0,0,0,21,0.19235632183908044
4180,è„ñÏèGòa,3,28,2,3,7,0.19999999999999998,0,1,1,0,0,0,0,0,0,0,0.19235632183908044
4180,è„ñÏèGòa,4,34,1,3,7,0.19441176470588237,0,1,0,0,0,0,0,0,0,0,0.19235632183908044
4180,è„ñÏèGòa,5,32,0,0,2,0.20500000000000002,0,0,0,0,0,0,0,0,0,0,0.19235632183908044
4180,è„ñÏèGòa,6,26,0,0,5,0.185,0,0,0,0,0,0,0,0,0,0,0.19235632183908044
4181,â‘ñ{âƒé˜,1,33,10,11,3,0.15363636363636365,9,0,0,0,1,0,10,6,6,0,0.1900990099009901
4181,â‘ñ{âƒé˜,2,35,1,7,11,0.17942857142857144,0,0,1,0,0,0,0,0,0,21,0.1900990099009901
4181,â‘ñ{âƒé˜,3,38,1,9,10,0.1773684210526316,0,0,0,1,0,0,0,0,0,0,0.1900990099009901
4181,â‘ñ{âƒé˜,4,32,2,0,5,0.20500000000000002,0,1,0,1,0,0,0,0,0,0,0.1900990099009901
4181,â‘ñ{âƒé˜,5,31,0,3,6,0.22193548387096773,0,0,0,0,0,0,0,0,0,0,0.1900990099009901
4181,â‘ñ{âƒé˜,6,33,1,3,3,0.2081818181818182,0,0,1,0,0,0,0,0,0,0,0.1900990099009901
4182,ãgìcòaêm,1,32,9,6,5,0.171875,9,0,0,0,0,0,8,10,3,0,0.17586538461538462
4182,ãgìcòaêm,2,36,9,10,6,0.16527777777777777,0,7,2,0,0,0,0,0,0,18,0.17586538461538462
4182,ãgìcòaêm,3,41,6,8,10,0.15195121951219515,0,0,5,1,0,0,0,0,0,0,0.17586538461538462
4182,ãgìcòaêm,4,34,1,4,3,0.18558823529411766,0,0,1,0,0,0,0,0,0,0,0.17586538461538462
4182,ãgìcòaêm,5,36,2,5,8,0.18305555555555555,0,0,0,1,1,0,0,0,0,0,0.17586538461538462
4182,ãgìcòaêm,6,29,0,4,6,0.20689655172413793,0,0,0,0,0,0,0,0,0,0,0.17586538461538462
4183,âFñÏñÌê∂,1,55,44,5,2,0.10909090909090909,41,0,0,0,3,0,2,5,4,0,0.12649606299212598
4183,âFñÏñÌê∂,2,38,9,13,8,0.1336842105263158,0,4,5,0,0,0,0,0,0,20,0.12649606299212598
4183,âFñÏñÌê∂,3,45,11,7,6,0.14822222222222223,0,3,6,1,1,0,0,0,0,0,0.12649606299212598
4183,âFñÏñÌê∂,4,49,9,2,11,0.12408163265306123,0,2,2,4,0,1,0,0,0,0,0.12649606299212598
4183,âFñÏñÌê∂,5,36,5,4,2,0.10472222222222222,0,1,2,2,0,0,0,0,0,0,0.12649606299212598
4183,âFñÏñÌê∂,6,31,3,1,3,0.14612903225806453,0,0,2,1,0,0,0,0,0,0,0.12649606299212598
4184,ìnÁ≤óYàÍòY,1,49,33,6,3,0.14510204081632655,31,0,0,0,2,0,3,8,4,0,0.16191666666666665
4184,ìnÁ≤óYàÍòY,2,37,8,12,3,0.16891891891891891,0,6,2,0,0,0,0,0,0,20,0.16191666666666665
4184,ìnÁ≤óYàÍòY,3,40,9,6,12,0.15150000000000002,0,1,3,4,0,1,0,0,0,0,0.16191666666666665
4184,ìnÁ≤óYàÍòY,4,38,5,9,9,0.15078947368421053,0,2,1,2,0,0,0,0,0,0,0.16191666666666665
4184,ìnÁ≤óYàÍòY,5,35,6,7,8,0.17514285714285713,0,0,1,5,0,0,0,0,0,0,0.16191666666666665
4184,ìnÁ≤óYàÍòY,6,41,4,8,5,0.1848780487804878,0,0,2,1,1,0,0,0,0,0,0.16191666666666665
4185,ì°å¥ê^ñÁ,1,8,1,3,0,0.1925,0,0,0,0,1,0,2,2,3,0,0.2063157894736842
4185,ì°å¥ê^ñÁ,2,8,1,0,0,0.21625,0,0,1,0,0,0,0,0,0,3,0.2063157894736842
4185,ì°å¥ê^ñÁ,3,11,0,1,0,0.17909090909090908,0,0,0,0,0,0,0,0,0,0,0.2063157894736842
4185,ì°å¥ê^ñÁ,4,9,1,0,0,0.18777777777777777,0,0,0,1,0,0,0,0,0,0,0.2063157894736842
4185,ì°å¥ê^ñÁ,5,10,0,1,2,0.236,0,0,0,0,0,0,0,0,0,0,0.2063157894736842
4185,ì°å¥ê^ñÁ,6,11,0,0,0,0.22454545454545452,0,0,0,0,0,0,0,0,0,0,0.2063157894736842
4186,è¨êÏéûåı,1,35,12,8,3,0.1417142857142857,12,0,0,0,0,0,7,5,7,0,0.15869346733668344
4186,è¨êÏéûåı,2,33,5,0,7,0.16696969696969696,0,2,2,0,1,0,0,0,0,10,0.15869346733668344
4186,è¨êÏéûåı,3,40,3,6,7,0.124,0,0,3,0,0,0,0,0,0,0,0.15869346733668344
4186,è¨êÏéûåı,4,34,4,5,6,0.1611764705882353,0,2,2,0,0,0,0,0,0,0,0.15869346733668344
4186,è¨êÏéûåı,5,30,0,1,3,0.17966666666666667,0,0,0,0,0,0,0,0,0,0,0.15869346733668344
4186,è¨êÏéûåı,6,27,0,0,0,0.19555555555555557,0,0,0,0,0,0,0,0,0,0,0.15869346733668344
4187,çÅêÏóFèÆ,1,1,0,0,0,0.25,0,0,0,0,0,0,0,1,0,0,0.13625
4187,çÅêÏóFèÆ,2,1,0,1,0,0.24,0,0,0,0,0,0,0,0,0,1,0.13625
4187,çÅêÏóFèÆ,3,1,0,0,0,0.12,0,0,0,0,0,0,0,0,0,0,0.13625
4187,çÅêÏóFèÆ,4,2,0,0,0,0.125,0,0,0,0,0,0,0,0,0,0,0.13625
4187,çÅêÏóFèÆ,5,2,1,0,0,0.065,0,0,0,1,0,0,0,0,0,0,0.13625
4187,çÅêÏóFèÆ,6,1,0,0,0,0.1,0,0,0,0,0,0,0,0,0,0,0.13625
4188,ãvìcïqîV,1,42,33,4,1,0.10976190476190477,33,0,0,0,0,0,2,4,3,0,0.12450000000000001
4188,ãvìcïqîV,2,32,7,8,5,0.1284375,1,5,1,0,0,0,0,0,0,17,0.12450000000000001
4188,ãvìcïqîV,3,36,7,9,5,0.1163888888888889,0,1,2,4,0,0,0,0,0,0,0.12450000000000001
4188,ãvìcïqîV,4,31,3,5,10,0.12774193548387097,0,0,3,0,0,0,0,0,0,0,0.12450000000000001
4188,ãvìcïqîV,5,31,5,7,4,0.12129032258064516,0,0,2,2,1,0,0,0,0,0,0.12450000000000001
4188,ãvìcïqîV,6,28,5,6,5,0.15250000000000002,0,1,1,3,0,0,0,0,0,0,0.12450000000000001
4189,êÏè„çÑ,1,78,57,7,6,0.1503846153846154,52,0,0,0,5,0,4,9,6,0,0.153841642228739
4189,êÏè„çÑ,2,57,9,16,13,0.1450877192982456,2,4,1,0,2,0,0,0,0,36,0.153841642228739
4189,êÏè„çÑ,3,63,7,22,14,0.14539682539682539,0,0,4,1,1,1,0,0,0,0,0.153841642228739
4189,êÏè„çÑ,4,61,7,12,14,0.16245901639344262,0,1,3,3,0,0,0,0,0,0,0.153841642228739
4189,êÏè„çÑ,5,40,5,3,9,0.15475,0,1,1,3,0,0,0,0,0,0,0.153841642228739
4189,êÏè„çÑ,6,42,2,7,11,0.17142857142857143,0,0,1,1,0,0,0,0,0,0,0.153841642228739
4190,í∑ìàñúãL,1,59,46,3,4,0.14322033898305084,42,0,0,0,4,0,1,8,1,0,0.15003496503496505
4190,í∑ìàñúãL,2,47,11,11,8,0.1493617021276596,1,4,5,0,1,0,0,0,0,23,0.15003496503496505
4190,í∑ìàñúãL,3,52,8,15,14,0.14884615384615385,0,1,4,1,2,0,0,0,0,0,0.15003496503496505
4190,í∑ìàñúãL,4,50,8,18,13,0.1396,0,2,2,3,1,0,0,0,0,0,0.15003496503496505
4190,í∑ìàñúãL,5,46,5,7,12,0.15065217391304347,0,0,1,1,2,1,0,0,0,0,0.15003496503496505
4190,í∑ìàñúãL,6,32,0,4,9,0.1809375,0,0,0,0,0,0,0,0,0,0,0.15003496503496505
4191,ê‘âHçéñÁ,1,46,32,6,2,0.14326086956521739,28,0,0,0,4,0,5,4,4,0,0.14663967611336032
4191,ê‘âHçéñÁ,2,42,12,14,4,0.14095238095238094,0,7,2,0,2,1,0,0,0,20,0.14663967611336032
4191,ê‘âHçéñÁ,3,44,10,13,9,0.14181818181818182,0,0,4,3,3,0,0,0,0,0,0.14663967611336032
4191,ê‘âHçéñÁ,4,45,4,9,13,0.15155555555555555,0,2,0,2,0,0,0,0,0,0,0.14663967611336032
4191,ê‘âHçéñÁ,5,36,2,10,10,0.16194444444444445,0,0,1,1,0,0,0,0,0,0,0.14663967611336032
4191,ê‘âHçéñÁ,6,34,0,8,6,0.14176470588235296,0,0,0,0,0,0,0,0,0,0,0.14663967611336032
4193,ãΩå¥èÕïΩ,1,58,47,7,2,0.13327586206896552,46,0,0,0,1,0,3,3,5,0,0.15203065134099616
4193,ãΩå¥èÕïΩ,2,42,2,15,6,0.1573809523809524,0,2,0,0,0,0,0,0,0,25,0.15203065134099616
4193,ãΩå¥èÕïΩ,3,42,6,12,9,0.15452380952380954,0,2,2,1,1,0,0,0,0,0,0.15203065134099616
4193,ãΩå¥èÕïΩ,4,40,5,15,8,0.15675,0,0,3,2,0,0,0,0,0,0,0.15203065134099616
4193,ãΩå¥èÕïΩ,5,41,3,8,10,0.15341463414634146,0,0,1,2,0,0,0,0,0,0,0.15203065134099616
4193,ãΩå¥èÕïΩ,6,38,5,2,7,0.1655263157894737,0,2,1,2,0,0,0,0,0,0,0.15203065134099616
4195,ëOêÏéÁék,1,41,23,5,4,0.16560975609756098,23,0,0,0,0,0,6,6,6,0,0.15380090497737559
4195,ëOêÏéÁék,2,32,3,9,7,0.15625,0,2,1,0,0,0,0,0,0,18,0.15380090497737559
4195,ëOêÏéÁék,3,40,7,7,7,0.144,0,0,6,0,1,0,0,0,0,0,0.15380090497737559
4195,ëOêÏéÁék,4,41,3,4,15,0.1431707317073171,0,0,1,2,0,0,0,0,0,0,0.15380090497737559
4195,ëOêÏéÁék,5,28,1,2,5,0.13964285714285715,0,0,0,1,0,0,0,0,0,0,0.15380090497737559
4195,ëOêÏéÁék,6,39,1,2,6,0.17076923076923078,0,0,0,1,0,0,0,0,0,0,0.15380090497737559
4196,ìcíÜëæàÍòY,1,27,12,4,2,0.19333333333333333,10,0,0,0,2,0,4,5,4,0,0.18341346153846153
4196,ìcíÜëæàÍòY,2,39,3,7,5,0.18282051282051281,0,3,0,0,0,0,0,0,0,24,0.18341346153846153
4196,ìcíÜëæàÍòY,3,33,3,4,4,0.17515151515151517,0,1,0,2,0,0,0,0,0,0,0.18341346153846153
4196,ìcíÜëæàÍòY,4,34,4,4,7,0.1673529411764706,0,0,3,1,0,0,0,0,0,0,0.18341346153846153
4196,ìcíÜëæàÍòY,5,40,0,9,8,0.18475,0,0,0,0,0,0,0,0,0,0,0.18341346153846153
4196,ìcíÜëæàÍòY,6,35,2,1,3,0.1982857142857143,0,1,1,0,0,0,0,0,0,0,0.18341346153846153
4197,à≠î¸ëÏòY,1,32,11,6,5,0.1709375,11,0,0,0,0,0,5,9,2,0,0.19163090128755364
4197,à≠î¸ëÏòY,2,48,4,4,13,0.178125,1,2,1,0,0,0,0,0,0,23,0.19163090128755364
4197,à≠î¸ëÏòY,3,45,6,9,4,0.18711111111111112,0,0,4,2,0,0,0,0,0,0,0.19163090128755364
4197,à≠î¸ëÏòY,4,35,3,3,5,0.19485714285714287,0,1,1,1,0,0,0,0,0,0,0.19163090128755364
4197,à≠î¸ëÏòY,5,40,0,2,3,0.20625,0,0,0,0,0,0,0,0,0,0,0.19163090128755364
4197,à≠î¸ëÏòY,6,33,1,0,5,0.21636363636363637,0,0,0,1,0,0,0,0,0,0,0.19163090128755364
4198,è¿ìcçéïF,1,19,5,2,4,0.17421052631578948,5,0,0,0,0,0,5,4,1,0,0.2018831168831169
4198,è¿ìcçéïF,2,30,1,4,6,0.195,0,1,0,0,0,0,0,0,0,17,0.2018831168831169
4198,è¿ìcçéïF,3,29,1,0,7,0.1910344827586207,0,0,1,0,0,0,0,0,0,0,0.2018831168831169
4198,è¿ìcçéïF,4,28,1,1,4,0.20964285714285716,0,0,1,0,0,0,0,0,0,0,0.2018831168831169
4198,è¿ìcçéïF,5,26,0,2,4,0.21,0,0,0,0,0,0,0,0,0,0,0.2018831168831169
4198,è¿ìcçéïF,6,22,0,0,0,0.23,0,0,0,0,0,0,0,0,0,0,0.2018831168831169
4199,ñkêÏèÅìÒ,1,55,29,12,7,0.15745454545454546,26,0,0,0,3,0,6,9,9,0,0.15347169811320754
4199,ñkêÏèÅìÒ,2,42,8,17,8,0.14095238095238094,1,5,2,0,0,0,0,0,0,22,0.15347169811320754
4199,ñkêÏèÅìÒ,3,44,5,11,12,0.12840909090909092,0,2,0,2,0,1,0,0,0,0,0.15347169811320754
4199,ñkêÏèÅìÒ,4,41,6,9,13,0.16609756097560976,0,3,1,1,1,0,0,0,0,0,0.15347169811320754
4199,ñkêÏèÅìÒ,5,42,4,12,8,0.17642857142857143,0,1,3,0,0,0,0,0,0,0,0.15347169811320754
4199,ñkêÏèÅìÒ,6,41,6,12,10,0.15170731707317073,0,0,3,2,1,0,0,0,0,0,0.15347169811320754
4200,ëÅêÏèÆêl,1,32,6,10,6,0.19,6,0,0,0,0,0,9,12,5,0,0.17793991416309013
4200,ëÅêÏèÆêl,2,42,4,13,5,0.17761904761904762,0,2,1,0,0,1,0,0,0,26,0.17793991416309013
4200,ëÅêÏèÆêl,3,39,2,7,8,0.16589743589743589,0,0,0,2,0,0,0,0,0,0,0.17793991416309013
4200,ëÅêÏèÆêl,4,43,3,8,5,0.17744186046511629,0,0,2,1,0,0,0,0,0,0,0.17793991416309013
4200,ëÅêÏèÆêl,5,42,2,5,3,0.18404761904761907,0,1,0,1,0,0,0,0,0,0,0.17793991416309013
4200,ëÅêÏèÆêl,6,35,0,0,7,0.174,0,0,0,0,0,0,0,0,0,0,0.17793991416309013
4201,ç≤í|óFé˜,1,34,11,9,4,0.14735294117647058,10,0,0,0,1,0,6,6,5,0,0.15062780269058298
4201,ç≤í|óFé˜,2,43,7,8,6,0.16069767441860466,0,5,0,1,1,0,0,0,0,20,0.15062780269058298
4201,ç≤í|óFé˜,3,38,9,5,8,0.13763157894736844,0,1,5,1,2,0,0,0,0,0,0.15062780269058298
4201,ç≤í|óFé˜,4,39,3,9,10,0.14717948717948717,0,0,1,1,1,0,0,0,0,0,0.15062780269058298
4201,ç≤í|óFé˜,5,38,2,5,5,0.14368421052631578,0,0,0,2,0,0,0,0,0,0,0.15062780269058298
4201,ç≤í|óFé˜,6,31,0,3,6,0.16903225806451613,0,0,0,0,0,0,0,0,0,0,0.15062780269058298
4202,ïÇìcå\ç_,1,43,29,6,1,0.12697674418604651,29,0,0,0,0,0,3,3,8,0,0.1824820143884892
4202,ïÇìcå\ç_,2,50,6,13,12,0.1848,1,5,0,0,0,0,0,0,0,25,0.1824820143884892
4202,ïÇìcå\ç_,3,46,6,11,9,0.17891304347826087,0,1,3,2,0,0,0,0,0,0,0.1824820143884892
4202,ïÇìcå\ç_,4,43,4,3,5,0.1867441860465116,0,1,2,1,0,0,0,0,0,0,0.1824820143884892
4202,ïÇìcå\ç_,5,48,1,6,10,0.1864583333333333,0,0,0,1,0,0,0,0,0,0,0.1824820143884892
4202,ïÇìcå\ç_,6,48,0,4,8,0.22541666666666668,0,0,0,0,0,0,0,0,0,0,0.1824820143884892
4203,è¨ëqçNìT,1,29,11,5,4,0.1520689655172414,11,0,0,0,0,0,6,4,4,0,0.17605263157894738
4203,è¨ëqçNìT,2,33,5,11,2,0.19272727272727275,0,2,1,0,2,0,0,0,0,13,0.17605263157894738
4203,è¨ëqçNìT,3,34,6,8,2,0.1773529411764706,0,0,4,1,1,0,0,0,0,0,0.17605263157894738
4203,è¨ëqçNìT,4,38,4,6,5,0.1686842105263158,0,0,1,2,1,0,0,0,0,0,0.17605263157894738
4203,è¨ëqçNìT,5,30,2,1,4,0.17466666666666666,0,0,0,2,0,0,0,0,0,0,0.17605263157894738
4203,è¨ëqçNìT,6,26,0,1,0,0.19230769230769232,0,0,0,0,0,0,0,0,0,0,0.17605263157894738
4204,éƒìcëÂï„,1,35,10,7,6,0.16457142857142856,8,0,1,0,1,0,9,6,5,0,0.18611872146118721
4204,éƒìcëÂï„,2,40,8,10,7,0.172,0,7,1,0,0,0,0,0,0,13,0.18611872146118721
4204,éƒìcëÂï„,3,37,2,8,8,0.18837837837837837,0,0,1,1,0,0,0,0,0,0,0.18611872146118721
4204,éƒìcëÂï„,4,33,4,0,9,0.20030303030303032,0,2,2,0,0,0,0,0,0,0,0.18611872146118721
4204,éƒìcëÂï„,5,34,0,1,3,0.19147058823529411,0,0,0,0,0,0,0,0,0,0,0.18611872146118721
4204,éƒìcëÂï„,6,40,1,2,4,0.20074999999999998,0,1,0,0,0,0,0,0,0,0,0.18611872146118721
4205,éRå˚çÑ,1,69,55,8,4,0.10478260869565217,53,0,0,0,2,0,4,4,6,0,0.11797153024911032
4205,éRå˚çÑ,2,43,13,13,9,0.11511627906976744,3,7,3,0,0,0,0,0,0,21,0.11797153024911032
4205,éRå˚çÑ,3,43,10,9,9,0.12767441860465117,0,1,4,5,0,0,0,0,0,0,0.11797153024911032
4205,éRå˚çÑ,4,46,9,17,11,0.11782608695652173,0,3,3,1,2,0,0,0,0,0,0.11797153024911032
4205,éRå˚çÑ,5,37,4,16,9,0.11864864864864864,0,1,0,3,0,0,0,0,0,0,0.11797153024911032
4205,éRå˚çÑ,6,43,8,6,11,0.13186046511627908,0,2,1,4,0,1,0,0,0,0,0.11797153024911032
4207,èºâ∫àÍñÁ,1,42,28,10,2,0.12047619047619047,27,0,0,0,1,0,8,1,4,0,0.12320987654320988
4207,èºâ∫àÍñÁ,2,42,11,11,9,0.12380952380952381,0,3,6,0,1,1,0,0,0,17,0.12320987654320988
4207,èºâ∫àÍñÁ,3,39,10,10,6,0.1235897435897436,0,1,6,3,0,0,0,0,0,0,0.12320987654320988
4207,èºâ∫àÍñÁ,4,44,10,6,8,0.12227272727272727,0,0,7,1,2,0,0,0,0,0,0.12320987654320988
4207,èºâ∫àÍñÁ,5,39,6,9,4,0.11666666666666667,0,0,5,1,0,0,0,0,0,0,0.12320987654320988
4207,èºâ∫àÍñÁ,6,37,2,5,5,0.13324324324324324,0,0,2,0,0,0,0,0,0,0,0.12320987654320988
4208,éOâYâióù,1,60,41,11,4,0.1645,40,0,0,0,1,0,3,7,8,0,0.16155038759689921
4208,éOâYâióù,2,40,11,10,12,0.17475000000000002,1,7,3,0,0,0,0,0,0,19,0.16155038759689921
4208,éOâYâióù,3,43,5,12,11,0.16651162790697674,0,2,1,2,0,0,0,0,0,0,0.16155038759689921
4208,éOâYâióù,4,38,8,10,8,0.14763157894736842,0,0,4,3,1,0,0,0,0,0,0.16155038759689921
4208,éOâYâióù,5,37,2,5,7,0.16216216216216217,0,0,1,0,1,0,0,0,0,0,0.16155038759689921
4208,éOâYâióù,6,40,2,5,8,0.15125,0,0,0,1,1,0,0,0,0,0,0.16155038759689921
4209,ì°ìcó≥çO,1,32,18,3,3,0.1575,16,0,0,0,1,1,2,7,4,0,0.16470319634703195
4209,ì°ìcó≥çO,2,40,6,11,10,0.15525,0,4,0,0,1,1,0,0,0,25,0.16470319634703195
4209,ì°ìcó≥çO,3,37,3,10,7,0.1635135135135135,0,0,1,2,0,0,0,0,0,0,0.16470319634703195
4209,ì°ìcó≥çO,4,40,2,3,16,0.15825,0,0,1,1,0,0,0,0,0,0,0.16470319634703195
4209,ì°ìcó≥çO,5,41,0,8,5,0.17341463414634148,0,0,0,0,0,0,0,0,0,0,0.16470319634703195
4209,ì°ìcó≥çO,6,29,0,2,4,0.18379310344827587,0,0,0,0,0,0,0,0,0,0,0.16470319634703195
4210,èºë∫çNëæ,1,44,21,12,3,0.1815909090909091,20,0,0,0,1,0,8,7,4,0,0.18154545454545454
4210,èºë∫çNëæ,2,36,8,8,6,0.1936111111111111,0,6,2,0,0,0,0,0,0,14,0.18154545454545454
4210,èºë∫çNëæ,3,36,4,6,12,0.19166666666666668,0,2,0,2,0,0,0,0,0,0,0.18154545454545454
4210,èºë∫çNëæ,4,39,4,4,10,0.16897435897435897,0,2,0,0,2,0,0,0,0,0,0.18154545454545454
4210,èºë∫çNëæ,5,30,1,5,6,0.16833333333333333,0,0,1,0,0,0,0,0,0,0,0.18154545454545454
4210,èºë∫çNëæ,6,35,3,3,10,0.18400000000000002,0,0,1,1,1,0,0,0,0,0,0.18154545454545454
4211,ë∫ìcì÷,1,38,11,9,6,0.16342105263157894,11,0,0,0,0,0,6,6,12,0,0.1553076923076923
4211,ë∫ìcì÷,2,48,3,5,9,0.165,0,2,0,0,1,0,0,0,0,25,0.1553076923076923
4211,ë∫ìcì÷,3,47,5,14,12,0.15574468085106383,0,0,3,1,0,1,0,0,0,0,0.1553076923076923
4211,ë∫ìcì÷,4,45,3,6,6,0.1391111111111111,0,1,1,1,0,0,0,0,0,0,0.1553076923076923
4211,ë∫ìcì÷,5,43,0,4,3,0.14162790697674418,0,0,0,0,0,0,0,0,0,0,0.1553076923076923
4211,ë∫ìcì÷,6,39,1,3,7,0.1687179487179487,0,0,0,1,0,0,0,0,0,0,0.1553076923076923
4213,èdïxêLñÁ,1,29,7,5,6,0.1596551724137931,7,0,0,0,0,0,8,8,4,0,0.16286995515695069
4213,èdïxêLñÁ,2,42,0,6,13,0.16642857142857143,0,0,0,0,0,0,0,0,0,29,0.16286995515695069
4213,èdïxêLñÁ,3,43,2,6,10,0.17069767441860464,0,0,0,0,1,1,0,0,0,0,0.16286995515695069
4213,èdïxêLñÁ,4,42,1,2,12,0.15904761904761905,0,0,1,0,0,0,0,0,0,0,0.16286995515695069
4213,èdïxêLñÁ,5,38,2,3,5,0.16342105263157894,0,0,1,1,0,0,0,0,0,0,0.16286995515695069
4213,èdïxêLñÁ,6,29,1,1,3,0.15413793103448276,0,0,1,0,0,0,0,0,0,0,0.16286995515695069
4214,ó—óSâÓ,1,38,23,8,1,0.1563157894736842,22,0,0,0,1,0,4,5,6,0,0.17262008733624454
4214,ó—óSâÓ,2,43,7,11,6,0.16604651162790696,0,6,0,0,1,0,0,0,0,24,0.17262008733624454
4214,ó—óSâÓ,3,37,4,10,7,0.16513513513513514,0,2,0,2,0,0,0,0,0,0,0.17262008733624454
4214,ó—óSâÓ,4,42,7,8,15,0.16095238095238096,0,2,2,2,1,0,0,0,0,0,0.17262008733624454
4214,ó—óSâÓ,5,36,3,1,8,0.18444444444444444,0,0,1,2,0,0,0,0,0,0,0.17262008733624454
4214,ó—óSâÓ,6,33,0,2,6,0.21030303030303032,0,0,0,0,0,0,0,0,0,0,0.17262008733624454
4215,ãgìáèÀîV,1,30,12,5,4,0.214,12,0,0,0,0,0,2,9,5,0,0.19380090497737557
4215,ãgìáèÀîV,2,42,6,9,8,0.18214285714285716,1,5,0,0,0,0,0,0,0,24,0.19380090497737557
4215,ãgìáèÀîV,3,49,10,8,13,0.1836734693877551,0,2,3,4,1,0,0,0,0,0,0.19380090497737557
4215,ãgìáèÀîV,4,36,5,4,9,0.18472222222222223,0,0,4,1,0,0,0,0,0,0,0.19380090497737557
4215,ãgìáèÀîV,5,35,1,4,7,0.19485714285714287,0,0,0,1,0,0,0,0,0,0,0.19380090497737557
4215,ãgìáèÀîV,6,29,0,1,4,0.21689655172413794,0,0,0,0,0,0,0,0,0,0,0.19380090497737557
4216,êØâhé¢,1,52,35,11,2,0.11615384615384615,33,0,0,0,2,0,7,5,5,0,0.14055350553505536
4216,êØâhé¢,2,50,7,18,9,0.1414,0,4,3,0,0,0,0,0,0,27,0.14055350553505536
4216,êØâhé¢,3,43,7,10,12,0.133953488372093,0,1,1,5,0,0,0,0,0,0,0.14055350553505536
4216,êØâhé¢,4,40,5,12,5,0.12875,0,1,3,1,0,0,0,0,0,0,0.14055350553505536
4216,êØâhé¢,5,42,5,7,12,0.16642857142857143,0,0,0,4,1,0,0,0,0,0,0.14055350553505536
4216,êØâhé¢,6,44,1,5,7,0.16090909090909092,0,0,0,1,0,0,0,0,0,0,0.14055350553505536
4218,ãgêÏäÏåp,1,65,44,12,4,0.15169230769230768,40,0,0,0,3,1,8,9,2,0,0.17227118644067796
4218,ãgêÏäÏåp,2,43,5,18,6,0.1890697674418605,1,1,3,0,0,0,0,0,0,20,0.17227118644067796
4218,ãgêÏäÏåp,3,43,7,13,11,0.16023255813953488,0,1,4,1,1,0,0,0,0,0,0.17227118644067796
4218,ãgêÏäÏåp,4,47,4,12,17,0.17255319148936168,0,2,2,0,0,0,0,0,0,0,0.17227118644067796
4218,ãgêÏäÏåp,5,48,2,8,14,0.1847916666666667,0,0,0,1,1,0,0,0,0,0,0.17227118644067796
4218,ãgêÏäÏåp,6,49,1,12,9,0.18285714285714288,0,1,0,0,0,0,0,0,0,0,0.17227118644067796
4219,ñ{â™èüóò,1,33,6,8,4,0.15787878787878787,5,0,0,0,1,0,5,14,3,0,0.17338521400778212
4219,ñ{â™èüóò,2,46,3,14,7,0.1765217391304348,1,0,1,0,1,0,0,0,0,29,0.17338521400778212
4219,ñ{â™èüóò,3,49,1,5,12,0.1626530612244898,0,0,0,0,1,0,0,0,0,0,0.17338521400778212
4219,ñ{â™èüóò,4,43,4,5,6,0.18186046511627907,0,2,2,0,0,0,0,0,0,0,0.17338521400778212
4219,ñ{â™èüóò,5,42,0,5,3,0.1854761904761905,0,0,0,0,0,0,0,0,0,0,0.17338521400778212
4219,ñ{â™èüóò,6,44,1,2,5,0.17386363636363636,0,0,0,0,0,1,0,0,0,0,0.17338521400778212
4220,ê[êÏòaêm,1,50,38,3,3,0.1548,36,0,0,0,2,0,2,4,6,0,0.15514767932489454
4220,ê[êÏòaêm,2,40,10,13,4,0.1505,0,6,3,0,0,1,0,0,0,17,0.15514767932489454
4220,ê[êÏòaêm,3,42,5,10,9,0.15476190476190477,0,0,3,2,0,0,0,0,0,0,0.15514767932489454
4220,ê[êÏòaêm,4,34,8,6,6,0.13558823529411765,0,2,6,0,0,0,0,0,0,0,0.15514767932489454
4220,ê[êÏòaêm,5,32,1,7,6,0.17375000000000002,0,0,0,1,0,0,0,0,0,0,0.15514767932489454
4220,ê[êÏòaêm,6,39,1,3,8,0.16256410256410256,0,1,0,0,0,0,0,0,0,0,0.15514767932489454
4222,éRå˚çÇéu,1,19,6,6,2,0.18263157894736842,6,0,0,0,0,0,5,3,4,0,0.16183823529411767
4222,éRå˚çÇéu,2,26,6,4,2,0.16076923076923075,0,5,1,0,0,0,0,0,0,11,0.16183823529411767
4222,éRå˚çÇéu,3,25,1,4,6,0.1512,0,0,0,1,0,0,0,0,0,0,0.16183823529411767
4222,éRå˚çÇéu,4,21,4,2,5,0.1604761904761905,0,1,1,1,1,0,0,0,0,0,0.16183823529411767
4222,éRå˚çÇéu,5,25,1,3,5,0.16440000000000002,0,0,0,1,0,0,0,0,0,0,0.16183823529411767
4222,éRå˚çÇéu,6,20,0,1,3,0.155,0,0,0,0,0,0,0,0,0,0,0.16183823529411767
4224,ëÂã¥âhó¢â¿,1,39,26,4,4,0.1641025641025641,26,0,0,0,0,0,4,4,3,0,0.18045871559633028
4224,ëÂã¥âhó¢â¿,2,41,8,14,7,0.18951219512195122,0,6,2,0,0,0,0,0,0,17,0.18045871559633028
4224,ëÂã¥âhó¢â¿,3,39,8,9,9,0.16820512820512823,0,0,3,4,1,0,0,0,0,0,0.18045871559633028
4224,ëÂã¥âhó¢â¿,4,33,2,1,4,0.18212121212121213,0,0,2,0,0,0,0,0,0,0,0.18045871559633028
4224,ëÂã¥âhó¢â¿,5,33,2,5,2,0.18181818181818182,0,0,0,2,0,0,0,0,0,0,0.18045871559633028
4224,ëÂã¥âhó¢â¿,6,33,0,4,5,0.19999999999999998,0,0,0,0,0,0,0,0,0,0,0.18045871559633028
4225,ìyâÆêÁñæ,1,21,8,3,2,0.16857142857142857,8,0,0,0,0,0,3,7,3,0,0.17058333333333334
4225,ìyâÆêÁñæ,2,20,7,4,3,0.1575,0,4,2,0,1,0,0,0,0,9,0.17058333333333334
4225,ìyâÆêÁñæ,3,18,1,7,2,0.18777777777777777,0,1,0,0,0,0,0,0,0,0,0.17058333333333334
4225,ìyâÆêÁñæ,4,21,3,1,7,0.14904761904761904,0,2,1,0,0,0,0,0,0,0,0.17058333333333334
4225,ìyâÆêÁñæ,5,19,1,3,5,0.16631578947368422,0,0,1,0,0,0,0,0,0,0,0.17058333333333334
4225,ìyâÆêÁñæ,6,21,0,0,10,0.19571428571428573,0,0,0,0,0,0,0,0,0,0,0.17058333333333334
4226,ë∫ìcç_éi,1,26,10,4,5,0.19615384615384615,9,0,0,0,0,1,4,9,2,0,0.16707317073170733
4226,ë∫ìcç_éi,2,41,4,6,5,0.18390243902439024,0,2,2,0,0,0,0,0,0,25,0.16707317073170733
4226,ë∫ìcç_éi,3,41,2,5,6,0.16317073170731708,0,0,2,0,0,0,0,0,0,0,0.16707317073170733
4226,ë∫ìcç_éi,4,30,1,3,6,0.151,0,0,1,0,0,0,0,0,0,0,0.16707317073170733
4226,ë∫ìcç_éi,5,40,3,3,5,0.15125,0,0,0,2,1,0,0,0,0,0,0.16707317073170733
4226,ë∫ìcç_éi,6,27,0,1,2,0.16074074074074074,0,0,0,0,0,0,0,0,0,0,0.16707317073170733
4227,à¿íBóTé˜,1,60,49,4,1,0.1635,47,0,0,0,2,0,5,3,2,0,0.1500711743772242
4227,à¿íBóTé˜,2,44,7,17,9,0.13522727272727272,0,4,2,0,0,1,0,0,0,26,0.1500711743772242
4227,à¿íBóTé˜,3,45,8,14,12,0.14133333333333334,0,1,1,4,2,0,0,0,0,0,0.1500711743772242
4227,à¿íBóTé˜,4,47,4,9,10,0.13851063829787233,0,1,1,2,0,0,0,0,0,0,0.1500711743772242
4227,à¿íBóTé˜,5,44,7,9,7,0.14704545454545453,0,2,1,3,1,0,0,0,0,0,0.1500711743772242
4227,à¿íBóTé˜,6,41,2,4,11,0.17243902439024392,0,0,0,1,1,0,0,0,0,0,0.1500711743772242
4228,ãgìcêTìÒòY,1,43,20,7,8,0.16511627906976745,20,0,0,0,0,0,7,5,11,0,0.17615671641791045
4228,ãgìcêTìÒòY,2,47,3,13,5,0.18425531914893617,0,1,1,0,1,0,0,0,0,25,0.17615671641791045
4228,ãgìcêTìÒòY,3,49,11,9,7,0.17285714285714288,0,1,9,0,1,0,0,0,0,0,0.17615671641791045
4228,ãgìcêTìÒòY,4,46,5,7,7,0.17282608695652174,0,0,5,0,0,0,0,0,0,0,0.17615671641791045
4228,ãgìcêTìÒòY,5,47,6,8,9,0.18042553191489363,0,2,2,2,0,0,0,0,0,0,0.17615671641791045
4228,ãgìcêTìÒòY,6,36,1,4,2,0.18194444444444444,0,0,1,0,0,0,0,0,0,0,0.17615671641791045
4229,ésêÏî¸çG,1,15,5,3,3,0.13,5,0,0,0,0,0,8,0,2,0,0.2060576923076923
4229,ésêÏî¸çG,2,17,1,4,5,0.20823529411764707,0,1,0,0,0,0,0,0,0,10,0.2060576923076923
4229,ésêÏî¸çG,3,17,2,3,2,0.19117647058823528,0,1,0,0,1,0,0,0,0,0,0.2060576923076923
4229,ésêÏî¸çG,4,19,1,1,4,0.21473684210526317,0,1,0,0,0,0,0,0,0,0,0.2060576923076923
4229,ésêÏî¸çG,5,17,1,0,1,0.1923529411764706,0,0,0,0,0,1,0,0,0,0,0.2060576923076923
4229,ésêÏî¸çG,6,19,1,0,2,0.2810526315789474,0,0,0,0,1,0,0,0,0,0,0.2060576923076923
4230,‡_çËíºñÓ,1,58,45,6,3,0.14379310344827587,45,0,0,0,0,0,3,6,2,0,0.1431060606060606
4230,‡_çËíºñÓ,2,46,12,12,7,0.1356521739130435,1,4,7,0,0,0,0,0,0,22,0.1431060606060606
4230,‡_çËíºñÓ,3,43,16,7,10,0.12651162790697676,0,1,6,6,3,0,0,0,0,0,0.1431060606060606
4230,‡_çËíºñÓ,4,36,7,3,6,0.1413888888888889,0,1,5,1,0,0,0,0,0,0,0.1431060606060606
4230,‡_çËíºñÓ,5,39,4,13,4,0.1494871794871795,0,1,1,1,1,0,0,0,0,0,0.1431060606060606
4230,‡_çËíºñÓ,6,42,3,2,11,0.16285714285714287,0,2,1,0,0,0,0,0,0,0,0.1431060606060606
4231,óÈñÿóTó≤,1,29,15,6,1,0.1403448275862069,14,0,0,0,1,0,5,2,6,0,0.1687443946188341
4231,óÈñÿóTó≤,2,45,9,13,9,0.1448888888888889,0,5,4,0,0,0,0,0,0,19,0.1687443946188341
4231,óÈñÿóTó≤,3,43,7,8,7,0.17697674418604653,0,1,4,1,1,0,0,0,0,0,0.1687443946188341
4231,óÈñÿóTó≤,4,35,1,4,4,0.17485714285714285,0,0,0,1,0,0,0,0,0,0,0.1687443946188341
4231,óÈñÿóTó≤,5,35,0,3,2,0.19371428571428573,0,0,0,0,0,0,0,0,0,0,0.1687443946188341
4231,óÈñÿóTó≤,6,36,0,3,4,0.1813888888888889,0,0,0,0,0,0,0,0,0,0,0.1687443946188341
4232,ä}âÎóY,1,12,3,2,2,0.21166666666666667,3,0,0,0,0,0,2,6,1,0,0.17966386554621847
4232,ä}âÎóY,2,24,2,8,2,0.16958333333333334,0,2,0,0,0,0,0,0,0,15,0.17966386554621847
4232,ä}âÎóY,3,21,0,0,3,0.18761904761904763,0,0,0,0,0,0,0,0,0,0,0.17966386554621847
4232,ä}âÎóY,4,20,1,0,4,0.165,0,1,0,0,0,0,0,0,0,0,0.17966386554621847
4232,ä}âÎóY,5,22,0,0,2,0.19136363636363637,0,0,0,0,0,0,0,0,0,0,0.17966386554621847
4232,ä}âÎóY,6,20,0,2,1,0.166,0,0,0,0,0,0,0,0,0,0,0.17966386554621847
4233,ãTéRâÎçK,1,48,29,13,2,0.14625,26,0,0,0,3,0,11,1,7,0,0.1609920634920635
4233,ãTéRâÎçK,2,43,3,17,6,0.1513953488372093,0,2,0,1,0,0,0,0,0,24,0.1609920634920635
4233,ãTéRâÎçK,3,40,3,11,5,0.13425,0,0,0,3,0,0,0,0,0,0,0.1609920634920635
4233,ãTéRâÎçK,4,37,5,12,6,0.15405405405405406,0,2,0,1,1,1,0,0,0,0,0.1609920634920635
4233,ãTéRâÎçK,5,44,2,5,10,0.18363636363636363,0,0,0,1,1,0,0,0,0,0,0.1609920634920635
4233,ãTéRâÎçK,6,40,1,8,9,0.19724999999999998,0,1,0,0,0,0,0,0,0,0,0.1609920634920635
4234,ñÏëäçOéi,1,24,14,3,2,0.13375,14,0,0,0,0,0,2,4,3,0,0.15891304347826088
4234,ñÏëäçOéi,2,30,5,5,8,0.166,0,2,0,1,2,0,0,0,0,16,0.15891304347826088
4234,ñÏëäçOéi,3,38,1,12,8,0.13921052631578948,0,0,0,1,0,0,0,0,0,0,0.15891304347826088
4234,ñÏëäçOéi,4,32,1,9,5,0.1421875,0,0,1,0,0,0,0,0,0,0,0.15891304347826088
4234,ñÏëäçOéi,5,31,0,0,9,0.17709677419354838,0,0,0,0,0,0,0,0,0,0,0.15891304347826088
4234,ñÏëäçOéi,6,29,2,0,4,0.19724137931034483,0,0,0,1,1,0,0,0,0,0,0.15891304347826088
4236,èºë∫ïq,1,70,60,5,1,0.13457142857142856,59,0,0,0,1,0,3,3,2,0,0.12421875
4236,èºë∫ïq,2,36,8,14,6,0.11722222222222221,0,3,3,0,2,0,0,0,0,23,0.12421875
4236,èºë∫ïq,3,48,9,17,16,0.124375,0,0,4,4,1,0,0,0,0,0,0.12421875
4236,èºë∫ïq,4,39,6,15,8,0.11820512820512821,0,1,5,0,0,0,0,0,0,0,0.12421875
4236,èºë∫ïq,5,31,2,6,8,0.10806451612903226,0,0,1,1,0,0,0,0,0,0,0.12421875
4236,èºë∫ïq,6,32,3,5,11,0.1321875,0,0,2,0,0,1,0,0,0,0,0.12421875
4237,ëÂïıñL,1,60,46,10,0,0.1408333333333333,42,0,0,0,4,0,3,5,5,0,0.1492910447761194
4237,ëÂïıñL,2,45,15,11,8,0.14177777777777778,0,11,4,0,0,0,0,0,0,23,0.1492910447761194
4237,ëÂïıñL,3,44,6,9,14,0.14477272727272728,0,1,0,4,1,0,0,0,0,0,0.1492910447761194
4237,ëÂïıñL,4,42,5,11,7,0.1554761904761905,0,1,2,1,1,0,0,0,0,0,0.1492910447761194
4237,ëÂïıñL,5,38,4,3,12,0.14631578947368423,0,0,1,3,0,0,0,0,0,0,0.1492910447761194
4237,ëÂïıñL,6,39,4,5,8,0.17230769230769233,0,0,1,2,1,0,0,0,0,0,0.1492910447761194
4238,ì≈ìáêΩ,1,60,47,6,2,0.12050000000000001,46,0,0,0,1,0,0,7,5,0,0.12271186440677967
4238,ì≈ìáêΩ,2,34,14,9,5,0.12294117647058822,2,8,3,0,1,0,0,0,0,16,0.12271186440677967
4238,ì≈ìáêΩ,3,40,16,11,4,0.11499999999999999,0,3,7,6,0,0,0,0,0,0,0.12271186440677967
4238,ì≈ìáêΩ,4,33,6,10,5,0.11939393939393939,0,0,1,4,1,0,0,0,0,0,0.12271186440677967
4238,ì≈ìáêΩ,5,34,10,8,5,0.12705882352941178,0,4,2,3,1,0,0,0,0,0,0.12271186440677967
4238,ì≈ìáêΩ,6,35,9,3,6,0.134,0,1,3,4,1,0,0,0,0,0,0.12271186440677967
4239,í|ìcíCñÁ,1,61,54,4,3,0.12836065573770492,53,0,0,0,1,0,1,2,1,0,0.14470149253731343
4239,í|ìcíCñÁ,2,44,13,9,8,0.15159090909090908,0,10,0,0,3,0,0,0,0,19,0.14470149253731343
4239,í|ìcíCñÁ,3,42,8,11,11,0.11785714285714285,0,1,0,7,0,0,0,0,0,0,0.14470149253731343
4239,í|ìcíCñÁ,4,43,3,15,12,0.1544186046511628,0,1,0,2,0,0,0,0,0,0,0.14470149253731343
4239,í|ìcíCñÁ,5,44,5,7,12,0.1575,0,2,0,1,2,0,0,0,0,0,0.14470149253731343
4239,í|ìcíCñÁ,6,34,2,6,6,0.16941176470588235,0,0,0,2,0,0,0,0,0,0,0.14470149253731343
4240,ç°à‰óTóú,1,29,9,4,5,0.1620689655172414,9,0,0,0,0,0,8,7,3,0,0.1486413043478261
4240,ç°à‰óTóú,2,33,4,8,8,0.14484848484848487,0,2,1,0,1,0,0,0,0,15,0.1486413043478261
4240,ç°à‰óTóú,3,34,4,9,9,0.12470588235294118,0,1,2,1,0,0,0,0,0,0,0.1486413043478261
4240,ç°à‰óTóú,4,31,4,6,6,0.16806451612903225,0,0,2,2,0,0,0,0,0,0,0.1486413043478261
4240,ç°à‰óTóú,5,33,1,9,5,0.14212121212121212,0,0,0,0,1,0,0,0,0,0,0.1486413043478261
4240,ç°à‰óTóú,6,24,0,2,4,0.15541666666666668,0,0,0,0,0,0,0,0,0,0,0.1486413043478261
4241,ëÂã¯èdçK,1,33,19,6,2,0.18363636363636363,19,0,0,0,0,0,4,5,4,0,0.1742857142857143
4241,ëÂã¯èdçK,2,34,4,6,7,0.18588235294117647,0,3,1,0,0,0,0,0,0,17,0.1742857142857143
4241,ëÂã¯èdçK,3,35,3,8,8,0.16228571428571428,0,1,1,1,0,0,0,0,0,0,0.1742857142857143
4241,ëÂã¯èdçK,4,37,1,9,6,0.1635135135135135,0,0,0,1,0,0,0,0,0,0,0.1742857142857143
4241,ëÂã¯èdçK,5,36,0,3,10,0.17722222222222223,0,0,0,0,0,0,0,0,0,0,0.1742857142857143
4241,ëÂã¯èdçK,6,28,1,5,3,0.17464285714285713,0,0,0,1,0,0,0,0,0,0,0.1742857142857143
4244,óÈñÿê¨î¸,1,24,10,4,3,0.16541666666666668,10,0,0,0,0,0,5,8,1,0,0.14179347826086958
4244,óÈñÿê¨î¸,2,33,1,11,7,0.15181818181818182,0,0,1,0,0,0,0,0,0,23,0.14179347826086958
4244,óÈñÿê¨î¸,3,38,2,4,10,0.1286842105263158,0,0,1,0,1,0,0,0,0,0,0.14179347826086958
4244,óÈñÿê¨î¸,4,32,2,6,5,0.1075,0,1,0,1,0,0,0,0,0,0,0.14179347826086958
4244,óÈñÿê¨î¸,5,32,1,4,2,0.150625,0,0,0,1,0,0,0,0,0,0,0.14179347826086958
4244,óÈñÿê¨î¸,6,25,0,0,5,0.15839999999999999,0,0,0,0,0,0,0,0,0,0,0.14179347826086958
4245,çÇã¥íºç∆,1,30,10,7,4,0.19766666666666666,9,0,0,0,1,0,3,10,4,0,0.18783018867924528
4245,çÇã¥íºç∆,2,42,3,9,10,0.1969047619047619,0,2,1,0,0,0,0,0,0,24,0.18783018867924528
4245,çÇã¥íºç∆,3,36,1,9,7,0.17083333333333334,0,0,0,1,0,0,0,0,0,0,0.18783018867924528
4245,çÇã¥íºç∆,4,36,2,10,6,0.19083333333333333,0,1,0,0,1,0,0,0,0,0,0.18783018867924528
4245,çÇã¥íºç∆,5,37,1,0,8,0.18162162162162163,0,0,0,1,0,0,0,0,0,0,0.18783018867924528
4245,çÇã¥íºç∆,6,31,2,4,4,0.1896774193548387,0,1,0,1,0,0,0,0,0,0,0.18783018867924528
4246,äÏëΩìﬂóRâƒ,1,26,9,5,2,0.18692307692307694,9,0,0,0,0,0,5,8,1,0,0.1927179487179487
4246,äÏëΩìﬂóRâƒ,2,41,1,10,8,0.2026829268292683,0,1,0,0,0,0,0,0,0,20,0.1927179487179487
4246,äÏëΩìﬂóRâƒ,3,35,1,6,5,0.17085714285714287,0,0,0,0,1,0,0,0,0,0,0.1927179487179487
4246,äÏëΩìﬂóRâƒ,4,34,2,6,7,0.1864705882352941,0,1,0,1,0,0,0,0,0,0,0.1927179487179487
4246,äÏëΩìﬂóRâƒ,5,33,1,2,6,0.19515151515151516,0,1,0,0,0,0,0,0,0,0,0.1927179487179487
4246,äÏëΩìﬂóRâƒ,6,26,0,1,3,0.2173076923076923,0,0,0,0,0,0,0,0,0,0,0.1927179487179487
4247,Íéì°óD,1,44,25,5,5,0.1759090909090909,24,0,0,0,1,0,6,6,5,0,0.17217021276595745
4247,Íéì°óD,2,38,4,9,6,0.17657894736842106,0,2,1,0,1,0,0,0,0,20,0.17217021276595745
4247,Íéì°óD,3,40,3,8,12,0.14650000000000002,0,1,2,0,0,0,0,0,0,0,0.17217021276595745
4247,Íéì°óD,4,38,3,4,11,0.16263157894736843,0,2,1,0,0,0,0,0,0,0,0.17217021276595745
4247,Íéì°óD,5,32,2,1,6,0.17125,0,0,0,2,0,0,0,0,0,0,0.17217021276595745
4247,Íéì°óD,6,43,0,2,11,0.19744186046511628,0,0,0,0,0,0,0,0,0,0,0.17217021276595745
4248,â™ñ{ëÂ,1,29,9,8,2,0.1517241379310345,9,0,0,0,0,0,7,7,3,0,0.17609302325581394
4248,â™ñ{ëÂ,2,38,2,5,7,0.16026315789473683,0,1,0,1,0,0,0,0,0,23,0.17609302325581394
4248,â™ñ{ëÂ,3,36,2,2,9,0.17777777777777778,0,0,1,1,0,0,0,0,0,0,0.17609302325581394
4248,â™ñ{ëÂ,4,39,2,3,9,0.16,0,0,0,1,1,0,0,0,0,0,0.17609302325581394
4248,â™ñ{ëÂ,5,41,0,6,4,0.20804878048780487,0,0,0,0,0,0,0,0,0,0,0.17609302325581394
4248,â™ñ{ëÂ,6,32,0,0,6,0.19375,0,0,0,0,0,0,0,0,0,0,0.17609302325581394
4250,ì°êÏóòï∂,1,20,8,5,1,0.193,8,0,0,0,0,0,6,2,3,0,0.188187134502924
4250,ì°êÏóòï∂,2,34,2,7,5,0.185,0,1,1,0,0,0,0,0,0,20,0.188187134502924
4250,ì°êÏóòï∂,3,29,2,7,6,0.16896551724137931,0,0,2,0,0,0,0,0,0,0,0.188187134502924
4250,ì°êÏóòï∂,4,31,2,4,0,0.20451612903225805,0,2,0,0,0,0,0,0,0,0,0.188187134502924
4250,ì°êÏóòï∂,5,29,0,2,1,0.16620689655172416,0,0,0,0,0,0,0,0,0,0,0.188187134502924
4250,ì°êÏóòï∂,6,28,0,1,2,0.21321428571428572,0,0,0,0,0,0,0,0,0,0,0.188187134502924
4251,êÏçËêΩéu,1,31,11,5,1,0.1803225806451613,11,0,0,0,0,0,5,9,2,0,0.1871495327102804
4251,êÏçËêΩéu,2,36,6,8,6,0.2,0,6,0,0,0,0,0,0,0,20,0.1871495327102804
4251,êÏçËêΩéu,3,45,6,12,7,0.15244444444444444,0,1,1,3,1,0,0,0,0,0,0.1871495327102804
4251,êÏçËêΩéu,4,38,2,6,8,0.20526315789473684,0,1,0,1,0,0,0,0,0,0,0.1871495327102804
4251,êÏçËêΩéu,5,33,0,1,8,0.1990909090909091,0,0,0,0,0,0,0,0,0,0,0.1871495327102804
4251,êÏçËêΩéu,6,31,0,5,4,0.19451612903225807,0,0,0,0,0,0,0,0,0,0,0.1871495327102804
4252,èºâ∫ìNñÁ,1,26,11,2,2,0.1719230769230769,11,0,0,0,0,0,3,4,6,0,0.1706701030927835
4252,èºâ∫ìNñÁ,2,35,3,9,4,0.18942857142857142,0,2,1,0,0,0,0,0,0,19,0.1706701030927835
4252,èºâ∫ìNñÁ,3,33,2,7,5,0.1606060606060606,0,0,2,0,0,0,0,0,0,0,0.1706701030927835
4252,èºâ∫ìNñÁ,4,38,6,4,6,0.1605263157894737,0,0,3,3,0,0,0,0,0,0,0.1706701030927835
4252,èºâ∫ìNñÁ,5,37,1,2,3,0.16702702702702701,0,0,0,1,0,0,0,0,0,0,0.1706701030927835
4252,èºâ∫ìNñÁ,6,25,0,4,4,0.1772,0,0,0,0,0,0,0,0,0,0,0.1706701030927835
4253,êºêÏê^êl,1,38,18,11,7,0.14289473684210527,18,0,0,0,0,0,5,6,5,0,0.1819831223628692
4253,êºêÏê^êl,2,44,3,7,9,0.1815909090909091,0,2,0,0,0,1,0,0,0,21,0.1819831223628692
4253,êºêÏê^êl,3,45,1,4,7,0.18177777777777776,0,0,0,1,0,0,0,0,0,0,0.1819831223628692
4253,êºêÏê^êl,4,43,2,6,8,0.19488372093023257,0,2,0,0,0,0,0,0,0,0,0.1819831223628692
4253,êºêÏê^êl,5,35,0,2,6,0.2037142857142857,0,0,0,0,0,0,0,0,0,0,0.1819831223628692
4253,êºêÏê^êl,6,32,0,1,2,0.188125,0,0,0,0,0,0,0,0,0,0,0.1819831223628692
4254,êÏìáå\éi,1,48,32,10,1,0.14208333333333334,31,0,0,0,1,0,3,5,5,0,0.14825581395348839
4254,êÏìáå\éi,2,46,6,16,11,0.14195652173913045,0,5,1,0,0,0,0,0,0,26,0.14825581395348839
4254,êÏìáå\éi,3,42,5,12,10,0.14285714285714285,0,0,3,1,1,0,0,0,0,0,0.14825581395348839
4254,êÏìáå\éi,4,39,6,8,5,0.14615384615384616,0,2,2,2,0,0,0,0,0,0,0.14825581395348839
4254,êÏìáå\éi,5,40,0,4,12,0.14825,0,0,0,0,0,0,0,0,0,0,0.14825581395348839
4254,êÏìáå\éi,6,43,2,4,6,0.16906976744186047,0,1,0,1,0,0,0,0,0,0,0.14825581395348839
4256,ìnï”ç_éi,1,58,44,5,4,0.11982758620689656,39,1,0,0,4,0,2,6,4,0,0.14025925925925925
4256,ìnï”ç_éi,2,49,5,16,10,0.13673469387755102,0,4,1,0,0,0,0,0,0,31,0.14025925925925925
4256,ìnï”ç_éi,3,45,7,19,10,0.13844444444444445,0,0,3,4,0,0,0,0,0,0,0.14025925925925925
4256,ìnï”ç_éi,4,44,9,9,12,0.14409090909090908,0,2,4,2,1,0,0,0,0,0,0.14025925925925925
4256,ìnï”ç_éi,5,39,5,12,11,0.14435897435897435,0,1,1,1,2,0,0,0,0,0,0.14025925925925925
4256,ìnï”ç_éi,6,35,2,9,11,0.17200000000000001,0,0,1,1,0,0,0,0,0,0,0.14025925925925925
4257,å√êÏåí,1,45,29,5,3,0.14022222222222222,29,0,0,0,0,0,5,5,6,0,0.14260162601626017
4257,å√êÏåí,2,43,6,15,7,0.13,0,6,0,0,0,0,0,0,0,24,0.14260162601626017
4257,å√êÏåí,3,40,3,6,10,0.14350000000000002,0,0,1,2,0,0,0,0,0,0,0.14260162601626017
4257,å√êÏåí,4,40,7,4,4,0.1265,0,0,6,1,0,0,0,0,0,0,0.14260162601626017
4257,å√êÏåí,5,37,1,8,4,0.1572972972972973,0,0,0,1,0,0,0,0,0,0,0.14260162601626017
4257,å√êÏåí,6,41,0,3,6,0.16,0,0,0,0,0,0,0,0,0,0,0.14260162601626017
4258,ä÷ç™è≤êl,1,30,13,3,3,0.19733333333333333,13,0,0,0,0,0,2,12,3,0,0.18417525773195875
4258,ä÷ç™è≤êl,2,35,4,7,7,0.17314285714285713,0,1,1,0,2,0,0,0,0,17,0.18417525773195875
4258,ä÷ç™è≤êl,3,33,2,3,13,0.1806060606060606,0,0,2,0,0,0,0,0,0,0,0.18417525773195875
4258,ä÷ç™è≤êl,4,35,2,6,8,0.182,0,0,2,0,0,0,0,0,0,0,0.18417525773195875
4258,ä÷ç™è≤êl,5,33,0,3,9,0.1893939393939394,0,0,0,0,0,0,0,0,0,0,0.18417525773195875
4258,ä÷ç™è≤êl,6,28,1,0,8,0.18464285714285714,0,0,0,1,0,0,0,0,0,0,0.18417525773195875
4259,ê^íÎñæéu,1,60,40,10,6,0.12983333333333333,39,0,0,0,1,0,7,11,2,0,0.16088737201365189
4259,ê^íÎñæéu,2,49,7,14,5,0.15306122448979592,0,4,1,0,2,0,0,0,0,26,0.16088737201365189
4259,ê^íÎñæéu,3,50,6,14,14,0.1696,0,3,1,2,0,0,0,0,0,0,0.16088737201365189
4259,ê^íÎñæéu,4,47,5,9,12,0.17404255319148937,0,2,1,0,2,0,0,0,0,0,0.16088737201365189
4259,ê^íÎñæéu,5,43,1,4,9,0.16093023255813954,0,0,0,1,0,0,0,0,0,0,0.16088737201365189
4259,ê^íÎñæéu,6,44,1,3,10,0.18795454545454546,0,1,0,0,0,0,0,0,0,0,0.16088737201365189
4260,íÜâzîéãI,1,46,32,4,4,0.14934782608695651,27,0,0,0,5,0,6,2,5,0,0.1550199203187251
4260,íÜâzîéãI,2,38,5,12,9,0.1539473684210526,0,4,0,0,1,0,0,0,0,21,0.1550199203187251
4260,íÜâzîéãI,3,42,6,11,9,0.17238095238095238,0,1,2,3,0,0,0,0,0,0,0.1550199203187251
4260,íÜâzîéãI,4,39,3,6,3,0.13538461538461538,0,1,0,2,0,0,0,0,0,0,0.1550199203187251
4260,íÜâzîéãI,5,43,2,5,7,0.15558139534883722,0,0,0,2,0,0,0,0,0,0,0.1550199203187251
4260,íÜâzîéãI,6,43,0,3,8,0.16232558139534883,0,0,0,0,0,0,0,0,0,0,0.1550199203187251
4261,â™óSêb,1,52,36,11,0,0.16076923076923075,36,0,0,0,0,0,4,7,2,0,0.1618939393939394
4261,â™óSêb,2,44,6,18,6,0.16522727272727275,0,2,3,0,1,0,0,0,0,24,0.1618939393939394
4261,â™óSêb,3,43,8,6,11,0.1616279069767442,0,1,4,3,0,0,0,0,0,0,0.1618939393939394
4261,â™óSêb,4,48,7,10,10,0.165,0,1,1,4,1,0,0,0,0,0,0.1618939393939394
4261,â™óSêb,5,42,2,7,11,0.16214285714285714,0,0,0,2,0,0,0,0,0,0,0.1618939393939394
4261,â™óSêb,6,35,6,4,6,0.15514285714285714,0,0,0,5,0,1,0,0,0,0,0.1618939393939394
4262,înèÍãMñÁ,1,62,48,5,4,0.11580645161290322,46,0,0,0,2,0,4,3,6,0,0.13682481751824818
4262,înèÍãMñÁ,2,45,14,11,4,0.1391111111111111,0,8,3,1,2,0,0,0,0,21,0.13682481751824818
4262,înèÍãMñÁ,3,38,14,11,5,0.14605263157894735,0,0,2,10,2,0,0,0,0,0,0.13682481751824818
4262,înèÍãMñÁ,4,47,12,11,10,0.1370212765957447,0,5,3,1,3,0,0,0,0,0,0.13682481751824818
4262,înèÍãMñÁ,5,38,7,6,6,0.14105263157894737,0,0,0,4,3,0,0,0,0,0,0.13682481751824818
4262,înèÍãMñÁ,6,44,8,7,7,0.15227272727272728,0,0,1,6,1,0,0,0,0,0,0.13682481751824818
4263,ïêèdóYâÓ,1,51,41,7,2,0.1392156862745098,39,0,0,0,2,0,3,2,5,0,0.1548717948717949
4263,ïêèdóYâÓ,2,45,12,12,9,0.14444444444444443,0,9,2,1,0,0,0,0,0,22,0.1548717948717949
4263,ïêèdóYâÓ,3,32,7,9,4,0.1509375,0,2,2,3,0,0,0,0,0,0,0.1548717948717949
4263,ïêèdóYâÓ,4,33,7,2,9,0.14090909090909093,0,1,2,4,0,0,0,0,0,0,0.1548717948717949
4263,ïêèdóYâÓ,5,34,4,8,7,0.1723529411764706,0,0,1,3,0,0,0,0,0,0,0.1548717948717949
4263,ïêèdóYâÓ,6,39,2,0,9,0.18717948717948718,0,0,0,0,2,0,0,0,0,0,0.1548717948717949
4264,í∑îˆèÕïΩ,1,57,35,13,3,0.1475438596491228,30,0,0,0,5,0,8,3,9,0,0.162226148409894
4264,í∑îˆèÕïΩ,2,44,9,11,8,0.16386363636363635,0,7,2,0,0,0,0,0,0,21,0.162226148409894
4264,í∑îˆèÕïΩ,3,48,9,14,5,0.16041666666666668,0,1,4,2,2,0,0,0,0,0,0.162226148409894
4264,í∑îˆèÕïΩ,4,47,4,12,16,0.16340425531914893,0,0,3,1,0,0,0,0,0,0,0.162226148409894
4264,í∑îˆèÕïΩ,5,47,2,9,12,0.16170212765957448,0,0,1,1,0,0,0,0,0,0,0.162226148409894
4264,í∑îˆèÕïΩ,6,40,1,5,9,0.18275000000000002,0,0,0,1,0,0,0,0,0,0,0.162226148409894
4266,í∑ìcóäè@,1,51,46,2,0,0.11176470588235295,42,0,0,0,4,0,2,2,1,0,0.14154471544715447
4266,í∑ìcóäè@,2,42,8,13,7,0.14642857142857144,0,5,3,0,0,0,0,0,0,24,0.14154471544715447
4266,í∑ìcóäè@,3,40,7,16,5,0.12875,0,1,1,4,1,0,0,0,0,0,0.14154471544715447
4266,í∑ìcóäè@,4,33,3,9,8,0.14969696969696972,0,2,1,0,0,0,0,0,0,0,0.14154471544715447
4266,í∑ìcóäè@,5,35,7,2,9,0.14914285714285713,0,1,1,4,1,0,0,0,0,0,0.14154471544715447
4266,í∑ìcóäè@,6,45,5,9,9,0.17022222222222222,0,0,1,3,1,0,0,0,0,0,0.14154471544715447
4268,òaçáèrâÓ,1,15,2,3,1,0.20066666666666666,2,0,0,0,0,0,2,8,1,0,0.1815217391304348
4268,òaçáèrâÓ,2,22,1,6,3,0.1559090909090909,0,1,0,0,0,0,0,0,0,7,0.1815217391304348
4268,òaçáèrâÓ,3,26,2,6,5,0.17423076923076924,0,0,2,0,0,0,0,0,0,0,0.1815217391304348
4268,òaçáèrâÓ,4,21,1,0,4,0.16714285714285712,0,0,0,1,0,0,0,0,0,0,0.1815217391304348
4268,òaçáèrâÓ,5,29,0,3,1,0.19448275862068964,0,0,0,0,0,0,0,0,0,0,0.1815217391304348
4268,òaçáèrâÓ,6,25,0,3,2,0.1972,0,0,0,0,0,0,0,0,0,0,0.1815217391304348
4269,êôéRóTñÁ,1,52,35,10,2,0.14250000000000002,33,0,0,0,2,0,6,3,7,0,0.15867424242424244
4269,êôéRóTñÁ,2,44,9,13,4,0.16636363636363638,1,6,2,0,0,0,0,0,0,23,0.15867424242424244
4269,êôéRóTñÁ,3,45,5,12,7,0.164,0,0,1,1,3,0,0,0,0,0,0.15867424242424244
4269,êôéRóTñÁ,4,39,3,12,9,0.16666666666666666,0,0,1,2,0,0,0,0,0,0,0.15867424242424244
4269,êôéRóTñÁ,5,39,2,14,9,0.158974358974359,0,0,0,1,1,0,0,0,0,0,0.15867424242424244
4269,êôéRóTñÁ,6,45,3,6,5,0.15733333333333333,0,0,0,3,0,0,0,0,0,0,0.15867424242424244
4270,ä›ñ{óYãM,1,25,11,4,2,0.15839999999999999,10,0,1,0,0,0,10,1,3,0,0.17349726775956284
4270,ä›ñ{óYãM,2,31,1,13,5,0.15580645161290324,0,1,0,0,0,0,0,0,0,23,0.17349726775956284
4270,ä›ñ{óYãM,3,30,0,2,6,0.169,0,0,0,0,0,0,0,0,0,0,0.17349726775956284
4270,ä›ñ{óYãM,4,37,1,3,7,0.17162162162162162,0,0,1,0,0,0,0,0,0,0,0.17349726775956284
4270,ä›ñ{óYãM,5,32,0,3,7,0.174375,0,0,0,0,0,0,0,0,0,0,0.17349726775956284
4270,ä›ñ{óYãM,6,28,0,0,1,0.21285714285714286,0,0,0,0,0,0,0,0,0,0,0.17349726775956284
4271,êÏçËåˆñı,1,44,24,9,7,0.14181818181818182,23,0,0,0,1,0,6,2,10,0,0.14770114942528736
4271,êÏçËåˆñı,2,43,4,11,7,0.1272093023255814,0,2,1,0,1,0,0,0,0,24,0.14770114942528736
4271,êÏçËåˆñı,3,50,1,6,13,0.13940000000000002,0,0,0,1,0,0,0,0,0,0,0.14770114942528736
4271,êÏçËåˆñı,4,43,2,4,14,0.16093023255813954,0,1,1,0,0,0,0,0,0,0,0.14770114942528736
4271,êÏçËåˆñı,5,42,1,4,6,0.15357142857142858,0,0,0,1,0,0,0,0,0,0,0.14770114942528736
4271,êÏçËåˆñı,6,39,1,1,5,0.16666666666666666,0,1,0,0,0,0,0,0,0,0,0.14770114942528736
4272,ëÂèÍçLçF,1,35,13,8,6,0.1597142857142857,13,0,0,0,0,0,9,5,4,0,0.17012345679012347
4272,ëÂèÍçLçF,2,43,3,15,10,0.1811627906976744,0,3,0,0,0,0,0,0,0,20,0.17012345679012347
4272,ëÂèÍçLçF,3,41,5,10,8,0.1497560975609756,0,2,3,0,0,0,0,0,0,0,0.17012345679012347
4272,ëÂèÍçLçF,4,47,2,10,12,0.19042553191489361,0,0,2,0,0,0,0,0,0,0,0.17012345679012347
4272,ëÂèÍçLçF,5,40,1,8,11,0.16799999999999998,0,0,0,1,0,0,0,0,0,0,0.17012345679012347
4272,ëÂèÍçLçF,6,37,0,3,6,0.16621621621621624,0,0,0,0,0,0,0,0,0,0,0.17012345679012347
4273,ç≤ì°àÆ,1,34,13,8,4,0.16411764705882353,11,0,0,0,2,0,4,8,8,0,0.18426829268292683
4273,ç≤ì°àÆ,2,44,7,9,7,0.1965909090909091,0,3,4,0,0,0,0,0,0,18,0.18426829268292683
4273,ç≤ì°àÆ,3,52,6,13,14,0.17923076923076925,0,0,3,2,1,0,0,0,0,0,0.18426829268292683
4273,ç≤ì°àÆ,4,39,2,6,12,0.1941025641025641,0,0,1,0,1,0,0,0,0,0,0.18426829268292683
4273,ç≤ì°àÆ,5,43,4,7,8,0.1890697674418605,0,0,1,3,0,0,0,0,0,0,0.18426829268292683
4273,ç≤ì°àÆ,6,34,0,2,4,0.17882352941176471,0,0,0,0,0,0,0,0,0,0,0.18426829268292683
4274,í∑î®óFï„,1,35,17,5,8,0.13714285714285715,14,1,0,0,2,0,4,7,4,0,0.16566666666666666
4274,í∑î®óFï„,2,38,4,12,7,0.15078947368421053,0,3,0,0,1,0,0,0,0,21,0.16566666666666666
4274,í∑î®óFï„,3,36,1,5,9,0.1675,0,1,0,0,0,0,0,0,0,0,0.16566666666666666
4274,í∑î®óFï„,4,35,2,7,8,0.16428571428571428,0,0,1,1,0,0,0,0,0,0,0.16566666666666666
4274,í∑î®óFï„,5,34,4,4,4,0.20176470588235296,0,1,0,1,1,1,0,0,0,0,0.16566666666666666
4274,í∑î®óFï„,6,32,1,2,7,0.175625,0,1,0,0,0,0,0,0,0,0,0.16566666666666666
4275,êõñÏÇÕÇ‚Ç©,1,22,4,2,1,0.21818181818181817,4,0,0,0,0,0,3,9,6,0,0.18811320754716981
4275,êõñÏÇÕÇ‚Ç©,2,35,3,10,8,0.1814285714285714,0,1,0,0,2,0,0,0,0,19,0.18811320754716981
4275,êõñÏÇÕÇ‚Ç©,3,31,2,6,5,0.17580645161290323,0,0,2,0,0,0,0,0,0,0,0.18811320754716981
4275,êõñÏÇÕÇ‚Ç©,4,26,1,2,7,0.1676923076923077,0,0,0,1,0,0,0,0,0,0,0.18811320754716981
4275,êõñÏÇÕÇ‚Ç©,5,24,0,1,6,0.1975,0,0,0,0,0,0,0,0,0,0,0.18811320754716981
4275,êõñÏÇÕÇ‚Ç©,6,21,0,0,2,0.20047619047619047,0,0,0,0,0,0,0,0,0,0,0.18811320754716981
4276,óÈñÿèüîé,1,47,35,7,2,0.13042553191489362,33,0,0,0,2,0,6,1,4,0,0.1389237668161435
4276,óÈñÿèüîé,2,41,10,13,6,0.16,0,8,2,0,0,0,0,0,0,19,0.1389237668161435
4276,óÈñÿèüîé,3,34,7,13,6,0.1285294117647059,0,2,2,3,0,0,0,0,0,0,0.1389237668161435
4276,óÈñÿèüîé,4,33,10,10,3,0.11939393939393939,0,4,4,2,0,0,0,0,0,0,0.1389237668161435
4276,óÈñÿèüîé,5,31,4,6,6,0.13548387096774195,0,0,2,1,1,0,0,0,0,0,0.1389237668161435
4276,óÈñÿèüîé,6,37,4,10,6,0.15621621621621623,0,0,2,1,0,1,0,0,0,0,0.1389237668161435
4277,ã‡ìcëÂï„,1,28,16,7,0,0.14535714285714288,12,0,0,0,4,0,4,2,5,0,0.1474074074074074
4277,ã‡ìcëÂï„,2,34,4,7,6,0.165,0,3,1,0,0,0,0,0,0,22,0.1474074074074074
4277,ã‡ìcëÂï„,3,34,14,3,7,0.16705882352941176,0,2,8,4,0,0,0,0,0,0,0.1474074074074074
4277,ã‡ìcëÂï„,4,34,8,5,6,0.1323529411764706,0,0,7,1,0,0,0,0,0,0,0.1474074074074074
4277,ã‡ìcëÂï„,5,28,0,3,2,0.14107142857142857,0,0,0,0,0,0,0,0,0,0,0.1474074074074074
4277,ã‡ìcëÂï„,6,31,1,5,6,0.13064516129032258,0,0,0,1,0,0,0,0,0,0,0.1474074074074074
4278,ì°â™èrâÓ,1,49,36,5,5,0.12224489795918368,34,0,0,0,2,0,2,5,5,0,0.1348971193415638
4278,ì°â™èrâÓ,2,43,6,10,11,0.13488372093023254,0,5,0,0,1,0,0,0,0,28,0.1348971193415638
4278,ì°â™èrâÓ,3,37,7,14,7,0.13243243243243244,0,1,2,2,2,0,0,0,0,0,0.1348971193415638
4278,ì°â™èrâÓ,4,42,8,9,7,0.12976190476190477,0,2,1,3,1,1,0,0,0,0,0.1348971193415638
4278,ì°â™èrâÓ,5,38,3,8,8,0.14315789473684212,0,0,0,3,0,0,0,0,0,0,0.1348971193415638
4278,ì°â™èrâÓ,6,34,0,4,4,0.15294117647058825,0,0,0,0,0,0,0,0,0,0,0.1348971193415638
4281,ëÂ‡VëÂñ≤,1,27,11,3,9,0.1733333333333333,11,0,0,0,0,0,2,6,6,0,0.17076023391812864
4281,ëÂ‡VëÂñ≤,2,27,3,7,4,0.18333333333333335,0,3,0,0,0,0,0,0,0,12,0.17076023391812864
4281,ëÂ‡VëÂñ≤,3,34,2,7,6,0.165,0,0,0,2,0,0,0,0,0,0,0.17076023391812864
4281,ëÂ‡VëÂñ≤,4,25,1,5,13,0.16760000000000003,0,1,0,0,0,0,0,0,0,0,0.17076023391812864
4281,ëÂ‡VëÂñ≤,5,26,3,3,5,0.1580769230769231,0,0,1,2,0,0,0,0,0,0,0.17076023391812864
4281,ëÂ‡VëÂñ≤,6,32,0,3,6,0.176875,0,0,0,0,0,0,0,0,0,0,0.17076023391812864
4282,íÜêºóTéq,1,3,0,0,1,0.18000000000000002,0,0,0,0,0,0,1,1,1,0,0.16083333333333333
4282,íÜêºóTéq,2,5,0,0,0,0.164,0,0,0,0,0,0,0,0,0,2,0.16083333333333333
4282,íÜêºóTéq,3,4,0,0,1,0.17,0,0,0,0,0,0,0,0,0,0,0.16083333333333333
4282,íÜêºóTéq,4,5,1,1,0,0.16799999999999998,0,1,0,0,0,0,0,0,0,0,0.16083333333333333
4282,íÜêºóTéq,5,3,1,0,0,0.12333333333333334,0,0,0,1,0,0,0,0,0,0,0.16083333333333333
4282,íÜêºóTéq,6,4,0,0,0,0.1525,0,0,0,0,0,0,0,0,0,0,0.16083333333333333
4282,â©ã‡à‰óTéq,1,4,0,0,2,0.2025,0,0,0,0,0,0,1,2,1,0,0.17821428571428571
4282,â©ã‡à‰óTéq,2,5,0,1,1,0.20400000000000001,0,0,0,0,0,0,0,0,0,2,0.17821428571428571
4282,â©ã‡à‰óTéq,3,5,0,1,0,0.166,0,0,0,0,0,0,0,0,0,0,0.17821428571428571
4282,â©ã‡à‰óTéq,4,5,0,2,0,0.158,0,0,0,0,0,0,0,0,0,0,0.17821428571428571
4282,â©ã‡à‰óTéq,5,4,0,0,1,0.14,0,0,0,0,0,0,0,0,0,0,0.17821428571428571
4282,â©ã‡à‰óTéq,6,5,0,0,1,0.196,0,0,0,0,0,0,0,0,0,0,0.17821428571428571
4283,êŒà‰óTî¸,1,19,2,5,3,0.15,2,0,0,0,0,0,5,11,1,0,0.18193277310924372
4283,êŒà‰óTî¸,2,25,1,4,6,0.1888,0,0,0,0,0,1,0,0,0,13,0.18193277310924372
4283,êŒà‰óTî¸,3,21,1,2,2,0.16999999999999998,0,0,0,0,1,0,0,0,0,0,0.18193277310924372
4283,êŒà‰óTî¸,4,17,1,2,6,0.18588235294117647,0,0,1,0,0,0,0,0,0,0,0.18193277310924372
4283,êŒà‰óTî¸,5,22,0,1,7,0.2127272727272727,0,0,0,0,0,0,0,0,0,0,0.18193277310924372
4283,êŒà‰óTî¸,6,15,0,2,4,0.178,0,0,0,0,0,0,0,0,0,0,0.18193277310924372
4285,î∫è´ìT,1,27,6,10,1,0.15296296296296297,6,0,0,0,0,0,11,5,5,0,0.17081521739130434
4285,î∫è´ìT,2,33,3,2,7,0.16606060606060608,0,2,0,0,0,1,0,0,0,16,0.17081521739130434
4285,î∫è´ìT,3,38,1,4,4,0.14657894736842106,0,0,0,1,0,0,0,0,0,0,0.17081521739130434
4285,î∫è´ìT,4,34,1,2,4,0.19294117647058825,0,0,1,0,0,0,0,0,0,0,0.17081521739130434
4285,î∫è´ìT,5,30,1,3,2,0.17933333333333332,0,0,0,1,0,0,0,0,0,0,0.17081521739130434
4285,î∫è´ìT,6,22,0,0,1,0.19590909090909092,0,0,0,0,0,0,0,0,0,0,0.17081521739130434
4286,ïΩìcÇ≥Ç‚Ç©,1,57,36,11,5,0.16210526315789475,35,0,0,0,1,0,3,11,7,0,0.15481967213114753
4286,ïΩìcÇ≥Ç‚Ç©,2,53,8,16,14,0.15773584905660376,0,3,4,0,1,0,0,0,0,23,0.15481967213114753
4286,ïΩìcÇ≥Ç‚Ç©,3,52,11,13,10,0.1371153846153846,0,4,3,3,1,0,0,0,0,0,0.15481967213114753
4286,ïΩìcÇ≥Ç‚Ç©,4,58,3,8,13,0.1517241379310345,0,1,0,2,0,0,0,0,0,0,0.15481967213114753
4286,ïΩìcÇ≥Ç‚Ç©,5,48,3,9,5,0.1522916666666667,0,0,1,2,0,0,0,0,0,0,0.15481967213114753
4286,ïΩìcÇ≥Ç‚Ç©,6,37,3,1,3,0.17243243243243242,0,0,1,1,1,0,0,0,0,0,0.15481967213114753
4287,ç°à‰ãMém,1,73,48,13,7,0.14520547945205478,43,0,0,0,4,1,8,8,8,0,0.15246621621621623
4287,ç°à‰ãMém,2,40,10,15,5,0.15225,0,8,1,1,0,0,0,0,0,21,0.15246621621621623
4287,ç°à‰ãMém,3,48,12,15,8,0.15270833333333333,0,1,5,5,1,0,0,0,0,0,0.15246621621621623
4287,ç°à‰ãMém,4,47,8,22,7,0.15978723404255318,0,2,2,3,1,0,0,0,0,0,0.15246621621621623
4287,ç°à‰ãMém,5,45,5,8,8,0.15644444444444444,0,1,2,1,1,0,0,0,0,0,0.15246621621621623
4287,ç°à‰ãMém,6,43,3,9,11,0.15255813953488373,0,0,1,0,2,0,0,0,0,0,0.15246621621621623
4288,âiìcå[ìÒ,1,60,50,4,1,0.13533333333333336,46,0,0,0,4,0,6,1,2,0,0.14908000000000002
4288,âiìcå[ìÒ,2,47,10,20,8,0.1519148936170213,1,4,5,0,0,0,0,0,0,23,0.14908000000000002
4288,âiìcå[ìÒ,3,39,8,12,12,0.14307692307692307,0,0,5,3,0,0,0,0,0,0,0.14908000000000002
4288,âiìcå[ìÒ,4,38,5,14,10,0.15289473684210528,0,0,4,0,1,0,0,0,0,0,0.14908000000000002
4288,âiìcå[ìÒ,5,35,5,9,10,0.15885714285714284,0,0,4,1,0,0,0,0,0,0,0.14908000000000002
4288,âiìcå[ìÒ,6,31,5,3,11,0.16322580645161291,0,0,4,1,0,0,0,0,0,0,0.14908000000000002
4289,óéçáíºéq,1,50,43,5,2,0.1292,41,0,0,0,2,0,2,3,1,0,0.12650717703349282
4289,óéçáíºéq,2,34,13,8,7,0.12705882352941178,0,10,1,0,1,1,0,0,0,12,0.12650717703349282
4289,óéçáíºéq,3,34,6,17,4,0.09794117647058824,0,1,3,2,0,0,0,0,0,0,0.12650717703349282
4289,óéçáíºéq,4,34,4,9,12,0.13088235294117648,0,1,2,0,1,0,0,0,0,0,0.12650717703349282
4289,óéçáíºéq,5,25,2,5,6,0.12960000000000002,0,0,1,1,0,0,0,0,0,0,0.12650717703349282
4289,óéçáíºéq,6,32,2,5,9,0.145,0,1,0,1,0,0,0,0,0,0,0.12650717703349282
4290,àÓìcç_ìÒ,1,59,44,6,2,0.12728813559322033,41,0,0,0,3,0,9,3,1,0,0.13698245614035087
4290,àÓìcç_ìÒ,2,45,14,12,8,0.12088888888888889,0,7,7,0,0,0,0,0,0,20,0.13698245614035087
4290,àÓìcç_ìÒ,3,50,9,10,10,0.1504,0,1,1,6,1,0,0,0,0,0,0.13698245614035087
4290,àÓìcç_ìÒ,4,48,12,9,7,0.13125,0,3,6,2,1,0,0,0,0,0,0.13698245614035087
4290,àÓìcç_ìÒ,5,46,3,13,8,0.14717391304347827,0,0,0,2,1,0,0,0,0,0,0.13698245614035087
4290,àÓìcç_ìÒ,6,37,2,7,7,0.14864864864864866,0,0,1,1,0,0,0,0,0,0,0.13698245614035087
4292,ñÉê∂êTâÓ,1,56,35,11,4,0.1467857142857143,34,0,0,0,1,0,4,2,12,0,0.14365145228215767
4292,ñÉê∂êTâÓ,2,36,5,7,9,0.15333333333333335,0,4,0,0,1,0,0,0,0,21,0.14365145228215767
4292,ñÉê∂êTâÓ,3,40,13,8,10,0.157,0,2,2,9,0,0,0,0,0,0,0.14365145228215767
4292,ñÉê∂êTâÓ,4,39,4,14,4,0.13435897435897437,0,0,1,2,1,0,0,0,0,0,0.14365145228215767
4292,ñÉê∂êTâÓ,5,36,5,4,8,0.12333333333333335,0,0,0,5,0,0,0,0,0,0,0.14365145228215767
4292,ñÉê∂êTâÓ,6,34,3,2,6,0.14470588235294118,0,0,1,1,1,0,0,0,0,0,0.14365145228215767
4293,óÈñÿíqå[,1,35,21,8,4,0.12257142857142857,21,0,0,0,0,0,8,4,2,0,0.15597156398104267
4293,óÈñÿíqå[,2,34,3,8,13,0.1735294117647059,0,3,0,0,0,0,0,0,0,22,0.15597156398104267
4293,óÈñÿíqå[,3,39,3,6,8,0.1517948717948718,0,0,1,2,0,0,0,0,0,0,0.15597156398104267
4293,óÈñÿíqå[,4,36,1,7,14,0.17055555555555557,0,1,0,0,0,0,0,0,0,0,0.15597156398104267
4293,óÈñÿíqå[,5,35,4,3,8,0.15257142857142858,0,1,1,2,0,0,0,0,0,0,0.15597156398104267
4293,óÈñÿíqå[,6,32,0,0,6,0.16625,0,0,0,0,0,0,0,0,0,0,0.15597156398104267
4294,å√âÍî…ãP,1,32,24,5,2,0.145,22,0,0,0,2,0,1,4,3,0,0.1566896551724138
4294,å√âÍî…ãP,2,26,4,11,4,0.15653846153846154,0,4,0,0,0,0,0,0,0,14,0.1566896551724138
4294,å√âÍî…ãP,3,21,9,3,5,0.1619047619047619,0,0,5,3,1,0,0,0,0,0,0.1566896551724138
4294,å√âÍî…ãP,4,29,10,5,3,0.15586206896551727,0,0,5,5,0,0,0,0,0,0,0.1566896551724138
4294,å√âÍî…ãP,5,23,1,6,9,0.15739130434782608,0,0,0,1,0,0,0,0,0,0,0.1566896551724138
4294,å√âÍî…ãP,6,14,5,2,3,0.17642857142857143,0,1,1,3,0,0,0,0,0,0,0.1566896551724138
4295,è¨ç‚èÆç∆,1,48,35,10,2,0.12875,34,0,0,0,1,0,2,5,3,0,0.14271375464684016
4295,è¨ç‚èÆç∆,2,44,9,13,7,0.1275,0,5,4,0,0,0,0,0,0,21,0.14271375464684016
4295,è¨ç‚èÆç∆,3,44,8,15,11,0.11886363636363638,0,1,3,4,0,0,0,0,0,0,0.14271375464684016
4295,è¨ç‚èÆç∆,4,42,7,6,16,0.1538095238095238,0,0,2,5,0,0,0,0,0,0,0.14271375464684016
4295,è¨ç‚èÆç∆,5,44,5,5,15,0.14250000000000002,0,0,1,4,0,0,0,0,0,0,0.14271375464684016
4295,è¨ç‚èÆç∆,6,47,0,4,15,0.18382978723404256,0,0,0,0,0,0,0,0,0,0,0.14271375464684016
4296,â™çËã±óT,1,57,43,7,3,0.1298245614035088,40,0,0,0,3,0,2,8,3,0,0.1292962962962963
4296,â™çËã±óT,2,46,9,18,3,0.13543478260869565,0,5,2,0,2,0,0,0,0,22,0.1292962962962963
4296,â™çËã±óT,3,46,8,15,12,0.1241304347826087,0,0,2,6,0,0,0,0,0,0,0.1292962962962963
4296,â™çËã±óT,4,43,7,16,12,0.12186046511627907,0,1,1,3,2,0,0,0,0,0,0.1292962962962963
4296,â™çËã±óT,5,46,5,8,9,0.12543478260869567,0,0,0,3,2,0,0,0,0,0,0.1292962962962963
4296,â™çËã±óT,6,32,4,5,8,0.1425,0,2,0,1,1,0,0,0,0,0,0.1292962962962963
4297,éRìcìNñÁ,1,66,52,7,1,0.1343939393939394,52,0,0,0,0,0,4,4,5,0,0.11445229681978798
4297,éRìcìNñÁ,2,49,14,15,6,0.11897959183673469,0,10,2,1,1,0,0,0,0,27,0.11445229681978798
4297,éRìcìNñÁ,3,38,12,8,6,0.1013157894736842,0,0,8,4,0,0,0,0,0,0,0.11445229681978798
4297,éRìcìNñÁ,4,48,9,10,10,0.10208333333333335,0,1,4,3,0,1,0,0,0,0,0.11445229681978798
4297,éRìcìNñÁ,5,42,7,6,13,0.11119047619047619,0,0,5,2,0,0,0,0,0,0,0.11445229681978798
4297,éRìcìNñÁ,6,40,5,9,6,0.10674999999999998,0,2,1,0,2,0,0,0,0,0,0.11445229681978798
4298,ã{â∫å≥à˚,1,49,26,16,2,0.15489795918367347,22,0,0,0,4,0,8,6,4,0,0.1581985294117647
4298,ã{â∫å≥à˚,2,46,11,13,10,0.165,0,4,4,0,3,0,0,0,0,21,0.1581985294117647
4298,ã{â∫å≥à˚,3,53,4,19,15,0.15433962264150944,0,0,2,1,1,0,0,0,0,0,0.1581985294117647
4298,ã{â∫å≥à˚,4,44,8,6,12,0.15409090909090908,0,1,7,0,0,0,0,0,0,0,0.1581985294117647
4298,ã{â∫å≥à˚,5,47,3,4,9,0.14829787234042552,0,1,0,0,2,0,0,0,0,0,0.1581985294117647
4298,ã{â∫å≥à˚,6,33,1,5,9,0.17939393939393938,0,0,0,1,0,0,0,0,0,0,0.1581985294117647
4299,íÜìáç_ç∆,1,38,19,10,5,0.11921052631578948,16,0,0,0,2,1,5,5,5,0,0.13995391705069124
4299,íÜìáç_ç∆,2,34,1,11,4,0.14735294117647058,0,0,0,0,1,0,0,0,0,24,0.13995391705069124
4299,íÜìáç_ç∆,3,38,5,10,8,0.1394736842105263,0,2,1,2,0,0,0,0,0,0,0.13995391705069124
4299,íÜìáç_ç∆,4,34,7,3,9,0.15764705882352942,0,0,3,0,4,0,0,0,0,0,0.13995391705069124
4299,íÜìáç_ç∆,5,37,2,1,6,0.14027027027027028,0,0,1,1,0,0,0,0,0,0,0.13995391705069124
4299,íÜìáç_ç∆,6,36,0,1,6,0.13833333333333334,0,0,0,0,0,0,0,0,0,0,0.13995391705069124
4300,â¡ì°àª,1,28,15,7,2,0.16535714285714284,14,0,0,0,1,0,3,7,1,0,0.16680232558139535
4300,â¡ì°àª,2,30,4,11,5,0.13633333333333333,0,4,0,0,0,0,0,0,0,17,0.16680232558139535
4300,â¡ì°àª,3,28,1,6,5,0.165,0,0,1,0,0,0,0,0,0,0,0.16680232558139535
4300,â¡ì°àª,4,28,4,3,5,0.16392857142857142,0,0,2,1,1,0,0,0,0,0,0.16680232558139535
4300,â¡ì°àª,5,31,2,2,7,0.1703225806451613,0,0,0,2,0,0,0,0,0,0,0.16680232558139535
4300,â¡ì°àª,6,27,0,2,5,0.20296296296296298,0,0,0,0,0,0,0,0,0,0,0.16680232558139535
4301,ä÷óTñÁ,1,41,33,2,1,0.1353658536585366,33,0,0,0,0,0,5,1,0,0,0.15045226130653266
4301,ä÷óTñÁ,2,32,2,11,6,0.1478125,0,2,0,0,0,0,0,0,0,22,0.15045226130653266
4301,ä÷óTñÁ,3,35,7,7,5,0.1542857142857143,1,0,4,1,1,0,0,0,0,0,0.15045226130653266
4301,ä÷óTñÁ,4,30,3,3,6,0.157,0,1,2,0,0,0,0,0,0,0,0.15045226130653266
4301,ä÷óTñÁ,5,32,1,6,5,0.1409375,0,0,1,0,0,0,0,0,0,0,0.15045226130653266
4301,ä÷óTñÁ,6,29,5,2,3,0.17379310344827587,0,0,2,2,1,0,0,0,0,0,0.15045226130653266
4302,êºñÏ„ƒëæ,1,63,50,10,1,0.14666666666666667,50,0,0,0,0,0,3,2,8,0,0.1477857142857143
4302,êºñÏ„ƒëæ,2,42,7,15,9,0.1573809523809524,0,7,0,0,0,0,0,0,0,24,0.1477857142857143
4302,êºñÏ„ƒëæ,3,49,9,16,10,0.14183673469387756,1,0,1,6,1,0,0,0,0,0,0.1477857142857143
4302,êºñÏ„ƒëæ,4,50,7,14,12,0.1414,1,1,2,2,1,0,0,0,0,0,0.1477857142857143
4302,êºñÏ„ƒëæ,5,38,2,2,12,0.14973684210526317,0,0,0,2,0,0,0,0,0,0,0.1477857142857143
4302,êºñÏ„ƒëæ,6,38,2,7,8,0.1531578947368421,0,0,1,1,0,0,0,0,0,0,0.1477857142857143
4303,ñqå¥êí,1,35,15,6,7,0.164,15,0,0,0,0,0,4,9,5,0,0.19450413223140495
4303,ñqå¥êí,2,46,10,9,11,0.1656521739130435,1,6,1,1,1,0,0,0,0,22,0.19450413223140495
4303,ñqå¥êí,3,39,2,3,9,0.19128205128205128,0,0,1,1,0,0,0,0,0,0,0.19450413223140495
4303,ñqå¥êí,4,38,1,6,11,0.20552631578947367,0,0,1,0,0,0,0,0,0,0,0.19450413223140495
4303,ñqå¥êí,5,45,1,3,10,0.19866666666666666,0,1,0,0,0,0,0,0,0,0,0.19450413223140495
4303,ñqå¥êí,6,39,1,4,6,0.24358974358974358,0,0,0,1,0,0,0,0,0,0,0.19450413223140495
4304,ì°çËè¨ïSçá,1,43,25,2,7,0.14767441860465116,21,0,0,0,4,0,2,9,5,0,0.1311320754716981
4304,ì°çËè¨ïSçá,2,36,5,17,7,0.1288888888888889,0,0,2,0,3,0,0,0,0,19,0.1311320754716981
4304,ì°çËè¨ïSçá,3,42,4,13,12,0.1376190476190476,0,1,2,0,1,0,0,0,0,0,0.1311320754716981
4304,ì°çËè¨ïSçá,4,33,8,5,5,0.11181818181818182,0,0,3,4,1,0,0,0,0,0,0.1311320754716981
4304,ì°çËè¨ïSçá,5,27,2,6,3,0.12111111111111111,0,0,2,0,0,0,0,0,0,0,0.1311320754716981
4304,ì°çËè¨ïSçá,6,31,1,2,5,0.13129032258064516,0,0,0,0,1,0,0,0,0,0,0.1311320754716981
4305,ã‡éqëÒñÓ,1,46,32,7,0,0.12695652173913044,31,0,0,0,1,0,6,3,5,0,0.13842105263157894
4305,ã‡éqëÒñÓ,2,34,6,10,5,0.1335294117647059,0,5,0,0,0,1,0,0,0,17,0.13842105263157894
4305,ã‡éqëÒñÓ,3,51,6,11,13,0.13784313725490197,0,1,3,2,0,0,0,0,0,0,0.13842105263157894
4305,ã‡éqëÒñÓ,4,34,5,10,9,0.15235294117647058,0,0,3,2,0,0,0,0,0,0,0.13842105263157894
4305,ã‡éqëÒñÓ,5,30,4,4,10,0.13633333333333333,0,0,1,3,0,0,0,0,0,0,0.13842105263157894
4305,ã‡éqëÒñÓ,6,33,4,7,7,0.1478787878787879,0,1,1,2,0,0,0,0,0,0,0.13842105263157894
4306,î»ñˆèrå·,1,28,16,3,4,0.19964285714285715,14,0,0,0,2,0,3,8,1,0,0.18882352941176472
4306,î»ñˆèrå·,2,35,7,5,12,0.1842857142857143,0,3,4,0,0,0,0,0,0,17,0.18882352941176472
4306,î»ñˆèrå·,3,30,2,7,8,0.20299999999999999,0,1,0,0,1,0,0,0,0,0,0.18882352941176472
4306,î»ñˆèrå·,4,28,3,4,6,0.19,0,0,2,1,0,0,0,0,0,0,0.18882352941176472
4306,î»ñˆèrå·,5,36,3,3,10,0.1713888888888889,0,1,2,0,0,0,0,0,0,0,0.18882352941176472
4306,î»ñˆèrå·,6,30,1,2,10,0.18966666666666668,0,0,0,0,1,0,0,0,0,0,0.18882352941176472
4308,âÕë∫óπ,1,43,28,4,3,0.15627906976744185,28,0,0,0,0,0,3,7,4,0,0.16635467980295568
4308,âÕë∫óπ,2,35,5,13,8,0.17885714285714285,0,3,2,0,0,0,0,0,0,16,0.16635467980295568
4308,âÕë∫óπ,3,29,4,8,9,0.14482758620689656,0,0,1,3,0,0,0,0,0,0,0.16635467980295568
4308,âÕë∫óπ,4,33,3,8,6,0.18212121212121213,0,0,1,2,0,0,0,0,0,0,0.16635467980295568
4308,âÕë∫óπ,5,29,3,7,3,0.16827586206896553,0,0,0,2,1,0,0,0,0,0,0.16635467980295568
4308,âÕë∫óπ,6,34,3,2,14,0.16764705882352943,0,0,2,1,0,0,0,0,0,0,0.16635467980295568
4310,â°â∆„ƒàÍ,1,2,1,0,0,0.22999999999999998,1,0,0,0,0,0,1,0,0,0,0.1562962962962963
4310,â°â∆„ƒàÍ,2,6,0,1,4,0.16,0,0,0,0,0,0,0,0,0,2,0.1562962962962963
4310,â°â∆„ƒàÍ,3,4,0,1,0,0.11,0,0,0,0,0,0,0,0,0,0,0.1562962962962963
4310,â°â∆„ƒàÍ,4,6,0,0,1,0.12,0,0,0,0,0,0,0,0,0,0,0.1562962962962963
4310,â°â∆„ƒàÍ,5,5,1,0,0,0.174,0,0,0,1,0,0,0,0,0,0,0.1562962962962963
4310,â°â∆„ƒàÍ,6,4,0,0,0,0.1925,0,0,0,0,0,0,0,0,0,0,0.1562962962962963
4311,â™ë∫êm,1,65,56,5,2,0.11953846153846155,56,0,0,0,0,0,3,1,4,0,0.1404878048780488
4311,â™ë∫êm,2,52,13,17,12,0.1453846153846154,0,10,1,0,2,0,0,0,0,32,0.1404878048780488
4311,â™ë∫êm,3,43,8,15,11,0.13627906976744186,0,0,4,3,1,0,0,0,0,0,0.1404878048780488
4311,â™ë∫êm,4,43,10,12,8,0.13325581395348837,0,1,5,2,1,1,0,0,0,0,0.1404878048780488
4311,â™ë∫êm,5,42,7,11,9,0.15047619047619049,0,0,0,6,1,0,0,0,0,0,0.1404878048780488
4311,â™ë∫êm,6,42,0,9,14,0.16857142857142857,0,0,0,0,0,0,0,0,0,0,0.1404878048780488
4313,êºë∫î¸íqéq,1,58,43,6,4,0.11844827586206896,42,0,0,0,1,0,5,4,5,0,0.13684615384615384
4313,êºë∫î¸íqéq,2,42,9,12,8,0.14095238095238094,0,3,5,0,1,0,0,0,0,24,0.13684615384615384
4313,êºë∫î¸íqéq,3,43,6,10,13,0.14116279069767443,0,0,2,3,1,0,0,0,0,0,0.13684615384615384
4313,êºë∫î¸íqéq,4,43,6,7,9,0.11906976744186047,0,0,5,1,0,0,0,0,0,0,0.13684615384615384
4313,êºë∫î¸íqéq,5,36,2,7,5,0.13527777777777777,0,0,1,1,0,0,0,0,0,0,0.13684615384615384
4313,êºë∫î¸íqéq,6,38,0,2,13,0.17710526315789474,0,0,0,0,0,0,0,0,0,0,0.13684615384615384
4314,ê¬ñÿçKëæòY,1,42,21,9,6,0.15595238095238095,20,0,0,0,1,0,4,6,8,0,0.1457258064516129
4314,ê¬ñÿçKëæòY,2,40,6,10,9,0.14475,0,2,3,0,1,0,0,0,0,12,0.1457258064516129
4314,ê¬ñÿçKëæòY,3,43,4,11,5,0.1616279069767442,0,1,3,0,0,0,0,0,0,0,0.1457258064516129
4314,ê¬ñÿçKëæòY,4,42,12,6,6,0.11285714285714286,0,0,12,0,0,0,0,0,0,0,0.1457258064516129
4314,ê¬ñÿçKëæòY,5,41,2,8,5,0.13707317073170733,0,0,2,0,0,0,0,0,0,0,0.1457258064516129
4314,ê¬ñÿçKëæòY,6,40,2,0,5,0.16225,0,0,1,1,0,0,0,0,0,0,0.1457258064516129
4315,éRçËçVâÓ,1,40,22,6,4,0.17925,22,0,0,0,0,0,6,5,5,0,0.17833333333333334
4315,éRçËçVâÓ,2,34,5,10,3,0.1864705882352941,0,3,1,0,1,0,0,0,0,16,0.17833333333333334
4315,éRçËçVâÓ,3,43,4,11,11,0.16279069767441862,0,0,1,3,0,0,0,0,0,0,0.17833333333333334
4315,éRçËçVâÓ,4,37,4,5,8,0.17,0,0,1,2,1,0,0,0,0,0,0.17833333333333334
4315,éRçËçVâÓ,5,36,1,7,4,0.19583333333333333,0,0,0,1,0,0,0,0,0,0,0.17833333333333334
4315,éRçËçVâÓ,6,38,3,2,6,0.1792105263157895,0,0,0,3,0,0,0,0,0,0,0.17833333333333334
4316,éRå˚óTëæ,1,13,6,4,1,0.12769230769230772,5,0,0,0,1,0,2,2,2,0,0.17235955056179775
4316,éRå˚óTëæ,2,13,2,4,1,0.14076923076923079,0,1,1,0,0,0,0,0,0,6,0.17235955056179775
4316,éRå˚óTëæ,3,15,0,1,1,0.16533333333333333,0,0,0,0,0,0,0,0,0,0,0.17235955056179775
4316,éRå˚óTëæ,4,12,0,0,2,0.16833333333333333,0,0,0,0,0,0,0,0,0,0,0.17235955056179775
4316,éRå˚óTëæ,5,16,1,1,1,0.200625,0,0,0,1,0,0,0,0,0,0,0.17235955056179775
4316,éRå˚óTëæ,6,20,0,0,2,0.207,0,0,0,0,0,0,0,0,0,0,0.17235955056179775
4317,ñÿë∫é—óFäÛ,1,20,7,5,2,0.1325,7,0,0,0,0,0,4,6,2,0,0.15569444444444447
4317,ñÿë∫é—óFäÛ,2,28,0,7,4,0.17535714285714285,0,0,0,0,0,0,0,0,0,14,0.15569444444444447
4317,ñÿë∫é—óFäÛ,3,30,3,4,9,0.12633333333333333,0,1,2,0,0,0,0,0,0,0,0.15569444444444447
4317,ñÿë∫é—óFäÛ,4,20,1,6,4,0.1575,0,0,1,0,0,0,0,0,0,0,0.15569444444444447
4317,ñÿë∫é—óFäÛ,5,24,1,3,2,0.16458333333333333,0,0,0,0,1,0,0,0,0,0,0.15569444444444447
4317,ñÿë∫é—óFäÛ,6,22,0,0,2,0.18045454545454545,0,0,0,0,0,0,0,0,0,0,0.15569444444444447
4318,åKå¥è´åı,1,45,25,15,3,0.16777777777777778,23,0,0,0,2,0,6,7,6,0,0.16138339920948616
4318,åKå¥è´åı,2,48,16,15,4,0.168125,0,11,1,1,2,1,0,0,0,16,0.16138339920948616
4318,åKå¥è´åı,3,43,7,10,13,0.15744186046511627,0,2,2,3,0,0,0,0,0,0,0.16138339920948616
4318,åKå¥è´åı,4,41,1,8,11,0.15682926829268293,0,0,0,1,0,0,0,0,0,0,0.16138339920948616
4318,åKå¥è´åı,5,38,2,6,11,0.1568421052631579,0,1,0,1,0,0,0,0,0,0,0.16138339920948616
4318,åKå¥è´åı,6,38,2,5,10,0.15921052631578947,0,0,0,2,0,0,0,0,0,0,0.16138339920948616
4319,éOëÓèÅ,1,52,31,10,2,0.14557692307692308,30,0,0,0,1,0,5,5,7,0,0.15597014925373134
4319,éOëÓèÅ,2,50,16,14,6,0.1418,0,9,5,1,0,1,0,0,0,24,0.15597014925373134
4319,éOëÓèÅ,3,44,2,8,15,0.13590909090909092,0,0,0,2,0,0,0,0,0,0,0.15597014925373134
4319,éOëÓèÅ,4,41,5,8,14,0.15146341463414634,0,0,1,4,0,0,0,0,0,0,0.15597014925373134
4319,éOëÓèÅ,5,47,2,7,11,0.17106382978723403,0,0,0,2,0,0,0,0,0,0,0.15597014925373134
4319,éOëÓèÅ,6,34,3,2,8,0.20323529411764707,0,1,0,1,1,0,0,0,0,0,0.15597014925373134
4320,ïÙó≥ëæ,1,39,34,3,1,0.11923076923076924,34,0,0,0,0,0,2,2,0,0,0.11595890410958903
4320,ïÙó≥ëæ,2,21,5,5,3,0.11761904761904762,0,4,1,0,0,0,0,0,0,11,0.11595890410958903
4320,ïÙó≥ëæ,3,24,10,6,3,0.11708333333333333,1,1,2,5,1,0,0,0,0,0,0.11595890410958903
4320,ïÙó≥ëæ,4,21,3,6,7,0.0976190476190476,0,0,3,0,0,0,0,0,0,0,0.11595890410958903
4320,ïÙó≥ëæ,5,21,4,7,6,0.12666666666666668,0,0,1,3,0,0,0,0,0,0,0.11595890410958903
4320,ïÙó≥ëæ,6,20,3,9,2,0.1145,0,0,2,1,0,0,0,0,0,0,0.11595890410958903
4321,ä‚ìcóDàÍ,2,1,0,0,0,0.25,0,0,0,0,0,0,0,0,0,1,0.22666666666666668
4321,ä‚ìcóDàÍ,4,1,0,0,0,0.26,0,0,0,0,0,0,0,0,0,0,0.22666666666666668
4321,ä‚ìcóDàÍ,5,1,0,0,0,0.17,0,0,0,0,0,0,0,0,0,0,0.22666666666666668
4323,éRìcóCé˜,1,37,21,11,2,0.14054054054054055,21,0,0,0,0,0,8,4,4,0,0.16820000000000002
4323,éRìcóCé˜,2,31,2,11,5,0.1496774193548387,0,1,0,0,1,0,0,0,0,17,0.16820000000000002
4323,éRìcóCé˜,3,37,6,9,9,0.16108108108108107,0,0,2,4,0,0,0,0,0,0,0.16820000000000002
4323,éRìcóCé˜,4,30,5,5,5,0.17633333333333334,0,1,2,2,0,0,0,0,0,0,0.16820000000000002
4323,éRìcóCé˜,5,34,3,2,8,0.1758823529411765,0,0,2,1,0,0,0,0,0,0,0.16820000000000002
4323,éRìcóCé˜,6,31,0,2,8,0.21193548387096775,0,0,0,0,0,0,0,0,0,0,0.16820000000000002
4324,äCñÏçNéuòY,1,70,51,12,2,0.12442857142857144,51,0,0,0,0,0,8,7,2,0,0.1353020134228188
4324,äCñÏçNéuòY,2,50,14,15,10,0.1278,1,7,5,0,1,0,0,0,0,27,0.1353020134228188
4324,äCñÏçNéuòY,3,52,10,12,12,0.1376923076923077,0,0,0,10,0,0,0,0,0,0,0.1353020134228188
4324,äCñÏçNéuòY,4,48,7,7,13,0.12875,1,1,3,2,0,0,0,0,0,0,0.1353020134228188
4324,äCñÏçNéuòY,5,37,4,9,6,0.14702702702702702,0,0,2,2,0,0,0,0,0,0,0.1353020134228188
4324,äCñÏçNéuòY,6,41,3,9,8,0.15707317073170732,0,1,0,1,1,0,0,0,0,0,0.1353020134228188
4325,êVèoç_éi,1,32,19,8,1,0.1484375,19,0,0,0,0,0,2,6,4,0,0.14275132275132274
4325,êVèoç_éi,2,28,2,5,9,0.1575,0,1,1,0,0,0,0,0,0,16,0.14275132275132274
4325,êVèoç_éi,3,37,5,8,10,0.13351351351351354,0,0,2,2,1,0,0,0,0,0,0.14275132275132274
4325,êVèoç_éi,4,31,6,2,8,0.10516129032258065,0,0,5,1,0,0,0,0,0,0,0.14275132275132274
4325,êVèoç_éi,5,31,0,2,4,0.1464516129032258,0,0,0,0,0,0,0,0,0,0,0.14275132275132274
4325,êVèoç_éi,6,30,0,1,2,0.16933333333333334,0,0,0,0,0,0,0,0,0,0,0.14275132275132274
4327,â¡ì°„ƒ,1,32,14,5,3,0.1809375,14,0,0,0,0,0,8,2,8,0,0.2013397129186603
4327,â¡ì°„ƒ,2,35,9,4,9,0.174,0,5,4,0,0,0,0,0,0,14,0.2013397129186603
4327,â¡ì°„ƒ,3,39,3,7,9,0.20897435897435898,0,0,0,2,0,1,0,0,0,0,0.2013397129186603
4327,â¡ì°„ƒ,4,34,2,0,7,0.19,0,0,2,0,0,0,0,0,0,0,0.2013397129186603
4327,â¡ì°„ƒ,5,36,0,2,6,0.2386111111111111,0,0,0,0,0,0,0,0,0,0,0.2013397129186603
4327,â¡ì°„ƒ,6,33,0,2,5,0.21212121212121213,0,0,0,0,0,0,0,0,0,0,0.2013397129186603
4329,è¨èºëÏéi,1,30,14,7,4,0.11466666666666667,14,0,0,0,0,0,6,4,5,0,0.16688976377952755
4329,è¨èºëÏéi,2,50,9,17,13,0.1696,0,6,2,1,0,0,0,0,0,26,0.16688976377952755
4329,è¨èºëÏéi,3,48,3,13,8,0.163125,0,0,0,3,0,0,0,0,0,0,0.16688976377952755
4329,è¨èºëÏéi,4,49,1,6,14,0.1659183673469388,0,1,0,0,0,0,0,0,0,0,0.16688976377952755
4329,è¨èºëÏéi,5,37,1,5,9,0.18540540540540543,0,0,0,1,0,0,0,0,0,0,0.16688976377952755
4329,è¨èºëÏéi,6,40,0,0,6,0.19125,0,0,0,0,0,0,0,0,0,0,0.16688976377952755
4330,ìﬁê{å[ëæ,1,52,35,7,1,0.13096153846153846,35,0,0,0,0,0,3,4,6,0,0.13161572052401746
4330,ìﬁê{å[ëæ,2,36,12,14,5,0.12833333333333333,1,7,1,1,2,0,0,0,0,15,0.13161572052401746
4330,ìﬁê{å[ëæ,3,36,8,9,10,0.12638888888888888,0,1,3,0,3,1,0,0,0,0,0.13161572052401746
4330,ìﬁê{å[ëæ,4,39,6,5,13,0.13692307692307693,1,2,1,1,1,0,0,0,0,0,0.13161572052401746
4330,ìﬁê{å[ëæ,5,35,1,4,7,0.134,0,0,0,1,0,0,0,0,0,0,0.13161572052401746
4330,ìﬁê{å[ëæ,6,31,1,2,9,0.1332258064516129,0,0,0,1,0,0,0,0,0,0,0.13161572052401746
4331,éOçDóEêl,1,29,16,7,3,0.11896551724137931,13,1,0,0,2,0,6,2,1,0,0.15867021276595747
4331,éOçDóEêl,2,30,10,4,5,0.14466666666666667,0,10,0,0,0,0,0,0,0,13,0.15867021276595747
4331,éOçDóEêl,3,28,1,8,7,0.13714285714285715,0,1,0,0,0,0,0,0,0,0,0.15867021276595747
4331,éOçDóEêl,4,30,1,2,4,0.15666666666666668,0,1,0,0,0,0,0,0,0,0,0.15867021276595747
4331,éOçDóEêl,5,32,1,4,6,0.2009375,0,0,0,1,0,0,0,0,0,0,0.15867021276595747
4331,éOçDóEêl,6,39,0,1,4,0.1812820512820513,0,0,0,0,0,0,0,0,0,0,0.15867021276595747
4332,ë∫è„è≤àÍ,1,30,13,5,3,0.164,12,0,0,0,1,0,4,5,4,0,0.1558421052631579
4332,ë∫è„è≤àÍ,2,35,8,9,7,0.15257142857142858,0,5,1,1,1,0,0,0,0,17,0.1558421052631579
4332,ë∫è„è≤àÍ,3,37,0,10,9,0.12972972972972974,0,0,0,0,0,0,0,0,0,0,0.1558421052631579
4332,ë∫è„è≤àÍ,4,31,3,4,8,0.1703225806451613,0,0,0,2,1,0,0,0,0,0,0.1558421052631579
4332,ë∫è„è≤àÍ,5,30,1,5,5,0.16833333333333333,0,0,0,0,1,0,0,0,0,0,0.1558421052631579
4332,ë∫è„è≤àÍ,6,27,0,4,5,0.1562962962962963,0,0,0,0,0,0,0,0,0,0,0.1558421052631579
4333,ë∫ìcóFñÁ,1,22,7,6,4,0.17727272727272728,7,0,0,0,0,0,3,4,6,0,0.1684375
4333,ë∫ìcóFñÁ,2,32,2,8,4,0.1653125,1,1,0,0,0,0,0,0,0,19,0.1684375
4333,ë∫ìcóFñÁ,3,28,5,7,3,0.13642857142857143,1,1,2,0,0,1,0,0,0,0,0.1684375
4333,ë∫ìcóFñÁ,4,27,3,3,4,0.14703703703703705,0,1,2,0,0,0,0,0,0,0,0.1684375
4333,ë∫ìcóFñÁ,5,31,0,1,2,0.1835483870967742,0,0,0,0,0,0,0,0,0,0,0.1684375
4333,ë∫ìcóFñÁ,6,20,0,0,1,0.21400000000000002,0,0,0,0,0,0,0,0,0,0,0.1684375
4335,é·ó—è´,1,58,39,11,4,0.1260344827586207,37,0,0,0,2,0,5,5,8,0,0.12457564575645756
4335,é·ó—è´,2,42,15,8,6,0.12309523809523809,0,11,2,0,1,1,0,0,0,13,0.12457564575645756
4335,é·ó—è´,3,42,6,14,3,0.1280952380952381,0,1,2,3,0,0,0,0,0,0,0.12457564575645756
4335,é·ó—è´,4,43,5,11,11,0.11441860465116278,0,0,3,2,0,0,0,0,0,0,0.12457564575645756
4335,é·ó—è´,5,44,1,17,6,0.12409090909090909,0,0,1,0,0,0,0,0,0,0,0.12457564575645756
4335,é·ó—è´,6,42,3,6,14,0.13142857142857145,0,0,0,1,2,0,0,0,0,0,0.12457564575645756
4336,èºìcó≥în,1,33,24,3,1,0.1584848484848485,24,0,0,0,0,0,1,5,3,0,0.15422764227642274
4336,èºìcó≥în,2,44,4,14,10,0.14886363636363636,0,2,1,1,0,0,0,0,0,22,0.15422764227642274
4336,èºìcó≥în,3,45,4,13,11,0.14355555555555555,0,0,2,2,0,0,0,0,0,0,0.15422764227642274
4336,èºìcó≥în,4,43,2,2,6,0.16627906976744186,0,0,0,2,0,0,0,0,0,0,0.15422764227642274
4336,èºìcó≥în,5,45,2,6,14,0.15288888888888888,0,0,1,1,0,0,0,0,0,0,0.15422764227642274
4336,èºìcó≥în,6,36,0,4,5,0.1575,0,0,0,0,0,0,0,0,0,0,0.15422764227642274
4337,ïΩñ{ê^îV,1,47,32,10,2,0.12787234042553192,32,0,0,0,0,0,2,2,9,0,0.1316216216216216
4337,ïΩñ{ê^îV,2,33,10,6,3,0.14818181818181816,0,7,2,0,1,0,0,0,0,17,0.1316216216216216
4337,ïΩñ{ê^îV,3,37,7,12,5,0.11756756756756756,0,0,3,4,0,0,0,0,0,0,0.1316216216216216
4337,ïΩñ{ê^îV,4,34,5,9,5,0.13441176470588237,0,2,1,2,0,0,0,0,0,0,0.1316216216216216
4337,ïΩñ{ê^îV,5,37,6,7,4,0.13702702702702704,0,1,0,4,0,1,0,0,0,0,0.1316216216216216
4337,ïΩñ{ê^îV,6,34,0,2,9,0.12735294117647059,0,0,0,0,0,0,0,0,0,0,0.1316216216216216
4338,î—ìcâ¿ç],1,13,3,4,0,0.23153846153846155,2,0,0,0,0,1,8,1,1,0,0.21638888888888888
4338,î—ìcâ¿ç],2,14,1,1,3,0.24071428571428571,0,1,0,0,0,0,0,0,0,8,0.21638888888888888
4338,î—ìcâ¿ç],3,16,1,0,5,0.203125,0,0,1,0,0,0,0,0,0,0,0.21638888888888888
4338,î—ìcâ¿ç],4,10,0,0,2,0.20099999999999998,0,0,0,0,0,0,0,0,0,0,0.21638888888888888
4338,î—ìcâ¿ç],5,13,0,0,1,0.19307692307692306,0,0,0,0,0,0,0,0,0,0,0.21638888888888888
4338,î—ìcâ¿ç],6,6,0,0,0,0.23833333333333337,0,0,0,0,0,0,0,0,0,0,0.21638888888888888
4339,ïΩê£èÈå[,1,9,5,0,1,0.14222222222222222,5,0,0,0,0,0,2,2,0,0,0.1804225352112676
4339,ïΩê£èÈå[,2,13,1,6,1,0.15692307692307692,0,1,0,0,0,0,0,0,0,7,0.1804225352112676
4339,ïΩê£èÈå[,3,13,0,4,1,0.17615384615384616,0,0,0,0,0,0,0,0,0,0,0.1804225352112676
4339,ïΩê£èÈå[,4,13,0,2,1,0.2246153846153846,0,0,0,0,0,0,0,0,0,0,0.1804225352112676
4339,ïΩê£èÈå[,5,13,0,1,0,0.18153846153846157,0,0,0,0,0,0,0,0,0,0,0.1804225352112676
4339,ïΩê£èÈå[,6,10,0,0,0,0.192,0,0,0,0,0,0,0,0,0,0,0.1804225352112676
4340,ìyê´âÎñÁ,1,41,24,7,3,0.14536585365853658,19,0,0,0,5,0,5,6,5,0,0.18004032258064515
4340,ìyê´âÎñÁ,2,43,5,7,8,0.18372093023255814,0,4,1,0,0,0,0,0,0,20,0.18004032258064515
4340,ìyê´âÎñÁ,3,38,3,11,2,0.18210526315789474,0,0,1,2,0,0,0,0,0,0,0.18004032258064515
4340,ìyê´âÎñÁ,4,47,3,6,9,0.1674468085106383,0,0,2,1,0,0,0,0,0,0,0.18004032258064515
4340,ìyê´âÎñÁ,5,38,1,6,5,0.19052631578947368,0,0,0,1,0,0,0,0,0,0,0.18004032258064515
4340,ìyê´âÎñÁ,6,41,0,0,7,0.21365853658536585,0,0,0,0,0,0,0,0,0,0,0.18004032258064515
4342,íJñÏòBéu,1,54,34,8,3,0.1335185185185185,31,0,0,0,3,0,7,9,4,0,0.13145522388059702
4342,íJñÏòBéu,2,41,8,13,7,0.12341463414634148,0,3,4,1,0,0,0,0,0,20,0.13145522388059702
4342,íJñÏòBéu,3,42,14,11,6,0.1311904761904762,0,1,4,8,1,0,0,0,0,0,0.13145522388059702
4342,íJñÏòBéu,4,42,7,10,10,0.1323809523809524,0,1,6,0,0,0,0,0,0,0,0.13145522388059702
4342,íJñÏòBéu,5,39,7,9,10,0.13076923076923075,0,0,1,6,0,0,0,0,0,0,0.13145522388059702
4342,íJñÏòBéu,6,50,3,4,16,0.1358,0,0,1,1,1,0,0,0,0,0,0.13145522388059702
4343,ë∫â™å´,1,41,21,3,7,0.1648780487804878,21,0,0,0,0,0,5,7,7,0,0.1883464566929134
4343,ë∫â™å´,2,42,1,15,5,0.20285714285714285,0,1,0,0,0,0,0,0,0,21,0.1883464566929134
4343,ë∫â™å´,3,47,5,7,6,0.1768085106382979,0,1,1,1,2,0,0,0,0,0,0.1883464566929134
4343,ë∫â™å´,4,43,2,4,6,0.19627906976744186,0,0,0,1,1,0,0,0,0,0,0.1883464566929134
4343,ë∫â™å´,5,42,3,2,9,0.18928571428571428,0,0,0,3,0,0,0,0,0,0,0.1883464566929134
4343,ë∫â™å´,6,39,2,3,6,0.20153846153846156,0,0,0,2,0,0,0,0,0,0,0.1883464566929134
4344,êVìcóYéj,1,57,47,3,5,0.11491228070175438,46,0,0,0,1,0,2,4,2,0,0.13430962343096234
4344,êVìcóYéj,2,36,8,9,6,0.1338888888888889,1,6,0,0,0,1,0,0,0,24,0.13430962343096234
4344,êVìcóYéj,3,33,9,7,9,0.13484848484848486,0,0,1,7,1,0,0,0,0,0,0.13430962343096234
4344,êVìcóYéj,4,38,5,12,8,0.13710526315789473,0,3,1,1,0,0,0,0,0,0,0.13430962343096234
4344,êVìcóYéj,5,37,1,5,10,0.14594594594594595,0,0,0,1,0,0,0,0,0,0,0.13430962343096234
4344,êVìcóYéj,6,38,6,5,10,0.14921052631578946,0,1,1,2,1,1,0,0,0,0,0.13430962343096234
4345,êºä⁄åí,1,28,13,1,3,0.1767857142857143,13,0,0,0,0,0,4,8,1,0,0.18751479289940828
4345,êºä⁄åí,2,27,1,7,4,0.17407407407407408,0,1,0,0,0,0,0,0,0,10,0.18751479289940828
4345,êºä⁄åí,3,30,1,4,6,0.20633333333333334,0,0,0,0,1,0,0,0,0,0,0.18751479289940828
4345,êºä⁄åí,4,25,2,4,6,0.17800000000000002,0,0,1,1,0,0,0,0,0,0,0.18751479289940828
4345,êºä⁄åí,5,28,1,4,6,0.19,0,0,0,1,0,0,0,0,0,0,0.18751479289940828
4345,êºä⁄åí,6,31,2,1,5,0.19612903225806452,0,0,0,1,1,0,0,0,0,0,0.18751479289940828
4346,ëOìcåíëæòY,1,32,10,7,6,0.1690625,8,0,0,0,2,0,4,7,8,0,0.17512195121951218
4346,ëOìcåíëæòY,2,43,4,10,7,0.19767441860465115,0,4,0,0,0,0,0,0,0,22,0.17512195121951218
4346,ëOìcåíëæòY,3,41,4,11,4,0.1670731707317073,0,0,3,1,0,0,0,0,0,0,0.17512195121951218
4346,ëOìcåíëæòY,4,45,1,9,10,0.17266666666666666,0,0,1,0,0,0,0,0,0,0,0.17512195121951218
4346,ëOìcåíëæòY,5,50,1,4,7,0.183,0,0,0,0,1,0,0,0,0,0,0.17512195121951218
4346,ëOìcåíëæòY,6,35,1,2,6,0.1542857142857143,0,0,1,0,0,0,0,0,0,0,0.17512195121951218
4347,ãõíJçÅêD,1,29,19,2,5,0.13413793103448277,17,0,0,0,2,0,4,2,4,0,0.13912698412698413
4347,ãõíJçÅêD,2,23,7,6,6,0.14304347826086958,0,6,1,0,0,0,0,0,0,13,0.13912698412698413
4347,ãõíJçÅêD,3,21,6,9,2,0.1280952380952381,0,2,3,0,1,0,0,0,0,0,0.13912698412698413
4347,ãõíJçÅêD,4,21,4,1,9,0.15047619047619049,0,1,2,0,1,0,0,0,0,0,0.13912698412698413
4347,ãõíJçÅêD,5,17,0,5,4,0.1335294117647059,0,0,0,0,0,0,0,0,0,0,0.13912698412698413
4347,ãõíJçÅêD,6,15,1,2,2,0.14866666666666667,0,0,0,0,1,0,0,0,0,0,0.13912698412698413
4348,ã{çËèß,1,51,37,6,3,0.1396078431372549,36,0,0,0,1,0,3,3,7,0,0.16605072463768114
4348,ã{çËèß,2,52,15,18,3,0.1798076923076923,1,10,1,2,1,0,0,0,0,21,0.16605072463768114
4348,ã{çËèß,3,48,4,19,11,0.163125,0,1,1,0,2,0,0,0,0,0,0.16605072463768114
4348,ã{çËèß,4,45,4,14,9,0.16755555555555557,0,2,0,1,1,0,0,0,0,0,0.16605072463768114
4348,ã{çËèß,5,46,1,6,15,0.1656521739130435,0,0,0,1,0,0,0,0,0,0,0.16605072463768114
4348,ã{çËèß,6,34,0,3,5,0.18735294117647058,0,0,0,0,0,0,0,0,0,0,0.16605072463768114
4349,å¢ì∂êÁèH,1,39,16,13,3,0.14769230769230768,15,0,0,0,1,0,8,6,7,0,0.15436123348017622
4349,å¢ì∂êÁèH,2,42,6,6,13,0.16785714285714284,0,5,1,0,0,0,0,0,0,24,0.15436123348017622
4349,å¢ì∂êÁèH,3,38,3,6,8,0.16157894736842104,0,1,2,0,0,0,0,0,0,0,0.15436123348017622
4349,å¢ì∂êÁèH,4,32,3,11,4,0.1465625,0,1,2,0,0,0,0,0,0,0,0.15436123348017622
4349,å¢ì∂êÁèH,5,39,2,5,11,0.1494871794871795,0,0,1,0,1,0,0,0,0,0,0.15436123348017622
4349,å¢ì∂êÁèH,6,37,0,5,9,0.15054054054054056,0,0,0,0,0,0,0,0,0,0,0.15436123348017622
4350,é¬çËå≥éu,1,65,50,8,3,0.126,50,0,0,0,0,0,8,5,1,0,0.1388
4350,é¬çËå≥éu,2,49,11,16,7,0.12897959183673469,0,6,4,0,1,0,0,0,0,24,0.1388
4350,é¬çËå≥éu,3,34,7,11,4,0.14558823529411766,0,1,4,1,1,0,0,0,0,0,0.1388
4350,é¬çËå≥éu,4,42,3,9,15,0.1638095238095238,0,1,1,0,1,0,0,0,0,0,0.1388
4350,é¬çËå≥éu,5,47,1,12,12,0.1397872340425532,0,0,1,0,0,0,0,0,0,0,0.1388
4350,é¬çËå≥éu,6,38,4,7,9,0.13842105263157894,0,1,3,0,0,0,0,0,0,0,0.1388
4351,ó¢â™âEãM,1,63,50,7,2,0.13333333333333333,47,0,0,0,3,0,3,4,4,0,0.1326027397260274
4351,ó¢â™âEãM,2,57,10,20,15,0.1368421052631579,0,6,3,0,1,0,0,0,0,35,0.1326027397260274
4351,ó¢â™âEãM,3,46,5,10,15,0.12217391304347826,0,0,2,3,0,0,0,0,0,0,0.1326027397260274
4351,ó¢â™âEãM,4,47,7,15,8,0.13425531914893618,0,1,3,3,0,0,0,0,0,0,0.1326027397260274
4351,ó¢â™âEãM,5,42,4,15,9,0.13380952380952382,0,0,1,3,0,0,0,0,0,0,0.1326027397260274
4351,ó¢â™âEãM,6,37,0,3,13,0.1343243243243243,0,0,0,0,0,0,0,0,0,0,0.1326027397260274
4352,â∫ûäóYëæòY,1,58,40,10,3,0.12103448275862069,38,0,0,0,2,0,5,2,8,0,0.11991666666666667
4352,â∫ûäóYëæòY,2,39,7,16,8,0.12692307692307692,0,6,1,0,0,0,0,0,0,26,0.11991666666666667
4352,â∫ûäóYëæòY,3,34,7,13,7,0.10941176470588236,0,1,1,3,2,0,0,0,0,0,0.11991666666666667
4352,â∫ûäóYëæòY,4,35,7,6,9,0.12857142857142856,0,0,2,2,3,0,0,0,0,0,0.11991666666666667
4352,â∫ûäóYëæòY,5,35,3,8,9,0.11685714285714285,0,0,0,1,2,0,0,0,0,0,0.11991666666666667
4352,â∫ûäóYëæòY,6,39,4,5,12,0.11538461538461539,0,0,0,4,0,0,0,0,0,0,0.11991666666666667
4355,è¨êÏçLëÂ,1,26,6,7,5,0.17923076923076925,6,0,0,0,0,0,7,4,6,0,0.2030769230769231
4355,è¨êÏçLëÂ,2,41,4,9,7,0.1995121951219512,0,3,0,0,1,0,0,0,0,21,0.2030769230769231
4355,è¨êÏçLëÂ,3,43,1,3,13,0.1986046511627907,0,1,0,0,0,0,0,0,0,0,0.2030769230769231
4355,è¨êÏçLëÂ,4,39,1,6,8,0.21,0,1,0,0,0,0,0,0,0,0,0.2030769230769231
4355,è¨êÏçLëÂ,5,40,3,4,4,0.19775,0,1,1,1,0,0,0,0,0,0,0.2030769230769231
4355,è¨êÏçLëÂ,6,32,0,1,2,0.23125,0,0,0,0,0,0,0,0,0,0,0.2030769230769231
4356,í∑â™ó«ñÁ,1,60,48,5,3,0.1355,46,0,0,0,2,0,3,6,1,0,0.1554732510288066
4356,í∑â™ó«ñÁ,2,39,6,18,4,0.14487179487179488,0,1,4,0,1,0,0,0,0,24,0.1554732510288066
4356,í∑â™ó«ñÁ,3,36,5,10,11,0.16805555555555554,1,1,2,1,0,0,0,0,0,0,0.1554732510288066
4356,í∑â™ó«ñÁ,4,41,5,9,13,0.15170731707317073,0,1,4,0,0,0,0,0,0,0,0.1554732510288066
4356,í∑â™ó«ñÁ,5,31,2,5,7,0.14709677419354839,0,0,0,2,0,0,0,0,0,0,0.1554732510288066
4356,í∑â™ó«ñÁ,6,36,2,6,11,0.19916666666666666,0,0,1,1,0,0,0,0,0,0,0.1554732510288066
4357,ìcíÜòañÁ,1,64,48,8,3,0.15687500000000001,45,0,0,0,3,0,3,5,5,0,0.17267857142857143
4357,ìcíÜòañÁ,2,42,12,14,3,0.18261904761904763,3,3,6,0,0,0,0,0,0,18,0.17267857142857143
4357,ìcíÜòañÁ,3,45,8,14,9,0.16377777777777777,0,0,2,5,1,0,0,0,0,0,0.17267857142857143
4357,ìcíÜòañÁ,4,48,10,13,9,0.17666666666666667,0,2,6,1,1,0,0,0,0,0,0.17267857142857143
4357,ìcíÜòañÁ,5,35,3,10,13,0.17257142857142857,0,0,1,0,2,0,0,0,0,0,0.17267857142857143
4357,ìcíÜòañÁ,6,46,4,11,11,0.19021739130434784,1,1,1,1,0,0,0,0,0,0,0.17267857142857143
4358,èºñ{ófïΩ,1,31,17,6,0,0.1767741935483871,14,0,0,0,3,0,4,6,2,0,0.19538461538461538
4358,èºñ{ófïΩ,2,37,6,4,5,0.19,1,3,2,0,0,0,0,0,0,17,0.19538461538461538
4358,èºñ{ófïΩ,3,47,3,11,9,0.18000000000000002,1,0,2,0,0,0,0,0,0,0,0.19538461538461538
4358,èºñ{ófïΩ,4,35,2,7,5,0.18885714285714286,0,0,2,0,0,0,0,0,0,0,0.19538461538461538
4358,èºñ{ófïΩ,5,38,1,3,4,0.21473684210526317,0,1,0,0,0,0,0,0,0,0,0.19538461538461538
4358,èºñ{ófïΩ,6,33,0,1,2,0.22545454545454546,0,0,0,0,0,0,0,0,0,0,0.19538461538461538
4359,â°êÏêπéu,1,50,27,12,4,0.1358,25,0,0,0,1,1,7,7,7,0,0.14353383458646615
4359,â°êÏêπéu,2,39,8,9,8,0.1346153846153846,0,4,3,0,1,0,0,0,0,21,0.14353383458646615
4359,â°êÏêπéu,3,50,9,10,12,0.149,0,3,0,5,0,1,0,0,0,0,0.14353383458646615
4359,â°êÏêπéu,4,46,3,12,9,0.13195652173913044,0,1,0,1,1,0,0,0,0,0,0.14353383458646615
4359,â°êÏêπéu,5,42,3,6,7,0.1311904761904762,0,0,1,1,1,0,0,0,0,0,0.14353383458646615
4359,â°êÏêπéu,6,39,0,7,5,0.1823076923076923,0,0,0,0,0,0,0,0,0,0,0.14353383458646615
4360,èØéiçFï„,1,34,16,4,5,0.16176470588235295,15,0,0,0,1,0,6,9,2,0,0.16613333333333336
4360,èØéiçFï„,2,36,8,5,7,0.16861111111111113,0,6,2,0,0,0,0,0,0,13,0.16613333333333336
4360,èØéiçFï„,3,39,2,5,7,0.1794871794871795,0,0,0,2,0,0,0,0,0,0,0.16613333333333336
4360,èØéiçFï„,4,45,3,11,9,0.1511111111111111,0,1,0,2,0,0,0,0,0,0,0.16613333333333336
4360,èØéiçFï„,5,37,1,4,10,0.16567567567567568,0,0,1,0,0,0,0,0,0,0,0.16613333333333336
4360,èØéiçFï„,6,34,0,7,10,0.17294117647058824,0,0,0,0,0,0,0,0,0,0,0.16613333333333336
4361,ñˆê∂ë◊ìÒ,1,64,54,8,2,0.13640625,53,0,1,0,0,0,1,4,5,0,0.1384297520661157
4361,ñˆê∂ë◊ìÒ,2,38,15,8,3,0.13421052631578947,0,12,2,0,0,1,0,0,0,16,0.1384297520661157
4361,ñˆê∂ë◊ìÒ,3,38,12,10,7,0.1318421052631579,0,3,5,3,1,0,0,0,0,0,0.1384297520661157
4361,ñˆê∂ë◊ìÒ,4,32,4,11,7,0.135625,0,0,1,1,0,2,0,0,0,0,0.1384297520661157
4361,ñˆê∂ë◊ìÒ,5,33,5,8,5,0.1478787878787879,0,1,2,2,0,0,0,0,0,0,0.1384297520661157
4361,ñˆê∂ë◊ìÒ,6,37,7,4,10,0.14702702702702702,0,0,5,2,0,0,0,0,0,0,0.1384297520661157
4362,ìyâÆíqë•,1,63,50,7,3,0.10444444444444445,45,0,0,0,4,1,3,4,5,0,0.13216911764705883
4362,ìyâÆíqë•,2,42,7,19,6,0.13333333333333333,1,4,0,0,2,0,0,0,0,30,0.13216911764705883
4362,ìyâÆíqë•,3,44,10,13,9,0.14045454545454544,1,2,2,2,3,0,0,0,0,0,0.13216911764705883
4362,ìyâÆíqë•,4,48,4,15,10,0.15375,1,2,0,1,0,0,0,0,0,0,0.13216911764705883
4362,ìyâÆíqë•,5,34,4,9,8,0.14529411764705882,0,0,1,3,0,0,0,0,0,0,0.13216911764705883
4362,ìyâÆíqë•,6,41,6,11,12,0.12853658536585366,1,3,1,1,0,0,0,0,0,0,0.13216911764705883
4363,ëÂñÏñFå∞,1,23,16,4,1,0.15521739130434783,14,0,0,0,2,0,4,1,2,0,0.1879874213836478
4363,ëÂñÏñFå∞,2,25,3,8,4,0.184,0,2,0,0,1,0,0,0,0,10,0.1879874213836478
4363,ëÂñÏñFå∞,3,23,8,2,5,0.17347826086956522,0,2,2,2,2,0,0,0,0,0,0.1879874213836478
4363,ëÂñÏñFå∞,4,30,0,5,7,0.185,0,0,0,0,0,0,0,0,0,0,0.1879874213836478
4363,ëÂñÏñFå∞,5,28,0,2,7,0.19357142857142856,0,0,0,0,0,0,0,0,0,0,0.1879874213836478
4363,ëÂñÏñFå∞,6,30,0,2,2,0.22533333333333333,0,0,0,0,0,0,0,0,0,0,0.1879874213836478
4364,írâiëæ,1,67,57,6,1,0.13835820895522388,56,0,0,0,1,0,4,4,2,0,0.15011904761904762
4364,írâiëæ,2,35,13,8,7,0.156,0,10,1,0,2,0,0,0,0,13,0.15011904761904762
4364,írâiëæ,3,39,10,9,9,0.14615384615384616,0,1,7,2,0,0,0,0,0,0,0.15011904761904762
4364,írâiëæ,4,45,15,11,6,0.15644444444444444,0,5,5,3,2,0,0,0,0,0,0.15011904761904762
4364,írâiëæ,5,37,8,4,8,0.1464864864864865,0,1,4,2,1,0,0,0,0,0,0.15011904761904762
4364,írâiëæ,6,29,2,2,7,0.17034482758620692,0,0,0,2,0,0,0,0,0,0,0.15011904761904762
4365,ê∑ñ{ê^ï„,1,42,29,11,1,0.14642857142857144,29,0,0,0,0,0,6,2,5,0,0.1778125
4365,ê∑ñ{ê^ï„,2,47,3,22,6,0.17553191489361702,0,2,0,0,0,1,0,0,0,37,0.1778125
4365,ê∑ñ{ê^ï„,3,45,4,10,10,0.174,0,0,3,1,0,0,0,0,0,0,0.1778125
4365,ê∑ñ{ê^ï„,4,46,6,6,11,0.1682608695652174,0,1,4,1,0,0,0,0,0,0,0.1778125
4365,ê∑ñ{ê^ï„,5,38,2,0,8,0.19605263157894737,0,0,1,1,0,0,0,0,0,0,0.1778125
4365,ê∑ñ{ê^ï„,6,38,0,3,8,0.2131578947368421,0,0,0,0,0,0,0,0,0,0,0.1778125
4366,ëOëÚè‰éj,1,61,46,7,5,0.15049180327868852,43,0,0,0,3,0,2,9,3,0,0.1498993288590604
4366,ëOëÚè‰éj,2,49,7,16,11,0.15816326530612246,1,3,2,0,1,0,0,0,0,24,0.1498993288590604
4366,ëOëÚè‰éj,3,57,21,8,13,0.15561403508771932,0,0,5,10,5,1,0,0,0,0,0.1498993288590604
4366,ëOëÚè‰éj,4,48,8,15,9,0.13020833333333334,0,4,3,1,0,0,0,0,0,0,0.1498993288590604
4366,ëOëÚè‰éj,5,42,6,12,9,0.14285714285714285,0,1,3,2,0,0,0,0,0,0,0.1498993288590604
4366,ëOëÚè‰éj,6,41,3,9,7,0.16146341463414635,0,0,0,1,2,0,0,0,0,0,0.1498993288590604
4367,éRå˚èCòH,1,18,5,4,1,0.17555555555555558,5,0,0,0,0,0,4,4,3,0,0.2160810810810811
4367,éRå˚èCòH,2,22,2,3,4,0.17363636363636362,0,1,0,0,0,1,0,0,0,12,0.2160810810810811
4367,éRå˚èCòH,3,26,1,2,7,0.20653846153846153,0,0,1,0,0,0,0,0,0,0,0.2160810810810811
4367,éRå˚èCòH,4,29,0,2,11,0.24,0,0,0,0,0,0,0,0,0,0,0.2160810810810811
4367,éRå˚èCòH,5,27,1,3,6,0.2174074074074074,0,0,0,1,0,0,0,0,0,0,0.2160810810810811
4367,éRå˚èCòH,6,26,1,1,4,0.26153846153846155,0,0,0,0,1,0,0,0,0,0,0.2160810810810811
4368,éRå˚ó≤éj,1,33,19,2,4,0.1875757575757576,19,0,0,0,0,0,4,7,2,0,0.19883620689655174
4368,éRå˚ó≤éj,2,46,3,7,13,0.20021739130434785,0,0,3,0,0,0,0,0,0,20,0.19883620689655174
4368,éRå˚ó≤éj,3,42,3,5,10,0.19166666666666668,0,0,3,0,0,0,0,0,0,0,0.19883620689655174
4368,éRå˚ó≤éj,4,44,3,6,6,0.19386363636363635,0,1,1,0,1,0,0,0,0,0,0.19883620689655174
4368,éRå˚ó≤éj,5,38,2,4,9,0.1955263157894737,0,0,0,2,0,0,0,0,0,0,0.19883620689655174
4368,éRå˚ó≤éj,6,29,0,1,4,0.23172413793103447,0,0,0,0,0,0,0,0,0,0,0.19883620689655174
4369,íOâ∫è´,1,48,36,5,1,0.12375000000000001,36,0,0,0,0,0,2,5,4,0,0.15408510638297873
4369,íOâ∫è´,2,42,9,16,3,0.14785714285714285,1,5,1,1,1,0,0,0,0,25,0.15408510638297873
4369,íOâ∫è´,3,42,4,12,8,0.16166666666666668,0,0,1,2,1,0,0,0,0,0,0.15408510638297873
4369,íOâ∫è´,4,34,3,12,9,0.165,0,0,2,1,0,0,0,0,0,0,0.15408510638297873
4369,íOâ∫è´,5,34,2,6,5,0.1773529411764706,0,0,0,2,0,0,0,0,0,0,0.15408510638297873
4369,íOâ∫è´,6,35,0,3,6,0.16085714285714287,0,0,0,0,0,0,0,0,0,0,0.15408510638297873
4370,éRå˚íBñÁ,1,47,38,6,2,0.1423404255319149,37,0,0,0,1,0,4,2,2,0,0.15677419354838712
4370,éRå˚íBñÁ,2,29,9,8,4,0.11758620689655173,0,5,3,0,1,0,0,0,0,13,0.15677419354838712
4370,éRå˚íBñÁ,3,35,9,8,10,0.156,0,1,2,4,2,0,0,0,0,0,0.15677419354838712
4370,éRå˚íBñÁ,4,36,7,8,10,0.15583333333333335,0,0,4,3,0,0,0,0,0,0,0.15677419354838712
4370,éRå˚íBñÁ,5,34,2,4,11,0.18205882352941177,0,0,1,1,0,0,0,0,0,0,0.15677419354838712
4370,éRå˚íBñÁ,6,36,4,2,9,0.185,0,0,2,2,0,0,0,0,0,0,0.15677419354838712
4371,êºéRãMç_,1,55,40,9,2,0.11763636363636364,39,0,0,0,1,0,6,2,4,0,0.13507692307692307
4371,êºéRãMç_,2,40,6,14,8,0.14350000000000002,1,5,0,0,0,0,0,0,0,24,0.13507692307692307
4371,êºéRãMç_,3,34,7,6,7,0.11852941176470588,0,1,4,2,0,0,0,0,0,0,0.13507692307692307
4371,êºéRãMç_,4,47,8,10,10,0.13234042553191488,0,0,5,2,1,0,0,0,0,0,0.13507692307692307
4371,êºéRãMç_,5,42,2,1,8,0.14095238095238094,0,0,1,0,1,0,0,0,0,0,0.13507692307692307
4371,êºéRãMç_,6,42,3,12,5,0.1604761904761905,0,1,1,0,0,1,0,0,0,0,0.13507692307692307
4372,å¥ìcóCé¿,1,44,25,9,5,0.1322727272727273,24,0,0,0,1,0,6,9,4,0,0.1448706896551724
4372,å¥ìcóCé¿,2,44,10,18,6,0.1590909090909091,0,4,6,0,0,0,0,0,0,24,0.1448706896551724
4372,å¥ìcóCé¿,3,38,9,8,4,0.1363157894736842,0,4,5,0,0,0,0,0,0,0,0.1448706896551724
4372,å¥ìcóCé¿,4,38,3,8,12,0.14921052631578946,0,1,1,1,0,0,0,0,0,0,0.1448706896551724
4372,å¥ìcóCé¿,5,37,4,7,10,0.14054054054054055,0,0,0,4,0,0,0,0,0,0,0.1448706896551724
4372,å¥ìcóCé¿,6,31,1,3,4,0.15290322580645163,0,1,0,0,0,0,0,0,0,0,0.1448706896551724
4373,é·ã∑ìﬁî¸éq,1,26,10,8,5,0.18846153846153849,10,0,0,0,0,0,8,4,3,0,0.18064327485380116
4373,é·ã∑ìﬁî¸éq,2,29,3,7,7,0.16517241379310346,0,2,1,0,0,0,0,0,0,15,0.18064327485380116
4373,é·ã∑ìﬁî¸éq,3,37,5,9,10,0.17216216216216215,0,1,3,1,0,0,0,0,0,0,0.18064327485380116
4373,é·ã∑ìﬁî¸éq,4,32,1,7,7,0.178125,0,1,0,0,0,0,0,0,0,0,0.18064327485380116
4373,é·ã∑ìﬁî¸éq,5,24,1,4,5,0.19041666666666668,0,1,0,0,0,0,0,0,0,0,0.18064327485380116
4373,é·ã∑ìﬁî¸éq,6,23,0,1,7,0.1982608695652174,0,0,0,0,0,0,0,0,0,0,0.18064327485380116
4374,âiìcã`çh,1,25,11,7,1,0.1612,10,0,0,0,1,0,7,4,1,0,0.15795698924731183
4374,âiìcã`çh,2,34,1,7,6,0.15588235294117647,0,1,0,0,0,0,0,0,0,21,0.15795698924731183
4374,âiìcã`çh,3,35,1,6,3,0.1605714285714286,0,1,0,0,0,0,0,0,0,0,0.15795698924731183
4374,âiìcã`çh,4,30,2,3,6,0.137,0,0,1,1,0,0,0,0,0,0,0.15795698924731183
4374,âiìcã`çh,5,36,1,1,2,0.15694444444444444,0,0,0,1,0,0,0,0,0,0,0.15795698924731183
4374,âiìcã`çh,6,26,0,0,3,0.17961538461538462,0,0,0,0,0,0,0,0,0,0,0.15795698924731183
4375,è∆âÆå˙êm,1,33,16,10,4,0.14818181818181816,16,0,0,0,0,0,7,2,6,0,0.16435185185185186
4375,è∆âÆå˙êm,2,38,6,9,6,0.15236842105263157,0,3,3,0,0,0,0,0,0,23,0.16435185185185186
4375,è∆âÆå˙êm,3,36,5,7,6,0.16527777777777777,0,2,2,1,0,0,0,0,0,0,0.16435185185185186
4375,è∆âÆå˙êm,4,35,2,5,12,0.15828571428571428,0,0,1,1,0,0,0,0,0,0,0.16435185185185186
4375,è∆âÆå˙êm,5,38,2,6,9,0.16473684210526315,0,0,0,2,0,0,0,0,0,0,0.16435185185185186
4375,è∆âÆå˙êm,6,36,0,3,4,0.1963888888888889,0,0,0,0,0,0,0,0,0,0,0.16435185185185186
4376,ì°ìcñıçO,1,50,31,5,3,0.135,28,0,0,0,3,0,7,9,3,0,0.14711267605633804
4376,ì°ìcñıçO,2,48,12,13,7,0.1425,0,6,5,0,1,0,0,0,0,18,0.14711267605633804
4376,ì°ìcñıçO,3,46,11,16,10,0.1358695652173913,0,0,4,5,2,0,0,0,0,0,0.14711267605633804
4376,ì°ìcñıçO,4,50,4,12,11,0.1456,0,2,1,1,0,0,0,0,0,0,0.14711267605633804
4376,ì°ìcñıçO,5,46,0,8,12,0.15108695652173915,0,0,0,0,0,0,0,0,0,0,0.14711267605633804
4376,ì°ìcñıçO,6,44,1,5,4,0.17522727272727273,0,0,0,1,0,0,0,0,0,0,0.14711267605633804
4377,‡_ñ{óDàÍ,1,59,43,10,4,0.13271186440677965,41,0,0,0,2,0,3,5,4,0,0.14451263537906137
4377,‡_ñ{óDàÍ,2,45,3,15,14,0.1468888888888889,0,2,1,0,0,0,0,0,0,25,0.14451263537906137
4377,‡_ñ{óDàÍ,3,51,9,10,14,0.14235294117647057,0,0,2,4,3,0,0,0,0,0,0.14451263537906137
4377,‡_ñ{óDàÍ,4,47,7,7,11,0.14574468085106385,0,0,1,4,2,0,0,0,0,0,0.14451263537906137
4377,‡_ñ{óDàÍ,5,38,5,3,8,0.1423684210526316,0,0,1,3,1,0,0,0,0,0,0.14451263537906137
4377,‡_ñ{óDàÍ,6,37,1,2,8,0.16405405405405407,0,1,0,0,0,0,0,0,0,0,0.14451263537906137
4379,åKìáòaçG,1,44,19,11,4,0.1640909090909091,18,0,0,0,1,0,9,7,6,0,0.1691949152542373
4379,åKìáòaçG,2,39,0,11,11,0.17974358974358973,0,0,0,0,0,0,0,0,0,19,0.1691949152542373
4379,åKìáòaçG,3,41,6,9,13,0.14878048780487804,0,0,2,1,2,1,0,0,0,0,0.1691949152542373
4379,åKìáòaçG,4,36,4,7,10,0.17194444444444446,0,0,0,3,1,0,0,0,0,0,0.1691949152542373
4379,åKìáòaçG,5,38,2,5,10,0.17684210526315788,0,0,0,1,1,0,0,0,0,0,0.1691949152542373
4379,åKìáòaçG,6,38,0,2,11,0.17605263157894738,0,0,0,0,0,0,0,0,0,0,0.1691949152542373
4380,óÈñÿèsóC,1,36,16,7,5,0.13944444444444445,16,0,0,0,0,0,3,7,8,0,0.1729741379310345
4380,óÈñÿèsóC,2,40,2,13,10,0.15525,0,1,1,0,0,0,0,0,0,17,0.1729741379310345
4380,óÈñÿèsóC,3,39,3,10,8,0.18564102564102564,0,0,3,0,0,0,0,0,0,0,0.1729741379310345
4380,óÈñÿèsóC,4,41,4,4,10,0.18170731707317073,0,0,2,2,0,0,0,0,0,0,0.1729741379310345
4380,óÈñÿèsóC,5,43,5,5,6,0.18604651162790697,0,1,1,1,2,0,0,0,0,0,0.1729741379310345
4380,óÈñÿèsóC,6,33,1,6,5,0.18818181818181817,0,0,1,0,0,0,0,0,0,0,0.1729741379310345
4381,ìcòHï¸éj,1,42,29,7,2,0.14357142857142857,29,0,0,0,0,0,2,6,4,0,0.16070539419087138
4381,ìcòHï¸éj,2,42,3,18,8,0.19714285714285712,0,2,1,0,0,0,0,0,0,27,0.16070539419087138
4381,ìcòHï¸éj,3,44,5,12,9,0.17704545454545453,0,0,1,4,0,0,0,0,0,0,0.16070539419087138
4381,ìcòHï¸éj,4,38,5,7,7,0.13394736842105262,0,1,3,1,0,0,0,0,0,0,0.16070539419087138
4381,ìcòHï¸éj,5,36,4,5,10,0.14944444444444444,0,0,1,3,0,0,0,0,0,0,0.16070539419087138
4381,ìcòHï¸éj,6,39,2,6,4,0.15794871794871795,0,0,2,0,0,0,0,0,0,0,0.16070539419087138
4382,çÇéRíqéä,1,31,14,5,4,0.16032258064516128,13,0,0,0,1,0,6,4,5,0,0.16543269230769234
4382,çÇéRíqéä,2,31,1,5,9,0.16322580645161291,0,0,1,0,0,0,0,0,0,20,0.16543269230769234
4382,çÇéRíqéä,3,40,2,4,9,0.14725,0,1,0,0,1,0,0,0,0,0,0.16543269230769234
4382,çÇéRíqéä,4,39,1,1,9,0.17256410256410257,0,0,0,1,0,0,0,0,0,0,0.16543269230769234
4382,çÇéRíqéä,5,36,1,2,7,0.18388888888888888,0,0,0,1,0,0,0,0,0,0,0.16543269230769234
4382,çÇéRíqéä,6,31,0,2,4,0.16580645161290322,0,0,0,0,0,0,0,0,0,0,0.16543269230769234
4383,í|ìcãgçs,1,28,10,8,2,0.15607142857142858,10,0,0,0,0,0,9,1,7,0,0.1691549295774648
4383,í|ìcãgçs,2,42,1,13,9,0.18904761904761905,0,1,0,0,0,0,0,0,0,20,0.1691549295774648
4383,í|ìcãgçs,3,37,3,12,6,0.14918918918918916,0,0,3,0,0,0,0,0,0,0,0.1691549295774648
4383,í|ìcãgçs,4,34,6,5,9,0.1476470588235294,0,2,0,3,1,0,0,0,0,0,0.1691549295774648
4383,í|ìcãgçs,5,42,2,5,8,0.18285714285714286,0,0,0,1,0,1,0,0,0,0,0.1691549295774648
4383,í|ìcãgçs,6,30,0,3,5,0.18333333333333332,0,0,0,0,0,0,0,0,0,0,0.1691549295774648
4384,íﬂñ{êíï∂,1,55,44,8,2,0.1450909090909091,42,0,0,0,2,0,5,1,4,0,0.16466165413533837
4384,íﬂñ{êíï∂,2,44,5,14,13,0.15727272727272726,0,5,0,0,0,0,0,0,0,25,0.16466165413533837
4384,íﬂñ{êíï∂,3,44,7,15,7,0.15431818181818183,0,1,3,2,1,0,0,0,0,0,0.16466165413533837
4384,íﬂñ{êíï∂,4,46,4,10,16,0.17956521739130435,0,0,1,2,1,0,0,0,0,0,0.16466165413533837
4384,íﬂñ{êíï∂,5,34,1,7,7,0.17705882352941177,0,0,0,1,0,0,0,0,0,0,0.16466165413533837
4384,íﬂñ{êíï∂,6,43,2,8,9,0.18209302325581395,0,2,0,0,0,0,0,0,0,0,0.16466165413533837
4385,óÈñÿóSî¸éq,1,17,5,4,2,0.23941176470588238,5,0,0,0,0,0,1,6,4,0,0.20573913043478262
4385,óÈñÿóSî¸éq,2,23,1,3,5,0.19608695652173913,0,1,0,0,0,0,0,0,0,14,0.20573913043478262
4385,óÈñÿóSî¸éq,3,24,0,3,6,0.21375,0,0,0,0,0,0,0,0,0,0,0.20573913043478262
4385,óÈñÿóSî¸éq,4,17,0,2,2,0.15882352941176472,0,0,0,0,0,0,0,0,0,0,0.20573913043478262
4385,óÈñÿóSî¸éq,5,17,0,2,1,0.2023529411764706,0,0,0,0,0,0,0,0,0,0,0.20573913043478262
4385,óÈñÿóSî¸éq,6,17,0,1,3,0.22411764705882353,0,0,0,0,0,0,0,0,0,0,0.20573913043478262
4387,ïΩéRíqâ¡,1,64,41,9,5,0.13234375,41,0,0,0,0,0,9,9,4,0,0.14690036900369005
4387,ïΩéRíqâ¡,2,45,11,8,10,0.15311111111111111,0,7,3,0,1,0,0,0,0,23,0.14690036900369005
4387,ïΩéRíqâ¡,3,39,7,6,12,0.1376923076923077,0,1,3,2,0,1,0,0,0,0,0.14690036900369005
4387,ïΩéRíqâ¡,4,47,9,11,11,0.14829787234042552,0,5,2,1,1,0,0,0,0,0,0.14690036900369005
4387,ïΩéRíqâ¡,5,36,3,9,4,0.1486111111111111,0,0,1,1,1,0,0,0,0,0,0.14690036900369005
4387,ïΩéRíqâ¡,6,40,0,4,10,0.16899999999999998,0,0,0,0,0,0,0,0,0,0,0.14690036900369005
4388,ê•‡VçFçG,1,50,34,8,3,0.149,30,0,0,0,4,0,5,5,6,0,0.16211764705882353
4388,ê•‡VçFçG,2,45,12,10,10,0.16466666666666668,0,9,2,0,1,0,0,0,0,21,0.16211764705882353
4388,ê•‡VçFçG,3,41,3,13,8,0.16073170731707317,0,0,1,2,0,0,0,0,0,0,0.16211764705882353
4388,ê•‡VçFçG,4,39,9,7,7,0.16666666666666666,0,3,2,2,2,0,0,0,0,0,0.16211764705882353
4388,ê•‡VçFçG,5,41,4,10,11,0.16658536585365855,0,0,1,2,0,1,0,0,0,0,0.16211764705882353
4388,ê•‡VçFçG,6,39,1,4,9,0.16820512820512823,0,0,0,1,0,0,0,0,0,0,0.16211764705882353
4389,à…ì°äÏíq,1,36,15,10,4,0.185,14,0,0,0,1,0,8,9,3,0,0.16633744855967078
4389,à…ì°äÏíq,2,41,3,9,7,0.1575609756097561,0,2,1,0,0,0,0,0,0,18,0.16633744855967078
4389,à…ì°äÏíq,3,48,2,13,9,0.16291666666666668,0,0,0,2,0,0,0,0,0,0,0.16633744855967078
4389,à…ì°äÏíq,4,45,2,9,8,0.1668888888888889,0,0,1,1,0,0,0,0,0,0,0.16633744855967078
4389,à…ì°äÏíq,5,35,2,8,3,0.16657142857142856,0,0,0,2,0,0,0,0,0,0,0.16633744855967078
4389,à…ì°äÏíq,6,38,0,3,7,0.16157894736842104,0,0,0,0,0,0,0,0,0,0,0.16633744855967078
4390,èºñ{ã|óY,1,30,5,8,6,0.18266666666666667,4,0,0,0,1,0,7,8,7,0,0.17181395348837208
4390,èºñ{ã|óY,2,40,3,6,11,0.1815,0,1,1,0,1,0,0,0,0,17,0.17181395348837208
4390,èºñ{ã|óY,3,35,4,8,6,0.17314285714285713,0,0,1,3,0,0,0,0,0,0,0.17181395348837208
4390,èºñ{ã|óY,4,40,1,3,8,0.1575,0,1,0,0,0,0,0,0,0,0,0.17181395348837208
4390,èºñ{ã|óY,5,43,2,3,6,0.15837209302325583,0,0,0,2,0,0,0,0,0,0,0.17181395348837208
4390,èºñ{ã|óY,6,27,0,3,4,0.1862962962962963,0,0,0,0,0,0,0,0,0,0,0.17181395348837208
4391,èºìcóSãG,1,55,40,8,2,0.17436363636363636,36,0,0,0,4,0,2,3,9,0,0.18053435114503819
4391,èºìcóSãG,2,39,7,16,6,0.16641025641025642,1,3,1,1,0,1,0,0,0,21,0.18053435114503819
4391,èºìcóSãG,3,43,10,12,9,0.1825581395348837,0,0,2,6,2,0,0,0,0,0,0.18053435114503819
4391,èºìcóSãG,4,42,6,14,7,0.16595238095238093,0,1,3,2,0,0,0,0,0,0,0.18053435114503819
4391,èºìcóSãG,5,41,3,5,14,0.1951219512195122,0,0,1,2,0,0,0,0,0,0,0.18053435114503819
4391,èºìcóSãG,6,42,0,8,14,0.2,0,0,0,0,0,0,0,0,0,0,0.18053435114503819
4393,ìcíÜçFñæ,1,28,8,7,7,0.17607142857142857,6,0,0,0,2,0,4,6,9,0,0.19735849056603774
4393,ìcíÜçFñæ,2,38,3,5,9,0.1889473684210526,0,2,1,0,0,0,0,0,0,16,0.19735849056603774
4393,ìcíÜçFñæ,3,40,0,9,11,0.18025,0,0,0,0,0,0,0,0,0,0,0.19735849056603774
4393,ìcíÜçFñæ,4,35,2,2,11,0.21542857142857144,0,0,1,0,1,0,0,0,0,0,0.19735849056603774
4393,ìcíÜçFñæ,5,38,1,2,7,0.20447368421052634,0,0,0,1,0,0,0,0,0,0,0.19735849056603774
4393,ìcíÜçFñæ,6,33,0,0,5,0.21848484848484848,0,0,0,0,0,0,0,0,0,0,0.19735849056603774
4394,âiìàóTàÍ,1,13,9,2,0,0.12538461538461537,9,0,0,0,0,0,3,0,1,0,0.1538392857142857
4394,âiìàóTàÍ,2,22,1,5,6,0.1559090909090909,0,0,1,0,0,0,0,0,0,13,0.1538392857142857
4394,âiìàóTàÍ,3,24,2,5,4,0.13041666666666665,0,1,0,0,1,0,0,0,0,0,0.1538392857142857
4394,âiìàóTàÍ,4,15,0,1,4,0.16133333333333333,0,0,0,0,0,0,0,0,0,0,0.1538392857142857
4394,âiìàóTàÍ,5,18,0,2,2,0.17277777777777778,0,0,0,0,0,0,0,0,0,0,0.1538392857142857
4394,âiìàóTàÍ,6,20,0,0,3,0.17550000000000002,0,0,0,0,0,0,0,0,0,0,0.1538392857142857
4395,â∫âÕâÎéj,1,26,12,4,5,0.1546153846153846,12,0,0,0,0,0,2,6,4,0,0.17324074074074075
4395,â∫âÕâÎéj,2,40,6,10,8,0.16625,0,5,1,0,0,0,0,0,0,25,0.17324074074074075
4395,â∫âÕâÎéj,3,41,6,10,11,0.17097560975609755,0,0,1,3,2,0,0,0,0,0,0.17324074074074075
4395,â∫âÕâÎéj,4,41,3,7,17,0.1731707317073171,0,0,1,1,0,1,0,0,0,0,0.17324074074074075
4395,â∫âÕâÎéj,5,37,2,3,11,0.16459459459459458,0,0,0,1,1,0,0,0,0,0,0.17324074074074075
4395,â∫âÕâÎéj,6,31,0,3,2,0.21129032258064515,0,0,0,0,0,0,0,0,0,0,0.17324074074074075
4396,ëÂìcíºñÌ,1,32,14,6,5,0.1834375,11,0,0,0,3,0,7,5,5,0,0.18926406926406925
4396,ëÂìcíºñÌ,2,45,8,12,9,0.1822222222222222,0,5,1,0,1,1,0,0,0,20,0.18926406926406925
4396,ëÂìcíºñÌ,3,44,6,10,13,0.1625,0,1,0,1,1,3,0,0,0,0,0.18926406926406925
4396,ëÂìcíºñÌ,4,36,3,7,8,0.17277777777777778,0,0,2,0,1,0,0,0,0,0,0.18926406926406925
4396,ëÂìcíºñÌ,5,38,2,5,9,0.20789473684210527,0,1,0,1,0,0,0,0,0,0,0.18926406926406925
4396,ëÂìcíºñÌ,6,36,1,2,8,0.2327777777777778,0,0,0,0,1,0,0,0,0,0,0.18926406926406925
4397,êºë∫ëÒñÁ,1,73,54,11,5,0.16424657534246576,51,0,0,0,3,0,7,4,6,0,0.1671153846153846
4397,êºë∫ëÒñÁ,2,51,15,24,3,0.1596078431372549,1,13,1,0,0,0,0,0,0,23,0.1671153846153846
4397,êºë∫ëÒñÁ,3,46,11,15,5,0.1623913043478261,0,3,2,5,1,0,0,0,0,0,0.1671153846153846
4397,êºë∫ëÒñÁ,4,48,2,16,16,0.15479166666666666,0,2,0,0,0,0,0,0,0,0,0.1671153846153846
4397,êºë∫ëÒñÁ,5,48,4,12,13,0.18145833333333336,0,0,1,1,2,0,0,0,0,0,0.1671153846153846
4397,êºë∫ëÒñÁ,6,46,5,8,11,0.1826086956521739,0,2,0,2,1,0,0,0,0,0,0.1671153846153846
4398,ëDâ™ómàÍòY,1,52,39,2,4,0.14557692307692308,38,0,0,0,1,0,3,5,5,0,0.14582329317269077
4398,ëDâ™ómàÍòY,2,44,16,11,5,0.12136363636363635,0,9,4,1,2,0,0,0,0,22,0.14582329317269077
4398,ëDâ™ómàÍòY,3,40,7,8,10,0.15050000000000002,0,0,2,3,2,0,0,0,0,0,0.14582329317269077
4398,ëDâ™ómàÍòY,4,36,7,8,11,0.14,0,1,2,3,1,0,0,0,0,0,0.14582329317269077
4398,ëDâ™ómàÍòY,5,37,2,10,6,0.13702702702702704,0,0,0,2,0,0,0,0,0,0,0.14582329317269077
4398,ëDâ™ómàÍòY,6,40,4,6,13,0.18175000000000002,0,0,0,4,0,0,0,0,0,0,0.14582329317269077
4399,èºñ{èªåb,1,62,45,7,5,0.1514516129032258,43,0,0,0,2,0,5,6,4,0,0.15618110236220473
4399,èºñ{èªåb,2,42,8,15,8,0.1819047619047619,0,5,1,0,2,0,0,0,0,19,0.15618110236220473
4399,èºñ{èªåb,3,45,6,12,13,0.16,0,0,1,4,1,0,0,0,0,0,0.15618110236220473
4399,èºñ{èªåb,4,41,2,7,17,0.14707317073170734,0,0,0,2,0,0,0,0,0,0,0.15618110236220473
4399,èºñ{èªåb,5,33,1,5,8,0.13515151515151516,0,0,0,1,0,0,0,0,0,0,0.15618110236220473
4399,èºñ{èªåb,6,31,0,5,6,0.15967741935483873,0,0,0,0,0,0,0,0,0,0,0.15618110236220473
4400,â¡ì°ìﬁåé,1,17,2,3,4,0.22058823529411764,2,0,0,0,0,0,7,6,2,0,0.2093076923076923
4400,â¡ì°ìﬁåé,2,25,1,5,4,0.2116,0,0,1,0,0,0,0,0,0,11,0.2093076923076923
4400,â¡ì°ìﬁåé,3,25,2,6,6,0.198,0,0,1,1,0,0,0,0,0,0,0.2093076923076923
4400,â¡ì°ìﬁåé,4,23,2,2,4,0.18130434782608695,0,0,0,2,0,0,0,0,0,0,0.2093076923076923
4400,â¡ì°ìﬁåé,5,23,0,4,2,0.22043478260869567,0,0,0,0,0,0,0,0,0,0,0.2093076923076923
4400,â¡ì°ìﬁåé,6,17,0,2,3,0.23411764705882354,0,0,0,0,0,0,0,0,0,0,0.2093076923076923
4401,è¨ó—ë◊,1,31,23,5,1,0.11161290322580646,21,0,0,0,2,0,2,1,5,0,0.12857142857142856
4401,è¨ó—ë◊,2,28,7,11,3,0.13285714285714287,0,5,1,0,1,0,0,0,0,11,0.12857142857142856
4401,è¨ó—ë◊,3,31,9,7,4,0.1367741935483871,0,2,4,2,1,0,0,0,0,0,0.12857142857142856
4401,è¨ó—ë◊,4,34,13,10,2,0.1288235294117647,0,1,10,1,1,0,0,0,0,0,0.12857142857142856
4401,è¨ó—ë◊,5,30,2,2,9,0.11666666666666667,0,0,0,2,0,0,0,0,0,0,0.12857142857142856
4401,è¨ó—ë◊,6,28,1,2,5,0.1464285714285714,0,0,0,0,0,1,0,0,0,0,0.12857142857142856
4402,â≥ì°íqéj,1,61,53,3,2,0.11721311475409836,51,0,0,0,2,0,1,4,2,0,0.14420849420849421
4402,â≥ì°íqéj,2,38,8,10,7,0.145,0,5,2,0,0,1,0,0,0,20,0.14420849420849421
4402,â≥ì°íqéj,3,37,4,8,11,0.14675675675675676,0,1,0,2,1,0,0,0,0,0,0.14420849420849421
4402,â≥ì°íqéj,4,48,7,16,6,0.13541666666666666,0,1,1,3,2,0,0,0,0,0,0.14420849420849421
4402,â≥ì°íqéj,5,40,1,6,11,0.16275,0,1,0,0,0,0,0,0,0,0,0.14420849420849421
4402,â≥ì°íqéj,6,35,1,1,9,0.17857142857142858,0,0,0,1,0,0,0,0,0,0,0.14420849420849421
4403,ñÿâ∫ëÂõí,1,37,23,8,3,0.1256756756756757,20,0,1,0,2,0,5,3,5,0,0.15182692307692308
4403,ñÿâ∫ëÂõí,2,37,11,5,5,0.14972972972972973,0,2,8,0,1,0,0,0,0,18,0.15182692307692308
4403,ñÿâ∫ëÂõí,3,36,7,8,8,0.1411111111111111,0,1,4,1,1,0,0,0,0,0,0.15182692307692308
4403,ñÿâ∫ëÂõí,4,35,2,9,10,0.1542857142857143,0,0,1,1,0,0,0,0,0,0,0.15182692307692308
4403,ñÿâ∫ëÂõí,5,35,1,6,11,0.17314285714285715,0,0,0,1,0,0,0,0,0,0,0.15182692307692308
4403,ñÿâ∫ëÂõí,6,28,0,4,6,0.1732142857142857,0,0,0,0,0,0,0,0,0,0,0.15182692307692308
4404,ä›à¸ó∫,1,23,14,4,1,0.15608695652173912,13,0,0,0,1,0,1,1,5,0,0.17732954545454546
4404,ä›à¸ó∫,2,31,5,6,5,0.1403225806451613,0,3,0,1,1,0,0,0,0,14,0.17732954545454546
4404,ä›à¸ó∫,3,27,4,2,2,0.17444444444444443,0,1,3,0,0,0,0,0,0,0,0.17732954545454546
4404,ä›à¸ó∫,4,29,5,6,4,0.17620689655172414,0,0,5,0,0,0,0,0,0,0,0.17732954545454546
4404,ä›à¸ó∫,5,33,2,5,4,0.20242424242424242,0,0,0,1,1,0,0,0,0,0,0.17732954545454546
4404,ä›à¸ó∫,6,33,0,0,3,0.20515151515151517,0,0,0,0,0,0,0,0,0,0,0.17732954545454546
4405,ìÏñÏóòì´,1,39,11,12,3,0.14769230769230768,10,0,0,0,1,0,10,6,8,0,0.15175732217573223
4405,ìÏñÏóòì´,2,44,3,11,6,0.16181818181818183,0,3,0,0,0,0,0,0,0,26,0.15175732217573223
4405,ìÏñÏóòì´,3,41,4,5,10,0.14878048780487807,0,1,1,2,0,0,0,0,0,0,0.15175732217573223
4405,ìÏñÏóòì´,4,44,4,6,12,0.12886363636363637,0,0,1,2,1,0,0,0,0,0,0.15175732217573223
4405,ìÏñÏóòì´,5,40,3,7,7,0.17375000000000002,0,0,0,3,0,0,0,0,0,0,0.15175732217573223
4405,ìÏñÏóòì´,6,31,1,1,5,0.15064516129032257,0,0,1,0,0,0,0,0,0,0,0.15175732217573223
4406,çKñÏéjñæ,1,28,11,4,6,0.1642857142857143,11,0,0,0,0,0,3,3,8,0,0.17004444444444444
4406,çKñÏéjñæ,2,39,3,9,10,0.17871794871794872,0,2,1,0,0,0,0,0,0,16,0.17004444444444444
4406,çKñÏéjñæ,3,41,3,6,14,0.16170731707317074,0,0,1,2,0,0,0,0,0,0,0.17004444444444444
4406,çKñÏéjñæ,4,42,2,5,12,0.1692857142857143,0,1,0,1,0,0,0,0,0,0,0.17004444444444444
4406,çKñÏéjñæ,5,38,1,1,9,0.17,0,0,0,1,0,0,0,0,0,0,0.17004444444444444
4406,çKñÏéjñæ,6,37,0,2,7,0.17540540540540542,0,0,0,0,0,0,0,0,0,0,0.17004444444444444
4407,é≠ìáïqçO,1,35,15,6,4,0.15514285714285714,13,0,0,0,2,0,5,9,4,0,0.1769506726457399
4407,é≠ìáïqçO,2,41,2,12,10,0.17414634146341462,0,2,0,0,0,0,0,0,0,24,0.1769506726457399
4407,é≠ìáïqçO,3,39,3,11,4,0.15051282051282053,0,2,0,1,0,0,0,0,0,0,0.1769506726457399
4407,é≠ìáïqçO,4,40,3,8,13,0.18675000000000003,0,1,1,0,1,0,0,0,0,0,0.1769506726457399
4407,é≠ìáïqçO,5,36,0,3,14,0.18722222222222223,0,0,0,0,0,0,0,0,0,0,0.1769506726457399
4407,é≠ìáïqçO,6,32,0,1,8,0.2128125,0,0,0,0,0,0,0,0,0,0,0.1769506726457399
4408,êmâ»Ç≥Ç‚Ç©,1,19,10,2,4,0.15842105263157893,10,0,0,0,0,0,0,6,3,0,0.18633333333333332
4408,êmâ»Ç≥Ç‚Ç©,2,23,3,3,6,0.16478260869565217,0,1,0,0,2,0,0,0,0,13,0.18633333333333332
4408,êmâ»Ç≥Ç‚Ç©,3,21,1,3,8,0.1742857142857143,0,0,0,1,0,0,0,0,0,0,0.18633333333333332
4408,êmâ»Ç≥Ç‚Ç©,4,21,1,0,3,0.2,0,0,0,1,0,0,0,0,0,0,0.18633333333333332
4408,êmâ»Ç≥Ç‚Ç©,5,17,0,4,4,0.2111764705882353,0,0,0,0,0,0,0,0,0,0,0.18633333333333332
4408,êmâ»Ç≥Ç‚Ç©,6,19,0,0,2,0.21631578947368424,0,0,0,0,0,0,0,0,0,0,0.18633333333333332
4409,ç‚å≥ç_êm,1,58,42,6,4,0.14448275862068966,40,0,0,0,2,0,5,5,6,0,0.14647509578544063
4409,ç‚å≥ç_êm,2,38,6,14,10,0.14421052631578948,0,3,2,0,1,0,0,0,0,21,0.14647509578544063
4409,ç‚å≥ç_êm,3,41,4,11,7,0.13682926829268294,0,2,2,0,0,0,0,0,0,0,0.14647509578544063
4409,ç‚å≥ç_êm,4,44,10,12,11,0.14477272727272728,0,1,8,0,0,1,0,0,0,0,0.14647509578544063
4409,ç‚å≥ç_êm,5,37,3,4,8,0.16162162162162164,0,0,1,2,0,0,0,0,0,0,0.14647509578544063
4409,ç‚å≥ç_êm,6,43,4,4,17,0.14906976744186046,0,2,1,1,0,0,0,0,0,0,0.14647509578544063
4410,à‰è„ëÂï„,1,54,28,13,7,0.15296296296296297,25,0,0,0,3,0,13,3,8,0,0.16616600790513833
4410,à‰è„ëÂï„,2,37,3,13,7,0.17594594594594595,0,1,1,1,0,0,0,0,0,15,0.16616600790513833
4410,à‰è„ëÂï„,3,43,7,7,10,0.1644186046511628,0,0,6,0,1,0,0,0,0,0,0.16616600790513833
4410,à‰è„ëÂï„,4,39,8,5,8,0.17025641025641025,0,1,5,1,1,0,0,0,0,0,0.16616600790513833
4410,à‰è„ëÂï„,5,40,2,4,12,0.14850000000000002,0,0,1,1,0,0,0,0,0,0,0.16616600790513833
4410,à‰è„ëÂï„,6,40,5,2,2,0.1905,0,0,3,1,1,0,0,0,0,0,0.16616600790513833
4411,ëÚìcè∫çG,1,46,27,7,6,0.18369565217391304,26,0,0,0,1,0,6,7,5,0,0.1881625441696113
4411,ëÚìcè∫çG,2,51,7,16,11,0.20176470588235296,0,5,1,0,1,0,0,0,0,22,0.1881625441696113
4411,ëÚìcè∫çG,3,50,5,13,17,0.1868,0,0,2,2,1,0,0,0,0,0,0.1881625441696113
4411,ëÚìcè∫çG,4,53,1,12,15,0.17716981132075474,0,0,1,0,0,0,0,0,0,0,0.1881625441696113
4411,ëÚìcè∫çG,5,43,3,6,12,0.18441860465116278,0,0,3,0,0,0,0,0,0,0,0.1881625441696113
4411,ëÚìcè∫çG,6,40,4,4,9,0.19624999999999998,0,0,2,1,1,0,0,0,0,0,0.1881625441696113
4413,êÖñÄì÷,1,38,27,4,1,0.14973684210526317,25,0,1,0,1,0,1,4,6,0,0.1523497267759563
4413,êÖñÄì÷,2,32,7,8,8,0.1475,0,3,3,0,1,0,0,0,0,16,0.1523497267759563
4413,êÖñÄì÷,3,33,7,9,9,0.1590909090909091,0,0,7,0,0,0,0,0,0,0,0.1523497267759563
4413,êÖñÄì÷,4,30,5,8,11,0.15533333333333335,0,1,4,0,0,0,0,0,0,0,0.1523497267759563
4413,êÖñÄì÷,5,23,5,4,9,0.15956521739130433,0,0,2,3,0,0,0,0,0,0,0.1523497267759563
4413,êÖñÄì÷,6,27,2,5,12,0.14407407407407408,0,0,2,0,0,0,0,0,0,0,0.1523497267759563
4415,â∫èoëÏñÓ,1,48,35,5,4,0.141875,32,0,2,0,1,0,5,3,2,0,0.15766666666666668
4415,â∫èoëÏñÓ,2,53,12,14,6,0.15415094339622643,0,6,4,0,2,0,0,0,0,21,0.15766666666666668
4415,â∫èoëÏñÓ,3,43,8,11,7,0.15093023255813953,0,0,3,4,1,0,0,0,0,0,0.15766666666666668
4415,â∫èoëÏñÓ,4,45,14,8,6,0.15644444444444444,0,2,9,2,1,0,0,0,0,0,0.15766666666666668
4415,â∫èoëÏñÓ,5,40,4,10,4,0.17225,0,0,3,0,1,0,0,0,0,0,0.15766666666666668
4415,â∫èoëÏñÓ,6,41,5,5,8,0.1748780487804878,0,0,3,2,0,0,0,0,0,0,0.15766666666666668
4416,éOëÓåíëæ,1,39,16,15,5,0.13666666666666666,15,0,0,0,1,0,4,7,11,0,0.16705882352941176
4416,éOëÓåíëæ,2,42,7,17,6,0.14333333333333334,0,3,4,0,0,0,0,0,0,20,0.16705882352941176
4416,éOëÓåíëæ,3,30,3,6,8,0.152,0,0,1,1,1,0,0,0,0,0,0.16705882352941176
4416,éOëÓåíëæ,4,33,3,5,4,0.1824242424242424,0,0,1,2,0,0,0,0,0,0,0.16705882352941176
4416,éOëÓåíëæ,5,41,0,8,5,0.18951219512195122,0,0,0,0,0,0,0,0,0,0,0.16705882352941176
4416,éOëÓåíëæ,6,36,1,2,2,0.20055555555555554,0,0,1,0,0,0,0,0,0,0,0.16705882352941176
4417,ïûïîçÑ,1,26,11,5,4,0.175,10,0,0,0,1,0,5,5,4,0,0.17916666666666667
4417,ïûïîçÑ,2,35,3,4,9,0.18171428571428572,0,0,3,0,0,0,0,0,0,19,0.17916666666666667
4417,ïûïîçÑ,3,34,4,6,7,0.19088235294117648,0,2,1,1,0,0,0,0,0,0,0.17916666666666667
4417,ïûïîçÑ,4,27,1,6,7,0.16333333333333333,0,0,1,0,0,0,0,0,0,0,0.17916666666666667
4417,ïûïîçÑ,5,30,3,3,7,0.17733333333333334,0,1,0,2,0,0,0,0,0,0,0.17916666666666667
4417,ïûïîçÑ,6,28,0,2,10,0.18285714285714286,0,0,0,0,0,0,0,0,0,0,0.17916666666666667
4418,äùå¥óIãI,1,52,38,5,4,0.14403846153846153,37,0,0,0,1,0,2,8,3,0,0.1306611570247934
4418,äùå¥óIãI,2,39,5,18,4,0.12435897435897435,0,4,1,0,0,0,0,0,0,26,0.1306611570247934
4418,äùå¥óIãI,3,40,9,8,14,0.13625,0,1,3,4,1,0,0,0,0,0,0.1306611570247934
4418,äùå¥óIãI,4,39,5,13,7,0.12179487179487179,0,1,2,2,0,0,0,0,0,0,0.1306611570247934
4418,äùå¥óIãI,5,34,4,4,11,0.11323529411764706,0,1,1,2,0,0,0,0,0,0,0.1306611570247934
4418,äùå¥óIãI,6,38,2,4,10,0.1376315789473684,0,2,0,0,0,0,0,0,0,0,0.1306611570247934
4419,å¥â¡âõóù,1,27,7,6,3,0.19777777777777777,7,0,0,0,0,0,6,11,2,0,0.1636842105263158
4419,å¥â¡âõóù,2,29,2,6,9,0.1603448275862069,0,0,2,0,0,0,0,0,0,17,0.1636842105263158
4419,å¥â¡âõóù,3,32,4,4,10,0.1715625,0,0,3,1,0,0,0,0,0,0,0.1636842105263158
4419,å¥â¡âõóù,4,30,3,9,6,0.14833333333333334,0,1,2,0,0,0,0,0,0,0,0.1636842105263158
4419,å¥â¡âõóù,5,30,1,3,9,0.15433333333333332,0,1,0,0,0,0,0,0,0,0,0.1636842105263158
4419,å¥â¡âõóù,6,23,0,1,5,0.1491304347826087,0,0,0,0,0,0,0,0,0,0,0.1636842105263158
4420,í√ãvà‰ëÒñÁ,1,43,20,8,5,0.17046511627906977,19,0,0,0,1,0,6,6,10,0,0.17261904761904762
4420,í√ãvà‰ëÒñÁ,2,43,6,11,14,0.17069767441860464,0,3,2,0,1,0,0,0,0,24,0.17261904761904762
4420,í√ãvà‰ëÒñÁ,3,42,8,10,7,0.15071428571428572,0,2,5,1,0,0,0,0,0,0,0.17261904761904762
4420,í√ãvà‰ëÒñÁ,4,49,2,7,16,0.17775510204081635,0,0,0,2,0,0,0,0,0,0,0.17261904761904762
4420,í√ãvà‰ëÒñÁ,5,37,3,8,9,0.1727027027027027,0,1,0,2,0,0,0,0,0,0,0.17261904761904762
4420,í√ãvà‰ëÒñÁ,6,38,2,2,5,0.19473684210526318,0,0,0,1,1,0,0,0,0,0,0.17261904761904762
4421,êXçÏçLëÂ,1,22,5,6,4,0.15,5,0,0,0,0,0,4,4,8,0,0.18439024390243905
4421,êXçÏçLëÂ,2,30,1,3,8,0.189,0,1,0,0,0,0,0,0,0,22,0.18439024390243905
4421,êXçÏçLëÂ,3,30,1,5,5,0.17433333333333334,0,1,0,0,0,0,0,0,0,0,0.18439024390243905
4421,êXçÏçLëÂ,4,25,1,1,4,0.17679999999999998,0,0,1,0,0,0,0,0,0,0,0.18439024390243905
4421,êXçÏçLëÂ,5,28,2,1,6,0.19535714285714284,0,0,1,1,0,0,0,0,0,0,0.18439024390243905
4421,êXçÏçLëÂ,6,29,0,3,3,0.2120689655172414,0,0,0,0,0,0,0,0,0,0,0.18439024390243905
4422,âià‰ó∫éü,1,25,13,2,5,0.15560000000000002,12,1,0,0,0,0,2,7,1,0,0.18754098360655738
4422,âià‰ó∫éü,2,35,5,9,5,0.166,0,4,0,1,0,0,0,0,0,13,0.18754098360655738
4422,âià‰ó∫éü,3,35,6,6,6,0.16685714285714284,0,2,4,0,0,0,0,0,0,0,0.18754098360655738
4422,âià‰ó∫éü,4,31,1,4,4,0.2064516129032258,0,0,0,0,0,1,0,0,0,0,0.18754098360655738
4422,âià‰ó∫éü,5,33,1,1,5,0.21606060606060606,0,0,1,0,0,0,0,0,0,0,0.18754098360655738
4422,âià‰ó∫éü,6,24,0,0,2,0.21875,0,0,0,0,0,0,0,0,0,0,0.18754098360655738
4423,ç‚å˚ãMïF,1,33,20,2,7,0.136969696969697,19,0,0,0,1,0,7,4,1,0,0.16956521739130434
4423,ç‚å˚ãMïF,2,41,3,10,5,0.1726829268292683,0,1,0,0,1,1,0,0,0,23,0.16956521739130434
4423,ç‚å˚ãMïF,3,44,2,10,9,0.1802272727272727,0,0,1,1,0,0,0,0,0,0,0.16956521739130434
4423,ç‚å˚ãMïF,4,37,0,2,10,0.18135135135135136,0,0,0,0,0,0,0,0,0,0,0.16956521739130434
4423,ç‚å˚ãMïF,5,40,1,3,10,0.1635,0,0,1,0,0,0,0,0,0,0,0.16956521739130434
4423,ç‚å˚ãMïF,6,35,1,1,4,0.1777142857142857,0,0,0,1,0,0,0,0,0,0,0.16956521739130434
4424,èºîˆçVñæ,1,66,56,6,2,0.155,56,0,0,0,0,0,4,2,3,0,0.14708474576271185
4424,èºîˆçVñæ,2,50,11,21,8,0.14679999999999999,0,5,5,0,1,0,0,0,0,20,0.14708474576271185
4424,èºîˆçVñæ,3,48,11,11,7,0.14979166666666668,0,3,3,5,0,0,0,0,0,0,0.14708474576271185
4424,èºîˆçVñæ,4,47,10,15,4,0.1402127659574468,0,1,3,5,1,0,0,0,0,0,0.14708474576271185
4424,èºîˆçVñæ,5,37,5,4,9,0.14594594594594595,0,2,3,0,0,0,0,0,0,0,0.14708474576271185
4424,èºîˆçVñæ,6,47,2,8,8,0.14127659574468085,0,0,1,0,1,0,0,0,0,0,0.14708474576271185
4425,ëÂà‰ê¥ãM,1,31,11,4,2,0.14935483870967742,11,0,0,0,0,0,6,7,3,0,0.16576036866359448
4425,ëÂà‰ê¥ãM,2,34,4,6,9,0.16970588235294118,0,3,1,0,0,0,0,0,0,19,0.16576036866359448
4425,ëÂà‰ê¥ãM,3,41,3,6,6,0.16439024390243903,0,1,1,0,1,0,0,0,0,0,0.16576036866359448
4425,ëÂà‰ê¥ãM,4,38,2,7,3,0.16394736842105265,0,0,0,1,1,0,0,0,0,0,0.16576036866359448
4425,ëÂà‰ê¥ãM,5,41,1,3,10,0.16731707317073172,0,0,0,1,0,0,0,0,0,0,0.16576036866359448
4425,ëÂà‰ê¥ãM,6,32,0,3,4,0.179375,0,0,0,0,0,0,0,0,0,0,0.16576036866359448
4427,ê`âpåÂ,1,61,49,7,1,0.11163934426229509,48,0,0,0,1,0,1,3,7,0,0.1387360594795539
4427,ê`âpåÂ,2,45,12,14,4,0.14866666666666667,0,6,6,0,0,0,0,0,0,18,0.1387360594795539
4427,ê`âpåÂ,3,38,12,13,3,0.14763157894736842,0,3,3,4,1,1,0,0,0,0,0.1387360594795539
4427,ê`âpåÂ,4,37,4,7,6,0.12702702702702703,0,1,1,2,0,0,0,0,0,0,0.1387360594795539
4427,ê`âpåÂ,5,47,4,12,9,0.13638297872340427,0,0,1,3,0,0,0,0,0,0,0.1387360594795539
4427,ê`âpåÂ,6,41,3,10,7,0.1731707317073171,0,0,0,2,0,1,0,0,0,0,0.1387360594795539
4428,óLâÍíBñÁ,1,50,32,9,5,0.1444,29,0,0,0,3,0,2,5,9,0,0.14153526970954355
4428,óLâÍíBñÁ,2,36,7,16,7,0.13972222222222222,0,1,4,1,0,1,0,0,0,18,0.14153526970954355
4428,óLâÍíBñÁ,3,35,6,11,5,0.15885714285714286,0,1,3,2,0,0,0,0,0,0,0.14153526970954355
4428,óLâÍíBñÁ,4,35,8,6,6,0.13085714285714287,0,1,3,4,0,0,0,0,0,0,0.14153526970954355
4428,óLâÍíBñÁ,5,44,9,9,8,0.13749999999999998,0,0,2,7,0,0,0,0,0,0,0.14153526970954355
4428,óLâÍíBñÁ,6,41,4,4,7,0.13829268292682928,0,1,1,1,1,0,0,0,0,0,0.14153526970954355
4429,ñLìcë◊óm,1,21,7,6,1,0.17666666666666667,7,0,0,0,0,0,1,3,4,0,0.19067073170731708
4429,ñLìcë◊óm,2,31,2,7,6,0.16612903225806452,0,2,0,0,0,0,0,0,0,17,0.19067073170731708
4429,ñLìcë◊óm,3,33,2,4,7,0.17454545454545453,0,0,2,0,0,0,0,0,0,0,0.19067073170731708
4429,ñLìcë◊óm,4,30,1,6,3,0.183,0,0,0,0,1,0,0,0,0,0,0.19067073170731708
4429,ñLìcë◊óm,5,30,0,0,6,0.219,0,0,0,0,0,0,0,0,0,0,0.19067073170731708
4429,ñLìcë◊óm,6,19,1,0,1,0.24157894736842103,0,0,0,1,0,0,0,0,0,0,0.19067073170731708
4430,âiìcèGìÒ,1,51,31,11,5,0.15901960784313723,27,0,0,0,4,0,7,8,5,0,0.18433628318584072
4430,âiìcèGìÒ,2,34,12,7,8,0.1826470588235294,0,4,5,1,2,0,0,0,0,12,0.18433628318584072
4430,âiìcèGìÒ,3,32,7,8,5,0.168125,0,0,2,4,1,0,0,0,0,0,0.18433628318584072
4430,âiìcèGìÒ,4,39,10,6,11,0.19999999999999998,0,5,5,0,0,0,0,0,0,0,0.18433628318584072
4430,âiìcèGìÒ,5,36,6,6,9,0.17333333333333334,0,0,2,4,0,0,0,0,0,0,0.18433628318584072
4430,âiìcèGìÒ,6,34,3,4,7,0.23294117647058823,0,0,0,3,0,0,0,0,0,0,0.18433628318584072
4431,êŒíÀóTâÓ,1,35,16,6,6,0.12885714285714286,15,0,0,0,1,0,6,7,3,0,0.1558910891089109
4431,êŒíÀóTâÓ,2,35,5,8,4,0.14657142857142857,0,5,0,0,0,0,0,0,0,19,0.1558910891089109
4431,êŒíÀóTâÓ,3,32,3,9,7,0.154375,0,0,0,3,0,0,0,0,0,0,0.1558910891089109
4431,êŒíÀóTâÓ,4,32,2,5,6,0.1621875,0,0,1,1,0,0,0,0,0,0,0.1558910891089109
4431,êŒíÀóTâÓ,5,31,1,4,2,0.16709677419354838,0,0,1,0,0,0,0,0,0,0,0.1558910891089109
4431,êŒíÀóTâÓ,6,37,1,5,5,0.17675675675675676,0,1,0,0,0,0,0,0,0,0,0.1558910891089109
4432,â©ã‡à‰óÕó«,1,39,13,11,8,0.15333333333333335,13,0,0,0,0,0,9,11,5,0,0.16865079365079366
4432,â©ã‡à‰óÕó«,2,45,3,12,11,0.17422222222222222,0,3,0,0,0,0,0,0,0,27,0.16865079365079366
4432,â©ã‡à‰óÕó«,3,47,2,12,13,0.16638297872340427,0,0,1,0,1,0,0,0,0,0,0.16865079365079366
4432,â©ã‡à‰óÕó«,4,45,0,8,13,0.17200000000000001,0,0,0,0,0,0,0,0,0,0,0.16865079365079366
4432,â©ã‡à‰óÕó«,5,41,1,1,9,0.16439024390243903,0,0,0,1,0,0,0,0,0,0,0.16865079365079366
4432,â©ã‡à‰óÕó«,6,35,0,3,5,0.18228571428571427,0,0,0,0,0,0,0,0,0,0,0.16865079365079366
4433,êÏñÏâËóB,1,53,35,10,4,0.16905660377358492,33,0,0,0,2,0,3,9,6,0,0.190078431372549
4433,êÏñÏâËóB,2,40,8,12,9,0.195,0,5,3,0,0,0,0,0,0,15,0.190078431372549
4433,êÏñÏâËóB,3,43,8,11,6,0.18511627906976744,0,0,6,0,2,0,0,0,0,0,0.190078431372549
4433,êÏñÏâËóB,4,43,3,16,4,0.19116279069767445,0,2,1,0,0,0,0,0,0,0,0.190078431372549
4433,êÏñÏâËóB,5,31,0,6,12,0.18870967741935482,0,0,0,0,0,0,0,0,0,0,0.190078431372549
4433,êÏñÏâËóB,6,45,1,9,9,0.21511111111111111,0,1,0,0,0,0,0,0,0,0,0.190078431372549
4434,ìcíÜíCïF,1,56,34,7,8,0.16214285714285714,34,0,0,0,0,0,3,13,6,0,0.16963369963369965
4434,ìcíÜíCïF,2,43,7,14,5,0.16372093023255815,0,6,1,0,0,0,0,0,0,24,0.16963369963369965
4434,ìcíÜíCïF,3,49,6,11,13,0.16918367346938779,0,3,2,1,0,0,0,0,0,0,0.16963369963369965
4434,ìcíÜíCïF,4,46,5,16,9,0.1532608695652174,0,1,2,2,0,0,0,0,0,0,0.16963369963369965
4434,ìcíÜíCïF,5,37,2,3,8,0.16405405405405407,0,0,1,1,0,0,0,0,0,0,0.16963369963369965
4434,ìcíÜíCïF,6,42,2,4,7,0.20904761904761904,0,0,1,1,0,0,0,0,0,0,0.16963369963369965
4435,ïûïîíBç∆,1,44,27,9,3,0.15227272727272728,23,0,0,0,4,0,4,9,4,0,0.16460829493087556
4435,ïûïîíBç∆,2,38,14,6,4,0.15973684210526318,0,8,2,2,2,0,0,0,0,18,0.16460829493087556
4435,ïûïîíBç∆,3,39,6,12,5,0.158974358974359,0,0,1,4,1,0,0,0,0,0,0.16460829493087556
4435,ïûïîíBç∆,4,30,3,3,9,0.15533333333333335,0,0,0,1,0,2,0,0,0,0,0.16460829493087556
4435,ïûïîíBç∆,5,35,4,2,13,0.174,0,0,0,3,0,1,0,0,0,0,0.16460829493087556
4435,ïûïîíBç∆,6,31,1,4,8,0.1935483870967742,0,1,0,0,0,0,0,0,0,0,0.16460829493087556
4436,èaíJñæåõ,1,34,27,2,1,0.1302941176470588,26,0,0,0,1,0,1,5,1,0,0.16026737967914437
4436,èaíJñæåõ,2,30,6,11,5,0.166,0,3,2,0,1,0,0,0,0,16,0.16026737967914437
4436,èaíJñæåõ,3,30,5,4,9,0.14833333333333334,0,0,0,3,2,0,0,0,0,0,0.16026737967914437
4436,èaíJñæåõ,4,32,1,4,10,0.1634375,0,0,0,1,0,0,0,0,0,0,0.16026737967914437
4436,èaíJñæåõ,5,34,4,6,7,0.1738235294117647,0,0,0,4,0,0,0,0,0,0,0.16026737967914437
4436,èaíJñæåõ,6,27,0,4,4,0.18407407407407408,0,0,0,0,0,0,0,0,0,0,0.16026737967914437
4437,íÜìcå≥ë◊,1,41,37,3,1,0.1597560975609756,36,0,0,0,0,1,0,0,3,0,0.1580402010050251
4437,íÜìcå≥ë◊,2,35,4,12,5,0.14314285714285713,0,3,0,0,1,0,0,0,0,21,0.1580402010050251
4437,íÜìcå≥ë◊,3,30,2,7,7,0.162,0,0,0,2,0,0,0,0,0,0,0.1580402010050251
4437,íÜìcå≥ë◊,4,28,9,5,5,0.15,0,1,4,3,1,0,0,0,0,0,0.1580402010050251
4437,íÜìcå≥ë◊,5,29,1,4,5,0.14620689655172414,0,0,0,1,0,0,0,0,0,0,0.1580402010050251
4437,íÜìcå≥ë◊,6,36,0,6,11,0.18305555555555555,0,0,0,0,0,0,0,0,0,0,0.1580402010050251
4438,êXçÏóYëÂ,1,34,14,5,5,0.15029411764705883,14,0,0,0,0,0,5,5,7,0,0.1533766233766234
4438,êXçÏóYëÂ,2,43,2,14,5,0.15372093023255815,0,0,2,0,0,0,0,0,0,19,0.1533766233766234
4438,êXçÏóYëÂ,3,42,6,6,10,0.15714285714285717,0,1,3,1,1,0,0,0,0,0,0.1533766233766234
4438,êXçÏóYëÂ,4,37,6,3,10,0.14432432432432432,0,0,6,0,0,0,0,0,0,0,0.1533766233766234
4438,êXçÏóYëÂ,5,46,4,3,8,0.16086956521739132,0,0,2,2,0,0,0,0,0,0,0.1533766233766234
4438,êXçÏóYëÂ,6,29,2,1,5,0.15068965517241378,0,0,2,0,0,0,0,0,0,0,0.1533766233766234
4439,ãﬂì°óFïÛ,1,32,7,10,3,0.144375,7,0,0,0,0,0,6,10,6,0,0.1622429906542056
4439,ãﬂì°óFïÛ,2,37,4,7,9,0.1637837837837838,0,1,2,0,0,1,0,0,0,21,0.1622429906542056
4439,ãﬂì°óFïÛ,3,36,1,5,8,0.1713888888888889,0,1,0,0,0,0,0,0,0,0,0.1622429906542056
4439,ãﬂì°óFïÛ,4,38,3,4,8,0.1581578947368421,0,1,1,1,0,0,0,0,0,0,0.1622429906542056
4439,ãﬂì°óFïÛ,5,40,1,5,8,0.1655,0,0,0,1,0,0,0,0,0,0,0.1622429906542056
4439,ãﬂì°óFïÛ,6,31,0,0,6,0.16903225806451613,0,0,0,0,0,0,0,0,0,0,0.1622429906542056
4440,îãå¥ímç∆,1,24,8,6,1,0.15708333333333332,8,0,0,0,0,0,7,4,3,0,0.19186440677966102
4440,îãå¥ímç∆,2,26,3,4,6,0.17038461538461538,0,0,2,0,0,1,0,0,0,9,0.19186440677966102
4440,îãå¥ímç∆,3,33,5,3,8,0.1809090909090909,0,0,4,1,0,0,0,0,0,0,0.19186440677966102
4440,îãå¥ímç∆,4,31,1,3,6,0.20225806451612904,0,0,1,0,0,0,0,0,0,0,0.19186440677966102
4440,îãå¥ímç∆,5,32,0,1,5,0.20625000000000002,0,0,0,0,0,0,0,0,0,0,0.19186440677966102
4440,îãå¥ímç∆,6,31,0,0,3,0.2232258064516129,0,0,0,0,0,0,0,0,0,0,0.19186440677966102
4441,ññâióRäy,1,57,40,8,3,0.15754385964912282,36,0,0,0,4,0,6,4,3,0,0.15916349809885932
4441,ññâióRäy,2,46,9,7,12,0.16260869565217392,0,7,2,0,0,0,0,0,0,25,0.15916349809885932
4441,ññâióRäy,3,36,1,14,9,0.14944444444444444,0,0,1,0,0,0,0,0,0,0,0.15916349809885932
4441,ññâióRäy,4,46,5,18,11,0.15739130434782608,0,1,1,3,0,0,0,0,0,0,0.15916349809885932
4441,ññâióRäy,5,34,3,6,6,0.15882352941176472,0,0,1,2,0,0,0,0,0,0,0.15916349809885932
4441,ññâióRäy,6,44,1,3,16,0.16772727272727272,0,0,0,0,1,0,0,0,0,0,0.15916349809885932
4442,èºí|ëÂï„,1,43,20,9,3,0.18325581395348836,19,0,0,0,1,0,3,11,7,0,0.1846938775510204
4442,èºí|ëÂï„,2,38,6,5,5,0.18,0,5,1,0,0,0,0,0,0,18,0.1846938775510204
4442,èºí|ëÂï„,3,42,5,4,10,0.17,0,0,0,4,1,0,0,0,0,0,0.1846938775510204
4442,èºí|ëÂï„,4,46,2,11,12,0.16847826086956522,0,0,1,0,0,1,0,0,0,0,0.1846938775510204
4442,èºí|ëÂï„,5,35,3,1,8,0.18885714285714286,0,0,0,2,1,0,0,0,0,0,0.1846938775510204
4442,èºí|ëÂï„,6,41,0,1,5,0.22024390243902436,0,0,0,0,0,0,0,0,0,0,0.1846938775510204
4443,í√ìcóTäG,1,44,21,11,4,0.1690909090909091,14,0,0,0,7,0,8,11,3,0,0.18425619834710746
4443,í√ìcóTäG,2,43,2,12,13,0.19372093023255815,0,1,0,0,1,0,0,0,0,27,0.18425619834710746
4443,í√ìcóTäG,3,45,4,7,16,0.16977777777777778,0,1,1,0,1,1,0,0,0,0,0.18425619834710746
4443,í√ìcóTäG,4,40,3,5,14,0.174,0,1,1,0,1,0,0,0,0,0,0.18425619834710746
4443,í√ìcóTäG,5,38,0,6,8,0.19078947368421054,0,0,0,0,0,0,0,0,0,0,0.18425619834710746
4443,í√ìcóTäG,6,32,1,2,4,0.2178125,0,1,0,0,0,0,0,0,0,0,0.18425619834710746
4444,ãÀê∂èáïΩ,1,54,37,10,3,0.12333333333333334,35,0,0,0,1,1,5,2,8,0,0.13373390557939915
4444,ãÀê∂èáïΩ,2,37,6,12,6,0.13378378378378378,0,5,0,0,1,0,0,0,0,20,0.13373390557939915
4444,ãÀê∂èáïΩ,3,38,6,17,4,0.1413157894736842,0,1,0,5,0,0,0,0,0,0,0.13373390557939915
4444,ãÀê∂èáïΩ,4,37,8,13,4,0.13756756756756755,1,2,3,2,0,0,0,0,0,0,0.13373390557939915
4444,ãÀê∂èáïΩ,5,33,4,9,9,0.1406060606060606,0,1,0,3,0,0,0,0,0,0,0.13373390557939915
4444,ãÀê∂èáïΩ,6,34,5,8,11,0.13088235294117648,0,1,2,0,1,1,0,0,0,0,0.13373390557939915
4445,ã{ínå≥ãP,1,52,40,3,6,0.14942307692307694,38,0,0,0,2,0,6,2,3,0,0.14004545454545453
4445,ã{ínå≥ãP,2,34,5,17,7,0.1373529411764706,1,3,0,1,0,0,0,0,0,18,0.14004545454545453
4445,ã{ínå≥ãP,3,38,6,13,10,0.1331578947368421,0,2,1,2,1,0,0,0,0,0,0.14004545454545453
4445,ã{ínå≥ãP,4,37,8,4,10,0.11918918918918919,0,1,2,4,1,0,0,0,0,0,0.14004545454545453
4445,ã{ínå≥ãP,5,29,6,4,6,0.15724137931034485,0,1,0,3,2,0,0,0,0,0,0.14004545454545453
4445,ã{ínå≥ãP,6,30,0,6,6,0.14466666666666667,0,0,0,0,0,0,0,0,0,0,0.14004545454545453
4446,òaìcåìï„,1,61,39,10,8,0.14295081967213116,36,0,0,0,3,0,1,4,16,0,0.15089605734767025
4446,òaìcåìï„,2,47,9,21,4,0.15595744680851065,0,4,5,0,0,0,0,0,0,31,0.15089605734767025
4446,òaìcåìï„,3,45,10,12,14,0.15288888888888888,0,1,5,2,2,0,0,0,0,0,0.15089605734767025
4446,òaìcåìï„,4,45,9,11,11,0.14755555555555558,1,0,7,0,1,0,0,0,0,0,0.15089605734767025
4446,òaìcåìï„,5,33,4,9,6,0.1596969696969697,0,0,2,2,0,0,0,0,0,0,0.15089605734767025
4446,òaìcåìï„,6,48,2,10,10,0.15125,0,0,1,1,0,0,0,0,0,0,0.15089605734767025
4447,ê[êÏñÉìﬁî¸,1,18,10,1,2,0.14944444444444444,10,0,0,0,0,0,3,4,1,0,0.15403361344537816
4447,ê[êÏñÉìﬁî¸,2,23,1,6,6,0.14043478260869566,0,0,1,0,0,0,0,0,0,13,0.15403361344537816
4447,ê[êÏñÉìﬁî¸,3,23,2,8,1,0.17521739130434782,0,0,1,1,0,0,0,0,0,0,0.15403361344537816
4447,ê[êÏñÉìﬁî¸,4,19,0,4,1,0.16105263157894736,0,0,0,0,0,0,0,0,0,0,0.15403361344537816
4447,ê[êÏñÉìﬁî¸,5,19,3,4,2,0.1394736842105263,0,0,2,0,0,1,0,0,0,0,0.15403361344537816
4447,ê[êÏñÉìﬁî¸,6,17,0,2,3,0.15705882352941175,0,0,0,0,0,0,0,0,0,0,0.15403361344537816
4448,ê¬ñÿå∫ëæ,1,53,40,9,1,0.14754716981132077,39,0,0,0,1,0,2,2,9,0,0.13926470588235296
4448,ê¬ñÿå∫ëæ,2,45,4,15,15,0.13999999999999999,0,3,1,0,0,0,0,0,0,29,0.13926470588235296
4448,ê¬ñÿå∫ëæ,3,47,5,16,10,0.12914893617021278,0,2,3,0,0,0,0,0,0,0,0.13926470588235296
4448,ê¬ñÿå∫ëæ,4,50,12,13,11,0.1334,0,4,3,4,1,0,0,0,0,0,0.13926470588235296
4448,ê¬ñÿå∫ëæ,5,39,2,11,10,0.1464102564102564,0,0,0,2,0,0,0,0,0,0,0.13926470588235296
4448,ê¬ñÿå∫ëæ,6,38,2,13,10,0.13973684210526316,0,0,2,0,0,0,0,0,0,0,0.13926470588235296
4449,íÜìàíBñÁ,1,31,12,4,6,0.17709677419354838,10,0,0,0,2,0,5,7,7,0,0.1628921568627451
4449,íÜìàíBñÁ,2,35,1,8,7,0.1862857142857143,0,1,0,0,0,0,0,0,0,24,0.1628921568627451
4449,íÜìàíBñÁ,3,39,1,3,8,0.16974358974358975,0,1,0,0,0,0,0,0,0,0,0.1628921568627451
4449,íÜìàíBñÁ,4,35,1,5,4,0.148,0,0,1,0,0,0,0,0,0,0,0.1628921568627451
4449,íÜìàíBñÁ,5,35,0,4,4,0.15114285714285713,0,0,0,0,0,0,0,0,0,0,0.1628921568627451
4449,íÜìàíBñÁ,6,29,3,2,5,0.14241379310344826,0,0,2,1,0,0,0,0,0,0,0.1628921568627451
4450,ïΩçÇìﬁçÿ,1,64,49,3,4,0.1375,48,0,0,0,1,0,0,10,3,0,0.14719557195571956
4450,ïΩçÇìﬁçÿ,2,47,10,14,11,0.1497872340425532,0,8,1,0,1,0,0,0,0,29,0.14719557195571956
4450,ïΩçÇìﬁçÿ,3,39,6,12,10,0.158974358974359,0,1,3,0,2,0,0,0,0,0,0.14719557195571956
4450,ïΩçÇìﬁçÿ,4,45,8,15,8,0.15644444444444444,0,2,2,3,1,0,0,0,0,0,0.14719557195571956
4450,ïΩçÇìﬁçÿ,5,36,6,5,13,0.14777777777777779,0,1,0,5,0,0,0,0,0,0,0.14719557195571956
4450,ïΩçÇìﬁçÿ,6,40,4,10,4,0.13725,0,0,0,3,0,1,0,0,0,0,0.14719557195571956
4451,èºçËóSëæòY,1,59,44,8,4,0.1369491525423729,40,0,0,0,4,0,6,3,5,0,0.15783882783882786
4451,èºçËóSëæòY,2,50,16,13,5,0.14880000000000002,0,10,4,1,1,0,0,0,0,25,0.15783882783882786
4451,èºçËóSëæòY,3,47,11,15,10,0.1574468085106383,1,1,5,4,0,0,0,0,0,0,0.15783882783882786
4451,èºçËóSëæòY,4,51,4,17,17,0.16666666666666666,0,2,1,0,1,0,0,0,0,0,0.15783882783882786
4451,èºçËóSëæòY,5,34,2,7,11,0.16323529411764706,0,0,2,0,0,0,0,0,0,0,0.15783882783882786
4451,èºçËóSëæòY,6,32,0,6,6,0.19125,0,0,0,0,0,0,0,0,0,0,0.15783882783882786
4452,èºîˆç’,1,33,16,9,4,0.19303030303030302,15,0,0,0,1,0,8,5,2,0,0.19450236966824644
4452,èºîˆç’,2,35,4,7,13,0.18657142857142858,0,2,1,0,1,0,0,0,0,15,0.19450236966824644
4452,èºîˆç’,3,38,7,8,4,0.18105263157894735,0,0,5,2,0,0,0,0,0,0,0.19450236966824644
4452,èºîˆç’,4,37,5,6,10,0.1881081081081081,0,1,4,0,0,0,0,0,0,0,0.19450236966824644
4452,èºîˆç’,5,34,1,4,10,0.19794117647058826,0,0,0,1,0,0,0,0,0,0,0.19450236966824644
4452,èºîˆç’,6,34,0,0,5,0.22264705882352942,0,0,0,0,0,0,0,0,0,0,0.19450236966824644
4453,âiìcàËñÌ,1,26,15,3,5,0.1503846153846154,14,0,0,0,1,0,4,1,4,0,0.1475141242937853
4453,âiìcàËñÌ,2,36,5,9,4,0.14277777777777778,0,3,2,0,0,0,0,0,0,14,0.1475141242937853
4453,âiìcàËñÌ,3,27,2,5,3,0.15407407407407409,0,1,1,0,0,0,0,0,0,0,0.1475141242937853
4453,âiìcàËñÌ,4,27,4,1,4,0.14962962962962964,0,0,3,1,0,0,0,0,0,0,0.1475141242937853
4453,âiìcàËñÌ,5,35,1,3,3,0.13914285714285715,0,0,1,0,0,0,0,0,0,0,0.1475141242937853
4453,âiìcàËñÌ,6,26,0,0,4,0.15346153846153848,0,0,0,0,0,0,0,0,0,0,0.1475141242937853
4456,äôëqó¡,1,45,35,5,3,0.118,34,0,0,0,1,0,1,4,4,0,0.164
4456,äôëqó¡,2,29,6,6,7,0.1686206896551724,0,5,1,0,0,0,0,0,0,13,0.164
4456,äôëqó¡,3,29,8,11,4,0.1706896551724138,0,1,4,3,0,0,0,0,0,0,0.164
4456,äôëqó¡,4,30,5,6,7,0.166,0,1,0,3,1,0,0,0,0,0,0.164
4456,äôëqó¡,5,22,1,5,7,0.18181818181818182,0,1,0,0,0,0,0,0,0,0,0.164
4456,äôëqó¡,6,30,5,6,6,0.207,0,1,0,1,2,1,0,0,0,0,0.164
4457,ê_ìcíBñÁ,1,23,8,6,5,0.1773913043478261,7,0,0,0,1,0,6,2,4,0,0.19617486338797813
4457,ê_ìcíBñÁ,2,35,1,9,9,0.17800000000000002,0,1,0,0,0,0,0,0,0,13,0.19617486338797813
4457,ê_ìcíBñÁ,3,30,3,3,9,0.18766666666666668,0,0,1,2,0,0,0,0,0,0,0.19617486338797813
4457,ê_ìcíBñÁ,4,38,2,10,4,0.20736842105263156,0,1,0,0,1,0,0,0,0,0,0.19617486338797813
4457,ê_ìcíBñÁ,5,31,2,3,4,0.20032258064516129,0,0,1,1,0,0,0,0,0,0,0.19617486338797813
4457,ê_ìcíBñÁ,6,26,0,5,3,0.22576923076923078,0,0,0,0,0,0,0,0,0,0,0.19617486338797813
4458,ñïçÅóYéO,1,29,12,6,3,0.1486206896551724,12,0,0,0,0,0,6,3,4,0,0.15327354260089687
4458,ñïçÅóYéO,2,40,6,10,11,0.15175,1,4,1,0,0,0,0,0,0,25,0.15327354260089687
4458,ñïçÅóYéO,3,38,5,8,8,0.15210526315789474,0,0,1,3,0,1,0,0,0,0,0.15327354260089687
4458,ñïçÅóYéO,4,43,4,4,9,0.15023255813953487,0,2,1,1,0,0,0,0,0,0,0.15327354260089687
4458,ñïçÅóYéO,5,42,0,6,7,0.15095238095238095,0,0,0,0,0,0,0,0,0,0,0.15327354260089687
4458,ñïçÅóYéO,6,31,0,0,4,0.16838709677419353,0,0,0,0,0,0,0,0,0,0,0.15327354260089687
4459,ï–â™âÎóT,1,63,48,8,3,0.13174603174603175,45,0,0,0,3,0,6,6,3,0,0.12224637681159421
4459,ï–â™âÎóT,2,49,18,13,4,0.11306122448979591,0,14,3,0,1,0,0,0,0,25,0.12224637681159421
4459,ï–â™âÎóT,3,40,4,8,8,0.13025,0,0,0,4,0,0,0,0,0,0,0.12224637681159421
4459,ï–â™âÎóT,4,45,11,9,14,0.1068888888888889,0,4,3,3,1,0,0,0,0,0,0.12224637681159421
4459,ï–â™âÎóT,5,43,8,5,8,0.10837209302325582,0,1,2,5,0,0,0,0,0,0,0.12224637681159421
4459,ï–â™âÎóT,6,36,1,9,8,0.145,0,1,0,0,0,0,0,0,0,0,0.12224637681159421
4460,å„ì°„ƒîV,1,44,27,13,1,0.13545454545454547,27,0,0,0,0,0,9,2,4,0,0.1386602870813397
4460,å„ì°„ƒîV,2,38,14,15,3,0.14368421052631578,2,8,2,0,2,0,0,0,0,21,0.1386602870813397
4460,å„ì°„ƒîV,3,37,6,10,13,0.14432432432432432,0,0,1,4,1,0,0,0,0,0,0.1386602870813397
4460,å„ì°„ƒîV,4,30,6,6,6,0.12833333333333333,0,0,4,1,1,0,0,0,0,0,0.1386602870813397
4460,å„ì°„ƒîV,5,27,3,7,6,0.12000000000000001,0,0,1,2,0,0,0,0,0,0,0.1386602870813397
4460,å„ì°„ƒîV,6,33,4,4,6,0.15545454545454546,1,0,1,1,1,0,0,0,0,0,0.1386602870813397
4461,à¿ìcãgçG,1,23,5,6,3,0.17782608695652175,5,0,0,0,0,0,5,8,5,0,0.1822560975609756
4461,à¿ìcãgçG,2,29,0,5,4,0.19655172413793104,0,0,0,0,0,0,0,0,0,13,0.1822560975609756
4461,à¿ìcãgçG,3,26,3,2,8,0.1580769230769231,0,1,0,2,0,0,0,0,0,0,0.1822560975609756
4461,à¿ìcãgçG,4,31,2,1,5,0.1703225806451613,0,0,1,1,0,0,0,0,0,0,0.1822560975609756
4461,à¿ìcãgçG,5,26,0,5,0,0.19961538461538464,0,0,0,0,0,0,0,0,0,0,0.1822560975609756
4461,à¿ìcãgçG,6,29,2,3,3,0.19034482758620688,0,0,1,0,0,1,0,0,0,0,0.1822560975609756
4462,âƒéRó∫ïΩ,1,20,7,3,3,0.1865,6,1,0,0,0,0,3,4,5,0,0.160939226519337
4462,âƒéRó∫ïΩ,2,33,1,6,5,0.1618181818181818,0,1,0,0,0,0,0,0,0,22,0.160939226519337
4462,âƒéRó∫ïΩ,3,37,3,6,10,0.14486486486486488,0,1,2,0,0,0,0,0,0,0,0.160939226519337
4462,âƒéRó∫ïΩ,4,30,2,2,8,0.15766666666666668,0,1,0,1,0,0,0,0,0,0,0.160939226519337
4462,âƒéRó∫ïΩ,5,34,2,2,4,0.15617647058823528,0,0,1,1,0,0,0,0,0,0,0.160939226519337
4462,âƒéRó∫ïΩ,6,27,1,1,7,0.1725925925925926,0,0,0,1,0,0,0,0,0,0,0.160939226519337
4463,éOìœçWçK,1,53,33,12,3,0.1547169811320755,30,0,0,0,3,0,9,6,4,0,0.170532319391635
4463,éOìœçWçK,2,46,6,19,7,0.16978260869565218,0,4,0,0,1,1,0,0,0,25,0.170532319391635
4463,éOìœçWçK,3,46,5,9,13,0.17956521739130435,0,1,0,4,0,0,0,0,0,0,0.170532319391635
4463,éOìœçWçK,4,42,4,10,10,0.18023809523809525,0,1,1,2,0,0,0,0,0,0,0.170532319391635
4463,éOìœçWçK,5,39,2,6,11,0.16743589743589743,0,1,0,1,0,0,0,0,0,0,0.170532319391635
4463,éOìœçWçK,6,37,2,4,9,0.17513513513513515,0,0,1,0,1,0,0,0,0,0,0.170532319391635
4464,éRâ∫óFãM,1,33,22,3,4,0.15363636363636365,20,0,0,0,2,0,2,9,0,0,0.15486772486772488
4464,éRâ∫óFãM,2,33,10,8,4,0.14272727272727273,0,9,0,0,1,0,0,0,0,14,0.15486772486772488
4464,éRâ∫óFãM,3,33,5,8,7,0.14181818181818182,0,0,2,2,1,0,0,0,0,0,0.15486772486772488
4464,éRâ∫óFãM,4,32,5,8,6,0.15687500000000001,0,1,3,0,1,0,0,0,0,0,0.15486772486772488
4464,éRâ∫óFãM,5,30,0,7,6,0.14866666666666667,0,0,0,0,0,0,0,0,0,0,0.15486772486772488
4464,éRâ∫óFãM,6,28,1,2,4,0.19035714285714286,0,0,0,0,1,0,0,0,0,0,0.15486772486772488
4465,ëÂêºå´,1,25,3,8,6,0.1968,3,0,0,0,0,0,5,8,5,0,0.19285714285714287
4465,ëÂêºå´,2,30,2,4,7,0.17866666666666667,0,0,0,0,1,1,0,0,0,12,0.19285714285714287
4465,ëÂêºå´,3,38,0,3,12,0.20394736842105263,0,0,0,0,0,0,0,0,0,0,0.19285714285714287
4465,ëÂêºå´,4,33,2,7,5,0.18363636363636363,0,1,1,0,0,0,0,0,0,0,0.19285714285714287
4465,ëÂêºå´,5,31,0,3,6,0.19903225806451613,0,0,0,0,0,0,0,0,0,0,0.19285714285714287
4465,ëÂêºå´,6,25,0,0,7,0.1936,0,0,0,0,0,0,0,0,0,0,0.19285714285714287
4466,ìÏóCìT,1,45,29,4,8,0.17466666666666666,28,0,0,0,1,0,3,10,3,0,0.1837444933920705
4466,ìÏóCìT,2,35,9,13,6,0.17742857142857144,0,8,1,0,0,0,0,0,0,17,0.1837444933920705
4466,ìÏóCìT,3,46,8,16,11,0.1852173913043478,0,2,2,2,2,0,0,0,0,0,0.1837444933920705
4466,ìÏóCìT,4,41,1,9,15,0.175609756097561,0,0,0,0,0,1,0,0,0,0,0.1837444933920705
4466,ìÏóCìT,5,29,2,2,6,0.18482758620689657,0,0,0,1,1,0,0,0,0,0,0.1837444933920705
4466,ìÏóCìT,6,31,0,2,3,0.21161290322580648,0,0,0,0,0,0,0,0,0,0,0.1837444933920705
4467,ìnÁ≥èrâÓ,1,40,27,5,1,0.1575,25,0,0,0,2,0,4,4,4,0,0.14648
4467,ìnÁ≥èrâÓ,2,46,8,14,7,0.14369565217391306,0,5,2,1,0,0,0,0,0,20,0.14648
4467,ìnÁ≥èrâÓ,3,47,11,11,8,0.13425531914893618,0,1,6,2,2,0,0,0,0,0,0.14648
4467,ìnÁ≥èrâÓ,4,34,3,6,8,0.13,0,0,0,2,1,0,0,0,0,0,0.14648
4467,ìnÁ≥èrâÓ,5,44,2,9,10,0.15045454545454545,0,0,0,1,1,0,0,0,0,0,0.14648
4467,ìnÁ≥èrâÓ,6,39,3,3,9,0.1630769230769231,0,0,0,2,1,0,0,0,0,0,0.14648
4468,ëÂíróCóà,1,45,30,9,4,0.114,28,0,0,0,2,0,5,2,7,0,0.13690140845070423
4468,ëÂíróCóà,2,33,4,12,3,0.13,0,3,1,0,0,0,0,0,0,17,0.13690140845070423
4468,ëÂíróCóà,3,37,4,10,9,0.15594594594594596,0,1,1,2,0,0,0,0,0,0,0.13690140845070423
4468,ëÂíróCóà,4,34,9,10,5,0.14323529411764707,0,1,8,0,0,0,0,0,0,0,0.13690140845070423
4468,ëÂíróCóà,5,31,4,3,6,0.13645161290322583,0,0,1,2,1,0,0,0,0,0,0.13690140845070423
4468,ëÂíróCóà,6,33,3,5,5,0.14757575757575758,0,0,0,2,1,0,0,0,0,0,0.13690140845070423
4469,ìyéRëÏñÁ,1,37,25,4,3,0.14783783783783783,24,0,0,0,1,0,5,3,2,0,0.17458149779735685
4469,ìyéRëÏñÁ,2,37,9,7,4,0.19,0,1,8,0,0,0,0,0,0,16,0.17458149779735685
4469,ìyéRëÏñÁ,3,42,8,13,8,0.1676190476190476,0,0,6,2,0,0,0,0,0,0,0.17458149779735685
4469,ìyéRëÏñÁ,4,41,4,4,9,0.16682926829268294,0,1,1,2,0,0,0,0,0,0,0.17458149779735685
4469,ìyéRëÏñÁ,5,38,2,4,9,0.18710526315789475,0,0,0,1,1,0,0,0,0,0,0.17458149779735685
4469,ìyéRëÏñÁ,6,32,1,1,5,0.191875,0,1,0,0,0,0,0,0,0,0,0.17458149779735685
4470,ïΩìcåíîVóC,1,46,28,9,2,0.1441304347826087,25,0,0,0,3,0,6,6,4,0,0.14983870967741936
4470,ïΩìcåíîVóC,2,49,6,13,14,0.1563265306122449,1,3,1,0,1,0,0,0,0,26,0.14983870967741936
4470,ïΩìcåíîVóC,3,39,5,8,9,0.14153846153846156,0,1,0,3,1,0,0,0,0,0,0.14983870967741936
4470,ïΩìcåíîVóC,4,35,6,4,11,0.1457142857142857,0,1,0,2,2,1,0,0,0,0,0.14983870967741936
4470,ïΩìcåíîVóC,5,39,4,2,7,0.15512820512820513,0,0,1,3,0,0,0,0,0,0,0.14983870967741936
4470,ïΩìcåíîVóC,6,40,0,9,5,0.155,0,0,0,0,0,0,0,0,0,0,0.14983870967741936
4471,êVìcë◊èÕ,1,63,44,10,4,0.12126984126984126,38,0,0,0,6,0,7,3,5,0,0.1494237288135593
4471,êVìcë◊èÕ,2,52,15,12,12,0.15384615384615385,1,13,0,1,0,0,0,0,0,27,0.1494237288135593
4471,êVìcë◊èÕ,3,46,7,16,9,0.14543478260869566,0,2,1,3,1,0,0,0,0,0,0.1494237288135593
4471,êVìcë◊èÕ,4,50,6,7,17,0.1524,0,4,1,0,1,0,0,0,0,0,0.1494237288135593
4471,êVìcë◊èÕ,5,40,1,4,12,0.1615,0,1,0,0,0,0,0,0,0,0,0.1494237288135593
4471,êVìcë◊èÕ,6,44,0,7,8,0.17431818181818182,0,0,0,0,0,0,0,0,0,0,0.1494237288135593
4472,îˆìààÍçL,1,67,55,5,1,0.13805970149253732,54,0,0,0,1,0,4,1,7,0,0.1442281879194631
4472,îˆìààÍçL,2,53,11,20,5,0.14226415094339623,1,7,1,0,2,0,0,0,0,28,0.1442281879194631
4472,îˆìààÍçL,3,45,7,9,12,0.15288888888888888,0,3,1,2,1,0,0,0,0,0,0.1442281879194631
4472,îˆìààÍçL,4,45,7,14,4,0.14400000000000002,0,1,3,1,2,0,0,0,0,0,0.1442281879194631
4472,îˆìààÍçL,5,38,5,7,7,0.14684210526315788,0,4,0,0,1,0,0,0,0,0,0.1442281879194631
4472,îˆìààÍçL,6,50,2,4,8,0.145,0,1,0,1,0,0,0,0,0,0,0.1442281879194631
4473,ì°ì∞ó¢çÅ,3,1,1,0,0,0.15,0,0,1,0,0,0,0,0,0,0,0.158
4473,ì°ì∞ó¢çÅ,4,2,0,0,2,0.20500000000000002,0,0,0,0,0,0,0,0,0,0,0.158
4473,ì°ì∞ó¢çÅ,6,2,0,0,0,0.115,0,0,0,0,0,0,0,0,0,0,0.158
4474,ìnï”êí,1,27,12,8,5,0.16333333333333333,11,0,0,0,1,0,8,4,2,0,0.1940721649484536
4474,ìnï”êí,2,35,2,8,11,0.1842857142857143,0,1,0,0,1,0,0,0,0,17,0.1940721649484536
4474,ìnï”êí,3,36,3,5,11,0.18555555555555556,0,1,1,1,0,0,0,0,0,0,0.1940721649484536
4474,ìnï”êí,4,29,0,5,8,0.19655172413793104,0,0,0,0,0,0,0,0,0,0,0.1940721649484536
4474,ìnï”êí,5,33,0,3,8,0.2,0,0,0,0,0,0,0,0,0,0,0.1940721649484536
4474,ìnï”êí,6,34,0,1,5,0.2297058823529412,0,0,0,0,0,0,0,0,0,0,0.1940721649484536
4475,ññâióSãP,1,59,32,15,5,0.1593220338983051,28,0,1,0,3,0,7,8,9,0,0.1586206896551724
4475,ññâióSãP,2,39,7,13,7,0.16999999999999998,0,4,0,0,3,0,0,0,0,24,0.1586206896551724
4475,ññâióSãP,3,43,5,13,10,0.1455813953488372,0,0,2,3,0,0,0,0,0,0,0.1586206896551724
4475,ññâióSãP,4,44,5,7,12,0.1559090909090909,0,0,4,1,0,0,0,0,0,0,0.1586206896551724
4475,ññâióSãP,5,34,1,5,10,0.16323529411764706,0,0,0,1,0,0,0,0,0,0,0.1586206896551724
4475,ññâióSãP,6,42,0,4,9,0.15952380952380954,0,0,0,0,0,0,0,0,0,0,0.1586206896551724
4477,é¬çËêméu,1,51,39,2,1,0.11843137254901961,38,0,0,0,1,0,2,6,4,0,0.12060344827586207
4477,é¬çËêméu,2,35,6,8,9,0.11971428571428573,0,6,0,0,0,0,0,0,0,20,0.12060344827586207
4477,é¬çËêméu,3,39,10,12,7,0.11410256410256411,0,2,4,3,1,0,0,0,0,0,0.12060344827586207
4477,é¬çËêméu,4,41,7,7,11,0.11170731707317073,0,2,2,2,0,1,0,0,0,0,0.12060344827586207
4477,é¬çËêméu,5,32,2,6,5,0.12937500000000002,0,0,0,2,0,0,0,0,0,0,0.12060344827586207
4477,é¬çËêméu,6,34,2,2,12,0.13470588235294118,0,0,0,2,0,0,0,0,0,0,0.12060344827586207
4478,üNñ{Ç†Ç‰Ç›,1,47,31,7,3,0.14702127659574468,30,0,0,0,1,0,4,6,6,0,0.16068493150684932
4478,üNñ{Ç†Ç‰Ç›,2,35,3,14,5,0.18457142857142858,0,2,1,0,0,0,0,0,0,20,0.16068493150684932
4478,üNñ{Ç†Ç‰Ç›,3,43,7,16,6,0.15093023255813953,0,0,5,2,0,0,0,0,0,0,0.16068493150684932
4478,üNñ{Ç†Ç‰Ç›,4,34,6,7,5,0.13647058823529412,0,0,6,0,0,0,0,0,0,0,0.16068493150684932
4478,üNñ{Ç†Ç‰Ç›,5,31,1,7,9,0.1667741935483871,0,0,1,0,0,0,0,0,0,0,0.16068493150684932
4478,üNñ{Ç†Ç‰Ç›,6,29,1,4,0,0.19034482758620688,0,0,1,0,0,0,0,0,0,0,0.16068493150684932
4479,ñÓñÏê^óúçÿ,1,12,4,2,0,0.1875,3,0,0,0,1,0,3,3,1,0,0.18373493975903615
4479,ñÓñÏê^óúçÿ,2,17,1,2,5,0.19941176470588237,0,0,1,0,0,0,0,0,0,5,0.18373493975903615
4479,ñÓñÏê^óúçÿ,3,19,1,4,3,0.17842105263157895,0,0,1,0,0,0,0,0,0,0,0.18373493975903615
4479,ñÓñÏê^óúçÿ,4,12,0,1,2,0.17333333333333334,0,0,0,0,0,0,0,0,0,0,0.18373493975903615
4479,ñÓñÏê^óúçÿ,5,12,1,1,0,0.19083333333333333,0,0,1,0,0,0,0,0,0,0,0.18373493975903615
4479,ñÓñÏê^óúçÿ,6,11,0,0,2,0.16818181818181818,0,0,0,0,0,0,0,0,0,0,0.18373493975903615
4482,éÁâÆî¸ï‰,1,60,49,3,3,0.137,47,0,0,0,2,0,4,2,4,0,0.1622509225092251
4482,éÁâÆî¸ï‰,2,45,10,12,12,0.15622222222222223,2,6,2,0,0,0,0,0,0,24,0.1622509225092251
4482,éÁâÆî¸ï‰,3,42,6,12,10,0.15452380952380954,0,0,3,3,0,0,0,0,0,0,0.1622509225092251
4482,éÁâÆî¸ï‰,4,47,15,9,7,0.16319148936170214,0,5,5,3,2,0,0,0,0,0,0.1622509225092251
4482,éÁâÆî¸ï‰,5,39,1,7,6,0.18153846153846154,0,0,0,1,0,0,0,0,0,0,0.1622509225092251
4482,éÁâÆî¸ï‰,6,38,4,5,7,0.1968421052631579,0,2,2,0,0,0,0,0,0,0,0.1622509225092251
4483,ñkñÏãPãG,1,43,33,6,0,0.13697674418604652,33,0,0,0,0,0,1,6,3,0,0.1462127659574468
4483,ñkñÏãPãG,2,37,10,11,6,0.15918918918918917,1,8,1,0,0,0,0,0,0,19,0.1462127659574468
4483,ñkñÏãPãG,3,42,9,11,8,0.1488095238095238,0,2,3,4,0,0,0,0,0,0,0.1462127659574468
4483,ñkñÏãPãG,4,40,5,8,10,0.13175,0,0,3,1,0,1,0,0,0,0,0.1462127659574468
4483,ñkñÏãPãG,5,30,5,6,11,0.143,0,0,1,3,1,0,0,0,0,0,0.1462127659574468
4483,ñkñÏãPãG,6,43,3,7,7,0.15744186046511627,0,0,0,1,2,0,0,0,0,0,0.1462127659574468
4484,àÓê∂âƒãG,1,28,8,6,5,0.15892857142857145,7,0,0,0,0,1,9,4,5,0,0.18464088397790057
4484,àÓê∂âƒãG,2,37,3,8,5,0.2064864864864865,0,2,0,0,1,0,0,0,0,14,0.18464088397790057
4484,àÓê∂âƒãG,3,28,0,5,5,0.18142857142857144,0,0,0,0,0,0,0,0,0,0,0.18464088397790057
4484,àÓê∂âƒãG,4,31,1,4,6,0.19064516129032258,0,1,0,0,0,0,0,0,0,0,0.18464088397790057
4484,àÓê∂âƒãG,5,35,2,6,9,0.16742857142857143,0,0,0,2,0,0,0,0,0,0,0.18464088397790057
4484,àÓê∂âƒãG,6,22,0,2,2,0.20363636363636364,0,0,0,0,0,0,0,0,0,0,0.18464088397790057
4485,ìÌå¥ê≥çÑ,1,28,14,5,2,0.16107142857142856,12,0,0,0,2,0,3,2,6,0,0.15895061728395063
4485,ìÌå¥ê≥çÑ,2,26,4,9,2,0.16,0,3,1,0,0,0,0,0,0,15,0.15895061728395063
4485,ìÌå¥ê≥çÑ,3,29,5,4,7,0.1472413793103448,0,1,1,1,2,0,0,0,0,0,0.15895061728395063
4485,ìÌå¥ê≥çÑ,4,28,5,4,3,0.1432142857142857,0,0,3,2,0,0,0,0,0,0,0.15895061728395063
4485,ìÌå¥ê≥çÑ,5,24,4,2,7,0.16541666666666668,0,0,1,3,0,0,0,0,0,0,0.15895061728395063
4485,ìÌå¥ê≥çÑ,6,27,0,0,5,0.1788888888888889,0,0,0,0,0,0,0,0,0,0,0.15895061728395063
4486,ñÏë∫êΩ,1,37,29,3,3,0.15783783783783784,29,0,0,0,0,0,1,3,2,0,0.15449339207048457
4486,ñÏë∫êΩ,2,43,10,12,7,0.14837209302325582,0,5,4,0,1,0,0,0,0,21,0.15449339207048457
4486,ñÏë∫êΩ,3,34,4,11,5,0.14323529411764707,0,1,1,0,2,0,0,0,0,0,0.15449339207048457
4486,ñÏë∫êΩ,4,35,4,10,8,0.15457142857142858,0,0,1,1,2,0,0,0,0,0,0.15449339207048457
4486,ñÏë∫êΩ,5,39,4,6,7,0.13794871794871794,0,1,1,2,0,0,0,0,0,0,0.15449339207048457
4486,ñÏë∫êΩ,6,39,2,3,8,0.18435897435897436,0,1,0,1,0,0,0,0,0,0,0.15449339207048457
4487,éOå¥éi,1,23,9,1,3,0.1826086956521739,9,0,0,0,0,0,6,4,3,0,0.19410526315789475
4487,éOå¥éi,2,33,4,3,6,0.19757575757575757,0,1,2,1,0,0,0,0,0,15,0.19410526315789475
4487,éOå¥éi,3,37,4,8,8,0.17594594594594595,0,2,2,0,0,0,0,0,0,0,0.19410526315789475
4487,éOå¥éi,4,33,2,2,8,0.20484848484848484,0,2,0,0,0,0,0,0,0,0,0.19410526315789475
4487,éOå¥éi,5,36,0,1,6,0.19055555555555556,0,0,0,0,0,0,0,0,0,0,0.19410526315789475
4487,éOå¥éi,6,28,0,1,4,0.21535714285714286,0,0,0,0,0,0,0,0,0,0,0.19410526315789475
4488,è¨éRï◊,1,37,27,8,2,0.1264864864864865,24,0,0,0,3,0,4,2,4,0,0.15603864734299516
4488,è¨éRï◊,2,30,3,9,9,0.14566666666666667,0,3,0,0,0,0,0,0,0,17,0.15603864734299516
4488,è¨éRï◊,3,45,11,11,8,0.15244444444444444,0,0,2,6,3,0,0,0,0,0,0.15603864734299516
4488,è¨éRï◊,4,36,6,9,6,0.14777777777777779,0,1,2,3,0,0,0,0,0,0,0.15603864734299516
4488,è¨éRï◊,5,29,4,5,6,0.17344827586206898,0,1,0,1,2,0,0,0,0,0,0.15603864734299516
4488,è¨éRï◊,6,30,2,5,5,0.20133333333333334,0,0,1,1,0,0,0,0,0,0,0.15603864734299516
4489,ä‚êÏêmém,1,34,17,9,3,0.155,17,0,0,0,0,0,6,3,6,0,0.16597510373443983
4489,ä‚êÏêmém,2,47,5,17,11,0.15106382978723407,0,4,1,0,0,0,0,0,0,28,0.16597510373443983
4489,ä‚êÏêmém,3,34,3,6,9,0.15911764705882353,0,0,3,0,0,0,0,0,0,0,0.16597510373443983
4489,ä‚êÏêmém,4,39,5,4,4,0.17615384615384616,0,1,2,2,0,0,0,0,0,0,0.16597510373443983
4489,ä‚êÏêmém,5,48,0,10,4,0.16270833333333334,0,0,0,0,0,0,0,0,0,0,0.16597510373443983
4489,ä‚êÏêmém,6,39,0,2,1,0.19333333333333333,0,0,0,0,0,0,0,0,0,0,0.16597510373443983
4491,ìcíÜåò,1,32,10,7,5,0.1759375,10,0,0,0,0,0,13,5,3,0,0.20548387096774196
4491,ìcíÜåò,2,38,6,0,13,0.20078947368421052,0,1,4,0,0,1,0,0,0,15,0.20548387096774196
4491,ìcíÜåò,3,38,2,5,7,0.1986842105263158,1,0,0,1,0,0,0,0,0,0,0.20548387096774196
4491,ìcíÜåò,4,40,1,4,8,0.21800000000000003,0,0,1,0,0,0,0,0,0,0,0.20548387096774196
4491,ìcíÜåò,5,37,1,3,5,0.22567567567567567,0,0,0,0,1,0,0,0,0,0,0.20548387096774196
4491,ìcíÜåò,6,32,1,2,4,0.2096875,0,0,0,0,1,0,0,0,0,0,0.20548387096774196
4492,ñ{ëΩçGòa,1,53,42,4,4,0.12113207547169812,41,0,0,0,1,0,1,4,5,0,0.13930232558139535
4492,ñ{ëΩçGòa,2,37,12,11,6,0.14621621621621622,2,6,2,0,2,0,0,0,0,17,0.13930232558139535
4492,ñ{ëΩçGòa,3,38,14,10,4,0.14921052631578946,0,2,4,8,0,0,0,0,0,0,0.13930232558139535
4492,ñ{ëΩçGòa,4,32,12,7,1,0.13593750000000002,0,2,4,6,0,0,0,0,0,0,0.13930232558139535
4492,ñ{ëΩçGòa,5,25,4,5,7,0.1472,0,0,2,1,1,0,0,0,0,0,0.13930232558139535
4492,ñ{ëΩçGòa,6,30,4,5,7,0.14733333333333334,0,0,3,1,0,0,0,0,0,0,0.13930232558139535
4494,âÕçáóCé˜,1,63,47,9,2,0.1433333333333333,46,0,0,0,1,0,5,3,5,0,0.14856164383561646
4494,âÕçáóCé˜,2,48,7,21,6,0.15104166666666666,0,6,1,0,0,0,0,0,0,27,0.14856164383561646
4494,âÕçáóCé˜,3,44,9,18,12,0.12363636363636364,0,2,1,5,1,0,0,0,0,0,0.14856164383561646
4494,âÕçáóCé˜,4,49,9,15,9,0.15244897959183673,0,1,5,2,1,0,0,0,0,0,0.14856164383561646
4494,âÕçáóCé˜,5,43,5,14,8,0.13883720930232557,0,1,0,3,1,0,0,0,0,0,0.14856164383561646
4494,âÕçáóCé˜,6,45,2,6,12,0.18266666666666667,0,0,0,1,1,0,0,0,0,0,0.14856164383561646
4495,êXêWëæòY,1,24,9,8,2,0.18083333333333332,8,0,1,0,0,0,6,3,4,0,0.15726256983240225
4495,êXêWëæòY,2,34,6,8,3,0.16823529411764704,0,3,3,0,0,0,0,0,0,17,0.15726256983240225
4495,êXêWëæòY,3,28,2,7,6,0.1442857142857143,0,0,1,0,1,0,0,0,0,0,0.15726256983240225
4495,êXêWëæòY,4,30,4,2,4,0.13799999999999998,0,0,3,1,0,0,0,0,0,0,0.15726256983240225
4495,êXêWëæòY,5,31,2,3,4,0.1664516129032258,0,0,1,1,0,0,0,0,0,0,0.15726256983240225
4495,êXêWëæòY,6,32,1,1,5,0.1484375,0,0,0,1,0,0,0,0,0,0,0.15726256983240225
4496,ì‡ñxäw,1,43,22,8,4,0.18488372093023256,22,0,0,0,0,0,5,8,5,0,0.18325892857142856
4496,ì‡ñxäw,2,34,6,9,8,0.17205882352941176,0,1,3,0,1,1,0,0,0,19,0.18325892857142856
4496,ì‡ñxäw,3,41,7,6,12,0.1851219512195122,0,1,4,1,1,0,0,0,0,0,0.18325892857142856
4496,ì‡ñxäw,4,37,2,7,7,0.19729729729729728,0,2,0,0,0,0,0,0,0,0,0.18325892857142856
4496,ì‡ñxäw,5,37,4,8,11,0.17,0,0,2,2,0,0,0,0,0,0,0.18325892857142856
4496,ì‡ñxäw,6,32,1,7,5,0.1896875,0,0,0,0,1,0,0,0,0,0,0.18325892857142856
4497,åKå¥óI,1,51,38,6,2,0.11823529411764706,37,0,0,0,1,0,4,4,5,0,0.12657894736842104
4497,åKå¥óI,2,42,8,15,7,0.1180952380952381,0,4,4,0,0,0,0,0,0,29,0.12657894736842104
4497,åKå¥óI,3,33,7,9,8,0.12030303030303031,0,2,1,2,1,1,0,0,0,0,0.12657894736842104
4497,åKå¥óI,4,33,5,8,7,0.13363636363636364,0,0,4,1,0,0,0,0,0,0,0.12657894736842104
4497,åKå¥óI,5,38,3,8,9,0.12657894736842107,0,0,2,1,0,0,0,0,0,0,0.12657894736842104
4497,åKå¥óI,6,31,1,1,8,0.15096774193548387,0,0,1,0,0,0,0,0,0,0,0.12657894736842104
4498,ã{ñ{âƒé˜,1,42,29,9,1,0.1523809523809524,27,0,0,0,2,0,5,6,1,0,0.17025751072961373
4498,ã{ñ{âƒé˜,2,40,6,9,5,0.18,0,5,0,0,1,0,0,0,0,26,0.17025751072961373
4498,ã{ñ{âƒé˜,3,39,9,9,4,0.1517948717948718,0,1,4,3,1,0,0,0,0,0,0.17025751072961373
4498,ã{ñ{âƒé˜,4,43,6,5,8,0.18325581395348836,0,0,4,2,0,0,0,0,0,0,0.17025751072961373
4498,ã{ñ{âƒé˜,5,39,0,5,5,0.1764102564102564,0,0,0,0,0,0,0,0,0,0,0.17025751072961373
4498,ã{ñ{âƒé˜,6,30,3,6,4,0.17966666666666667,1,0,0,1,1,0,0,0,0,0,0.17025751072961373
4499,ëÍêÏê^óRéq,1,29,15,4,3,0.17551724137931035,14,0,0,0,1,0,5,6,2,0,0.18275510204081633
4499,ëÍêÏê^óRéq,2,39,7,11,9,0.19538461538461538,0,4,2,0,1,0,0,0,0,19,0.18275510204081633
4499,ëÍêÏê^óRéq,3,37,6,8,9,0.17540540540540542,0,1,1,2,2,0,0,0,0,0,0.18275510204081633
4499,ëÍêÏê^óRéq,4,32,2,3,8,0.175,0,1,0,1,0,0,0,0,0,0,0.18275510204081633
4499,ëÍêÏê^óRéq,5,29,2,5,3,0.19999999999999998,0,1,1,0,0,0,0,0,0,0,0.18275510204081633
4499,ëÍêÏê^óRéq,6,30,4,5,2,0.174,0,2,0,2,0,0,0,0,0,0,0.18275510204081633
4500,éRìcçNìÒ,1,50,37,7,1,0.1446,32,0,0,0,3,2,1,6,3,0,0.15253275109170306
4500,éRìcçNìÒ,2,39,16,15,2,0.1582051282051282,0,9,3,0,4,0,0,0,0,15,0.15253275109170306
4500,éRìcçNìÒ,3,38,9,17,5,0.16421052631578947,0,0,4,3,2,0,0,0,0,0,0.15253275109170306
4500,éRìcçNìÒ,4,37,6,6,14,0.16567567567567568,0,1,4,1,0,0,0,0,0,0,0.15253275109170306
4500,éRìcçNìÒ,5,33,4,11,4,0.13424242424242425,0,0,1,2,1,0,0,0,0,0,0.15253275109170306
4500,éRìcçNìÒ,6,32,2,9,9,0.1478125,0,0,0,1,1,0,0,0,0,0,0.15253275109170306
4501,îÛå˚óRâ¡ó¢,1,7,6,1,0,0.14857142857142858,6,0,0,0,0,0,0,1,0,0,0.15372093023255815
4501,îÛå˚óRâ¡ó¢,2,8,1,1,2,0.1175,0,0,0,0,0,1,0,0,0,3,0.15372093023255815
4501,îÛå˚óRâ¡ó¢,3,6,1,2,1,0.17833333333333334,0,1,0,0,0,0,0,0,0,0,0.15372093023255815
4501,îÛå˚óRâ¡ó¢,4,7,0,3,1,0.15857142857142859,0,0,0,0,0,0,0,0,0,0,0.15372093023255815
4501,îÛå˚óRâ¡ó¢,5,8,0,0,2,0.15375,0,0,0,0,0,0,0,0,0,0,0.15372093023255815
4501,îÛå˚óRâ¡ó¢,6,7,0,0,2,0.1742857142857143,0,0,0,0,0,0,0,0,0,0,0.15372093023255815
4502,âìì°ÉGÉ~,1,69,51,6,7,0.12347826086956522,47,0,0,0,4,0,5,5,3,0,0.14141843971631207
4502,âìì°ÉGÉ~,2,48,12,17,5,0.12291666666666667,0,8,3,0,1,0,0,0,0,20,0.14141843971631207
4502,âìì°ÉGÉ~,3,47,9,16,10,0.14212765957446807,0,1,5,2,1,0,0,0,0,0,0.14141843971631207
4502,âìì°ÉGÉ~,4,40,6,10,10,0.15050000000000002,0,2,3,1,0,0,0,0,0,0,0.14141843971631207
4502,âìì°ÉGÉ~,5,40,4,11,6,0.14775,0,0,2,1,1,0,0,0,0,0,0.14141843971631207
4502,âìì°ÉGÉ~,6,38,2,3,8,0.18026315789473682,0,0,1,1,0,0,0,0,0,0,0.14141843971631207
4503,è„ñÏê^îVâÓ,1,56,40,10,3,0.12839285714285714,36,1,0,0,3,0,4,4,6,0,0.13032128514056227
4503,è„ñÏê^îVâÓ,2,41,7,16,5,0.14829268292682926,0,2,3,1,1,0,0,0,0,22,0.13032128514056227
4503,è„ñÏê^îVâÓ,3,41,10,7,8,0.11829268292682928,1,0,5,3,1,0,0,0,0,0,0.13032128514056227
4503,è„ñÏê^îVâÓ,4,39,7,8,12,0.12512820512820513,0,0,5,2,0,0,0,0,0,0,0.13032128514056227
4503,è„ñÏê^îVâÓ,5,31,4,6,6,0.12258064516129032,0,0,0,3,1,0,0,0,0,0,0.13032128514056227
4503,è„ñÏê^îVâÓ,6,41,4,2,14,0.1378048780487805,0,0,4,0,0,0,0,0,0,0,0.13032128514056227
4504,ëOìcè´ëæ,1,67,57,6,1,0.1344776119402985,53,0,0,0,3,1,2,3,3,0,0.14608996539792388
4504,ëOìcè´ëæ,2,49,14,19,12,0.16653061224489796,1,8,2,1,2,0,0,0,0,27,0.14608996539792388
4504,ëOìcè´ëæ,3,45,14,12,9,0.15866666666666665,0,2,3,9,0,0,0,0,0,0,0.14608996539792388
4504,ëOìcè´ëæ,4,48,9,17,7,0.140625,0,2,4,3,0,0,0,0,0,0,0.14608996539792388
4504,ëOìcè´ëæ,5,36,5,10,8,0.13861111111111113,0,0,0,4,1,0,0,0,0,0,0.14608996539792388
4504,ëOìcè´ëæ,6,44,1,10,11,0.14022727272727273,0,0,0,1,0,0,0,0,0,0,0.14608996539792388
4505,ìáìcå´êl,1,32,19,7,2,0.1375,19,0,0,0,0,0,3,1,7,0,0.15680473372781065
4505,ìáìcå´êl,2,26,2,9,3,0.1696153846153846,0,1,1,0,0,0,0,0,0,15,0.15680473372781065
4505,ìáìcå´êl,3,29,8,8,4,0.15724137931034485,0,1,2,1,3,1,0,0,0,0,0.15680473372781065
4505,ìáìcå´êl,4,23,1,4,4,0.15304347826086956,0,1,0,0,0,0,0,0,0,0,0.15680473372781065
4505,ìáìcå´êl,5,25,1,6,1,0.1492,0,0,1,0,0,0,0,0,0,0,0.15680473372781065
4505,ìáìcå´êl,6,34,1,8,6,0.17294117647058824,0,0,0,1,0,0,0,0,0,0,0.15680473372781065
4506,ïBìcêπñÁ,1,52,38,6,2,0.12903846153846155,33,1,0,0,4,0,7,3,3,0,0.13295532646048108
4506,ïBìcêπñÁ,2,53,10,15,7,0.1530188679245283,0,5,3,0,2,0,0,0,0,27,0.13295532646048108
4506,ïBìcêπñÁ,3,51,11,12,7,0.12803921568627452,0,1,5,0,4,1,0,0,0,0,0.13295532646048108
4506,ïBìcêπñÁ,4,56,4,14,13,0.12196428571428572,0,1,2,0,1,0,0,0,0,0,0.13295532646048108
4506,ïBìcêπñÁ,5,40,2,5,10,0.11750000000000001,0,0,1,1,0,0,0,0,0,0,0.13295532646048108
4506,ïBìcêπñÁ,6,39,0,4,9,0.14897435897435898,0,0,0,0,0,0,0,0,0,0,0.13295532646048108
4508,ñÏä‘ëÂé˜,1,23,9,3,4,0.1791304347826087,7,1,1,0,0,0,2,8,1,0,0.17185897435897435
4508,ñÏä‘ëÂé˜,2,28,2,7,6,0.15392857142857144,0,2,0,0,0,0,0,0,0,15,0.17185897435897435
4508,ñÏä‘ëÂé˜,3,26,2,4,7,0.16730769230769232,0,0,0,1,1,0,0,0,0,0,0.17185897435897435
4508,ñÏä‘ëÂé˜,4,30,4,9,6,0.15966666666666668,0,1,0,1,2,0,0,0,0,0,0.17185897435897435
4508,ñÏä‘ëÂé˜,5,26,1,0,5,0.17961538461538462,0,0,0,1,0,0,0,0,0,0,0.17185897435897435
4508,ñÏä‘ëÂé˜,6,23,0,2,2,0.19869565217391305,0,0,0,0,0,0,0,0,0,0,0.17185897435897435
4509,ïΩå©ê^ïF,1,45,31,3,2,0.15088888888888888,30,0,0,0,1,0,5,7,2,0,0.16915254237288135
4509,ïΩå©ê^ïF,2,35,4,6,10,0.16485714285714284,0,3,0,0,0,1,0,0,0,18,0.16915254237288135
4509,ïΩå©ê^ïF,3,42,6,7,13,0.14642857142857144,0,2,0,2,2,0,0,0,0,0,0.16915254237288135
4509,ïΩå©ê^ïF,4,34,2,6,6,0.16764705882352943,0,0,0,2,0,0,0,0,0,0,0.16915254237288135
4509,ïΩå©ê^ïF,5,36,0,5,11,0.1827777777777778,0,0,0,0,0,0,0,0,0,0,0.16915254237288135
4509,ïΩå©ê^ïF,6,44,0,6,8,0.20295454545454544,0,0,0,0,0,0,0,0,0,0,0.16915254237288135
4510,ç‚ñ{ìﬁâõ,1,9,2,0,3,0.2466666666666667,2,0,0,0,0,0,2,4,1,0,0.2605882352941176
4510,ç‚ñ{ìﬁâõ,2,12,0,0,3,0.2808333333333333,0,0,0,0,0,0,0,0,0,8,0.2605882352941176
4510,ç‚ñ{ìﬁâõ,3,15,1,0,5,0.25866666666666666,0,0,0,0,1,0,0,0,0,0,0.2605882352941176
4510,ç‚ñ{ìﬁâõ,4,14,0,2,2,0.24857142857142858,0,0,0,0,0,0,0,0,0,0,0.2605882352941176
4510,ç‚ñ{ìﬁâõ,5,9,0,0,1,0.23111111111111113,0,0,0,0,0,0,0,0,0,0,0.2605882352941176
4510,ç‚ñ{ìﬁâõ,6,9,0,1,1,0.29888888888888887,0,0,0,0,0,0,0,0,0,0,0.2605882352941176
4511,íÜâ™åíêl,1,29,9,10,4,0.1531034482758621,9,0,0,0,0,0,10,3,4,0,0.16169642857142857
4511,íÜâ™åíêl,2,44,9,6,9,0.1725,2,5,2,0,0,0,0,0,0,22,0.16169642857142857
4511,íÜâ™åíêl,3,38,4,7,4,0.1568421052631579,0,0,2,2,0,0,0,0,0,0,0.16169642857142857
4511,íÜâ™åíêl,4,42,1,2,13,0.14642857142857144,0,0,0,0,1,0,0,0,0,0,0.16169642857142857
4511,íÜâ™åíêl,5,44,3,4,8,0.15704545454545454,0,0,0,3,0,0,0,0,0,0,0.16169642857142857
4511,íÜâ™åíêl,6,27,0,0,7,0.19148148148148147,0,0,0,0,0,0,0,0,0,0,0.16169642857142857
4512,çÇñÏìNéj,1,64,50,5,4,0.134375,50,0,0,0,0,0,4,4,4,0,0.1366006600660066
4512,çÇñÏìNéj,2,51,10,16,13,0.14607843137254903,0,8,2,0,0,0,0,0,0,28,0.1366006600660066
4512,çÇñÏìNéj,3,47,8,14,12,0.13021276595744682,0,1,1,3,3,0,0,0,0,0,0.1366006600660066
4512,çÇñÏìNéj,4,50,5,12,16,0.13019999999999998,0,1,2,1,1,0,0,0,0,0,0.1366006600660066
4512,çÇñÏìNéj,5,44,1,8,12,0.13818181818181818,0,0,0,0,1,0,0,0,0,0,0.1366006600660066
4512,çÇñÏìNéj,6,47,2,4,12,0.14106382978723403,0,0,1,1,0,0,0,0,0,0,0.1366006600660066
4513,âÕñÏê^ñÁ,1,38,21,5,2,0.15921052631578947,19,0,0,0,2,0,4,8,3,0,0.16524444444444444
4513,âÕñÏê^ñÁ,2,38,6,11,8,0.1831578947368421,0,3,2,1,0,0,0,0,0,18,0.16524444444444444
4513,âÕñÏê^ñÁ,3,35,5,7,7,0.14685714285714288,0,1,1,0,3,0,0,0,0,0,0.16524444444444444
4513,âÕñÏê^ñÁ,4,39,3,10,13,0.1630769230769231,0,1,1,0,1,0,0,0,0,0,0.16524444444444444
4513,âÕñÏê^ñÁ,5,39,1,6,6,0.17333333333333334,0,0,0,1,0,0,0,0,0,0,0.16524444444444444
4513,âÕñÏê^ñÁ,6,36,2,3,9,0.16416666666666668,0,0,0,0,2,0,0,0,0,0,0.16524444444444444
4514,è„ûäâ√ék,1,53,33,15,3,0.16603773584905662,32,0,0,0,1,0,3,13,3,0,0.17428044280442806
4514,è„ûäâ√ék,2,40,10,12,7,0.16975,1,7,2,0,0,0,0,0,0,15,0.17428044280442806
4514,è„ûäâ√ék,3,44,10,13,11,0.15113636363636365,1,1,4,3,1,0,0,0,0,0,0.17428044280442806
4514,è„ûäâ√ék,4,48,7,13,12,0.18541666666666667,0,2,3,2,0,0,0,0,0,0,0.17428044280442806
4514,è„ûäâ√ék,5,38,1,7,7,0.18710526315789475,0,0,1,0,0,0,0,0,0,0,0.17428044280442806
4514,è„ûäâ√ék,6,48,1,5,7,0.18708333333333335,0,0,0,0,0,1,0,0,0,0,0.17428044280442806
4515,ì°ìcç_êl,1,36,20,8,4,0.1625,19,0,0,0,1,0,6,3,7,0,0.1693212669683258
4515,ì°ìcç_êl,2,34,4,12,5,0.17705882352941177,1,0,2,1,0,0,0,0,0,17,0.1693212669683258
4515,ì°ìcç_êl,3,40,5,12,8,0.153,0,1,1,2,1,0,0,0,0,0,0.1693212669683258
4515,ì°ìcç_êl,4,35,2,9,6,0.15514285714285714,0,2,0,0,0,0,0,0,0,0,0.1693212669683258
4515,ì°ìcç_êl,5,40,0,7,8,0.17450000000000002,0,0,0,0,0,0,0,0,0,0,0.1693212669683258
4515,ì°ìcç_êl,6,36,1,1,7,0.195,0,1,0,0,0,0,0,0,0,0,0.1693212669683258
4516,ñÏå˚èüçO,1,22,11,4,3,0.17863636363636365,11,0,0,0,0,0,4,4,1,0,0.1814285714285714
4516,ñÏå˚èüçO,2,23,5,7,3,0.18782608695652175,0,4,1,0,0,0,0,0,0,10,0.1814285714285714
4516,ñÏå˚èüçO,3,24,6,7,2,0.16958333333333334,0,0,3,2,0,1,0,0,0,0,0.1814285714285714
4516,ñÏå˚èüçO,4,25,1,7,4,0.1772,0,0,1,0,0,0,0,0,0,0,0.1814285714285714
4516,ñÏå˚èüçO,5,23,0,3,7,0.17347826086956522,0,0,0,0,0,0,0,0,0,0,0.1814285714285714
4516,ñÏå˚èüçO,6,16,0,0,4,0.211875,0,0,0,0,0,0,0,0,0,0,0.1814285714285714
4518,ëÂê{âÍóF,1,48,32,9,2,0.15083333333333335,32,0,0,0,0,0,2,5,6,0,0.1647265625
4518,ëÂê{âÍóF,2,46,4,13,12,0.14978260869565216,0,2,1,0,1,0,0,0,0,23,0.1647265625
4518,ëÂê{âÍóF,3,38,0,6,14,0.16473684210526315,0,0,0,0,0,0,0,0,0,0,0.1647265625
4518,ëÂê{âÍóF,4,41,4,8,8,0.16390243902439025,0,1,2,1,0,0,0,0,0,0,0.1647265625
4518,ëÂê{âÍóF,5,42,2,7,8,0.1838095238095238,0,0,0,2,0,0,0,0,0,0,0.1647265625
4518,ëÂê{âÍóF,6,41,2,3,9,0.17902439024390243,0,0,1,0,1,0,0,0,0,0,0.1647265625
4519,ê¥êÖçπé˜,1,39,20,9,1,0.1617948717948718,19,0,0,0,1,0,6,4,4,0,0.16218340611353713
4519,ê¥êÖçπé˜,2,42,6,11,15,0.17261904761904762,0,3,2,0,1,0,0,0,0,21,0.16218340611353713
4519,ê¥êÖçπé˜,3,40,5,8,8,0.16325,0,2,3,0,0,0,0,0,0,0,0.16218340611353713
4519,ê¥êÖçπé˜,4,38,12,4,8,0.16473684210526315,0,2,5,5,0,0,0,0,0,0,0.16218340611353713
4519,ê¥êÖçπé˜,5,36,3,9,8,0.1436111111111111,0,0,1,1,1,0,0,0,0,0,0.16218340611353713
4519,ê¥êÖçπé˜,6,34,1,4,7,0.1652941176470588,0,0,1,0,0,0,0,0,0,0,0.16218340611353713
4520,çÇëqçFëæ,1,45,27,7,3,0.17733333333333334,25,0,1,0,1,0,3,5,7,0,0.17526315789473684
4520,çÇëqçFëæ,2,45,5,14,6,0.1688888888888889,0,3,2,0,0,0,0,0,0,23,0.17526315789473684
4520,çÇëqçFëæ,3,39,7,9,6,0.16641025641025642,0,0,4,0,2,1,0,0,0,0,0.17526315789473684
4520,çÇëqçFëæ,4,49,5,9,5,0.18877551020408162,0,0,3,1,1,0,0,0,0,0,0.17526315789473684
4520,çÇëqçFëæ,5,46,2,7,5,0.1741304347826087,0,0,1,0,0,1,0,0,0,0,0.17526315789473684
4520,çÇëqçFëæ,6,42,1,6,6,0.17357142857142857,0,0,1,0,0,0,0,0,0,0,0.17526315789473684
4521,è¨íråˆê∂,1,50,29,12,3,0.1306,28,0,0,0,1,0,4,5,11,0,0.17165384615384616
4521,è¨íråˆê∂,2,39,4,10,13,0.17076923076923078,0,1,2,0,1,0,0,0,0,23,0.17165384615384616
4521,è¨íråˆê∂,3,50,3,16,10,0.174,0,0,3,0,0,0,0,0,0,0,0.17165384615384616
4521,è¨íråˆê∂,4,41,3,14,12,0.19341463414634147,0,1,1,1,0,0,0,0,0,0,0.17165384615384616
4521,è¨íråˆê∂,5,41,2,6,10,0.17243902439024392,0,0,0,1,1,0,0,0,0,0,0.17165384615384616
4521,è¨íråˆê∂,6,39,0,4,5,0.19846153846153847,0,0,0,0,0,0,0,0,0,0,0.17165384615384616
4522,å√‡VåıãI,1,52,44,4,2,0.14057692307692307,42,0,0,0,2,0,6,2,0,0,0.15490384615384614
4522,å√‡VåıãI,2,28,9,7,2,0.14357142857142854,0,8,1,0,0,0,0,0,0,10,0.15490384615384614
4522,å√‡VåıãI,3,31,6,10,5,0.1503225806451613,0,0,1,5,0,0,0,0,0,0,0.15490384615384614
4522,å√‡VåıãI,4,36,7,7,6,0.16,0,2,0,5,0,0,0,0,0,0,0.15490384615384614
4522,å√‡VåıãI,5,32,2,3,12,0.170625,0,1,0,1,0,0,0,0,0,0,0.15490384615384614
4522,å√‡VåıãI,6,29,2,3,4,0.17275862068965517,0,0,0,2,0,0,0,0,0,0,0.15490384615384614
4523,íÜë∫íCñÁ,1,43,31,8,1,0.16093023255813954,27,0,0,0,4,0,4,4,4,0,0.16231441048034936
4523,íÜë∫íCñÁ,2,38,9,9,4,0.17157894736842105,0,8,1,0,0,0,0,0,0,18,0.16231441048034936
4523,íÜë∫íCñÁ,3,39,4,9,12,0.1646153846153846,0,0,3,1,0,0,0,0,0,0,0.16231441048034936
4523,íÜë∫íCñÁ,4,35,6,5,11,0.15685714285714286,0,1,3,1,1,0,0,0,0,0,0.16231441048034936
4523,íÜë∫íCñÁ,5,39,0,7,6,0.15692307692307692,0,0,0,0,0,0,0,0,0,0,0.16231441048034936
4523,íÜë∫íCñÁ,6,35,1,7,5,0.16285714285714287,0,0,0,0,1,0,0,0,0,0,0.16231441048034936
4524,ê[íJímîé,1,50,40,5,1,0.1166,38,0,0,0,2,0,1,2,6,0,0.13681274900398407
4524,ê[íJímîé,2,41,14,10,5,0.15390243902439024,2,10,2,0,0,0,0,0,0,18,0.13681274900398407
4524,ê[íJímîé,3,46,12,12,15,0.12108695652173913,0,4,3,3,1,1,0,0,0,0,0.13681274900398407
4524,ê[íJímîé,4,38,5,7,9,0.14157894736842105,0,1,2,2,0,0,0,0,0,0,0.13681274900398407
4524,ê[íJímîé,5,36,5,10,7,0.14555555555555555,0,1,1,3,0,0,0,0,0,0,0.13681274900398407
4524,ê[íJímîé,6,40,3,5,6,0.15025,0,0,0,2,1,0,0,0,0,0,0.13681274900398407
4525,ê^éqìﬁí√é¿,1,29,9,12,4,0.15379310344827585,9,0,0,0,0,0,8,5,4,0,0.15598130841121496
4525,ê^éqìﬁí√é¿,2,40,3,11,5,0.17675000000000002,0,2,1,0,0,0,0,0,0,24,0.15598130841121496
4525,ê^éqìﬁí√é¿,3,34,4,5,3,0.15794117647058825,0,0,3,1,0,0,0,0,0,0,0.15598130841121496
4525,ê^éqìﬁí√é¿,4,43,3,6,9,0.1516279069767442,0,2,0,1,0,0,0,0,0,0,0.15598130841121496
4525,ê^éqìﬁí√é¿,5,41,3,3,4,0.14487804878048782,0,0,1,2,0,0,0,0,0,0,0.15598130841121496
4525,ê^éqìﬁí√é¿,6,27,0,1,4,0.1488888888888889,0,0,0,0,0,0,0,0,0,0,0.15598130841121496
4526,írìcóYóS,1,49,30,10,4,0.12816326530612246,29,0,0,0,1,0,1,9,6,0,0.13619607843137255
4526,írìcóYóS,2,32,2,9,10,0.13375,0,1,1,0,0,0,0,0,0,23,0.13619607843137255
4526,írìcóYóS,3,47,7,9,9,0.13574468085106384,0,0,4,1,2,0,0,0,0,0,0.13619607843137255
4526,írìcóYóS,4,50,9,8,14,0.1394,0,2,4,3,0,0,0,0,0,0,0.13619607843137255
4526,írìcóYóS,5,38,0,7,9,0.13421052631578947,0,0,0,0,0,0,0,0,0,0,0.13619607843137255
4526,írìcóYóS,6,39,0,5,10,0.14666666666666667,0,0,0,0,0,0,0,0,0,0,0.13619607843137255
4527,çÇñÏêSå·,1,29,13,5,2,0.1586206896551724,12,0,0,0,1,0,6,9,1,0,0.18212121212121213
4527,çÇñÏêSå·,2,36,1,13,9,0.18388888888888888,0,1,0,0,0,0,0,0,0,19,0.18212121212121213
4527,çÇñÏêSå·,3,34,2,6,2,0.1938235294117647,0,2,0,0,0,0,0,0,0,0,0.18212121212121213
4527,çÇñÏêSå·,4,32,2,3,6,0.175625,0,0,0,0,1,1,0,0,0,0,0.18212121212121213
4527,çÇñÏêSå·,5,33,1,2,5,0.18272727272727274,0,1,0,0,0,0,0,0,0,0,0.18212121212121213
4527,çÇñÏêSå·,6,34,0,1,2,0.1941176470588235,0,0,0,0,0,0,0,0,0,0,0.18212121212121213
4528,çïà‰íBñÓ,1,51,43,5,2,0.12196078431372548,43,0,0,0,0,0,2,3,2,0,0.1411372549019608
4528,çïà‰íBñÓ,2,42,6,8,9,0.12428571428571428,0,5,1,0,0,0,0,0,0,22,0.1411372549019608
4528,çïà‰íBñÓ,3,37,9,10,12,0.14675675675675676,0,1,2,4,1,1,0,0,0,0,0.1411372549019608
4528,çïà‰íBñÓ,4,38,9,7,7,0.15184210526315792,0,3,5,0,1,0,0,0,0,0,0.1411372549019608
4528,çïà‰íBñÓ,5,44,5,5,11,0.14681818181818182,0,4,0,1,0,0,0,0,0,0,0.1411372549019608
4528,çïà‰íBñÓ,6,43,5,2,10,0.16023255813953488,0,0,1,4,0,0,0,0,0,0,0.1411372549019608
4529,ìàã`êM,1,27,16,3,5,0.16444444444444445,16,0,0,0,0,0,3,4,4,0,0.16
4529,ìàã`êM,2,30,2,10,7,0.14266666666666666,0,2,0,0,0,0,0,0,0,20,0.16
4529,ìàã`êM,3,30,3,3,10,0.113,0,0,1,2,0,0,0,0,0,0,0.16
4529,ìàã`êM,4,32,2,2,6,0.1653125,0,1,0,1,0,0,0,0,0,0,0.16
4529,ìàã`êM,5,33,3,2,8,0.17515151515151517,0,0,0,3,0,0,0,0,0,0,0.16
4529,ìàã`êM,6,25,0,2,4,0.20559999999999998,0,0,0,0,0,0,0,0,0,0,0.16
4530,è¨ñÏê∂ìﬁ,1,34,20,7,4,0.12382352941176471,19,0,0,0,1,0,6,2,4,0,0.14423076923076922
4530,è¨ñÏê∂ìﬁ,2,26,6,11,4,0.14807692307692308,0,3,3,0,0,0,0,0,0,12,0.14423076923076922
4530,è¨ñÏê∂ìﬁ,3,27,10,5,4,0.13777777777777778,0,2,5,1,2,0,0,0,0,0,0.14423076923076922
4530,è¨ñÏê∂ìﬁ,4,23,8,5,7,0.12739130434782608,0,1,5,1,1,0,0,0,0,0,0.14423076923076922
4530,è¨ñÏê∂ìﬁ,5,22,2,4,1,0.16772727272727272,0,1,0,1,0,0,0,0,0,0,0.14423076923076922
4530,è¨ñÏê∂ìﬁ,6,24,0,8,7,0.17083333333333336,0,0,0,0,0,0,0,0,0,0,0.14423076923076922
4531,ïêïxíqó∫,1,46,35,6,4,0.13456521739130436,35,0,0,0,0,0,2,4,3,0,0.15060377358490568
4531,ïêïxíqó∫,2,47,6,21,5,0.14872340425531916,0,6,0,0,0,0,0,0,0,28,0.15060377358490568
4531,ïêïxíqó∫,3,48,4,12,11,0.15791666666666668,0,1,0,3,0,0,0,0,0,0,0.15060377358490568
4531,ïêïxíqó∫,4,44,6,11,4,0.14772727272727273,0,0,6,0,0,0,0,0,0,0,0.15060377358490568
4531,ïêïxíqó∫,5,40,6,5,8,0.15875,0,1,0,4,1,0,0,0,0,0,0.15060377358490568
4531,ïêïxíqó∫,6,40,1,5,3,0.1575,0,0,1,0,0,0,0,0,0,0,0.15060377358490568
4532,èHå≥ìN,1,35,20,5,3,0.19,20,0,0,0,0,0,4,7,3,0,0.16686956521739132
4532,èHå≥ìN,2,45,8,10,8,0.15533333333333335,1,4,3,0,0,0,0,0,0,20,0.16686956521739132
4532,èHå≥ìN,3,42,9,12,5,0.1442857142857143,0,2,4,3,0,0,0,0,0,0,0.16686956521739132
4532,èHå≥ìN,4,40,9,8,5,0.16799999999999998,0,0,3,6,0,0,0,0,0,0,0.16686956521739132
4532,èHå≥ìN,5,38,2,4,7,0.16789473684210526,0,0,0,1,1,0,0,0,0,0,0.16686956521739132
4532,èHå≥ìN,6,30,0,1,5,0.186,0,0,0,0,0,0,0,0,0,0,0.16686956521739132
4533,ïÙèdò–é°,1,22,14,2,1,0.14545454545454548,14,0,0,0,0,0,2,2,4,0,0.17102272727272727
4533,ïÙèdò–é°,2,29,3,6,6,0.18241379310344827,0,2,1,0,0,0,0,0,0,16,0.17102272727272727
4533,ïÙèdò–é°,3,31,8,3,4,0.17516129032258063,0,0,5,1,2,0,0,0,0,0,0.17102272727272727
4533,ïÙèdò–é°,4,33,6,5,6,0.16242424242424244,0,1,4,1,0,0,0,0,0,0,0.17102272727272727
4533,ïÙèdò–é°,5,31,1,4,9,0.16612903225806452,0,1,0,0,0,0,0,0,0,0,0.17102272727272727
4533,ïÙèdò–é°,6,30,0,2,6,0.189,0,0,0,0,0,0,0,0,0,0,0.17102272727272727
4535,ñkéRçNâÓ,1,44,32,4,6,0.15659090909090911,30,0,0,0,2,0,3,5,4,0,0.15683673469387757
4535,ñkéRçNâÓ,2,33,8,7,4,0.16606060606060608,0,4,4,0,0,0,0,0,0,10,0.15683673469387757
4535,ñkéRçNâÓ,3,29,5,5,11,0.1403448275862069,0,1,1,2,1,0,0,0,0,0,0.15683673469387757
4535,ñkéRçNâÓ,4,28,4,6,6,0.16857142857142857,0,1,1,1,1,0,0,0,0,0,0.15683673469387757
4535,ñkéRçNâÓ,5,28,4,6,5,0.14821428571428572,0,1,1,2,0,0,0,0,0,0,0.15683673469387757
4535,ñkéRçNâÓ,6,34,0,6,10,0.15970588235294117,0,0,0,0,0,0,0,0,0,0,0.15683673469387757
4536,äÏà‰Ç¬Ç©Ç≥,1,27,8,10,3,0.1562962962962963,8,0,0,0,0,0,10,4,3,0,0.1544221105527638
4536,äÏà‰Ç¬Ç©Ç≥,2,38,9,11,10,0.1413157894736842,0,5,2,0,2,0,0,0,0,14,0.1544221105527638
4536,äÏà‰Ç¬Ç©Ç≥,3,38,10,9,7,0.12000000000000001,0,0,4,6,0,0,0,0,0,0,0.1544221105527638
4536,äÏà‰Ç¬Ç©Ç≥,4,28,3,7,6,0.18214285714285713,0,1,0,1,1,0,0,0,0,0,0.1544221105527638
4536,äÏà‰Ç¬Ç©Ç≥,5,40,2,3,11,0.17075,0,0,0,1,1,0,0,0,0,0,0.1544221105527638
4536,äÏà‰Ç¬Ç©Ç≥,6,28,1,6,5,0.1660714285714286,0,0,0,1,0,0,0,0,0,0,0.1544221105527638
4537,ìnÁ≥òaè´,1,48,42,2,1,0.11604166666666667,42,0,0,0,0,0,1,2,1,0,0.12259803921568628
4537,ìnÁ≥òaè´,2,33,15,7,2,0.1096969696969697,0,2,11,0,2,0,0,0,0,13,0.12259803921568628
4537,ìnÁ≥òaè´,3,32,5,10,9,0.140625,0,2,2,1,0,0,0,0,0,0,0.12259803921568628
4537,ìnÁ≥òaè´,4,33,10,4,10,0.10212121212121213,0,5,4,1,0,0,0,0,0,0,0.12259803921568628
4537,ìnÁ≥òaè´,5,28,4,5,8,0.12892857142857142,0,1,1,1,1,0,0,0,0,0,0.12259803921568628
4537,ìnÁ≥òaè´,6,30,2,4,4,0.14466666666666667,0,0,0,2,0,0,0,0,0,0,0.12259803921568628
4538,ä}íuîéîV,1,30,11,6,3,0.129,11,0,0,0,0,0,3,9,5,0,0.15982142857142856
4538,ä}íuîéîV,2,41,5,8,14,0.1602439024390244,0,2,2,1,0,0,0,0,0,21,0.15982142857142856
4538,ä}íuîéîV,3,39,3,7,7,0.1764102564102564,0,1,1,1,0,0,0,0,0,0,0.15982142857142856
4538,ä}íuîéîV,4,40,5,4,8,0.16275,0,0,4,1,0,0,0,0,0,0,0.15982142857142856
4538,ä}íuîéîV,5,41,4,8,3,0.15853658536585366,0,0,1,3,0,0,0,0,0,0,0.15982142857142856
4538,ä}íuîéîV,6,33,0,2,2,0.16575757575757574,0,0,0,0,0,0,0,0,0,0,0.15982142857142856
4539,ã‡éqå´éu,1,52,40,5,3,0.11365384615384616,40,0,0,0,0,0,1,4,5,0,0.12476534296028882
4539,ã‡éqå´éu,2,50,13,12,6,0.1216,1,10,2,0,0,0,0,0,0,23,0.12476534296028882
4539,ã‡éqå´éu,3,42,8,16,3,0.13428571428571429,0,1,6,1,0,0,0,0,0,0,0.12476534296028882
4539,ã‡éqå´éu,4,44,10,9,7,0.11636363636363636,0,1,9,0,0,0,0,0,0,0,0.12476534296028882
4539,ã‡éqå´éu,5,52,4,3,15,0.1351923076923077,0,1,2,1,0,0,0,0,0,0,0.12476534296028882
4539,ã‡éqå´éu,6,37,0,8,3,0.1291891891891892,0,0,0,0,0,0,0,0,0,0,0.12476534296028882
4540,ëäå¥óòèÕ,1,47,29,10,2,0.12893617021276596,27,0,0,0,2,0,4,4,10,0,0.1402197802197802
4540,ëäå¥óòèÕ,2,48,7,17,14,0.1575,0,5,2,0,0,0,0,0,0,21,0.1402197802197802
4540,ëäå¥óòèÕ,3,48,4,10,14,0.12333333333333334,0,0,2,2,0,0,0,0,0,0,0.1402197802197802
4540,ëäå¥óòèÕ,4,47,6,12,10,0.13914893617021276,0,2,2,1,1,0,0,0,0,0,0.1402197802197802
4540,ëäå¥óòèÕ,5,42,1,3,11,0.13142857142857145,0,0,0,1,0,0,0,0,0,0,0.1402197802197802
4540,ëäå¥óòèÕ,6,41,0,2,8,0.1629268292682927,0,0,0,0,0,0,0,0,0,0,0.1402197802197802
4543,èdñÿãPïF,1,47,38,5,3,0.13680851063829785,37,0,0,0,0,1,3,0,5,0,0.1773221757322176
4543,èdñÿãPïF,2,39,9,15,8,0.15384615384615385,1,8,0,0,0,0,0,0,0,19,0.1773221757322176
4543,èdñÿãPïF,3,38,5,11,10,0.15842105263157896,0,0,2,1,2,0,0,0,0,0,0.1773221757322176
4543,èdñÿãPïF,4,40,6,5,8,0.18825,0,2,1,2,1,0,0,0,0,0,0.1773221757322176
4543,èdñÿãPïF,5,29,3,3,8,0.22241379310344828,0,0,1,1,0,1,0,0,0,0,0.1773221757322176
4543,èdñÿãPïF,6,46,4,4,8,0.21630434782608693,0,1,0,2,1,0,0,0,0,0,0.1773221757322176
4544,èºìcëÂéuòY,1,54,41,5,4,0.16018518518518518,41,0,0,0,0,0,4,3,3,0,0.17744855967078188
4544,èºìcëÂéuòY,2,38,9,15,7,0.185,2,4,3,0,0,0,0,0,0,18,0.17744855967078188
4544,èºìcëÂéuòY,3,36,13,8,8,0.18805555555555556,0,3,3,7,0,0,0,0,0,0,0.17744855967078188
4544,èºìcëÂéuòY,4,45,6,13,9,0.15822222222222224,0,1,5,0,0,0,0,0,0,0,0.17744855967078188
4544,èºìcëÂéuòY,5,35,6,9,6,0.1742857142857143,0,0,1,5,0,0,0,0,0,0,0.17744855967078188
4544,èºìcëÂéuòY,6,35,1,6,10,0.21285714285714286,0,0,0,1,0,0,0,0,0,0,0.17744855967078188
4545,â™ë∫åcëæ,1,65,55,6,3,0.12938461538461538,53,0,0,0,2,0,0,5,4,0,0.13092369477911647
4545,â™ë∫åcëæ,2,39,16,9,7,0.11589743589743588,0,9,4,0,2,1,0,0,0,15,0.13092369477911647
4545,â™ë∫åcëæ,3,37,9,9,10,0.13594594594594595,0,1,1,7,0,0,0,0,0,0,0.13092369477911647
4545,â™ë∫åcëæ,4,38,9,11,9,0.12947368421052632,0,2,1,5,1,0,0,0,0,0,0.13092369477911647
4545,â™ë∫åcëæ,5,35,6,7,6,0.12971428571428573,0,1,2,3,0,0,0,0,0,0,0.13092369477911647
4545,â™ë∫åcëæ,6,35,2,6,8,0.148,0,1,0,1,0,0,0,0,0,0,0.13092369477911647
4546,ïlìcàüóùçπ,1,47,31,7,2,0.17106382978723403,29,0,0,0,2,0,2,6,6,0,0.17019417475728157
4546,ïlìcàüóùçπ,2,29,9,9,1,0.1903448275862069,0,5,4,0,0,0,0,0,0,12,0.17019417475728157
4546,ïlìcàüóùçπ,3,32,4,12,8,0.154375,0,0,2,2,0,0,0,0,0,0,0.17019417475728157
4546,ïlìcàüóùçπ,4,44,7,18,7,0.1668181818181818,0,1,3,3,0,0,0,0,0,0,0.17019417475728157
4546,ïlìcàüóùçπ,5,23,6,5,5,0.14217391304347826,0,0,2,3,1,0,0,0,0,0,0.17019417475728157
4546,ïlìcàüóùçπ,6,31,1,7,7,0.19193548387096776,0,0,0,1,0,0,0,0,0,0,0.17019417475728157
4547,íÜìcó≥ëæ,1,50,35,8,4,0.1492,31,0,0,0,4,0,5,4,4,0,0.15226890756302522
4547,íÜìcó≥ëæ,2,42,11,14,9,0.14857142857142858,0,8,3,0,0,0,0,0,0,17,0.15226890756302522
4547,íÜìcó≥ëæ,3,34,8,14,6,0.12558823529411767,0,3,0,5,0,0,0,0,0,0,0.15226890756302522
4547,íÜìcó≥ëæ,4,37,5,9,4,0.1464864864864865,0,1,2,0,2,0,0,0,0,0,0.15226890756302522
4547,íÜìcó≥ëæ,5,36,4,4,7,0.1688888888888889,0,0,0,4,0,0,0,0,0,0,0.15226890756302522
4547,íÜìcó≥ëæ,6,39,3,8,6,0.1735897435897436,0,1,1,1,0,0,0,0,0,0,0.15226890756302522
4548,é¬ñÿàüàﬂâ‘,1,19,6,6,1,0.21947368421052632,6,0,0,0,0,0,1,8,1,0,0.20847328244274807
4548,é¬ñÿàüàﬂâ‘,2,25,3,3,9,0.1824,0,1,0,0,2,0,0,0,0,12,0.20847328244274807
4548,é¬ñÿàüàﬂâ‘,3,26,0,7,4,0.18769230769230769,0,0,0,0,0,0,0,0,0,0,0.20847328244274807
4548,é¬ñÿàüàﬂâ‘,4,20,0,0,2,0.21200000000000002,0,0,0,0,0,0,0,0,0,0,0.20847328244274807
4548,é¬ñÿàüàﬂâ‘,5,23,1,1,2,0.2021739130434783,0,0,1,0,0,0,0,0,0,0,0.20847328244274807
4548,é¬ñÿàüàﬂâ‘,6,18,0,0,2,0.26722222222222225,0,0,0,0,0,0,0,0,0,0,0.20847328244274807
4549,è¨ó—ï∂ïF,1,40,21,8,7,0.161,20,0,0,0,1,0,3,7,5,0,0.18466666666666667
4549,è¨ó—ï∂ïF,2,36,5,8,9,0.1875,0,5,0,0,0,0,0,0,0,23,0.18466666666666667
4549,è¨ó—ï∂ïF,3,32,2,11,7,0.170625,0,0,0,2,0,0,0,0,0,0,0.18466666666666667
4549,è¨ó—ï∂ïF,4,31,1,11,5,0.19806451612903225,0,0,1,0,0,0,0,0,0,0,0.18466666666666667
4549,è¨ó—ï∂ïF,5,41,0,10,7,0.19902439024390245,0,0,0,0,0,0,0,0,0,0,0.18466666666666667
4549,è¨ó—ï∂ïF,6,30,0,4,9,0.19433333333333333,0,0,0,0,0,0,0,0,0,0,0.18466666666666667
4550,êŒâ™è´ëæ,1,38,14,8,9,0.1236842105263158,13,0,0,0,1,0,12,3,6,0,0.14371794871794874
4550,êŒâ™è´ëæ,2,36,2,6,12,0.14333333333333334,0,2,0,0,0,0,0,0,0,23,0.14371794871794874
4550,êŒâ™è´ëæ,3,41,4,9,6,0.1348780487804878,0,0,1,2,1,0,0,0,0,0,0.14371794871794874
4550,êŒâ™è´ëæ,4,41,3,7,10,0.1529268292682927,0,0,1,0,2,0,0,0,0,0,0.14371794871794874
4550,êŒâ™è´ëæ,5,39,3,3,9,0.16692307692307692,0,1,1,1,0,0,0,0,0,0,0.14371794871794874
4550,êŒâ™è´ëæ,6,39,0,3,3,0.13999999999999999,0,0,0,0,0,0,0,0,0,0,0.14371794871794874
4551,éOêÏçVã≈,1,41,22,6,6,0.15341463414634146,19,0,0,0,3,0,5,7,7,0,0.16805084745762713
4551,éOêÏçVã≈,2,39,5,10,10,0.16615384615384615,0,4,1,0,0,0,0,0,0,23,0.16805084745762713
4551,éOêÏçVã≈,3,41,7,12,7,0.1578048780487805,0,2,3,1,1,0,0,0,0,0,0.16805084745762713
4551,éOêÏçVã≈,4,41,2,16,11,0.17390243902439023,0,1,0,1,0,0,0,0,0,0,0.16805084745762713
4551,éOêÏçVã≈,5,36,1,5,9,0.18472222222222223,0,0,0,0,1,0,0,0,0,0,0.16805084745762713
4551,éOêÏçVã≈,6,38,0,4,10,0.17473684210526316,0,0,0,0,0,0,0,0,0,0,0.16805084745762713
4552,êôéRèüãß,1,29,11,8,1,0.1686206896551724,11,0,0,0,0,0,8,8,1,0,0.16741935483870968
4552,êôéRèüãß,2,37,4,10,6,0.1781081081081081,0,1,1,0,2,0,0,0,0,21,0.16741935483870968
4552,êôéRèüãß,3,34,3,2,7,0.15588235294117647,0,1,2,0,0,0,0,0,0,0,0.16741935483870968
4552,êôéRèüãß,4,44,4,6,5,0.15204545454545457,0,1,1,2,0,0,0,0,0,0,0.16741935483870968
4552,êôéRèüãß,5,35,3,2,10,0.16142857142857145,0,1,2,0,0,0,0,0,0,0,0.16741935483870968
4552,êôéRèüãß,6,38,0,2,3,0.18973684210526315,0,0,0,0,0,0,0,0,0,0,0.16741935483870968
4553,íÿå˚ó≥ñÁ,1,49,38,2,4,0.17306122448979594,38,0,0,0,0,0,4,6,1,0,0.17820833333333336
4553,íÿå˚ó≥ñÁ,2,43,1,12,15,0.176046511627907,0,0,0,1,0,0,0,0,0,26,0.17820833333333336
4553,íÿå˚ó≥ñÁ,3,40,3,8,10,0.164,0,0,1,2,0,0,0,0,0,0,0.17820833333333336
4553,íÿå˚ó≥ñÁ,4,36,3,3,11,0.18694444444444447,0,3,0,0,0,0,0,0,0,0,0.17820833333333336
4553,íÿå˚ó≥ñÁ,5,35,1,5,9,0.18971428571428572,0,0,0,1,0,0,0,0,0,0,0.17820833333333336
4553,íÿå˚ó≥ñÁ,6,37,0,0,16,0.18351351351351353,0,0,0,0,0,0,0,0,0,0,0.17820833333333336
4555,ïxâiëÂàÍ,1,25,13,4,2,0.166,13,0,0,0,0,0,0,5,4,0,0.18375690607734804
4555,ïxâiëÂàÍ,2,28,0,7,7,0.1757142857142857,0,0,0,0,0,0,0,0,0,19,0.18375690607734804
4555,ïxâiëÂàÍ,3,38,5,7,9,0.1628947368421053,0,0,4,0,1,0,0,0,0,0,0.18375690607734804
4555,ïxâiëÂàÍ,4,28,2,2,5,0.19142857142857145,0,0,0,2,0,0,0,0,0,0,0.18375690607734804
4555,ïxâiëÂàÍ,5,36,0,5,10,0.185,0,0,0,0,0,0,0,0,0,0,0.18375690607734804
4555,ïxâiëÂàÍ,6,26,2,2,3,0.23,0,0,0,0,2,0,0,0,0,0,0.18375690607734804
4556,í|à‰ìﬁî¸,1,8,5,2,0,0.195,5,0,0,0,0,0,1,2,0,0,0.16902439024390242
4556,í|à‰ìﬁî¸,2,7,2,1,1,0.1457142857142857,0,1,1,0,0,0,0,0,0,3,0.16902439024390242
4556,í|à‰ìﬁî¸,3,7,2,2,0,0.16999999999999998,0,1,1,0,0,0,0,0,0,0,0.16902439024390242
4556,í|à‰ìﬁî¸,4,7,0,2,3,0.16142857142857142,0,0,0,0,0,0,0,0,0,0,0.16902439024390242
4556,í|à‰ìﬁî¸,5,7,1,2,1,0.16,0,0,1,0,0,0,0,0,0,0,0.16902439024390242
4556,í|à‰ìﬁî¸,6,5,0,0,2,0.182,0,0,0,0,0,0,0,0,0,0,0.16902439024390242
4557,èºîˆåıçL,1,13,7,1,1,0.14615384615384616,6,0,0,0,1,0,1,3,1,0,0.18693693693693694
4557,èºîˆåıçL,2,23,3,1,5,0.1656521739130435,0,2,0,0,1,0,0,0,0,11,0.18693693693693694
4557,èºîˆåıçL,3,22,1,3,2,0.18045454545454545,0,0,0,0,1,0,0,0,0,0,0.18693693693693694
4557,èºîˆåıçL,4,18,0,1,3,0.2038888888888889,0,0,0,0,0,0,0,0,0,0,0.18693693693693694
4557,èºîˆåıçL,5,21,0,0,1,0.19857142857142857,0,0,0,0,0,0,0,0,0,0,0.18693693693693694
4557,èºîˆåıçL,6,14,0,0,0,0.2307142857142857,0,0,0,0,0,0,0,0,0,0,0.18693693693693694
4558,ã{ñÏêm,1,25,14,5,0,0.1476,12,0,0,0,2,0,5,4,2,0,0.15634517766497463
4558,ã{ñÏêm,2,36,9,6,6,0.1375,0,6,2,0,1,0,0,0,0,12,0.15634517766497463
4558,ã{ñÏêm,3,35,2,5,8,0.1417142857142857,0,0,0,1,1,0,0,0,0,0,0.15634517766497463
4558,ã{ñÏêm,4,36,4,3,10,0.15722222222222224,0,2,0,2,0,0,0,0,0,0,0.15634517766497463
4558,ã{ñÏêm,5,40,4,5,1,0.16425,0,1,0,3,0,0,0,0,0,0,0.15634517766497463
4558,ã{ñÏêm,6,25,1,0,1,0.19879999999999998,0,0,0,1,0,0,0,0,0,0,0.15634517766497463
4560,èØéié˜ó«ÅX,1,22,7,2,3,0.14727272727272728,6,0,0,0,1,0,2,9,4,0,0.15350993377483443
4560,èØéié˜ó«ÅX,2,29,4,6,5,0.16655172413793104,0,3,0,0,1,0,0,0,0,16,0.15350993377483443
4560,èØéié˜ó«ÅX,3,27,1,8,5,0.13296296296296298,0,0,1,0,0,0,0,0,0,0,0.15350993377483443
4560,èØéié˜ó«ÅX,4,24,1,4,8,0.12541666666666665,0,1,0,0,0,0,0,0,0,0,0.15350993377483443
4560,èØéié˜ó«ÅX,5,29,0,4,6,0.17862068965517242,0,0,0,0,0,0,0,0,0,0,0.15350993377483443
4560,èØéié˜ó«ÅX,6,20,2,2,5,0.1665,0,1,0,0,1,0,0,0,0,0,0.15350993377483443
4561,ì°éR„ƒëÂ,1,66,46,9,4,0.16363636363636364,40,0,6,0,0,0,6,4,7,0,0.16969798657718121
4561,ì°éR„ƒëÂ,2,41,18,6,3,0.1753658536585366,0,2,15,0,1,0,0,0,0,9,0.16969798657718121
4561,ì°éR„ƒëÂ,3,53,20,10,7,0.1471698113207547,0,0,18,0,2,0,0,0,0,0,0.16969798657718121
4561,ì°éR„ƒëÂ,4,51,16,9,2,0.16941176470588237,0,0,16,0,0,0,0,0,0,0,0.16969798657718121
4561,ì°éR„ƒëÂ,5,40,10,8,5,0.1805,0,0,10,0,0,0,0,0,0,0,0.16969798657718121
4561,ì°éR„ƒëÂ,6,47,9,6,7,0.18978723404255318,0,0,9,0,0,0,0,0,0,0,0.16969798657718121
4562,ç„ñ{óEâÓ,1,32,11,7,3,0.1975,10,0,0,0,1,0,6,6,8,0,0.18329317269076306
4562,ç„ñ{óEâÓ,2,47,5,13,11,0.18978723404255318,0,3,0,1,1,0,0,0,0,30,0.18329317269076306
4562,ç„ñ{óEâÓ,3,51,5,3,12,0.18058823529411766,0,1,3,1,0,0,0,0,0,0,0.18329317269076306
4562,ç„ñ{óEâÓ,4,43,6,3,8,0.17465116279069767,0,0,6,0,0,0,0,0,0,0,0.18329317269076306
4562,ç„ñ{óEâÓ,5,44,3,6,8,0.17522727272727273,0,0,3,0,0,0,0,0,0,0,0.18329317269076306
4562,ç„ñ{óEâÓ,6,32,2,2,1,0.1865625,0,0,1,0,1,0,0,0,0,0,0.18329317269076306
4563,‚Vì°ê^îV,1,26,10,8,2,0.14076923076923079,10,0,0,0,0,0,7,4,3,0,0.17624309392265194
4563,‚Vì°ê^îV,2,30,0,7,6,0.18433333333333335,0,0,0,0,0,0,0,0,0,15,0.17624309392265194
4563,‚Vì°ê^îV,3,32,1,6,8,0.1484375,0,0,0,1,0,0,0,0,0,0,0.17624309392265194
4563,‚Vì°ê^îV,4,33,0,2,4,0.18151515151515152,0,0,0,0,0,0,0,0,0,0,0.17624309392265194
4563,‚Vì°ê^îV,5,29,0,2,4,0.18448275862068964,0,0,0,0,0,0,0,0,0,0,0.17624309392265194
4563,‚Vì°ê^îV,6,31,1,1,2,0.2135483870967742,0,1,0,0,0,0,0,0,0,0,0.17624309392265194
4564,éRñ{åiémòY,1,50,29,11,4,0.1402,28,0,0,0,0,1,4,5,9,0,0.15714801444043322
4564,éRñ{åiémòY,2,49,9,16,8,0.15979591836734694,0,6,3,0,0,0,0,0,0,28,0.15714801444043322
4564,éRñ{åiémòY,3,44,4,10,12,0.15681818181818183,0,0,4,0,0,0,0,0,0,0,0.15714801444043322
4564,éRñ{åiémòY,4,50,2,9,13,0.16260000000000002,0,0,1,1,0,0,0,0,0,0,0.15714801444043322
4564,éRñ{åiémòY,5,43,2,2,11,0.16,0,0,1,1,0,0,0,0,0,0,0.15714801444043322
4564,éRñ{åiémòY,6,41,0,0,13,0.1653658536585366,0,0,0,0,0,0,0,0,0,0,0.15714801444043322
4565,êºë∫çãóm,1,29,7,9,5,0.1886206896551724,7,0,0,0,0,0,8,9,3,0,0.17540178571428572
4565,êºë∫çãóm,2,39,2,9,11,0.1882051282051282,0,2,0,0,0,0,0,0,0,18,0.17540178571428572
4565,êºë∫çãóm,3,43,5,7,7,0.16395348837209303,0,1,2,2,0,0,0,0,0,0,0.17540178571428572
4565,êºë∫çãóm,4,36,2,4,10,0.16972222222222222,0,1,0,1,0,0,0,0,0,0,0.17540178571428572
4565,êºë∫çãóm,5,42,3,6,10,0.16857142857142857,0,1,1,1,0,0,0,0,0,0,0.17540178571428572
4565,êºë∫çãóm,6,35,0,4,6,0.1782857142857143,0,0,0,0,0,0,0,0,0,0,0.17540178571428572
4566,âñìcñkìl,1,76,62,4,8,0.1513157894736842,62,0,0,0,0,0,3,10,1,0,0.15199288256227758
4566,âñìcñkìl,2,43,12,16,5,0.15372093023255815,0,7,3,1,1,0,0,0,0,22,0.15199288256227758
4566,âñìcñkìl,3,48,13,10,13,0.15208333333333332,0,4,4,4,1,0,0,0,0,0,0.15199288256227758
4566,âñìcñkìl,4,43,11,10,4,0.14348837209302326,0,4,5,2,0,0,0,0,0,0,0.15199288256227758
4566,âñìcñkìl,5,34,5,6,9,0.14529411764705882,0,0,0,5,0,0,0,0,0,0,0.15199288256227758
4566,âñìcñkìl,6,37,5,8,8,0.1672972972972973,0,1,2,1,1,0,0,0,0,0,0.15199288256227758
4567,è„ë∫êTëæòY,1,17,5,5,2,0.19588235294117648,5,0,0,0,0,0,6,4,1,0,0.19835227272727274
4567,è„ë∫êTëæòY,2,40,3,6,12,0.19824999999999998,0,3,0,0,0,0,0,0,0,21,0.19835227272727274
4567,è„ë∫êTëæòY,3,28,2,8,4,0.17642857142857143,0,0,2,0,0,0,0,0,0,0,0.19835227272727274
4567,è„ë∫êTëæòY,4,35,0,4,10,0.19114285714285714,0,0,0,0,0,0,0,0,0,0,0.19835227272727274
4567,è„ë∫êTëæòY,5,34,0,1,4,0.20588235294117646,0,0,0,0,0,0,0,0,0,0,0.19835227272727274
4567,è„ë∫êTëæòY,6,22,0,1,1,0.2281818181818182,0,0,0,0,0,0,0,0,0,0,0.19835227272727274
4568,úAê£ê^ñÁ,1,39,26,4,2,0.14128205128205126,26,0,0,0,0,0,2,5,4,0,0.14469767441860465
4568,úAê£ê^ñÁ,2,36,5,14,5,0.14333333333333334,0,2,3,0,0,0,0,0,0,17,0.14469767441860465
4568,úAê£ê^ñÁ,3,35,5,10,8,0.12657142857142856,0,1,3,1,0,0,0,0,0,0,0.14469767441860465
4568,úAê£ê^ñÁ,4,33,4,8,3,0.13303030303030303,0,0,3,1,0,0,0,0,0,0,0.14469767441860465
4568,úAê£ê^ñÁ,5,33,3,4,8,0.14606060606060606,0,0,1,2,0,0,0,0,0,0,0.14469767441860465
4568,úAê£ê^ñÁ,6,39,0,1,5,0.17435897435897435,0,0,0,0,0,0,0,0,0,0,0.14469767441860465
4569,íÜ‡VçGìﬁ,1,29,10,9,3,0.1920689655172414,9,0,0,0,0,1,6,8,3,0,0.1749746192893401
4569,íÜ‡VçGìﬁ,2,37,4,10,9,0.18243243243243243,0,2,2,0,0,0,0,0,0,21,0.1749746192893401
4569,íÜ‡VçGìﬁ,3,37,5,10,5,0.17081081081081081,0,0,4,1,0,0,0,0,0,0,0.1749746192893401
4569,íÜ‡VçGìﬁ,4,31,2,3,5,0.1664516129032258,0,0,2,0,0,0,0,0,0,0,0.1749746192893401
4569,íÜ‡VçGìﬁ,5,31,1,4,7,0.15774193548387097,0,0,0,0,0,1,0,0,0,0,0.1749746192893401
4569,íÜ‡VçGìﬁ,6,32,2,3,4,0.180625,0,0,0,2,0,0,0,0,0,0,0.1749746192893401
4570,ëOìcêπï∂,1,44,17,9,5,0.18295454545454548,16,0,0,0,1,0,4,12,6,0,0.16840336134453782
4570,ëOìcêπï∂,2,39,9,11,9,0.15692307692307692,0,6,1,1,1,0,0,0,0,18,0.16840336134453782
4570,ëOìcêπï∂,3,37,7,11,8,0.17729729729729732,0,0,2,4,1,0,0,0,0,0,0.16840336134453782
4570,ëOìcêπï∂,4,43,4,11,9,0.16069767441860466,0,2,1,1,0,0,0,0,0,0,0.16840336134453782
4570,ëOìcêπï∂,5,40,0,9,9,0.1595,0,0,0,0,0,0,0,0,0,0,0.16840336134453782
4570,ëOìcêπï∂,6,35,3,1,7,0.17314285714285715,0,2,0,1,0,0,0,0,0,0,0.16840336134453782
4571,êõèÕç∆,1,44,26,7,3,0.15477272727272728,25,0,0,0,1,0,5,8,3,0,0.14729957805907173
4571,êõèÕç∆,2,35,13,10,3,0.132,0,0,12,0,1,0,0,0,0,15,0.14729957805907173
4571,êõèÕç∆,3,43,10,5,6,0.12953488372093025,0,0,8,1,0,1,0,0,0,0,0.14729957805907173
4571,êõèÕç∆,4,39,13,1,5,0.16128205128205128,0,0,9,2,2,0,0,0,0,0,0.14729957805907173
4571,êõèÕç∆,5,34,11,0,4,0.14852941176470588,0,0,8,2,1,0,0,0,0,0,0.14729957805907173
4571,êõèÕç∆,6,42,8,6,3,0.15642857142857144,0,0,6,1,1,0,0,0,0,0,0.14729957805907173
4572,ìnïîåÂ,1,48,32,7,4,0.14458333333333334,28,0,0,0,4,0,6,5,3,0,0.14772241992882562
4572,ìnïîåÂ,2,47,5,15,10,0.13489361702127659,0,3,2,0,0,0,0,0,0,24,0.14772241992882562
4572,ìnïîåÂ,3,49,5,9,13,0.13714285714285715,0,0,2,1,2,0,0,0,0,0,0.14772241992882562
4572,ìnïîåÂ,4,50,8,6,10,0.14,0,1,4,3,0,0,0,0,0,0,0.14772241992882562
4572,ìnïîåÂ,5,40,1,9,9,0.157,0,0,0,0,1,0,0,0,0,0,0.14772241992882562
4572,ìnïîåÂ,6,47,2,5,8,0.1751063829787234,0,0,0,1,1,0,0,0,0,0,0.14772241992882562
4573,ç≤ì°óÉ,1,53,33,7,7,0.14207547169811321,31,0,0,0,2,0,5,7,6,0,0.13753968253968255
4573,ç≤ì°óÉ,2,40,7,16,6,0.129,0,1,5,0,1,0,0,0,0,20,0.13753968253968255
4573,ç≤ì°óÉ,3,39,9,7,7,0.13512820512820514,0,0,6,3,0,0,0,0,0,0,0.13753968253968255
4573,ç≤ì°óÉ,4,40,9,7,7,0.13725,0,0,5,3,0,1,0,0,0,0,0.13753968253968255
4573,ç≤ì°óÉ,5,38,3,7,4,0.1423684210526316,0,0,2,1,0,0,0,0,0,0,0.13753968253968255
4573,ç≤ì°óÉ,6,42,8,3,8,0.1380952380952381,0,2,3,2,1,0,0,0,0,0,0.13753968253968255
4574,ìåèÅé˜,1,31,10,6,3,0.1870967741935484,9,0,0,0,1,0,5,6,8,0,0.19515555555555558
4574,ìåèÅé˜,2,40,4,8,10,0.1995,0,4,0,0,0,0,0,0,0,20,0.19515555555555558
4574,ìåèÅé˜,3,43,3,10,13,0.19604651162790698,0,0,2,0,1,0,0,0,0,0,0.19515555555555558
4574,ìåèÅé˜,4,38,5,3,9,0.19421052631578947,0,0,3,2,0,0,0,0,0,0,0.19515555555555558
4574,ìåèÅé˜,5,42,0,6,13,0.18928571428571428,0,0,0,0,0,0,0,0,0,0,0.19515555555555558
4574,ìåèÅé˜,6,31,0,1,7,0.20548387096774193,0,0,0,0,0,0,0,0,0,0,0.19515555555555558
4575,åÀíÀñMçD,1,33,19,6,2,0.16303030303030303,17,0,0,0,2,0,3,5,4,0,0.15582959641255606
4575,åÀíÀñMçD,2,43,8,11,10,0.15604651162790698,0,7,0,0,1,0,0,0,0,16,0.15582959641255606
4575,åÀíÀñMçD,3,37,3,11,7,0.1608108108108108,0,0,1,2,0,0,0,0,0,0,0.15582959641255606
4575,åÀíÀñMçD,4,39,11,4,7,0.1512820512820513,0,1,7,3,0,0,0,0,0,0,0.15582959641255606
4575,åÀíÀñMçD,5,36,6,2,7,0.1436111111111111,0,1,0,3,2,0,0,0,0,0,0.15582959641255606
4575,åÀíÀñMçD,6,35,2,4,7,0.16114285714285714,0,0,0,2,0,0,0,0,0,0,0.15582959641255606
4578,ì°éRâÎçO,1,45,28,13,0,0.12844444444444444,27,0,0,0,1,0,2,7,7,0,0.16424892703862662
4578,ì°éRâÎçO,2,42,4,11,9,0.17333333333333334,0,2,2,0,0,0,0,0,0,19,0.16424892703862662
4578,ì°éRâÎçO,3,36,14,7,3,0.15222222222222223,0,0,11,2,1,0,0,0,0,0,0.16424892703862662
4578,ì°éRâÎçO,4,34,4,9,8,0.165,0,0,2,1,0,1,0,0,0,0,0.16424892703862662
4578,ì°éRâÎçO,5,41,2,7,5,0.1748780487804878,0,0,1,1,0,0,0,0,0,0,0.16424892703862662
4578,ì°éRâÎçO,6,35,1,3,5,0.19857142857142857,0,0,0,1,0,0,0,0,0,0,0.16424892703862662
4579,íÜìàåíàÍòY,1,40,26,3,5,0.137,25,0,1,0,0,0,2,4,5,0,0.15764957264957266
4579,íÜìàåíàÍòY,2,37,7,12,4,0.17702702702702702,0,3,3,1,0,0,0,0,0,20,0.15764957264957266
4579,íÜìàåíàÍòY,3,43,6,15,6,0.16325581395348837,0,0,3,2,1,0,0,0,0,0,0.15764957264957266
4579,íÜìàåíàÍòY,4,35,3,4,15,0.15228571428571427,0,0,2,1,0,0,0,0,0,0,0.15764957264957266
4579,íÜìàåíàÍòY,5,38,0,6,10,0.17421052631578948,0,0,0,0,0,0,0,0,0,0,0.15764957264957266
4579,íÜìàåíàÍòY,6,41,0,3,8,0.14365853658536584,0,0,0,0,0,0,0,0,0,0,0.15764957264957266
4580,í∑íJêÏâÎòa,1,28,16,6,1,0.15714285714285717,16,0,0,0,0,0,4,4,3,0,0.17956756756756756
4580,í∑íJêÏâÎòa,2,34,4,12,2,0.18941176470588236,0,4,0,0,0,0,0,0,0,21,0.17956756756756756
4580,í∑íJêÏâÎòa,3,29,5,13,2,0.18137931034482757,0,0,2,2,1,0,0,0,0,0,0.17956756756756756
4580,í∑íJêÏâÎòa,4,32,4,6,7,0.161875,0,1,3,0,0,0,0,0,0,0,0.17956756756756756
4580,í∑íJêÏâÎòa,5,32,0,2,6,0.190625,0,0,0,0,0,0,0,0,0,0,0.17956756756756756
4580,í∑íJêÏâÎòa,6,30,0,0,3,0.19466666666666665,0,0,0,0,0,0,0,0,0,0,0.17956756756756756
4581,ãgë∫êΩ,1,46,26,7,3,0.12217391304347826,23,0,0,0,3,0,4,9,5,0,0.14008810572687225
4581,ãgë∫êΩ,2,38,9,13,7,0.14947368421052631,0,7,2,0,0,0,0,0,0,19,0.14008810572687225
4581,ãgë∫êΩ,3,32,3,8,7,0.153125,0,0,1,1,1,0,0,0,0,0,0.14008810572687225
4581,ãgë∫êΩ,4,40,3,7,6,0.1595,0,2,0,0,1,0,0,0,0,0,0.14008810572687225
4581,ãgë∫êΩ,5,35,1,4,8,0.13685714285714287,0,0,1,0,0,0,0,0,0,0,0.14008810572687225
4581,ãgë∫êΩ,6,36,5,3,4,0.12305555555555554,0,1,2,2,0,0,0,0,0,0,0.14008810572687225
4583,å√ìcóSãM,1,34,22,2,5,0.14588235294117646,20,0,0,0,1,1,3,1,7,0,0.16907834101382488
4583,å√ìcóSãM,2,38,2,8,10,0.1681578947368421,0,1,0,0,1,0,0,0,0,23,0.16907834101382488
4583,å√ìcóSãM,3,36,4,10,12,0.15472222222222223,0,0,0,3,1,0,0,0,0,0,0.16907834101382488
4583,å√ìcóSãM,4,32,1,6,8,0.1653125,0,1,0,0,0,0,0,0,0,0,0.16907834101382488
4583,å√ìcóSãM,5,42,1,1,9,0.19023809523809523,0,0,0,1,0,0,0,0,0,0,0.16907834101382488
4583,å√ìcóSãM,6,35,0,3,8,0.18542857142857144,0,0,0,0,0,0,0,0,0,0,0.16907834101382488
4584,ë∫â™å´êl,1,45,32,5,5,0.1488888888888889,29,0,0,0,2,1,3,5,5,0,0.13356846473029044
4584,ë∫â™å´êl,2,37,6,14,7,0.13567567567567568,0,3,2,0,1,0,0,0,0,24,0.13356846473029044
4584,ë∫â™å´êl,3,42,8,7,13,0.12452380952380954,0,2,3,3,0,0,0,0,0,0,0.13356846473029044
4584,ë∫â™å´êl,4,41,5,10,8,0.11097560975609756,0,0,2,3,0,0,0,0,0,0,0.13356846473029044
4584,ë∫â™å´êl,5,32,4,2,6,0.141875,0,1,1,2,0,0,0,0,0,0,0.13356846473029044
4584,ë∫â™å´êl,6,44,0,7,10,0.13977272727272727,0,0,0,0,0,0,0,0,0,0,0.13356846473029044
4586,àÈïîêΩ,1,54,47,3,1,0.11518518518518518,44,0,0,0,3,0,0,3,3,0,0.13307692307692306
4586,àÈïîêΩ,2,42,11,17,5,0.13547619047619047,0,3,4,1,1,2,0,0,0,20,0.13307692307692306
4586,àÈïîêΩ,3,39,8,11,8,0.14897435897435898,0,1,0,7,0,0,0,0,0,0,0.13307692307692306
4586,àÈïîêΩ,4,43,7,10,11,0.1341860465116279,0,1,2,3,1,0,0,0,0,0,0.13307692307692306
4586,àÈïîêΩ,5,33,9,7,7,0.13303030303030303,0,0,3,4,1,1,0,0,0,0,0.13307692307692306
4586,àÈïîêΩ,6,36,2,4,11,0.13861111111111113,0,0,0,2,0,0,0,0,0,0,0.13307692307692306
4587,ñÿìcïÙóRãG,1,41,19,6,7,0.1704878048780488,17,1,0,0,1,0,4,7,7,0,0.17284046692607005
4587,ñÿìcïÙóRãG,2,41,3,17,9,0.16170731707317074,0,2,1,0,0,0,0,0,0,20,0.17284046692607005
4587,ñÿìcïÙóRãG,3,44,6,16,9,0.16295454545454546,0,2,0,3,0,1,0,0,0,0,0.17284046692607005
4587,ñÿìcïÙóRãG,4,49,6,10,11,0.17551020408163265,0,1,3,2,0,0,0,0,0,0,0.17284046692607005
4587,ñÿìcïÙóRãG,5,43,3,6,13,0.19581395348837208,0,1,0,2,0,0,0,0,0,0,0.17284046692607005
4587,ñÿìcïÙóRãG,6,39,1,7,7,0.1694871794871795,0,0,0,1,0,0,0,0,0,0,0.17284046692607005
4588,ìcíÜãûâÓ,1,36,21,5,0,0.13805555555555554,20,0,0,0,1,0,7,4,3,0,0.14603686635944702
4588,ìcíÜãûâÓ,2,36,8,10,5,0.1461111111111111,0,7,1,0,0,0,0,0,0,16,0.14603686635944702
4588,ìcíÜãûâÓ,3,39,8,8,12,0.14307692307692307,0,0,5,3,0,0,0,0,0,0,0.14603686635944702
4588,ìcíÜãûâÓ,4,36,2,11,5,0.145,0,0,1,1,0,0,0,0,0,0,0.14603686635944702
4588,ìcíÜãûâÓ,5,34,4,5,10,0.14147058823529413,0,0,0,4,0,0,0,0,0,0,0.14603686635944702
4588,ìcíÜãûâÓ,6,36,0,2,7,0.16249999999999998,0,0,0,0,0,0,0,0,0,0,0.14603686635944702
4590,ìnÁ≥óDî¸,1,67,52,5,3,0.14208955223880596,51,0,0,0,1,0,4,8,3,0,0.14895104895104896
4590,ìnÁ≥óDî¸,2,50,10,23,6,0.1624,0,6,3,1,0,0,0,0,0,25,0.14895104895104896
4590,ìnÁ≥óDî¸,3,44,8,11,14,0.1593181818181818,0,3,1,4,0,0,0,0,0,0,0.14895104895104896
4590,ìnÁ≥óDî¸,4,44,9,17,5,0.1475,0,4,2,1,2,0,0,0,0,0,0.14895104895104896
4590,ìnÁ≥óDî¸,5,42,5,8,11,0.14857142857142858,0,1,1,3,0,0,0,0,0,0,0.14895104895104896
4590,ìnÁ≥óDî¸,6,39,2,7,12,0.13384615384615384,0,0,0,2,0,0,0,0,0,0,0.14895104895104896
4592,è¨ó—çFçO,1,41,18,6,6,0.12634146341463415,18,0,0,0,0,0,12,6,4,0,0.1542741935483871
4592,è¨ó—çFçO,2,40,5,12,5,0.16325,0,3,0,0,2,0,0,0,0,23,0.1542741935483871
4592,è¨ó—çFçO,3,49,6,11,5,0.15163265306122448,0,1,1,3,1,0,0,0,0,0,0.1542741935483871
4592,è¨ó—çFçO,4,35,3,4,6,0.16085714285714287,0,0,0,3,0,0,0,0,0,0,0.1542741935483871
4592,è¨ó—çFçO,5,46,3,4,11,0.165,0,1,0,2,0,0,0,0,0,0,0.1542741935483871
4592,è¨ó—çFçO,6,37,0,0,10,0.15945945945945947,0,0,0,0,0,0,0,0,0,0,0.1542741935483871
4593,è¨ç‚è@éi,1,45,33,7,3,0.09266666666666666,32,0,0,0,1,0,1,5,5,0,0.12427966101694916
4593,è¨ç‚è@éi,2,43,6,11,12,0.11348837209302326,0,2,2,0,2,0,0,0,0,18,0.12427966101694916
4593,è¨ç‚è@éi,3,42,6,11,14,0.13333333333333333,0,1,1,3,1,0,0,0,0,0,0.12427966101694916
4593,è¨ç‚è@éi,4,40,3,7,16,0.1155,0,0,2,1,0,0,0,0,0,0,0.12427966101694916
4593,è¨ç‚è@éi,5,34,3,8,7,0.12794117647058825,0,0,1,1,1,0,0,0,0,0,0.12427966101694916
4593,è¨ç‚è@éi,6,32,1,2,7,0.1784375,0,0,0,1,0,0,0,0,0,0,0.12427966101694916
4594,íJêÏóSàÍ,1,44,26,6,4,0.13318181818181818,25,0,0,0,1,0,3,7,4,0,0.146271186440678
4594,íJêÏóSàÍ,2,36,4,14,8,0.1461111111111111,0,2,2,0,0,0,0,0,0,27,0.146271186440678
4594,íJêÏóSàÍ,3,40,6,12,8,0.13674999999999998,0,1,2,2,1,0,0,0,0,0,0.146271186440678
4594,íJêÏóSàÍ,4,45,6,7,8,0.14333333333333334,0,1,3,2,0,0,0,0,0,0,0.146271186440678
4594,íJêÏóSàÍ,5,35,0,5,11,0.152,0,0,0,0,0,0,0,0,0,0,0.146271186440678
4594,íJêÏóSàÍ,6,36,3,3,6,0.1711111111111111,0,0,0,3,0,0,0,0,0,0,0.146271186440678
4596,äãå¥ëÂóz,1,43,22,9,5,0.14372093023255814,19,0,0,0,3,0,9,5,5,0,0.15153846153846154
4596,äãå¥ëÂóz,2,47,10,14,8,0.1551063829787234,0,9,1,0,0,0,0,0,0,22,0.15153846153846154
4596,äãå¥ëÂóz,3,53,8,8,8,0.15471698113207547,0,2,4,2,0,0,0,0,0,0,0.15153846153846154
4596,äãå¥ëÂóz,4,47,5,10,6,0.15191489361702126,0,1,1,2,1,0,0,0,0,0,0.15153846153846154
4596,äãå¥ëÂóz,5,41,4,7,12,0.14878048780487804,0,0,0,4,0,0,0,0,0,0,0.15153846153846154
4596,äãå¥ëÂóz,6,42,1,1,11,0.1538095238095238,0,0,0,1,0,0,0,0,0,0,0.15153846153846154
4598,â¡ì°ê≠ïF,1,45,22,9,5,0.15311111111111111,22,0,0,0,0,0,4,11,6,0,0.17111587982832616
4598,â¡ì°ê≠ïF,2,33,4,10,7,0.1596969696969697,0,3,1,0,0,0,0,0,0,20,0.17111587982832616
4598,â¡ì°ê≠ïF,3,42,6,13,12,0.1619047619047619,0,0,1,2,2,1,0,0,0,0,0.17111587982832616
4598,â¡ì°ê≠ïF,4,42,5,14,7,0.18285714285714286,0,0,3,2,0,0,0,0,0,0,0.17111587982832616
4598,â¡ì°ê≠ïF,5,33,6,3,9,0.16,0,1,0,4,1,0,0,0,0,0,0.17111587982832616
4598,â¡ì°ê≠ïF,6,38,1,2,9,0.20921052631578949,0,0,0,1,0,0,0,0,0,0,0.17111587982832616
4600,à‰ì‡è´ëæòY,1,44,31,7,1,0.13795454545454547,27,0,0,0,4,0,3,5,2,0,0.14765625
4600,à‰ì‡è´ëæòY,2,42,4,19,8,0.13380952380952382,0,2,2,0,0,0,0,0,0,23,0.14765625
4600,à‰ì‡è´ëæòY,3,46,6,9,12,0.14565217391304347,0,1,0,4,0,1,0,0,0,0,0.14765625
4600,à‰ì‡è´ëæòY,4,46,5,9,16,0.15456521739130435,0,3,0,0,2,0,0,0,0,0,0.14765625
4600,à‰ì‡è´ëæòY,5,40,4,7,11,0.12875,0,1,1,2,0,0,0,0,0,0,0.14765625
4600,à‰ì‡è´ëæòY,6,38,0,3,9,0.1881578947368421,0,0,0,0,0,0,0,0,0,0,0.14765625
4601,êXñÏê≥çO,1,57,37,11,4,0.1387719298245614,36,0,0,0,1,0,5,4,7,0,0.14075000000000001
4601,êXñÏê≥çO,2,34,8,13,8,0.15941176470588236,0,5,3,0,0,0,0,0,0,19,0.14075000000000001
4601,êXñÏê≥çO,3,36,9,7,7,0.12083333333333332,0,0,4,4,1,0,0,0,0,0,0.14075000000000001
4601,êXñÏê≥çO,4,37,10,5,7,0.1391891891891892,0,5,2,2,1,0,0,0,0,0,0.14075000000000001
4601,êXñÏê≥çO,5,37,3,5,10,0.14432432432432432,0,0,0,3,0,0,0,0,0,0,0.14075000000000001
4601,êXñÏê≥çO,6,39,1,5,7,0.14384615384615385,0,0,0,1,0,0,0,0,0,0,0.14075000000000001
4603,íJêÏè´ëæ,1,33,19,3,5,0.16787878787878788,18,0,0,0,1,0,2,9,2,0,0.16295652173913044
4603,íJêÏè´ëæ,2,44,5,12,8,0.16568181818181818,0,3,0,0,2,0,0,0,0,27,0.16295652173913044
4603,íJêÏè´ëæ,3,36,9,5,5,0.1497222222222222,0,0,3,6,0,0,0,0,0,0,0.16295652173913044
4603,íJêÏè´ëæ,4,38,4,7,6,0.16842105263157894,0,0,1,2,1,0,0,0,0,0,0.16295652173913044
4603,íJêÏè´ëæ,5,43,4,1,3,0.15906976744186047,0,0,1,3,0,0,0,0,0,0,0.16295652173913044
4603,íJêÏè´ëæ,6,36,1,3,5,0.16722222222222224,0,0,0,1,0,0,0,0,0,0,0.16295652173913044
4604,ä‚ê£óTó∫,1,63,53,5,2,0.10857142857142857,52,0,0,0,1,0,2,4,3,0,0.13821818181818182
4604,ä‚ê£óTó∫,2,42,9,14,10,0.14714285714285713,1,7,0,0,1,0,0,0,0,20,0.13821818181818182
4604,ä‚ê£óTó∫,3,41,7,15,7,0.1558536585365854,0,0,1,3,3,0,0,0,0,0,0.13821818181818182
4604,ä‚ê£óTó∫,4,50,3,16,11,0.146,0,2,0,0,1,0,0,0,0,0,0.13821818181818182
4604,ä‚ê£óTó∫,5,39,3,7,11,0.14025641025641025,0,0,0,3,0,0,0,0,0,0,0.13821818181818182
4604,ä‚ê£óTó∫,6,40,3,8,12,0.14575,0,0,0,3,0,0,0,0,0,0,0.13821818181818182
4605,êXê¢ó¢,1,9,3,0,1,0.21,3,0,0,0,0,0,1,3,1,0,0.1632
4605,êXê¢ó¢,2,15,0,6,3,0.164,0,0,0,0,0,0,0,0,0,12,0.1632
4605,êXê¢ó¢,3,15,1,5,5,0.13933333333333334,0,0,0,1,0,0,0,0,0,0,0.1632
4605,êXê¢ó¢,4,10,2,1,2,0.155,0,0,0,1,1,0,0,0,0,0,0.1632
4605,êXê¢ó¢,5,17,2,3,3,0.15647058823529414,0,0,1,1,0,0,0,0,0,0,0.1632
4605,êXê¢ó¢,6,9,0,0,1,0.17666666666666667,0,0,0,0,0,0,0,0,0,0,0.1632
4607,íﬂìcóEóY,1,31,14,6,2,0.1870967741935484,10,0,0,0,4,0,4,8,4,0,0.1839269406392694
4607,íﬂìcóEóY,2,40,2,12,6,0.2,0,0,0,1,1,0,0,0,0,21,0.1839269406392694
4607,íﬂìcóEóY,3,41,5,10,8,0.18585365853658536,0,0,2,2,1,0,0,0,0,0,0.1839269406392694
4607,íﬂìcóEóY,4,37,1,8,11,0.18486486486486486,0,1,0,0,0,0,0,0,0,0,0.1839269406392694
4607,íﬂìcóEóY,5,39,0,5,10,0.16743589743589743,0,0,0,0,0,0,0,0,0,0,0.1839269406392694
4607,íﬂìcóEóY,6,31,1,5,10,0.17709677419354838,0,0,1,0,0,0,0,0,0,0,0.1839269406392694
4608,çrà‰„ƒåﬁ,1,44,23,9,6,0.1531818181818182,22,0,0,0,1,0,9,5,3,0,0.17309523809523808
4608,çrà‰„ƒåﬁ,2,41,7,14,10,0.1802439024390244,0,3,3,0,1,0,0,0,0,21,0.17309523809523808
4608,çrà‰„ƒåﬁ,3,48,8,13,9,0.18041666666666667,0,0,4,3,1,0,0,0,0,0,0.17309523809523808
4608,çrà‰„ƒåﬁ,4,43,4,9,13,0.16674418604651162,0,0,3,1,0,0,0,0,0,0,0.17309523809523808
4608,çrà‰„ƒåﬁ,5,34,5,8,4,0.15794117647058825,0,1,1,2,1,0,0,0,0,0,0.17309523809523808
4608,çrà‰„ƒåﬁ,6,42,3,1,7,0.19738095238095235,0,1,0,1,0,1,0,0,0,0,0.17309523809523808
4610,ç≤ì°ëÂóC,1,50,26,9,6,0.18539999999999998,26,0,0,0,0,0,4,11,4,0,0.1725506072874494
4610,ç≤ì°ëÂóC,2,42,10,15,4,0.18309523809523812,1,4,5,0,0,0,0,0,0,17,0.1725506072874494
4610,ç≤ì°ëÂóC,3,42,11,11,8,0.1569047619047619,0,0,6,3,2,0,0,0,0,0,0.1725506072874494
4610,ç≤ì°ëÂóC,4,32,11,7,7,0.1571875,0,1,7,2,1,0,0,0,0,0,0.1725506072874494
4610,ç≤ì°ëÂóC,5,37,1,9,9,0.16648648648648648,0,0,1,0,0,0,0,0,0,0,0.1725506072874494
4610,ç≤ì°ëÂóC,6,44,5,7,10,0.17909090909090908,0,1,3,1,0,0,0,0,0,0,0.1725506072874494
4611,ç°à‰î¸àü,1,26,16,6,0,0.13846153846153847,15,0,0,0,0,1,2,5,2,0,0.15
4611,ç°à‰î¸àü,2,28,5,7,5,0.13714285714285715,0,0,4,0,0,1,0,0,0,15,0.15
4611,ç°à‰î¸àü,3,30,6,5,7,0.132,0,0,2,4,0,0,0,0,0,0,0.15
4611,ç°à‰î¸àü,4,27,4,2,7,0.1796296296296296,0,0,2,2,0,0,0,0,0,0,0.15
4611,ç°à‰î¸àü,5,24,4,2,4,0.16125,0,1,0,2,1,0,0,0,0,0,0.15
4611,ç°à‰î¸àü,6,33,0,2,6,0.15393939393939393,0,0,0,0,0,0,0,0,0,0,0.15
4614,êŒëqómçs,1,71,53,10,2,0.12901408450704224,50,0,0,0,3,0,4,5,7,0,0.12849358974358976
4614,êŒëqómçs,2,60,14,28,8,0.12983333333333333,1,9,3,0,1,0,0,0,0,32,0.12849358974358976
4614,êŒëqómçs,3,51,17,17,6,0.13450980392156864,0,2,9,4,2,0,0,0,0,0,0.12849358974358976
4614,êŒëqómçs,4,57,12,15,18,0.12157894736842105,0,5,5,0,2,0,0,0,0,0,0.12849358974358976
4614,êŒëqómçs,5,38,2,11,12,0.13315789473684211,0,0,0,2,0,0,0,0,0,0,0.12849358974358976
4614,êŒëqómçs,6,35,5,5,8,0.12257142857142857,0,1,1,2,1,0,0,0,0,0,0.12849358974358976
4615,î¬ëqì÷éj,1,30,8,7,8,0.19566666666666668,8,0,0,0,0,0,7,7,6,0,0.19884057971014493
4615,î¬ëqì÷éj,2,36,3,6,8,0.18055555555555555,0,3,0,0,0,0,0,0,0,23,0.19884057971014493
4615,î¬ëqì÷éj,3,39,2,7,7,0.17769230769230768,0,0,1,0,1,0,0,0,0,0,0.19884057971014493
4615,î¬ëqì÷éj,4,37,2,6,5,0.19054054054054054,0,0,0,1,1,0,0,0,0,0,0.19884057971014493
4615,î¬ëqì÷éj,5,35,0,2,12,0.20914285714285716,0,0,0,0,0,0,0,0,0,0,0.19884057971014493
4615,î¬ëqì÷éj,6,30,0,1,3,0.24966666666666668,0,0,0,0,0,0,0,0,0,0,0.19884057971014493
4618,îTë∫çNóF,1,44,22,9,10,0.15409090909090908,21,0,0,0,1,0,8,7,4,0,0.17991561181434598
4618,îTë∫çNóF,2,44,4,13,12,0.19409090909090906,0,3,0,0,0,1,0,0,0,24,0.17991561181434598
4618,îTë∫çNóF,3,33,2,7,9,0.1887878787878788,0,0,0,1,1,0,0,0,0,0,0.17991561181434598
4618,îTë∫çNóF,4,35,3,4,8,0.1897142857142857,0,0,1,2,0,0,0,0,0,0,0.17991561181434598
4618,îTë∫çNóF,5,44,3,6,7,0.1725,0,0,0,3,0,0,0,0,0,0,0.17991561181434598
4618,îTë∫çNóF,6,37,2,4,5,0.18540540540540543,0,1,0,1,0,0,0,0,0,0,0.17991561181434598
4619,ïöìcóTó≤,1,27,6,12,1,0.16296296296296298,5,0,1,0,0,0,10,3,6,0,0.15635802469135804
4619,ïöìcóTó≤,2,27,6,5,6,0.14814814814814814,0,1,3,1,1,0,0,0,0,12,0.15635802469135804
4619,ïöìcóTó≤,3,28,5,8,6,0.1742857142857143,0,0,3,2,0,0,0,0,0,0,0.15635802469135804
4619,ïöìcóTó≤,4,20,1,4,1,0.178,0,0,1,0,0,0,0,0,0,0,0.15635802469135804
4619,ïöìcóTó≤,5,26,2,5,5,0.15384615384615385,0,0,1,1,0,0,0,0,0,0,0.15635802469135804
4619,ïöìcóTó≤,6,34,7,5,5,0.13205882352941178,0,0,5,0,2,0,0,0,0,0,0.15635802469135804
4623,íÜñkè´éj,1,31,15,5,4,0.13999999999999999,14,0,0,0,1,0,4,7,4,0,0.1641628959276018
4623,íÜñkè´éj,2,39,2,6,4,0.17487179487179488,0,1,1,0,0,0,0,0,0,19,0.1641628959276018
4623,íÜñkè´éj,3,40,3,8,7,0.15025,0,0,2,0,1,0,0,0,0,0,0.1641628959276018
4623,íÜñkè´éj,4,36,2,5,8,0.16833333333333333,0,1,0,1,0,0,0,0,0,0,0.1641628959276018
4623,íÜñkè´éj,5,41,1,4,5,0.17146341463414635,0,0,0,1,0,0,0,0,0,0,0.1641628959276018
4623,íÜñkè´éj,6,34,0,2,4,0.17705882352941177,0,0,0,0,0,0,0,0,0,0,0.1641628959276018
4624,çÇìcñæ,1,41,31,7,1,0.15146341463414634,29,0,0,0,2,0,3,2,4,0,0.15274774774774777
4624,çÇìcñæ,2,38,14,8,5,0.13921052631578948,0,10,3,1,0,0,0,0,0,17,0.15274774774774777
4624,çÇìcñæ,3,42,11,7,7,0.135,0,0,5,6,0,0,0,0,0,0,0.15274774774774777
4624,çÇìcñæ,4,40,4,8,7,0.1655,0,0,3,1,0,0,0,0,0,0,0.15274774774774777
4624,çÇìcñæ,5,32,1,7,11,0.1615625,0,0,0,1,0,0,0,0,0,0,0.15274774774774777
4624,çÇìcñæ,6,29,1,2,5,0.1706896551724138,0,0,1,0,0,0,0,0,0,0,0.15274774774774777
4625,ìnÁ≤óTãM,1,29,10,3,5,0.1610344827586207,7,0,0,0,3,0,5,1,9,0,0.1705612244897959
4625,ìnÁ≤óTãM,2,37,6,7,2,0.16702702702702701,0,1,4,0,1,0,0,0,0,15,0.1705612244897959
4625,ìnÁ≤óTãM,3,37,3,4,6,0.1727027027027027,0,0,1,2,0,0,0,0,0,0,0.1705612244897959
4625,ìnÁ≤óTãM,4,33,2,3,5,0.1715151515151515,0,0,2,0,0,0,0,0,0,0,0.1705612244897959
4625,ìnÁ≤óTãM,5,34,2,2,3,0.18794117647058822,0,0,2,0,0,0,0,0,0,0,0.1705612244897959
4625,ìnÁ≤óTãM,6,26,2,2,2,0.15923076923076923,0,0,1,1,0,0,0,0,0,0,0.1705612244897959
4626,à…ì°çhèÕ,1,13,4,2,2,0.12923076923076923,4,0,0,0,0,0,3,0,3,0,0.18326923076923077
4626,à…ì°çhèÕ,2,21,0,2,8,0.1738095238095238,0,0,0,0,0,0,0,0,0,9,0.18326923076923077
4626,à…ì°çhèÕ,3,18,1,4,2,0.19555555555555557,0,0,0,0,1,0,0,0,0,0,0.18326923076923077
4626,à…ì°çhèÕ,4,19,1,2,1,0.16157894736842104,0,1,0,0,0,0,0,0,0,0,0.18326923076923077
4626,à…ì°çhèÕ,5,19,2,2,1,0.18947368421052632,0,0,1,1,0,0,0,0,0,0,0.18326923076923077
4626,à…ì°çhèÕ,6,14,0,1,2,0.25285714285714284,0,0,0,0,0,0,0,0,0,0,0.18326923076923077
4627,ì°å¥çÿäÛ,1,28,20,3,4,0.12964285714285714,20,0,0,0,0,0,3,3,2,0,0.1476536312849162
4627,ì°å¥çÿäÛ,2,34,9,8,8,0.15705882352941175,0,6,1,0,2,0,0,0,0,17,0.1476536312849162
4627,ì°å¥çÿäÛ,3,29,3,7,5,0.16344827586206898,0,0,0,3,0,0,0,0,0,0,0.1476536312849162
4627,ì°å¥çÿäÛ,4,29,7,6,8,0.11862068965517242,0,1,3,3,0,0,0,0,0,0,0.1476536312849162
4627,ì°å¥çÿäÛ,5,32,5,5,9,0.1528125,0,1,1,1,2,0,0,0,0,0,0.1476536312849162
4627,ì°å¥çÿäÛ,6,27,2,5,7,0.1625925925925926,0,1,1,0,0,0,0,0,0,0,0.1476536312849162
4630,ä‚âiâÎêl,1,46,16,11,7,0.1873913043478261,16,0,0,0,0,0,8,13,4,0,0.19225
4630,ä‚âiâÎêl,2,41,7,6,8,0.2002439024390244,1,4,0,2,0,0,0,0,0,18,0.19225
4630,ä‚âiâÎêl,3,37,4,8,7,0.19324324324324324,0,1,1,2,0,0,0,0,0,0,0.19225
4630,ä‚âiâÎêl,4,37,2,6,8,0.18567567567567567,0,0,0,1,1,0,0,0,0,0,0.19225
4630,ä‚âiâÎêl,5,36,3,3,12,0.1711111111111111,0,0,1,2,0,0,0,0,0,0,0.19225
4630,ä‚âiâÎêl,6,43,0,5,8,0.21232558139534885,0,0,0,0,0,0,0,0,0,0,0.19225
4631,êVà‰âpçF,1,18,12,2,3,0.14,12,0,0,0,0,0,2,0,2,0,0.1945323741007194
4631,êVà‰âpçF,2,22,2,4,4,0.18545454545454546,0,1,1,0,0,0,0,0,0,8,0.1945323741007194
4631,êVà‰âpçF,3,25,0,6,3,0.1856,0,0,0,0,0,0,0,0,0,0,0.1945323741007194
4631,êVà‰âpçF,4,20,3,3,5,0.1785,0,0,2,1,0,0,0,0,0,0,0.1945323741007194
4631,êVà‰âpçF,5,27,2,4,2,0.21222222222222223,0,0,1,1,0,0,0,0,0,0,0.1945323741007194
4631,êVà‰âpçF,6,27,1,2,3,0.24074074074074073,0,0,0,1,0,0,0,0,0,0,0.1945323741007194
4632,í∑îˆãûéuòY,1,22,10,5,3,0.14272727272727273,10,0,0,0,0,0,2,4,2,0,0.1682587064676617
4632,í∑îˆãûéuòY,2,39,4,11,3,0.18794871794871795,0,0,4,0,0,0,0,0,0,23,0.1682587064676617
4632,í∑îˆãûéuòY,3,38,6,4,4,0.16894736842105262,0,1,4,1,0,0,0,0,0,0,0.1682587064676617
4632,í∑îˆãûéuòY,4,36,1,4,10,0.165,0,0,0,0,0,1,0,0,0,0,0.1682587064676617
4632,í∑îˆãûéuòY,5,36,3,4,6,0.15805555555555556,0,1,0,0,2,0,0,0,0,0,0.1682587064676617
4632,í∑îˆãûéuòY,6,30,0,1,7,0.17666666666666667,0,0,0,0,0,0,0,0,0,0,0.1682587064676617
4633,êXíqñÁ,1,41,22,8,7,0.14073170731707318,21,0,0,0,1,0,7,4,5,0,0.1702439024390244
4633,êXíqñÁ,2,39,5,13,5,0.1582051282051282,0,5,0,0,0,0,0,0,0,21,0.1702439024390244
4633,êXíqñÁ,3,45,6,12,12,0.14666666666666667,0,1,4,0,1,0,0,0,0,0,0.1702439024390244
4633,êXíqñÁ,4,43,1,8,8,0.18488372093023256,0,0,1,0,0,0,0,0,0,0,0.1702439024390244
4633,êXíqñÁ,5,42,0,2,10,0.18928571428571428,0,0,0,0,0,0,0,0,0,0,0.1702439024390244
4633,êXíqñÁ,6,36,0,1,10,0.20666666666666667,0,0,0,0,0,0,0,0,0,0,0.1702439024390244
4635,ïÙèdóÕñÁ,1,21,11,5,2,0.1376190476190476,9,0,0,0,1,1,4,1,3,0,0.13047619047619047
4635,ïÙèdóÕñÁ,2,25,2,5,4,0.1076,0,1,1,0,0,0,0,0,0,17,0.13047619047619047
4635,ïÙèdóÕñÁ,3,26,3,7,2,0.13307692307692306,0,0,0,3,0,0,0,0,0,0,0.13047619047619047
4635,ïÙèdóÕñÁ,4,25,1,4,4,0.1456,0,0,0,1,0,0,0,0,0,0,0.13047619047619047
4635,ïÙèdóÕñÁ,5,21,1,1,2,0.14619047619047618,0,0,0,1,0,0,0,0,0,0,0.13047619047619047
4635,ïÙèdóÕñÁ,6,29,0,2,2,0.11827586206896552,0,0,0,0,0,0,0,0,0,0,0.13047619047619047
4636,ê‘írèCïΩ,1,29,7,6,3,0.16793103448275862,6,0,0,0,1,0,5,9,6,0,0.171608040201005
4636,ê‘írèCïΩ,2,35,1,5,5,0.1685714285714286,0,0,1,0,0,0,0,0,0,19,0.171608040201005
4636,ê‘írèCïΩ,3,39,2,9,4,0.17564102564102563,0,0,2,0,0,0,0,0,0,0,0.171608040201005
4636,ê‘írèCïΩ,4,32,2,3,3,0.1515625,0,0,2,0,0,0,0,0,0,0,0.171608040201005
4636,ê‘írèCïΩ,5,31,0,4,2,0.17193548387096774,0,0,0,0,0,0,0,0,0,0,0.171608040201005
4636,ê‘írèCïΩ,6,33,1,1,2,0.19242424242424241,0,0,0,1,0,0,0,0,0,0,0.171608040201005
4637,íÜìcóFñÁ,1,23,8,5,2,0.1673913043478261,7,0,0,0,1,0,4,8,0,0,0.18620253164556963
4637,íÜìcóFñÁ,2,29,3,7,6,0.1772413793103448,0,2,1,0,0,0,0,0,0,14,0.18620253164556963
4637,íÜìcóFñÁ,3,26,1,3,9,0.17307692307692307,0,0,0,1,0,0,0,0,0,0,0.18620253164556963
4637,íÜìcóFñÁ,4,26,2,5,7,0.1757692307692308,0,0,1,1,0,0,0,0,0,0,0.18620253164556963
4637,íÜìcóFñÁ,5,24,1,0,5,0.20125,0,1,0,0,0,0,0,0,0,0,0.18620253164556963
4637,íÜìcóFñÁ,6,30,0,2,6,0.21766666666666667,0,0,0,0,0,0,0,0,0,0,0.18620253164556963
4638,è¨ó—ó…ëæ,1,28,13,8,0,0.17714285714285713,12,0,0,0,1,0,5,3,5,0,0.18795238095238095
4638,è¨ó—ó…ëæ,2,35,3,9,6,0.20742857142857143,0,3,0,0,0,0,0,0,0,15,0.18795238095238095
4638,è¨ó—ó…ëæ,3,39,4,8,6,0.1682051282051282,0,0,2,2,0,0,0,0,0,0,0.18795238095238095
4638,è¨ó—ó…ëæ,4,40,3,6,9,0.16675,0,0,1,2,0,0,0,0,0,0,0.18795238095238095
4638,è¨ó—ó…ëæ,5,36,0,6,8,0.2088888888888889,0,0,0,0,0,0,0,0,0,0,0.18795238095238095
4638,è¨ó—ó…ëæ,6,32,0,2,4,0.203125,0,0,0,0,0,0,0,0,0,0,0.18795238095238095
4639,éGâÍóEãM,1,24,13,5,3,0.16749999999999998,12,0,0,0,1,0,4,5,0,0,0.1714917127071823
4639,éGâÍóEãM,2,36,5,7,5,0.17305555555555557,1,2,2,0,0,0,0,0,0,20,0.1714917127071823
4639,éGâÍóEãM,3,32,2,14,7,0.1559375,0,0,2,0,0,0,0,0,0,0,0.1714917127071823
4639,éGâÍóEãM,4,26,3,4,2,0.16999999999999998,0,0,3,0,0,0,0,0,0,0,0.1714917127071823
4639,éGâÍóEãM,5,36,1,2,4,0.18444444444444447,0,1,0,0,0,0,0,0,0,0,0.1714917127071823
4639,éGâÍóEãM,6,27,0,1,6,0.17555555555555558,0,0,0,0,0,0,0,0,0,0,0.1714917127071823
4640,éRÉmì‡âÎêl,1,46,29,9,0,0.12456521739130436,29,0,0,0,0,0,5,6,5,0,0.14034782608695653
4640,éRÉmì‡âÎêl,2,36,8,11,7,0.13,0,3,3,0,1,1,0,0,0,19,0.14034782608695653
4640,éRÉmì‡âÎêl,3,35,5,13,11,0.14,0,2,2,0,1,0,0,0,0,0,0.14034782608695653
4640,éRÉmì‡âÎêl,4,41,7,10,5,0.14414634146341465,0,0,6,1,0,0,0,0,0,0,0.14034782608695653
4640,éRÉmì‡âÎêl,5,36,1,2,11,0.13916666666666666,0,0,0,1,0,0,0,0,0,0,0.14034782608695653
4640,éRÉmì‡âÎêl,6,36,0,4,3,0.16805555555555554,0,0,0,0,0,0,0,0,0,0,0.14034782608695653
4641,àÈë∫è†,1,10,5,1,1,0.145,5,0,0,0,0,0,1,3,0,0,0.17990384615384616
4641,àÈë∫è†,2,20,4,6,5,0.1785,0,1,2,0,1,0,0,0,0,8,0.17990384615384616
4641,àÈë∫è†,3,18,3,2,3,0.16444444444444445,0,0,2,1,0,0,0,0,0,0,0.17990384615384616
4641,àÈë∫è†,4,19,2,2,3,0.17578947368421052,0,1,0,1,0,0,0,0,0,0,0.17990384615384616
4641,àÈë∫è†,5,19,1,0,3,0.18105263157894735,0,0,0,1,0,0,0,0,0,0,0.17990384615384616
4641,àÈë∫è†,6,18,0,2,2,0.21944444444444444,0,0,0,0,0,0,0,0,0,0,0.17990384615384616
4642,èºîˆâƒäC,1,40,34,2,1,0.14575,34,0,0,0,0,0,2,1,1,0,0.1398936170212766
4642,èºîˆâƒäC,2,35,9,15,0,0.12657142857142856,0,7,1,0,1,0,0,0,0,18,0.1398936170212766
4642,èºîˆâƒäC,3,32,5,9,6,0.1446875,0,0,1,3,1,0,0,0,0,0,0.1398936170212766
4642,èºîˆâƒäC,4,33,6,9,6,0.1487878787878788,0,3,1,2,0,0,0,0,0,0,0.1398936170212766
4642,èºîˆâƒäC,5,28,3,4,7,0.13535714285714287,0,1,2,0,0,0,0,0,0,0,0.1398936170212766
4642,èºîˆâƒäC,6,20,0,4,2,0.1355,0,0,0,0,0,0,0,0,0,0,0.1398936170212766
4643,ãﬂç]„ƒå·,1,43,35,2,3,0.1316279069767442,30,0,0,0,5,0,3,4,0,0,0.13995169082125603
4643,ãﬂç]„ƒå·,2,37,7,15,6,0.12756756756756757,0,4,2,0,1,0,0,0,0,23,0.13995169082125603
4643,ãﬂç]„ƒå·,3,36,8,9,8,0.15333333333333335,0,1,4,3,0,0,0,0,0,0,0.13995169082125603
4643,ãﬂç]„ƒå·,4,34,7,9,9,0.1373529411764706,0,1,5,1,0,0,0,0,0,0,0.13995169082125603
4643,ãﬂç]„ƒå·,5,30,4,6,8,0.13166666666666668,0,1,1,2,0,0,0,0,0,0,0.13995169082125603
4643,ãﬂç]„ƒå·,6,27,0,2,7,0.16481481481481483,0,0,0,0,0,0,0,0,0,0,0.13995169082125603
4644,éRìcó∫ëæ,1,37,22,6,4,0.1608108108108108,19,0,0,0,2,1,3,4,5,0,0.16319047619047622
4644,éRìcó∫ëæ,2,33,6,12,5,0.15787878787878787,0,4,1,0,0,1,0,0,0,16,0.16319047619047622
4644,éRìcó∫ëæ,3,37,2,8,16,0.17216216216216215,0,0,1,1,0,0,0,0,0,0,0.16319047619047622
4644,éRìcó∫ëæ,4,39,3,7,7,0.1694871794871795,0,0,1,1,1,0,0,0,0,0,0.16319047619047622
4644,éRìcó∫ëæ,5,34,5,3,11,0.17705882352941177,0,0,1,3,1,0,0,0,0,0,0.16319047619047622
4644,éRìcó∫ëæ,6,30,1,4,6,0.137,0,0,0,1,0,0,0,0,0,0,0.16319047619047622
4645,è„ë∫èÉàÍ,1,55,36,5,4,0.15654545454545454,35,0,0,0,1,0,6,6,5,0,0.13932142857142857
4645,è„ë∫èÉàÍ,2,46,8,15,11,0.12956521739130436,0,7,1,0,0,0,0,0,0,22,0.13932142857142857
4645,è„ë∫èÉàÍ,3,46,6,13,0,0.13326086956521738,0,1,3,2,0,0,0,0,0,0,0.13932142857142857
4645,è„ë∫èÉàÍ,4,47,10,5,7,0.13361702127659575,0,1,6,3,0,0,0,0,0,0,0.13932142857142857
4645,è„ë∫èÉàÍ,5,40,7,5,11,0.1355,0,0,2,3,1,1,0,0,0,0,0.13932142857142857
4645,è„ë∫èÉàÍ,6,46,1,5,13,0.14369565217391306,0,1,0,0,0,0,0,0,0,0,0.13932142857142857
4648,ñÿë∫ó∫ëæ,1,42,21,8,7,0.13714285714285715,21,0,0,0,0,0,7,5,7,0,0.1583539094650206
4648,ñÿë∫ó∫ëæ,2,42,6,6,10,0.1523809523809524,0,4,0,1,1,0,0,0,0,23,0.1583539094650206
4648,ñÿë∫ó∫ëæ,3,40,2,8,10,0.15675,0,1,0,1,0,0,0,0,0,0,0.1583539094650206
4648,ñÿë∫ó∫ëæ,4,33,3,4,9,0.17272727272727273,0,0,0,2,1,0,0,0,0,0,0.1583539094650206
4648,ñÿë∫ó∫ëæ,5,45,0,4,11,0.16577777777777777,0,0,0,0,0,0,0,0,0,0,0.1583539094650206
4648,ñÿë∫ó∫ëæ,6,41,0,3,9,0.16804878048780486,0,0,0,0,0,0,0,0,0,0,0.1583539094650206
4649,òaìcëÄëÒ,1,41,27,5,3,0.12609756097560976,24,0,0,0,3,0,3,4,6,0,0.1335096153846154
4649,òaìcëÄëÒ,2,35,7,9,6,0.15771428571428572,0,3,4,0,0,0,0,0,0,15,0.1335096153846154
4649,òaìcëÄëÒ,3,34,5,7,7,0.14352941176470588,0,0,0,2,3,0,0,0,0,0,0.1335096153846154
4649,òaìcëÄëÒ,4,33,0,12,6,0.1318181818181818,0,0,0,0,0,0,0,0,0,0,0.1335096153846154
4649,òaìcëÄëÒ,5,33,3,3,6,0.1215151515151515,0,0,0,2,1,0,0,0,0,0,0.1335096153846154
4649,òaìcëÄëÒ,6,32,0,3,7,0.12,0,0,0,0,0,0,0,0,0,0,0.1335096153846154
4650,íÜéRóYëæ,1,54,36,5,2,0.14574074074074075,36,0,0,0,0,0,1,6,7,0,0.15614545454545453
4650,íÜéRóYëæ,2,46,9,13,9,0.15173913043478263,0,5,3,0,0,1,0,0,0,28,0.15614545454545453
4650,íÜéRóYëæ,3,41,7,6,8,0.16097560975609757,0,1,3,1,2,0,0,0,0,0,0.15614545454545453
4650,íÜéRóYëæ,4,46,7,6,11,0.15108695652173915,0,1,4,2,0,0,0,0,0,0,0.15614545454545453
4650,íÜéRóYëæ,5,48,2,11,10,0.17708333333333334,0,1,0,0,1,0,0,0,0,0,0.15614545454545453
4650,íÜéRóYëæ,6,40,2,2,8,0.151,0,0,0,2,0,0,0,0,0,0,0.15614545454545453
4651,ç≤ì°ëÂãR,1,17,12,0,1,0.18705882352941178,12,0,0,0,0,0,0,3,2,0,0.1661875
4651,ç≤ì°ëÂãR,2,28,1,8,3,0.15678571428571428,0,0,1,0,0,0,0,0,0,14,0.1661875
4651,ç≤ì°ëÂãR,3,31,2,2,4,0.19096774193548388,0,0,1,1,0,0,0,0,0,0,0.1661875
4651,ç≤ì°ëÂãR,4,32,4,3,3,0.15625,0,1,3,0,0,0,0,0,0,0,0.1661875
4651,ç≤ì°ëÂãR,5,29,2,5,1,0.15137931034482757,0,1,0,1,0,0,0,0,0,0,0.1661875
4651,ç≤ì°ëÂãR,6,23,0,2,3,0.16130434782608696,0,0,0,0,0,0,0,0,0,0,0.1661875
4652,éå©èsâÓ,1,38,19,7,5,0.17500000000000002,18,0,1,0,0,0,4,6,6,0,0.16004405286343612
4652,éå©èsâÓ,2,41,8,12,14,0.17073170731707318,0,2,6,0,0,0,0,0,0,14,0.16004405286343612
4652,éå©èsâÓ,3,36,6,8,8,0.1736111111111111,0,1,5,0,0,0,0,0,0,0,0.16004405286343612
4652,éå©èsâÓ,4,43,13,8,6,0.13348837209302325,0,0,11,2,0,0,0,0,0,0,0.16004405286343612
4652,éå©èsâÓ,5,37,4,7,6,0.14081081081081082,0,0,4,0,0,0,0,0,0,0,0.16004405286343612
4652,éå©èsâÓ,6,32,3,0,8,0.17125,0,1,2,0,0,0,0,0,0,0,0.16004405286343612
4653,è¨ñÏíBç∆,1,56,43,6,0,0.1467857142857143,39,0,0,0,4,0,2,3,6,0,0.154981684981685
4653,è¨ñÏíBç∆,2,46,8,20,7,0.16152173913043477,0,5,3,0,0,0,0,0,0,24,0.154981684981685
4653,è¨ñÏíBç∆,3,49,8,17,12,0.1553061224489796,0,0,4,3,1,0,0,0,0,0,0.154981684981685
4653,è¨ñÏíBç∆,4,44,4,11,12,0.14204545454545456,0,1,2,1,0,0,0,0,0,0,0.154981684981685
4653,è¨ñÏíBç∆,5,38,6,3,11,0.15657894736842107,0,0,1,3,2,0,0,0,0,0,0.154981684981685
4653,è¨ñÏíBç∆,6,40,2,4,10,0.17125,0,0,0,2,0,0,0,0,0,0,0.154981684981685
4654,é¬ìcóDñÁ,1,28,16,6,3,0.16071428571428573,16,0,0,0,0,0,3,2,7,0,0.16508571428571428
4654,é¬ìcóDñÁ,2,29,2,9,4,0.15241379310344827,0,2,0,0,0,0,0,0,0,14,0.16508571428571428
4654,é¬ìcóDñÁ,3,33,8,10,4,0.1603030303030303,0,0,3,3,2,0,0,0,0,0,0.16508571428571428
4654,é¬ìcóDñÁ,4,32,1,7,8,0.1503125,0,1,0,0,0,0,0,0,0,0,0.16508571428571428
4654,é¬ìcóDñÁ,5,23,2,4,7,0.15521739130434783,0,0,1,1,0,0,0,0,0,0,0.16508571428571428
4654,é¬ìcóDñÁ,6,30,0,0,6,0.21,0,0,0,0,0,0,0,0,0,0,0.16508571428571428
4656,ëÂçË„ƒ,1,32,17,7,5,0.1340625,16,0,0,0,0,1,5,3,5,0,0.136431718061674
4656,ëÂçË„ƒ,2,43,7,12,9,0.14162790697674418,0,7,0,0,0,0,0,0,0,24,0.136431718061674
4656,ëÂçË„ƒ,3,31,2,8,7,0.15225806451612903,0,1,0,1,0,0,0,0,0,0,0.136431718061674
4656,ëÂçË„ƒ,4,40,5,5,14,0.119,0,1,2,2,0,0,0,0,0,0,0.136431718061674
4656,ëÂçË„ƒ,5,46,2,4,6,0.13630434782608697,0,0,2,0,0,0,0,0,0,0,0.136431718061674
4656,ëÂçË„ƒ,6,35,2,2,2,0.1382857142857143,0,0,0,2,0,0,0,0,0,0,0.136431718061674
4657,ç]çËàÍóY,1,45,29,10,1,0.14066666666666666,27,0,0,0,2,0,4,3,6,0,0.16384313725490196
4657,ç]çËàÍóY,2,39,7,7,3,0.17025641025641025,1,0,4,0,1,1,0,0,0,19,0.16384313725490196
4657,ç]çËàÍóY,3,48,8,11,6,0.15770833333333334,0,1,3,2,2,0,0,0,0,0,0.16384313725490196
4657,ç]çËàÍóY,4,44,6,9,12,0.16340909090909092,0,0,3,3,0,0,0,0,0,0,0.16384313725490196
4657,ç]çËàÍóY,5,39,5,6,10,0.14923076923076925,0,1,0,4,0,0,0,0,0,0,0.16384313725490196
4657,ç]çËàÍóY,6,40,0,4,6,0.20575000000000002,0,0,0,0,0,0,0,0,0,0,0.16384313725490196
4659,ñÿâ∫„ƒëæ,1,58,41,7,1,0.1529310344827586,39,0,0,0,2,0,5,7,3,0,0.14048148148148148
4659,ñÿâ∫„ƒëæ,2,51,10,15,8,0.14705882352941177,1,4,2,1,2,0,0,0,0,28,0.14048148148148148
4659,ñÿâ∫„ƒëæ,3,37,10,10,9,0.1372972972972973,0,1,2,5,2,0,0,0,0,0,0.14048148148148148
4659,ñÿâ∫„ƒëæ,4,47,5,9,15,0.12382978723404256,0,2,2,1,0,0,0,0,0,0,0.14048148148148148
4659,ñÿâ∫„ƒëæ,5,37,5,11,9,0.13324324324324324,0,1,0,3,1,0,0,0,0,0,0.14048148148148148
4659,ñÿâ∫„ƒëæ,6,40,2,4,7,0.14325000000000002,0,1,0,1,0,0,0,0,0,0,0.14048148148148148
4660,âFìcêÏêMàÍ,1,25,8,5,4,0.19519999999999998,8,0,0,0,0,0,0,10,4,0,0.20543478260869563
4660,âFìcêÏêMàÍ,2,36,5,4,8,0.20750000000000002,0,4,0,0,1,0,0,0,0,17,0.20543478260869563
4660,âFìcêÏêMàÍ,3,35,3,4,12,0.19885714285714284,0,1,1,1,0,0,0,0,0,0,0.20543478260869563
4660,âFìcêÏêMàÍ,4,26,0,4,4,0.20384615384615384,0,0,0,0,0,0,0,0,0,0,0.20543478260869563
4660,âFìcêÏêMàÍ,5,35,0,1,2,0.19971428571428573,0,0,0,0,0,0,0,0,0,0,0.20543478260869563
4660,âFìcêÏêMàÍ,6,27,0,2,5,0.22962962962962963,0,0,0,0,0,0,0,0,0,0,0.20543478260869563
4661,íÜìáçVèÕ,1,29,10,9,5,0.16655172413793104,9,0,0,0,1,0,7,6,0,0,0.20450592885375496
4661,íÜìáçVèÕ,2,48,6,18,10,0.17666666666666667,0,6,0,0,0,0,0,0,0,29,0.20450592885375496
4661,íÜìáçVèÕ,3,44,1,14,13,0.18681818181818183,0,0,0,0,1,0,0,0,0,0,0.20450592885375496
4661,íÜìáçVèÕ,4,52,2,7,14,0.2119230769230769,0,1,0,0,1,0,0,0,0,0,0.20450592885375496
4661,íÜìáçVèÕ,5,48,0,7,12,0.22645833333333334,0,0,0,0,0,0,0,0,0,0,0.20450592885375496
4661,íÜìáçVèÕ,6,32,0,2,7,0.26,0,0,0,0,0,0,0,0,0,0,0.20450592885375496
4662,ï–éRâÎóY,1,13,4,3,0,0.2023076923076923,4,0,0,0,0,0,1,5,0,0,0.18500000000000003
4662,ï–éRâÎóY,2,16,2,4,2,0.20125,0,1,0,0,0,1,0,0,0,11,0.18500000000000003
4662,ï–éRâÎóY,3,13,0,1,2,0.18846153846153849,0,0,0,0,0,0,0,0,0,0,0.18500000000000003
4662,ï–éRâÎóY,4,19,0,6,1,0.17789473684210524,0,0,0,0,0,0,0,0,0,0,0.18500000000000003
4662,ï–éRâÎóY,5,19,0,2,2,0.17368421052631577,0,0,0,0,0,0,0,0,0,0,0.18500000000000003
4662,ï–éRâÎóY,6,16,0,0,3,0.17375000000000002,0,0,0,0,0,0,0,0,0,0,0.18500000000000003
4663,ñ‡éRâ¿äx,1,32,10,6,5,0.155,9,0,0,0,1,0,5,9,6,0,0.17199115044247787
4663,ñ‡éRâ¿äx,2,45,6,5,7,0.18333333333333332,0,5,1,0,0,0,0,0,0,26,0.17199115044247787
4663,ñ‡éRâ¿äx,3,39,3,5,7,0.15256410256410258,0,0,2,1,0,0,0,0,0,0,0.17199115044247787
4663,ñ‡éRâ¿äx,4,37,1,5,6,0.17054054054054055,0,1,0,0,0,0,0,0,0,0,0.17199115044247787
4663,ñ‡éRâ¿äx,5,40,1,5,6,0.17275000000000001,0,0,0,0,1,0,0,0,0,0,0.17199115044247787
4663,ñ‡éRâ¿äx,6,33,0,3,7,0.19666666666666668,0,0,0,0,0,0,0,0,0,0,0.17199115044247787
4664,ìåå˚çW,1,24,6,5,3,0.17041666666666666,6,0,0,0,0,0,6,2,9,0,0.20381642512077294
4664,ìåå˚çW,2,43,4,5,6,0.20325581395348838,0,4,0,0,0,0,0,0,0,25,0.20381642512077294
4664,ìåå˚çW,3,39,4,8,6,0.19076923076923077,0,0,4,0,0,0,0,0,0,0,0.20381642512077294
4664,ìåå˚çW,4,39,1,3,10,0.21769230769230768,0,1,0,0,0,0,0,0,0,0,0.20381642512077294
4664,ìåå˚çW,5,32,1,3,0,0.2028125,0,1,0,0,0,0,0,0,0,0,0.20381642512077294
4664,ìåå˚çW,6,30,0,0,3,0.23133333333333334,0,0,0,0,0,0,0,0,0,0,0.20381642512077294
4665,â¡ì°å[ëæ,1,17,5,3,3,0.16705882352941176,4,0,0,0,1,0,4,5,3,0,0.1842753623188406
4665,â¡ì°å[ëæ,2,27,3,6,4,0.18962962962962962,0,1,2,0,0,0,0,0,0,11,0.1842753623188406
4665,â¡ì°å[ëæ,3,24,0,4,5,0.16083333333333333,0,0,0,0,0,0,0,0,0,0,0.1842753623188406
4665,â¡ì°å[ëæ,4,22,0,2,4,0.19045454545454546,0,0,0,0,0,0,0,0,0,0,0.1842753623188406
4665,â¡ì°å[ëæ,5,25,0,1,6,0.18,0,0,0,0,0,0,0,0,0,0,0.1842753623188406
4665,â¡ì°å[ëæ,6,23,1,1,4,0.21391304347826087,0,0,0,1,0,0,0,0,0,0,0.1842753623188406
4666,ì˙ä}èüçO,1,23,10,5,4,0.1565217391304348,10,0,0,0,0,0,5,4,2,0,0.15938775510204084
4666,ì˙ä}èüçO,2,38,2,8,5,0.15368421052631578,0,1,1,0,0,0,0,0,0,23,0.15938775510204084
4666,ì˙ä}èüçO,3,31,3,8,5,0.1606451612903226,0,0,2,1,0,0,0,0,0,0,0.15938775510204084
4666,ì˙ä}èüçO,4,34,1,8,6,0.1461764705882353,0,0,1,0,0,0,0,0,0,0,0.15938775510204084
4666,ì˙ä}èüçO,5,39,0,4,4,0.16102564102564104,0,0,0,0,0,0,0,0,0,0,0.15938775510204084
4666,ì˙ä}èüçO,6,31,0,0,3,0.17967741935483872,0,0,0,0,0,0,0,0,0,0,0.15938775510204084
4668,ìÌñ{çWék,1,15,1,5,3,0.12466666666666668,1,0,0,0,0,0,4,5,3,0,0.1803053435114504
4668,ìÌñ{çWék,2,27,3,3,4,0.21814814814814815,0,1,2,0,0,0,0,0,0,11,0.1803053435114504
4668,ìÌñ{çWék,3,22,1,3,2,0.16181818181818183,0,0,0,1,0,0,0,0,0,0,0.1803053435114504
4668,ìÌñ{çWék,4,23,0,1,5,0.1826086956521739,0,0,0,0,0,0,0,0,0,0,0.1803053435114504
4668,ìÌñ{çWék,5,24,0,0,2,0.19375,0,0,0,0,0,0,0,0,0,0,0.1803053435114504
4668,ìÌñ{çWék,6,20,0,1,1,0.17250000000000001,0,0,0,0,0,0,0,0,0,0,0.1803053435114504
4669,à‰è„ñŒ,1,29,15,5,0,0.1406896551724138,13,0,0,0,2,0,1,8,3,0,0.16864406779661015
4669,à‰è„ñŒ,2,48,3,17,7,0.17229166666666665,0,2,1,0,0,0,0,0,0,23,0.16864406779661015
4669,à‰è„ñŒ,3,43,2,7,10,0.1583720930232558,0,0,1,1,0,0,0,0,0,0,0.16864406779661015
4669,à‰è„ñŒ,4,38,2,8,9,0.17078947368421052,0,2,0,0,0,0,0,0,0,0,0.16864406779661015
4669,à‰è„ñŒ,5,39,0,2,5,0.17333333333333334,0,0,0,0,0,0,0,0,0,0,0.16864406779661015
4669,à‰è„ñŒ,6,39,1,0,5,0.18948717948717947,0,0,0,1,0,0,0,0,0,0,0.16864406779661015
4672,éÁâÆëÂín,1,21,6,2,4,0.1780952380952381,6,0,0,0,0,0,6,2,2,0,0.18552325581395349
4672,éÁâÆëÂín,2,31,0,6,6,0.17967741935483872,0,0,0,0,0,0,0,0,0,16,0.18552325581395349
4672,éÁâÆëÂín,3,33,4,3,5,0.21727272727272728,0,0,2,1,1,0,0,0,0,0,0.18552325581395349
4672,éÁâÆëÂín,4,30,1,3,12,0.17433333333333334,0,0,0,0,1,0,0,0,0,0,0.18552325581395349
4672,éÁâÆëÂín,5,29,1,4,9,0.18344827586206897,0,0,0,1,0,0,0,0,0,0,0.18552325581395349
4672,éÁâÆëÂín,6,28,1,0,4,0.1742857142857143,0,0,1,0,0,0,0,0,0,0,0.18552325581395349
4674,írìcçÑãK,1,30,12,7,6,0.159,10,0,0,0,2,0,11,3,1,0,0.15347417840375585
4674,írìcçÑãK,2,37,6,8,5,0.16756756756756758,0,4,2,0,0,0,0,0,0,14,0.15347417840375585
4674,írìcçÑãK,3,37,6,9,10,0.13567567567567568,0,0,5,1,0,0,0,0,0,0,0.15347417840375585
4674,írìcçÑãK,4,38,1,4,9,0.15789473684210525,0,0,1,0,0,0,0,0,0,0,0.15347417840375585
4674,írìcçÑãK,5,32,2,2,11,0.1584375,0,0,0,2,0,0,0,0,0,0,0.15347417840375585
4674,írìcçÑãK,6,39,0,4,6,0.14435897435897435,0,0,0,0,0,0,0,0,0,0,0.15347417840375585
4675,à‰éËó«ëæ,1,33,17,11,2,0.1672727272727273,15,0,0,0,2,0,6,2,5,0,0.13118556701030928
4675,à‰éËó«ëæ,2,33,2,14,5,0.13121212121212122,0,2,0,0,0,0,0,0,0,18,0.13118556701030928
4675,à‰éËó«ëæ,3,31,4,6,7,0.11,0,1,3,0,0,0,0,0,0,0,0.13118556701030928
4675,à‰éËó«ëæ,4,34,1,6,8,0.11941176470588237,0,0,1,0,0,0,0,0,0,0,0.13118556701030928
4675,à‰éËó«ëæ,5,31,2,1,8,0.13129032258064516,0,2,0,0,0,0,0,0,0,0,0.13118556701030928
4675,à‰éËó«ëæ,6,32,0,3,4,0.12687500000000002,0,0,0,0,0,0,0,0,0,0,0.13118556701030928
4676,å„ì°îπîV,1,33,18,9,1,0.16303030303030303,15,0,0,0,3,0,8,2,3,0,0.17207920792079207
4676,å„ì°îπîV,2,31,9,4,4,0.15161290322580645,0,4,4,0,1,0,0,0,0,15,0.17207920792079207
4676,å„ì°îπîV,3,38,3,16,11,0.15447368421052632,0,1,2,0,0,0,0,0,0,0,0.17207920792079207
4676,å„ì°îπîV,4,27,3,5,8,0.1814814814814815,0,0,0,2,1,0,0,0,0,0,0.17207920792079207
4676,å„ì°îπîV,5,36,1,4,7,0.18416666666666667,0,0,1,0,0,0,0,0,0,0,0.17207920792079207
4676,å„ì°îπîV,6,37,1,1,5,0.19675675675675677,0,0,0,1,0,0,0,0,0,0,0.17207920792079207
4677,ï–ã¥çKãM,1,33,24,3,2,0.12757575757575756,24,0,0,0,0,0,2,0,5,0,0.15068571428571428
4677,ï–ã¥çKãM,2,27,2,5,9,0.18185185185185185,0,1,0,0,0,1,0,0,0,18,0.15068571428571428
4677,ï–ã¥çKãM,3,36,9,7,5,0.15666666666666665,0,2,1,5,1,0,0,0,0,0,0.15068571428571428
4677,ï–ã¥çKãM,4,26,5,4,4,0.14076923076923079,0,1,2,2,0,0,0,0,0,0,0.15068571428571428
4677,ï–ã¥çKãM,5,26,1,8,6,0.13076923076923078,0,1,0,0,0,0,0,0,0,0,0.15068571428571428
4677,ï–ã¥çKãM,6,27,2,6,6,0.1685185185185185,0,0,0,1,1,0,0,0,0,0,0.15068571428571428
4678,êÖñÏñ]î¸,1,36,16,6,7,0.1363888888888889,15,0,0,0,1,0,4,11,5,0,0.15431472081218273
4678,êÖñÏñ]î¸,2,32,6,9,4,0.165625,0,3,1,0,1,1,0,0,0,17,0.15431472081218273
4678,êÖñÏñ]î¸,3,28,2,7,5,0.1582142857142857,0,0,1,0,1,0,0,0,0,0,0.15431472081218273
4678,êÖñÏñ]î¸,4,34,3,8,4,0.16029411764705884,0,1,1,0,0,1,0,0,0,0,0.15431472081218273
4678,êÖñÏñ]î¸,5,31,3,5,5,0.16741935483870968,0,0,2,1,0,0,0,0,0,0,0.15431472081218273
4678,êÖñÏñ]î¸,6,36,1,5,7,0.14222222222222222,0,0,1,0,0,0,0,0,0,0,0.15431472081218273
4679,êAìcëæàÍ,1,31,19,3,5,0.15193548387096775,19,0,0,0,0,0,5,3,4,0,0.15836633663366337
4679,êAìcëæàÍ,2,36,12,10,1,0.15305555555555556,0,3,5,0,3,1,0,0,0,11,0.15836633663366337
4679,êAìcëæàÍ,3,39,3,4,7,0.158974358974359,0,0,2,1,0,0,0,0,0,0,0.15836633663366337
4679,êAìcëæàÍ,4,30,3,3,6,0.17666666666666667,0,0,0,2,1,0,0,0,0,0,0.15836633663366337
4679,êAìcëæàÍ,5,35,7,2,7,0.15514285714285714,0,0,1,5,1,0,0,0,0,0,0.15836633663366337
4679,êAìcëæàÍ,6,31,3,1,3,0.15612903225806452,0,0,0,3,0,0,0,0,0,0,0.15836633663366337
4680,å„ì°î¸óÉ,1,35,6,11,9,0.19685714285714287,6,0,0,0,0,0,11,5,9,0,0.19955223880597014
4680,å„ì°î¸óÉ,2,30,6,7,6,0.19666666666666668,0,3,3,0,0,0,0,0,0,7,0.19955223880597014
4680,å„ì°î¸óÉ,3,40,4,7,10,0.19025,0,1,3,0,0,0,0,0,0,0,0.19955223880597014
4680,å„ì°î¸óÉ,4,34,0,3,14,0.18911764705882353,0,0,0,0,0,0,0,0,0,0,0.19955223880597014
4680,å„ì°î¸óÉ,5,31,1,2,9,0.20548387096774193,0,0,0,0,1,0,0,0,0,0,0.19955223880597014
4680,å„ì°î¸óÉ,6,31,0,1,8,0.2229032258064516,0,0,0,0,0,0,0,0,0,0,0.19955223880597014
4681,ëæìcí™,1,19,5,3,5,0.15105263157894738,4,0,0,0,1,0,6,5,2,0,0.19094202898550725
4681,ëæìcí™,2,26,0,2,5,0.20346153846153847,0,0,0,0,0,0,0,0,0,12,0.19094202898550725
4681,ëæìcí™,3,23,2,5,6,0.1534782608695652,0,0,1,1,0,0,0,0,0,0,0.19094202898550725
4681,ëæìcí™,4,22,0,1,3,0.19272727272727275,0,0,0,0,0,0,0,0,0,0,0.19094202898550725
4681,ëæìcí™,5,19,0,4,4,0.1931578947368421,0,0,0,0,0,0,0,0,0,0,0.19094202898550725
4681,ëæìcí™,6,29,1,0,4,0.23275862068965517,0,0,0,0,0,1,0,0,0,0,0.19094202898550725
4682,ëÂè„ëÏêl,1,63,48,8,4,0.12031746031746032,46,0,0,0,2,0,4,3,8,0,0.1408664259927798
4682,ëÂè„ëÏêl,2,49,12,11,10,0.15142857142857144,0,7,3,1,0,1,0,0,0,19,0.1408664259927798
4682,ëÂè„ëÏêl,3,47,11,21,6,0.1474468085106383,0,0,3,6,2,0,0,0,0,0,0.1408664259927798
4682,ëÂè„ëÏêl,4,45,7,10,12,0.13177777777777777,0,2,2,2,1,0,0,0,0,0,0.1408664259927798
4682,ëÂè„ëÏêl,5,38,2,9,14,0.14631578947368423,0,0,0,2,0,0,0,0,0,0,0.1408664259927798
4682,ëÂè„ëÏêl,6,35,3,5,6,0.16,0,0,0,2,1,0,0,0,0,0,0.1408664259927798
4683,å¸à‰ìcíºñÌ,1,17,2,7,3,0.15705882352941175,2,0,0,0,0,0,4,5,5,0,0.12939597315436244
4683,å¸à‰ìcíºñÌ,2,26,4,7,2,0.1503846153846154,0,2,1,0,1,0,0,0,0,11,0.12939597315436244
4683,å¸à‰ìcíºñÌ,3,27,8,4,5,0.1174074074074074,0,1,3,3,1,0,0,0,0,0,0.12939597315436244
4683,å¸à‰ìcíºñÌ,4,28,5,3,5,0.10142857142857142,0,0,3,2,0,0,0,0,0,0,0.12939597315436244
4683,å¸à‰ìcíºñÌ,5,26,3,5,5,0.10769230769230768,0,0,0,3,0,0,0,0,0,0,0.12939597315436244
4683,å¸à‰ìcíºñÌ,6,25,0,2,3,0.15560000000000002,0,0,0,0,0,0,0,0,0,0,0.12939597315436244
4684,ìÌå¥„ƒëæ,1,42,22,6,6,0.1330952380952381,21,0,0,0,1,0,1,8,5,0,0.14984126984126983
4684,ìÌå¥„ƒëæ,2,44,7,16,10,0.13704545454545455,0,3,3,0,0,1,0,0,0,24,0.14984126984126983
4684,ìÌå¥„ƒëæ,3,42,6,12,13,0.16071428571428573,0,0,4,1,1,0,0,0,0,0,0.14984126984126983
4684,ìÌå¥„ƒëæ,4,43,3,6,10,0.15837209302325583,0,3,0,0,0,0,0,0,0,0,0.14984126984126983
4684,ìÌå¥„ƒëæ,5,42,1,7,8,0.1530952380952381,0,0,0,1,0,0,0,0,0,0,0.14984126984126983
4684,ìÌå¥„ƒëæ,6,39,0,0,4,0.15769230769230771,0,0,0,0,0,0,0,0,0,0,0.14984126984126983
4685,ìáë∫ó≤çK,1,66,51,6,1,0.12515151515151515,48,0,0,0,3,0,4,5,6,0,0.12701067615658362
4685,ìáë∫ó≤çK,2,45,15,8,6,0.13044444444444445,0,10,4,0,1,0,0,0,0,22,0.12701067615658362
4685,ìáë∫ó≤çK,3,46,16,9,9,0.135,0,3,7,4,2,0,0,0,0,0,0.12701067615658362
4685,ìáë∫ó≤çK,4,36,6,13,5,0.1375,0,1,4,0,1,0,0,0,0,0,0.12701067615658362
4685,ìáë∫ó≤çK,5,42,8,7,5,0.11547619047619047,0,2,2,3,1,0,0,0,0,0,0.12701067615658362
4685,ìáë∫ó≤çK,6,46,5,8,13,0.12065217391304348,0,0,1,2,2,0,0,0,0,0,0.12701067615658362
4686,ä€ñÏàÍé˜,1,48,38,3,1,0.11333333333333334,35,0,0,0,3,0,3,2,5,0,0.1292241379310345
4686,ä€ñÏàÍé˜,2,39,5,16,4,0.13487179487179488,0,3,1,0,1,0,0,0,0,27,0.1292241379310345
4686,ä€ñÏàÍé˜,3,42,9,8,12,0.12261904761904763,0,1,1,5,1,1,0,0,0,0,0.1292241379310345
4686,ä€ñÏàÍé˜,4,35,3,8,5,0.14971428571428572,0,0,1,2,0,0,0,0,0,0,0.1292241379310345
4686,ä€ñÏàÍé˜,5,32,3,8,4,0.1275,0,1,1,1,0,0,0,0,0,0,0.1292241379310345
4686,ä€ñÏàÍé˜,6,36,1,9,8,0.1336111111111111,0,0,0,0,1,0,0,0,0,0,0.1292241379310345
4688,âià‰ïVñÁ,1,48,39,4,4,0.12041666666666667,39,0,0,0,0,0,2,1,6,0,0.1337890625
4688,âià‰ïVñÁ,2,41,1,16,7,0.12536585365853659,0,0,1,0,0,0,0,0,0,29,0.1337890625
4688,âià‰ïVñÁ,3,39,5,8,7,0.14076923076923079,0,0,1,4,0,0,0,0,0,0,0.1337890625
4688,âià‰ïVñÁ,4,43,6,8,9,0.12697674418604651,0,2,1,3,0,0,0,0,0,0,0.1337890625
4688,âià‰ïVñÁ,5,42,4,8,6,0.13785714285714284,0,2,0,2,0,0,0,0,0,0,0.1337890625
4688,âià‰ïVñÁ,6,43,1,4,11,0.15325581395348836,0,0,0,1,0,0,0,0,0,0,0.1337890625
4690,çÇêŒóúçÿ,1,22,9,7,2,0.10545454545454547,9,0,0,0,0,0,6,3,3,0,0.16666666666666666
4690,çÇêŒóúçÿ,2,29,4,7,6,0.1686206896551724,0,2,2,0,0,0,0,0,0,17,0.16666666666666666
4690,çÇêŒóúçÿ,3,29,2,6,8,0.15517241379310345,0,0,1,1,0,0,0,0,0,0,0.16666666666666666
4690,çÇêŒóúçÿ,4,28,1,4,4,0.19571428571428573,0,0,1,0,0,0,0,0,0,0,0.16666666666666666
4690,çÇêŒóúçÿ,5,25,0,2,5,0.16879999999999998,0,0,0,0,0,0,0,0,0,0,0.16666666666666666
4690,çÇêŒóúçÿ,6,26,1,0,2,0.19576923076923075,0,0,0,1,0,0,0,0,0,0,0.16666666666666666
4691,êÖå¥êT,1,31,14,4,4,0.1635483870967742,14,0,0,0,0,0,5,3,4,0,0.17445414847161572
4691,êÖå¥êT,2,43,3,8,16,0.17209302325581396,0,3,0,0,0,0,0,0,0,25,0.17445414847161572
4691,êÖå¥êT,3,37,0,9,10,0.15972972972972974,0,0,0,0,0,0,0,0,0,0,0.17445414847161572
4691,êÖå¥êT,4,34,2,1,5,0.17500000000000002,0,0,1,1,0,0,0,0,0,0,0.17445414847161572
4691,êÖå¥êT,5,47,2,1,9,0.18638297872340426,0,2,0,0,0,0,0,0,0,0,0.17445414847161572
4691,êÖå¥êT,6,37,2,1,4,0.18540540540540543,0,1,0,1,0,0,0,0,0,0,0.17445414847161572
4692,éà‰èrçO,1,29,7,10,2,0.1493103448275862,7,0,0,0,0,0,8,9,2,0,0.16693121693121693
4692,éà‰èrçO,2,31,3,5,9,0.17161290322580647,0,3,0,0,0,0,0,0,0,17,0.16693121693121693
4692,éà‰èrçO,3,37,6,9,5,0.16945945945945948,0,1,3,2,0,0,0,0,0,0,0.16693121693121693
4692,éà‰èrçO,4,25,2,1,5,0.1632,0,0,1,1,0,0,0,0,0,0,0.16693121693121693
4692,éà‰èrçO,5,29,0,3,3,0.1713793103448276,0,0,0,0,0,0,0,0,0,0,0.16693121693121693
4692,éà‰èrçO,6,38,2,2,9,0.1731578947368421,0,0,1,1,0,0,0,0,0,0,0.16693121693121693
4693,èºâ∫ó_ém,1,30,11,5,4,0.194,11,0,0,0,0,0,5,9,5,0,0.18353174603174602
4693,èºâ∫ó_ém,2,47,5,9,8,0.18531914893617024,0,4,1,0,0,0,0,0,0,20,0.18353174603174602
4693,èºâ∫ó_ém,3,51,4,6,9,0.18568627450980393,0,1,1,1,1,0,0,0,0,0,0.18353174603174602
4693,èºâ∫ó_ém,4,46,1,5,4,0.1852173913043478,0,0,0,0,1,0,0,0,0,0,0.18353174603174602
4693,èºâ∫ó_ém,5,43,3,0,4,0.17744186046511629,0,1,0,2,0,0,0,0,0,0,0.18353174603174602
4693,èºâ∫ó_ém,6,35,1,0,7,0.1742857142857143,0,0,1,0,0,0,0,0,0,0,0.18353174603174602
4694,çÇìcàª,1,34,17,4,4,0.18382352941176472,16,0,0,0,1,0,2,10,2,0,0.16800751879699247
4694,çÇìcàª,2,47,6,12,9,0.164468085106383,0,5,1,0,0,0,0,0,0,23,0.16800751879699247
4694,çÇìcàª,3,56,6,12,10,0.15267857142857144,0,1,5,0,0,0,0,0,0,0,0.16800751879699247
4694,çÇìcàª,4,43,2,6,9,0.18325581395348836,0,1,1,0,0,0,0,0,0,0,0.16800751879699247
4694,çÇìcàª,5,48,1,4,6,0.17437500000000003,0,0,0,0,1,0,0,0,0,0,0.16800751879699247
4694,çÇìcàª,6,38,0,0,4,0.15552631578947368,0,0,0,0,0,0,0,0,0,0,0.16800751879699247
4695,îˆçËóYìÒ,1,19,3,2,6,0.20210526315789473,2,0,0,0,1,0,4,2,7,0,0.17045197740112994
4695,îˆçËóYìÒ,2,35,4,4,10,0.16428571428571428,0,2,2,0,0,0,0,0,0,20,0.17045197740112994
4695,îˆçËóYìÒ,3,36,1,7,9,0.17944444444444443,0,0,1,0,0,0,0,0,0,0,0.17045197740112994
4695,îˆçËóYìÒ,4,32,0,4,7,0.1565625,0,0,0,0,0,0,0,0,0,0,0.17045197740112994
4695,îˆçËóYìÒ,5,32,1,0,7,0.164375,0,0,0,1,0,0,0,0,0,0,0.17045197740112994
4695,îˆçËóYìÒ,6,23,0,1,5,0.1673913043478261,0,0,0,0,0,0,0,0,0,0,0.17045197740112994
4697,ö†çO„ƒïΩ,1,30,11,6,8,0.15,11,0,0,0,0,0,7,5,4,0,0.1697119341563786
4697,ö†çO„ƒïΩ,2,50,3,11,6,0.1732,0,0,3,0,0,0,0,0,0,28,0.1697119341563786
4697,ö†çO„ƒïΩ,3,42,9,9,8,0.15523809523809526,0,1,8,0,0,0,0,0,0,0,0.1697119341563786
4697,ö†çO„ƒïΩ,4,38,2,4,8,0.1768421052631579,0,0,1,1,0,0,0,0,0,0,0.1697119341563786
4697,ö†çO„ƒïΩ,5,45,3,8,8,0.17955555555555555,0,0,0,3,0,0,0,0,0,0,0.1697119341563786
4697,ö†çO„ƒïΩ,6,38,2,0,5,0.17789473684210524,0,0,1,0,1,0,0,0,0,0,0.1697119341563786
4700,ã‡éqòaîV,1,36,24,3,0,0.15388888888888888,24,0,0,0,0,0,4,3,5,0,0.1809090909090909
4700,ã‡éqòaîV,2,34,5,9,10,0.18558823529411764,0,5,0,0,0,0,0,0,0,17,0.1809090909090909
4700,ã‡éqòaîV,3,37,7,7,8,0.19675675675675677,0,0,1,6,0,0,0,0,0,0,0.1809090909090909
4700,ã‡éqòaîV,4,38,4,10,10,0.18684210526315792,0,0,0,2,2,0,0,0,0,0,0.1809090909090909
4700,ã‡éqòaîV,5,34,5,5,12,0.1885294117647059,0,0,0,3,2,0,0,0,0,0,0.1809090909090909
4700,ã‡éqòaîV,6,41,1,7,12,0.17463414634146343,0,1,0,0,0,0,0,0,0,0,0.1809090909090909
4702,éOâYåhëæ,1,42,30,5,2,0.15285714285714286,30,0,0,0,0,0,4,4,4,0,0.13853333333333334
4702,éOâYåhëæ,2,42,14,11,6,0.13642857142857143,1,5,6,0,2,0,0,0,0,17,0.13853333333333334
4702,éOâYåhëæ,3,37,8,7,11,0.1589189189189189,0,1,0,7,0,0,0,0,0,0,0.13853333333333334
4702,éOâYåhëæ,4,33,8,7,5,0.11454545454545455,0,1,4,2,1,0,0,0,0,0,0.13853333333333334
4702,éOâYåhëæ,5,40,10,4,5,0.144,0,0,4,5,1,0,0,0,0,0,0.13853333333333334
4702,éOâYåhëæ,6,31,4,3,7,0.11612903225806452,0,0,2,2,0,0,0,0,0,0,0.13853333333333334
4703,êXâió≤,1,51,34,11,1,0.14784313725490197,33,0,0,0,1,0,4,4,6,0,0.1600375939849624
4703,êXâió≤,2,48,10,13,12,0.15395833333333334,0,8,1,0,1,0,0,0,0,22,0.1600375939849624
4703,êXâió≤,3,36,7,12,4,0.14694444444444443,0,1,3,3,0,0,0,0,0,0,0.1600375939849624
4703,êXâió≤,4,46,6,9,11,0.17978260869565216,0,3,2,0,0,1,0,0,0,0,0.1600375939849624
4703,êXâió≤,5,45,3,3,15,0.1671111111111111,0,0,0,3,0,0,0,0,0,0,0.1600375939849624
4703,êXâió≤,6,40,2,5,12,0.164,0,0,0,2,0,0,0,0,0,0,0.1600375939849624
4704,âÕñÏëÂ,1,52,39,9,2,0.1325,37,0,0,0,2,0,3,4,5,0,0.1419642857142857
4704,âÕñÏëÂ,2,47,4,13,13,0.14382978723404255,0,1,2,0,1,0,0,0,0,30,0.1419642857142857
4704,âÕñÏëÂ,3,48,9,11,10,0.131875,0,3,0,6,0,0,0,0,0,0,0.1419642857142857
4704,âÕñÏëÂ,4,47,3,9,14,0.15,0,0,0,3,0,0,0,0,0,0,0.1419642857142857
4704,âÕñÏëÂ,5,40,4,9,10,0.148,0,2,0,2,0,0,0,0,0,0,0.1419642857142857
4704,âÕñÏëÂ,6,46,0,7,11,0.14782608695652175,0,0,0,0,0,0,0,0,0,0,0.1419642857142857
4705,ãgêÏóEçÏ,1,23,10,6,3,0.15478260869565216,10,0,0,0,0,0,2,6,3,0,0.15639423076923079
4705,ãgêÏóEçÏ,2,38,4,7,4,0.1573684210526316,0,2,2,0,0,0,0,0,0,14,0.15639423076923079
4705,ãgêÏóEçÏ,3,42,4,7,6,0.14619047619047618,0,0,3,1,0,0,0,0,0,0,0.15639423076923079
4705,ãgêÏóEçÏ,4,43,0,2,8,0.16255813953488374,0,0,0,0,0,0,0,0,0,0,0.15639423076923079
4705,ãgêÏóEçÏ,5,33,1,2,3,0.14363636363636365,0,0,0,1,0,0,0,0,0,0,0.15639423076923079
4705,ãgêÏóEçÏ,6,29,0,3,2,0.17655172413793105,0,0,0,0,0,0,0,0,0,0,0.15639423076923079
4706,éOâYóméüòN,1,58,32,8,4,0.17775862068965517,32,0,0,0,0,0,7,11,5,0,0.17173202614379085
4706,éOâYóméüòN,2,50,9,15,7,0.18,0,6,1,0,1,1,0,0,0,22,0.17173202614379085
4706,éOâYóméüòN,3,49,8,11,12,0.17653061224489797,0,1,1,5,1,0,0,0,0,0,0.17173202614379085
4706,éOâYóméüòN,4,53,7,6,17,0.17433962264150943,0,0,2,4,1,0,0,0,0,0,0.17173202614379085
4706,éOâYóméüòN,5,51,10,6,9,0.15549019607843137,0,2,0,6,1,1,0,0,0,0,0.17173202614379085
4706,éOâYóméüòN,6,45,2,8,6,0.1648888888888889,0,0,0,2,0,0,0,0,0,0,0.17173202614379085
4708,îºìcèÆñÁ,1,13,1,4,2,0.16461538461538464,1,0,0,0,0,0,2,2,7,0,0.17768595041322313
4708,îºìcèÆñÁ,2,24,2,2,4,0.18166666666666667,0,1,1,0,0,0,0,0,0,17,0.17768595041322313
4708,îºìcèÆñÁ,3,20,0,1,5,0.1845,0,0,0,0,0,0,0,0,0,0,0.17768595041322313
4708,îºìcèÆñÁ,4,21,2,0,7,0.1661904761904762,0,0,1,1,0,0,0,0,0,0,0.17768595041322313
4708,îºìcèÆñÁ,5,24,1,0,6,0.16958333333333334,0,1,0,0,0,0,0,0,0,0,0.17768595041322313
4708,îºìcèÆñÁ,6,19,0,2,2,0.19736842105263158,0,0,0,0,0,0,0,0,0,0,0.17768595041322313
4709,â™ë∫è´ñÁ,1,22,9,4,2,0.18045454545454545,9,0,0,0,0,0,4,7,2,0,0.17597560975609755
4709,â™ë∫è´ñÁ,2,26,1,9,4,0.17807692307692308,0,1,0,0,0,0,0,0,0,13,0.17597560975609755
4709,â™ë∫è´ñÁ,3,30,1,12,6,0.16133333333333333,0,0,1,0,0,0,0,0,0,0,0.17597560975609755
4709,â™ë∫è´ñÁ,4,30,1,6,9,0.17566666666666667,0,0,0,1,0,0,0,0,0,0,0.17597560975609755
4709,â™ë∫è´ñÁ,5,26,1,3,5,0.18153846153846154,0,0,0,1,0,0,0,0,0,0,0.17597560975609755
4709,â™ë∫è´ñÁ,6,30,1,1,3,0.181,0,0,0,1,0,0,0,0,0,0,0.17597560975609755
4710,ïüìcè@ïΩ,1,26,12,7,1,0.1696153846153846,10,0,0,0,2,0,7,2,4,0,0.1564021164021164
4710,ïüìcè@ïΩ,2,37,7,10,8,0.1472972972972973,0,5,1,0,0,1,0,0,0,15,0.1564021164021164
4710,ïüìcè@ïΩ,3,35,4,12,12,0.1542857142857143,0,1,0,2,1,0,0,0,0,0,0.1564021164021164
4710,ïüìcè@ïΩ,4,31,1,5,7,0.14935483870967742,0,0,1,0,0,0,0,0,0,0,0.1564021164021164
4710,ïüìcè@ïΩ,5,29,2,3,4,0.15931034482758621,0,0,0,1,1,0,0,0,0,0,0.1564021164021164
4710,ïüìcè@ïΩ,6,31,2,1,6,0.1629032258064516,0,0,0,2,0,0,0,0,0,0,0.1564021164021164
4711,ëOèoíBãg,1,17,6,3,1,0.14705882352941177,6,0,0,0,0,0,4,4,2,0,0.164421768707483
4711,ëOèoíBãg,2,26,3,8,7,0.15384615384615385,0,2,1,0,0,0,0,0,0,12,0.164421768707483
4711,ëOèoíBãg,3,28,1,6,4,0.1660714285714286,0,0,0,1,0,0,0,0,0,0,0.164421768707483
4711,ëOèoíBãg,4,29,1,5,6,0.16551724137931034,0,0,0,1,0,0,0,0,0,0,0.164421768707483
4711,ëOèoíBãg,5,25,0,2,4,0.17600000000000002,0,0,0,0,0,0,0,0,0,0,0.164421768707483
4711,ëOèoíBãg,6,22,0,2,3,0.17363636363636362,0,0,0,0,0,0,0,0,0,0,0.164421768707483
4712,ïyçDóSê^,1,27,2,7,3,0.21185185185185185,2,0,0,0,0,0,6,12,4,0,0.19012269938650306
4712,ïyçDóSê^,2,30,3,3,7,0.18533333333333332,0,2,0,1,0,0,0,0,0,15,0.19012269938650306
4712,ïyçDóSê^,3,30,1,3,8,0.18166666666666667,0,0,0,1,0,0,0,0,0,0,0.19012269938650306
4712,ïyçDóSê^,4,24,3,1,1,0.16958333333333334,0,0,0,1,2,0,0,0,0,0,0.19012269938650306
4712,ïyçDóSê^,5,28,0,1,4,0.18357142857142855,0,0,0,0,0,0,0,0,0,0,0.19012269938650306
4712,ïyçDóSê^,6,24,0,0,1,0.21041666666666667,0,0,0,0,0,0,0,0,0,0,0.19012269938650306
4713,îíê_óD,1,52,37,6,2,0.12673076923076923,37,0,0,0,0,0,9,4,2,0,0.13361111111111112
4713,îíê_óD,2,43,7,17,5,0.1172093023255814,0,5,1,0,1,0,0,0,0,28,0.13361111111111112
4713,îíê_óD,3,37,7,9,9,0.13972972972972972,0,2,2,3,0,0,0,0,0,0,0.13361111111111112
4713,îíê_óD,4,42,5,10,9,0.14285714285714285,0,2,0,3,0,0,0,0,0,0,0.13361111111111112
4713,îíê_óD,5,37,1,4,8,0.14081081081081082,0,0,0,0,1,0,0,0,0,0,0.13361111111111112
4713,îíê_óD,6,41,1,4,7,0.1380487804878049,0,1,0,0,0,0,0,0,0,0,0.13361111111111112
4714,äÏëΩê{à«ìﬁ,1,23,9,6,1,0.1782608695652174,9,0,0,0,0,0,2,11,1,0,0.1816759776536313
4714,äÏëΩê{à«ìﬁ,2,33,4,5,14,0.1921212121212121,0,3,1,0,0,0,0,0,0,17,0.1816759776536313
4714,äÏëΩê{à«ìﬁ,3,33,3,10,9,0.14909090909090908,0,2,0,0,1,0,0,0,0,0,0.1816759776536313
4714,äÏëΩê{à«ìﬁ,4,29,1,3,7,0.2003448275862069,0,0,0,0,1,0,0,0,0,0,0.1816759776536313
4714,äÏëΩê{à«ìﬁ,5,32,2,3,4,0.18375,0,0,0,1,1,0,0,0,0,0,0.1816759776536313
4714,äÏëΩê{à«ìﬁ,6,29,0,3,7,0.1886206896551724,0,0,0,0,0,0,0,0,0,0,0.1816759776536313
4715,ë∫è„ó…,1,49,35,9,3,0.13816326530612247,33,0,0,0,2,0,3,5,5,0,0.13809756097560974
4715,ë∫è„ó…,2,29,8,7,6,0.13448275862068965,0,3,3,1,1,0,0,0,0,14,0.13809756097560974
4715,ë∫è„ó…,3,27,6,9,5,0.1385185185185185,0,0,5,1,0,0,0,0,0,0,0.13809756097560974
4715,ë∫è„ó…,4,32,4,8,5,0.1465625,0,0,3,0,1,0,0,0,0,0,0.13809756097560974
4715,ë∫è„ó…,5,30,10,10,2,0.13033333333333333,0,0,3,7,0,0,0,0,0,0,0.13809756097560974
4715,ë∫è„ó…,6,38,5,7,5,0.1394736842105263,0,0,2,2,1,0,0,0,0,0,0.13809756097560974
4718,ñkêÏëæàÍ,1,36,11,8,5,0.1725,11,0,0,0,0,0,6,13,5,0,0.15656521739130433
4718,ñkêÏëæàÍ,2,35,6,9,6,0.15514285714285714,0,6,0,0,0,0,0,0,0,21,0.15656521739130433
4718,ñkêÏëæàÍ,3,39,5,7,5,0.15282051282051282,0,0,2,2,1,0,0,0,0,0,0.15656521739130433
4718,ñkêÏëæàÍ,4,41,4,6,4,0.16097560975609757,0,0,2,2,0,0,0,0,0,0,0.15656521739130433
4718,ñkêÏëæàÍ,5,41,1,14,4,0.14926829268292682,0,0,0,0,1,0,0,0,0,0,0.15656521739130433
4718,ñkêÏëæàÍ,6,38,0,6,7,0.14973684210526317,0,0,0,0,0,0,0,0,0,0,0.15656521739130433
4719,è„ûäí®êì,1,65,51,7,4,0.1433846153846154,50,0,0,0,1,0,3,5,5,0,0.1553531598513011
4719,è„ûäí®êì,2,41,5,20,8,0.15341463414634146,0,4,1,0,0,0,0,0,0,24,0.1553531598513011
4719,è„ûäí®êì,3,44,12,10,14,0.15431818181818183,0,4,3,5,0,0,0,0,0,0,0.1553531598513011
4719,è„ûäí®êì,4,49,12,17,5,0.1440816326530612,0,3,2,5,2,0,0,0,0,0,0.1553531598513011
4719,è„ûäí®êì,5,32,4,6,9,0.16125,0,0,1,1,1,1,0,0,0,0,0.1553531598513011
4719,è„ûäí®êì,6,38,0,8,8,0.1886842105263158,0,0,0,0,0,0,0,0,0,0,0.1553531598513011
4720,êº‡Vì˙â‘ó¢,1,19,8,4,1,0.1857894736842105,7,0,0,0,1,0,3,4,4,0,0.18558139534883722
4720,êº‡Vì˙â‘ó¢,2,23,2,4,6,0.22043478260869567,0,2,0,0,0,0,0,0,0,10,0.18558139534883722
4720,êº‡Vì˙â‘ó¢,3,26,1,5,8,0.17153846153846153,0,0,1,0,0,0,0,0,0,0,0.18558139534883722
4720,êº‡Vì˙â‘ó¢,4,21,0,6,1,0.17904761904761907,0,0,0,0,0,0,0,0,0,0,0.18558139534883722
4720,êº‡Vì˙â‘ó¢,5,25,1,1,4,0.1776,0,0,1,0,0,0,0,0,0,0,0.18558139534883722
4720,êº‡Vì˙â‘ó¢,6,15,0,0,2,0.17866666666666667,0,0,0,0,0,0,0,0,0,0,0.18558139534883722
4723,éõìáãgïF,1,35,7,8,6,0.17857142857142858,7,0,0,0,0,0,8,13,4,0,0.17439814814814816
4723,éõìáãgïF,2,44,4,7,8,0.18522727272727274,0,2,1,0,1,0,0,0,0,21,0.17439814814814816
4723,éõìáãgïF,3,37,1,10,8,0.17729729729729732,0,0,0,1,0,0,0,0,0,0,0.17439814814814816
4723,éõìáãgïF,4,34,2,3,8,0.16323529411764706,0,0,2,0,0,0,0,0,0,0,0.17439814814814816
4723,éõìáãgïF,5,35,3,9,4,0.16971428571428573,0,0,2,1,0,0,0,0,0,0,0.17439814814814816
4723,éõìáãgïF,6,31,1,6,3,0.16838709677419353,0,0,1,0,0,0,0,0,0,0,0.17439814814814816
4724,ãgìcóSãM,1,24,8,5,3,0.15708333333333332,8,0,0,0,0,0,6,3,5,0,0.15907407407407406
4724,ãgìcóSãM,2,39,3,4,11,0.15076923076923077,0,3,0,0,0,0,0,0,0,26,0.15907407407407406
4724,ãgìcóSãM,3,46,6,13,4,0.1691304347826087,0,3,0,3,0,0,0,0,0,0,0.15907407407407406
4724,ãgìcóSãM,4,38,0,2,12,0.1668421052631579,0,0,0,0,0,0,0,0,0,0,0.15907407407407406
4724,ãgìcóSãM,5,39,0,0,4,0.13512820512820514,0,0,0,0,0,0,0,0,0,0,0.15907407407407406
4724,ãgìcóSãM,6,30,0,3,4,0.17733333333333334,0,0,0,0,0,0,0,0,0,0,0.15907407407407406
4725,ç≤í|ëæàÍ,1,32,18,6,4,0.14875,16,0,0,0,2,0,1,5,6,0,0.15088785046728972
4725,ç≤í|ëæàÍ,2,36,6,13,7,0.15916666666666668,0,5,0,0,0,1,0,0,0,21,0.15088785046728972
4725,ç≤í|ëæàÍ,3,38,8,10,6,0.13815789473684212,0,1,4,2,1,0,0,0,0,0,0.15088785046728972
4725,ç≤í|ëæàÍ,4,40,3,10,9,0.14075,0,0,3,0,0,0,0,0,0,0,0.15088785046728972
4725,ç≤í|ëæàÍ,5,38,4,6,5,0.15026315789473685,0,0,1,2,1,0,0,0,0,0,0.15088785046728972
4725,ç≤í|ëæàÍ,6,30,1,3,8,0.17366666666666666,0,0,0,0,1,0,0,0,0,0,0.15088785046728972
4726,ìáìcÇ»Ç¨Ç≥,1,37,16,7,6,0.15135135135135133,16,0,0,0,0,0,6,9,1,0,0.1453296703296703
4726,ìáìcÇ»Ç¨Ç≥,2,35,5,9,12,0.15542857142857144,0,2,1,1,1,0,0,0,0,22,0.1453296703296703
4726,ìáìcÇ»Ç¨Ç≥,3,28,2,5,9,0.14928571428571427,0,0,1,0,1,0,0,0,0,0,0.1453296703296703
4726,ìáìcÇ»Ç¨Ç≥,4,31,3,6,8,0.1270967741935484,0,0,0,2,1,0,0,0,0,0,0.1453296703296703
4726,ìáìcÇ»Ç¨Ç≥,5,27,4,3,9,0.11962962962962963,0,1,1,1,1,0,0,0,0,0,0.1453296703296703
4726,ìáìcÇ»Ç¨Ç≥,6,24,0,3,3,0.1691666666666667,0,0,0,0,0,0,0,0,0,0,0.1453296703296703
4727,à¿ïîêTàÍ,1,19,6,5,2,0.11368421052631579,6,0,0,0,0,0,4,7,1,0,0.15448275862068964
4727,à¿ïîêTàÍ,2,35,2,6,8,0.17685714285714288,0,2,0,0,0,0,0,0,0,23,0.15448275862068964
4727,à¿ïîêTàÍ,3,37,2,4,9,0.15702702702702703,0,0,1,1,0,0,0,0,0,0,0.15448275862068964
4727,à¿ïîêTàÍ,4,28,3,2,5,0.16428571428571428,0,1,1,1,0,0,0,0,0,0,0.15448275862068964
4727,à¿ïîêTàÍ,5,29,0,1,3,0.1317241379310345,0,0,0,0,0,0,0,0,0,0,0.15448275862068964
4727,à¿ïîêTàÍ,6,26,0,3,3,0.16538461538461538,0,0,0,0,0,0,0,0,0,0,0.15448275862068964
4728,éRå˚ó∫,1,32,18,8,0,0.169375,15,0,0,0,3,0,3,3,4,0,0.17280542986425337
4728,éRå˚ó∫,2,37,5,9,6,0.17243243243243242,0,3,0,1,1,0,0,0,0,19,0.17280542986425337
4728,éRå˚ó∫,3,49,1,11,9,0.16775510204081634,0,0,1,0,0,0,0,0,0,0,0.17280542986425337
4728,éRå˚ó∫,4,40,2,3,11,0.16675,0,1,0,0,1,0,0,0,0,0,0.17280542986425337
4728,éRå˚ó∫,5,36,1,7,5,0.1775,0,0,0,1,0,0,0,0,0,0,0.17280542986425337
4728,éRå˚ó∫,6,27,0,1,5,0.18925925925925927,0,0,0,0,0,0,0,0,0,0,0.17280542986425337
4729,ç≤ì°å™éjòN,1,28,7,8,6,0.15642857142857142,7,0,0,0,0,0,5,8,5,0,0.17635922330097087
4729,ç≤ì°å™éjòN,2,38,6,7,4,0.18657894736842104,0,2,3,0,1,0,0,0,0,20,0.17635922330097087
4729,ç≤ì°å™éjòN,3,31,2,5,4,0.17838709677419357,0,1,0,1,0,0,0,0,0,0,0.17635922330097087
4729,ç≤ì°å™éjòN,4,36,4,9,5,0.17222222222222222,0,0,3,1,0,0,0,0,0,0,0.17635922330097087
4729,ç≤ì°å™éjòN,5,39,3,4,14,0.16794871794871796,0,0,0,3,0,0,0,0,0,0,0.17635922330097087
4729,ç≤ì°å™éjòN,6,34,1,3,3,0.1935294117647059,0,0,0,1,0,0,0,0,0,0,0.17635922330097087
4730,ìyâÆé¿çπäÛ,1,38,27,3,1,0.14763157894736842,26,0,0,0,1,0,2,4,3,0,0.15817708333333333
4730,ìyâÆé¿çπäÛ,2,33,7,10,4,0.15575757575757576,0,6,1,0,0,0,0,0,0,15,0.15817708333333333
4730,ìyâÆé¿çπäÛ,3,29,3,8,6,0.1279310344827586,0,3,0,0,0,0,0,0,0,0,0.15817708333333333
4730,ìyâÆé¿çπäÛ,4,32,4,1,12,0.1709375,0,1,2,1,0,0,0,0,0,0,0.15817708333333333
4730,ìyâÆé¿çπäÛ,5,28,2,3,5,0.16642857142857143,0,1,0,0,1,0,0,0,0,0,0.15817708333333333
4730,ìyâÆé¿çπäÛ,6,32,0,1,3,0.180625,0,0,0,0,0,0,0,0,0,0,0.15817708333333333
4731,ä‘ñÏåìóÁ,1,34,19,3,7,0.15882352941176472,18,0,0,0,1,0,4,5,3,0,0.15050632911392406
4731,ä‘ñÏåìóÁ,2,36,6,15,3,0.1436111111111111,0,4,2,0,0,0,0,0,0,18,0.15050632911392406
4731,ä‘ñÏåìóÁ,3,45,6,6,12,0.148,0,2,2,1,1,0,0,0,0,0,0.15050632911392406
4731,ä‘ñÏåìóÁ,4,44,4,9,8,0.1384090909090909,0,0,3,1,0,0,0,0,0,0,0.15050632911392406
4731,ä‘ñÏåìóÁ,5,44,3,9,9,0.15636363636363637,0,1,1,0,1,0,0,0,0,0,0.15050632911392406
4731,ä‘ñÏåìóÁ,6,34,1,4,5,0.16088235294117648,0,0,0,1,0,0,0,0,0,0,0.15050632911392406
4732,ñxñ{òañÁ,1,46,29,6,3,0.10869565217391304,28,0,0,0,1,0,5,4,7,0,0.11891129032258066
4732,ñxñ{òañÁ,2,42,6,14,7,0.1330952380952381,0,6,0,0,0,0,0,0,0,17,0.11891129032258066
4732,ñxñ{òañÁ,3,41,9,9,12,0.10780487804878049,0,1,4,3,1,0,0,0,0,0,0.11891129032258066
4732,ñxñ{òañÁ,4,40,4,9,4,0.11775,0,1,3,0,0,0,0,0,0,0,0.11891129032258066
4732,ñxñ{òañÁ,5,40,1,6,9,0.12125,0,0,1,0,0,0,0,0,0,0,0.11891129032258066
4732,ñxñ{òañÁ,6,39,2,5,11,0.12615384615384614,0,1,1,0,0,0,0,0,0,0,0.11891129032258066
4733,ê‘à‰ñr,1,2,2,0,0,0.15,2,0,0,0,0,0,0,0,0,0,0.17357142857142857
4733,ê‘à‰ñr,2,2,0,1,0,0.21500000000000002,0,0,0,0,0,0,0,0,0,1,0.17357142857142857
4733,ê‘à‰ñr,3,2,0,0,1,0.12000000000000001,0,0,0,0,0,0,0,0,0,0,0.17357142857142857
4733,ê‘à‰ñr,4,2,0,0,0,0.07,0,0,0,0,0,0,0,0,0,0,0.17357142857142857
4733,ê‘à‰ñr,5,2,0,0,0,0.12,0,0,0,0,0,0,0,0,0,0,0.17357142857142857
4733,ê‘à‰ñr,6,4,0,0,0,0.27,0,0,0,0,0,0,0,0,0,0,0.17357142857142857
4734,à¿âÕì‡è´,1,31,26,1,2,0.13709677419354838,24,0,0,0,2,0,0,2,3,0,0.15264367816091953
4734,à¿âÕì‡è´,2,28,5,6,9,0.15142857142857144,1,4,0,0,0,0,0,0,0,17,0.15264367816091953
4734,à¿âÕì‡è´,3,26,3,8,2,0.14192307692307693,0,0,1,2,0,0,0,0,0,0,0.15264367816091953
4734,à¿âÕì‡è´,4,29,6,8,8,0.1279310344827586,0,2,1,1,2,0,0,0,0,0,0.15264367816091953
4734,à¿âÕì‡è´,5,26,2,8,3,0.17423076923076924,0,1,0,0,1,0,0,0,0,0,0.15264367816091953
4734,à¿âÕì‡è´,6,34,3,8,5,0.18058823529411763,0,0,0,3,0,0,0,0,0,0,0.15264367816091953
4735,äpéRóYç∆,1,28,7,5,2,0.15928571428571428,7,0,0,0,0,0,5,3,10,0,0.167487922705314
4735,äpéRóYç∆,2,40,4,11,6,0.1645,1,2,1,0,0,0,0,0,0,20,0.167487922705314
4735,äpéRóYç∆,3,44,2,10,10,0.15795454545454546,0,0,2,0,0,0,0,0,0,0,0.167487922705314
4735,äpéRóYç∆,4,32,2,2,5,0.1640625,0,2,0,0,0,0,0,0,0,0,0.167487922705314
4735,äpéRóYç∆,5,37,0,2,5,0.17972972972972973,0,0,0,0,0,0,0,0,0,0,0.167487922705314
4735,äpéRóYç∆,6,26,1,1,4,0.18384615384615385,0,0,0,1,0,0,0,0,0,0,0.167487922705314
4736,çÇëqòaém,1,57,35,12,6,0.14350877192982456,35,0,0,0,0,0,5,6,6,0,0.13903361344537818
4736,çÇëqòaém,2,36,10,12,6,0.15472222222222223,0,7,0,1,2,0,0,0,0,16,0.13903361344537818
4736,çÇëqòaém,3,41,7,11,8,0.12024390243902439,0,2,0,5,0,0,0,0,0,0,0.13903361344537818
4736,çÇëqòaém,4,39,5,15,7,0.1258974358974359,0,2,1,2,0,0,0,0,0,0,0.13903361344537818
4736,çÇëqòaém,5,33,7,10,9,0.13272727272727272,0,0,1,3,3,0,0,0,0,0,0.13903361344537818
4736,çÇëqòaém,6,32,1,3,9,0.16,0,0,0,0,1,0,0,0,0,0,0.13903361344537818
4737,í|à‰ãMéj,1,9,5,2,0,0.19444444444444445,5,0,0,0,0,0,1,2,1,0,0.17012820512820512
4737,í|à‰ãMéj,2,13,2,6,2,0.17461538461538462,0,2,0,0,0,0,0,0,0,9,0.17012820512820512
4737,í|à‰ãMéj,3,14,3,1,4,0.16714285714285712,0,0,1,2,0,0,0,0,0,0,0.17012820512820512
4737,í|à‰ãMéj,4,16,1,3,3,0.1825,0,0,0,1,0,0,0,0,0,0,0.17012820512820512
4737,í|à‰ãMéj,5,15,1,1,4,0.1753333333333333,0,0,1,0,0,0,0,0,0,0,0.17012820512820512
4737,í|à‰ãMéj,6,11,0,3,1,0.12363636363636363,0,0,0,0,0,0,0,0,0,0,0.17012820512820512
4738,ê¥îW„ƒéq,1,42,32,6,0,0.1219047619047619,32,0,0,0,0,0,4,2,3,0,0.1484584980237154
4738,ê¥îW„ƒéq,2,43,11,9,9,0.15232558139534882,0,5,6,0,0,0,0,0,0,23,0.1484584980237154
4738,ê¥îW„ƒéq,3,44,12,10,9,0.14431818181818182,0,3,7,2,0,0,0,0,0,0,0.1484584980237154
4738,ê¥îW„ƒéq,4,49,5,7,13,0.15081632653061225,0,0,4,0,0,1,0,0,0,0,0.1484584980237154
4738,ê¥îW„ƒéq,5,44,1,4,8,0.15886363636363637,0,0,0,0,0,1,0,0,0,0,0.1484584980237154
4738,ê¥îW„ƒéq,6,31,0,3,2,0.1664516129032258,0,0,0,0,0,0,0,0,0,0,0.1484584980237154
4739,íÜë∫çWï¸,1,63,44,7,7,0.1515873015873016,44,0,0,0,0,0,8,9,1,0,0.14691449814126395
4739,íÜë∫çWï¸,2,43,13,15,6,0.12813953488372093,0,10,2,0,0,1,0,0,0,19,0.14691449814126395
4739,íÜë∫çWï¸,3,38,11,9,10,0.13763157894736844,0,2,6,1,2,0,0,0,0,0,0.14691449814126395
4739,íÜë∫çWï¸,4,42,6,9,11,0.15880952380952382,0,0,3,1,2,0,0,0,0,0,0.14691449814126395
4739,íÜë∫çWï¸,5,36,1,12,5,0.14305555555555557,0,0,0,0,0,1,0,0,0,0,0.14691449814126395
4739,íÜë∫çWï¸,6,47,2,11,6,0.15765957446808512,0,1,0,0,1,0,0,0,0,0,0.14691449814126395
4740,‚Vì°íBäÛ,1,28,7,5,3,0.1467857142857143,6,0,0,0,1,0,7,9,2,0,0.18175355450236969
4740,‚Vì°íBäÛ,2,38,3,9,7,0.1731578947368421,0,2,0,0,1,0,0,0,0,20,0.18175355450236969
4740,‚Vì°íBäÛ,3,42,1,6,7,0.17857142857142858,0,0,0,1,0,0,0,0,0,0,0.18175355450236969
4740,‚Vì°íBäÛ,4,34,2,2,3,0.185,0,0,1,1,0,0,0,0,0,0,0.18175355450236969
4740,‚Vì°íBäÛ,5,36,0,3,6,0.19722222222222224,0,0,0,0,0,0,0,0,0,0,0.18175355450236969
4740,‚Vì°íBäÛ,6,33,0,1,4,0.20515151515151514,0,0,0,0,0,0,0,0,0,0,0.18175355450236969
4742,â°ìcóIàﬂ,1,11,2,4,0,0.20545454545454547,2,0,0,0,0,0,1,5,1,0,0.2443010752688172
4742,â°ìcóIàﬂ,2,18,0,1,3,0.2622222222222222,0,0,0,0,0,0,0,0,0,9,0.2443010752688172
4742,â°ìcóIàﬂ,3,17,0,0,2,0.21294117647058824,0,0,0,0,0,0,0,0,0,0,0.2443010752688172
4742,â°ìcóIàﬂ,4,15,0,0,2,0.24866666666666667,0,0,0,0,0,0,0,0,0,0,0.2443010752688172
4742,â°ìcóIàﬂ,5,18,0,0,0,0.2327777777777778,0,0,0,0,0,0,0,0,0,0,0.2443010752688172
4742,â°ìcóIàﬂ,6,14,0,0,0,0.3,0,0,0,0,0,0,0,0,0,0,0.2443010752688172
4743,ñÿë∫êmãI,1,51,38,6,1,0.15705882352941175,36,0,0,0,2,0,3,7,2,0,0.1470703125
4743,ñÿë∫êmãI,2,37,6,11,9,0.15162162162162163,0,5,1,0,0,0,0,0,0,18,0.1470703125
4743,ñÿë∫êmãI,3,47,11,13,6,0.13340425531914893,0,4,1,6,0,0,0,0,0,0,0.1470703125
4743,ñÿë∫êmãI,4,45,6,9,11,0.13555555555555557,0,1,0,4,1,0,0,0,0,0,0.1470703125
4743,ñÿë∫êmãI,5,40,4,4,14,0.14850000000000002,0,0,0,4,0,0,0,0,0,0,0.1470703125
4743,ñÿë∫êmãI,6,36,0,2,10,0.15888888888888889,0,0,0,0,0,0,0,0,0,0,0.1470703125
4744,à…ì°óÊìﬁ,1,14,2,3,3,0.20500000000000002,2,0,0,0,0,0,2,4,4,0,0.1839230769230769
4744,à…ì°óÊìﬁ,2,29,3,5,6,0.1713793103448276,0,2,1,0,0,0,0,0,0,16,0.1839230769230769
4744,à…ì°óÊìﬁ,3,24,3,5,2,0.18708333333333335,0,1,0,2,0,0,0,0,0,0,0.1839230769230769
4744,à…ì°óÊìﬁ,4,23,1,0,6,0.19,0,0,0,1,0,0,0,0,0,0,0.1839230769230769
4744,à…ì°óÊìﬁ,5,23,3,2,5,0.18478260869565216,0,0,0,3,0,0,0,0,0,0,0.1839230769230769
4744,à…ì°óÊìﬁ,6,17,1,1,2,0.17411764705882352,0,0,0,1,0,0,0,0,0,0,0.1839230769230769
4746,ëÂì§ê∂ìcëì,1,38,21,11,1,0.1413157894736842,21,0,0,0,0,0,6,8,3,0,0.15108910891089108
4746,ëÂì§ê∂ìcëì,2,39,10,15,4,0.14794871794871794,0,8,2,0,0,0,0,0,0,17,0.15108910891089108
4746,ëÂì§ê∂ìcëì,3,34,6,7,6,0.1814705882352941,0,0,1,4,1,0,0,0,0,0,0.15108910891089108
4746,ëÂì§ê∂ìcëì,4,34,5,10,7,0.15147058823529413,0,1,1,3,0,0,0,0,0,0,0.15108910891089108
4746,ëÂì§ê∂ìcëì,5,31,5,6,4,0.14258064516129032,0,0,0,3,2,0,0,0,0,0,0.15108910891089108
4746,ëÂì§ê∂ìcëì,6,26,3,2,2,0.14,0,0,1,1,0,1,0,0,0,0,0.15108910891089108
4747,éRåÀêMìÒ,1,20,5,5,3,0.1675,5,0,0,0,0,0,4,6,3,0,0.17392045454545454
4747,éRåÀêMìÒ,2,32,1,6,7,0.165625,0,1,0,0,0,0,0,0,0,20,0.17392045454545454
4747,éRåÀêMìÒ,3,33,1,6,4,0.1693939393939394,0,0,1,0,0,0,0,0,0,0,0.17392045454545454
4747,éRåÀêMìÒ,4,32,1,3,6,0.1765625,0,0,0,0,1,0,0,0,0,0,0.17392045454545454
4747,éRåÀêMìÒ,5,32,0,2,5,0.17,0,0,0,0,0,0,0,0,0,0,0.17392045454545454
4747,éRåÀêMìÒ,6,27,0,1,3,0.19555555555555557,0,0,0,0,0,0,0,0,0,0,0.17392045454545454
4748,ìnÁ≥óYòN,1,30,14,7,3,0.185,14,0,0,0,0,0,3,4,5,0,0.17306122448979594
4748,ìnÁ≥óYòN,2,38,11,9,7,0.1794736842105263,1,7,1,1,1,0,0,0,0,18,0.17306122448979594
4748,ìnÁ≥óYòN,3,36,4,5,9,0.18000000000000002,0,0,0,3,1,0,0,0,0,0,0.17306122448979594
4748,ìnÁ≥óYòN,4,29,6,5,4,0.17310344827586205,0,1,2,0,2,1,0,0,0,0,0.17306122448979594
4748,ìnÁ≥óYòN,5,28,2,6,7,0.13714285714285715,0,0,1,1,0,0,0,0,0,0,0.17306122448979594
4748,ìnÁ≥óYòN,6,35,1,6,3,0.17742857142857144,0,0,1,0,0,0,0,0,0,0,0.17306122448979594
4749,éRå˚çvãP,1,9,1,3,0,0.16666666666666666,1,0,0,0,0,0,4,1,3,0,0.17477272727272727
4749,éRå˚çvãP,2,19,1,7,1,0.1705263157894737,0,1,0,0,0,0,0,0,0,12,0.17477272727272727
4749,éRå˚çvãP,3,17,1,1,4,0.16470588235294117,0,0,0,0,1,0,0,0,0,0,0.17477272727272727
4749,éRå˚çvãP,4,17,2,3,0,0.13529411764705884,0,0,1,1,0,0,0,0,0,0,0.17477272727272727
4749,éRå˚çvãP,5,14,0,1,3,0.21071428571428572,0,0,0,0,0,0,0,0,0,0,0.17477272727272727
4749,éRå˚çvãP,6,12,0,0,1,0.21583333333333332,0,0,0,0,0,0,0,0,0,0,0.17477272727272727
4750,à‰è„èÆåÂ,1,19,9,2,2,0.1563157894736842,9,0,0,0,0,0,1,6,2,0,0.17592592592592593
4750,à‰è„èÆåÂ,2,28,2,5,6,0.17035714285714287,0,1,0,0,0,1,0,0,0,14,0.17592592592592593
4750,à‰è„èÆåÂ,3,33,2,3,12,0.20757575757575755,0,0,2,0,0,0,0,0,0,0,0.17592592592592593
4750,à‰è„èÆåÂ,4,34,1,4,4,0.16970588235294118,0,1,0,0,0,0,0,0,0,0,0.17592592592592593
4750,à‰è„èÆåÂ,5,24,1,3,7,0.16708333333333333,0,0,0,1,0,0,0,0,0,0,0.17592592592592593
4750,à‰è„èÆåÂ,6,24,0,1,2,0.17208333333333334,0,0,0,0,0,0,0,0,0,0,0.17592592592592593
4752,êºîˆó∫ï„,1,26,7,5,3,0.17807692307692308,6,0,0,0,1,0,8,7,4,0,0.18105820105820106
4752,êºîˆó∫ï„,2,35,2,4,4,0.20914285714285716,0,1,1,0,0,0,0,0,0,17,0.18105820105820106
4752,êºîˆó∫ï„,3,37,3,5,9,0.16648648648648648,0,0,3,0,0,0,0,0,0,0,0.18105820105820106
4752,êºîˆó∫ï„,4,33,0,5,7,0.16272727272727272,0,0,0,0,0,0,0,0,0,0,0.18105820105820106
4752,êºîˆó∫ï„,5,35,3,2,4,0.18771428571428572,0,0,0,3,0,0,0,0,0,0,0.18105820105820106
4752,êºîˆó∫ï„,6,23,1,0,3,0.18130434782608695,0,0,0,1,0,0,0,0,0,0,0.18105820105820106
4753,êXè∆ïv,1,17,11,1,0,0.1823529411764706,10,0,0,0,1,0,0,1,4,0,0.19378378378378378
4753,êXè∆ïv,2,24,7,4,2,0.20375,0,5,2,0,0,0,0,0,0,12,0.19378378378378378
4753,êXè∆ïv,3,29,2,4,6,0.16758620689655174,0,0,2,0,0,0,0,0,0,0,0.19378378378378378
4753,êXè∆ïv,4,28,4,5,5,0.1992857142857143,0,0,2,2,0,0,0,0,0,0,0.19378378378378378
4753,êXè∆ïv,5,27,2,2,3,0.1948148148148148,0,0,1,1,0,0,0,0,0,0,0.19378378378378378
4753,êXè∆ïv,6,23,0,2,3,0.21695652173913044,0,0,0,0,0,0,0,0,0,0,0.19378378378378378
4754,èºîˆè[,1,44,33,4,3,0.14022727272727273,31,0,0,0,2,0,1,3,6,0,0.15733870967741936
4754,èºîˆè[,2,41,8,14,5,0.17463414634146343,0,5,1,0,2,0,0,0,0,20,0.15733870967741936
4754,èºîˆè[,3,43,12,6,15,0.15093023255813953,0,1,4,5,2,0,0,0,0,0,0.15733870967741936
4754,èºîˆè[,4,43,2,12,11,0.14651162790697675,0,0,2,0,0,0,0,0,0,0,0.15733870967741936
4754,èºîˆè[,5,43,0,7,7,0.16534883720930232,0,0,0,0,0,0,0,0,0,0,0.15733870967741936
4754,èºîˆè[,6,34,1,2,8,0.17029411764705882,0,0,0,1,0,0,0,0,0,0,0.15733870967741936
4756,ìnÁ≥èπê¨,1,11,5,1,1,0.1481818181818182,5,0,0,0,0,0,1,3,2,0,0.14910256410256412
4756,ìnÁ≥èπê¨,2,13,0,4,3,0.13692307692307693,0,0,0,0,0,0,0,0,0,8,0.14910256410256412
4756,ìnÁ≥èπê¨,3,10,2,1,2,0.12,0,1,1,0,0,0,0,0,0,0,0.14910256410256412
4756,ìnÁ≥èπê¨,4,14,0,2,2,0.12642857142857142,0,0,0,0,0,0,0,0,0,0,0.14910256410256412
4756,ìnÁ≥èπê¨,5,14,0,0,1,0.18642857142857142,0,0,0,0,0,0,0,0,0,0,0.14910256410256412
4756,ìnÁ≥èπê¨,6,16,0,1,2,0.165,0,0,0,0,0,0,0,0,0,0,0.14910256410256412
4757,éRìcóSñÁ,1,62,53,3,3,0.12870967741935485,51,0,0,0,2,0,3,3,1,0,0.12617283950617283
4757,éRìcóSñÁ,2,37,8,11,8,0.1256756756756757,0,6,0,0,1,1,0,0,0,18,0.12617283950617283
4757,éRìcóSñÁ,3,39,13,11,4,0.1346153846153846,0,0,5,8,0,0,0,0,0,0,0.12617283950617283
4757,éRìcóSñÁ,4,33,5,8,3,0.11545454545454546,0,0,3,1,1,0,0,0,0,0,0.12617283950617283
4757,éRìcóSñÁ,5,38,5,10,4,0.12105263157894736,0,0,2,3,0,0,0,0,0,0,0.12617283950617283
4757,éRìcóSñÁ,6,34,0,5,7,0.1285294117647059,0,0,0,0,0,0,0,0,0,0,0.12617283950617283
4758,ïxä~óÌâ¡,1,30,17,5,2,0.16966666666666666,15,0,0,0,2,0,3,4,2,0,0.18789156626506026
4758,ïxä~óÌâ¡,2,29,1,10,6,0.17655172413793105,0,1,0,0,0,0,0,0,0,16,0.18789156626506026
4758,ïxä~óÌâ¡,3,25,3,8,2,0.1496,0,0,2,1,0,0,0,0,0,0,0.18789156626506026
4758,ïxä~óÌâ¡,4,29,3,5,7,0.16827586206896553,0,1,0,1,1,0,0,0,0,0,0.18789156626506026
4758,ïxä~óÌâ¡,5,26,0,4,5,0.23153846153846155,0,0,0,0,0,0,0,0,0,0,0.18789156626506026
4758,ïxä~óÌâ¡,6,27,0,7,2,0.2348148148148148,0,0,0,0,0,0,0,0,0,0,0.18789156626506026
4759,ç°êÚóFå·,1,48,19,9,7,0.17875,18,0,0,0,1,0,7,11,9,0,0.19274436090225566
4759,ç°êÚóFå·,2,41,9,7,11,0.19073170731707317,0,8,1,0,0,0,0,0,0,19,0.19274436090225566
4759,ç°êÚóFå·,3,45,5,10,10,0.19755555555555557,0,1,0,2,1,1,0,0,0,0,0.19274436090225566
4759,ç°êÚóFå·,4,49,5,13,14,0.19877551020408163,0,1,1,3,0,0,0,0,0,0,0.19274436090225566
4759,ç°êÚóFå·,5,38,1,2,13,0.1892105263157895,0,0,0,1,0,0,0,0,0,0,0.19274436090225566
4759,ç°êÚóFå·,6,45,2,6,13,0.20111111111111113,0,0,0,1,0,1,0,0,0,0,0.19274436090225566
4760,éRçËåS,1,64,52,5,2,0.1259375,52,0,0,0,0,0,3,3,6,0,0.1267361111111111
4760,éRçËåS,2,47,17,13,4,0.1372340425531915,0,12,4,0,1,0,0,0,0,21,0.1267361111111111
4760,éRçËåS,3,47,14,13,3,0.1274468085106383,0,1,7,5,1,0,0,0,0,0,0.1267361111111111
4760,éRçËåS,4,48,14,11,8,0.11791666666666667,0,1,11,2,0,0,0,0,0,0,0.1267361111111111
4760,éRçËåS,5,42,5,8,7,0.12714285714285714,0,0,0,4,1,0,0,0,0,0,0.1267361111111111
4760,éRçËåS,6,40,8,6,11,0.125,0,0,4,4,0,0,0,0,0,0,0.1267361111111111
4761,éRìcçWëÂ,1,37,18,5,9,0.14675675675675676,17,0,0,0,1,0,4,9,4,0,0.15879581151832461
4761,éRìcçWëÂ,2,34,4,11,5,0.17,0,4,0,0,0,0,0,0,0,18,0.15879581151832461
4761,éRìcçWëÂ,3,33,4,12,4,0.16363636363636364,0,0,4,0,0,0,0,0,0,0,0.15879581151832461
4761,éRìcçWëÂ,4,29,4,6,8,0.1513793103448276,0,0,2,2,0,0,0,0,0,0,0.15879581151832461
4761,éRìcçWëÂ,5,28,1,3,8,0.14892857142857144,0,0,0,1,0,0,0,0,0,0,0.15879581151832461
4761,éRìcçWëÂ,6,30,1,4,3,0.17200000000000001,0,0,0,1,0,0,0,0,0,0,0.15879581151832461
4762,ì°å¥å[éjòN,1,47,37,4,2,0.14,34,1,0,0,2,0,2,4,4,0,0.14063636363636364
4762,ì°å¥å[éjòN,2,36,8,5,7,0.16666666666666666,0,4,2,0,2,0,0,0,0,17,0.14063636363636364
4762,ì°å¥å[éjòN,3,39,5,12,6,0.13538461538461538,0,1,1,3,0,0,0,0,0,0,0.14063636363636364
4762,ì°å¥å[éjòN,4,32,4,11,8,0.13,0,0,1,2,1,0,0,0,0,0,0.14063636363636364
4762,ì°å¥å[éjòN,5,32,6,7,10,0.133125,0,1,2,3,0,0,0,0,0,0,0.14063636363636364
4762,ì°å¥å[éjòN,6,34,2,4,9,0.13705882352941176,0,0,0,1,1,0,0,0,0,0,0.14063636363636364
4764,è¨íróÁîT,1,29,15,4,5,0.14689655172413793,15,0,0,0,0,0,3,9,1,0,0.16179039301310041
4764,è¨íróÁîT,2,46,5,10,12,0.1641304347826087,0,2,3,0,0,0,0,0,0,30,0.16179039301310041
4764,è¨íróÁîT,3,38,3,14,9,0.15763157894736843,0,0,3,0,0,0,0,0,0,0,0.16179039301310041
4764,è¨íróÁîT,4,39,3,6,7,0.16743589743589743,0,0,2,0,1,0,0,0,0,0,0.16179039301310041
4764,è¨íróÁîT,5,44,1,5,12,0.15886363636363637,0,0,0,1,0,0,0,0,0,0,0.16179039301310041
4764,è¨íróÁîT,6,33,0,0,10,0.17363636363636364,0,0,0,0,0,0,0,0,0,0,0.16179039301310041
4765,ñÏìcïîçGéq,1,14,5,3,4,0.13142857142857142,4,0,0,0,1,0,2,1,4,0,0.12601694915254238
4765,ñÏìcïîçGéq,2,22,6,4,2,0.12227272727272727,0,2,3,0,1,0,0,0,0,12,0.12601694915254238
4765,ñÏìcïîçGéq,3,26,5,7,5,0.11923076923076924,0,0,5,0,0,0,0,0,0,0,0.12601694915254238
4765,ñÏìcïîçGéq,4,20,2,3,1,0.138,0,0,2,0,0,0,0,0,0,0,0.12601694915254238
4765,ñÏìcïîçGéq,5,20,2,0,0,0.12150000000000001,0,0,1,1,0,0,0,0,0,0,0.12601694915254238
4765,ñÏìcïîçGéq,6,16,0,1,0,0.12812500000000002,0,0,0,0,0,0,0,0,0,0,0.12601694915254238
4766,êŒà‰çFîV,1,23,12,3,2,0.14782608695652175,12,0,0,0,0,0,3,8,0,0,0.13183908045977014
4766,êŒà‰çFîV,2,31,6,3,3,0.1503225806451613,0,5,1,0,0,0,0,0,0,17,0.13183908045977014
4766,êŒà‰çFîV,3,34,4,5,5,0.13147058823529412,0,0,4,0,0,0,0,0,0,0,0.13183908045977014
4766,êŒà‰çFîV,4,29,5,8,4,0.11896551724137931,0,1,4,0,0,0,0,0,0,0,0.13183908045977014
4766,êŒà‰çFîV,5,31,3,1,3,0.13419354838709677,0,0,1,2,0,0,0,0,0,0,0.13183908045977014
4766,êŒà‰çFîV,6,26,0,5,2,0.10769230769230768,0,0,0,0,0,0,0,0,0,0,0.13183908045977014
4769,înèÍçÑ,1,49,41,4,3,0.13163265306122449,40,0,0,0,1,0,2,4,1,0,0.12167400881057269
4769,înèÍçÑ,2,39,12,18,5,0.12307692307692307,0,7,1,0,3,1,0,0,0,13,0.12167400881057269
4769,înèÍçÑ,3,41,8,14,5,0.10780487804878049,0,0,5,2,1,0,0,0,0,0,0.12167400881057269
4769,înèÍçÑ,4,32,9,7,8,0.12562500000000001,0,3,4,2,0,0,0,0,0,0,0.12167400881057269
4769,înèÍçÑ,5,32,2,8,8,0.12062500000000001,0,0,0,1,1,0,0,0,0,0,0.12167400881057269
4769,înèÍçÑ,6,34,0,7,8,0.11970588235294119,0,0,0,0,0,0,0,0,0,0,0.12167400881057269
4771,â∫éõèGòa,1,45,33,4,3,0.14555555555555555,33,0,0,0,0,0,1,6,3,0,0.13640495867768596
4771,â∫éõèGòa,2,36,8,16,2,0.14,0,8,0,0,0,0,0,0,0,16,0.13640495867768596
4771,â∫éõèGòa,3,53,6,17,10,0.12037735849056604,0,2,2,2,0,0,0,0,0,0,0.13640495867768596
4771,â∫éõèGòa,4,44,3,9,7,0.1365909090909091,0,0,2,1,0,0,0,0,0,0,0.13640495867768596
4771,â∫éõèGòa,5,32,3,4,9,0.1284375,0,0,2,1,0,0,0,0,0,0,0.13640495867768596
4771,â∫éõèGòa,6,32,2,2,7,0.15375,0,0,1,1,0,0,0,0,0,0,0.13640495867768596
4772,êŒä€äCìn,1,64,47,12,3,0.12765625,45,0,0,0,2,0,5,1,8,0,0.12389891696750903
4772,êŒä€äCìn,2,38,9,6,7,0.12736842105263158,0,3,4,0,2,0,0,0,0,21,0.12389891696750903
4772,êŒä€äCìn,3,48,9,12,10,0.11645833333333333,0,1,2,6,0,0,0,0,0,0,0.12389891696750903
4772,êŒä€äCìn,4,53,10,12,7,0.1239622641509434,0,2,5,3,0,0,0,0,0,0,0.12389891696750903
4772,êŒä€äCìn,5,37,3,7,7,0.11756756756756756,0,0,1,2,0,0,0,0,0,0,0.12389891696750903
4772,êŒä€äCìn,6,37,3,3,6,0.12972972972972974,0,0,0,1,1,1,0,0,0,0,0.12389891696750903
4773,íÜêÏÇËÇ»,1,68,41,10,8,0.1623529411764706,35,0,0,0,6,0,11,11,3,0,0.16726666666666667
4773,íÜêÏÇËÇ»,2,49,11,16,7,0.17530612244897958,0,9,2,0,0,0,0,0,0,20,0.16726666666666667
4773,íÜêÏÇËÇ»,3,55,9,9,13,0.16345454545454546,0,3,2,3,1,0,0,0,0,0,0.16726666666666667
4773,íÜêÏÇËÇ»,4,49,1,11,9,0.17061224489795918,0,0,1,0,0,0,0,0,0,0,0.16726666666666667
4773,íÜêÏÇËÇ»,5,40,1,4,8,0.16625,0,0,1,0,0,0,0,0,0,0,0.16726666666666667
4773,íÜêÏÇËÇ»,6,39,1,3,7,0.16794871794871793,0,0,0,0,1,0,0,0,0,0,0.16726666666666667
4775,êÁótê^ñÌ,1,20,11,4,2,0.18,11,0,0,0,0,0,1,4,3,0,0.17908333333333332
4775,êÁótê^ñÌ,2,24,2,3,6,0.17500000000000002,0,0,1,1,0,0,0,0,0,10,0.17908333333333332
4775,êÁótê^ñÌ,3,24,1,4,6,0.18375,0,0,0,1,0,0,0,0,0,0,0.17908333333333332
4775,êÁótê^ñÌ,4,18,1,2,4,0.1688888888888889,0,0,0,1,0,0,0,0,0,0,0.17908333333333332
4775,êÁótê^ñÌ,5,20,0,1,6,0.17650000000000002,0,0,0,0,0,0,0,0,0,0,0.17908333333333332
4775,êÁótê^ñÌ,6,14,0,0,2,0.19357142857142856,0,0,0,0,0,0,0,0,0,0,0.17908333333333332
4776,í|ìcòaç∆,1,55,39,4,3,0.136,37,0,0,0,2,0,7,1,4,0,0.1396414342629482
4776,í|ìcòaç∆,2,46,8,17,7,0.13347826086956524,0,5,3,0,0,0,0,0,0,21,0.1396414342629482
4776,í|ìcòaç∆,3,38,8,12,9,0.12631578947368421,0,0,5,2,1,0,0,0,0,0,0.1396414342629482
4776,í|ìcòaç∆,4,40,7,11,9,0.12475,0,3,3,0,1,0,0,0,0,0,0.1396414342629482
4776,í|ìcòaç∆,5,38,2,4,6,0.16078947368421054,0,0,1,1,0,0,0,0,0,0,0.1396414342629482
4776,í|ìcòaç∆,6,34,0,3,5,0.16264705882352942,0,0,0,0,0,0,0,0,0,0,0.1396414342629482
4778,íÁå[ï„,1,23,9,5,3,0.1782608695652174,9,0,0,0,0,0,3,7,1,0,0.17087431693989072
4778,íÁå[ï„,2,34,5,7,4,0.14941176470588236,0,3,2,0,0,0,0,0,0,15,0.17087431693989072
4778,íÁå[ï„,3,31,2,7,2,0.17806451612903226,0,2,0,0,0,0,0,0,0,0,0.17087431693989072
4778,íÁå[ï„,4,33,0,11,2,0.19333333333333333,0,0,0,0,0,0,0,0,0,0,0.17087431693989072
4778,íÁå[ï„,5,36,0,5,7,0.17194444444444446,0,0,0,0,0,0,0,0,0,0,0.17087431693989072
4778,íÁå[ï„,6,26,0,1,2,0.15384615384615385,0,0,0,0,0,0,0,0,0,0,0.17087431693989072
4779,à…ëqåı,1,23,6,8,6,0.1443478260869565,6,0,0,0,0,0,6,2,3,0,0.1587777777777778
4779,à…ëqåı,2,35,3,6,4,0.1625714285714286,0,2,1,0,0,0,0,0,0,16,0.1587777777777778
4779,à…ëqåı,3,33,1,5,4,0.15,0,0,1,0,0,0,0,0,0,0,0.1587777777777778
4779,à…ëqåı,4,29,0,3,6,0.16275862068965516,0,0,0,0,0,0,0,0,0,0,0.1587777777777778
4779,à…ëqåı,5,34,1,1,7,0.1685294117647059,0,0,1,0,0,0,0,0,0,0,0.1587777777777778
4779,à…ëqåı,6,26,1,2,2,0.16038461538461538,0,0,1,0,0,0,0,0,0,0,0.1587777777777778
4780,É}ÉCÉPÉãìcë„,1,34,14,6,4,0.18588235294117647,12,0,0,0,2,0,2,7,9,0,0.16159817351598174
4780,É}ÉCÉPÉãìcë„,2,39,8,7,10,0.15256410256410258,0,3,3,0,2,0,0,0,0,19,0.16159817351598174
4780,É}ÉCÉPÉãìcë„,3,36,4,6,8,0.15611111111111112,0,0,1,2,1,0,0,0,0,0,0.16159817351598174
4780,É}ÉCÉPÉãìcë„,4,37,5,7,6,0.1437837837837838,0,0,3,2,0,0,0,0,0,0,0.16159817351598174
4780,É}ÉCÉPÉãìcë„,5,38,2,4,12,0.16052631578947368,0,0,0,1,1,0,0,0,0,0,0.16159817351598174
4780,É}ÉCÉPÉãìcë„,6,35,0,5,4,0.1737142857142857,0,0,0,0,0,0,0,0,0,0,0.16159817351598174
4781,êºä⁄â ó¢,1,26,11,7,2,0.11923076923076924,10,0,0,0,1,0,4,4,2,0,0.151875
4781,êºä⁄â ó¢,2,33,5,2,8,0.17333333333333334,0,4,1,0,0,0,0,0,0,18,0.151875
4781,êºä⁄â ó¢,3,32,2,1,11,0.126875,0,0,0,1,1,0,0,0,0,0,0.151875
4781,êºä⁄â ó¢,4,29,1,5,4,0.16551724137931034,0,0,1,0,0,0,0,0,0,0,0.151875
4781,êºä⁄â ó¢,5,29,0,3,6,0.16689655172413792,0,0,0,0,0,0,0,0,0,0,0.151875
4781,êºä⁄â ó¢,6,27,0,6,6,0.1559259259259259,0,0,0,0,0,0,0,0,0,0,0.151875
4782,ïlçËèÄñÁ,1,41,22,9,2,0.14414634146341465,22,0,0,0,0,0,4,11,4,0,0.15495833333333334
4782,ïlçËèÄñÁ,2,38,9,10,7,0.14631578947368423,0,5,2,0,2,0,0,0,0,23,0.15495833333333334
4782,ïlçËèÄñÁ,3,44,7,11,10,0.14681818181818182,0,2,1,4,0,0,0,0,0,0,0.15495833333333334
4782,ïlçËèÄñÁ,4,40,5,9,8,0.161,0,2,2,1,0,0,0,0,0,0,0.15495833333333334
4782,ïlçËèÄñÁ,5,35,2,4,7,0.1625714285714286,0,0,0,2,0,0,0,0,0,0,0.15495833333333334
4782,ïlçËèÄñÁ,6,42,0,4,2,0.16976190476190475,0,0,0,0,0,0,0,0,0,0,0.15495833333333334
4783,ñÿë∫è⁄éq,1,14,4,1,4,0.16714285714285712,4,0,0,0,0,0,2,5,0,0,0.18742574257425743
4783,ñÿë∫è⁄éq,2,20,1,2,3,0.1985,0,0,1,0,0,0,0,0,0,10,0.18742574257425743
4783,ñÿë∫è⁄éq,3,17,2,1,4,0.18823529411764706,0,0,2,0,0,0,0,0,0,0,0.18742574257425743
4783,ñÿë∫è⁄éq,4,15,0,2,3,0.22133333333333333,0,0,0,0,0,0,0,0,0,0,0.18742574257425743
4783,ñÿë∫è⁄éq,5,18,0,0,3,0.16333333333333333,0,0,0,0,0,0,0,0,0,0,0.18742574257425743
4783,ñÿë∫è⁄éq,6,17,0,0,1,0.18588235294117647,0,0,0,0,0,0,0,0,0,0,0.18742574257425743
4784,å¸à‰ìcê^ãI,1,9,3,2,1,0.18888888888888888,3,0,0,0,0,0,0,5,1,0,0.1940909090909091
4784,å¸à‰ìcê^ãI,2,10,1,3,2,0.173,0,0,1,0,0,0,0,0,0,5,0.1940909090909091
4784,å¸à‰ìcê^ãI,3,11,1,3,2,0.17727272727272728,0,0,1,0,0,0,0,0,0,0,0.1940909090909091
4784,å¸à‰ìcê^ãI,4,13,1,3,0,0.21846153846153846,0,0,1,0,0,0,0,0,0,0,0.1940909090909091
4784,å¸à‰ìcê^ãI,5,12,2,0,1,0.18166666666666667,0,0,2,0,0,0,0,0,0,0,0.1940909090909091
4784,å¸à‰ìcê^ãI,6,11,0,0,1,0.21909090909090911,0,0,0,0,0,0,0,0,0,0,0.1940909090909091
4785,ñÿî¶èÉñÁ,1,13,1,1,3,0.1469230769230769,0,0,0,0,1,0,5,3,4,0,0.17286713286713287
4785,ñÿî¶èÉñÁ,2,34,1,3,7,0.16441176470588234,0,1,0,0,0,0,0,0,0,20,0.17286713286713287
4785,ñÿî¶èÉñÁ,3,27,1,4,6,0.15037037037037035,0,0,0,1,0,0,0,0,0,0,0.17286713286713287
4785,ñÿî¶èÉñÁ,4,22,1,3,2,0.1740909090909091,0,0,0,1,0,0,0,0,0,0,0.17286713286713287
4785,ñÿî¶èÉñÁ,5,26,2,1,2,0.1823076923076923,0,0,0,2,0,0,0,0,0,0,0.17286713286713287
4785,ñÿî¶èÉñÁ,6,21,0,0,0,0.21857142857142856,0,0,0,0,0,0,0,0,0,0,0.17286713286713287
4786,ç≤ì°îéó∫,1,43,24,7,3,0.15604651162790698,23,0,0,0,1,0,4,10,4,0,0.13237885462555066
4786,ç≤ì°îéó∫,2,39,11,10,7,0.12435897435897435,1,5,4,0,1,0,0,0,0,17,0.13237885462555066
4786,ç≤ì°îéó∫,3,38,6,10,6,0.1268421052631579,0,0,2,4,0,0,0,0,0,0,0.13237885462555066
4786,ç≤ì°îéó∫,4,42,9,9,7,0.12357142857142858,0,1,5,2,1,0,0,0,0,0,0.13237885462555066
4786,ç≤ì°îéó∫,5,36,4,3,17,0.11888888888888889,0,0,3,1,0,0,0,0,0,0,0.13237885462555066
4786,ç≤ì°îéó∫,6,29,2,2,7,0.14482758620689656,0,0,1,0,1,0,0,0,0,0,0.13237885462555066
4787,í≈ñºñL,1,56,48,4,3,0.13892857142857143,45,0,0,0,3,0,4,3,1,0,0.13481060606060608
4787,í≈ñºñL,2,41,12,10,7,0.13073170731707318,0,3,8,0,1,0,0,0,0,19,0.13481060606060608
4787,í≈ñºñL,3,48,18,14,6,0.12958333333333333,0,0,12,5,1,0,0,0,0,0,0.13481060606060608
4787,í≈ñºñL,4,40,11,10,4,0.12875,0,0,6,5,0,0,0,0,0,0,0.13481060606060608
4787,í≈ñºñL,5,34,4,8,9,0.14529411764705882,0,0,0,3,1,0,0,0,0,0,0.13481060606060608
4787,í≈ñºñL,6,45,6,8,5,0.13644444444444445,0,0,1,2,3,0,0,0,0,0,0.13481060606060608
4788,è¨írìNñÁ,1,46,27,9,3,0.13108695652173913,26,0,0,0,1,0,2,9,6,0,0.13424489795918368
4788,è¨írìNñÁ,2,41,10,8,7,0.1324390243902439,0,6,3,0,1,0,0,0,0,21,0.13424489795918368
4788,è¨írìNñÁ,3,38,7,8,14,0.13789473684210526,0,0,3,4,0,0,0,0,0,0,0.13424489795918368
4788,è¨írìNñÁ,4,41,5,9,9,0.13121951219512196,0,1,3,1,0,0,0,0,0,0,0.13424489795918368
4788,è¨írìNñÁ,5,42,4,6,7,0.1261904761904762,0,0,1,2,1,0,0,0,0,0,0.13424489795918368
4788,è¨írìNñÁ,6,37,1,4,9,0.14891891891891892,0,0,0,0,1,0,0,0,0,0,0.13424489795918368
4789,å√âÍíqîV,1,19,6,3,1,0.19736842105263158,4,0,1,0,1,0,1,8,3,0,0.17218934911242603
4789,å√âÍíqîV,2,28,1,6,6,0.18821428571428572,0,0,0,0,1,0,0,0,0,15,0.17218934911242603
4789,å√âÍíqîV,3,27,4,3,6,0.16666666666666666,0,0,1,1,1,1,0,0,0,0,0.17218934911242603
4789,å√âÍíqîV,4,31,2,1,8,0.15483870967741936,0,0,0,2,0,0,0,0,0,0,0.17218934911242603
4789,å√âÍíqîV,5,32,2,5,6,0.165,0,1,0,1,0,0,0,0,0,0,0.17218934911242603
4789,å√âÍíqîV,6,32,0,2,6,0.171875,0,0,0,0,0,0,0,0,0,0,0.17218934911242603
4790,ñˆì‡åhëæ,1,34,20,7,1,0.14029411764705882,20,0,0,0,0,0,4,4,4,0,0.1638695652173913
4790,ñˆì‡åhëæ,2,43,8,6,11,0.15069767441860465,0,5,3,0,0,0,0,0,0,23,0.1638695652173913
4790,ñˆì‡åhëæ,3,39,10,7,7,0.1671794871794872,0,1,5,3,1,0,0,0,0,0,0.1638695652173913
4790,ñˆì‡åhëæ,4,41,3,7,10,0.16121951219512196,0,0,1,2,0,0,0,0,0,0,0.1638695652173913
4790,ñˆì‡åhëæ,5,38,0,10,11,0.17368421052631577,0,0,0,0,0,0,0,0,0,0,0.1638695652173913
4790,ñˆì‡åhëæ,6,35,0,2,5,0.19171428571428573,0,0,0,0,0,0,0,0,0,0,0.1638695652173913
4791,çï‡VÇﬂÇÆÇ›,1,33,17,3,1,0.18363636363636365,17,0,0,0,0,0,3,10,2,0,0.1794222222222222
4791,çï‡VÇﬂÇÆÇ›,2,45,7,6,13,0.1917777777777778,0,5,2,0,0,0,0,0,0,23,0.1794222222222222
4791,çï‡VÇﬂÇÆÇ›,3,39,6,4,11,0.16333333333333333,0,0,1,4,1,0,0,0,0,0,0.1794222222222222
4791,çï‡VÇﬂÇÆÇ›,4,37,5,10,5,0.16459459459459458,0,0,0,4,1,0,0,0,0,0,0.1794222222222222
4791,çï‡VÇﬂÇÆÇ›,5,38,0,4,13,0.20157894736842105,0,0,0,0,0,0,0,0,0,0,0.1794222222222222
4791,çï‡VÇﬂÇÆÇ›,6,33,0,6,4,0.1684848484848485,0,0,0,0,0,0,0,0,0,0,0.1794222222222222
4792,êôë∫å´ñÁ,1,24,8,5,3,0.1708333333333333,8,0,0,0,0,0,5,2,6,0,0.1736764705882353
4792,êôë∫å´ñÁ,2,24,2,1,5,0.17375,0,0,2,0,0,0,0,0,0,12,0.1736764705882353
4792,êôë∫å´ñÁ,3,23,0,4,3,0.17956521739130435,0,0,0,0,0,0,0,0,0,0,0.1736764705882353
4792,êôë∫å´ñÁ,4,22,1,1,2,0.1809090909090909,0,0,1,0,0,0,0,0,0,0,0.1736764705882353
4792,êôë∫å´ñÁ,5,23,2,3,3,0.16,0,1,0,1,0,0,0,0,0,0,0.1736764705882353
4792,êôë∫å´ñÁ,6,20,0,0,0,0.178,0,0,0,0,0,0,0,0,0,0,0.1736764705882353
4793,ã‡éqñG,1,50,32,10,2,0.1252,32,0,0,0,0,0,5,7,5,0,0.13318352059925095
4793,ã‡éqñG,2,45,8,11,9,0.13244444444444445,0,5,1,2,0,0,0,0,0,21,0.13318352059925095
4793,ã‡éqñG,3,45,13,8,8,0.134,0,1,1,8,3,0,0,0,0,0,0.13318352059925095
4793,ã‡éqñG,4,42,8,10,7,0.13833333333333334,0,2,3,2,1,0,0,0,0,0,0.13318352059925095
4793,ã‡éqñG,5,45,6,10,7,0.13266666666666665,0,0,1,4,1,0,0,0,0,0,0.13318352059925095
4793,ã‡éqñG,6,40,0,3,6,0.13825,0,0,0,0,0,0,0,0,0,0,0.13318352059925095
4794,òaìcëÒñÁ,1,40,24,5,5,0.15,24,0,0,0,0,0,8,3,5,0,0.14534412955465587
4794,òaìcëÒñÁ,2,40,4,13,9,0.14275,0,0,3,0,1,0,0,0,0,19,0.14534412955465587
4794,òaìcëÒñÁ,3,47,11,11,11,0.15829787234042553,0,1,3,5,2,0,0,0,0,0,0.14534412955465587
4794,òaìcëÒñÁ,4,39,5,7,8,0.13897435897435897,0,0,1,2,1,1,0,0,0,0,0.14534412955465587
4794,òaìcëÒñÁ,5,39,1,3,7,0.14128205128205126,0,0,1,0,0,0,0,0,0,0,0.14534412955465587
4794,òaìcëÒñÁ,6,42,1,3,5,0.13857142857142857,0,0,1,0,0,0,0,0,0,0,0.14534412955465587
4796,ètâÄå˜ëæ,1,41,17,12,2,0.12170731707317074,17,0,0,0,0,0,7,5,8,0,0.1348165137614679
4796,ètâÄå˜ëæ,2,39,10,9,6,0.12307692307692307,0,7,1,0,2,0,0,0,0,15,0.1348165137614679
4796,ètâÄå˜ëæ,3,32,4,7,6,0.14125000000000001,0,0,2,1,1,0,0,0,0,0,0.1348165137614679
4796,ètâÄå˜ëæ,4,36,8,8,4,0.14333333333333334,0,1,4,3,0,0,0,0,0,0,0.1348165137614679
4796,ètâÄå˜ëæ,5,37,2,9,10,0.13972972972972972,0,0,0,2,0,0,0,0,0,0,0.1348165137614679
4796,ètâÄå˜ëæ,6,33,2,4,7,0.14393939393939395,0,0,0,1,0,1,0,0,0,0,0.1348165137614679
4797,íÜéRè´,1,37,21,7,4,0.17486486486486486,20,0,0,0,1,0,3,6,7,0,0.14360730593607304
4797,íÜéRè´,2,39,11,10,5,0.12205128205128205,0,5,4,0,2,0,0,0,0,16,0.14360730593607304
4797,íÜéRè´,3,37,5,6,7,0.1456756756756757,0,1,1,2,1,0,0,0,0,0,0.14360730593607304
4797,íÜéRè´,4,34,5,6,5,0.14852941176470588,0,0,4,1,0,0,0,0,0,0,0.14360730593607304
4797,íÜéRè´,5,40,5,2,3,0.12925,0,1,1,2,1,0,0,0,0,0,0.14360730593607304
4797,íÜéRè´,6,32,0,3,8,0.1440625,0,0,0,0,0,0,0,0,0,0,0.14360730593607304
4798,ïlêÊê^îÕ,1,56,39,7,3,0.1430357142857143,37,0,0,0,2,0,4,4,5,0,0.15268939393939396
4798,ïlêÊê^îÕ,2,43,11,13,4,0.16348837209302325,1,9,0,0,1,0,0,0,0,21,0.15268939393939396
4798,ïlêÊê^îÕ,3,43,11,16,9,0.14348837209302326,0,0,3,7,1,0,0,0,0,0,0.15268939393939396
4798,ïlêÊê^îÕ,4,42,4,9,8,0.16023809523809524,0,0,1,2,1,0,0,0,0,0,0.15268939393939396
4798,ïlêÊê^îÕ,5,41,3,5,6,0.14048780487804877,0,0,0,2,0,1,0,0,0,0,0.15268939393939396
4798,ïlêÊê^îÕ,6,39,0,5,15,0.1694871794871795,0,0,0,0,0,0,0,0,0,0,0.15268939393939396
4800,è¨éõåùêl,1,15,2,1,5,0.17666666666666667,2,0,0,0,0,0,1,7,4,0,0.16943548387096777
4800,è¨éõåùêl,2,21,2,3,6,0.1742857142857143,0,2,0,0,0,0,0,0,0,12,0.16943548387096777
4800,è¨éõåùêl,3,21,1,2,3,0.17285714285714288,0,0,0,1,0,0,0,0,0,0,0.16943548387096777
4800,è¨éõåùêl,4,27,1,1,3,0.16925925925925928,0,0,0,0,1,0,0,0,0,0,0.16943548387096777
4800,è¨éõåùêl,5,19,0,1,4,0.14157894736842105,0,0,0,0,0,0,0,0,0,0,0.16943548387096777
4800,è¨éõåùêl,6,21,0,2,2,0.18142857142857144,0,0,0,0,0,0,0,0,0,0,0.16943548387096777
4802,íÜìcíBñÁ,1,60,47,8,1,0.13083333333333333,47,0,0,0,0,0,1,2,7,0,0.1365107913669065
4802,íÜìcíBñÁ,2,51,16,13,6,0.13784313725490197,1,8,3,1,1,2,0,0,0,32,0.1365107913669065
4802,íÜìcíBñÁ,3,39,10,15,6,0.1392307692307692,0,2,3,5,0,0,0,0,0,0,0.1365107913669065
4802,íÜìcíBñÁ,4,48,8,13,5,0.13458333333333333,0,0,3,4,0,1,0,0,0,0,0.1365107913669065
4802,íÜìcíBñÁ,5,41,5,8,8,0.13,0,0,1,3,1,0,0,0,0,0,0.1365107913669065
4802,íÜìcíBñÁ,6,39,2,7,11,0.15,0,0,0,2,0,0,0,0,0,0,0.1365107913669065
4803,î—ìcèØå·,1,11,4,1,2,0.17909090909090908,4,0,0,0,0,0,3,3,1,0,0.19120481927710845
4803,î—ìcèØå·,2,16,0,2,4,0.19125,0,0,0,0,0,0,0,0,0,9,0.19120481927710845
4803,î—ìcèØå·,3,13,0,1,2,0.18769230769230769,0,0,0,0,0,0,0,0,0,0,0.19120481927710845
4803,î—ìcèØå·,4,13,0,2,3,0.18384615384615385,0,0,0,0,0,0,0,0,0,0,0.19120481927710845
4803,î—ìcèØå·,5,17,0,2,2,0.20294117647058824,0,0,0,0,0,0,0,0,0,0,0.19120481927710845
4803,î—ìcèØå·,6,13,0,0,2,0.19692307692307692,0,0,0,0,0,0,0,0,0,0,0.19120481927710845
4804,çÇìcÇ–Ç©ÇÈ,1,50,30,5,7,0.2054,28,0,0,0,2,0,3,10,5,0,0.19003968253968254
4804,çÇìcÇ–Ç©ÇÈ,2,40,15,8,4,0.18125,1,2,10,0,1,1,0,0,0,14,0.19003968253968254
4804,çÇìcÇ–Ç©ÇÈ,3,46,21,8,3,0.1791304347826087,0,0,17,0,4,0,0,0,0,0,0.19003968253968254
4804,çÇìcÇ–Ç©ÇÈ,4,47,14,5,7,0.17872340425531916,0,1,11,2,0,0,0,0,0,0,0.19003968253968254
4804,çÇìcÇ–Ç©ÇÈ,5,36,5,7,6,0.20722222222222222,0,0,5,0,0,0,0,0,0,0,0.19003968253968254
4804,çÇìcÇ–Ç©ÇÈ,6,33,4,3,4,0.19,0,1,2,1,0,0,0,0,0,0,0.19003968253968254
4806,ç≤ì°ãùéq,1,15,1,0,2,0.2773333333333333,1,0,0,0,0,0,4,9,0,0,0.19069565217391304
4806,ç≤ì°ãùéq,2,24,2,2,1,0.1925,0,0,1,0,1,0,0,0,0,13,0.19069565217391304
4806,ç≤ì°ãùéq,3,21,0,2,0,0.17904761904761907,0,0,0,0,0,0,0,0,0,0,0.19069565217391304
4806,ç≤ì°ãùéq,4,21,0,1,0,0.16952380952380952,0,0,0,0,0,0,0,0,0,0,0.19069565217391304
4806,ç≤ì°ãùéq,5,15,0,0,0,0.16,0,0,0,0,0,0,0,0,0,0,0.19069565217391304
4806,ç≤ì°ãùéq,6,19,0,0,1,0.1805263157894737,0,0,0,0,0,0,0,0,0,0,0.19069565217391304
4807,â™óIïΩ,1,7,2,1,2,0.16714285714285718,2,0,0,0,0,0,2,2,0,0,0.1879591836734694
4807,â™óIïΩ,2,10,0,1,1,0.179,0,0,0,0,0,0,0,0,0,4,0.1879591836734694
4807,â™óIïΩ,3,7,0,0,0,0.19571428571428573,0,0,0,0,0,0,0,0,0,0,0.1879591836734694
4807,â™óIïΩ,4,8,0,1,1,0.23375,0,0,0,0,0,0,0,0,0,0,0.1879591836734694
4807,â™óIïΩ,5,9,0,1,0,0.17444444444444446,0,0,0,0,0,0,0,0,0,0,0.1879591836734694
4807,â™óIïΩ,6,8,0,1,0,0.18,0,0,0,0,0,0,0,0,0,0,0.1879591836734694
4808,èºîˆëÒ,1,41,35,2,0,0.10804878048780488,34,0,0,0,1,0,2,2,2,0,0.12756521739130436
4808,èºîˆëÒ,2,38,6,12,6,0.115,0,4,2,0,0,0,0,0,0,25,0.12756521739130436
4808,èºîˆëÒ,3,35,10,3,6,0.12085714285714287,0,0,4,5,1,0,0,0,0,0,0.12756521739130436
4808,èºîˆëÒ,4,36,2,9,9,0.14194444444444446,0,1,1,0,0,0,0,0,0,0,0.12756521739130436
4808,èºîˆëÒ,5,43,3,4,7,0.14069767441860465,0,0,1,1,0,1,0,0,0,0,0.12756521739130436
4808,èºîˆëÒ,6,37,4,3,4,0.1391891891891892,0,0,2,1,1,0,0,0,0,0,0.12756521739130436
4809,äOçËåÂ,1,34,16,6,4,0.17058823529411765,14,0,0,0,2,0,2,6,7,0,0.1645971563981043
4809,äOçËåÂ,2,39,9,9,5,0.16102564102564104,0,7,1,0,1,0,0,0,0,17,0.1645971563981043
4809,äOçËåÂ,3,36,1,6,9,0.1675,0,0,0,0,1,0,0,0,0,0,0.1645971563981043
4809,äOçËåÂ,4,35,6,4,11,0.138,0,3,1,2,0,0,0,0,0,0,0.1645971563981043
4809,äOçËåÂ,5,37,2,12,10,0.16324324324324324,0,0,1,1,0,0,0,0,0,0,0.1645971563981043
4809,äOçËåÂ,6,30,0,4,7,0.19166666666666668,0,0,0,0,0,0,0,0,0,0,0.1645971563981043
4811,å¸à‰ìcóCãI,1,44,23,14,3,0.13613636363636364,22,0,0,0,1,0,7,3,8,0,0.14620967741935484
4811,å¸à‰ìcóCãI,2,38,5,13,3,0.15657894736842107,0,3,2,0,0,0,0,0,0,18,0.14620967741935484
4811,å¸à‰ìcóCãI,3,51,13,10,9,0.12784313725490196,0,3,10,0,0,0,0,0,0,0,0.14620967741935484
4811,å¸à‰ìcóCãI,4,37,6,6,10,0.13702702702702704,0,0,4,1,1,0,0,0,0,0,0.14620967741935484
4811,å¸à‰ìcóCãI,5,41,3,6,8,0.14487804878048782,0,0,0,2,1,0,0,0,0,0,0.14620967741935484
4811,å¸à‰ìcóCãI,6,37,2,2,7,0.18351351351351353,0,0,0,1,1,0,0,0,0,0,0.14620967741935484
4812,êºñÏóYãM,1,59,45,6,5,0.11322033898305084,44,0,0,0,1,0,7,4,3,0,0.1278409090909091
4812,êºñÏóYãM,2,37,12,11,6,0.14216216216216215,0,9,1,0,2,0,0,0,0,16,0.1278409090909091
4812,êºñÏóYãM,3,46,15,12,10,0.12478260869565218,0,5,6,4,0,0,0,0,0,0,0.1278409090909091
4812,êºñÏóYãM,4,42,9,9,10,0.12642857142857145,0,1,5,2,1,0,0,0,0,0,0.1278409090909091
4812,êºñÏóYãM,5,40,4,4,7,0.12875,0,0,1,3,0,0,0,0,0,0,0.1278409090909091
4812,êºñÏóYãM,6,40,3,3,9,0.14025,0,0,1,2,0,0,0,0,0,0,0.1278409090909091
4813,ã{ì‡íºç∆,1,35,14,7,2,0.17200000000000001,12,0,0,0,1,1,9,8,4,0,0.1824766355140187
4813,ã{ì‡íºç∆,2,36,2,6,5,0.19722222222222224,0,2,0,0,0,0,0,0,0,17,0.1824766355140187
4813,ã{ì‡íºç∆,3,38,4,2,5,0.18,0,0,3,1,0,0,0,0,0,0,0.1824766355140187
4813,ã{ì‡íºç∆,4,39,5,4,7,0.15692307692307692,0,0,2,1,2,0,0,0,0,0,0.1824766355140187
4813,ã{ì‡íºç∆,5,35,2,1,6,0.18542857142857144,0,0,0,1,1,0,0,0,0,0,0.1824766355140187
4813,ã{ì‡íºç∆,6,31,0,2,4,0.20903225806451614,0,0,0,0,0,0,0,0,0,0,0.1824766355140187
4815,ïöìáóSâÓ,1,19,7,1,2,0.18526315789473685,7,0,0,0,0,0,2,7,3,0,0.172734375
4815,ïöìáóSâÓ,2,21,1,4,7,0.15952380952380954,0,0,1,0,0,0,0,0,0,9,0.172734375
4815,ïöìáóSâÓ,3,24,1,7,4,0.16125,0,0,0,1,0,0,0,0,0,0,0.172734375
4815,ïöìáóSâÓ,4,22,1,1,4,0.1640909090909091,0,0,0,1,0,0,0,0,0,0,0.172734375
4815,ïöìáóSâÓ,5,22,1,0,3,0.17772727272727273,0,0,0,1,0,0,0,0,0,0,0.172734375
4815,ïöìáóSâÓ,6,20,0,0,2,0.1925,0,0,0,0,0,0,0,0,0,0,0.172734375
4816,ë∫èºèCìÒ,1,52,38,4,3,0.14673076923076922,37,0,0,0,1,0,4,5,4,0,0.1425221238938053
4816,ë∫èºèCìÒ,2,35,9,10,8,0.14514285714285716,0,1,5,0,3,0,0,0,0,18,0.1425221238938053
4816,ë∫èºèCìÒ,3,38,12,9,9,0.14105263157894737,0,0,1,7,4,0,0,0,0,0,0.1425221238938053
4816,ë∫èºèCìÒ,4,33,10,8,7,0.1272727272727273,0,2,5,2,1,0,0,0,0,0,0.1425221238938053
4816,ë∫èºèCìÒ,5,32,8,6,7,0.1459375,0,0,2,6,0,0,0,0,0,0,0.1425221238938053
4816,ë∫èºèCìÒ,6,36,3,3,12,0.1463888888888889,0,1,1,1,0,0,0,0,0,0,0.1425221238938053
4817,ìnÁ≥óÉ,1,47,29,9,2,0.13659574468085106,29,0,0,0,0,0,6,6,6,0,0.15211764705882352
4817,ìnÁ≥óÉ,2,44,3,11,13,0.1659090909090909,0,0,1,0,1,1,0,0,0,29,0.15211764705882352
4817,ìnÁ≥óÉ,3,41,5,12,7,0.1526829268292683,0,1,2,1,1,0,0,0,0,0,0.15211764705882352
4817,ìnÁ≥óÉ,4,41,3,9,10,0.14560975609756097,0,0,2,1,0,0,0,0,0,0,0.15211764705882352
4817,ìnÁ≥óÉ,5,42,2,7,5,0.15476190476190477,0,0,0,2,0,0,0,0,0,0,0.15211764705882352
4817,ìnÁ≥óÉ,6,40,0,6,8,0.1585,0,0,0,0,0,0,0,0,0,0,0.15211764705882352
4818,ïöå©èrâÓ,1,10,7,0,0,0.145,7,0,0,0,0,0,1,1,0,0,0.1550526315789474
4818,ïöå©èrâÓ,2,16,3,3,3,0.174375,0,0,2,0,1,0,0,0,0,11,0.1550526315789474
4818,ïöå©èrâÓ,3,13,0,4,2,0.16538461538461538,0,0,0,0,0,0,0,0,0,0,0.1550526315789474
4818,ïöå©èrâÓ,4,15,0,2,2,0.178,0,0,0,0,0,0,0,0,0,0,0.1550526315789474
4818,ïöå©èrâÓ,5,21,2,2,2,0.14714285714285713,0,0,2,0,0,0,0,0,0,0,0.1550526315789474
4818,ïöå©èrâÓ,6,20,2,2,2,0.129,0,0,1,1,0,0,0,0,0,0,0.1550526315789474
4819,ñIê{êêê∂,1,28,17,3,3,0.16999999999999998,16,0,0,0,0,1,3,6,1,0,0.17449438202247192
4819,ñIê{êêê∂,2,31,6,5,7,0.17806451612903226,0,3,3,0,0,0,0,0,0,19,0.17449438202247192
4819,ñIê{êêê∂,3,30,4,5,7,0.15633333333333335,0,1,3,0,0,0,0,0,0,0,0.17449438202247192
4819,ñIê{êêê∂,4,27,4,2,7,0.17333333333333337,0,2,1,1,0,0,0,0,0,0,0.17449438202247192
4819,ñIê{êêê∂,5,31,0,0,5,0.1835483870967742,0,0,0,0,0,0,0,0,0,0,0.17449438202247192
4819,ñIê{êêê∂,6,31,0,2,7,0.18451612903225806,0,0,0,0,0,0,0,0,0,0,0.17449438202247192
4820,è„ñÏó„,1,1,0,0,1,0.18,0,0,0,0,0,0,0,0,0,0,0.16142857142857142
4820,è„ñÏó„,2,1,0,1,0,0.33,0,0,0,0,0,0,0,0,0,0,0.16142857142857142
4820,è„ñÏó„,3,1,0,0,0,0.03,0,0,0,0,0,0,0,0,0,0,0.16142857142857142
4820,è„ñÏó„,4,3,1,0,1,0.10000000000000002,0,0,0,1,0,0,0,0,0,0,0.16142857142857142
4820,è„ñÏó„,5,1,0,0,0,0.29,0,0,0,0,0,0,0,0,0,0,0.16142857142857142
4821,ç»íπêWñÁ,1,35,17,8,4,0.18228571428571427,17,0,0,0,0,0,8,7,1,0,0.18754545454545454
4821,ç»íπêWñÁ,2,38,5,4,10,0.1794736842105263,0,3,2,0,0,0,0,0,0,19,0.18754545454545454
4821,ç»íπêWñÁ,3,41,8,10,8,0.19170731707317074,0,2,1,5,0,0,0,0,0,0,0.18754545454545454
4821,ç»íπêWñÁ,4,40,5,8,9,0.1915,0,0,1,2,1,1,0,0,0,0,0.18754545454545454
4821,ç»íπêWñÁ,5,35,2,2,8,0.18371428571428572,0,1,0,1,0,0,0,0,0,0,0.18754545454545454
4821,ç»íπêWñÁ,6,31,1,4,8,0.1970967741935484,0,0,1,0,0,0,0,0,0,0,0.18754545454545454
4822,ïSïê„ƒ,1,27,12,9,3,0.14666666666666667,12,0,0,0,0,0,4,5,5,0,0.1726865671641791
4822,ïSïê„ƒ,2,36,4,12,9,0.18861111111111112,0,3,0,1,0,0,0,0,0,23,0.1726865671641791
4822,ïSïê„ƒ,3,35,5,9,7,0.15457142857142858,0,0,2,2,1,0,0,0,0,0,0.1726865671641791
4822,ïSïê„ƒ,4,38,4,7,8,0.17868421052631578,0,2,1,1,0,0,0,0,0,0,0.1726865671641791
4822,ïSïê„ƒ,5,33,2,4,7,0.16575757575757574,0,0,1,1,0,0,0,0,0,0,0.1726865671641791
4822,ïSïê„ƒ,6,32,0,3,8,0.1965625,0,0,0,0,0,0,0,0,0,0,0.1726865671641791
4823,íÜë∫ìçâ¿,1,59,41,7,8,0.1323728813559322,37,0,0,0,4,0,6,6,4,0,0.12888461538461538
4823,íÜë∫ìçâ¿,2,41,12,12,10,0.13170731707317074,1,9,1,0,1,0,0,0,0,17,0.12888461538461538
4823,íÜë∫ìçâ¿,3,41,8,13,8,0.11951219512195123,0,3,2,1,2,0,0,0,0,0,0.12888461538461538
4823,íÜë∫ìçâ¿,4,49,5,11,11,0.11571428571428571,0,1,4,0,0,0,0,0,0,0,0.12888461538461538
4823,íÜë∫ìçâ¿,5,32,3,6,7,0.1328125,0,0,0,3,0,0,0,0,0,0,0.12888461538461538
4823,íÜë∫ìçâ¿,6,38,3,1,11,0.14421052631578948,0,0,1,0,2,0,0,0,0,0,0.12888461538461538
4824,èºà‰ç^ñÌ,1,41,34,3,0,0.14487804878048782,33,0,0,0,1,0,1,4,2,0,0.13822222222222222
4824,èºà‰ç^ñÌ,2,38,8,9,9,0.1281578947368421,0,5,2,0,1,0,0,0,0,24,0.13822222222222222
4824,èºà‰ç^ñÌ,3,42,9,10,8,0.1380952380952381,1,4,0,3,1,0,0,0,0,0,0.13822222222222222
4824,èºà‰ç^ñÌ,4,33,4,7,6,0.12545454545454549,0,2,0,2,0,0,0,0,0,0,0.13822222222222222
4824,èºà‰ç^ñÌ,5,37,2,7,8,0.14567567567567566,0,1,0,1,0,0,0,0,0,0,0.13822222222222222
4824,èºà‰ç^ñÌ,6,34,0,3,6,0.14588235294117646,0,0,0,0,0,0,0,0,0,0,0.13822222222222222
4825,ëqéù‰ªÅX,1,41,28,5,3,0.14,26,0,0,0,1,1,5,6,2,0,0.13964285714285715
4825,ëqéù‰ªÅX,2,41,6,17,9,0.14658536585365853,0,1,4,0,1,0,0,0,0,25,0.13964285714285715
4825,ëqéù‰ªÅX,3,44,9,11,10,0.12977272727272726,0,2,2,3,1,1,0,0,0,0,0.13964285714285715
4825,ëqéù‰ªÅX,4,34,6,13,6,0.13,0,1,2,2,1,0,0,0,0,0,0.13964285714285715
4825,ëqéù‰ªÅX,5,37,2,6,9,0.14783783783783783,0,0,0,1,1,0,0,0,0,0,0.13964285714285715
4825,ëqéù‰ªÅX,6,27,2,4,4,0.14555555555555555,0,0,0,2,0,0,0,0,0,0,0.13964285714285715
4826,à‰è„àÍãP,1,59,44,4,4,0.13016949152542373,42,0,0,0,2,0,3,7,4,0,0.13277153558052435
4826,à‰è„àÍãP,2,43,10,9,11,0.14093023255813955,0,6,2,0,2,0,0,0,0,23,0.13277153558052435
4826,à‰è„àÍãP,3,43,14,9,6,0.13372093023255813,0,0,7,4,3,0,0,0,0,0,0.13277153558052435
4826,à‰è„àÍãP,4,45,11,8,10,0.12911111111111112,0,1,4,4,2,0,0,0,0,0,0.13277153558052435
4826,à‰è„àÍãP,5,38,4,9,5,0.1268421052631579,0,0,2,2,0,0,0,0,0,0,0.13277153558052435
4826,à‰è„àÍãP,6,39,2,3,7,0.13666666666666666,0,0,1,1,0,0,0,0,0,0,0.13277153558052435
4828,èºéRè´å·,1,47,27,6,3,0.14297872340425533,25,0,0,0,2,0,1,8,10,0,0.15350000000000003
4828,èºéRè´å·,2,47,9,16,10,0.1493617021276596,0,4,1,1,2,1,0,0,0,23,0.15350000000000003
4828,èºéRè´å·,3,49,6,12,9,0.15,0,0,0,5,1,0,0,0,0,0,0.15350000000000003
4828,èºéRè´å·,4,52,9,14,10,0.14,0,1,2,4,1,1,0,0,0,0,0.15350000000000003
4828,èºéRè´å·,5,49,7,6,9,0.16979591836734695,0,0,1,6,0,0,0,0,0,0,0.15350000000000003
4828,èºéRè´å·,6,36,0,4,13,0.17472222222222222,0,0,0,0,0,0,0,0,0,0,0.15350000000000003
4831,âHñÏíºñÁ,1,61,50,6,1,0.11704918032786886,49,0,0,0,0,1,4,3,4,0,0.11847583643122676
4831,âHñÏíºñÁ,2,50,12,15,8,0.10279999999999999,0,5,7,0,0,0,0,0,0,25,0.11847583643122676
4831,âHñÏíºñÁ,3,40,14,5,6,0.12825,0,1,2,8,2,1,0,0,0,0,0.11847583643122676
4831,âHñÏíºñÁ,4,47,8,15,12,0.10893617021276596,0,2,2,4,0,0,0,0,0,0,0.11847583643122676
4831,âHñÏíºñÁ,5,34,3,8,10,0.12029411764705882,0,0,1,2,0,0,0,0,0,0,0.11847583643122676
4831,âHñÏíºñÁ,6,37,1,7,7,0.14189189189189189,0,0,0,1,0,0,0,0,0,0,0.11847583643122676
4832,å†ì°èråı,1,47,33,8,1,0.1580851063829787,28,0,0,0,5,0,3,5,4,0,0.15260330578512396
4832,å†ì°èråı,2,47,13,14,10,0.16085106382978726,0,12,0,0,1,0,0,0,0,22,0.15260330578512396
4832,å†ì°èråı,3,36,5,16,6,0.15000000000000002,0,0,2,2,1,0,0,0,0,0,0.15260330578512396
4832,å†ì°èråı,4,41,9,9,10,0.1353658536585366,0,1,5,3,0,0,0,0,0,0,0.15260330578512396
4832,å†ì°èråı,5,34,7,5,10,0.15970588235294117,0,1,0,5,1,0,0,0,0,0,0.15260330578512396
4832,å†ì°èråı,6,37,3,4,13,0.1502702702702703,0,0,0,1,2,0,0,0,0,0,0.15260330578512396
4833,ãgçËóIéi,1,2,2,0,0,0.045000000000000005,2,0,0,0,0,0,0,0,0,0,0.16208333333333333
4833,ãgçËóIéi,2,5,0,0,2,0.182,0,0,0,0,0,0,0,0,0,3,0.16208333333333333
4833,ãgçËóIéi,3,6,0,2,0,0.12833333333333333,0,0,0,0,0,0,0,0,0,0,0.16208333333333333
4833,ãgçËóIéi,4,5,0,0,1,0.144,0,0,0,0,0,0,0,0,0,0,0.16208333333333333
4833,ãgçËóIéi,5,3,0,0,0,0.26333333333333336,0,0,0,0,0,0,0,0,0,0,0.16208333333333333
4833,ãgçËóIéi,6,3,0,0,0,0.20333333333333337,0,0,0,0,0,0,0,0,0,0,0.16208333333333333
4834,ïlñ{óTå»,1,32,16,5,6,0.1546875,16,0,0,0,0,0,5,5,5,0,0.1607936507936508
4834,ïlñ{óTå»,2,45,2,8,11,0.1708888888888889,0,1,0,1,0,0,0,0,0,23,0.1607936507936508
4834,ïlñ{óTå»,3,44,9,10,9,0.16,1,1,1,4,2,0,0,0,0,0,0.1607936507936508
4834,ïlñ{óTå»,4,50,2,3,13,0.15960000000000002,0,0,1,1,0,0,0,0,0,0,0.1607936507936508
4834,ïlñ{óTå»,5,44,2,4,3,0.14409090909090908,0,0,0,2,0,0,0,0,0,0,0.1607936507936508
4834,ïlñ{óTå»,6,37,0,1,7,0.17621621621621622,0,0,0,0,0,0,0,0,0,0,0.1607936507936508
4835,ã¥ñ{ñæ,1,29,11,4,6,0.17793103448275863,10,0,0,0,1,0,4,9,5,0,0.1615668202764977
4835,ã¥ñ{ñæ,2,37,4,8,11,0.17216216216216215,0,4,0,0,0,0,0,0,0,24,0.1615668202764977
4835,ã¥ñ{ñæ,3,43,6,7,11,0.1572093023255814,0,1,1,3,1,0,0,0,0,0,0.1615668202764977
4835,ã¥ñ{ñæ,4,35,0,8,8,0.1402857142857143,0,0,0,0,0,0,0,0,0,0,0.1615668202764977
4835,ã¥ñ{ñæ,5,37,1,2,5,0.16783783783783784,0,1,0,0,0,0,0,0,0,0,0.1615668202764977
4835,ã¥ñ{ñæ,6,36,0,3,6,0.15694444444444444,0,0,0,0,0,0,0,0,0,0,0.1615668202764977
4836,ëÂíJåíëæ,1,16,6,0,6,0.18625,6,0,0,0,0,0,1,5,3,0,0.16152380952380954
4836,ëÂíJåíëæ,2,18,1,5,7,0.17222222222222222,0,1,0,0,0,0,0,0,0,11,0.16152380952380954
4836,ëÂíJåíëæ,3,18,1,1,3,0.16444444444444445,0,0,0,1,0,0,0,0,0,0,0.16152380952380954
4836,ëÂíJåíëæ,4,18,4,2,1,0.14833333333333332,0,2,2,0,0,0,0,0,0,0,0.16152380952380954
4836,ëÂíJåíëæ,5,18,0,1,1,0.15944444444444444,0,0,0,0,0,0,0,0,0,0,0.16152380952380954
4836,ëÂíJåíëæ,6,17,2,1,3,0.13999999999999999,0,0,1,1,0,0,0,0,0,0,0.16152380952380954
4837,éà‰ózóS,1,19,8,3,2,0.14157894736842105,8,0,0,0,0,0,7,2,2,0,0.1603225806451613
4837,éà‰ózóS,2,30,3,5,5,0.157,0,3,0,0,0,0,0,0,0,15,0.1603225806451613
4837,éà‰ózóS,3,26,2,7,2,0.15192307692307694,0,0,1,1,0,0,0,0,0,0,0.1603225806451613
4837,éà‰ózóS,4,30,1,4,4,0.15966666666666668,0,0,0,1,0,0,0,0,0,0,0.1603225806451613
4837,éà‰ózóS,5,25,1,2,1,0.1496,0,1,0,0,0,0,0,0,0,0,0.1603225806451613
4837,éà‰ózóS,6,25,0,1,1,0.19879999999999998,0,0,0,0,0,0,0,0,0,0,0.1603225806451613
4839,élã{ó^ä∞,1,30,15,3,2,0.162,13,0,0,0,1,1,2,9,1,0,0.14331818181818182
4839,élã{ó^ä∞,2,40,12,10,8,0.128,0,9,2,0,1,0,0,0,0,21,0.14331818181818182
4839,élã{ó^ä∞,3,34,5,9,9,0.13058823529411767,0,1,3,1,0,0,0,0,0,0,0.14331818181818182
4839,élã{ó^ä∞,4,44,1,9,13,0.14772727272727273,0,0,0,0,1,0,0,0,0,0,0.14331818181818182
4839,élã{ó^ä∞,5,33,1,5,5,0.1384848484848485,0,0,0,1,0,0,0,0,0,0,0.14331818181818182
4839,élã{ó^ä∞,6,39,0,7,4,0.15487179487179487,0,0,0,0,0,0,0,0,0,0,0.14331818181818182
4840,óÈñÿèG‰ù,1,30,10,4,4,0.157,10,0,0,0,0,0,6,8,4,0,0.164247311827957
4840,óÈñÿèG‰ù,2,29,0,4,6,0.18310344827586209,0,0,0,0,0,0,0,0,0,16,0.164247311827957
4840,óÈñÿèG‰ù,3,35,4,5,9,0.14114285714285715,0,1,3,0,0,0,0,0,0,0,0.164247311827957
4840,óÈñÿèG‰ù,4,32,4,3,5,0.1696875,0,0,3,1,0,0,0,0,0,0,0.164247311827957
4840,óÈñÿèG‰ù,5,31,1,1,3,0.1761290322580645,0,0,1,0,0,0,0,0,0,0,0.164247311827957
4840,óÈñÿèG‰ù,6,29,0,1,5,0.1620689655172414,0,0,0,0,0,0,0,0,0,0,0.164247311827957
4841,çÇã¥óIâ‘,1,12,7,2,0,0.165,7,0,0,0,0,0,1,3,0,0,0.17685714285714285
4841,çÇã¥óIâ‘,2,21,1,3,4,0.18095238095238098,0,1,0,0,0,0,0,0,0,15,0.17685714285714285
4841,çÇã¥óIâ‘,3,22,0,5,4,0.1640909090909091,0,0,0,0,0,0,0,0,0,0,0.17685714285714285
4841,çÇã¥óIâ‘,4,19,1,1,4,0.1794736842105263,0,0,1,0,0,0,0,0,0,0,0.17685714285714285
4841,çÇã¥óIâ‘,5,19,2,2,1,0.15578947368421053,0,0,2,0,0,0,0,0,0,0,0.17685714285714285
4841,çÇã¥óIâ‘,6,12,0,1,0,0.23416666666666666,0,0,0,0,0,0,0,0,0,0,0.17685714285714285
4842,éRâ∫çVëÂ,1,31,17,4,5,0.16225806451612904,15,0,0,0,1,1,1,6,3,0,0.17067708333333334
4842,éRâ∫çVëÂ,2,36,3,9,11,0.17083333333333334,0,3,0,0,0,0,0,0,0,20,0.17067708333333334
4842,éRâ∫çVëÂ,3,28,0,5,12,0.1525,0,0,0,0,0,0,0,0,0,0,0.17067708333333334
4842,éRâ∫çVëÂ,4,33,3,5,10,0.1693939393939394,0,0,1,2,0,0,0,0,0,0,0.17067708333333334
4842,éRâ∫çVëÂ,5,34,0,4,11,0.1611764705882353,0,0,0,0,0,0,0,0,0,0,0.17067708333333334
4842,éRâ∫çVëÂ,6,30,0,1,7,0.20833333333333334,0,0,0,0,0,0,0,0,0,0,0.17067708333333334
4843,ê[îˆîbåb,1,15,1,2,4,0.25466666666666665,1,0,0,0,0,0,4,8,0,0,0.20155737704918034
4843,ê[îˆîbåb,2,21,1,5,4,0.1823809523809524,0,0,1,0,0,0,0,0,0,12,0.20155737704918034
4843,ê[îˆîbåb,3,22,3,1,1,0.21409090909090908,0,0,2,0,1,0,0,0,0,0,0.20155737704918034
4843,ê[îˆîbåb,4,21,0,1,2,0.19,0,0,0,0,0,0,0,0,0,0,0.20155737704918034
4843,ê[îˆîbåb,5,23,0,3,4,0.18217391304347827,0,0,0,0,0,0,0,0,0,0,0.20155737704918034
4843,ê[îˆîbåb,6,20,0,0,1,0.20249999999999999,0,0,0,0,0,0,0,0,0,0,0.20155737704918034
4844,ë∫è„ìﬁï‰,1,25,12,5,4,0.134,11,0,0,0,1,0,3,6,3,0,0.17680722891566267
4844,ë∫è„ìﬁï‰,2,28,0,9,8,0.16,0,0,0,0,0,0,0,0,0,22,0.17680722891566267
4844,ë∫è„ìﬁï‰,3,32,1,5,7,0.1721875,0,0,1,0,0,0,0,0,0,0,0.17680722891566267
4844,ë∫è„ìﬁï‰,4,31,3,5,6,0.16709677419354838,0,0,3,0,0,0,0,0,0,0,0.17680722891566267
4844,ë∫è„ìﬁï‰,5,23,0,2,4,0.21608695652173912,0,0,0,0,0,0,0,0,0,0,0.17680722891566267
4844,ë∫è„ìﬁï‰,6,27,0,2,4,0.21703703703703706,0,0,0,0,0,0,0,0,0,0,0.17680722891566267
4845,ëOìcé—äÛ,1,22,16,2,3,0.13318181818181818,16,0,0,0,0,0,1,3,1,0,0.15538922155688623
4845,ëOìcé—äÛ,2,31,10,5,4,0.15258064516129033,0,4,3,0,3,0,0,0,0,11,0.15538922155688623
4845,ëOìcé—äÛ,3,28,5,5,4,0.17142857142857143,0,0,2,2,1,0,0,0,0,0,0.15538922155688623
4845,ëOìcé—äÛ,4,27,2,7,8,0.1374074074074074,0,1,0,1,0,0,0,0,0,0,0.15538922155688623
4845,ëOìcé—äÛ,5,34,1,6,7,0.15617647058823528,0,0,0,1,0,0,0,0,0,0,0.15538922155688623
4845,ëOìcé—äÛ,6,25,2,3,9,0.1788,0,1,0,1,0,0,0,0,0,0,0.15538922155688623
4846,ç≤ì°èxâÓ,1,21,11,4,1,0.18761904761904763,8,0,0,0,3,0,2,6,2,0,0.16999999999999998
4846,ç≤ì°èxâÓ,2,44,4,9,6,0.16636363636363638,0,3,0,0,0,1,0,0,0,26,0.16999999999999998
4846,ç≤ì°èxâÓ,3,42,3,8,5,0.15357142857142858,0,1,1,1,0,0,0,0,0,0,0.16999999999999998
4846,ç≤ì°èxâÓ,4,42,4,4,6,0.17333333333333334,0,1,0,2,1,0,0,0,0,0,0.16999999999999998
4846,ç≤ì°èxâÓ,5,44,1,4,4,0.16704545454545452,0,0,0,1,0,0,0,0,0,0,0.16999999999999998
4846,ç≤ì°èxâÓ,6,23,0,1,6,0.19043478260869565,0,0,0,0,0,0,0,0,0,0,0.16999999999999998
4847,ç≤ì°ó≤ëæòY,1,38,28,5,2,0.14684210526315788,26,0,0,0,2,0,2,6,0,0,0.1532579185520362
4847,ç≤ì°ó≤ëæòY,2,41,7,13,7,0.1546341463414634,0,6,1,0,0,0,0,0,0,23,0.1532579185520362
4847,ç≤ì°ó≤ëæòY,3,36,8,4,13,0.15333333333333335,0,1,3,2,2,0,0,0,0,0,0.1532579185520362
4847,ç≤ì°ó≤ëæòY,4,36,2,14,6,0.13944444444444445,0,0,2,0,0,0,0,0,0,0,0.1532579185520362
4847,ç≤ì°ó≤ëæòY,5,33,4,7,9,0.15303030303030302,0,0,0,3,1,0,0,0,0,0,0.1532579185520362
4847,ç≤ì°ó≤ëæòY,6,37,3,4,8,0.1718918918918919,0,0,3,0,0,0,0,0,0,0,0.1532579185520362
4848,íáíJÈDêm,1,65,46,10,4,0.13030769230769232,42,0,0,0,4,0,7,4,7,0,0.15085714285714286
4848,íáíJÈDêm,2,41,12,12,6,0.14390243902439026,0,6,5,1,0,0,0,0,0,16,0.15085714285714286
4848,íáíJÈDêm,3,42,11,12,10,0.1519047619047619,0,1,4,4,1,1,0,0,0,0,0.15085714285714286
4848,íáíJÈDêm,4,49,4,11,17,0.16612244897959186,0,0,0,3,1,0,0,0,0,0,0.15085714285714286
4848,íáíJÈDêm,5,38,4,11,4,0.15342105263157896,0,1,0,2,1,0,0,0,0,0,0.15085714285714286
4848,íáíJÈDêm,6,45,2,8,11,0.16711111111111113,0,1,1,0,0,0,0,0,0,0,0.15085714285714286
4849,êXìcëæóz,1,9,0,1,3,0.18555555555555556,0,0,0,0,0,0,0,7,0,0,0.19666666666666666
4849,êXìcëæóz,2,15,1,4,4,0.174,0,1,0,0,0,0,0,0,0,9,0.19666666666666666
4849,êXìcëæóz,3,10,0,2,4,0.205,0,0,0,0,0,0,0,0,0,0,0.19666666666666666
4849,êXìcëæóz,4,12,1,0,2,0.19333333333333333,0,0,0,1,0,0,0,0,0,0,0.19666666666666666
4849,êXìcëæóz,5,14,0,1,3,0.21428571428571427,0,0,0,0,0,0,0,0,0,0,0.19666666666666666
4849,êXìcëæóz,6,12,0,0,2,0.2091666666666667,0,0,0,0,0,0,0,0,0,0,0.19666666666666666
4850,ñÏíÜàÍïΩ,1,40,29,4,4,0.11625,29,0,0,0,0,0,1,5,4,0,0.11609756097560976
4850,ñÏíÜàÍïΩ,2,34,4,11,7,0.10470588235294118,0,1,1,1,1,0,0,0,0,16,0.11609756097560976
4850,ñÏíÜàÍïΩ,3,29,10,8,5,0.11517241379310345,0,1,4,3,2,0,0,0,0,0,0.11609756097560976
4850,ñÏíÜàÍïΩ,4,36,8,7,7,0.09944444444444445,0,1,5,1,1,0,0,0,0,0,0.11609756097560976
4850,ñÏíÜàÍïΩ,5,35,4,11,8,0.12200000000000001,0,1,0,2,1,0,0,0,0,0,0.11609756097560976
4850,ñÏíÜàÍïΩ,6,31,4,1,10,0.14193548387096774,0,2,0,1,1,0,0,0,0,0,0.11609756097560976
4851,ä÷ç_ç∆,1,69,60,4,4,0.1427536231884058,56,0,0,0,4,0,4,3,2,0,0.16322695035460993
4851,ä÷ç_ç∆,2,48,16,16,6,0.16895833333333332,0,13,0,0,3,0,0,0,0,22,0.16322695035460993
4851,ä÷ç_ç∆,3,41,17,8,6,0.16658536585365855,0,4,9,2,2,0,0,0,0,0,0.16322695035460993
4851,ä÷ç_ç∆,4,44,5,15,13,0.16227272727272726,0,0,2,2,1,0,0,0,0,0,0.16322695035460993
4851,ä÷ç_ç∆,5,39,8,15,7,0.17358974358974358,0,0,1,6,1,0,0,0,0,0,0.16322695035460993
4851,ä÷ç_ç∆,6,41,4,10,11,0.17878048780487804,0,1,0,2,0,1,0,0,0,0,0.16322695035460993
4852,êÏå¥óSñæ,1,52,33,9,2,0.15653846153846154,31,0,0,0,2,0,3,9,5,0,0.15203252032520326
4852,êÏå¥óSñæ,2,37,7,12,9,0.15945945945945947,0,4,3,0,0,0,0,0,0,20,0.15203252032520326
4852,êÏå¥óSñæ,3,43,13,8,6,0.16209302325581396,0,5,1,4,3,0,0,0,0,0,0.15203252032520326
4852,êÏå¥óSñæ,4,40,7,5,11,0.148,0,3,1,1,2,0,0,0,0,0,0.15203252032520326
4852,êÏå¥óSñæ,5,36,3,7,10,0.14,0,0,0,2,1,0,0,0,0,0,0.15203252032520326
4852,êÏå¥óSñæ,6,38,1,5,10,0.14289473684210527,0,0,0,1,0,0,0,0,0,0,0.15203252032520326
4853,ëOå¥ç∆,1,21,8,3,2,0.16238095238095238,7,0,0,0,0,1,3,8,0,0,0.18258426966292135
4853,ëOå¥ç∆,2,35,4,4,8,0.19,0,3,1,0,0,0,0,0,0,19,0.18258426966292135
4853,ëOå¥ç∆,3,31,3,4,4,0.17290322580645162,0,1,1,0,1,0,0,0,0,0,0.18258426966292135
4853,ëOå¥ç∆,4,31,1,5,5,0.17709677419354838,0,1,0,0,0,0,0,0,0,0,0.18258426966292135
4853,ëOå¥ç∆,5,36,0,2,6,0.19666666666666666,0,0,0,0,0,0,0,0,0,0,0.18258426966292135
4853,ëOå¥ç∆,6,24,0,0,5,0.18791666666666665,0,0,0,0,0,0,0,0,0,0,0.18258426966292135
4854,ëÂã¥óRéÏ,1,22,10,2,2,0.19727272727272727,9,0,0,0,1,0,4,3,3,0,0.18572327044025158
4854,ëÂã¥óRéÏ,2,32,0,5,9,0.1825,0,0,0,0,0,0,0,0,0,20,0.18572327044025158
4854,ëÂã¥óRéÏ,3,30,3,4,5,0.181,0,0,0,3,0,0,0,0,0,0,0.18572327044025158
4854,ëÂã¥óRéÏ,4,23,2,2,2,0.20130434782608694,0,0,0,1,1,0,0,0,0,0,0.18572327044025158
4854,ëÂã¥óRéÏ,5,23,1,1,4,0.1773913043478261,0,0,1,0,0,0,0,0,0,0,0.18572327044025158
4854,ëÂã¥óRéÏ,6,29,2,2,6,0.1796551724137931,0,0,0,1,1,0,0,0,0,0,0.18572327044025158
4855,ç]ì™å´ëæ,1,16,8,2,1,0.151875,7,0,0,0,1,0,2,3,2,0,0.1572222222222222
4855,ç]ì™å´ëæ,2,27,7,3,3,0.1662962962962963,0,3,2,1,0,1,0,0,0,14,0.1572222222222222
4855,ç]ì™å´ëæ,3,21,3,0,8,0.16666666666666666,0,0,3,0,0,0,0,0,0,0,0.1572222222222222
4855,ç]ì™å´ëæ,4,21,1,2,0,0.14047619047619048,0,0,1,0,0,0,0,0,0,0,0.1572222222222222
4855,ç]ì™å´ëæ,5,23,0,1,2,0.14304347826086958,0,0,0,0,0,0,0,0,0,0,0.1572222222222222
4855,ç]ì™å´ëæ,6,18,1,2,0,0.175,0,0,1,0,0,0,0,0,0,0,0.1572222222222222
4856,ñLìcåíémòY,1,52,37,7,6,0.14961538461538462,35,0,0,0,2,0,6,3,5,0,0.16388185654008441
4856,ñLìcåíémòY,2,35,8,15,5,0.17457142857142857,0,6,1,0,1,0,0,0,0,16,0.16388185654008441
4856,ñLìcåíémòY,3,40,4,14,13,0.1575,0,0,1,3,0,0,0,0,0,0,0.16388185654008441
4856,ñLìcåíémòY,4,37,8,8,8,0.15783783783783784,0,3,1,3,0,1,0,0,0,0,0.16388185654008441
4856,ñLìcåíémòY,5,31,3,7,4,0.15935483870967743,0,0,0,3,0,0,0,0,0,0,0.16388185654008441
4856,ñLìcåíémòY,6,42,3,6,11,0.18738095238095237,0,0,2,1,0,0,0,0,0,0,0.16388185654008441
4857,â¡ì°„ƒîn,1,37,25,5,2,0.14081081081081082,23,0,0,0,2,0,3,4,2,0,0.17239669421487602
4857,â¡ì°„ƒîn,2,46,10,15,9,0.16108695652173913,0,3,6,1,0,0,0,0,0,27,0.17239669421487602
4857,â¡ì°„ƒîn,3,43,8,14,9,0.17465116279069767,0,1,1,5,1,0,0,0,0,0,0.17239669421487602
4857,â¡ì°„ƒîn,4,42,3,16,7,0.18333333333333335,0,0,1,1,1,0,0,0,0,0,0.17239669421487602
4857,â¡ì°„ƒîn,5,38,2,10,7,0.17973684210526317,0,0,0,2,0,0,0,0,0,0,0.17239669421487602
4857,â¡ì°„ƒîn,6,36,0,4,12,0.19611111111111112,0,0,0,0,0,0,0,0,0,0,0.17239669421487602
4861,ìcíÜçGé˜,1,22,15,1,1,0.14954545454545454,15,0,0,0,0,0,3,3,1,0,0.17063492063492064
4861,ìcíÜçGé˜,2,36,3,12,9,0.1663888888888889,0,2,0,0,1,0,0,0,0,22,0.17063492063492064
4861,ìcíÜçGé˜,3,34,3,9,10,0.15294117647058825,0,0,1,2,0,0,0,0,0,0,0.17063492063492064
4861,ìcíÜçGé˜,4,33,2,3,5,0.1787878787878788,0,0,1,1,0,0,0,0,0,0,0.17063492063492064
4861,ìcíÜçGé˜,5,28,1,2,6,0.17535714285714285,0,0,0,1,0,0,0,0,0,0,0.17063492063492064
4861,ìcíÜçGé˜,6,36,1,2,3,0.19333333333333333,0,0,0,1,0,0,0,0,0,0,0.17063492063492064
4862,ïêì°íºéu,1,22,6,0,5,0.21363636363636365,6,0,0,0,0,0,6,5,2,0,0.19318840579710145
4862,ïêì°íºéu,2,25,0,3,3,0.1808,0,0,0,0,0,0,0,0,0,12,0.19318840579710145
4862,ïêì°íºéu,3,29,0,3,3,0.17655172413793105,0,0,0,0,0,0,0,0,0,0,0.19318840579710145
4862,ïêì°íºéu,4,22,0,3,5,0.18227272727272725,0,0,0,0,0,0,0,0,0,0,0.19318840579710145
4862,ïêì°íºéu,5,20,1,0,0,0.213,0,0,0,0,1,0,0,0,0,0,0.19318840579710145
4862,ïêì°íºéu,6,20,0,1,1,0.20249999999999999,0,0,0,0,0,0,0,0,0,0,0.19318840579710145
4863,éOâYóTãM,1,21,3,4,5,0.1780952380952381,3,0,0,0,0,0,7,6,4,0,0.17703225806451614
4863,éOâYóTãM,2,30,1,6,5,0.153,0,1,0,0,0,0,0,0,0,18,0.17703225806451614
4863,éOâYóTãM,3,27,0,2,11,0.17555555555555558,0,0,0,0,0,0,0,0,0,0,0.17703225806451614
4863,éOâYóTãM,4,24,1,3,3,0.17833333333333334,0,1,0,0,0,0,0,0,0,0,0.17703225806451614
4863,éOâYóTãM,5,29,1,3,9,0.1820689655172414,0,0,0,1,0,0,0,0,0,0,0.17703225806451614
4863,éOâYóTãM,6,24,0,1,3,0.20041666666666666,0,0,0,0,0,0,0,0,0,0,0.17703225806451614
4864,è¨êÏì˙ãIëæ,1,19,9,3,2,0.13526315789473684,8,0,0,0,1,0,4,4,0,0,0.14222857142857143
4864,è¨êÏì˙ãIëæ,2,37,8,9,9,0.13864864864864865,0,2,4,0,2,0,0,0,0,17,0.14222857142857143
4864,è¨êÏì˙ãIëæ,3,31,1,5,7,0.15225806451612903,0,0,1,0,0,0,0,0,0,0,0.14222857142857143
4864,è¨êÏì˙ãIëæ,4,31,2,8,5,0.13,0,0,2,0,0,0,0,0,0,0,0.14222857142857143
4864,è¨êÏì˙ãIëæ,5,32,1,4,5,0.1415625,0,0,1,0,0,0,0,0,0,0,0.14222857142857143
4864,è¨êÏì˙ãIëæ,6,25,0,2,3,0.1564,0,0,0,0,0,0,0,0,0,0,0.14222857142857143
4865,óßãÔåhéi,1,9,3,3,0,0.18666666666666665,3,0,0,0,0,0,2,4,0,0,0.18408450704225351
4865,óßãÔåhéi,2,13,1,2,2,0.19769230769230772,0,1,0,0,0,0,0,0,0,4,0.18408450704225351
4865,óßãÔåhéi,3,13,1,4,3,0.16846153846153847,0,0,0,1,0,0,0,0,0,0,0.18408450704225351
4865,óßãÔåhéi,4,16,1,1,2,0.19375,0,0,0,1,0,0,0,0,0,0,0.18408450704225351
4865,óßãÔåhéi,5,11,0,0,2,0.16636363636363638,0,0,0,0,0,0,0,0,0,0,0.18408450704225351
4865,óßãÔåhéi,6,9,0,1,1,0.18888888888888888,0,0,0,0,0,0,0,0,0,0,0.18408450704225351
4866,ã¥ñ{âpàÍ,1,31,16,4,3,0.17258064516129032,14,0,0,0,2,0,1,10,2,0,0.15257009345794392
4866,ã¥ñ{âpàÍ,2,37,4,12,11,0.14864864864864866,0,2,2,0,0,0,0,0,0,22,0.15257009345794392
4866,ã¥ñ{âpàÍ,3,37,4,11,9,0.13864864864864865,0,0,3,1,0,0,0,0,0,0,0.15257009345794392
4866,ã¥ñ{âpàÍ,4,39,4,10,6,0.13974358974358975,0,0,2,1,0,1,0,0,0,0,0.15257009345794392
4866,ã¥ñ{âpàÍ,5,34,1,1,8,0.15911764705882353,0,0,0,1,0,0,0,0,0,0,0.15257009345794392
4866,ã¥ñ{âpàÍ,6,36,3,0,5,0.16138888888888892,0,0,2,1,0,0,0,0,0,0,0.15257009345794392
4870,êVìcóLóù,1,13,8,1,0,0.1423076923076923,8,0,0,0,0,0,1,2,2,0,0.1438157894736842
4870,êVìcóLóù,2,11,3,1,3,0.15272727272727274,0,0,2,0,1,0,0,0,0,6,0.1438157894736842
4870,êVìcóLóù,3,18,4,3,4,0.11833333333333333,0,1,0,3,0,0,0,0,0,0,0.1438157894736842
4870,êVìcóLóù,4,11,1,3,1,0.16636363636363638,0,0,0,1,0,0,0,0,0,0,0.1438157894736842
4870,êVìcóLóù,5,13,0,3,2,0.16384615384615384,0,0,0,0,0,0,0,0,0,0,0.1438157894736842
4870,êVìcóLóù,6,10,2,1,2,0.131,0,0,0,2,0,0,0,0,0,0,0.1438157894736842
4871,ãeírçGéu,1,26,13,2,5,0.18500000000000003,12,0,0,0,0,1,5,4,2,0,0.19122549019607843
4871,ãeírçGéu,2,40,0,5,7,0.1995,0,0,0,0,0,0,0,0,0,24,0.19122549019607843
4871,ãeírçGéu,3,38,4,3,6,0.17763157894736842,0,0,3,1,0,0,0,0,0,0,0.19122549019607843
4871,ãeírçGéu,4,37,0,3,8,0.20108108108108108,0,0,0,0,0,0,0,0,0,0,0.19122549019607843
4871,ãeírçGéu,5,34,0,1,7,0.17411764705882352,0,0,0,0,0,0,0,0,0,0,0.19122549019607843
4871,ãeírçGéu,6,29,0,1,1,0.2106896551724138,0,0,0,0,0,0,0,0,0,0,0.19122549019607843
4872,éRâ∫ó¨êS,1,52,28,11,3,0.14365384615384616,24,0,0,0,4,0,4,7,9,0,0.17007042253521126
4872,éRâ∫ó¨êS,2,44,3,17,9,0.17795454545454545,0,2,0,0,1,0,0,0,0,30,0.17007042253521126
4872,éRâ∫ó¨êS,3,55,6,17,22,0.16054545454545455,0,1,2,1,2,0,0,0,0,0,0.17007042253521126
4872,éRâ∫ó¨êS,4,47,3,16,11,0.17,0,1,1,1,0,0,0,0,0,0,0.17007042253521126
4872,éRâ∫ó¨êS,5,46,1,7,14,0.17500000000000002,0,0,0,1,0,0,0,0,0,0,0.17007042253521126
4872,éRâ∫ó¨êS,6,40,0,2,12,0.20325000000000001,0,0,0,0,0,0,0,0,0,0,0.17007042253521126
4873,äóå¥åíëæ,1,19,4,1,4,0.2063157894736842,3,0,0,0,1,0,1,5,6,0,0.18884393063583815
4873,äóå¥åíëæ,2,32,2,4,6,0.180625,0,0,2,0,0,0,0,0,0,15,0.18884393063583815
4873,äóå¥åíëæ,3,31,2,5,9,0.18419354838709678,0,0,1,1,0,0,0,0,0,0,0.18884393063583815
4873,äóå¥åíëæ,4,30,3,6,5,0.17200000000000001,0,0,2,0,1,0,0,0,0,0,0.18884393063583815
4873,äóå¥åíëæ,5,32,1,3,6,0.1978125,0,0,1,0,0,0,0,0,0,0,0.18884393063583815
4873,äóå¥åíëæ,6,29,0,0,4,0.1989655172413793,0,0,0,0,0,0,0,0,0,0,0.18884393063583815
4874,írìcìﬁí√î¸,1,26,7,7,4,0.12692307692307694,6,0,0,0,0,1,4,10,1,0,0.14796511627906977
4874,írìcìﬁí√î¸,2,31,1,4,11,0.15612903225806452,0,1,0,0,0,0,0,0,0,14,0.14796511627906977
4874,írìcìﬁí√î¸,3,30,2,5,7,0.13633333333333333,0,0,1,1,0,0,0,0,0,0,0.14796511627906977
4874,írìcìﬁí√î¸,4,31,1,4,5,0.14387096774193547,0,0,1,0,0,0,0,0,0,0,0.14796511627906977
4874,írìcìﬁí√î¸,5,28,0,2,6,0.1467857142857143,0,0,0,0,0,0,0,0,0,0,0.14796511627906977
4874,írìcìﬁí√î¸,6,26,0,0,3,0.17884615384615385,0,0,0,0,0,0,0,0,0,0,0.14796511627906977
4875,ëÂíÀçNâÎ,1,35,19,8,5,0.14257142857142857,18,0,0,0,1,0,3,7,4,0,0.17013636363636364
4875,ëÂíÀçNâÎ,2,43,5,11,4,0.18186046511627907,0,5,0,0,0,0,0,0,0,22,0.17013636363636364
4875,ëÂíÀçNâÎ,3,36,3,4,8,0.1663888888888889,0,1,1,1,0,0,0,0,0,0,0.17013636363636364
4875,ëÂíÀçNâÎ,4,36,2,9,2,0.1713888888888889,0,2,0,0,0,0,0,0,0,0,0.17013636363636364
4875,ëÂíÀçNâÎ,5,37,0,4,1,0.1672972972972973,0,0,0,0,0,0,0,0,0,0,0.17013636363636364
4875,ëÂíÀçNâÎ,6,33,1,2,4,0.19,0,0,0,0,1,0,0,0,0,0,0.17013636363636364
4876,î~ñÿåhëæ,1,28,13,10,2,0.13535714285714287,13,0,0,0,0,0,9,1,5,0,0.1448165137614679
4876,î~ñÿåhëæ,2,41,1,9,9,0.13634146341463416,0,0,1,0,0,0,0,0,0,20,0.1448165137614679
4876,î~ñÿåhëæ,3,40,4,8,7,0.139,0,1,1,1,1,0,0,0,0,0,0.1448165137614679
4876,î~ñÿåhëæ,4,32,3,3,4,0.1428125,0,1,1,1,0,0,0,0,0,0,0.1448165137614679
4876,î~ñÿåhëæ,5,42,2,4,4,0.1523809523809524,0,0,1,1,0,0,0,0,0,0,0.1448165137614679
4876,î~ñÿåhëæ,6,35,0,1,1,0.16171428571428573,0,0,0,0,0,0,0,0,0,0,0.1448165137614679
4877,óÈíJàÍïΩ,1,52,32,8,6,0.145,32,0,0,0,0,0,5,9,5,0,0.13767175572519083
4877,óÈíJàÍïΩ,2,42,11,10,6,0.13523809523809524,0,4,6,1,0,0,0,0,0,22,0.13767175572519083
4877,óÈíJàÍïΩ,3,46,5,10,11,0.11891304347826086,0,0,3,1,0,1,0,0,0,0,0.13767175572519083
4877,óÈíJàÍïΩ,4,43,10,5,7,0.15069767441860465,0,1,7,2,0,0,0,0,0,0,0.13767175572519083
4877,óÈíJàÍïΩ,5,37,2,7,6,0.12486486486486487,0,0,1,1,0,0,0,0,0,0,0.13767175572519083
4877,óÈíJàÍïΩ,6,42,5,5,6,0.14952380952380953,0,0,5,0,0,0,0,0,0,0,0.13767175572519083
4878,êºâ™àÁñ¢,1,29,11,4,5,0.20620689655172414,11,0,0,0,0,0,4,10,1,0,0.19174603174603175
4878,êºâ™àÁñ¢,2,35,3,6,10,0.194,0,1,1,0,0,1,0,0,0,15,0.19174603174603175
4878,êºâ™àÁñ¢,3,37,2,6,10,0.16513513513513514,0,0,0,2,0,0,0,0,0,0,0.19174603174603175
4878,êºâ™àÁñ¢,4,27,2,4,2,0.18888888888888888,0,1,1,0,0,0,0,0,0,0,0.19174603174603175
4878,êºâ™àÁñ¢,5,34,0,1,7,0.19411764705882353,0,0,0,0,0,0,0,0,0,0,0.19174603174603175
4878,êºâ™àÁñ¢,6,27,0,1,1,0.20962962962962964,0,0,0,0,0,0,0,0,0,0,0.19174603174603175
4879,éRçËìSïΩ,1,21,9,3,3,0.1761904761904762,9,0,0,0,0,0,2,6,4,0,0.1650285714285714
4879,éRçËìSïΩ,2,25,3,5,7,0.1572,0,1,1,1,0,0,0,0,0,12,0.1650285714285714
4879,éRçËìSïΩ,3,28,3,3,8,0.13642857142857143,0,0,1,1,0,1,0,0,0,0,0.1650285714285714
4879,éRçËìSïΩ,4,30,3,6,8,0.14866666666666667,0,1,1,1,0,0,0,0,0,0,0.1650285714285714
4879,éRçËìSïΩ,5,30,0,6,10,0.16966666666666666,0,0,0,0,0,0,0,0,0,0,0.1650285714285714
4879,éRçËìSïΩ,6,41,0,8,8,0.19219512195121952,0,0,0,0,0,0,0,0,0,0,0.1650285714285714
4880,‡VçËóYç∆,1,33,12,9,2,0.13666666666666666,11,0,0,0,1,0,4,7,7,0,0.13465437788018433
4880,‡VçËóYç∆,2,40,6,6,12,0.12825,0,1,5,0,0,0,0,0,0,24,0.13465437788018433
4880,‡VçËóYç∆,3,36,4,10,9,0.1297222222222222,0,1,2,1,0,0,0,0,0,0,0.13465437788018433
4880,‡VçËóYç∆,4,39,5,4,9,0.12692307692307692,0,0,4,1,0,0,0,0,0,0,0.13465437788018433
4880,‡VçËóYç∆,5,33,1,2,10,0.1390909090909091,0,0,1,0,0,0,0,0,0,0,0.13465437788018433
4880,‡VçËóYç∆,6,36,2,3,6,0.14916666666666667,0,0,1,1,0,0,0,0,0,0,0.13465437788018433
4881,íhè´ëæ,1,6,1,1,0,0.18000000000000002,1,0,0,0,0,0,1,2,1,0,0.1864814814814815
4881,íhè´ëæ,2,8,1,2,2,0.195,0,0,1,0,0,0,0,0,0,6,0.1864814814814815
4881,íhè´ëæ,3,10,0,1,1,0.185,0,0,0,0,0,0,0,0,0,0,0.1864814814814815
4881,íhè´ëæ,4,13,1,0,2,0.16846153846153847,0,0,0,0,1,0,0,0,0,0,0.1864814814814815
4881,íhè´ëæ,5,9,0,0,1,0.21777777777777776,0,0,0,0,0,0,0,0,0,0,0.1864814814814815
4881,íhè´ëæ,6,8,0,0,0,0.17875,0,0,0,0,0,0,0,0,0,0,0.1864814814814815
4882,ëÎêÏêÁàÀ,1,21,5,6,2,0.19047619047619047,4,0,0,0,1,0,3,8,2,0,0.19510489510489512
4882,ëÎêÏêÁàÀ,2,29,4,2,6,0.21241379310344827,0,3,1,0,0,0,0,0,0,12,0.19510489510489512
4882,ëÎêÏêÁàÀ,3,29,3,4,6,0.2017241379310345,0,0,0,3,0,0,0,0,0,0,0.19510489510489512
4882,ëÎêÏêÁàÀ,4,22,4,2,4,0.17681818181818182,0,2,1,1,0,0,0,0,0,0,0.19510489510489512
4882,ëÎêÏêÁàÀ,5,26,0,2,7,0.17807692307692308,0,0,0,0,0,0,0,0,0,0,0.19510489510489512
4882,ëÎêÏêÁàÀ,6,16,0,3,0,0.210625,0,0,0,0,0,0,0,0,0,0,0.19510489510489512
4883,â™ïîëÂãP,1,37,30,1,2,0.13594594594594595,27,0,0,0,2,1,1,4,0,0,0.15084444444444445
4883,â™ïîëÂãP,2,41,5,13,5,0.1578048780487805,0,4,1,0,0,0,0,0,0,23,0.15084444444444445
4883,â™ïîëÂãP,3,38,5,8,7,0.15236842105263157,0,2,1,2,0,0,0,0,0,0,0.15084444444444445
4883,â™ïîëÂãP,4,34,3,9,4,0.14470588235294118,0,3,0,0,0,0,0,0,0,0,0.15084444444444445
4883,â™ïîëÂãP,5,37,6,3,7,0.14351351351351352,0,0,1,4,1,0,0,0,0,0,0.15084444444444445
4883,â™ïîëÂãP,6,38,2,4,6,0.16894736842105262,0,1,0,0,1,0,0,0,0,0,0.15084444444444445
4884,èüâYê^îø,1,42,27,6,2,0.12166666666666667,26,0,0,0,1,0,4,7,1,0,0.13205479452054794
4884,èüâYê^îø,2,55,7,14,13,0.13290909090909092,0,4,3,0,0,0,0,0,0,27,0.13205479452054794
4884,èüâYê^îø,3,52,3,10,8,0.11557692307692308,0,0,0,0,3,0,0,0,0,0,0.13205479452054794
4884,èüâYê^îø,4,52,5,4,10,0.13903846153846156,0,0,2,1,2,0,0,0,0,0,0.13205479452054794
4884,èüâYê^îø,5,47,1,2,9,0.13680851063829785,0,0,0,0,1,0,0,0,0,0,0.13205479452054794
4884,èüâYê^îø,6,44,3,2,7,0.14704545454545453,0,1,2,0,0,0,0,0,0,0,0.13205479452054794
4885,ëÂéRêÁçL,1,43,28,4,2,0.1304651162790698,25,0,0,0,3,0,3,6,5,0,0.14306451612903226
4885,ëÂéRêÁçL,2,28,6,11,4,0.14035714285714287,0,4,1,0,1,0,0,0,0,15,0.14306451612903226
4885,ëÂéRêÁçL,3,31,10,9,4,0.15193548387096775,0,2,3,4,1,0,0,0,0,0,0.14306451612903226
4885,ëÂéRêÁçL,4,27,8,3,4,0.1322222222222222,0,0,7,0,1,0,0,0,0,0,0.14306451612903226
4885,ëÂéRêÁçL,5,28,5,4,7,0.1475,0,1,4,0,0,0,0,0,0,0,0.14306451612903226
4885,ëÂéRêÁçL,6,29,5,6,4,0.1606896551724138,0,0,4,0,1,0,0,0,0,0,0.14306451612903226
4886,ì¸äCä],1,44,29,4,6,0.1640909090909091,29,0,0,0,0,0,5,7,3,0,0.152262443438914
4886,ì¸äCä],2,38,7,13,6,0.16,0,5,1,1,0,0,0,0,0,20,0.152262443438914
4886,ì¸äCä],3,42,11,12,8,0.1319047619047619,0,2,3,5,1,0,0,0,0,0,0.152262443438914
4886,ì¸äCä],4,30,5,7,2,0.14800000000000002,0,0,2,2,1,0,0,0,0,0,0.152262443438914
4886,ì¸äCä],5,30,3,6,9,0.13233333333333333,0,0,0,2,1,0,0,0,0,0,0.152262443438914
4886,ì¸äCä],6,37,1,3,9,0.17297297297297298,0,0,0,1,0,0,0,0,0,0,0.152262443438914
4887,ïx‡VóSçÏ,1,29,16,3,3,0.16344827586206898,15,0,0,0,1,0,3,6,1,0,0.15060301507537688
4887,ïx‡VóSçÏ,2,37,4,12,9,0.1591891891891892,0,4,0,0,0,0,0,0,0,19,0.15060301507537688
4887,ïx‡VóSçÏ,3,33,2,6,5,0.13303030303030303,0,1,1,0,0,0,0,0,0,0,0.15060301507537688
4887,ïx‡VóSçÏ,4,34,3,3,3,0.1411764705882353,0,2,0,1,0,0,0,0,0,0,0.15060301507537688
4887,ïx‡VóSçÏ,5,32,3,6,7,0.13718750000000002,0,1,0,2,0,0,0,0,0,0,0.15060301507537688
4887,ïx‡VóSçÏ,6,34,0,2,3,0.16941176470588235,0,0,0,0,0,0,0,0,0,0,0.15060301507537688
4888,ã‡éôó≤ëæ,1,55,34,9,1,0.15945454545454546,31,0,0,0,3,0,7,6,4,0,0.16430034129692833
4888,ã‡éôó≤ëæ,2,54,14,14,8,0.15333333333333332,1,9,2,1,0,1,0,0,0,25,0.16430034129692833
4888,ã‡éôó≤ëæ,3,48,15,10,5,0.1725,2,2,4,7,0,0,0,0,0,0,0.16430034129692833
4888,ã‡éôó≤ëæ,4,51,6,7,12,0.16078431372549018,0,0,2,3,1,0,0,0,0,0,0.16430034129692833
4888,ã‡éôó≤ëæ,5,46,4,8,9,0.1643478260869565,1,1,1,1,0,0,0,0,0,0,0.16430034129692833
4888,ã‡éôó≤ëæ,6,39,3,4,8,0.18076923076923077,1,0,0,1,1,0,0,0,0,0,0.16430034129692833
4889,å„ì°ê∑ñÁ,1,24,11,5,2,0.19541666666666668,11,0,0,0,0,0,4,4,4,0,0.16268156424581007
4889,å„ì°ê∑ñÁ,2,30,5,8,3,0.16166666666666665,0,0,2,0,3,0,0,0,0,18,0.16268156424581007
4889,å„ì°ê∑ñÁ,3,33,2,6,7,0.1384848484848485,0,0,2,0,0,0,0,0,0,0,0.16268156424581007
4889,å„ì°ê∑ñÁ,4,37,0,12,3,0.16837837837837838,0,0,0,0,0,0,0,0,0,0,0.16268156424581007
4889,å„ì°ê∑ñÁ,5,26,3,2,4,0.15115384615384617,0,1,1,1,0,0,0,0,0,0,0.16268156424581007
4889,å„ì°ê∑ñÁ,6,29,2,2,3,0.16724137931034483,0,2,0,0,0,0,0,0,0,0,0.16268156424581007
4890,êŒêÏó»,1,28,12,6,5,0.1625,11,0,0,0,1,0,6,6,2,0,0.1630841121495327
4890,êŒêÏó»,2,44,8,9,6,0.15704545454545454,0,6,2,0,0,0,0,0,0,25,0.1630841121495327
4890,êŒêÏó»,3,37,2,10,7,0.15135135135135136,0,0,1,1,0,0,0,0,0,0,0.1630841121495327
4890,êŒêÏó»,4,37,3,4,13,0.17324324324324325,0,0,0,3,0,0,0,0,0,0,0.1630841121495327
4890,êŒêÏó»,5,35,2,2,6,0.15771428571428572,0,0,1,1,0,0,0,0,0,0,0.1630841121495327
4890,êŒêÏó»,6,33,0,2,6,0.1790909090909091,0,0,0,0,0,0,0,0,0,0,0.1630841121495327
4891,éõìáî¸ó¢,1,21,5,5,6,0.19,4,0,0,0,1,0,8,7,1,0,0.19283870967741937
4891,éõìáî¸ó¢,2,29,1,3,6,0.23517241379310347,0,0,1,0,0,0,0,0,0,18,0.19283870967741937
4891,éõìáî¸ó¢,3,29,2,5,3,0.17655172413793105,0,0,2,0,0,0,0,0,0,0,0.19283870967741937
4891,éõìáî¸ó¢,4,25,0,3,6,0.1808,0,0,0,0,0,0,0,0,0,0,0.19283870967741937
4891,éõìáî¸ó¢,5,26,0,1,1,0.17115384615384616,0,0,0,0,0,0,0,0,0,0,0.19283870967741937
4891,éõìáî¸ó¢,6,25,0,0,3,0.1996,0,0,0,0,0,0,0,0,0,0,0.19283870967741937
4892,éƒìcíºç∆,1,44,30,5,2,0.16340909090909092,29,0,0,0,1,0,5,7,2,0,0.17715999999999998
4892,éƒìcíºç∆,2,42,6,11,9,0.16642857142857143,0,4,2,0,0,0,0,0,0,22,0.17715999999999998
4892,éƒìcíºç∆,3,46,10,12,12,0.16521739130434784,0,0,2,6,2,0,0,0,0,0,0.17715999999999998
4892,éƒìcíºç∆,4,36,4,10,8,0.19611111111111112,0,2,1,1,0,0,0,0,0,0,0.17715999999999998
4892,éƒìcíºç∆,5,43,1,7,10,0.18325581395348836,0,0,0,1,0,0,0,0,0,0,0.17715999999999998
4892,éƒìcíºç∆,6,39,2,2,9,0.1941025641025641,0,0,0,1,1,0,0,0,0,0,0.17715999999999998
4893,ìnÁ≥ê^ìﬁî¸,1,27,10,6,4,0.1688888888888889,10,0,0,0,0,0,6,3,5,0,0.1688888888888889
4893,ìnÁ≥ê^ìﬁî¸,2,32,4,7,3,0.17625000000000002,0,1,3,0,0,0,0,0,0,14,0.1688888888888889
4893,ìnÁ≥ê^ìﬁî¸,3,33,3,9,5,0.17696969696969697,0,1,2,0,0,0,0,0,0,0,0.1688888888888889
4893,ìnÁ≥ê^ìﬁî¸,4,31,1,5,5,0.15225806451612903,0,1,0,0,0,0,0,0,0,0,0.1688888888888889
4893,ìnÁ≥ê^ìﬁî¸,5,31,2,3,5,0.16483870967741937,0,0,1,1,0,0,0,0,0,0,0.1688888888888889
4893,ìnÁ≥ê^ìﬁî¸,6,26,1,0,2,0.17423076923076924,0,1,0,0,0,0,0,0,0,0,0.1688888888888889
4894,å¥ë∫ëÒñÁ,1,50,23,11,4,0.1638,23,0,0,0,0,0,13,7,4,0,0.17437062937062936
4894,å¥ë∫ëÒñÁ,2,52,3,6,13,0.18807692307692306,0,2,0,0,0,1,0,0,0,28,0.17437062937062936
4894,å¥ë∫ëÒñÁ,3,44,4,7,12,0.17045454545454544,0,0,2,0,2,0,0,0,0,0,0.17437062937062936
4894,å¥ë∫ëÒñÁ,4,49,6,6,8,0.16408163265306125,0,0,5,1,0,0,0,0,0,0,0.17437062937062936
4894,å¥ë∫ëÒñÁ,5,49,4,5,2,0.16653061224489796,0,0,0,3,1,0,0,0,0,0,0.17437062937062936
4894,å¥ë∫ëÒñÁ,6,42,0,2,9,0.1952380952380952,0,0,0,0,0,0,0,0,0,0,0.17437062937062936
4895,ñÂä‘óYëÂ,1,31,11,5,4,0.15935483870967743,10,0,1,0,0,0,4,9,3,0,0.15311004784688995
4895,ñÂä‘óYëÂ,2,43,2,7,10,0.15651162790697676,0,0,1,0,0,1,0,0,0,24,0.15311004784688995
4895,ñÂä‘óYëÂ,3,32,4,5,3,0.14875,0,0,3,0,1,0,0,0,0,0,0.15311004784688995
4895,ñÂä‘óYëÂ,4,32,3,6,6,0.150625,0,2,1,0,0,0,0,0,0,0,0.15311004784688995
4895,ñÂä‘óYëÂ,5,35,1,5,7,0.14142857142857143,0,0,0,1,0,0,0,0,0,0,0.15311004784688995
4895,ñÂä‘óYëÂ,6,36,1,2,6,0.1611111111111111,0,1,0,0,0,0,0,0,0,0,0.15311004784688995
4896,â‘ñ{çÑ,1,22,13,1,0,0.17545454545454545,12,0,0,0,1,0,0,4,3,0,0.17254335260115608
4896,â‘ñ{çÑ,2,33,3,6,7,0.1593939393939394,0,1,2,0,0,0,0,0,0,17,0.17254335260115608
4896,â‘ñ{çÑ,3,28,3,5,7,0.14107142857142857,0,0,2,1,0,0,0,0,0,0,0.17254335260115608
4896,â‘ñ{çÑ,4,34,3,2,4,0.1814705882352941,0,0,2,0,1,0,0,0,0,0,0.17254335260115608
4896,â‘ñ{çÑ,5,31,1,1,5,0.1896774193548387,0,0,0,1,0,0,0,0,0,0,0.17254335260115608
4896,â‘ñ{çÑ,6,25,0,1,4,0.1892,0,0,0,0,0,0,0,0,0,0,0.17254335260115608
4897,ê[å©àüóRî¸,1,27,11,4,7,0.1788888888888889,11,0,0,0,0,0,3,11,2,0,0.2117241379310345
4897,ê[å©àüóRî¸,2,36,4,5,8,0.21861111111111112,0,3,1,0,0,0,0,0,0,18,0.2117241379310345
4897,ê[å©àüóRî¸,3,38,1,5,10,0.21289473684210525,0,0,1,0,0,0,0,0,0,0,0.2117241379310345
4897,ê[å©àüóRî¸,4,37,1,2,10,0.21675675675675674,0,1,0,0,0,0,0,0,0,0,0.2117241379310345
4897,ê[å©àüóRî¸,5,37,1,2,4,0.1964864864864865,0,0,0,0,0,1,0,0,0,0,0.2117241379310345
4897,ê[å©àüóRî¸,6,28,0,3,4,0.24642857142857144,0,0,0,0,0,0,0,0,0,0,0.2117241379310345
4898,ãeínåhâÓ,1,8,4,0,0,0.16625,4,0,0,0,0,0,0,4,0,0,0.18999999999999997
4898,ãeínåhâÓ,2,9,0,0,1,0.18444444444444447,0,0,0,0,0,0,0,0,0,5,0.18999999999999997
4898,ãeínåhâÓ,3,12,0,5,2,0.18833333333333335,0,0,0,0,0,0,0,0,0,0,0.18999999999999997
4898,ãeínåhâÓ,4,10,0,0,2,0.175,0,0,0,0,0,0,0,0,0,0,0.18999999999999997
4898,ãeínåhâÓ,5,8,0,1,4,0.1675,0,0,0,0,0,0,0,0,0,0,0.18999999999999997
4898,ãeínåhâÓ,6,8,0,0,0,0.26375,0,0,0,0,0,0,0,0,0,0,0.18999999999999997
4899,êËïîàÍê^,1,14,4,4,2,0.15142857142857144,4,0,0,0,0,0,3,6,1,0,0.17047169811320756
4899,êËïîàÍê^,2,20,0,2,4,0.188,0,0,0,0,0,0,0,0,0,10,0.17047169811320756
4899,êËïîàÍê^,3,24,1,0,1,0.17375,0,0,1,0,0,0,0,0,0,0,0.17047169811320756
4899,êËïîàÍê^,4,18,0,0,7,0.18777777777777777,0,0,0,0,0,0,0,0,0,0,0.17047169811320756
4899,êËïîàÍê^,5,16,0,0,2,0.176875,0,0,0,0,0,0,0,0,0,0,0.17047169811320756
4899,êËïîàÍê^,6,14,1,0,1,0.12928571428571428,0,0,1,0,0,0,0,0,0,0,0.17047169811320756
4900,íÜìcó[ãM,1,57,36,10,4,0.12701754385964914,34,0,0,0,2,0,7,9,3,0,0.14829710144927535
4900,íÜìcó[ãM,2,45,9,14,6,0.16599999999999998,0,7,2,0,0,0,0,0,0,22,0.14829710144927535
4900,íÜìcó[ãM,3,45,8,12,7,0.1622222222222222,0,2,2,3,1,0,0,0,0,0,0.14829710144927535
4900,íÜìcó[ãM,4,44,7,11,10,0.14704545454545453,0,2,3,2,0,0,0,0,0,0,0.14829710144927535
4900,íÜìcó[ãM,5,46,1,3,10,0.13804347826086957,0,0,1,0,0,0,0,0,0,0,0.14829710144927535
4900,íÜìcó[ãM,6,39,1,7,3,0.15641025641025644,0,0,1,0,0,0,0,0,0,0,0.14829710144927535
4901,èoå˚ïëóLéq,1,21,13,4,3,0.14857142857142858,13,0,0,0,0,0,2,4,2,0,0.15725806451612903
4901,èoå˚ïëóLéq,2,23,5,7,4,0.17173913043478262,1,4,0,0,0,0,0,0,0,13,0.15725806451612903
4901,èoå˚ïëóLéq,3,22,5,5,6,0.15363636363636363,0,1,2,1,1,0,0,0,0,0,0.15725806451612903
4901,èoå˚ïëóLéq,4,17,5,4,3,0.1476470588235294,0,1,2,2,0,0,0,0,0,0,0.15725806451612903
4901,èoå˚ïëóLéq,5,20,2,4,3,0.155,0,0,0,2,0,0,0,0,0,0,0.15725806451612903
4901,èoå˚ïëóLéq,6,21,0,4,4,0.1638095238095238,0,0,0,0,0,0,0,0,0,0,0.15725806451612903
4902,éRêÏóYëÂ,1,36,20,5,2,0.13972222222222222,20,0,0,0,0,0,5,6,4,0,0.15995850622406638
4902,éRêÏóYëÂ,2,45,5,7,5,0.17177777777777778,0,5,0,0,0,0,0,0,0,27,0.15995850622406638
4902,éRêÏóYëÂ,3,35,7,4,11,0.13599999999999998,0,0,5,2,0,0,0,0,0,0,0.15995850622406638
4902,éRêÏóYëÂ,4,42,0,7,7,0.1780952380952381,0,0,0,0,0,0,0,0,0,0,0.15995850622406638
4902,éRêÏóYëÂ,5,46,2,3,8,0.165,0,0,0,2,0,0,0,0,0,0,0.15995850622406638
4902,éRêÏóYëÂ,6,37,0,4,2,0.16108108108108107,0,0,0,0,0,0,0,0,0,0,0.15995850622406638
4903,ãgìcóΩëæòN,1,41,23,3,6,0.17341463414634148,22,0,0,0,1,0,2,10,5,0,0.1928048780487805
4903,ãgìcóΩëæòN,2,44,8,13,6,0.19409090909090912,0,8,0,0,0,0,0,0,0,23,0.1928048780487805
4903,ãgìcóΩëæòN,3,41,8,10,8,0.1897560975609756,0,1,2,4,1,0,0,0,0,0,0.1928048780487805
4903,ãgìcóΩëæòN,4,43,2,4,15,0.2041860465116279,0,0,1,0,1,0,0,0,0,0,0.1928048780487805
4903,ãgìcóΩëæòN,5,35,1,5,12,0.20457142857142857,0,0,0,1,0,0,0,0,0,0,0.1928048780487805
4903,ãgìcóΩëæòN,6,42,2,5,9,0.1919047619047619,0,0,0,0,2,0,0,0,0,0,0.1928048780487805
4904,èºñ{àÍãB,1,42,28,6,1,0.12333333333333332,27,0,0,0,1,0,5,6,1,0,0.15404166666666666
4904,èºñ{àÍãB,2,52,17,15,8,0.14826923076923076,0,13,3,1,0,0,0,0,0,23,0.15404166666666666
4904,èºñ{àÍãB,3,32,5,3,6,0.171875,0,1,3,1,0,0,0,0,0,0,0.15404166666666666
4904,èºñ{àÍãB,4,32,6,12,4,0.1690625,0,1,3,1,0,1,0,0,0,0,0.15404166666666666
4904,èºñ{àÍãB,5,51,5,7,5,0.14549019607843136,0,0,3,2,0,0,0,0,0,0,0.15404166666666666
4904,èºñ{àÍãB,6,31,0,3,5,0.18548387096774194,0,0,0,0,0,0,0,0,0,0,0.15404166666666666
4905,ìyà‰èÀåﬁ,1,28,14,6,2,0.185,14,0,0,0,0,0,1,9,1,0,0.18974248927038628
4905,ìyà‰èÀåﬁ,2,42,4,11,10,0.19309523809523807,0,2,1,0,1,0,0,0,0,22,0.18974248927038628
4905,ìyà‰èÀåﬁ,3,43,2,8,10,0.16279069767441862,0,1,1,0,0,0,0,0,0,0,0.18974248927038628
4905,ìyà‰èÀåﬁ,4,42,1,6,8,0.18738095238095237,0,0,1,0,0,0,0,0,0,0,0.18974248927038628
4905,ìyà‰èÀåﬁ,5,47,0,3,2,0.20042553191489362,0,0,0,0,0,0,0,0,0,0,0.18974248927038628
4905,ìyà‰èÀåﬁ,6,31,0,3,2,0.21387096774193548,0,0,0,0,0,0,0,0,0,0,0.18974248927038628
4906,óÈñÿâÎäÛ,1,29,15,5,5,0.1279310344827586,15,0,0,0,0,0,4,3,7,0,0.14313186813186812
4906,óÈñÿâÎäÛ,2,29,7,6,3,0.13137931034482758,0,1,3,1,2,0,0,0,0,15,0.14313186813186812
4906,óÈñÿâÎäÛ,3,30,3,8,3,0.12166666666666667,0,0,1,2,0,0,0,0,0,0,0.14313186813186812
4906,óÈñÿâÎäÛ,4,28,5,8,2,0.14142857142857143,0,0,1,3,0,1,0,0,0,0,0.14313186813186812
4906,óÈñÿâÎäÛ,5,30,3,3,7,0.14133333333333334,0,0,0,1,1,1,0,0,0,0,0.14313186813186812
4906,óÈñÿâÎäÛ,6,36,0,2,10,0.18555555555555556,0,0,0,0,0,0,0,0,0,0,0.14313186813186812
4907,è¨írèCïΩ,1,54,46,5,1,0.15574074074074074,44,0,0,0,2,0,0,3,4,0,0.14440677966101695
4907,è¨írèCïΩ,2,41,16,8,9,0.14780487804878048,1,7,6,0,2,0,0,0,0,14,0.14440677966101695
4907,è¨írèCïΩ,3,35,10,11,6,0.1385714285714286,0,1,4,4,1,0,0,0,0,0,0.14440677966101695
4907,è¨írèCïΩ,4,31,13,7,6,0.12290322580645162,0,3,7,2,1,0,0,0,0,0,0.14440677966101695
4907,è¨írèCïΩ,5,38,7,6,4,0.13710526315789473,0,3,1,2,1,0,0,0,0,0,0.14440677966101695
4907,è¨írèCïΩ,6,37,5,8,9,0.15513513513513513,0,0,3,2,0,0,0,0,0,0,0.14440677966101695
4908,è„ìcó¥êØ,1,56,38,8,3,0.14339285714285713,33,0,0,0,5,0,5,6,6,0,0.1437007874015748
4908,è„ìcó¥êØ,2,43,9,13,11,0.14209302325581397,1,5,1,0,2,0,0,0,0,27,0.1437007874015748
4908,è„ìcó¥êØ,3,40,12,13,2,0.133,0,1,2,6,3,0,0,0,0,0,0.1437007874015748
4908,è„ìcó¥êØ,4,38,10,13,6,0.12947368421052632,0,2,3,4,1,0,0,0,0,0,0.1437007874015748
4908,è„ìcó¥êØ,5,39,9,5,6,0.15256410256410258,0,1,3,4,1,0,0,0,0,0,0.1437007874015748
4908,è„ìcó¥êØ,6,38,3,7,11,0.16236842105263158,0,0,2,0,1,0,0,0,0,0,0.1437007874015748
4909,ñ˜ì‡êêäÛ,1,26,9,4,5,0.1526923076923077,9,0,0,0,0,0,4,7,5,0,0.1509356725146199
4909,ñ˜ì‡êêäÛ,2,31,1,12,7,0.1538709677419355,0,1,0,0,0,0,0,0,0,21,0.1509356725146199
4909,ñ˜ì‡êêäÛ,3,30,3,7,8,0.134,0,1,1,1,0,0,0,0,0,0,0.1509356725146199
4909,ñ˜ì‡êêäÛ,4,28,3,4,3,0.1457142857142857,0,0,0,2,1,0,0,0,0,0,0.1509356725146199
4909,ñ˜ì‡êêäÛ,5,27,0,1,3,0.17296296296296296,0,0,0,0,0,0,0,0,0,0,0.1509356725146199
4909,ñ˜ì‡êêäÛ,6,29,0,1,5,0.1482758620689655,0,0,0,0,0,0,0,0,0,0,0.1509356725146199
4910,íÜë∫ë◊ïΩ,1,63,48,9,4,0.14047619047619048,46,0,0,0,2,0,1,2,6,0,0.1519298245614035
4910,íÜë∫ë◊ïΩ,2,53,14,10,13,0.14735849056603775,0,11,1,1,1,0,0,0,0,24,0.1519298245614035
4910,íÜë∫ë◊ïΩ,3,47,8,13,11,0.15851063829787235,0,0,3,2,3,0,0,0,0,0,0.1519298245614035
4910,íÜë∫ë◊ïΩ,4,42,3,11,12,0.15952380952380954,0,0,1,1,1,0,0,0,0,0,0.1519298245614035
4910,íÜë∫ë◊ïΩ,5,40,7,9,10,0.14275,0,1,2,3,1,0,0,0,0,0,0.1519298245614035
4910,íÜë∫ë◊ïΩ,6,40,0,8,12,0.1695,0,0,0,0,0,0,0,0,0,0,0.1519298245614035
4911,ï–â™ëÂín,1,34,11,5,9,0.1652941176470588,11,0,0,0,0,0,6,5,10,0,0.1691627906976744
4911,ï–â™ëÂín,2,36,1,7,4,0.15361111111111111,0,1,0,0,0,0,0,0,0,21,0.1691627906976744
4911,ï–â™ëÂín,3,39,1,4,9,0.17384615384615384,0,0,1,0,0,0,0,0,0,0,0.1691627906976744
4911,ï–â™ëÂín,4,41,4,2,8,0.17634146341463416,0,1,1,2,0,0,0,0,0,0,0.1691627906976744
4911,ï–â™ëÂín,5,32,0,2,6,0.1775,0,0,0,0,0,0,0,0,0,0,0.1691627906976744
4911,ï–â™ëÂín,6,33,1,0,0,0.16757575757575757,0,0,0,1,0,0,0,0,0,0,0.1691627906976744
4912,íÜéRè´ëæ,1,51,29,10,4,0.13725490196078433,28,0,0,0,1,0,4,9,9,0,0.1416205533596838
4912,íÜéRè´ëæ,2,40,9,5,11,0.13125,0,5,0,1,3,0,0,0,0,19,0.1416205533596838
4912,íÜéRè´ëæ,3,47,3,10,10,0.13191489361702127,0,0,1,0,2,0,0,0,0,0,0.1416205533596838
4912,íÜéRè´ëæ,4,38,2,6,9,0.14947368421052631,0,1,0,1,0,0,0,0,0,0,0.1416205533596838
4912,íÜéRè´ëæ,5,45,3,7,5,0.148,0,0,1,2,0,0,0,0,0,0,0.1416205533596838
4912,íÜéRè´ëæ,6,32,0,1,7,0.1575,0,0,0,0,0,0,0,0,0,0,0.1416205533596838
4913,ê¥êÖÇ≥Ç≠ÇÁ,1,18,4,2,4,0.20777777777777778,3,0,1,0,0,0,4,7,2,0,0.1886451612903226
4913,ê¥êÖÇ≥Ç≠ÇÁ,2,29,2,4,3,0.1906896551724138,0,2,0,0,0,0,0,0,0,15,0.1886451612903226
4913,ê¥êÖÇ≥Ç≠ÇÁ,3,29,0,3,9,0.19517241379310346,0,0,0,0,0,0,0,0,0,0,0.1886451612903226
4913,ê¥êÖÇ≥Ç≠ÇÁ,4,30,1,3,3,0.18833333333333335,0,0,1,0,0,0,0,0,0,0,0.1886451612903226
4913,ê¥êÖÇ≥Ç≠ÇÁ,5,23,2,2,3,0.1834782608695652,0,0,1,1,0,0,0,0,0,0,0.1886451612903226
4913,ê¥êÖÇ≥Ç≠ÇÁ,6,26,0,1,2,0.17076923076923078,0,0,0,0,0,0,0,0,0,0,0.1886451612903226
4914,ãgìcóTïΩ,1,41,31,5,0,0.15146341463414634,31,0,0,0,0,0,1,4,4,0,0.15541666666666668
4914,ãgìcóTïΩ,2,32,8,10,9,0.1534375,0,5,2,0,1,0,0,0,0,14,0.15541666666666668
4914,ãgìcóTïΩ,3,34,7,11,8,0.16,0,1,5,1,0,0,0,0,0,0,0.15541666666666668
4914,ãgìcóTïΩ,4,29,8,5,8,0.1617241379310345,0,2,2,3,1,0,0,0,0,0,0.15541666666666668
4914,ãgìcóTïΩ,5,30,3,10,6,0.14766666666666667,0,0,0,2,1,0,0,0,0,0,0.15541666666666668
4914,ãgìcóTïΩ,6,26,2,4,5,0.16,0,0,0,2,0,0,0,0,0,0,0.15541666666666668
4916,íÜë∫ëèéu,1,21,7,5,0,0.14952380952380953,7,0,0,0,0,0,3,7,3,0,0.15566176470588236
4916,íÜë∫ëèéu,2,27,1,5,7,0.1733333333333333,0,1,0,0,0,0,0,0,0,18,0.15566176470588236
4916,íÜë∫ëèéu,3,22,2,2,7,0.1390909090909091,0,0,1,1,0,0,0,0,0,0,0.15566176470588236
4916,íÜë∫ëèéu,4,21,1,3,5,0.13571428571428573,0,0,1,0,0,0,0,0,0,0,0.15566176470588236
4916,íÜë∫ëèéu,5,22,1,1,2,0.15863636363636363,0,0,0,1,0,0,0,0,0,0,0.15566176470588236
4916,íÜë∫ëèéu,6,23,0,0,1,0.17173913043478262,0,0,0,0,0,0,0,0,0,0,0.15566176470588236
4917,ä‚ã¥óTîn,1,31,9,2,4,0.1867741935483871,9,0,0,0,0,0,7,10,5,0,0.16722222222222224
4917,ä‚ã¥óTîn,2,45,4,5,9,0.1711111111111111,0,2,1,1,0,0,0,0,0,25,0.16722222222222224
4917,ä‚ã¥óTîn,3,43,1,3,9,0.17116279069767443,0,1,0,0,0,0,0,0,0,0,0.16722222222222224
4917,ä‚ã¥óTîn,4,41,3,7,8,0.14609756097560977,0,1,0,1,1,0,0,0,0,0,0.16722222222222224
4917,ä‚ã¥óTîn,5,45,1,5,11,0.1651111111111111,0,0,1,0,0,0,0,0,0,0,0.16722222222222224
4917,ä‚ã¥óTîn,6,29,1,0,3,0.16758620689655174,0,1,0,0,0,0,0,0,0,0,0.16722222222222224
4918,êÏìáëÒòY,1,22,10,6,1,0.14545454545454548,9,0,0,0,1,0,3,6,1,0,0.169171974522293
4918,êÏìáëÒòY,2,30,1,10,4,0.1753333333333333,0,1,0,0,0,0,0,0,0,18,0.169171974522293
4918,êÏìáëÒòY,3,28,3,2,7,0.1682142857142857,0,1,0,2,0,0,0,0,0,0,0.169171974522293
4918,êÏìáëÒòY,4,26,1,3,4,0.18153846153846154,0,1,0,0,0,0,0,0,0,0,0.169171974522293
4918,êÏìáëÒòY,5,28,1,2,5,0.15464285714285714,0,0,0,1,0,0,0,0,0,0,0.169171974522293
4918,êÏìáëÒòY,6,23,1,0,6,0.18869565217391304,0,0,1,0,0,0,0,0,0,0,0.169171974522293
4919,ãgìc„ƒåÂ,1,30,17,7,3,0.13866666666666666,15,0,0,0,2,0,5,5,3,0,0.1348356807511737
4919,ãgìc„ƒåÂ,2,38,6,7,12,0.13710526315789473,0,3,0,2,0,1,0,0,0,21,0.1348356807511737
4919,ãgìc„ƒåÂ,3,38,3,5,8,0.11894736842105265,0,0,1,1,1,0,0,0,0,0,0.1348356807511737
4919,ãgìc„ƒåÂ,4,38,2,5,6,0.12026315789473685,0,0,0,2,0,0,0,0,0,0,0.1348356807511737
4919,ãgìc„ƒåÂ,5,37,1,3,5,0.14432432432432432,0,0,0,0,1,0,0,0,0,0,0.1348356807511737
4919,ãgìc„ƒåÂ,6,32,0,2,6,0.15375,0,0,0,0,0,0,0,0,0,0,0.1348356807511737
4920,ãÀë∫„ƒëæ,1,13,4,3,2,0.16999999999999998,3,0,0,0,1,0,3,3,2,0,0.16022988505747127
4920,ãÀë∫„ƒëæ,2,16,2,2,0,0.150625,0,1,1,0,0,0,0,0,0,9,0.16022988505747127
4920,ãÀë∫„ƒëæ,3,12,1,1,1,0.1691666666666667,0,0,1,0,0,0,0,0,0,0,0.16022988505747127
4920,ãÀë∫„ƒëæ,4,16,1,4,2,0.13375,0,0,1,0,0,0,0,0,0,0,0.16022988505747127
4920,ãÀë∫„ƒëæ,5,12,1,0,0,0.18000000000000002,0,0,0,1,0,0,0,0,0,0,0.16022988505747127
4920,ãÀë∫„ƒëæ,6,18,0,2,1,0.16611111111111113,0,0,0,0,0,0,0,0,0,0,0.16022988505747127
4921,ìÒã{îéãM,1,15,5,0,2,0.17600000000000002,5,0,0,0,0,0,4,2,3,0,0.1599019607843137
4921,ìÒã{îéãM,2,23,1,3,0,0.15521739130434783,0,0,1,0,0,0,0,0,0,11,0.1599019607843137
4921,ìÒã{îéãM,3,23,1,2,1,0.14782608695652175,0,0,0,1,0,0,0,0,0,0,0.1599019607843137
4921,ìÒã{îéãM,4,16,1,0,0,0.1575,0,0,1,0,0,0,0,0,0,0,0.1599019607843137
4921,ìÒã{îéãM,5,16,1,1,0,0.15125,0,0,0,1,0,0,0,0,0,0,0.1599019607843137
4921,ìÒã{îéãM,6,9,0,0,0,0.19555555555555557,0,0,0,0,0,0,0,0,0,0,0.1599019607843137
4923,ññïêó¢ìﬁéq,1,10,0,0,2,0.244,0,0,0,0,0,0,1,6,2,0,0.1936842105263158
4923,ññïêó¢ìﬁéq,2,16,2,1,4,0.1425,0,1,1,0,0,0,0,0,0,7,0.1936842105263158
4923,ññïêó¢ìﬁéq,3,13,0,2,2,0.17076923076923078,0,0,0,0,0,0,0,0,0,0,0.1936842105263158
4923,ññïêó¢ìﬁéq,4,12,0,1,0,0.20333333333333334,0,0,0,0,0,0,0,0,0,0,0.1936842105263158
4923,ññïêó¢ìﬁéq,5,11,0,0,0,0.19363636363636363,0,0,0,0,0,0,0,0,0,0,0.1936842105263158
4923,ññïêó¢ìﬁéq,6,14,0,0,1,0.2292857142857143,0,0,0,0,0,0,0,0,0,0,0.1936842105263158
4924,íÜñkó¡,1,28,4,10,4,0.17071428571428574,4,0,0,0,0,0,9,10,1,0,0.1567357512953368
4924,íÜñkó¡,2,38,3,8,6,0.16342105263157894,0,3,0,0,0,0,0,0,0,25,0.1567357512953368
4924,íÜñkó¡,3,37,4,2,8,0.15594594594594594,0,0,1,2,1,0,0,0,0,0,0.1567357512953368
4924,íÜñkó¡,4,33,3,6,3,0.13515151515151516,0,0,3,0,0,0,0,0,0,0,0.1567357512953368
4924,íÜñkó¡,5,31,0,2,5,0.15580645161290324,0,0,0,0,0,0,0,0,0,0,0.1567357512953368
4924,íÜñkó¡,6,26,0,1,6,0.16153846153846155,0,0,0,0,0,0,0,0,0,0,0.1567357512953368
4925,êXóIãH,1,33,14,6,4,0.16,14,0,0,0,0,0,3,6,8,0,0.16063348416289594
4925,êXóIãH,2,37,3,2,13,0.18081081081081082,0,1,1,0,0,1,0,0,0,18,0.16063348416289594
4925,êXóIãH,3,33,3,6,8,0.1590909090909091,0,0,1,2,0,0,0,0,0,0,0.16063348416289594
4925,êXóIãH,4,37,4,3,5,0.14108108108108108,0,0,3,0,0,1,0,0,0,0,0.16063348416289594
4925,êXóIãH,5,41,2,5,6,0.16926829268292684,0,0,0,2,0,0,0,0,0,0,0.16063348416289594
4925,êXóIãH,6,40,0,3,7,0.153,0,0,0,0,0,0,0,0,0,0,0.16063348416289594
4926,ãgêÏãMêm,1,49,34,7,3,0.15224489795918367,33,0,0,0,1,0,5,5,4,0,0.1651953125
4926,ãgêÏãMêm,2,49,11,10,12,0.16122448979591839,0,5,6,0,0,0,0,0,0,29,0.1651953125
4926,ãgêÏãMêm,3,40,14,7,4,0.16025,0,0,10,3,1,0,0,0,0,0,0.1651953125
4926,ãgêÏãMêm,4,38,12,7,7,0.14473684210526316,0,0,10,2,0,0,0,0,0,0,0.1651953125
4926,ãgêÏãMêm,5,43,7,5,9,0.17953488372093024,0,2,5,0,0,0,0,0,0,0,0.1651953125
4926,ãgêÏãMêm,6,37,2,8,3,0.19729729729729728,0,0,1,1,0,0,0,0,0,0,0.1651953125
4928,åIèÈè†,1,56,40,6,4,0.14089285714285713,38,0,0,0,2,0,1,10,3,0,0.14567164179104478
4928,åIèÈè†,2,47,11,11,3,0.16531914893617022,0,7,3,0,1,0,0,0,0,23,0.14567164179104478
4928,åIèÈè†,3,47,8,16,7,0.14191489361702128,0,2,0,5,1,0,0,0,0,0,0.14567164179104478
4928,åIèÈè†,4,41,6,7,9,0.1351219512195122,0,2,3,1,0,0,0,0,0,0,0.14567164179104478
4928,åIèÈè†,5,35,6,3,9,0.13971428571428574,0,1,2,3,0,0,0,0,0,0,0.14567164179104478
4928,åIèÈè†,6,42,4,4,9,0.14952380952380953,0,2,0,2,0,0,0,0,0,0,0.14567164179104478
4929,î~ì‡ó[ãMìﬁ,2,1,0,0,0,0.23,0,0,0,0,0,0,0,0,0,0,0.2376470588235294
4929,î~ì‡ó[ãMìﬁ,3,1,0,0,0,0.17,0,0,0,0,0,0,0,0,0,0,0.2376470588235294
4929,î~ì‡ó[ãMìﬁ,4,4,0,0,0,0.27,0,0,0,0,0,0,0,0,0,0,0.2376470588235294
4929,î~ì‡ó[ãMìﬁ,5,5,0,0,0,0.23399999999999999,0,0,0,0,0,0,0,0,0,0,0.2376470588235294
4929,î~ì‡ó[ãMìﬁ,6,6,0,0,0,0.2316666666666667,0,0,0,0,0,0,0,0,0,0,0.2376470588235294
4930,ç≤ì°óI,1,29,16,5,4,0.14517241379310344,16,0,0,0,0,0,5,5,3,0,0.15913978494623657
4930,ç≤ì°óI,2,31,4,9,4,0.1396774193548387,0,4,0,0,0,0,0,0,0,20,0.15913978494623657
4930,ç≤ì°óI,3,31,5,6,8,0.15870967741935485,0,0,2,2,0,1,0,0,0,0,0.15913978494623657
4930,ç≤ì°óI,4,33,2,8,5,0.15,0,1,1,0,0,0,0,0,0,0,0.15913978494623657
4930,ç≤ì°óI,5,31,1,3,3,0.18129032258064517,0,0,0,0,1,0,0,0,0,0,0.15913978494623657
4930,ç≤ì°óI,6,31,2,3,5,0.17967741935483872,0,1,1,0,0,0,0,0,0,0,0.15913978494623657
4931,ñÿíJå´ëæ,1,62,43,13,2,0.15000000000000002,41,1,0,0,1,0,5,6,7,0,0.16043478260869565
4931,ñÿíJå´ëæ,2,49,7,15,9,0.16346938775510203,0,4,0,1,1,1,0,0,0,30,0.16043478260869565
4931,ñÿíJå´ëæ,3,53,6,17,11,0.15226415094339624,0,0,3,3,0,0,0,0,0,0,0.16043478260869565
4931,ñÿíJå´ëæ,4,47,4,11,8,0.1523404255319149,0,1,2,0,1,0,0,0,0,0,0.16043478260869565
4931,ñÿíJå´ëæ,5,47,3,11,8,0.1546808510638298,0,0,0,3,0,0,0,0,0,0,0.16043478260869565
4931,ñÿíJå´ëæ,6,41,0,7,11,0.19902439024390245,0,0,0,0,0,0,0,0,0,0,0.16043478260869565
4932,êVäJçq,1,71,55,9,6,0.13422535211267606,54,0,0,0,1,0,6,2,8,0,0.14721189591078068
4932,êVäJçq,2,41,10,13,6,0.14219512195121953,0,3,6,0,1,0,0,0,0,23,0.14721189591078068
4932,êVäJçq,3,42,8,16,7,0.15714285714285717,0,0,6,2,0,0,0,0,0,0,0.14721189591078068
4932,êVäJçq,4,39,10,11,6,0.1387179487179487,0,3,3,3,1,0,0,0,0,0,0.14721189591078068
4932,êVäJçq,5,40,7,7,11,0.14450000000000002,0,0,2,5,0,0,0,0,0,0,0.14721189591078068
4932,êVäJçq,6,36,3,8,7,0.17916666666666667,0,0,2,1,0,0,0,0,0,0,0.14721189591078068
4933,î¬ã¥ò–â‰,1,46,32,8,2,0.12782608695652173,31,0,0,0,1,0,6,3,4,0,0.1386206896551724
4933,î¬ã¥ò–â‰,2,51,7,16,9,0.1388235294117647,0,3,2,0,2,0,0,0,0,28,0.1386206896551724
4933,î¬ã¥ò–â‰,3,36,10,4,9,0.11972222222222223,0,1,2,7,0,0,0,0,0,0,0.1386206896551724
4933,î¬ã¥ò–â‰,4,47,6,12,9,0.1423404255319149,0,1,3,1,1,0,0,0,0,0,0.1386206896551724
4933,î¬ã¥ò–â‰,5,37,4,10,5,0.1472972972972973,0,0,2,2,0,0,0,0,0,0,0.1386206896551724
4933,î¬ã¥ò–â‰,6,44,2,2,7,0.15386363636363634,0,0,0,2,0,0,0,0,0,0,0.1386206896551724
4934,ç≤ÅXñÿ„ƒìl,1,24,6,4,4,0.15708333333333332,6,0,0,0,0,0,6,8,2,0,0.17888888888888888
4934,ç≤ÅXñÿ„ƒìl,2,25,4,5,2,0.1576,0,3,1,0,0,0,0,0,0,12,0.17888888888888888
4934,ç≤ÅXñÿ„ƒìl,3,32,5,5,3,0.1665625,0,1,3,1,0,0,0,0,0,0,0.17888888888888888
4934,ç≤ÅXñÿ„ƒìl,4,25,0,5,4,0.1648,0,0,0,0,0,0,0,0,0,0,0.17888888888888888
4934,ç≤ÅXñÿ„ƒìl,5,30,1,3,7,0.1996666666666667,0,0,0,1,0,0,0,0,0,0,0.17888888888888888
4934,ç≤ÅXñÿ„ƒìl,6,35,0,1,2,0.21257142857142858,0,0,0,0,0,0,0,0,0,0,0.17888888888888888
4936,åÀï~çWî¸,1,4,1,1,0,0.255,1,0,0,0,0,0,2,1,0,0,0.18603773584905658
4936,åÀï~çWî¸,2,14,4,0,8,0.17142857142857143,0,0,3,0,1,0,0,0,0,6,0.18603773584905658
4936,åÀï~çWî¸,3,9,0,3,1,0.1988888888888889,0,0,0,0,0,0,0,0,0,0,0.18603773584905658
4936,åÀï~çWî¸,4,9,0,3,1,0.16444444444444445,0,0,0,0,0,0,0,0,0,0,0.18603773584905658
4936,åÀï~çWî¸,5,9,1,1,1,0.15555555555555556,0,0,0,1,0,0,0,0,0,0,0.18603773584905658
4936,åÀï~çWî¸,6,8,1,0,2,0.22125,0,0,1,0,0,0,0,0,0,0,0.18603773584905658
4938,è¨à∞ÇÈÇËâÿ,1,58,36,8,4,0.14896551724137932,36,0,0,0,0,0,4,14,2,0,0.15367272727272727
4938,è¨à∞ÇÈÇËâÿ,2,45,10,9,11,0.142,1,3,4,0,2,0,0,0,0,24,0.15367272727272727
4938,è¨à∞ÇÈÇËâÿ,3,47,9,12,8,0.15,0,0,4,2,3,0,0,0,0,0,0.15367272727272727
4938,è¨à∞ÇÈÇËâÿ,4,45,5,4,8,0.16844444444444445,0,1,1,2,1,0,0,0,0,0,0.15367272727272727
4938,è¨à∞ÇÈÇËâÿ,5,41,1,5,5,0.14121951219512197,0,0,1,0,0,0,0,0,0,0,0.15367272727272727
4938,è¨à∞ÇÈÇËâÿ,6,39,0,4,4,0.17461538461538462,0,0,0,0,0,0,0,0,0,0,0.15367272727272727
4939,ã{îVå¥ãPãI,1,53,38,7,5,0.13056603773584904,38,0,0,0,0,0,3,6,3,0,0.1393073593073593
4939,ã{îVå¥ãPãI,2,43,17,13,5,0.13534883720930233,0,11,2,2,2,0,0,0,0,14,0.1393073593073593
4939,ã{îVå¥ãPãI,3,43,14,9,13,0.1369767441860465,1,1,4,5,3,0,0,0,0,0,0.1393073593073593
4939,ã{îVå¥ãPãI,4,34,10,8,6,0.14558823529411766,0,2,3,3,2,0,0,0,0,0,0.1393073593073593
4939,ã{îVå¥ãPãI,5,32,1,8,8,0.141875,0,0,0,1,0,0,0,0,0,0,0.1393073593073593
4939,ã{îVå¥ãPãI,6,26,2,1,7,0.15615384615384617,0,0,1,1,0,0,0,0,0,0,0.1393073593073593
4940,îíêŒóLî¸,1,8,1,0,1,0.2,1,0,0,0,0,0,1,5,1,0,0.22153846153846152
4940,îíêŒóLî¸,2,9,0,4,1,0.2233333333333333,0,0,0,0,0,0,0,0,0,2,0.22153846153846152
4940,îíêŒóLî¸,3,10,1,0,0,0.194,0,0,0,1,0,0,0,0,0,0,0.22153846153846152
4940,îíêŒóLî¸,4,8,0,1,1,0.2425,0,0,0,0,0,0,0,0,0,0,0.22153846153846152
4940,îíêŒóLî¸,5,8,0,1,0,0.22625,0,0,0,0,0,0,0,0,0,0,0.22153846153846152
4940,îíêŒóLî¸,6,9,0,1,1,0.2466666666666667,0,0,0,0,0,0,0,0,0,0,0.22153846153846152
4941,ë∑çËïSê¢,1,35,12,4,6,0.204,12,0,0,0,0,0,4,11,5,0,0.19365638766519824
4941,ë∑çËïSê¢,2,44,5,8,8,0.19749999999999998,0,5,0,0,0,0,0,0,0,23,0.19365638766519824
4941,ë∑çËïSê¢,3,38,1,10,10,0.20842105263157895,0,0,0,0,1,0,0,0,0,0,0.19365638766519824
4941,ë∑çËïSê¢,4,32,1,8,6,0.17875,0,1,0,0,0,0,0,0,0,0,0.19365638766519824
4941,ë∑çËïSê¢,5,39,3,3,8,0.19076923076923075,0,0,0,2,1,0,0,0,0,0,0.19365638766519824
4941,ë∑çËïSê¢,6,39,1,2,8,0.18076923076923077,0,0,0,0,1,0,0,0,0,0,0.19365638766519824
4942,éƒìcï¸ç∆,1,22,5,2,2,0.21545454545454545,4,0,0,0,1,0,5,5,6,0,0.18976878612716763
4942,éƒìcï¸ç∆,2,31,6,4,5,0.19967741935483868,0,4,2,0,0,0,0,0,0,14,0.18976878612716763
4942,éƒìcï¸ç∆,3,33,1,6,8,0.17696969696969697,0,0,0,0,1,0,0,0,0,0,0.18976878612716763
4942,éƒìcï¸ç∆,4,27,1,6,1,0.1877777777777778,0,0,1,0,0,0,0,0,0,0,0.18976878612716763
4942,éƒìcï¸ç∆,5,27,1,3,4,0.19074074074074077,0,0,0,1,0,0,0,0,0,0,0.18976878612716763
4942,éƒìcï¸ç∆,6,33,0,3,5,0.17696969696969697,0,0,0,0,0,0,0,0,0,0,0.18976878612716763
4943,î™ñÿé°é˜,1,27,7,4,4,0.16703703703703704,7,0,0,0,0,0,9,6,3,0,0.17775862068965517
4943,î™ñÿé°é˜,2,29,1,7,5,0.16793103448275862,0,0,0,0,1,0,0,0,0,19,0.17775862068965517
4943,î™ñÿé°é˜,3,31,4,2,8,0.16193548387096776,0,1,1,2,0,0,0,0,0,0,0.17775862068965517
4943,î™ñÿé°é˜,4,26,0,3,7,0.1846153846153846,0,0,0,0,0,0,0,0,0,0,0.17775862068965517
4943,î™ñÿé°é˜,5,30,2,2,4,0.178,0,1,0,0,1,0,0,0,0,0,0.17775862068965517
4943,î™ñÿé°é˜,6,31,0,1,2,0.2061290322580645,0,0,0,0,0,0,0,0,0,0,0.17775862068965517
4944,ìcë„íBñÁ,1,17,5,0,4,0.18352941176470589,4,0,0,0,0,1,1,7,3,0,0.17777777777777778
4944,ìcë„íBñÁ,2,19,1,5,4,0.1768421052631579,0,0,0,0,0,1,0,0,0,10,0.17777777777777778
4944,ìcë„íBñÁ,3,23,1,1,4,0.17347826086956522,0,1,0,0,0,0,0,0,0,0,0.17777777777777778
4944,ìcë„íBñÁ,4,18,1,1,3,0.15666666666666668,0,0,1,0,0,0,0,0,0,0,0.17777777777777778
4944,ìcë„íBñÁ,5,16,2,1,2,0.180625,0,0,0,2,0,0,0,0,0,0,0.17777777777777778
4944,ìcë„íBñÁ,6,15,0,1,1,0.20133333333333334,0,0,0,0,0,0,0,0,0,0,0.17777777777777778
4945,è„ë∫çGëæ,1,19,4,5,6,0.21999999999999997,4,0,0,0,0,0,5,5,4,0,0.16036496350364962
4945,è„ë∫çGëæ,2,23,3,3,6,0.1817391304347826,0,2,1,0,0,0,0,0,0,13,0.16036496350364962
4945,è„ë∫çGëæ,3,28,2,5,6,0.14857142857142858,0,0,1,1,0,0,0,0,0,0,0.16036496350364962
4945,è„ë∫çGëæ,4,24,4,1,2,0.14583333333333334,0,1,2,0,0,1,0,0,0,0,0.16036496350364962
4945,è„ë∫çGëæ,5,23,2,0,4,0.12913043478260872,0,0,1,1,0,0,0,0,0,0,0.16036496350364962
4945,è„ë∫çGëæ,6,20,1,1,2,0.149,0,0,0,1,0,0,0,0,0,0,0.16036496350364962
4946,ëDâzåíå·,1,21,7,4,3,0.17952380952380953,7,0,0,0,0,0,2,7,2,0,0.17051612903225807
4946,ëDâzåíå·,2,26,1,6,4,0.1896153846153846,0,1,0,0,0,0,0,0,0,13,0.17051612903225807
4946,ëDâzåíå·,3,32,0,6,8,0.19062500000000002,0,0,0,0,0,0,0,0,0,0,0.17051612903225807
4946,ëDâzåíå·,4,26,1,5,7,0.15307692307692308,0,0,0,1,0,0,0,0,0,0,0.17051612903225807
4946,ëDâzåíå·,5,23,0,1,3,0.1534782608695652,0,0,0,0,0,0,0,0,0,0,0.17051612903225807
4946,ëDâzåíå·,6,27,0,1,6,0.15259259259259259,0,0,0,0,0,0,0,0,0,0,0.17051612903225807
4947,ä‘íÎçÿìE,1,23,6,4,6,0.17521739130434782,6,0,0,0,0,0,3,10,1,0,0.17632768361581921
4947,ä‘íÎçÿìE,2,36,4,8,8,0.195,0,1,0,0,3,0,0,0,0,17,0.17632768361581921
4947,ä‘íÎçÿìE,3,32,0,2,9,0.18375,0,0,0,0,0,0,0,0,0,0,0.17632768361581921
4947,ä‘íÎçÿìE,4,27,1,5,5,0.1622222222222222,0,0,0,1,0,0,0,0,0,0,0.17632768361581921
4947,ä‘íÎçÿìE,5,30,2,4,3,0.15466666666666665,0,0,0,2,0,0,0,0,0,0,0.17632768361581921
4947,ä‘íÎçÿìE,6,29,0,3,8,0.18137931034482757,0,0,0,0,0,0,0,0,0,0,0.17632768361581921
4948,ñÿèÍóIâÓ,1,18,11,6,1,0.14500000000000002,11,0,0,0,0,0,3,1,3,0,0.15785714285714286
4948,ñÿèÍóIâÓ,2,30,3,11,8,0.17366666666666666,0,2,1,0,0,0,0,0,0,19,0.15785714285714286
4948,ñÿèÍóIâÓ,3,27,7,7,6,0.1537037037037037,0,0,6,1,0,0,0,0,0,0,0.15785714285714286
4948,ñÿèÍóIâÓ,4,21,2,5,5,0.14857142857142858,0,0,2,0,0,0,0,0,0,0,0.15785714285714286
4948,ñÿèÍóIâÓ,5,27,1,4,7,0.16037037037037039,0,0,0,1,0,0,0,0,0,0,0.15785714285714286
4948,ñÿèÍóIâÓ,6,17,0,1,1,0.15764705882352942,0,0,0,0,0,0,0,0,0,0,0.15785714285714286
4949,â°ìcãMñû,1,40,20,7,3,0.13075,19,0,0,0,1,0,3,9,6,0,0.143375
4949,â°ìcãMñû,2,40,7,10,8,0.13674999999999998,0,4,3,0,0,0,0,0,0,22,0.143375
4949,â°ìcãMñû,3,43,7,10,10,0.15,0,0,3,3,1,0,0,0,0,0,0.143375
4949,â°ìcãMñû,4,41,6,10,10,0.1446341463414634,0,0,3,2,0,1,0,0,0,0,0.143375
4949,â°ìcãMñû,5,41,3,5,11,0.14073170731707316,0,0,1,2,0,0,0,0,0,0,0.143375
4949,â°ìcãMñû,6,35,0,4,6,0.15885714285714286,0,0,0,0,0,0,0,0,0,0,0.143375
4950,çÇâ™ó≥ñÁ,1,32,16,5,1,0.1565625,15,0,0,0,0,1,4,5,5,0,0.14735930735930736
4950,çÇâ™ó≥ñÁ,2,42,2,11,13,0.15,0,2,0,0,0,0,0,0,0,24,0.14735930735930736
4950,çÇâ™ó≥ñÁ,3,49,7,14,9,0.14122448979591837,0,1,1,3,1,1,0,0,0,0,0.14735930735930736
4950,çÇâ™ó≥ñÁ,4,39,5,9,7,0.1376923076923077,0,1,3,1,0,0,0,0,0,0,0.14735930735930736
4950,çÇâ™ó≥ñÁ,5,38,4,7,10,0.14605263157894735,0,0,2,2,0,0,0,0,0,0,0.14735930735930736
4950,çÇâ™ó≥ñÁ,6,31,1,2,6,0.15774193548387097,0,0,0,1,0,0,0,0,0,0,0.14735930735930736
4951,êVìcómàÍ,1,30,11,5,8,0.17200000000000001,11,0,0,0,0,0,4,6,8,0,0.15237623762376237
4951,êVìcómàÍ,2,36,3,6,4,0.1575,0,1,2,0,0,0,0,0,0,22,0.15237623762376237
4951,êVìcómàÍ,3,37,4,5,9,0.14810810810810812,0,0,1,1,2,0,0,0,0,0,0.15237623762376237
4951,êVìcómàÍ,4,31,2,8,7,0.13419354838709677,0,0,0,2,0,0,0,0,0,0,0.15237623762376237
4951,êVìcómàÍ,5,40,0,7,11,0.14550000000000002,0,0,0,0,0,0,0,0,0,0,0.15237623762376237
4951,êVìcómàÍ,6,28,0,2,6,0.16035714285714286,0,0,0,0,0,0,0,0,0,0,0.15237623762376237
4952,ãgïêê^ñÁ,1,9,2,2,2,0.1288888888888889,2,0,0,0,0,0,3,3,0,0,0.15333333333333335
4952,ãgïêê^ñÁ,2,18,4,1,2,0.16611111111111113,0,4,0,0,0,0,0,0,0,9,0.15333333333333335
4952,ãgïêê^ñÁ,3,17,1,4,2,0.15823529411764706,0,0,1,0,0,0,0,0,0,0,0.15333333333333335
4952,ãgïêê^ñÁ,4,18,0,2,3,0.17222222222222222,0,0,0,0,0,0,0,0,0,0,0.15333333333333335
4952,ãgïêê^ñÁ,5,16,0,0,0,0.134375,0,0,0,0,0,0,0,0,0,0,0.15333333333333335
4952,ãgïêê^ñÁ,6,12,0,0,0,0.1425,0,0,0,0,0,0,0,0,0,0,0.15333333333333335
4953,îˆè„âÎñÁ,1,42,27,8,0,0.1657142857142857,26,0,0,0,1,0,5,3,5,0,0.16440528634361234
4953,îˆè„âÎñÁ,2,35,6,8,6,0.14285714285714285,0,4,1,0,0,1,0,0,0,21,0.16440528634361234
4953,îˆè„âÎñÁ,3,39,11,4,7,0.16846153846153847,0,1,3,4,3,0,0,0,0,0,0.16440528634361234
4953,îˆè„âÎñÁ,4,39,4,5,7,0.14923076923076925,0,0,2,1,1,0,0,0,0,0,0.16440528634361234
4953,îˆè„âÎñÁ,5,31,2,5,10,0.16838709677419353,0,1,1,0,0,0,0,0,0,0,0.16440528634361234
4953,îˆè„âÎñÁ,6,41,0,4,9,0.18902439024390244,0,0,0,0,0,0,0,0,0,0,0.16440528634361234
4954,ì‡éRèsï„,1,21,8,6,2,0.16142857142857142,8,0,0,0,0,0,4,3,3,0,0.1497278911564626
4954,ì‡éRèsï„,2,23,4,3,4,0.17260869565217393,0,1,0,2,1,0,0,0,0,12,0.1497278911564626
4954,ì‡éRèsï„,3,25,5,6,3,0.1356,0,0,2,1,2,0,0,0,0,0,0.1497278911564626
4954,ì‡éRèsï„,4,29,8,4,4,0.17517241379310344,0,3,3,1,1,0,0,0,0,0,0.1497278911564626
4954,ì‡éRèsï„,5,24,2,1,4,0.13208333333333333,0,1,0,1,0,0,0,0,0,0,0.1497278911564626
4954,ì‡éRèsï„,6,25,2,2,10,0.1204,0,0,2,0,0,0,0,0,0,0,0.1497278911564626
4955,ïüìcåcèÆ,1,9,1,2,1,0.1922222222222222,1,0,0,0,0,0,2,4,0,0,0.18297029702970297
4955,ïüìcåcèÆ,2,22,1,6,2,0.1740909090909091,0,0,1,0,0,0,0,0,0,14,0.18297029702970297
4955,ïüìcåcèÆ,3,18,0,3,1,0.205,0,0,0,0,0,0,0,0,0,0,0.18297029702970297
4955,ïüìcåcèÆ,4,18,0,2,2,0.1811111111111111,0,0,0,0,0,0,0,0,0,0,0.18297029702970297
4955,ïüìcåcèÆ,5,23,1,1,1,0.1691304347826087,0,0,0,1,0,0,0,0,0,0,0.18297029702970297
4955,ïüìcåcèÆ,6,11,1,0,1,0.1890909090909091,0,0,0,1,0,0,0,0,0,0,0.18297029702970297
4956,Íéì°ëÂè´,1,14,4,2,5,0.13142857142857142,4,0,0,0,0,0,5,3,1,0,0.15982300884955752
4956,Íéì°ëÂè´,2,20,1,4,5,0.17550000000000002,0,1,0,0,0,0,0,0,0,10,0.15982300884955752
4956,Íéì°ëÂè´,3,22,1,3,7,0.16545454545454547,0,0,0,0,1,0,0,0,0,0,0.15982300884955752
4956,Íéì°ëÂè´,4,20,0,3,3,0.14150000000000001,0,0,0,0,0,0,0,0,0,0,0.15982300884955752
4956,Íéì°ëÂè´,5,20,1,1,2,0.1615,0,0,0,1,0,0,0,0,0,0,0.15982300884955752
4956,Íéì°ëÂè´,6,17,0,1,0,0.17705882352941174,0,0,0,0,0,0,0,0,0,0,0.15982300884955752
4957,í|îVì‡ã…,1,22,10,4,2,0.15363636363636363,9,0,0,0,1,0,4,2,4,0,0.15958115183246074
4957,í|îVì‡ã…,2,33,3,8,4,0.1618181818181818,0,3,0,0,0,0,0,0,0,19,0.15958115183246074
4957,í|îVì‡ã…,3,42,3,5,11,0.16595238095238093,0,0,0,2,1,0,0,0,0,0,0.15958115183246074
4957,í|îVì‡ã…,4,30,1,4,5,0.16266666666666665,0,0,0,0,1,0,0,0,0,0,0.15958115183246074
4957,í|îVì‡ã…,5,33,2,6,6,0.16303030303030303,0,0,0,1,1,0,0,0,0,0,0.15958115183246074
4957,í|îVì‡ã…,6,31,0,3,9,0.14612903225806453,0,0,0,0,0,0,0,0,0,0,0.15958115183246074
4958,çaå˚äCã`ñÁ,1,37,24,7,2,0.15783783783783784,23,0,0,0,1,0,1,6,5,0,0.15266129032258063
4958,çaå˚äCã`ñÁ,2,45,5,10,12,0.1768888888888889,0,3,2,0,0,0,0,0,0,15,0.15266129032258063
4958,çaå˚äCã`ñÁ,3,44,2,12,15,0.14704545454545453,0,1,0,0,1,0,0,0,0,0,0.15266129032258063
4958,çaå˚äCã`ñÁ,4,45,7,12,12,0.13133333333333333,0,1,5,1,0,0,0,0,0,0,0.15266129032258063
4958,çaå˚äCã`ñÁ,5,42,2,6,12,0.1561904761904762,0,1,0,1,0,0,0,0,0,0,0.15266129032258063
4958,çaå˚äCã`ñÁ,6,35,0,8,7,0.1462857142857143,0,0,0,0,0,0,0,0,0,0,0.15266129032258063
4959,à‰è„íâê≠,1,48,30,8,5,0.14395833333333333,29,0,0,0,1,0,6,1,11,0,0.15067729083665338
4959,à‰è„íâê≠,2,35,8,8,6,0.15942857142857142,0,3,3,0,2,0,0,0,0,18,0.15067729083665338
4959,à‰è„íâê≠,3,45,12,13,6,0.14222222222222222,0,0,11,1,0,0,0,0,0,0,0.15067729083665338
4959,à‰è„íâê≠,4,40,12,10,9,0.137,0,0,9,1,2,0,0,0,0,0,0.15067729083665338
4959,à‰è„íâê≠,5,38,3,8,8,0.15026315789473685,0,1,1,1,0,0,0,0,0,0,0.15067729083665338
4959,à‰è„íâê≠,6,45,0,3,18,0.17200000000000001,0,0,0,0,0,0,0,0,0,0,0.15067729083665338
4960,çïñÏå≥äÓ,1,67,41,10,5,0.15507462686567164,41,0,0,0,0,0,10,4,9,0,0.15237623762376237
4960,çïñÏå≥äÓ,2,49,11,16,10,0.1463265306122449,0,8,2,1,0,0,0,0,0,22,0.15237623762376237
4960,çïñÏå≥äÓ,3,52,11,14,11,0.17230769230769233,1,1,2,5,2,0,0,0,0,0,0.15237623762376237
4960,çïñÏå≥äÓ,4,44,11,8,12,0.15409090909090908,0,1,7,3,0,0,0,0,0,0,0.15237623762376237
4960,çïñÏå≥äÓ,5,46,5,9,11,0.14521739130434783,0,0,2,2,1,0,0,0,0,0,0.15237623762376237
4960,çïñÏå≥äÓ,6,45,3,13,6,0.13755555555555557,0,1,0,2,0,0,0,0,0,0,0.15237623762376237
4961,êºã¥ìﬁñ¢,1,44,26,5,7,0.15136363636363637,26,0,0,0,0,0,8,7,1,0,0.15704663212435233
4961,êºã¥ìﬁñ¢,2,30,4,11,7,0.17966666666666667,0,2,1,0,1,0,0,0,0,18,0.15704663212435233
4961,êºã¥ìﬁñ¢,3,28,8,11,1,0.17285714285714285,1,1,1,4,1,0,0,0,0,0,0.15704663212435233
4961,êºã¥ìﬁñ¢,4,30,6,8,6,0.16633333333333333,0,4,0,0,2,0,0,0,0,0,0.15704663212435233
4961,êºã¥ìﬁñ¢,5,33,4,7,6,0.13,0,0,0,2,2,0,0,0,0,0,0.15704663212435233
4961,êºã¥ìﬁñ¢,6,28,1,4,9,0.14785714285714285,0,0,1,0,0,0,0,0,0,0,0.15704663212435233
4962,î®ó≥ê∂,1,28,16,4,4,0.13714285714285715,15,0,0,0,0,1,0,8,3,0,0.17253658536585365
4962,î®ó≥ê∂,2,32,3,10,5,0.16125,0,1,1,0,1,0,0,0,0,18,0.17253658536585365
4962,î®ó≥ê∂,3,40,6,6,11,0.1815,0,1,2,1,1,1,0,0,0,0,0.17253658536585365
4962,î®ó≥ê∂,4,36,2,7,7,0.18444444444444447,0,0,1,0,0,1,0,0,0,0,0.17253658536585365
4962,î®ó≥ê∂,5,33,1,3,7,0.18454545454545454,0,1,0,0,0,0,0,0,0,0,0.17253658536585365
4962,î®ó≥ê∂,6,36,1,4,10,0.17722222222222223,0,0,0,0,1,0,0,0,0,0,0.17253658536585365
4963,õâêXî¸óS,1,46,27,8,3,0.13391304347826088,27,0,0,0,0,0,1,11,6,0,0.13549407114624507
4963,õâêXî¸óS,2,42,8,6,13,0.14238095238095239,0,5,2,0,1,0,0,0,0,25,0.13549407114624507
4963,õâêXî¸óS,3,49,5,9,13,0.13244897959183674,0,1,1,2,1,0,0,0,0,0,0.13549407114624507
4963,õâêXî¸óS,4,45,5,12,8,0.126,0,2,2,0,0,1,0,0,0,0,0.13549407114624507
4963,õâêXî¸óS,5,30,2,9,8,0.13466666666666666,0,0,0,2,0,0,0,0,0,0,0.13549407114624507
4963,õâêXî¸óS,6,41,2,2,4,0.14487804878048782,0,0,0,2,0,0,0,0,0,0,0.13549407114624507
4964,ìyâÆìÏ,1,20,13,4,1,0.1095,13,0,0,0,0,0,3,3,0,0,0.11464285714285714
4964,ìyâÆìÏ,2,17,5,7,1,0.12058823529411766,0,3,2,0,0,0,0,0,0,9,0.11464285714285714
4964,ìyâÆìÏ,3,23,8,5,3,0.11391304347826088,0,1,5,1,0,1,0,0,0,0,0.11464285714285714
4964,ìyâÆìÏ,4,21,7,4,3,0.10952380952380951,0,2,3,1,1,0,0,0,0,0,0.11464285714285714
4964,ìyâÆìÏ,5,13,3,3,1,0.1053846153846154,0,0,1,2,0,0,0,0,0,0,0.11464285714285714
4964,ìyâÆìÏ,6,18,1,1,1,0.12833333333333333,0,0,1,0,0,0,0,0,0,0,0.11464285714285714
4965,ïüâ™êÚêÖ,1,9,1,2,0,0.2411111111111111,1,0,0,0,0,0,2,4,0,0,0.1660294117647059
4965,ïüâ™êÚêÖ,2,13,0,1,4,0.16615384615384615,0,0,0,0,0,0,0,0,0,8,0.1660294117647059
4965,ïüâ™êÚêÖ,3,12,2,3,1,0.2041666666666667,0,0,1,1,0,0,0,0,0,0,0.1660294117647059
4965,ïüâ™êÚêÖ,4,12,1,1,0,0.15583333333333335,0,0,1,0,0,0,0,0,0,0,0.1660294117647059
4965,ïüâ™êÚêÖ,5,16,0,3,3,0.1375,0,0,0,0,0,0,0,0,0,0,0.1660294117647059
4965,ïüâ™êÚêÖ,6,6,0,0,3,0.07333333333333333,0,0,0,0,0,0,0,0,0,0,0.1660294117647059
4966,ìcêÏëÂãM,1,21,12,1,6,0.18190476190476193,11,0,0,0,1,0,4,3,2,0,0.17366666666666666
4966,ìcêÏëÂãM,2,33,4,6,9,0.17030303030303032,0,3,1,0,0,0,0,0,0,21,0.17366666666666666
4966,ìcêÏëÂãM,3,30,2,4,10,0.18000000000000002,0,0,0,1,0,1,0,0,0,0,0.17366666666666666
4966,ìcêÏëÂãM,4,32,2,7,8,0.169375,0,0,1,0,1,0,0,0,0,0,0.17366666666666666
4966,ìcêÏëÂãM,5,30,2,2,6,0.15066666666666667,0,1,0,1,0,0,0,0,0,0,0.17366666666666666
4966,ìcêÏëÂãM,6,34,1,3,4,0.19058823529411767,0,0,1,0,0,0,0,0,0,0,0.17366666666666666
4967,íÜë∫ä@ê∂,1,40,23,6,5,0.15625,22,0,0,0,1,0,4,9,0,0,0.15102439024390243
4967,íÜë∫ä@ê∂,2,31,4,11,6,0.15580645161290324,1,2,1,0,0,0,0,0,0,18,0.15102439024390243
4967,íÜë∫ä@ê∂,3,37,4,14,4,0.15486486486486487,0,0,0,3,1,0,0,0,0,0,0.15102439024390243
4967,íÜë∫ä@ê∂,4,37,8,8,12,0.11756756756756759,0,1,3,4,0,0,0,0,0,0,0.15102439024390243
4967,íÜë∫ä@ê∂,5,31,4,6,10,0.17806451612903224,0,0,1,3,0,0,0,0,0,0,0.15102439024390243
4967,íÜë∫ä@ê∂,6,29,1,5,6,0.14758620689655172,0,1,0,0,0,0,0,0,0,0,0.15102439024390243
4968,ã{çËåıäÓ,1,11,1,1,1,0.11727272727272728,1,0,0,0,0,0,6,2,1,0,0.15365591397849462
4968,ã{çËåıäÓ,2,18,0,0,4,0.18777777777777777,0,0,0,0,0,0,0,0,0,7,0.15365591397849462
4968,ã{çËåıäÓ,3,18,1,2,0,0.17444444444444446,0,1,0,0,0,0,0,0,0,0,0.15365591397849462
4968,ã{çËåıäÓ,4,14,0,0,0,0.125,0,0,0,0,0,0,0,0,0,0,0.15365591397849462
4968,ã{çËåıäÓ,5,17,0,0,1,0.12823529411764706,0,0,0,0,0,0,0,0,0,0,0.15365591397849462
4968,ã{çËåıäÓ,6,15,0,0,0,0.16999999999999998,0,0,0,0,0,0,0,0,0,0,0.15365591397849462
4969,í¨ìcü©äÛ,1,22,5,6,4,0.1590909090909091,5,0,0,0,0,0,6,8,2,0,0.1857920792079208
4969,í¨ìcü©äÛ,2,43,1,4,14,0.16348837209302325,0,1,0,0,0,0,0,0,0,20,0.1857920792079208
4969,í¨ìcü©äÛ,3,34,1,10,4,0.17411764705882352,0,0,0,1,0,0,0,0,0,0,0.1857920792079208
4969,í¨ìcü©äÛ,4,39,1,4,7,0.2153846153846154,0,0,0,1,0,0,0,0,0,0,0.1857920792079208
4969,í¨ìcü©äÛ,5,35,0,5,3,0.21257142857142858,0,0,0,0,0,0,0,0,0,0,0.1857920792079208
4969,í¨ìcü©äÛ,6,29,0,0,4,0.1806896551724138,0,0,0,0,0,0,0,0,0,0,0.1857920792079208
4970,à‰í¨ë◊,1,12,4,2,0,0.15666666666666665,4,0,0,0,0,0,2,3,2,0,0.19282051282051282
4970,à‰í¨ë◊,2,12,0,1,2,0.19583333333333333,0,0,0,0,0,0,0,0,0,8,0.19282051282051282
4970,à‰í¨ë◊,3,12,0,1,3,0.15666666666666668,0,0,0,0,0,0,0,0,0,0,0.19282051282051282
4970,à‰í¨ë◊,4,16,0,2,1,0.205625,0,0,0,0,0,0,0,0,0,0,0.19282051282051282
4970,à‰í¨ë◊,5,13,0,0,0,0.18615384615384614,0,0,0,0,0,0,0,0,0,0,0.19282051282051282
4970,à‰í¨ë◊,6,13,0,0,1,0.2476923076923077,0,0,0,0,0,0,0,0,0,0,0.19282051282051282
4971,ê`íºñÁ,1,19,8,3,0,0.16,7,0,0,0,1,0,6,4,0,0,0.1640909090909091
4971,ê`íºñÁ,2,21,0,6,1,0.16142857142857142,0,0,0,0,0,0,0,0,0,13,0.1640909090909091
4971,ê`íºñÁ,3,21,1,3,5,0.14714285714285713,0,0,1,0,0,0,0,0,0,0,0.1640909090909091
4971,ê`íºñÁ,4,20,0,1,2,0.1585,0,0,0,0,0,0,0,0,0,0,0.1640909090909091
4971,ê`íºñÁ,5,23,1,2,2,0.16521739130434782,0,0,1,0,0,0,0,0,0,0,0.1640909090909091
4971,ê`íºñÁ,6,28,0,2,3,0.18464285714285714,0,0,0,0,0,0,0,0,0,0,0.1640909090909091
4973,åIå¥íºñÁ,1,19,12,2,2,0.12842105263157894,11,0,0,0,1,0,3,4,0,0,0.15136054421768708
4973,åIå¥íºñÁ,2,30,7,5,4,0.14833333333333334,0,5,2,0,0,0,0,0,0,18,0.15136054421768708
4973,åIå¥íºñÁ,3,27,3,4,6,0.13777777777777778,0,1,1,1,0,0,0,0,0,0,0.15136054421768708
4973,åIå¥íºñÁ,4,25,3,5,5,0.1484,0,1,1,1,0,0,0,0,0,0,0.15136054421768708
4973,åIå¥íºñÁ,5,27,1,6,3,0.15703703703703706,0,0,1,0,0,0,0,0,0,0,0.15136054421768708
4973,åIå¥íºñÁ,6,19,0,0,3,0.19421052631578947,0,0,0,0,0,0,0,0,0,0,0.15136054421768708
4974,à¿à‰êêãI,1,12,3,1,2,0.15583333333333332,3,0,0,0,0,0,2,4,1,0,0.1690990990990991
4974,à¿à‰êêãI,2,21,1,3,3,0.19142857142857145,0,0,1,0,0,0,0,0,0,11,0.1690990990990991
4974,à¿à‰êêãI,3,22,2,5,0,0.16954545454545455,0,0,0,2,0,0,0,0,0,0,0.1690990990990991
4974,à¿à‰êêãI,4,24,2,2,5,0.18083333333333332,0,0,1,0,1,0,0,0,0,0,0.1690990990990991
4974,à¿à‰êêãI,5,18,2,1,4,0.15722222222222224,0,0,2,0,0,0,0,0,0,0,0.1690990990990991
4974,à¿à‰êêãI,6,14,1,2,1,0.14142857142857143,0,0,0,1,0,0,0,0,0,0,0.1690990990990991
4976,ã‡éRóßé˜,1,34,9,10,3,0.1826470588235294,9,0,0,0,0,0,8,7,5,0,0.1881900452488688
4976,ã‡éRóßé˜,2,43,9,10,6,0.19790697674418603,0,6,2,0,0,1,0,0,0,16,0.1881900452488688
4976,ã‡éRóßé˜,3,37,0,5,10,0.18081081081081082,0,0,0,0,0,0,0,0,0,0,0.1881900452488688
4976,ã‡éRóßé˜,4,34,2,2,9,0.185,0,1,1,0,0,0,0,0,0,0,0.1881900452488688
4976,ã‡éRóßé˜,5,40,0,6,6,0.1845,0,0,0,0,0,0,0,0,0,0,0.1881900452488688
4976,ã‡éRóßé˜,6,33,0,1,7,0.19727272727272727,0,0,0,0,0,0,0,0,0,0,0.1881900452488688
4977,înñÏós,1,33,19,4,3,0.16242424242424244,18,0,0,0,1,0,5,5,3,0,0.1539712918660287
4977,înñÏós,2,39,10,7,11,0.15307692307692308,0,5,3,0,2,0,0,0,0,20,0.1539712918660287
4977,înñÏós,3,37,1,10,12,0.14216216216216215,0,0,0,1,0,0,0,0,0,0,0.1539712918660287
4977,înñÏós,4,43,4,7,12,0.1569767441860465,0,0,2,1,0,1,0,0,0,0,0.1539712918660287
4977,înñÏós,5,27,2,6,5,0.1562962962962963,0,0,0,2,0,0,0,0,0,0,0.1539712918660287
4977,înñÏós,6,30,3,3,5,0.154,0,1,2,0,0,0,0,0,0,0,0.1539712918660287
4978,éRìcòaç≤,1,22,8,3,3,0.16636363636363638,6,0,0,0,2,0,2,4,5,0,0.18565934065934064
4978,éRìcòaç≤,2,32,3,3,5,0.179375,0,1,2,0,0,0,0,0,0,15,0.18565934065934064
4978,éRìcòaç≤,3,29,1,5,5,0.1631034482758621,0,1,0,0,0,0,0,0,0,0,0.18565934065934064
4978,éRìcòaç≤,4,34,1,3,10,0.21676470588235294,0,0,1,0,0,0,0,0,0,0,0.18565934065934064
4978,éRìcòaç≤,5,32,0,2,7,0.1828125,0,0,0,0,0,0,0,0,0,0,0.18565934065934064
4978,éRìcòaç≤,6,33,0,4,3,0.19515151515151516,0,0,0,0,0,0,0,0,0,0,0.18565934065934064
4979,íÜñÏñ≤ìl,1,37,20,4,5,0.16891891891891891,18,0,0,0,2,0,2,9,5,0,0.16870535714285714
4979,íÜñÏñ≤ìl,2,42,0,10,6,0.18785714285714286,0,0,0,0,0,0,0,0,0,25,0.16870535714285714
4979,íÜñÏñ≤ìl,3,37,5,7,7,0.15270270270270273,0,0,1,4,0,0,0,0,0,0,0.16870535714285714
4979,íÜñÏñ≤ìl,4,40,5,7,7,0.16025,0,1,3,0,1,0,0,0,0,0,0.16870535714285714
4979,íÜñÏñ≤ìl,5,37,1,7,6,0.15783783783783784,0,0,0,1,0,0,0,0,0,0,0.16870535714285714
4979,íÜñÏñ≤ìl,6,31,2,3,5,0.18548387096774194,0,1,0,1,0,0,0,0,0,0,0.16870535714285714
4980,ç≤ÅXñÿäÆëæ,1,38,27,5,2,0.16131578947368422,26,0,0,0,1,0,3,7,1,0,0.16467836257309942
4980,ç≤ÅXñÿäÆëæ,2,20,5,6,3,0.1605,0,4,0,0,1,0,0,0,0,11,0.16467836257309942
4980,ç≤ÅXñÿäÆëæ,3,27,7,6,8,0.18444444444444447,0,0,0,6,1,0,0,0,0,0,0.16467836257309942
4980,ç≤ÅXñÿäÆëæ,4,28,4,10,5,0.1467857142857143,0,2,2,0,0,0,0,0,0,0,0.16467836257309942
4980,ç≤ÅXñÿäÆëæ,5,29,5,4,4,0.1617241379310345,0,0,0,3,2,0,0,0,0,0,0.16467836257309942
4980,ç≤ÅXñÿäÆëæ,6,29,1,1,6,0.17379310344827587,0,1,0,0,0,0,0,0,0,0,0.16467836257309942
4981,ñqéRì÷ñÁ,1,27,15,4,1,0.16518518518518518,14,0,0,0,1,0,2,4,5,0,0.1525339366515837
4981,ñqéRì÷ñÁ,2,39,1,9,8,0.14384615384615385,0,0,1,0,0,0,0,0,0,23,0.1525339366515837
4981,ñqéRì÷ñÁ,3,40,3,7,9,0.14525000000000002,0,0,2,1,0,0,0,0,0,0,0.1525339366515837
4981,ñqéRì÷ñÁ,4,38,5,7,6,0.1444736842105263,0,1,2,2,0,0,0,0,0,0,0.1525339366515837
4981,ñqéRì÷ñÁ,5,39,1,5,5,0.1512820512820513,0,0,0,0,1,0,0,0,0,0,0.1525339366515837
4981,ñqéRì÷ñÁ,6,38,0,3,4,0.16947368421052633,0,0,0,0,0,0,0,0,0,0,0.1525339366515837
4982,íÜë∫è´ó≤,1,9,1,2,2,0.14444444444444446,1,0,0,0,0,0,3,2,3,0,0.20944444444444446
4982,íÜë∫è´ó≤,2,18,1,2,4,0.215,0,1,0,0,0,0,0,0,0,9,0.20944444444444446
4982,íÜë∫è´ó≤,3,13,1,1,1,0.18999999999999997,0,1,0,0,0,0,0,0,0,0,0.20944444444444446
4982,íÜë∫è´ó≤,4,14,0,2,0,0.23214285714285715,0,0,0,0,0,0,0,0,0,0,0.20944444444444446
4982,íÜë∫è´ó≤,5,17,0,1,3,0.20823529411764707,0,0,0,0,0,0,0,0,0,0,0.20944444444444446
4982,íÜë∫è´ó≤,6,19,0,1,1,0.2326315789473684,0,0,0,0,0,0,0,0,0,0,0.20944444444444446
4983,ëOìcìƒç∆,1,61,46,3,5,0.12885245901639344,41,0,1,0,3,1,3,7,5,0,0.14442508710801394
4983,ëOìcìƒç∆,2,48,14,13,7,0.15583333333333335,0,9,3,1,1,0,0,0,0,22,0.14442508710801394
4983,ëOìcìƒç∆,3,45,12,10,8,0.14777777777777779,0,0,4,7,0,1,0,0,0,0,0.14442508710801394
4983,ëOìcìƒç∆,4,46,13,7,8,0.15065217391304347,0,5,4,2,2,0,0,0,0,0,0.14442508710801394
4983,ëOìcìƒç∆,5,38,8,4,6,0.15078947368421053,0,0,0,4,2,2,0,0,0,0,0.14442508710801394
4983,ëOìcìƒç∆,6,49,2,10,9,0.13877551020408163,0,0,0,2,0,0,0,0,0,0,0.14442508710801394
4984,êXâ∫à§óú,1,27,10,9,6,0.17148148148148148,10,0,0,0,0,0,5,8,1,0,0.19241206030150754
4984,êXâ∫à§óú,2,41,9,8,5,0.19195121951219513,0,3,6,0,0,0,0,0,0,19,0.19241206030150754
4984,êXâ∫à§óú,3,32,1,6,8,0.18031250000000001,0,1,0,0,0,0,0,0,0,0,0.19241206030150754
4984,êXâ∫à§óú,4,28,2,3,3,0.23035714285714287,0,0,1,1,0,0,0,0,0,0,0.19241206030150754
4984,êXâ∫à§óú,5,38,1,4,9,0.1668421052631579,0,0,1,0,0,0,0,0,0,0,0.19241206030150754
4984,êXâ∫à§óú,6,33,0,2,5,0.21909090909090911,0,0,0,0,0,0,0,0,0,0,0.19241206030150754
4985,à‰ñ{èπñÁ,1,35,22,7,2,0.1834285714285714,20,0,1,0,1,0,4,5,4,0,0.19175965665236053
4985,à‰ñ{èπñÁ,2,42,5,10,8,0.19952380952380955,0,4,0,1,0,0,0,0,0,23,0.19175965665236053
4985,à‰ñ{èπñÁ,3,39,6,7,14,0.1764102564102564,0,0,2,3,0,1,0,0,0,0,0.19175965665236053
4985,à‰ñ{èπñÁ,4,43,2,9,9,0.19093023255813957,0,0,0,2,0,0,0,0,0,0,0.19175965665236053
4985,à‰ñ{èπñÁ,5,41,5,4,7,0.2004878048780488,0,0,0,5,0,0,0,0,0,0,0.19175965665236053
4985,à‰ñ{èπñÁ,6,33,1,1,2,0.1990909090909091,0,0,1,0,0,0,0,0,0,0,0.19175965665236053
4986,êºéRóSäÛ,1,10,4,1,1,0.2,4,0,0,0,0,0,2,2,1,0,0.18221052631578946
4986,êºéRóSäÛ,2,19,1,2,1,0.1463157894736842,0,0,1,0,0,0,0,0,0,9,0.18221052631578946
4986,êºéRóSäÛ,3,14,0,1,2,0.17142857142857143,0,0,0,0,0,0,0,0,0,0,0.18221052631578946
4986,êºéRóSäÛ,4,16,0,1,0,0.190625,0,0,0,0,0,0,0,0,0,0,0.18221052631578946
4986,êºéRóSäÛ,5,17,0,0,0,0.20411764705882354,0,0,0,0,0,0,0,0,0,0,0.18221052631578946
4986,êºéRóSäÛ,6,19,0,0,0,0.19,0,0,0,0,0,0,0,0,0,0,0.18221052631578946
4987,ìáëqìs,1,21,12,2,2,0.1380952380952381,10,0,0,0,2,0,0,8,0,0,0.1623125
4987,ìáëqìs,2,32,2,8,3,0.18937500000000002,0,1,0,0,1,0,0,0,0,16,0.1623125
4987,ìáëqìs,3,30,3,0,5,0.16933333333333334,0,1,1,0,1,0,0,0,0,0,0.1623125
4987,ìáëqìs,4,26,1,1,2,0.1580769230769231,0,1,0,0,0,0,0,0,0,0,0.1623125
4987,ìáëqìs,5,30,1,3,4,0.15,0,0,0,1,0,0,0,0,0,0,0.1623125
4987,ìáëqìs,6,21,0,0,1,0.15809523809523812,0,0,0,0,0,0,0,0,0,0,0.1623125
4988,ñ¥ìcèßëæ,1,20,6,7,2,0.1705,5,0,0,0,1,0,3,8,0,0,0.1513380281690141
4988,ñ¥ìcèßëæ,2,29,2,6,4,0.16827586206896553,0,1,1,0,0,0,0,0,0,16,0.1513380281690141
4988,ñ¥ìcèßëæ,3,28,3,2,3,0.13857142857142857,0,0,3,0,0,0,0,0,0,0,0.1513380281690141
4988,ñ¥ìcèßëæ,4,22,2,1,4,0.13,0,0,1,0,0,1,0,0,0,0,0.1513380281690141
4988,ñ¥ìcèßëæ,5,24,1,2,3,0.14708333333333332,0,0,0,1,0,0,0,0,0,0,0.1513380281690141
4988,ñ¥ìcèßëæ,6,19,0,1,1,0.1542105263157895,0,0,0,0,0,0,0,0,0,0,0.1513380281690141
4989,êŒå¥óÉ,1,37,26,4,1,0.11918918918918919,25,0,0,0,1,0,3,3,5,0,0.14819819819819818
4989,êŒå¥óÉ,2,41,8,10,5,0.1573170731707317,0,3,5,0,0,0,0,0,0,18,0.14819819819819818
4989,êŒå¥óÉ,3,42,7,12,13,0.12238095238095237,0,2,2,3,0,0,0,0,0,0,0.14819819819819818
4989,êŒå¥óÉ,4,34,2,9,7,0.15676470588235294,0,1,1,0,0,0,0,0,0,0,0.14819819819819818
4989,êŒå¥óÉ,5,39,5,3,7,0.16230769230769232,0,1,0,4,0,0,0,0,0,0,0.14819819819819818
4989,êŒå¥óÉ,6,29,2,1,4,0.1806896551724138,0,0,1,0,1,0,0,0,0,0,0.14819819819819818
4990,ìcíÜîééq,1,11,2,0,1,0.17,1,1,0,0,0,0,3,4,0,0,0.17858695652173912
4990,ìcíÜîééq,2,21,0,1,3,0.15809523809523812,0,0,0,0,0,0,0,0,0,9,0.17858695652173912
4990,ìcíÜîééq,3,17,3,2,0,0.1811764705882353,0,1,1,0,0,1,0,0,0,0,0.17858695652173912
4990,ìcíÜîééq,4,14,0,0,0,0.1842857142857143,0,0,0,0,0,0,0,0,0,0,0.17858695652173912
4990,ìcíÜîééq,5,18,0,1,2,0.17388888888888887,0,0,0,0,0,0,0,0,0,0,0.17858695652173912
4990,ìcíÜîééq,6,11,0,1,1,0.22272727272727275,0,0,0,0,0,0,0,0,0,0,0.17858695652173912
4991,è@çsé°ç∆,1,26,11,6,2,0.17423076923076924,9,0,0,0,1,1,4,5,5,0,0.18062857142857142
4991,è@çsé°ç∆,2,33,6,7,7,0.1603030303030303,1,1,3,0,1,0,0,0,0,12,0.18062857142857142
4991,è@çsé°ç∆,3,33,5,8,8,0.15303030303030302,0,1,2,0,2,0,0,0,0,0,0.18062857142857142
4991,è@çsé°ç∆,4,33,2,2,11,0.20333333333333334,0,0,0,1,1,0,0,0,0,0,0.18062857142857142
4991,è@çsé°ç∆,5,23,0,3,3,0.16434782608695653,0,0,0,0,0,0,0,0,0,0,0.18062857142857142
4991,è@çsé°ç∆,6,27,1,0,7,0.23148148148148148,0,0,0,0,0,1,0,0,0,0,0.18062857142857142
4992,úAê£ìƒç∆,1,20,9,3,2,0.129,8,0,0,0,1,0,2,3,5,0,0.17794117647058824
4992,úAê£ìƒç∆,2,30,7,6,4,0.17200000000000001,0,6,1,0,0,0,0,0,0,16,0.17794117647058824
4992,úAê£ìƒç∆,3,25,1,1,7,0.1684,0,0,0,1,0,0,0,0,0,0,0.17794117647058824
4992,úAê£ìƒç∆,4,31,1,2,4,0.1764516129032258,0,0,0,1,0,0,0,0,0,0,0.17794117647058824
4992,úAê£ìƒç∆,5,30,1,1,1,0.19166666666666668,0,1,0,0,0,0,0,0,0,0,0.17794117647058824
4992,úAê£ìƒç∆,6,34,0,0,6,0.20823529411764707,0,0,0,0,0,0,0,0,0,0,0.17794117647058824
4993,â∫ñÏãûçÅ,1,13,5,3,1,0.1776923076923077,5,0,0,0,0,0,4,4,0,0,0.18879120879120878
4993,â∫ñÏãûçÅ,2,17,0,0,2,0.20588235294117646,0,0,0,0,0,0,0,0,0,11,0.18879120879120878
4993,â∫ñÏãûçÅ,3,15,1,0,2,0.17200000000000001,0,0,0,0,0,1,0,0,0,0,0.18879120879120878
4993,â∫ñÏãûçÅ,4,16,1,1,1,0.185625,0,0,0,1,0,0,0,0,0,0,0.18879120879120878
4993,â∫ñÏãûçÅ,5,18,0,0,4,0.18611111111111112,0,0,0,0,0,0,0,0,0,0,0.18879120879120878
4993,â∫ñÏãûçÅ,6,12,0,0,1,0.20583333333333334,0,0,0,0,0,0,0,0,0,0,0.18879120879120878
4994,éRñ{óúçÿ,1,18,6,1,8,0.18,6,0,0,0,0,0,1,5,4,0,0.21049382716049383
4994,éRñ{óúçÿ,2,26,5,5,5,0.175,0,1,2,0,2,0,0,0,0,9,0.21049382716049383
4994,éRñ{óúçÿ,3,23,2,5,2,0.1834782608695652,0,0,1,1,0,0,0,0,0,0,0.21049382716049383
4994,éRñ{óúçÿ,4,25,1,6,9,0.2004,0,0,0,1,0,0,0,0,0,0,0.21049382716049383
4994,éRñ{óúçÿ,5,33,0,3,2,0.23212121212121212,0,0,0,0,0,0,0,0,0,0,0.21049382716049383
4994,éRñ{óúçÿ,6,37,0,0,6,0.2545945945945946,0,0,0,0,0,0,0,0,0,0,0.21049382716049383
4995,ìcÁ≥ó∫ë†,1,23,10,4,3,0.16869565217391305,9,0,0,0,1,0,0,5,6,0,0.1748427672955975
4995,ìcÁ≥ó∫ë†,2,27,1,4,7,0.1811111111111111,0,0,1,0,0,0,0,0,0,16,0.1748427672955975
4995,ìcÁ≥ó∫ë†,3,27,0,3,6,0.1537037037037037,0,0,0,0,0,0,0,0,0,0,0.1748427672955975
4995,ìcÁ≥ó∫ë†,4,31,1,2,7,0.1706451612903226,0,0,1,0,0,0,0,0,0,0,0.1748427672955975
4995,ìcÁ≥ó∫ë†,5,25,0,0,7,0.18,0,0,0,0,0,0,0,0,0,0,0.1748427672955975
4995,ìcÁ≥ó∫ë†,6,26,1,2,7,0.19576923076923075,0,0,1,0,0,0,0,0,0,0,0.1748427672955975
4996,íÜîˆíqîé,1,2,0,0,0,0.19,0,0,0,0,0,0,0,2,0,0,0.17047619047619048
4996,íÜîˆíqîé,2,4,0,0,1,0.205,0,0,0,0,0,0,0,0,0,2,0.17047619047619048
4996,íÜîˆíqîé,3,4,1,1,0,0.135,0,0,0,1,0,0,0,0,0,0,0.17047619047619048
4996,íÜîˆíqîé,4,3,0,0,0,0.17333333333333334,0,0,0,0,0,0,0,0,0,0,0.17047619047619048
4996,íÜîˆíqîé,5,5,0,1,1,0.162,0,0,0,0,0,0,0,0,0,0,0.17047619047619048
4996,íÜîˆíqîé,6,3,0,0,0,0.17,0,0,0,0,0,0,0,0,0,0,0.17047619047619048
4997,‡_çËéıó¢ñÓ,1,13,1,0,3,0.17076923076923078,1,0,0,0,0,0,5,3,3,0,0.16465909090909092
4997,‡_çËéıó¢ñÓ,2,16,0,1,1,0.179375,0,0,0,0,0,0,0,0,0,9,0.16465909090909092
4997,‡_çËéıó¢ñÓ,3,18,0,1,1,0.1811111111111111,0,0,0,0,0,0,0,0,0,0,0.16465909090909092
4997,‡_çËéıó¢ñÓ,4,14,1,0,0,0.1642857142857143,0,0,0,1,0,0,0,0,0,0,0.16465909090909092
4997,‡_çËéıó¢ñÓ,5,14,0,0,0,0.13785714285714287,0,0,0,0,0,0,0,0,0,0,0.16465909090909092
4997,‡_çËéıó¢ñÓ,6,13,0,1,0,0.14692307692307693,0,0,0,0,0,0,0,0,0,0,0.16465909090909092
4998,íÜë∫Ç©Ç»Ç¶,1,39,22,5,5,0.15000000000000002,20,0,0,0,2,0,4,12,0,0,0.12262931034482759
4998,íÜë∫Ç©Ç»Ç¶,2,42,6,12,10,0.12714285714285714,0,4,2,0,0,0,0,0,0,25,0.12262931034482759
4998,íÜë∫Ç©Ç»Ç¶,3,45,9,11,9,0.12866666666666668,0,0,4,4,1,0,0,0,0,0,0.12262931034482759
4998,íÜë∫Ç©Ç»Ç¶,4,37,8,10,5,0.09189189189189188,0,0,7,0,1,0,0,0,0,0,0.12262931034482759
4998,íÜë∫Ç©Ç»Ç¶,5,34,3,5,9,0.10882352941176471,0,1,1,1,0,0,0,0,0,0,0.12262931034482759
4998,íÜë∫Ç©Ç»Ç¶,6,35,3,1,9,0.12485714285714286,0,0,1,2,0,0,0,0,0,0,0.12262931034482759
4999,åBñºãMãP,1,14,0,3,2,0.18857142857142858,0,0,0,0,0,0,3,4,2,0,0.17285714285714285
4999,åBñºãMãP,2,18,0,2,3,0.16666666666666666,0,0,0,0,0,0,0,0,0,9,0.17285714285714285
4999,åBñºãMãP,3,21,2,1,0,0.1657142857142857,0,0,2,0,0,0,0,0,0,0,0.17285714285714285
4999,åBñºãMãP,4,21,0,1,2,0.15761904761904763,0,0,0,0,0,0,0,0,0,0,0.17285714285714285
4999,åBñºãMãP,5,18,0,2,2,0.14444444444444446,0,0,0,0,0,0,0,0,0,0,0.17285714285714285
4999,åBñºãMãP,6,20,1,1,1,0.2165,0,0,1,0,0,0,0,0,0,0,0.17285714285714285
5000,â™ñ{„ƒëæòY,1,15,4,3,1,0.158,4,0,0,0,0,0,4,5,2,0,0.1782442748091603
5000,â™ñ{„ƒëæòY,2,27,2,5,4,0.15444444444444444,0,2,0,0,0,0,0,0,0,17,0.1782442748091603
5000,â™ñ{„ƒëæòY,3,22,2,1,6,0.18272727272727274,0,0,1,1,0,0,0,0,0,0,0.1782442748091603
5000,â™ñ{„ƒëæòY,4,22,0,0,3,0.21181818181818182,0,0,0,0,0,0,0,0,0,0,0.1782442748091603
5000,â™ñ{„ƒëæòY,5,24,2,0,5,0.16125,0,0,0,1,1,0,0,0,0,0,0.1782442748091603
5000,â™ñ{„ƒëæòY,6,21,0,0,2,0.20285714285714285,0,0,0,0,0,0,0,0,0,0,0.1782442748091603
5001,ç‚ñ{âÎâ¿,1,27,8,6,4,0.15962962962962965,8,0,0,0,0,0,6,4,6,0,0.1345360824742268
5001,ç‚ñ{âÎâ¿,2,32,2,3,4,0.1415625,0,1,1,0,0,0,0,0,0,17,0.1345360824742268
5001,ç‚ñ{âÎâ¿,3,37,1,4,10,0.12486486486486487,0,0,0,1,0,0,0,0,0,0,0.1345360824742268
5001,ç‚ñ{âÎâ¿,4,31,3,2,3,0.10516129032258065,0,0,3,0,0,0,0,0,0,0,0.1345360824742268
5001,ç‚ñ{âÎâ¿,5,34,1,1,1,0.135,0,0,1,0,0,0,0,0,0,0,0.1345360824742268
5001,ç‚ñ{âÎâ¿,6,33,0,0,3,0.14515151515151514,0,0,0,0,0,0,0,0,0,0,0.1345360824742268
5002,è„ìcåíëæ,1,21,15,4,1,0.1561904761904762,15,0,0,0,0,0,3,1,0,0,0.1581656804733728
5002,è„ìcåíëæ,2,29,5,6,7,0.14793103448275863,0,4,1,0,0,0,0,0,0,11,0.1581656804733728
5002,è„ìcåíëæ,3,32,3,6,6,0.1734375,1,0,1,1,0,0,0,0,0,0,0.1581656804733728
5002,è„ìcåíëæ,4,25,2,3,7,0.1564,0,0,2,0,0,0,0,0,0,0,0.1581656804733728
5002,è„ìcåíëæ,5,33,3,3,6,0.1521212121212121,0,0,1,1,1,0,0,0,0,0,0.1581656804733728
5002,è„ìcåíëæ,6,29,0,5,5,0.16137931034482758,0,0,0,0,0,0,0,0,0,0,0.1581656804733728
5003,óàìcàﬂêD,1,24,9,3,5,0.17,8,0,0,0,1,0,3,6,3,0,0.158698224852071
5003,óàìcàﬂêD,2,30,1,8,4,0.18633333333333332,0,0,1,0,0,0,0,0,0,10,0.158698224852071
5003,óàìcàﬂêD,3,34,3,13,4,0.13705882352941176,0,0,2,1,0,0,0,0,0,0,0.158698224852071
5003,óàìcàﬂêD,4,26,2,3,4,0.1453846153846154,0,0,2,0,0,0,0,0,0,0,0.158698224852071
5003,óàìcàﬂêD,5,30,1,7,5,0.15466666666666665,0,0,0,0,1,0,0,0,0,0,0.158698224852071
5003,óàìcàﬂêD,6,25,1,0,3,0.1628,0,0,0,0,1,0,0,0,0,0,0.158698224852071
5004,âÕñÏéÂé˜,1,24,9,8,2,0.10416666666666667,9,0,0,0,0,0,2,5,4,0,0.15988636363636363
5004,âÕñÏéÂé˜,2,28,5,2,10,0.1432142857142857,0,2,3,0,0,0,0,0,0,16,0.15988636363636363
5004,âÕñÏéÂé˜,3,25,2,5,3,0.162,0,0,2,0,0,0,0,0,0,0,0.15988636363636363
5004,âÕñÏéÂé˜,4,29,0,3,7,0.1706896551724138,0,0,0,0,0,0,0,0,0,0,0.15988636363636363
5004,âÕñÏéÂé˜,5,35,0,6,5,0.16085714285714287,0,0,0,0,0,0,0,0,0,0,0.15988636363636363
5004,âÕñÏéÂé˜,6,35,1,1,2,0.2,0,0,0,1,0,0,0,0,0,0,0.15988636363636363
5005,êŒìcãMóm,1,32,15,9,1,0.155625,14,0,0,0,1,0,5,3,5,0,0.15408839779005526
5005,êŒìcãMóm,2,37,5,9,9,0.17297297297297298,0,1,4,0,0,0,0,0,0,19,0.15408839779005526
5005,êŒìcãMóm,3,29,3,5,7,0.15275862068965515,0,0,0,2,1,0,0,0,0,0,0.15408839779005526
5005,êŒìcãMóm,4,26,4,1,5,0.1453846153846154,0,0,2,2,0,0,0,0,0,0,0.15408839779005526
5005,êŒìcãMóm,5,31,5,8,4,0.14516129032258066,0,0,1,3,0,1,0,0,0,0,0.15408839779005526
5005,êŒìcãMóm,6,26,2,3,4,0.14615384615384613,0,0,1,0,1,0,0,0,0,0,0.15408839779005526
5006,ãvï€å¥èGêl,1,32,16,2,2,0.1675,15,0,0,0,1,0,3,8,4,0,0.1773134328358209
5006,ãvï€å¥èGêl,2,32,2,2,4,0.1821875,0,0,2,0,0,0,0,0,0,17,0.1773134328358209
5006,ãvï€å¥èGêl,3,33,3,7,5,0.17666666666666667,0,0,1,2,0,0,0,0,0,0,0.1773134328358209
5006,ãvï€å¥èGêl,4,34,2,7,4,0.17411764705882352,0,0,1,1,0,0,0,0,0,0,0.1773134328358209
5006,ãvï€å¥èGêl,5,32,2,5,4,0.180625,0,0,0,2,0,0,0,0,0,0,0.1773134328358209
5006,ãvï€å¥èGêl,6,38,1,0,2,0.18210526315789474,0,0,0,1,0,0,0,0,0,0,0.1773134328358209
5007,ãﬂì°óYàÍòY,1,21,5,2,5,0.15761904761904763,4,0,0,0,1,0,2,9,2,0,0.17209459459459459
5007,ãﬂì°óYàÍòY,2,28,4,6,2,0.17500000000000002,0,3,1,0,0,0,0,0,0,14,0.17209459459459459
5007,ãﬂì°óYàÍòY,3,25,0,2,2,0.1736,0,0,0,0,0,0,0,0,0,0,0.17209459459459459
5007,ãﬂì°óYàÍòY,4,24,3,1,6,0.18583333333333332,0,1,2,0,0,0,0,0,0,0,0.17209459459459459
5007,ãﬂì°óYàÍòY,5,24,0,1,1,0.16083333333333333,0,0,0,0,0,0,0,0,0,0,0.17209459459459459
5007,ãﬂì°óYàÍòY,6,26,0,1,4,0.1769230769230769,0,0,0,0,0,0,0,0,0,0,0.17209459459459459
5008,âHñÏó»,1,33,11,5,4,0.17212121212121212,10,0,0,0,1,0,4,12,4,0,0.16020833333333334
5008,âHñÏó»,2,43,1,11,12,0.1713953488372093,0,1,0,0,0,0,0,0,0,30,0.16020833333333334
5008,âHñÏó»,3,45,3,9,13,0.152,0,1,0,2,0,0,0,0,0,0,0.16020833333333334
5008,âHñÏó»,4,38,4,3,9,0.14421052631578948,0,2,0,2,0,0,0,0,0,0,0.16020833333333334
5008,âHñÏó»,5,40,0,2,6,0.16075,0,0,0,0,0,0,0,0,0,0,0.16020833333333334
5008,âHñÏó»,6,41,1,3,7,0.16219512195121952,0,0,1,0,0,0,0,0,0,0,0.16020833333333334
5009,ëÂâÍó¥îVâÓ,1,12,6,2,1,0.1325,5,0,0,0,1,0,1,3,1,0,0.16230769230769232
5009,ëÂâÍó¥îVâÓ,2,24,4,5,2,0.155,0,2,1,0,1,0,0,0,0,12,0.16230769230769232
5009,ëÂâÍó¥îVâÓ,3,28,6,4,4,0.13642857142857143,0,0,2,3,1,0,0,0,0,0,0.16230769230769232
5009,ëÂâÍó¥îVâÓ,4,24,3,2,7,0.13083333333333333,0,0,3,0,0,0,0,0,0,0,0.16230769230769232
5009,ëÂâÍó¥îVâÓ,5,23,3,5,3,0.18347826086956526,0,1,0,2,0,0,0,0,0,0,0.16230769230769232
5009,ëÂâÍó¥îVâÓ,6,19,0,1,3,0.24263157894736845,0,0,0,0,0,0,0,0,0,0,0.16230769230769232
5010,âFóØìc„ƒïΩ,1,20,9,3,3,0.153,9,0,0,0,0,0,3,4,2,0,0.16705263157894737
5010,âFóØìc„ƒïΩ,2,38,0,11,8,0.1573684210526316,0,0,0,0,0,0,0,0,0,26,0.16705263157894737
5010,âFóØìc„ƒïΩ,3,32,2,4,5,0.1328125,0,0,1,1,0,0,0,0,0,0,0.16705263157894737
5010,âFóØìc„ƒïΩ,4,35,2,1,4,0.16971428571428573,0,0,0,0,1,1,0,0,0,0,0.16705263157894737
5010,âFóØìc„ƒïΩ,5,36,2,1,7,0.18638888888888888,0,0,2,0,0,0,0,0,0,0,0.16705263157894737
5010,âFóØìc„ƒïΩ,6,29,0,1,2,0.19999999999999998,0,0,0,0,0,0,0,0,0,0,0.16705263157894737
5011,çÇñÿå\ëÂ,1,20,4,3,5,0.1525,4,0,0,0,0,0,6,4,3,0,0.16642857142857143
5011,çÇñÿå\ëÂ,2,27,2,6,2,0.17777777777777778,0,1,1,0,0,0,0,0,0,20,0.16642857142857143
5011,çÇñÿå\ëÂ,3,39,1,1,8,0.18615384615384614,0,0,0,1,0,0,0,0,0,0,0.16642857142857143
5011,çÇñÿå\ëÂ,4,28,1,3,5,0.15,0,0,0,1,0,0,0,0,0,0,0.16642857142857143
5011,çÇñÿå\ëÂ,5,30,0,4,0,0.146,0,0,0,0,0,0,0,0,0,0,0.16642857142857143
5011,çÇñÿå\ëÂ,6,24,0,0,3,0.17791666666666664,0,0,0,0,0,0,0,0,0,0,0.16642857142857143
5012,â¡ëqò–ê™,1,3,1,0,0,0.19999999999999998,1,0,0,0,0,0,0,0,2,0,0.1491891891891892
5012,â¡ëqò–ê™,2,8,1,1,1,0.15,0,1,0,0,0,0,0,0,0,4,0.1491891891891892
5012,â¡ëqò–ê™,3,6,0,2,0,0.13333333333333333,0,0,0,0,0,0,0,0,0,0,0.1491891891891892
5012,â¡ëqò–ê™,4,8,0,0,2,0.13875,0,0,0,0,0,0,0,0,0,0,0.1491891891891892
5012,â¡ëqò–ê™,5,5,0,0,0,0.152,0,0,0,0,0,0,0,0,0,0,0.1491891891891892
5012,â¡ëqò–ê™,6,7,0,2,0,0.15,0,0,0,0,0,0,0,0,0,0,0.1491891891891892
5013,éRâ∫âƒóÈ,1,31,13,4,5,0.18645161290322582,11,1,0,0,1,0,6,6,4,0,0.1726570048309179
5013,éRâ∫âƒóÈ,2,35,8,4,5,0.182,0,4,4,0,0,0,0,0,0,17,0.1726570048309179
5013,éRâ∫âƒóÈ,3,38,5,12,6,0.1631578947368421,0,0,1,2,2,0,0,0,0,0,0.1726570048309179
5013,éRâ∫âƒóÈ,4,37,9,7,1,0.17135135135135135,0,0,6,1,1,1,0,0,0,0,0.1726570048309179
5013,éRâ∫âƒóÈ,5,32,2,3,9,0.160625,0,0,2,0,0,0,0,0,0,0,0.1726570048309179
5013,éRâ∫âƒóÈ,6,34,2,4,3,0.1738235294117647,0,0,1,0,1,0,0,0,0,0,0.1726570048309179
5014,äÅéRó¡ìl,1,31,13,5,2,0.15225806451612903,13,0,0,0,0,0,4,9,4,0,0.14269058295964127
5014,äÅéRó¡ìl,2,34,3,4,8,0.14176470588235296,0,1,1,1,0,0,0,0,0,20,0.14269058295964127
5014,äÅéRó¡ìl,3,44,5,7,12,0.14250000000000002,0,1,2,1,1,0,0,0,0,0,0.14269058295964127
5014,äÅéRó¡ìl,4,38,4,9,4,0.1355263157894737,0,0,1,2,1,0,0,0,0,0,0.14269058295964127
5014,äÅéRó¡ìl,5,40,1,10,8,0.1405,0,0,0,1,0,0,0,0,0,0,0.14269058295964127
5014,äÅéRó¡ìl,6,36,2,2,2,0.14555555555555555,0,0,1,0,1,0,0,0,0,0,0.14269058295964127
5015,çÇã¥ó≥ñÓ,1,47,26,7,11,0.13872340425531915,25,0,0,0,1,0,7,2,8,0,0.14330677290836652
5015,çÇã¥ó≥ñÓ,2,48,7,10,14,0.154375,0,5,0,1,1,0,0,0,0,25,0.14330677290836652
5015,çÇã¥ó≥ñÓ,3,40,5,15,5,0.125,0,1,0,3,1,0,0,0,0,0,0.14330677290836652
5015,çÇã¥ó≥ñÓ,4,34,4,7,7,0.14941176470588236,0,0,2,2,0,0,0,0,0,0,0.14330677290836652
5015,çÇã¥ó≥ñÓ,5,39,1,8,9,0.13666666666666666,0,0,1,0,0,0,0,0,0,0,0.14330677290836652
5015,çÇã¥ó≥ñÓ,6,43,2,6,7,0.1541860465116279,0,0,1,0,0,1,0,0,0,0,0.14330677290836652
5016,ã{ìcó¥în,1,35,17,13,1,0.14857142857142858,16,0,0,0,1,0,6,4,6,0,0.1508695652173913
5016,ã{ìcó¥în,2,41,8,11,7,0.14219512195121953,0,3,2,2,1,0,0,0,0,21,0.1508695652173913
5016,ã{ìcó¥în,3,41,9,4,12,0.1402439024390244,0,3,4,1,1,0,0,0,0,0,0.1508695652173913
5016,ã{ìcó¥în,4,37,0,7,17,0.17540540540540542,0,0,0,0,0,0,0,0,0,0,0.1508695652173913
5016,ã{ìcó¥în,5,39,1,5,9,0.13999999999999999,0,0,0,1,0,0,0,0,0,0,0.1508695652173913
5016,ã{ìcó¥în,6,37,0,2,8,0.16135135135135134,0,0,0,0,0,0,0,0,0,0,0.1508695652173913
5017,‡VìcèÆñÁ,1,58,46,3,3,0.13896551724137932,45,0,0,0,1,0,2,5,4,0,0.12625874125874126
5017,‡VìcèÆñÁ,2,42,8,14,11,0.14166666666666666,0,4,2,0,2,0,0,0,0,19,0.12625874125874126
5017,‡VìcèÆñÁ,3,55,10,15,13,0.1190909090909091,0,0,4,4,1,1,0,0,0,0,0.12625874125874126
5017,‡VìcèÆñÁ,4,44,7,14,8,0.11136363636363637,0,1,4,1,1,0,0,0,0,0,0.12625874125874126
5017,‡VìcèÆñÁ,5,41,3,14,8,0.12585365853658537,0,0,0,2,1,0,0,0,0,0,0.12625874125874126
5017,‡VìcèÆñÁ,6,46,2,3,8,0.11934782608695653,0,0,0,1,1,0,0,0,0,0,0.12625874125874126
5018,í|â∫ëÂé˜,1,32,11,13,1,0.163125,10,0,0,0,1,0,8,6,5,0,0.17745
5018,í|â∫ëÂé˜,2,32,2,9,5,0.171875,0,0,0,0,1,1,0,0,0,19,0.17745
5018,í|â∫ëÂé˜,3,39,4,9,11,0.16846153846153847,0,1,1,1,1,0,0,0,0,0,0.17745
5018,í|â∫ëÂé˜,4,33,2,7,7,0.18181818181818182,0,0,2,0,0,0,0,0,0,0,0.17745
5018,í|â∫ëÂé˜,5,32,2,3,11,0.17875,0,0,0,2,0,0,0,0,0,0,0.17745
5018,í|â∫ëÂé˜,6,32,0,3,8,0.2025,0,0,0,0,0,0,0,0,0,0,0.17745
5019,éƒìcïSåb,1,21,4,2,5,0.20047619047619047,4,0,0,0,0,0,5,8,3,0,0.19447674418604652
5019,éƒìcïSåb,2,35,2,7,1,0.24000000000000002,0,2,0,0,0,0,0,0,0,11,0.19447674418604652
5019,éƒìcïSåb,3,32,3,6,6,0.2059375,0,1,2,0,0,0,0,0,0,0,0.19447674418604652
5019,éƒìcïSåb,4,27,0,4,5,0.17629629629629628,0,0,0,0,0,0,0,0,0,0,0.19447674418604652
5019,éƒìcïSåb,5,29,0,4,7,0.16344827586206898,0,0,0,0,0,0,0,0,0,0,0.19447674418604652
5019,éƒìcïSåb,6,28,2,1,7,0.16964285714285715,0,0,0,2,0,0,0,0,0,0,0.19447674418604652
5020,ã{ë∫óEç∆,1,21,5,6,1,0.2123809523809524,5,0,0,0,0,0,7,2,6,0,0.17365714285714287
5020,ã{ë∫óEç∆,2,34,1,5,10,0.1635294117647059,0,0,0,1,0,0,0,0,0,15,0.17365714285714287
5020,ã{ë∫óEç∆,3,36,0,4,6,0.18333333333333335,0,0,0,0,0,0,0,0,0,0,0.17365714285714287
5020,ã{ë∫óEç∆,4,30,3,5,3,0.14633333333333334,0,1,0,1,1,0,0,0,0,0,0.17365714285714287
5020,ã{ë∫óEç∆,5,29,0,0,2,0.18275862068965518,0,0,0,0,0,0,0,0,0,0,0.17365714285714287
5020,ã{ë∫óEç∆,6,25,1,0,2,0.1632,0,0,1,0,0,0,0,0,0,0,0.17365714285714287
5021,åvê∑åı,1,1,0,0,0,0.16,0,0,0,0,0,0,0,1,0,0,0.164
5021,åvê∑åı,3,1,0,0,0,0.16,0,0,0,0,0,0,0,0,0,0,0.164
5021,åvê∑åı,4,1,0,0,0,0.07,0,0,0,0,0,0,0,0,0,0,0.164
5021,åvê∑åı,6,2,0,0,0,0.21500000000000002,0,0,0,0,0,0,0,0,0,0,0.164
5022,à…ì°èÆëø,1,14,4,0,5,0.19357142857142856,4,0,0,0,0,0,1,5,2,0,0.18959349593495936
5022,à…ì°èÆëø,2,26,1,4,2,0.1803846153846154,0,1,0,0,0,0,0,0,0,9,0.18959349593495936
5022,à…ì°èÆëø,3,20,3,2,4,0.17250000000000001,0,0,2,1,0,0,0,0,0,0,0.18959349593495936
5022,à…ì°èÆëø,4,19,0,2,1,0.2157894736842105,0,0,0,0,0,0,0,0,0,0,0.18959349593495936
5022,à…ì°èÆëø,5,25,1,1,4,0.1868,0,0,0,1,0,0,0,0,0,0,0.18959349593495936
5022,à…ì°èÆëø,6,19,0,1,3,0.19473684210526318,0,0,0,0,0,0,0,0,0,0,0.18959349593495936
5023,ãvâièÀïΩ,1,28,8,8,6,0.18857142857142858,8,0,0,0,0,0,7,10,3,0,0.17163934426229507
5023,ãvâièÀïΩ,2,34,4,8,7,0.18,0,2,2,0,0,0,0,0,0,17,0.17163934426229507
5023,ãvâièÀïΩ,3,32,1,8,6,0.161875,0,0,0,1,0,0,0,0,0,0,0.17163934426229507
5023,ãvâièÀïΩ,4,36,3,7,8,0.16694444444444445,0,0,2,1,0,0,0,0,0,0,0.17163934426229507
5023,ãvâièÀïΩ,5,29,3,3,3,0.16344827586206898,0,0,3,0,0,0,0,0,0,0,0.17163934426229507
5023,ãvâièÀïΩ,6,24,0,2,3,0.17,0,0,0,0,0,0,0,0,0,0,0.17163934426229507
5024,å√èÍåíñÁ,1,6,1,2,1,0.165,1,0,0,0,0,0,1,3,0,0,0.1922727272727273
5024,å√èÍåíñÁ,2,9,1,2,1,0.21666666666666667,0,1,0,0,0,0,0,0,0,5,0.1922727272727273
5024,å√èÍåíñÁ,3,7,0,0,0,0.21,0,0,0,0,0,0,0,0,0,0,0.1922727272727273
5024,å√èÍåíñÁ,4,8,0,1,1,0.15875,0,0,0,0,0,0,0,0,0,0,0.1922727272727273
5024,å√èÍåíñÁ,5,7,0,1,0,0.21714285714285714,0,0,0,0,0,0,0,0,0,0,0.1922727272727273
5024,å√èÍåíñÁ,6,7,0,0,0,0.18,0,0,0,0,0,0,0,0,0,0,0.1922727272727273
5025,àæìcèÀ,1,11,3,0,2,0.15363636363636363,3,0,0,0,0,0,3,1,4,0,0.17970873786407768
5025,àæìcèÀ,2,18,2,2,1,0.1638888888888889,0,2,0,0,0,0,0,0,0,10,0.17970873786407768
5025,àæìcèÀ,3,17,1,1,3,0.15882352941176472,0,0,1,0,0,0,0,0,0,0,0.17970873786407768
5025,àæìcèÀ,4,17,0,2,1,0.19529411764705884,0,0,0,0,0,0,0,0,0,0,0.17970873786407768
5025,àæìcèÀ,5,17,0,3,1,0.18705882352941178,0,0,0,0,0,0,0,0,0,0,0.17970873786407768
5025,àæìcèÀ,6,23,0,1,2,0.20304347826086958,0,0,0,0,0,0,0,0,0,0,0.17970873786407768
5026,à¿âÕì‡åí,1,11,7,3,0,0.14454545454545456,6,0,0,0,1,0,1,1,1,0,0.16818181818181818
5026,à¿âÕì‡åí,2,11,0,3,3,0.1409090909090909,0,0,0,0,0,0,0,0,0,4,0.16818181818181818
5026,à¿âÕì‡åí,3,17,3,5,2,0.14705882352941177,0,0,0,2,1,0,0,0,0,0,0.16818181818181818
5026,à¿âÕì‡åí,4,17,5,0,1,0.19705882352941176,0,3,0,2,0,0,0,0,0,0,0.16818181818181818
5026,à¿âÕì‡åí,5,19,3,4,6,0.15894736842105264,0,0,0,1,1,1,0,0,0,0,0.16818181818181818
5026,à¿âÕì‡åí,6,13,1,1,3,0.21461538461538462,0,0,0,1,0,0,0,0,0,0,0.16818181818181818
5027,èdïyóEç∆,1,10,4,2,2,0.172,4,0,0,0,0,0,1,4,1,0,0.18568627450980393
5027,èdïyóEç∆,2,16,1,2,3,0.151875,0,1,0,0,0,0,0,0,0,11,0.18568627450980393
5027,èdïyóEç∆,3,22,1,1,4,0.1527272727272727,0,0,0,1,0,0,0,0,0,0,0.18568627450980393
5027,èdïyóEç∆,4,21,1,2,4,0.21095238095238095,0,0,1,0,0,0,0,0,0,0,0.18568627450980393
5027,èdïyóEç∆,5,16,0,1,1,0.210625,0,0,0,0,0,0,0,0,0,0,0.18568627450980393
5027,èdïyóEç∆,6,17,0,0,1,0.21352941176470588,0,0,0,0,0,0,0,0,0,0,0.18568627450980393
5028,å¥ìcçÀàÍòY,1,36,19,8,5,0.1475,19,0,0,0,0,0,3,7,5,0,0.16943661971830987
5028,å¥ìcçÀàÍòY,2,37,10,8,7,0.16567567567567568,0,2,5,0,3,0,0,0,0,7,0.16943661971830987
5028,å¥ìcçÀàÍòY,3,36,5,10,10,0.1638888888888889,0,1,1,3,0,0,0,0,0,0,0.16943661971830987
5028,å¥ìcçÀàÍòY,4,35,2,3,10,0.1862857142857143,0,1,0,1,0,0,0,0,0,0,0.16943661971830987
5028,å¥ìcçÀàÍòY,5,35,0,9,6,0.16742857142857143,0,0,0,0,0,0,0,0,0,0,0.16943661971830987
5028,å¥ìcçÀàÍòY,6,34,0,1,9,0.18735294117647058,0,0,0,0,0,0,0,0,0,0,0.16943661971830987
5029,íÜó∫ëæ,1,35,23,0,6,0.16228571428571428,22,0,1,0,0,0,1,8,3,0,0.14881081081081082
5029,íÜó∫ëæ,2,28,5,4,7,0.16071428571428573,1,3,1,0,0,0,0,0,0,9,0.14881081081081082
5029,íÜó∫ëæ,3,29,6,10,4,0.12965517241379312,0,1,1,2,2,0,0,0,0,0,0.14881081081081082
5029,íÜó∫ëæ,4,29,3,9,3,0.13310344827586207,0,2,0,1,0,0,0,0,0,0,0.14881081081081082
5029,íÜó∫ëæ,5,28,6,2,3,0.1407142857142857,0,1,0,2,3,0,0,0,0,0,0.14881081081081082
5029,íÜó∫ëæ,6,36,4,6,6,0.16083333333333333,0,0,1,2,1,0,0,0,0,0,0.14881081081081082
5030,ã‡éqêÁï‰,1,10,0,2,2,0.152,0,0,0,0,0,0,1,7,0,0,0.17835820895522386
5030,ã‡éqêÁï‰,2,13,1,1,3,0.14769230769230768,0,1,0,0,0,0,0,0,0,5,0.17835820895522386
5030,ã‡éqêÁï‰,3,14,0,0,0,0.17500000000000002,0,0,0,0,0,0,0,0,0,0,0.17835820895522386
5030,ã‡éqêÁï‰,4,9,0,0,0,0.18888888888888888,0,0,0,0,0,0,0,0,0,0,0.17835820895522386
5030,ã‡éqêÁï‰,5,10,0,0,0,0.193,0,0,0,0,0,0,0,0,0,0,0.17835820895522386
5030,ã‡éqêÁï‰,6,11,0,0,0,0.22090909090909092,0,0,0,0,0,0,0,0,0,0,0.17835820895522386
5031,ìnï”ãÛàÀ,1,12,2,1,2,0.24250000000000002,2,0,0,0,0,0,2,5,2,0,0.1970093457943925
5031,ìnï”ãÛàÀ,2,20,0,0,6,0.192,0,0,0,0,0,0,0,0,0,12,0.1970093457943925
5031,ìnï”ãÛàÀ,3,19,0,2,3,0.1594736842105263,0,0,0,0,0,0,0,0,0,0,0.1970093457943925
5031,ìnï”ãÛàÀ,4,23,2,1,1,0.2021739130434783,0,2,0,0,0,0,0,0,0,0,0.1970093457943925
5031,ìnï”ãÛàÀ,5,18,0,0,1,0.19944444444444442,0,0,0,0,0,0,0,0,0,0,0.1970093457943925
5031,ìnï”ãÛàÀ,6,15,0,1,0,0.20400000000000001,0,0,0,0,0,0,0,0,0,0,0.1970093457943925
5032,íJå˚ímóD,1,18,8,2,3,0.16555555555555557,7,0,0,0,1,0,0,5,3,0,0.17281609195402298
5032,íJå˚ímóD,2,37,3,5,6,0.18324324324324326,1,2,0,0,0,0,0,0,0,16,0.17281609195402298
5032,íJå˚ímóD,3,28,2,2,7,0.16999999999999998,0,1,1,0,0,0,0,0,0,0,0.17281609195402298
5032,íJå˚ímóD,4,27,2,4,5,0.16185185185185186,0,0,1,1,0,0,0,0,0,0,0.17281609195402298
5032,íJå˚ímóD,5,36,0,3,3,0.1836111111111111,0,0,0,0,0,0,0,0,0,0,0.17281609195402298
5032,íJå˚ímóD,6,28,0,1,1,0.16321428571428573,0,0,0,0,0,0,0,0,0,0,0.17281609195402298
5033,ì°å¥çFìl,1,17,5,1,2,0.1923529411764706,4,0,0,0,1,0,4,1,3,0,0.21857142857142856
5033,ì°å¥çFìl,2,29,0,5,2,0.22620689655172416,0,0,0,0,0,0,0,0,0,15,0.21857142857142856
5033,ì°å¥çFìl,3,29,1,4,6,0.23413793103448277,0,0,0,0,1,0,0,0,0,0,0.21857142857142856
5033,ì°å¥çFìl,4,30,1,3,6,0.20466666666666666,0,0,0,0,1,0,0,0,0,0,0.21857142857142856
5033,ì°å¥çFìl,5,30,0,2,7,0.22266666666666665,0,0,0,0,0,0,0,0,0,0,0.21857142857142856
5033,ì°å¥çFìl,6,19,0,2,2,0.22210526315789472,0,0,0,0,0,0,0,0,0,0,0.21857142857142856
5034,é·ó—ã`êl,1,17,4,5,4,0.17882352941176471,4,0,0,0,0,0,5,5,2,0,0.17203007518796992
5034,é·ó—ã`êl,2,22,1,4,4,0.16318181818181818,0,1,0,0,0,0,0,0,0,10,0.17203007518796992
5034,é·ó—ã`êl,3,24,4,4,3,0.17833333333333334,0,1,0,3,0,0,0,0,0,0,0.17203007518796992
5034,é·ó—ã`êl,4,21,0,6,4,0.1519047619047619,0,0,0,0,0,0,0,0,0,0,0.17203007518796992
5034,é·ó—ã`êl,5,29,3,4,7,0.16517241379310346,0,0,0,2,1,0,0,0,0,0,0.17203007518796992
5034,é·ó—ã`êl,6,20,0,2,2,0.1995,0,0,0,0,0,0,0,0,0,0,0.17203007518796992
5035,üNà‰óD,1,23,4,5,4,0.2039130434782609,4,0,0,0,0,0,6,7,1,0,0.20473684210526313
5035,üNà‰óD,2,35,2,5,6,0.2302857142857143,0,1,1,0,0,0,0,0,0,16,0.20473684210526313
5035,üNà‰óD,3,35,6,4,5,0.168,0,0,6,0,0,0,0,0,0,0,0.20473684210526313
5035,üNà‰óD,4,27,4,1,4,0.18592592592592594,0,0,3,1,0,0,0,0,0,0,0.20473684210526313
5035,üNà‰óD,5,26,0,1,3,0.21461538461538462,0,0,0,0,0,0,0,0,0,0,0.20473684210526313
5035,üNà‰óD,6,25,0,0,1,0.23120000000000002,0,0,0,0,0,0,0,0,0,0,0.20473684210526313
5036,ïüìc„ƒå·,1,21,7,1,2,0.16904761904761903,5,0,0,0,2,0,7,7,0,0,0.18154285714285714
5036,ïüìc„ƒå·,2,29,3,3,2,0.20206896551724138,0,1,2,0,0,0,0,0,0,14,0.18154285714285714
5036,ïüìc„ƒå·,3,31,2,4,7,0.15774193548387097,0,0,2,0,0,0,0,0,0,0,0.18154285714285714
5036,ïüìc„ƒå·,4,31,4,6,4,0.14483870967741935,0,1,2,0,1,0,0,0,0,0,0.18154285714285714
5036,ïüìc„ƒå·,5,30,1,1,5,0.189,0,0,0,1,0,0,0,0,0,0,0.18154285714285714
5036,ïüìc„ƒå·,6,33,0,0,9,0.22151515151515153,0,0,0,0,0,0,0,0,0,0,0.18154285714285714
5037,ìcì™å’êe,1,23,14,1,3,0.13999999999999999,14,0,0,0,0,0,5,2,2,0,0.17044025157232706
5037,ìcì™å’êe,2,22,4,4,5,0.16954545454545455,0,1,2,0,1,0,0,0,0,12,0.17044025157232706
5037,ìcì™å’êe,3,25,5,3,6,0.15280000000000002,0,0,2,0,3,0,0,0,0,0,0.17044025157232706
5037,ìcì™å’êe,4,22,0,2,3,0.18681818181818183,0,0,0,0,0,0,0,0,0,0,0.17044025157232706
5037,ìcì™å’êe,5,30,2,0,6,0.182,0,0,0,2,0,0,0,0,0,0,0.17044025157232706
5037,ìcì™å’êe,6,37,0,0,6,0.1827027027027027,0,0,0,0,0,0,0,0,0,0,0.17044025157232706
5038,ã‡ìcíqîé,1,28,19,3,0,0.15357142857142855,19,0,0,0,0,0,4,3,1,0,0.1797948717948718
5038,ã‡ìcíqîé,2,32,8,6,6,0.17906249999999999,1,3,4,0,0,0,0,0,0,15,0.1797948717948718
5038,ã‡ìcíqîé,3,39,6,14,5,0.16641025641025642,0,1,3,0,2,0,0,0,0,0,0.1797948717948718
5038,ã‡ìcíqîé,4,28,2,2,4,0.1732142857142857,0,0,1,0,1,0,0,0,0,0,0.1797948717948718
5038,ã‡ìcíqîé,5,40,2,8,6,0.2015,0,0,0,2,0,0,0,0,0,0,0.1797948717948718
5038,ã‡ìcíqîé,6,28,1,3,0,0.20107142857142857,0,0,1,0,0,0,0,0,0,0,0.1797948717948718
5039,ëqìcñŒè´,1,28,10,8,2,0.13857142857142857,10,0,0,0,0,0,6,6,5,0,0.15263392857142857
5039,ëqìcñŒè´,2,44,2,8,5,0.17681818181818182,0,2,0,0,0,0,0,0,0,28,0.15263392857142857
5039,ëqìcñŒè´,3,39,3,8,4,0.16794871794871793,0,1,1,1,0,0,0,0,0,0,0.15263392857142857
5039,ëqìcñŒè´,4,39,6,3,6,0.1423076923076923,0,0,5,1,0,0,0,0,0,0,0.15263392857142857
5039,ëqìcñŒè´,5,40,0,4,2,0.13174999999999998,0,0,0,0,0,0,0,0,0,0,0.15263392857142857
5039,ëqìcñŒè´,6,34,0,3,3,0.15176470588235294,0,0,0,0,0,0,0,0,0,0,0.15263392857142857
5040,ñÿë∫ÈD,1,8,1,3,0,0.15,1,0,0,0,0,0,1,2,2,0,0.1699047619047619
5040,ñÿë∫ÈD,2,19,2,1,2,0.17473684210526316,0,1,0,0,0,1,0,0,0,9,0.1699047619047619
5040,ñÿë∫ÈD,3,17,0,1,1,0.16058823529411764,0,0,0,0,0,0,0,0,0,0,0.1699047619047619
5040,ñÿë∫ÈD,4,21,1,0,1,0.1657142857142857,0,0,0,0,1,0,0,0,0,0,0.1699047619047619
5040,ñÿë∫ÈD,5,21,0,0,1,0.16428571428571428,0,0,0,0,0,0,0,0,0,0,0.1699047619047619
5040,ñÿë∫ÈD,6,19,0,1,0,0.19263157894736843,0,0,0,0,0,0,0,0,0,0,0.1699047619047619
5041,çrñqì‚çπ,1,17,9,1,0,0.15705882352941175,8,0,1,0,0,0,5,2,0,0,0.1625
5041,çrñqì‚çπ,2,34,2,2,7,0.15323529411764705,0,0,1,0,0,1,0,0,0,21,0.1625
5041,çrñqì‚çπ,3,37,2,5,8,0.15243243243243243,0,0,2,0,0,0,0,0,0,0,0.1625
5041,çrñqì‚çπ,4,28,0,2,3,0.1775,0,0,0,0,0,0,0,0,0,0,0.1625
5041,çrñqì‚çπ,5,31,1,0,3,0.16161290322580643,0,0,0,1,0,0,0,0,0,0,0.1625
5041,çrñqì‚çπ,6,29,0,1,7,0.17586206896551726,0,0,0,0,0,0,0,0,0,0,0.1625
5042,î®ìcëøàÍ,1,48,28,5,5,0.15625,26,0,0,0,2,0,6,6,6,0,0.13824489795918365
5042,î®ìcëøàÍ,2,39,9,8,8,0.13641025641025642,0,3,2,0,4,0,0,0,0,21,0.13824489795918365
5042,î®ìcëøàÍ,3,41,11,9,8,0.12317073170731707,0,1,1,7,2,0,0,0,0,0,0.13824489795918365
5042,î®ìcëøàÍ,4,43,8,11,7,0.10465116279069768,0,1,5,1,1,0,0,0,0,0,0.13824489795918365
5042,î®ìcëøàÍ,5,36,4,6,11,0.1513888888888889,0,0,1,2,1,0,0,0,0,0,0.13824489795918365
5042,î®ìcëøàÍ,6,38,1,6,11,0.15921052631578947,0,0,0,1,0,0,0,0,0,0,0.13824489795918365
5043,íÜë∫ì˙å¸,1,63,42,9,5,0.16015873015873017,38,0,0,0,4,0,3,7,8,0,0.1403267973856209
5043,íÜë∫ì˙å¸,2,55,13,14,10,0.14727272727272728,0,7,2,1,2,1,0,0,0,29,0.1403267973856209
5043,íÜë∫ì˙å¸,3,56,14,15,12,0.1207142857142857,0,3,2,3,5,1,0,0,0,0,0.1403267973856209
5043,íÜë∫ì˙å¸,4,48,4,8,12,0.14041666666666666,0,0,3,0,1,0,0,0,0,0,0.1403267973856209
5043,íÜë∫ì˙å¸,5,44,3,12,9,0.13318181818181818,0,1,0,2,0,0,0,0,0,0,0.1403267973856209
5043,íÜë∫ì˙å¸,6,40,2,3,7,0.13474999999999998,0,0,0,2,0,0,0,0,0,0,0.1403267973856209
5044,ìnÁ≥åí,1,25,13,2,3,0.1844,13,0,0,0,0,0,3,8,0,0,0.16108108108108107
5044,ìnÁ≥åí,2,32,1,8,5,0.15531250000000002,0,0,0,0,1,0,0,0,0,14,0.16108108108108107
5044,ìnÁ≥åí,3,35,3,5,4,0.1457142857142857,0,0,3,0,0,0,0,0,0,0,0.16108108108108107
5044,ìnÁ≥åí,4,31,4,6,1,0.14483870967741935,0,0,4,0,0,0,0,0,0,0,0.16108108108108107
5044,ìnÁ≥åí,5,33,2,1,7,0.14515151515151514,0,0,1,1,0,0,0,0,0,0,0.16108108108108107
5044,ìnÁ≥åí,6,29,0,1,6,0.2013793103448276,0,0,0,0,0,0,0,0,0,0,0.16108108108108107
5045,ïΩêÏçÅêD,1,8,2,3,0,0.21375000000000002,2,0,0,0,0,0,1,2,3,0,0.19590163934426227
5045,ïΩêÏçÅêD,2,13,4,1,1,0.20384615384615384,0,0,3,0,1,0,0,0,0,7,0.19590163934426227
5045,ïΩêÏçÅêD,3,12,1,0,3,0.19333333333333333,0,0,1,0,0,0,0,0,0,0,0.19590163934426227
5045,ïΩêÏçÅêD,4,9,3,0,1,0.21,0,0,2,1,0,0,0,0,0,0,0.19590163934426227
5045,ïΩêÏçÅêD,5,9,1,1,2,0.17,0,0,1,0,0,0,0,0,0,0,0.19590163934426227
5045,ïΩêÏçÅêD,6,10,0,0,0,0.185,0,0,0,0,0,0,0,0,0,0,0.19590163934426227
5046,èºéRóTäÓ,1,25,6,6,3,0.1732,6,0,0,0,0,0,4,11,2,0,0.17284360189573458
5046,èºéRóTäÓ,2,37,3,6,4,0.19918918918918918,0,2,1,0,0,0,0,0,0,23,0.17284360189573458
5046,èºéRóTäÓ,3,43,2,5,4,0.16837209302325581,0,1,1,0,0,0,0,0,0,0,0.17284360189573458
5046,èºéRóTäÓ,4,40,2,5,11,0.13925,0,0,0,2,0,0,0,0,0,0,0.17284360189573458
5046,èºéRóTäÓ,5,34,1,4,4,0.19705882352941176,0,0,1,0,0,0,0,0,0,0,0.17284360189573458
5046,èºéRóTäÓ,6,32,1,3,3,0.164375,0,0,0,1,0,0,0,0,0,0,0.17284360189573458
5047,ö†ï™è´ëæòY,1,34,18,3,7,0.13205882352941178,17,0,0,0,0,1,2,7,4,0,0.15661764705882353
5047,ö†ï™è´ëæòY,2,35,2,12,11,0.1782857142857143,0,2,0,0,0,0,0,0,0,15,0.15661764705882353
5047,ö†ï™è´ëæòY,3,42,6,4,7,0.16476190476190475,0,0,4,2,0,0,0,0,0,0,0.15661764705882353
5047,ö†ï™è´ëæòY,4,31,2,2,11,0.14451612903225808,0,0,2,0,0,0,0,0,0,0,0.15661764705882353
5047,ö†ï™è´ëæòY,5,30,0,3,6,0.157,0,0,0,0,0,0,0,0,0,0,0.15661764705882353
5047,ö†ï™è´ëæòY,6,32,1,3,8,0.1596875,0,0,0,1,0,0,0,0,0,0,0.15661764705882353
5048,·¡íπçNëæ,1,22,3,4,3,0.17363636363636362,3,0,0,0,0,0,5,8,4,0,0.20047120418848166
5048,·¡íπçNëæ,2,39,4,6,9,0.19,0,2,0,0,2,0,0,0,0,24,0.20047120418848166
5048,·¡íπçNëæ,3,29,6,4,7,0.18655172413793103,0,2,2,2,0,0,0,0,0,0,0.20047120418848166
5048,·¡íπçNëæ,4,33,1,3,9,0.2293939393939394,0,1,0,0,0,0,0,0,0,0,0.20047120418848166
5048,·¡íπçNëæ,5,39,1,5,2,0.2117948717948718,0,0,0,1,0,0,0,0,0,0,0.20047120418848166
5048,·¡íπçNëæ,6,29,1,2,5,0.2006896551724138,0,0,0,0,1,0,0,0,0,0,0.20047120418848166
5049,èºà‰óFëø,1,19,7,1,4,0.16842105263157894,7,0,0,0,0,0,0,9,3,0,0.18554878048780488
5049,èºà‰óFëø,2,30,6,6,2,0.18766666666666668,0,3,3,0,0,0,0,0,0,19,0.18554878048780488
5049,èºà‰óFëø,3,30,5,6,6,0.17366666666666666,0,0,1,3,1,0,0,0,0,0,0.18554878048780488
5049,èºà‰óFëø,4,30,2,8,5,0.196,0,1,1,0,0,0,0,0,0,0,0.18554878048780488
5049,èºà‰óFëø,5,28,0,2,6,0.2007142857142857,0,0,0,0,0,0,0,0,0,0,0.18554878048780488
5049,èºà‰óFëø,6,27,0,0,5,0.1811111111111111,0,0,0,0,0,0,0,0,0,0,0.18554878048780488
5050,ñÿâ∫óYâÓ,1,28,7,8,1,0.18071428571428574,7,0,0,0,0,0,7,6,5,0,0.1572222222222222
5050,ñÿâ∫óYâÓ,2,38,4,9,10,0.15894736842105264,0,4,0,0,0,0,0,0,0,20,0.1572222222222222
5050,ñÿâ∫óYâÓ,3,31,0,5,11,0.13999999999999999,0,0,0,0,0,0,0,0,0,0,0.1572222222222222
5050,ñÿâ∫óYâÓ,4,35,3,6,8,0.14742857142857144,0,1,1,0,1,0,0,0,0,0,0.1572222222222222
5050,ñÿâ∫óYâÓ,5,39,0,3,8,0.1587179487179487,0,0,0,0,0,0,0,0,0,0,0.1572222222222222
5050,ñÿâ∫óYâÓ,6,27,0,1,2,0.16074074074074074,0,0,0,0,0,0,0,0,0,0,0.1572222222222222
5051,èºñ{èÉïΩ,1,35,11,7,7,0.16885714285714287,10,0,0,0,1,0,4,10,7,0,0.1805603448275862
5051,èºñ{èÉïΩ,2,39,3,6,8,0.1987179487179487,0,1,2,0,0,0,0,0,0,22,0.1805603448275862
5051,èºñ{èÉïΩ,3,45,5,10,6,0.17822222222222223,0,0,2,3,0,0,0,0,0,0,0.1805603448275862
5051,èºñ{èÉïΩ,4,41,4,8,9,0.17463414634146343,0,0,4,0,0,0,0,0,0,0,0.1805603448275862
5051,èºñ{èÉïΩ,5,35,3,7,3,0.17800000000000002,0,0,2,1,0,0,0,0,0,0,0.1805603448275862
5051,èºñ{èÉïΩ,6,37,0,2,6,0.18432432432432433,0,0,0,0,0,0,0,0,0,0,0.1805603448275862
5052,ê‘à‰êØóûçÿ,1,18,5,2,2,0.16499999999999998,4,0,0,0,1,0,3,7,1,0,0.17308943089430895
5052,ê‘à‰êØóûçÿ,2,21,2,1,3,0.14095238095238094,0,0,2,0,0,0,0,0,0,12,0.17308943089430895
5052,ê‘à‰êØóûçÿ,3,21,2,2,2,0.15571428571428572,0,0,2,0,0,0,0,0,0,0,0.17308943089430895
5052,ê‘à‰êØóûçÿ,4,24,0,2,5,0.17500000000000002,0,0,0,0,0,0,0,0,0,0,0.17308943089430895
5052,ê‘à‰êØóûçÿ,5,21,0,1,2,0.2,0,0,0,0,0,0,0,0,0,0,0.17308943089430895
5052,ê‘à‰êØóûçÿ,6,18,0,0,2,0.205,0,0,0,0,0,0,0,0,0,0,0.17308943089430895
5053,éRå˚çLé˜,1,21,4,3,4,0.2,3,0,0,0,1,0,3,11,2,0,0.2014619883040936
5053,éRå˚çLé˜,2,34,1,3,5,0.19088235294117648,0,1,0,0,0,0,0,0,0,17,0.2014619883040936
5053,éRå˚çLé˜,3,30,4,3,4,0.18866666666666668,0,0,4,0,0,0,0,0,0,0,0.2014619883040936
5053,éRå˚çLé˜,4,28,0,4,4,0.22428571428571428,0,0,0,0,0,0,0,0,0,0,0.2014619883040936
5053,éRå˚çLé˜,5,33,3,0,5,0.19333333333333333,0,1,1,1,0,0,0,0,0,0,0.2014619883040936
5053,éRå˚çLé˜,6,25,0,2,0,0.21760000000000002,0,0,0,0,0,0,0,0,0,0,0.2014619883040936
5054,ç≤ÅXñÿëÂâÕ,1,22,10,3,0,0.13954545454545453,10,0,0,0,0,0,4,4,2,0,0.18735632183908046
5054,ç≤ÅXñÿëÂâÕ,2,29,2,8,6,0.1917241379310345,0,1,1,0,0,0,0,0,0,19,0.18735632183908046
5054,ç≤ÅXñÿëÂâÕ,3,24,3,6,2,0.18333333333333335,0,0,1,2,0,0,0,0,0,0,0.18735632183908046
5054,ç≤ÅXñÿëÂâÕ,4,26,2,4,3,0.19,0,1,1,0,0,0,0,0,0,0,0.18735632183908046
5054,ç≤ÅXñÿëÂâÕ,5,36,3,3,1,0.1947222222222222,0,0,1,2,0,0,0,0,0,0,0.18735632183908046
5054,ç≤ÅXñÿëÂâÕ,6,37,1,2,4,0.20594594594594595,0,0,0,1,0,0,0,0,0,0,0.18735632183908046
5055,·¡íπèÕëæ,1,23,5,3,10,0.15478260869565216,5,0,0,0,0,0,2,8,3,0,0.17751445086705203
5055,·¡íπèÕëæ,2,31,3,5,6,0.17451612903225808,0,2,1,0,0,0,0,0,0,15,0.17751445086705203
5055,·¡íπèÕëæ,3,23,1,7,5,0.15304347826086956,0,0,0,0,0,1,0,0,0,0,0.17751445086705203
5055,·¡íπèÕëæ,4,24,2,2,5,0.14791666666666667,0,0,2,0,0,0,0,0,0,0,0.17751445086705203
5055,·¡íπèÕëæ,5,29,1,2,4,0.18655172413793103,0,0,1,0,0,0,0,0,0,0,0.17751445086705203
5055,·¡íπèÕëæ,6,43,0,1,6,0.2153488372093023,0,0,0,0,0,0,0,0,0,0,0.17751445086705203
5056,êºâ™ê¨î¸,1,30,15,6,2,0.15166666666666667,14,0,1,0,0,0,6,1,6,0,0.14798122065727698
5056,êºâ™ê¨î¸,2,41,9,13,7,0.15609756097560976,0,3,6,0,0,0,0,0,0,25,0.14798122065727698
5056,êºâ™ê¨î¸,3,42,4,5,10,0.1638095238095238,0,0,1,2,1,0,0,0,0,0,0.14798122065727698
5056,êºâ™ê¨î¸,4,34,3,6,10,0.1261764705882353,0,0,2,1,0,0,0,0,0,0,0.14798122065727698
5056,êºâ™ê¨î¸,5,39,2,4,4,0.13487179487179488,0,0,1,1,0,0,0,0,0,0,0.14798122065727698
5056,êºâ™ê¨î¸,6,27,0,3,7,0.15333333333333332,0,0,0,0,0,0,0,0,0,0,0.14798122065727698
5057,è„ìcé—ìﬁ,1,25,16,2,1,0.1508,16,0,0,0,0,0,3,5,1,0,0.1750828729281768
5057,è„ìcé—ìﬁ,2,33,4,6,6,0.17727272727272725,0,1,2,0,1,0,0,0,0,18,0.1750828729281768
5057,è„ìcé—ìﬁ,3,36,3,4,5,0.18083333333333332,0,0,2,1,0,0,0,0,0,0,0.1750828729281768
5057,è„ìcé—ìﬁ,4,26,1,3,5,0.175,0,0,1,0,0,0,0,0,0,0,0.1750828729281768
5057,è„ìcé—ìﬁ,5,32,2,1,6,0.17250000000000001,0,0,1,0,1,0,0,0,0,0,0.1750828729281768
5057,è„ìcé—ìﬁ,6,29,0,1,3,0.1893103448275862,0,0,0,0,0,0,0,0,0,0,0.1750828729281768
5058,ëOå¥ëÂìπ,1,30,11,6,3,0.23700000000000002,10,0,0,0,1,0,4,7,6,0,0.17817391304347827
5058,ëOå¥ëÂìπ,2,38,10,9,7,0.1618421052631579,0,6,1,1,2,0,0,0,0,17,0.17817391304347827
5058,ëOå¥ëÂìπ,3,42,4,10,10,0.16095238095238096,0,1,0,3,0,0,0,0,0,0,0.17817391304347827
5058,ëOå¥ëÂìπ,4,41,5,9,7,0.16829268292682928,0,1,0,3,1,0,0,0,0,0,0.17817391304347827
5058,ëOå¥ëÂìπ,5,41,3,6,5,0.17292682926829267,0,0,0,2,1,0,0,0,0,0,0.17817391304347827
5058,ëOå¥ëÂìπ,6,38,0,6,11,0.18342105263157893,0,0,0,0,0,0,0,0,0,0,0.17817391304347827
5059,ïyìcèÀ,1,11,1,3,0,0.1781818181818182,1,0,0,0,0,0,2,5,2,0,0.17476190476190478
5059,ïyìcèÀ,2,17,1,1,2,0.16588235294117648,0,0,1,0,0,0,0,0,0,9,0.17476190476190478
5059,ïyìcèÀ,3,16,0,2,0,0.168125,0,0,0,0,0,0,0,0,0,0,0.17476190476190478
5059,ïyìcèÀ,4,15,1,0,0,0.17200000000000001,0,0,1,0,0,0,0,0,0,0,0.17476190476190478
5059,ïyìcèÀ,5,19,0,0,1,0.17210526315789473,0,0,0,0,0,0,0,0,0,0,0.17476190476190478
5059,ïyìcèÀ,6,27,0,1,0,0.1862962962962963,0,0,0,0,0,0,0,0,0,0,0.17476190476190478
5060,êîå¥ä@,1,12,3,5,2,0.11166666666666668,3,0,0,0,0,0,3,1,5,0,0.1857258064516129
5060,êîå¥ä@,2,15,1,2,0,0.16666666666666666,0,0,1,0,0,0,0,0,0,8,0.1857258064516129
5060,êîå¥ä@,3,20,0,5,3,0.1705,0,0,0,0,0,0,0,0,0,0,0.1857258064516129
5060,êîå¥ä@,4,21,2,3,2,0.17952380952380953,0,0,1,1,0,0,0,0,0,0,0.1857258064516129
5060,êîå¥ä@,5,29,1,1,3,0.2072413793103448,0,0,1,0,0,0,0,0,0,0,0.1857258064516129
5060,êîå¥ä@,6,27,0,1,4,0.2222222222222222,0,0,0,0,0,0,0,0,0,0,0.1857258064516129
5061,íÜë∫èxïΩ,1,27,11,5,2,0.1437037037037037,9,0,0,0,1,1,1,8,2,0,0.15060185185185185
5061,íÜë∫èxïΩ,2,41,3,4,2,0.15853658536585366,0,2,0,1,0,0,0,0,0,19,0.15060185185185185
5061,íÜë∫èxïΩ,3,40,3,4,3,0.16525,0,0,2,1,0,0,0,0,0,0,0.15060185185185185
5061,íÜë∫èxïΩ,4,35,4,3,3,0.15371428571428572,0,0,3,1,0,0,0,0,0,0,0.15060185185185185
5061,íÜë∫èxïΩ,5,39,4,1,6,0.1335897435897436,0,0,4,0,0,0,0,0,0,0,0.15060185185185185
5061,íÜë∫èxïΩ,6,34,2,1,2,0.14558823529411766,0,0,1,1,0,0,0,0,0,0,0.15060185185185185
5062,ìcìàó€,1,17,2,0,2,0.19823529411764707,2,0,0,0,0,0,5,7,2,0,0.1862043795620438
5062,ìcìàó€,2,31,0,3,4,0.19838709677419356,0,0,0,0,0,0,0,0,0,15,0.1862043795620438
5062,ìcìàó€,3,27,0,2,2,0.17666666666666664,0,0,0,0,0,0,0,0,0,0,0.1862043795620438
5062,ìcìàó€,4,21,0,2,1,0.15333333333333335,0,0,0,0,0,0,0,0,0,0,0.1862043795620438
5062,ìcìàó€,5,23,0,0,3,0.1765217391304348,0,0,0,0,0,0,0,0,0,0,0.1862043795620438
5062,ìcìàó€,6,18,0,0,1,0.21888888888888888,0,0,0,0,0,0,0,0,0,0,0.1862043795620438
5063,ëÂíÀâÎé°,1,31,4,3,3,0.17193548387096774,4,0,0,0,0,0,9,13,4,0,0.18
5063,ëÂíÀâÎé°,2,39,3,2,6,0.1987179487179487,0,2,1,0,0,0,0,0,0,19,0.18
5063,ëÂíÀâÎé°,3,37,1,2,7,0.16621621621621624,0,1,0,0,0,0,0,0,0,0,0.18
5063,ëÂíÀâÎé°,4,39,1,0,11,0.15846153846153846,0,0,1,0,0,0,0,0,0,0,0.18
5063,ëÂíÀâÎé°,5,35,0,2,1,0.17600000000000002,0,0,0,0,0,0,0,0,0,0,0.18
5063,ëÂíÀâÎé°,6,26,0,1,4,0.21884615384615386,0,0,0,0,0,0,0,0,0,0,0.18
5064,ïiêÏìÒêÁ„ƒ,1,28,9,4,5,0.1960714285714286,9,0,0,0,0,0,0,11,6,0,0.16943589743589743
5064,ïiêÏìÒêÁ„ƒ,2,32,3,5,10,0.173125,0,0,1,0,2,0,0,0,0,13,0.16943589743589743
5064,ïiêÏìÒêÁ„ƒ,3,36,3,1,9,0.16666666666666666,0,1,1,1,0,0,0,0,0,0,0.16943589743589743
5064,ïiêÏìÒêÁ„ƒ,4,32,3,8,4,0.1471875,0,0,2,1,0,0,0,0,0,0,0.16943589743589743
5064,ïiêÏìÒêÁ„ƒ,5,38,0,8,7,0.15763157894736843,0,0,0,0,0,0,0,0,0,0,0.16943589743589743
5064,ïiêÏìÒêÁ„ƒ,6,29,1,2,4,0.18310344827586206,0,0,0,0,1,0,0,0,0,0,0.16943589743589743
5065,à…ãvä‘ózóD,1,29,12,4,2,0.17586206896551726,12,0,0,0,0,0,4,6,6,0,0.14621890547263683
5065,à…ãvä‘ózóD,2,40,6,11,8,0.15975,0,4,1,1,0,0,0,0,0,19,0.14621890547263683
5065,à…ãvä‘ózóD,3,35,3,8,9,0.13114285714285714,0,0,3,0,0,0,0,0,0,0,0.14621890547263683
5065,à…ãvä‘ózóD,4,32,2,5,7,0.1521875,0,0,0,2,0,0,0,0,0,0,0.14621890547263683
5065,à…ãvä‘ózóD,5,34,1,6,1,0.13176470588235295,0,0,0,0,1,0,0,0,0,0,0.14621890547263683
5065,à…ãvä‘ózóD,6,31,2,2,1,0.12774193548387097,0,1,1,0,0,0,0,0,0,0,0.14621890547263683
5066,óÈñÿçFñæ,1,26,13,3,5,0.13423076923076924,13,0,0,0,0,0,5,5,0,0,0.15382857142857143
5066,óÈñÿçFñæ,2,36,4,5,5,0.17583333333333334,0,1,3,0,0,0,0,0,0,15,0.15382857142857143
5066,óÈñÿçFñæ,3,31,4,2,10,0.14387096774193547,0,0,2,1,1,0,0,0,0,0,0.15382857142857143
5066,óÈñÿçFñæ,4,32,6,4,11,0.163125,0,0,5,1,0,0,0,0,0,0,0.15382857142857143
5066,óÈñÿçFñæ,5,28,3,3,8,0.1467857142857143,0,0,2,1,0,0,0,0,0,0,0.15382857142857143
5066,óÈñÿçFñæ,6,22,1,2,4,0.15045454545454545,0,0,1,0,0,0,0,0,0,0,0.15382857142857143
5067,éRìcê^êπ,1,25,10,2,4,0.1864,10,0,0,0,0,0,3,7,3,0,0.17094420600858368
5067,éRìcê^êπ,2,47,1,5,3,0.16829787234042554,0,0,1,0,0,0,0,0,0,28,0.17094420600858368
5067,éRìcê^êπ,3,42,3,5,3,0.14095238095238094,0,0,1,0,2,0,0,0,0,0,0.17094420600858368
5067,éRìcê^êπ,4,39,3,4,5,0.16820512820512823,0,0,1,2,0,0,0,0,0,0,0.17094420600858368
5067,éRìcê^êπ,5,44,0,2,2,0.17500000000000002,0,0,0,0,0,0,0,0,0,0,0.17094420600858368
5067,éRìcê^êπ,6,36,1,3,1,0.19666666666666666,0,0,1,0,0,0,0,0,0,0,0.17094420600858368
5068,ëOìcü‰,1,24,13,3,3,0.1691666666666667,11,0,1,0,1,0,1,7,3,0,0.17735849056603772
5068,ëOìcü‰,2,27,4,7,4,0.1474074074074074,0,1,3,0,0,0,0,0,0,12,0.17735849056603772
5068,ëOìcü‰,3,27,3,6,5,0.15925925925925924,0,0,1,2,0,0,0,0,0,0,0.17735849056603772
5068,ëOìcü‰,4,24,4,5,5,0.18791666666666665,0,1,2,1,0,0,0,0,0,0,0.17735849056603772
5068,ëOìcü‰,5,29,3,1,8,0.18,0,0,1,0,2,0,0,0,0,0,0.17735849056603772
5068,ëOìcü‰,6,28,0,2,6,0.21892857142857142,0,0,0,0,0,0,0,0,0,0,0.17735849056603772
5069,éRçËè¨ótâπ,1,25,8,5,6,0.132,8,0,0,0,0,0,8,5,3,0,0.15763736263736264
5069,éRçËè¨ótâπ,2,35,0,6,5,0.15942857142857142,0,0,0,0,0,0,0,0,0,17,0.15763736263736264
5069,éRçËè¨ótâπ,3,35,4,5,6,0.15057142857142858,0,0,4,0,0,0,0,0,0,0,0.15763736263736264
5069,éRçËè¨ótâπ,4,33,2,1,6,0.16333333333333333,0,0,2,0,0,0,0,0,0,0,0.15763736263736264
5069,éRçËè¨ótâπ,5,29,0,3,3,0.1631034482758621,0,0,0,0,0,0,0,0,0,0,0.15763736263736264
5069,éRçËè¨ótâπ,6,25,0,1,2,0.17679999999999998,0,0,0,0,0,0,0,0,0,0,0.15763736263736264
5070,íÜìáçq,1,17,7,2,0,0.12764705882352942,7,0,0,0,0,0,2,4,1,0,0.17875816993464053
5070,íÜìáçq,2,27,1,6,4,0.1951851851851852,0,0,1,0,0,0,0,0,0,17,0.17875816993464053
5070,íÜìáçq,3,24,3,3,5,0.19416666666666668,0,0,2,0,1,0,0,0,0,0,0.17875816993464053
5070,íÜìáçq,4,20,1,4,2,0.147,0,0,1,0,0,0,0,0,0,0,0.17875816993464053
5070,íÜìáçq,5,32,1,1,7,0.18375,0,0,0,1,0,0,0,0,0,0,0.17875816993464053
5070,íÜìáçq,6,33,0,1,3,0.19484848484848483,0,0,0,0,0,0,0,0,0,0,0.17875816993464053
5071,ñÏå©éRëÒå»,1,17,3,3,2,0.17882352941176471,3,0,0,0,0,0,3,2,7,0,0.1683529411764706
5071,ñÏå©éRëÒå»,2,33,0,6,5,0.15393939393939393,0,0,0,0,0,0,0,0,0,18,0.1683529411764706
5071,ñÏå©éRëÒå»,3,34,3,2,6,0.17823529411764708,0,1,2,0,0,0,0,0,0,0,0.1683529411764706
5071,ñÏå©éRëÒå»,4,23,0,0,5,0.16260869565217392,0,0,0,0,0,0,0,0,0,0,0.1683529411764706
5071,ñÏå©éRëÒå»,5,35,1,1,2,0.15685714285714286,0,0,0,1,0,0,0,0,0,0,0.1683529411764706
5071,ñÏå©éRëÒå»,6,28,0,0,2,0.18607142857142858,0,0,0,0,0,0,0,0,0,0,0.1683529411764706
5072,ãgìcà«î¸,1,14,0,1,0,0.22142857142857145,0,0,0,0,0,0,6,6,2,0,0.2030081300813008
5072,ãgìcà«î¸,2,25,0,2,3,0.2084,0,0,0,0,0,0,0,0,0,8,0.2030081300813008
5072,ãgìcà«î¸,3,18,0,1,3,0.18722222222222223,0,0,0,0,0,0,0,0,0,0,0.2030081300813008
5072,ãgìcà«î¸,4,24,0,1,0,0.21208333333333332,0,0,0,0,0,0,0,0,0,0,0.2030081300813008
5072,ãgìcà«î¸,5,21,0,0,1,0.19095238095238093,0,0,0,0,0,0,0,0,0,0,0.2030081300813008
5072,ãgìcà«î¸,6,21,0,0,3,0.19952380952380955,0,0,0,0,0,0,0,0,0,0,0.2030081300813008
5073,è„å¥åíéüòY,1,22,5,3,6,0.19590909090909092,3,0,0,0,2,0,4,8,4,0,0.18769953051643196
5073,è„å¥åíéüòY,2,35,2,4,10,0.19057142857142856,0,1,0,0,1,0,0,0,0,20,0.18769953051643196
5073,è„å¥åíéüòY,3,44,4,6,9,0.18568181818181817,0,0,0,3,0,1,0,0,0,0,0.18769953051643196
5073,è„å¥åíéüòY,4,38,3,3,9,0.19842105263157894,0,0,0,2,1,0,0,0,0,0,0.18769953051643196
5073,è„å¥åíéüòY,5,36,2,2,3,0.1875,0,0,0,1,0,1,0,0,0,0,0.18769953051643196
5073,è„å¥åíéüòY,6,38,0,3,6,0.17210526315789473,0,0,0,0,0,0,0,0,0,0,0.18769953051643196
5074,ëÂ‡VêΩñÁ,1,26,7,8,2,0.1769230769230769,7,0,0,0,0,0,10,3,5,0,0.19736363636363638
5074,ëÂ‡VêΩñÁ,2,42,1,4,2,0.2054761904761905,0,0,0,0,1,0,0,0,0,19,0.19736363636363638
5074,ëÂ‡VêΩñÁ,3,41,0,4,7,0.1953658536585366,0,0,0,0,0,0,0,0,0,0,0.19736363636363638
5074,ëÂ‡VêΩñÁ,4,37,0,1,8,0.19783783783783784,0,0,0,0,0,0,0,0,0,0,0.19736363636363638
5074,ëÂ‡VêΩñÁ,5,36,0,0,1,0.19333333333333333,0,0,0,0,0,0,0,0,0,0,0.19736363636363638
5074,ëÂ‡VêΩñÁ,6,38,0,0,4,0.20789473684210527,0,0,0,0,0,0,0,0,0,0,0.19736363636363638
5075,íÜìáèGé°,1,30,15,5,2,0.155,15,0,0,0,0,0,4,6,4,0,0.1655958549222798
5075,íÜìáèGé°,2,34,6,9,7,0.1826470588235294,0,6,0,0,0,0,0,0,0,13,0.1655958549222798
5075,íÜìáèGé°,3,37,3,8,9,0.17243243243243242,0,1,1,1,0,0,0,0,0,0,0.1655958549222798
5075,íÜìáèGé°,4,31,1,5,9,0.15967741935483873,0,0,0,1,0,0,0,0,0,0,0.1655958549222798
5075,íÜìáèGé°,5,31,1,8,7,0.16774193548387098,0,0,0,1,0,0,0,0,0,0,0.1655958549222798
5075,íÜìáèGé°,6,30,3,2,7,0.15233333333333335,0,0,1,2,0,0,0,0,0,0,0.1655958549222798
5076,êŒå¥åı,1,19,7,2,1,0.15263157894736842,6,0,1,0,0,0,1,4,4,0,0.1802659574468085
5076,êŒå¥åı,2,37,6,8,3,0.18081081081081082,0,4,2,0,0,0,0,0,0,20,0.1802659574468085
5076,êŒå¥åı,3,37,1,2,2,0.14891891891891892,0,0,1,0,0,0,0,0,0,0,0.1802659574468085
5076,êŒå¥åı,4,31,2,4,3,0.16161290322580643,0,1,0,1,0,0,0,0,0,0,0.1802659574468085
5076,êŒå¥åı,5,36,1,2,3,0.21694444444444444,0,0,0,1,0,0,0,0,0,0,0.1802659574468085
5076,êŒå¥åı,6,28,0,1,0,0.21321428571428572,0,0,0,0,0,0,0,0,0,0,0.1802659574468085
5077,ëÍëÚõ√,1,9,2,0,0,0.2411111111111111,1,0,0,0,1,0,1,4,1,0,0.2376521739130435
5077,ëÍëÚõ√,2,13,2,0,0,0.23153846153846155,0,2,0,0,0,0,0,0,0,1,0.2376521739130435
5077,ëÍëÚõ√,3,17,0,2,1,0.1923529411764706,0,0,0,0,0,0,0,0,0,0,0.2376521739130435
5077,ëÍëÚõ√,4,17,0,2,0,0.23,0,0,0,0,0,0,0,0,0,0,0.2376521739130435
5077,ëÍëÚõ√,5,26,0,0,1,0.2673076923076923,0,0,0,0,0,0,0,0,0,0,0.2376521739130435
5077,ëÍëÚõ√,6,33,0,0,3,0.243030303030303,0,0,0,0,0,0,0,0,0,0,0.2376521739130435
5078,éRêÏîgâ≥,1,26,5,3,2,0.1980769230769231,5,0,0,0,0,0,1,12,5,0,0.2028985507246377
5078,éRêÏîgâ≥,2,36,5,10,4,0.2061111111111111,0,2,2,0,1,0,0,0,0,16,0.2028985507246377
5078,éRêÏîgâ≥,3,40,1,6,6,0.18425,0,0,0,1,0,0,0,0,0,0,0.2028985507246377
5078,éRêÏîgâ≥,4,40,1,2,4,0.20249999999999999,0,0,1,0,0,0,0,0,0,0,0.2028985507246377
5078,éRêÏîgâ≥,5,35,0,2,1,0.20514285714285713,0,0,0,0,0,0,0,0,0,0,0.2028985507246377
5078,éRêÏîgâ≥,6,30,1,1,1,0.226,0,1,0,0,0,0,0,0,0,0,0.2028985507246377
5079,ëÂêŒê^âõ,1,22,9,2,3,0.2081818181818182,7,0,0,0,2,0,1,10,0,0,0.1942690058479532
5079,ëÂêŒê^âõ,2,24,3,3,7,0.18000000000000002,0,3,0,0,0,0,0,0,0,5,0.1942690058479532
5079,ëÂêŒê^âõ,3,34,5,4,3,0.16764705882352943,0,3,1,1,0,0,0,0,0,0,0.1942690058479532
5079,ëÂêŒê^âõ,4,31,3,2,6,0.21548387096774194,0,1,1,1,0,0,0,0,0,0,0.1942690058479532
5079,ëÂêŒê^âõ,5,27,0,3,7,0.1988888888888889,0,0,0,0,0,0,0,0,0,0,0.1942690058479532
5079,ëÂêŒê^âõ,6,33,0,1,3,0.1990909090909091,0,0,0,0,0,0,0,0,0,0,0.1942690058479532
5080,óÈñÿåcëæ,1,3,1,0,1,0.11333333333333333,1,0,0,0,0,0,0,1,1,0,0.16971830985915495
5080,óÈñÿåcëæ,2,11,1,3,1,0.2,0,1,0,0,0,0,0,0,0,7,0.16971830985915495
5080,óÈñÿåcëæ,3,7,1,0,3,0.20285714285714285,0,0,0,1,0,0,0,0,0,0,0.16971830985915495
5080,óÈñÿåcëæ,4,18,0,3,8,0.13833333333333334,0,0,0,0,0,0,0,0,0,0,0.16971830985915495
5080,óÈñÿåcëæ,5,16,1,0,4,0.19625,0,0,0,1,0,0,0,0,0,0,0.16971830985915495
5080,óÈñÿåcëæ,6,16,0,1,1,0.15375,0,0,0,0,0,0,0,0,0,0,0.16971830985915495
5081,é¬å¥îÚ„ƒ,1,22,6,5,4,0.1659090909090909,6,0,0,0,0,0,4,6,5,0,0.17837719298245613
5081,é¬å¥îÚ„ƒ,2,40,5,6,13,0.1875,0,2,1,0,2,0,0,0,0,24,0.17837719298245613
5081,é¬å¥îÚ„ƒ,3,45,4,8,11,0.1688888888888889,0,0,1,1,2,0,0,0,0,0,0.17837719298245613
5081,é¬å¥îÚ„ƒ,4,41,3,4,9,0.18536585365853658,0,2,1,0,0,0,0,0,0,0,0.17837719298245613
5081,é¬å¥îÚ„ƒ,5,41,2,9,7,0.16926829268292684,0,0,0,1,1,0,0,0,0,0,0.17837719298245613
5081,é¬å¥îÚ„ƒ,6,39,0,2,6,0.18923076923076923,0,0,0,0,0,0,0,0,0,0,0.17837719298245613
5082,àÍêFóΩâÎ,1,24,6,3,6,0.19375,6,0,0,0,0,0,6,5,6,0,0.20806122448979592
5082,àÍêFóΩâÎ,2,26,3,8,2,0.215,0,1,1,1,0,0,0,0,0,14,0.20806122448979592
5082,àÍêFóΩâÎ,3,35,3,9,6,0.21571428571428572,0,0,2,1,0,0,0,0,0,0,0.20806122448979592
5082,àÍêFóΩâÎ,4,29,1,2,7,0.18344827586206897,0,0,0,0,1,0,0,0,0,0,0.20806122448979592
5082,àÍêFóΩâÎ,5,36,0,1,7,0.2475,0,0,0,0,0,0,0,0,0,0,0.20806122448979592
5082,àÍêFóΩâÎ,6,46,1,2,3,0.19043478260869565,0,0,0,1,0,0,0,0,0,0,0.20806122448979592
5083,ñˆê£ä≤ëæ,1,21,5,3,3,0.15285714285714286,4,0,0,0,1,0,4,6,4,0,0.1710752688172043
5083,ñˆê£ä≤ëæ,2,32,0,7,8,0.1671875,0,0,0,0,0,0,0,0,0,22,0.1710752688172043
5083,ñˆê£ä≤ëæ,3,31,2,2,6,0.16096774193548388,0,1,1,0,0,0,0,0,0,0,0.1710752688172043
5083,ñˆê£ä≤ëæ,4,38,2,1,8,0.1794736842105263,0,0,1,0,1,0,0,0,0,0,0.1710752688172043
5083,ñˆê£ä≤ëæ,5,32,0,2,4,0.1759375,0,0,0,0,0,0,0,0,0,0,0.1710752688172043
5083,ñˆê£ä≤ëæ,6,32,0,2,5,0.181875,0,0,0,0,0,0,0,0,0,0,0.1710752688172043
5084,ññâiòañÁ,1,33,19,4,3,0.15787878787878787,16,1,0,0,2,0,4,5,5,0,0.15005000000000002
5084,ññâiòañÁ,2,40,5,9,17,0.14450000000000002,0,4,0,1,0,0,0,0,0,23,0.15005000000000002
5084,ññâiòañÁ,3,34,5,7,10,0.14941176470588236,0,0,0,4,1,0,0,0,0,0,0.15005000000000002
5084,ññâiòañÁ,4,33,3,8,13,0.1503030303030303,0,0,2,1,0,0,0,0,0,0,0.15005000000000002
5084,ññâiòañÁ,5,30,3,7,5,0.14933333333333335,0,0,0,2,1,0,0,0,0,0,0.15005000000000002
5084,ññâiòañÁ,6,30,2,5,8,0.15,0,1,0,1,0,0,0,0,0,0,0.15005000000000002
5085,íÜë∫âhé°,1,20,7,4,3,0.149,7,0,0,0,0,0,2,5,5,0,0.18607954545454544
5085,íÜë∫âhé°,2,33,4,6,6,0.18575757575757576,0,4,0,0,0,0,0,0,0,17,0.18607954545454544
5085,íÜë∫âhé°,3,31,2,8,6,0.1667741935483871,0,0,1,0,1,0,0,0,0,0,0.18607954545454544
5085,íÜë∫âhé°,4,31,2,2,10,0.20903225806451614,0,0,1,1,0,0,0,0,0,0,0.18607954545454544
5085,íÜë∫âhé°,5,31,0,1,10,0.2,0,0,0,0,0,0,0,0,0,0,0.18607954545454544
5085,íÜë∫âhé°,6,30,0,1,3,0.193,0,0,0,0,0,0,0,0,0,0,0.18607954545454544
5086,ñ{ë∫ëÂ,1,15,9,4,0,0.15733333333333333,9,0,0,0,0,0,1,2,0,0,0.19278787878787879
5086,ñ{ë∫ëÂ,2,27,2,6,7,0.16518518518518518,0,0,1,0,1,0,0,0,0,16,0.19278787878787879
5086,ñ{ë∫ëÂ,3,30,1,1,7,0.19,0,0,0,1,0,0,0,0,0,0,0.19278787878787879
5086,ñ{ë∫ëÂ,4,25,0,2,6,0.1748,0,0,0,0,0,0,0,0,0,0,0.19278787878787879
5086,ñ{ë∫ëÂ,5,28,2,2,5,0.195,0,0,0,1,1,0,0,0,0,0,0.19278787878787879
5086,ñ{ë∫ëÂ,6,40,1,3,6,0.23650000000000002,0,0,0,0,0,1,0,0,0,0,0.19278787878787879
5087,ç≤ì°çq,1,36,20,7,4,0.1575,17,0,0,0,3,0,4,9,3,0,0.14009345794392525
5087,ç≤ì°çq,2,39,3,11,8,0.14358974358974358,1,0,2,0,0,0,0,0,0,20,0.14009345794392525
5087,ç≤ì°çq,3,37,12,5,5,0.13702702702702704,0,0,4,7,1,0,0,0,0,0,0.14009345794392525
5087,ç≤ì°çq,4,30,2,9,7,0.12133333333333333,0,0,1,1,0,0,0,0,0,0,0.14009345794392525
5087,ç≤ì°çq,5,34,8,6,10,0.13852941176470587,0,0,1,7,0,0,0,0,0,0,0.14009345794392525
5087,ç≤ì°çq,6,38,4,3,11,0.13921052631578948,0,1,0,3,0,0,0,0,0,0,0.14009345794392525
5088,çÇì≤élãG,1,37,21,7,3,0.15945945945945947,21,0,0,0,0,0,4,8,3,0,0.15491666666666667
5088,çÇì≤élãG,2,46,8,7,9,0.15804347826086956,0,4,1,0,1,2,0,0,0,21,0.15491666666666667
5088,çÇì≤élãG,3,43,3,8,3,0.15813953488372093,0,1,1,1,0,0,0,0,0,0,0.15491666666666667
5088,çÇì≤élãG,4,41,6,4,12,0.15829268292682927,0,0,4,2,0,0,0,0,0,0,0.15491666666666667
5088,çÇì≤élãG,5,38,4,7,5,0.14026315789473684,0,0,2,1,1,0,0,0,0,0,0.15491666666666667
5088,çÇì≤élãG,6,35,1,3,2,0.154,0,0,0,1,0,0,0,0,0,0,0.15491666666666667
5089,ëOìc„ƒ,1,30,13,7,6,0.18433333333333335,13,0,0,0,0,0,4,10,3,0,0.19320652173913042
5089,ëOìc„ƒ,2,33,3,9,11,0.18333333333333332,0,2,0,1,0,0,0,0,0,18,0.19320652173913042
5089,ëOìc„ƒ,3,31,5,5,9,0.18612903225806454,0,0,1,1,3,0,0,0,0,0,0.19320652173913042
5089,ëOìc„ƒ,4,33,3,5,6,0.17212121212121212,0,2,0,0,1,0,0,0,0,0,0.19320652173913042
5089,ëOìc„ƒ,5,26,3,4,4,0.215,0,1,0,2,0,0,0,0,0,0,0.19320652173913042
5089,ëOìc„ƒ,6,31,0,2,6,0.2235483870967742,0,0,0,0,0,0,0,0,0,0,0.19320652173913042
5090,ê∂ï˚ñıàü,1,28,7,4,6,0.16464285714285715,7,0,0,0,0,0,4,9,3,0,0.19745098039215686
5090,ê∂ï˚ñıàü,2,40,6,7,10,0.183,0,3,2,0,1,0,0,0,0,21,0.19745098039215686
5090,ê∂ï˚ñıàü,3,37,2,6,10,0.19783783783783784,0,1,1,0,0,0,0,0,0,0,0.19745098039215686
5090,ê∂ï˚ñıàü,4,34,2,3,5,0.19676470588235295,0,0,1,1,0,0,0,0,0,0,0.19745098039215686
5090,ê∂ï˚ñıàü,5,36,0,4,1,0.19972222222222225,0,0,0,0,0,0,0,0,0,0,0.19745098039215686
5090,ê∂ï˚ñıàü,6,29,0,0,4,0.24655172413793106,0,0,0,0,0,0,0,0,0,0,0.19745098039215686
5091,à◊ñ{íqñÁ,1,24,13,4,3,0.16708333333333333,12,0,0,0,0,1,4,4,2,0,0.1518343195266272
5091,à◊ñ{íqñÁ,2,28,0,4,7,0.17285714285714285,0,0,0,0,0,0,0,0,0,18,0.1518343195266272
5091,à◊ñ{íqñÁ,3,33,2,6,6,0.14696969696969697,0,0,1,1,0,0,0,0,0,0,0.1518343195266272
5091,à◊ñ{íqñÁ,4,25,2,2,7,0.128,0,0,0,1,1,0,0,0,0,0,0.1518343195266272
5091,à◊ñ{íqñÁ,5,28,2,3,3,0.15357142857142855,0,0,0,1,1,0,0,0,0,0,0.1518343195266272
5091,à◊ñ{íqñÁ,6,31,2,3,2,0.14387096774193547,0,0,1,0,1,0,0,0,0,0,0.1518343195266272
5092,é¬å¥ùÓñÌ,1,23,13,1,5,0.11652173913043479,13,0,0,0,0,0,2,6,1,0,0.13412935323383085
5092,é¬å¥ùÓñÌ,2,34,4,11,4,0.15794117647058825,0,0,2,1,1,0,0,0,0,17,0.13412935323383085
5092,é¬å¥ùÓñÌ,3,37,5,3,10,0.1435135135135135,0,0,3,1,1,0,0,0,0,0,0.13412935323383085
5092,é¬å¥ùÓñÌ,4,40,6,7,7,0.12125,0,1,3,1,1,0,0,0,0,0,0.13412935323383085
5092,é¬å¥ùÓñÌ,5,39,2,3,8,0.1376923076923077,0,2,0,0,0,0,0,0,0,0,0.13412935323383085
5092,é¬å¥ùÓñÌ,6,28,2,3,5,0.1207142857142857,0,1,0,1,0,0,0,0,0,0,0.13412935323383085
5093,âYñÏäC,1,19,6,3,4,0.16105263157894736,6,0,0,0,0,0,4,7,0,0,0.18484375
5093,âYñÏäC,2,34,0,5,6,0.1935294117647059,0,0,0,0,0,0,0,0,0,18,0.18484375
5093,âYñÏäC,3,34,5,3,3,0.16970588235294118,0,3,1,1,0,0,0,0,0,0,0.18484375
5093,âYñÏäC,4,34,2,3,3,0.1861764705882353,0,0,0,2,0,0,0,0,0,0,0.18484375
5093,âYñÏäC,5,32,1,2,1,0.1865625,0,0,0,1,0,0,0,0,0,0,0.18484375
5093,âYñÏäC,6,39,0,3,6,0.1994871794871795,0,0,0,0,0,0,0,0,0,0,0.18484375
5094,ê∂ìcîgî¸âπ,1,24,11,5,1,0.14791666666666667,9,0,0,0,2,0,1,9,2,0,0.1692485549132948
5094,ê∂ìcîgî¸âπ,2,30,4,7,5,0.18033333333333335,0,0,3,0,1,0,0,0,0,14,0.1692485549132948
5094,ê∂ìcîgî¸âπ,3,36,2,10,2,0.1711111111111111,0,0,2,0,0,0,0,0,0,0,0.1692485549132948
5094,ê∂ìcîgî¸âπ,4,32,2,4,9,0.1778125,0,1,0,1,0,0,0,0,0,0,0.1692485549132948
5094,ê∂ìcîgî¸âπ,5,24,3,1,5,0.1691666666666667,0,0,2,1,0,0,0,0,0,0,0.1692485549132948
5094,ê∂ìcîgî¸âπ,6,27,0,1,5,0.16333333333333333,0,0,0,0,0,0,0,0,0,0,0.1692485549132948
5095,è¨å¥ëèè´,1,21,5,5,6,0.14904761904761904,4,1,0,0,0,0,5,8,2,0,0.16447552447552446
5095,è¨å¥ëèè´,2,25,7,3,2,0.18400000000000002,0,3,3,0,1,0,0,0,0,10,0.16447552447552446
5095,è¨å¥ëèè´,3,24,0,4,4,0.18000000000000002,0,0,0,0,0,0,0,0,0,0,0.16447552447552446
5095,è¨å¥ëèè´,4,25,1,5,6,0.1424,0,0,0,1,0,0,0,0,0,0,0.16447552447552446
5095,è¨å¥ëèè´,5,26,3,2,7,0.17307692307692307,0,0,0,2,1,0,0,0,0,0,0.16447552447552446
5095,è¨å¥ëèè´,6,22,1,3,3,0.155,0,1,0,0,0,0,0,0,0,0,0.16447552447552446
5096,è„å¥õ√,1,16,3,2,3,0.169375,3,0,0,0,0,0,2,10,1,0,0.16502994011976047
5096,è„å¥õ√,2,19,0,0,4,0.1968421052631579,0,0,0,0,0,0,0,0,0,9,0.16502994011976047
5096,è„å¥õ√,3,26,0,2,3,0.1623076923076923,0,0,0,0,0,0,0,0,0,0,0.16502994011976047
5096,è„å¥õ√,4,37,1,3,3,0.1537837837837838,0,0,1,0,0,0,0,0,0,0,0.16502994011976047
5096,è„å¥õ√,5,37,0,1,5,0.15972972972972974,0,0,0,0,0,0,0,0,0,0,0.16502994011976047
5096,è„å¥õ√,6,32,0,1,3,0.1653125,0,0,0,0,0,0,0,0,0,0,0.16502994011976047
5098,ëÂç]èÉ,1,17,9,3,1,0.1623529411764706,8,0,0,0,1,0,4,0,3,0,0.1682248520710059
5098,ëÂç]èÉ,2,28,4,1,3,0.14214285714285715,0,3,0,0,1,0,0,0,0,14,0.1682248520710059
5098,ëÂç]èÉ,3,34,1,1,4,0.16205882352941176,0,0,0,0,1,0,0,0,0,0,0.1682248520710059
5098,ëÂç]èÉ,4,31,0,0,2,0.17483870967741935,0,0,0,0,0,0,0,0,0,0,0.1682248520710059
5098,ëÂç]èÉ,5,32,0,2,4,0.1740625,0,0,0,0,0,0,0,0,0,0,0.1682248520710059
5098,ëÂç]èÉ,6,27,0,0,4,0.19222222222222224,0,0,0,0,0,0,0,0,0,0,0.1682248520710059
5100,åIå¥àÍîn,1,14,1,1,3,0.12428571428571429,1,0,0,0,0,0,3,5,3,0,0.1443558282208589
5100,åIå¥àÍîn,2,21,3,0,4,0.1676190476190476,0,0,3,0,0,0,0,0,0,12,0.1443558282208589
5100,åIå¥àÍîn,3,19,0,1,2,0.14789473684210527,0,0,0,0,0,0,0,0,0,0,0.1443558282208589
5100,åIå¥àÍîn,4,36,1,2,2,0.13805555555555554,0,0,1,0,0,0,0,0,0,0,0.1443558282208589
5100,åIå¥àÍîn,5,36,1,1,0,0.1438888888888889,0,0,1,0,0,0,0,0,0,0,0.1443558282208589
5100,åIå¥àÍîn,6,37,0,0,3,0.14351351351351352,0,0,0,0,0,0,0,0,0,0,0.1443558282208589
5101,ï\åíëæ,1,3,0,1,1,0.09999999999999999,0,0,0,0,0,0,3,0,0,0,0.19908163265306125
5101,ï\åíëæ,2,12,0,0,0,0.215,0,0,0,0,0,0,0,0,0,6,0.19908163265306125
5101,ï\åíëæ,3,10,0,0,2,0.16299999999999998,0,0,0,0,0,0,0,0,0,0,0.19908163265306125
5101,ï\åíëæ,4,15,1,0,0,0.15866666666666665,0,0,1,0,0,0,0,0,0,0,0.19908163265306125
5101,ï\åíëæ,5,22,0,0,1,0.19636363636363638,0,0,0,0,0,0,0,0,0,0,0.19908163265306125
5101,ï\åíëæ,6,36,0,0,0,0.23055555555555557,0,0,0,0,0,0,0,0,0,0,0.19908163265306125
5102,å¥ìcóYéü,1,20,8,3,2,0.174,8,0,0,0,0,0,1,9,2,0,0.20220779220779223
5102,å¥ìcóYéü,2,46,3,9,5,0.1897826086956522,0,1,1,0,1,0,0,0,0,29,0.20220779220779223
5102,å¥ìcóYéü,3,50,5,7,9,0.21739999999999998,0,0,2,3,0,0,0,0,0,0,0.20220779220779223
5102,å¥ìcóYéü,4,39,1,3,9,0.2141025641025641,0,0,0,1,0,0,0,0,0,0,0.20220779220779223
5102,å¥ìcóYéü,5,40,2,6,2,0.22000000000000003,0,1,0,1,0,0,0,0,0,0,0.20220779220779223
5102,å¥ìcóYéü,6,36,1,2,4,0.18000000000000002,0,0,0,0,1,0,0,0,0,0,0.20220779220779223
5103,é≈ìcãûâÓ,1,15,2,2,0,0.18000000000000002,2,0,0,0,0,0,2,5,3,0,0.1635978835978836
5103,é≈ìcãûâÓ,2,23,0,4,1,0.20434782608695654,0,0,0,0,0,0,0,0,0,10,0.1635978835978836
5103,é≈ìcãûâÓ,3,21,0,4,3,0.14809523809523809,0,0,0,0,0,0,0,0,0,0,0.1635978835978836
5103,é≈ìcãûâÓ,4,44,1,7,3,0.15181818181818182,0,0,0,1,0,0,0,0,0,0,0.1635978835978836
5103,é≈ìcãûâÓ,5,43,0,2,3,0.13186046511627908,0,0,0,0,0,0,0,0,0,0,0.1635978835978836
5103,é≈ìcãûâÓ,6,43,1,0,6,0.1874418604651163,0,0,0,1,0,0,0,0,0,0,0.1635978835978836
5104,éRìcè‰,1,25,10,8,2,0.14400000000000002,10,0,0,0,0,0,2,7,5,0,0.16515555555555558
5104,éRìcè‰,2,35,3,2,7,0.168,0,3,0,0,0,0,0,0,0,19,0.16515555555555558
5104,éRìcè‰,3,47,5,4,10,0.15659574468085108,0,1,4,0,0,0,0,0,0,0,0.16515555555555558
5104,éRìcè‰,4,38,3,6,9,0.18157894736842106,0,1,2,0,0,0,0,0,0,0,0.16515555555555558
5104,éRìcè‰,5,40,0,4,5,0.16675,0,0,0,0,0,0,0,0,0,0,0.16515555555555558
5104,éRìcè‰,6,40,1,2,2,0.16875,0,0,0,1,0,0,0,0,0,0,0.16515555555555558
5105,ïxìcèöê∂,1,29,5,5,4,0.22517241379310346,5,0,0,0,0,0,1,15,1,0,0.2043859649122807
5105,ïxìcèöê∂,2,40,1,8,2,0.21600000000000003,0,0,1,0,0,0,0,0,0,22,0.2043859649122807
5105,ïxìcèöê∂,3,37,1,5,2,0.2008108108108108,0,0,0,1,0,0,0,0,0,0,0.2043859649122807
5105,ïxìcèöê∂,4,45,1,6,4,0.18755555555555553,0,0,0,1,0,0,0,0,0,0,0.2043859649122807
5105,ïxìcèöê∂,5,36,1,2,3,0.18194444444444444,0,0,0,1,0,0,0,0,0,0,0.2043859649122807
5105,ïxìcèöê∂,6,41,0,2,3,0.2197560975609756,0,0,0,0,0,0,0,0,0,0,0.2043859649122807
5106,éRçËèÀ,1,2,2,0,0,0.11,1,0,0,0,1,0,0,0,0,0,0.18424242424242424
5106,éRçËèÀ,2,2,0,0,1,0.095,0,0,0,0,0,0,0,0,0,1,0.18424242424242424
5106,éRçËèÀ,3,4,0,1,0,0.2,0,0,0,0,0,0,0,0,0,0,0.18424242424242424
5106,éRçËèÀ,4,63,0,10,10,0.18174603174603177,0,0,0,0,0,0,0,0,0,0,0.18424242424242424
5106,éRçËèÀ,5,55,2,5,16,0.18236363636363634,0,0,0,2,0,0,0,0,0,0,0.18424242424242424
5106,éRçËèÀ,6,72,1,7,11,0.1915277777777778,0,0,0,1,0,0,0,0,0,0,0.18424242424242424
5107,èºñ{ê^çL,1,6,0,0,1,0.22499999999999998,0,0,0,0,0,0,1,4,0,0,0.18043478260869567
5107,èºñ{ê^çL,2,8,0,0,1,0.20750000000000002,0,0,0,0,0,0,0,0,0,4,0.18043478260869567
5107,èºñ{ê^çL,3,12,0,0,0,0.20333333333333334,0,0,0,0,0,0,0,0,0,0,0.18043478260869567
5107,èºñ{ê^çL,4,22,1,2,1,0.18,0,0,1,0,0,0,0,0,0,0,0.18043478260869567
5107,èºñ{ê^çL,5,45,0,1,2,0.17622222222222222,0,0,0,0,0,0,0,0,0,0,0.18043478260869567
5107,èºñ{ê^çL,6,68,1,2,6,0.17220588235294118,0,0,0,1,0,0,0,0,0,0,0.18043478260869567
5108,éƒìcà§óú,1,19,0,2,2,0.2621052631578948,0,0,0,0,0,0,1,13,3,0,0.22777777777777777
5108,éƒìcà§óú,2,27,1,1,4,0.24925925925925926,0,0,1,0,0,0,0,0,0,15,0.22777777777777777
5108,éƒìcà§óú,3,29,0,1,3,0.2541379310344828,0,0,0,0,0,0,0,0,0,0,0.22777777777777777
5108,éƒìcà§óú,4,42,0,0,2,0.20976190476190476,0,0,0,0,0,0,0,0,0,0,0.22777777777777777
5108,éƒìcà§óú,5,39,0,1,2,0.20769230769230768,0,0,0,0,0,0,0,0,0,0,0.22777777777777777
5108,éƒìcà§óú,6,33,0,0,2,0.21393939393939396,0,0,0,0,0,0,0,0,0,0,0.22777777777777777
5109,êÏçËíqñ´,1,10,3,3,2,0.10900000000000001,3,0,0,0,0,0,4,3,0,0,0.15728323699421967
5109,êÏçËíqñ´,2,25,1,6,2,0.1916,0,1,0,0,0,0,0,0,0,16,0.15728323699421967
5109,êÏçËíqñ´,3,32,1,7,8,0.14625,0,0,0,0,1,0,0,0,0,0,0.15728323699421967
5109,êÏçËíqñ´,4,36,2,7,9,0.16694444444444445,0,0,2,0,0,0,0,0,0,0,0.15728323699421967
5109,êÏçËíqñ´,5,36,1,2,7,0.14444444444444446,0,0,0,1,0,0,0,0,0,0,0.15728323699421967
5109,êÏçËíqñ´,6,34,0,1,5,0.16,0,0,0,0,0,0,0,0,0,0,0.15728323699421967
5110,êôéRäÏàÍ,1,17,4,6,2,0.18941176470588236,4,0,0,0,0,0,7,3,2,0,0.1784971098265896
5110,êôéRäÏàÍ,2,26,1,3,6,0.18076923076923077,0,0,1,0,0,0,0,0,0,7,0.1784971098265896
5110,êôéRäÏàÍ,3,33,1,7,4,0.17666666666666667,0,0,0,0,1,0,0,0,0,0,0.1784971098265896
5110,êôéRäÏàÍ,4,31,2,7,5,0.19290322580645164,0,0,1,0,0,1,0,0,0,0,0.1784971098265896
5110,êôéRäÏàÍ,5,31,1,4,6,0.17387096774193547,0,0,0,1,0,0,0,0,0,0,0.1784971098265896
5110,êôéRäÏàÍ,6,35,1,5,7,0.16457142857142856,0,0,1,0,0,0,0,0,0,0,0.1784971098265896
5111,éOë∫äxêl,1,17,7,0,5,0.17705882352941177,6,0,0,0,1,0,0,9,1,0,0.1784834123222749
5111,éOë∫äxêl,2,25,0,6,2,0.2052,0,0,0,0,0,0,0,0,0,13,0.1784834123222749
5111,éOë∫äxêl,3,29,4,5,5,0.1820689655172414,0,1,1,2,0,0,0,0,0,0,0.1784834123222749
5111,éOë∫äxêl,4,42,4,7,8,0.1692857142857143,0,0,4,0,0,0,0,0,0,0,0.1784834123222749
5111,éOë∫äxêl,5,46,0,1,6,0.18282608695652175,0,0,0,0,0,0,0,0,0,0,0.1784834123222749
5111,éOë∫äxêl,6,52,0,1,5,0.1676923076923077,0,0,0,0,0,0,0,0,0,0,0.1784834123222749
5112,çªí∑ímãP,1,36,17,6,6,0.14222222222222222,16,0,0,0,1,0,2,8,4,0,0.1378099173553719
5112,çªí∑ímãP,2,49,15,14,5,0.15244897959183673,1,10,1,0,3,0,0,0,0,18,0.1378099173553719
5112,çªí∑ímãP,3,43,6,7,10,0.14627906976744187,0,2,1,3,0,0,0,0,0,0,0.1378099173553719
5112,çªí∑ímãP,4,43,8,7,6,0.1213953488372093,0,0,6,2,0,0,0,0,0,0,0.1378099173553719
5112,çªí∑ímãP,5,39,4,4,8,0.13076923076923075,0,0,1,3,0,0,0,0,0,0,0.1378099173553719
5112,çªí∑ímãP,6,32,0,2,10,0.1296875,0,0,0,0,0,0,0,0,0,0,0.1378099173553719
5113,çïñæâ‘ñ≤,1,10,0,1,0,0.25,0,0,0,0,0,0,0,5,4,0,0.18809248554913294
5113,çïñæâ‘ñ≤,2,16,0,3,1,0.17,0,0,0,0,0,0,0,0,0,8,0.18809248554913294
5113,çïñæâ‘ñ≤,3,15,0,0,0,0.194,0,0,0,0,0,0,0,0,0,0,0.18809248554913294
5113,çïñæâ‘ñ≤,4,37,0,0,2,0.17621621621621622,0,0,0,0,0,0,0,0,0,0,0.18809248554913294
5113,çïñæâ‘ñ≤,5,37,0,0,0,0.1881081081081081,0,0,0,0,0,0,0,0,0,0,0.18809248554913294
5113,çïñæâ‘ñ≤,6,58,0,0,2,0.18844827586206897,0,0,0,0,0,0,0,0,0,0,0.18809248554913294
5114,è¨ó—çFè≤,1,22,10,1,3,0.15,10,0,0,0,0,0,3,3,4,0,0.1831155778894472
5114,è¨ó—çFè≤,2,35,4,3,4,0.18514285714285716,0,2,1,0,1,0,0,0,0,15,0.1831155778894472
5114,è¨ó—çFè≤,3,36,1,3,5,0.17388888888888887,0,0,0,1,0,0,0,0,0,0,0.1831155778894472
5114,è¨ó—çFè≤,4,39,0,3,6,0.17769230769230768,0,0,0,0,0,0,0,0,0,0,0.1831155778894472
5114,è¨ó—çFè≤,5,35,1,1,2,0.18885714285714286,0,0,0,1,0,0,0,0,0,0,0.1831155778894472
5114,è¨ó—çFè≤,6,32,0,0,1,0.214375,0,0,0,0,0,0,0,0,0,0,0.1831155778894472
5115,çÅêÏÈDëæ,1,16,3,1,4,0.173125,3,0,0,0,0,0,3,7,1,0,0.19518518518518518
5115,çÅêÏÈDëæ,2,31,1,3,6,0.21419354838709678,0,0,1,0,0,0,0,0,0,18,0.19518518518518518
5115,çÅêÏÈDëæ,3,33,4,1,4,0.20303030303030303,0,2,0,2,0,0,0,0,0,0,0.19518518518518518
5115,çÅêÏÈDëæ,4,31,2,3,2,0.2009677419354839,0,0,1,1,0,0,0,0,0,0,0.19518518518518518
5115,çÅêÏÈDëæ,5,28,2,3,4,0.17071428571428574,0,0,0,2,0,0,0,0,0,0,0.19518518518518518
5115,çÅêÏÈDëæ,6,23,0,0,2,0.1956521739130435,0,0,0,0,0,0,0,0,0,0,0.19518518518518518
5116,ã‡éqéµäC,1,13,1,2,1,0.17461538461538462,1,0,0,0,0,0,1,9,1,0,0.19341935483870967
5116,ã‡éqéµäC,2,19,0,2,2,0.21842105263157896,0,0,0,0,0,0,0,0,0,9,0.19341935483870967
5116,ã‡éqéµäC,3,24,0,1,1,0.19583333333333333,0,0,0,0,0,0,0,0,0,0,0.19341935483870967
5116,ã‡éqéµäC,4,27,1,2,5,0.19222222222222224,0,1,0,0,0,0,0,0,0,0,0.19341935483870967
5116,ã‡éqéµäC,5,34,0,0,2,0.18529411764705883,0,0,0,0,0,0,0,0,0,0,0.19341935483870967
5116,ã‡éqéµäC,6,38,0,0,3,0.19394736842105265,0,0,0,0,0,0,0,0,0,0,0.19341935483870967
5117,ïyñºçòìçìﬁ,1,11,4,1,2,0.16181818181818183,4,0,0,0,0,0,2,5,0,0,0.19964071856287427
5117,ïyñºçòìçìﬁ,2,22,0,2,4,0.21318181818181817,0,0,0,0,0,0,0,0,0,9,0.19964071856287427
5117,ïyñºçòìçìﬁ,3,31,0,2,6,0.20225806451612904,0,0,0,0,0,0,0,0,0,0,0.19964071856287427
5117,ïyñºçòìçìﬁ,4,37,1,3,3,0.17567567567567569,0,0,1,0,0,0,0,0,0,0,0.19964071856287427
5117,ïyñºçòìçìﬁ,5,33,0,1,6,0.19090909090909092,0,0,0,0,0,0,0,0,0,0,0.19964071856287427
5117,ïyñºçòìçìﬁ,6,33,0,1,4,0.23636363636363636,0,0,0,0,0,0,0,0,0,0,0.19964071856287427
5118,ñÏìcÇ»Ç√Ç´,1,19,2,2,2,0.24842105263157893,1,0,0,0,1,0,2,10,3,0,0.2153551912568306
5118,ñÏìcÇ»Ç√Ç´,2,36,1,4,7,0.19944444444444442,0,0,1,0,0,0,0,0,0,19,0.2153551912568306
5118,ñÏìcÇ»Ç√Ç´,3,37,2,1,7,0.19675675675675677,0,0,2,0,0,0,0,0,0,0,0.2153551912568306
5118,ñÏìcÇ»Ç√Ç´,4,33,1,0,6,0.20454545454545456,0,0,0,1,0,0,0,0,0,0,0.2153551912568306
5118,ñÏìcÇ»Ç√Ç´,5,28,0,1,0,0.24535714285714286,0,0,0,0,0,0,0,0,0,0,0.2153551912568306
5118,ñÏìcÇ»Ç√Ç´,6,30,0,0,2,0.22033333333333335,0,0,0,0,0,0,0,0,0,0,0.2153551912568306
5119,ê^ìc„ƒñÅ,1,2,0,0,0,0.27,0,0,0,0,0,0,0,1,0,0,0.226125
5119,ê^ìc„ƒñÅ,2,8,0,0,0,0.19625,0,0,0,0,0,0,0,0,0,6,0.226125
5119,ê^ìc„ƒñÅ,3,10,0,0,0,0.223,0,0,0,0,0,0,0,0,0,0,0.226125
5119,ê^ìc„ƒñÅ,4,13,0,0,0,0.23076923076923078,0,0,0,0,0,0,0,0,0,0,0.226125
5119,ê^ìc„ƒñÅ,5,19,0,0,0,0.2263157894736842,0,0,0,0,0,0,0,0,0,0,0.226125
5119,ê^ìc„ƒñÅ,6,28,0,0,0,0.23035714285714287,0,0,0,0,0,0,0,0,0,0,0.226125
5120,éRñ{ñ´ëæòN,1,11,4,2,2,0.14454545454545456,3,0,0,0,1,0,3,3,1,0,0.15341176470588233
5120,éRñ{ñ´ëæòN,2,17,2,4,2,0.16764705882352943,0,1,1,0,0,0,0,0,0,9,0.15341176470588233
5120,éRñ{ñ´ëæòN,3,15,0,2,3,0.14066666666666666,0,0,0,0,0,0,0,0,0,0,0.15341176470588233
5120,éRñ{ñ´ëæòN,4,15,1,3,0,0.1713333333333333,0,0,0,0,0,1,0,0,0,0,0.15341176470588233
5120,éRñ{ñ´ëæòN,5,13,0,2,3,0.14692307692307693,0,0,0,0,0,0,0,0,0,0,0.15341176470588233
5120,éRñ{ñ´ëæòN,6,14,0,0,2,0.1435714285714286,0,0,0,0,0,0,0,0,0,0,0.15341176470588233
5121,íËèºóEé˜,1,26,10,7,5,0.21153846153846154,10,0,0,0,0,0,3,7,4,0,0.17588571428571428
5121,íËèºóEé˜,2,34,7,11,7,0.15970588235294117,0,2,2,1,2,0,0,0,0,15,0.17588571428571428
5121,íËèºóEé˜,3,30,6,6,5,0.1686666666666667,0,0,4,0,2,0,0,0,0,0,0.17588571428571428
5121,íËèºóEé˜,4,21,4,3,5,0.1542857142857143,0,1,0,3,0,0,0,0,0,0,0.17588571428571428
5121,íËèºóEé˜,5,31,4,6,4,0.18161290322580645,0,0,1,2,1,0,0,0,0,0,0.17588571428571428
5121,íËèºóEé˜,6,33,2,9,4,0.17939393939393938,0,0,0,1,1,0,0,0,0,0,0.17588571428571428
5122,ëäîn„ƒ,1,9,4,1,1,0.18777777777777777,3,0,0,0,1,0,0,4,1,0,0.23521739130434782
5122,ëäîn„ƒ,2,16,1,2,2,0.175,0,0,1,0,0,0,0,0,0,9,0.23521739130434782
5122,ëäîn„ƒ,3,15,0,5,1,0.202,0,0,0,0,0,0,0,0,0,0,0.23521739130434782
5122,ëäîn„ƒ,4,25,2,3,2,0.2364,0,0,1,1,0,0,0,0,0,0,0.23521739130434782
5122,ëäîn„ƒ,5,40,0,4,1,0.23425,0,0,0,0,0,0,0,0,0,0,0.23521739130434782
5122,ëäîn„ƒ,6,56,0,1,5,0.2691071428571429,0,0,0,0,0,0,0,0,0,0,0.23521739130434782
5123,ïüéRåbó¢ìﬁ,1,2,0,0,0,0.13,0,0,0,0,0,0,0,2,0,0,0.1856353591160221
5123,ïüéRåbó¢ìﬁ,2,6,0,0,0,0.1416666666666667,0,0,0,0,0,0,0,0,0,3,0.1856353591160221
5123,ïüéRåbó¢ìﬁ,3,4,0,0,0,0.2275,0,0,0,0,0,0,0,0,0,0,0.1856353591160221
5123,ïüéRåbó¢ìﬁ,4,51,0,1,5,0.21666666666666667,0,0,0,0,0,0,0,0,0,0,0.1856353591160221
5123,ïüéRåbó¢ìﬁ,5,57,1,2,5,0.17684210526315788,0,0,0,1,0,0,0,0,0,0,0.1856353591160221
5123,ïüéRåbó¢ìﬁ,6,61,0,0,3,0.17131147540983607,0,0,0,0,0,0,0,0,0,0,0.1856353591160221
5124,è„ëÎà∫ñÁ,1,11,1,0,2,0.13727272727272727,1,0,0,0,0,0,1,4,5,0,0.17275000000000001
5124,è„ëÎà∫ñÁ,2,19,0,0,0,0.18,0,0,0,0,0,0,0,0,0,10,0.17275000000000001
5124,è„ëÎà∫ñÁ,3,21,0,1,0,0.1542857142857143,0,0,0,0,0,0,0,0,0,0,0.17275000000000001
5124,è„ëÎà∫ñÁ,4,16,0,0,0,0.191875,0,0,0,0,0,0,0,0,0,0,0.17275000000000001
5124,è„ëÎà∫ñÁ,5,25,0,0,2,0.1844,0,0,0,0,0,0,0,0,0,0,0.17275000000000001
5124,è„ëÎà∫ñÁ,6,28,0,0,1,0.1742857142857143,0,0,0,0,0,0,0,0,0,0,0.17275000000000001
5125,çÇà‰óYäÓ,1,7,1,1,1,0.21,1,0,0,0,0,0,0,1,4,0,0.20163636363636364
5125,çÇà‰óYäÓ,2,13,0,1,3,0.18384615384615385,0,0,0,0,0,0,0,0,0,9,0.20163636363636364
5125,çÇà‰óYäÓ,3,13,0,2,0,0.23769230769230767,0,0,0,0,0,0,0,0,0,0,0.20163636363636364
5125,çÇà‰óYäÓ,4,7,0,2,0,0.21857142857142858,0,0,0,0,0,0,0,0,0,0,0.20163636363636364
5125,çÇà‰óYäÓ,5,7,0,1,0,0.18857142857142858,0,0,0,0,0,0,0,0,0,0,0.20163636363636364
5125,çÇà‰óYäÓ,6,8,0,0,0,0.16125,0,0,0,0,0,0,0,0,0,0,0.20163636363636364
5126,éRâ∫ëÂãP,1,19,8,3,0,0.16473684210526315,8,0,0,0,0,0,3,5,1,0,0.1785204081632653
5126,éRâ∫ëÂãP,2,30,6,3,3,0.15833333333333333,0,3,3,0,0,0,0,0,0,15,0.1785204081632653
5126,éRâ∫ëÂãP,3,24,1,2,5,0.19041666666666668,0,0,1,0,0,0,0,0,0,0,0.1785204081632653
5126,éRâ∫ëÂãP,4,36,0,4,3,0.16777777777777778,0,0,0,0,0,0,0,0,0,0,0.1785204081632653
5126,éRâ∫ëÂãP,5,42,0,2,6,0.1933333333333333,0,0,0,0,0,0,0,0,0,0,0.1785204081632653
5126,éRâ∫ëÂãP,6,45,1,1,4,0.18622222222222223,0,0,0,1,0,0,0,0,0,0,0.1785204081632653
5127,è¿ìcëÂìs,1,4,0,1,0,0.2975,0,0,0,0,0,0,0,3,0,0,0.20633587786259544
5127,è¿ìcëÂìs,2,5,0,0,0,0.15,0,0,0,0,0,0,0,0,0,1,0.20633587786259544
5127,è¿ìcëÂìs,3,6,0,0,0,0.17166666666666666,0,0,0,0,0,0,0,0,0,0,0.20633587786259544
5127,è¿ìcëÂìs,4,31,0,0,0,0.2203225806451613,0,0,0,0,0,0,0,0,0,0,0.20633587786259544
5127,è¿ìcëÂìs,5,36,0,0,0,0.1875,0,0,0,0,0,0,0,0,0,0,0.20633587786259544
5127,è¿ìcëÂìs,6,49,0,0,2,0.21387755102040817,0,0,0,0,0,0,0,0,0,0,0.20633587786259544
5128,íÿà‰ëuóC,4,52,1,6,7,0.1473076923076923,0,0,0,1,0,0,0,0,0,0,0.16916666666666666
5128,íÿà‰ëuóC,5,50,1,0,6,0.1794,0,0,0,1,0,0,0,0,0,0,0.16916666666666666
5128,íÿà‰ëuóC,6,54,0,1,1,0.18074074074074073,0,0,0,0,0,0,0,0,0,0,0.16916666666666666
5129,éRå˚ê^äÏéq,1,4,1,1,0,0.15,1,0,0,0,0,0,0,2,1,0,0.16103286384976526
5129,éRå˚ê^äÏéq,2,5,1,2,1,0.126,0,0,1,0,0,0,0,0,0,4,0.16103286384976526
5129,éRå˚ê^äÏéq,3,29,2,4,3,0.18896551724137933,0,0,1,1,0,0,0,0,0,0,0.16103286384976526
5129,éRå˚ê^äÏéq,4,50,3,5,11,0.14800000000000002,0,0,2,1,0,0,0,0,0,0,0.16103286384976526
5129,éRå˚ê^äÏéq,5,55,1,5,3,0.14927272727272728,0,0,0,1,0,0,0,0,0,0,0.16103286384976526
5129,éRå˚ê^äÏéq,6,70,5,2,6,0.17114285714285715,0,2,0,3,0,0,0,0,0,0,0.16103286384976526
5130,è„ñÏëÒîn,1,11,2,1,1,0.2590909090909091,2,0,0,0,0,0,0,5,3,0,0.18293193717277487
5130,è„ñÏëÒîn,2,13,2,3,1,0.19769230769230767,0,0,2,0,0,0,0,0,0,6,0.18293193717277487
5130,è„ñÏëÒîn,3,14,1,6,0,0.18214285714285713,0,1,0,0,0,0,0,0,0,0,0.18293193717277487
5130,è„ñÏëÒîn,4,50,1,3,4,0.1916,0,0,1,0,0,0,0,0,0,0,0.18293193717277487
5130,è„ñÏëÒîn,5,49,2,4,3,0.1436734693877551,0,0,0,2,0,0,0,0,0,0,0.18293193717277487
5130,è„ñÏëÒîn,6,54,1,1,4,0.19166666666666665,0,1,0,0,0,0,0,0,0,0,0.18293193717277487
5131,ç]ì°ì÷çG,1,13,2,1,2,0.2153846153846154,2,0,0,0,0,0,1,5,2,0,0.1950887573964497
5131,ç]ì°ì÷çG,2,26,0,1,4,0.22384615384615386,0,0,0,0,0,0,0,0,0,16,0.1950887573964497
5131,ç]ì°ì÷çG,3,27,0,3,2,0.17777777777777778,0,0,0,0,0,0,0,0,0,0,0.1950887573964497
5131,ç]ì°ì÷çG,4,29,0,0,1,0.1906896551724138,0,0,0,0,0,0,0,0,0,0,0.1950887573964497
5131,ç]ì°ì÷çG,5,38,1,1,4,0.1913157894736842,0,0,1,0,0,0,0,0,0,0,0.1950887573964497
5131,ç]ì°ì÷çG,6,36,0,0,1,0.1875,0,0,0,0,0,0,0,0,0,0,0.1950887573964497
5132,íÜñÏäÛàÍ,1,18,3,3,2,0.16666666666666666,2,0,0,0,1,0,3,6,4,0,0.14855614973262032
5132,íÜñÏäÛàÍ,2,26,1,4,11,0.14307692307692307,0,1,0,0,0,0,0,0,0,14,0.14855614973262032
5132,íÜñÏäÛàÍ,3,26,2,3,6,0.14192307692307693,0,1,1,0,0,0,0,0,0,0,0.14855614973262032
5132,íÜñÏäÛàÍ,4,38,3,6,5,0.14394736842105263,0,1,2,0,0,0,0,0,0,0,0.14855614973262032
5132,íÜñÏäÛàÍ,5,42,2,2,8,0.14404761904761904,0,0,0,1,1,0,0,0,0,0,0.14855614973262032
5132,íÜñÏäÛàÍ,6,37,0,3,6,0.1581081081081081,0,0,0,0,0,0,0,0,0,0,0.14855614973262032
5133,ñxâzóYãM,1,16,5,3,1,0.165625,5,0,0,0,0,0,2,5,3,0,0.18127659574468086
5133,ñxâzóYãM,2,21,2,1,2,0.14904761904761904,0,2,0,0,0,0,0,0,0,10,0.18127659574468086
5133,ñxâzóYãM,3,18,1,2,4,0.16333333333333333,0,0,1,0,0,0,0,0,0,0,0.18127659574468086
5133,ñxâzóYãM,4,60,1,6,8,0.18166666666666667,0,1,0,0,0,0,0,0,0,0,0.18127659574468086
5133,ñxâzóYãM,5,67,1,4,11,0.18492537313432836,0,0,0,1,0,0,0,0,0,0,0.18127659574468086
5133,ñxâzóYãM,6,53,0,1,9,0.19981132075471697,0,0,0,0,0,0,0,0,0,0,0.18127659574468086
5134,ëÂå¥èÀèπ,4,32,1,1,9,0.18031250000000001,0,0,0,1,0,0,0,0,0,0,0.1744736842105263
5134,ëÂå¥èÀèπ,5,52,2,0,8,0.1726923076923077,0,0,1,1,0,0,0,0,0,0,0.1744736842105263
5134,ëÂå¥èÀèπ,6,68,2,5,7,0.17308823529411765,0,0,0,0,2,0,0,0,0,0,0.1744736842105263
5135,íáçqëæ,1,18,3,2,1,0.165,2,0,0,0,0,1,3,7,3,0,0.19592964824120604
5135,íáçqëæ,2,28,3,3,4,0.1985714285714286,0,3,0,0,0,0,0,0,0,10,0.19592964824120604
5135,íáçqëæ,3,27,0,2,6,0.17407407407407408,0,0,0,0,0,0,0,0,0,0,0.19592964824120604
5135,íáçqëæ,4,43,2,3,4,0.19697674418604652,0,0,0,2,0,0,0,0,0,0,0.19592964824120604
5135,íáçqëæ,5,42,2,3,7,0.19238095238095237,0,0,0,1,0,1,0,0,0,0,0.19592964824120604
5135,íáçqëæ,6,41,0,2,3,0.22463414634146345,0,0,0,0,0,0,0,0,0,0,0.19592964824120604
5136,‡_ñÏìlîn,1,14,7,2,4,0.17214285714285715,7,0,0,0,0,0,1,0,2,0,0.17177777777777778
5136,‡_ñÏìlîn,2,27,3,3,6,0.18222222222222223,0,2,1,0,0,0,0,0,0,14,0.17177777777777778
5136,‡_ñÏìlîn,3,21,3,8,2,0.14095238095238094,0,0,2,1,0,0,0,0,0,0,0.17177777777777778
5136,‡_ñÏìlîn,4,35,4,5,5,0.16228571428571428,0,0,3,1,0,0,0,0,0,0,0.17177777777777778
5136,‡_ñÏìlîn,5,37,1,4,4,0.17945945945945946,0,0,1,0,0,0,0,0,0,0,0.17177777777777778
5136,‡_ñÏìlîn,6,46,3,5,5,0.1806521739130435,0,0,2,0,1,0,0,0,0,0,0.17177777777777778
5137,êÏå¥ó¡,1,2,0,0,0,0.155,0,0,0,0,0,0,1,0,1,0,0.17951724137931035
5137,êÏå¥ó¡,2,4,0,0,3,0.2025,0,0,0,0,0,0,0,0,0,2,0.17951724137931035
5137,êÏå¥ó¡,3,5,0,0,1,0.288,0,0,0,0,0,0,0,0,0,0,0.17951724137931035
5137,êÏå¥ó¡,4,29,0,2,5,0.18586206896551724,0,0,0,0,0,0,0,0,0,0,0.17951724137931035
5137,êÏå¥ó¡,5,43,2,3,3,0.1686046511627907,0,1,0,1,0,0,0,0,0,0,0.17951724137931035
5137,êÏå¥ó¡,6,62,0,1,7,0.17467741935483871,0,0,0,0,0,0,0,0,0,0,0.17951724137931035
5138,ë∫ñ{ëÂê¨,1,5,0,0,0,0.278,0,0,0,0,0,0,0,4,1,0,0.167248322147651
5138,ë∫ñ{ëÂê¨,2,18,1,1,2,0.15944444444444444,0,0,1,0,0,0,0,0,0,6,0.167248322147651
5138,ë∫ñ{ëÂê¨,3,24,0,0,3,0.15916666666666665,0,0,0,0,0,0,0,0,0,0,0.167248322147651
5138,ë∫ñ{ëÂê¨,4,23,0,2,1,0.15739130434782608,0,0,0,0,0,0,0,0,0,0,0.167248322147651
5138,ë∫ñ{ëÂê¨,5,29,0,1,0,0.17896551724137932,0,0,0,0,0,0,0,0,0,0,0.167248322147651
5138,ë∫ñ{ëÂê¨,6,50,0,1,0,0.1606,0,0,0,0,0,0,0,0,0,0,0.167248322147651
5139,ëÂèÍçPãG,1,13,5,2,2,0.2246153846153846,4,0,0,0,1,0,2,4,2,0,0.203757225433526
5139,ëÂèÍçPãG,2,19,2,3,2,0.2026315789473684,0,1,1,0,0,0,0,0,0,4,0.203757225433526
5139,ëÂèÍçPãG,3,18,0,3,4,0.20666666666666667,0,0,0,0,0,0,0,0,0,0,0.203757225433526
5139,ëÂèÍçPãG,4,38,4,3,9,0.1936842105263158,0,1,1,2,0,0,0,0,0,0,0.203757225433526
5139,ëÂèÍçPãG,5,37,1,2,4,0.20135135135135135,0,0,0,1,0,0,0,0,0,0,0.203757225433526
5139,ëÂèÍçPãG,6,48,0,1,5,0.20729166666666665,0,0,0,0,0,0,0,0,0,0,0.203757225433526
5140,ãgìcç îT,1,1,0,0,0,0.21,0,0,0,0,0,0,0,0,1,0,0.2137190082644628
5140,ãgìcç îT,2,6,0,1,1,0.23833333333333337,0,0,0,0,0,0,0,0,0,3,0.2137190082644628
5140,ãgìcç îT,3,16,0,3,1,0.2075,0,0,0,0,0,0,0,0,0,0,0.2137190082644628
5140,ãgìcç îT,4,28,0,1,0,0.2057142857142857,0,0,0,0,0,0,0,0,0,0,0.2137190082644628
5140,ãgìcç îT,5,33,1,0,0,0.2109090909090909,0,0,0,1,0,0,0,0,0,0,0.2137190082644628
5140,ãgìcç îT,6,37,0,0,2,0.22108108108108107,0,0,0,0,0,0,0,0,0,0,0.2137190082644628
5141,ëÂ‡Vïóà®,1,22,10,3,5,0.1622727272727273,9,0,0,0,1,0,2,6,2,0,0.18093333333333333
5141,ëÂ‡Vïóà®,2,29,4,4,7,0.19137931034482758,0,2,2,0,0,0,0,0,0,14,0.18093333333333333
5141,ëÂ‡Vïóà®,3,28,5,4,4,0.16535714285714284,0,1,1,2,1,0,0,0,0,0,0.18093333333333333
5141,ëÂ‡Vïóà®,4,27,1,7,6,0.19925925925925925,0,0,0,0,1,0,0,0,0,0,0.18093333333333333
5141,ëÂ‡Vïóà®,5,24,0,2,6,0.1691666666666667,0,0,0,0,0,0,0,0,0,0,0.18093333333333333
5141,ëÂ‡Vïóà®,6,20,0,2,2,0.1975,0,0,0,0,0,0,0,0,0,0,0.18093333333333333
5142,èÌèZò@,1,19,12,1,2,0.13736842105263158,11,0,0,0,1,0,2,3,2,0,0.15418918918918917
5142,èÌèZò@,2,29,2,11,5,0.1417241379310345,0,1,0,0,1,0,0,0,0,23,0.15418918918918917
5142,èÌèZò@,3,30,4,6,9,0.17066666666666666,0,0,1,3,0,0,0,0,0,0,0.15418918918918917
5142,èÌèZò@,4,48,8,9,16,0.14708333333333334,0,0,2,5,1,0,0,0,0,0,0.15418918918918917
5142,èÌèZò@,5,46,3,11,8,0.15869565217391304,0,0,0,2,1,0,0,0,0,0,0.15418918918918917
5142,èÌèZò@,6,50,1,4,11,0.1606,0,1,0,0,0,0,0,0,0,0,0.15418918918918917
5143,èÌî’äCêS,1,16,6,1,1,0.205625,6,0,0,0,0,0,0,6,2,0,0.17507936507936508
5143,èÌî’äCêS,2,29,1,8,5,0.19482758620689655,0,0,1,0,0,0,0,0,0,17,0.17507936507936508
5143,èÌî’äCêS,3,31,2,7,7,0.16903225806451613,0,0,1,1,0,0,0,0,0,0,0.17507936507936508
5143,èÌî’äCêS,4,41,2,5,2,0.1675609756097561,0,0,2,0,0,0,0,0,0,0,0.17507936507936508
5143,èÌî’äCêS,5,33,0,2,4,0.18212121212121213,0,0,0,0,0,0,0,0,0,0,0.17507936507936508
5143,èÌî’äCêS,6,39,3,2,4,0.15461538461538463,0,0,2,1,0,0,0,0,0,0,0.17507936507936508
5144,íÜîˆç çÅ,1,8,1,0,0,0.21875,1,0,0,0,0,0,2,5,0,0,0.21829787234042555
5144,íÜîˆç çÅ,2,14,0,3,0,0.23214285714285715,0,0,0,0,0,0,0,0,0,4,0.21829787234042555
5144,íÜîˆç çÅ,3,16,2,0,0,0.245,0,0,0,1,1,0,0,0,0,0,0.21829787234042555
5144,íÜîˆç çÅ,4,26,2,0,1,0.20346153846153847,0,0,1,1,0,0,0,0,0,0,0.21829787234042555
5144,íÜîˆç çÅ,5,36,0,0,4,0.21333333333333332,0,0,0,0,0,0,0,0,0,0,0.21829787234042555
5144,íÜîˆç çÅ,6,41,0,0,0,0.21682926829268295,0,0,0,0,0,0,0,0,0,0,0.21829787234042555
5145,ìáêÏäCãP,3,1,0,0,0,0.2,0,0,0,0,0,0,0,0,0,0,0.17446808510638295
5145,ìáêÏäCãP,4,39,0,4,5,0.18205128205128204,0,0,0,0,0,0,0,0,0,0,0.17446808510638295
5145,ìáêÏäCãP,5,58,3,1,7,0.17775862068965517,0,0,0,3,0,0,0,0,0,0,0.17446808510638295
5145,ìáêÏäCãP,6,90,0,5,4,0.16877777777777778,0,0,0,0,0,0,0,0,0,0,0.17446808510638295
5146,ñÏìcç â¡,4,53,4,4,12,0.19603773584905662,0,1,2,1,0,0,0,0,0,0,0.18347593582887703
5146,ñÏìcç â¡,5,56,2,2,5,0.1705357142857143,0,1,1,0,0,0,0,0,0,0,0.18347593582887703
5146,ñÏìcç â¡,6,78,0,4,10,0.18423076923076923,0,0,0,0,0,0,0,0,0,0,0.18347593582887703
5147,ìcíÜóEï„,1,10,0,1,2,0.15,0,0,0,0,0,0,2,4,3,0,0.1823648648648649
5147,ìcíÜóEï„,2,13,0,0,1,0.2107692307692308,0,0,0,0,0,0,0,0,0,3,0.1823648648648649
5147,ìcíÜóEï„,3,10,0,0,0,0.189,0,0,0,0,0,0,0,0,0,0,0.1823648648648649
5147,ìcíÜóEï„,4,37,1,1,1,0.1910810810810811,0,0,1,0,0,0,0,0,0,0,0.1823648648648649
5147,ìcíÜóEï„,5,40,0,1,0,0.18025,0,0,0,0,0,0,0,0,0,0,0.1823648648648649
5147,ìcíÜóEï„,6,38,0,0,1,0.1731578947368421,0,0,0,0,0,0,0,0,0,0,0.1823648648648649
5148,èºñ{óÂ,4,37,1,1,7,0.2072972972972973,0,0,0,1,0,0,0,0,0,0,0.2097311827956989
5148,èºñ{óÂ,5,57,1,2,2,0.18719298245614036,0,0,0,1,0,0,0,0,0,0,0.2097311827956989
5148,èºñ{óÂ,6,92,0,1,3,0.22467391304347828,0,0,0,0,0,0,0,0,0,0,0.2097311827956989
5150,ç‚ñ{óYãI,4,35,7,4,0,0.15285714285714286,0,2,3,2,0,0,0,0,0,0,0.1592982456140351
5150,ç‚ñ{óYãI,5,60,2,5,6,0.15983333333333333,0,0,2,0,0,0,0,0,0,0,0.1592982456140351
5150,ç‚ñ{óYãI,6,76,3,3,2,0.1618421052631579,0,0,0,3,0,0,0,0,0,0,0.1592982456140351
5151,éRâ∫ìﬁèè,1,3,1,0,0,0.21,1,0,0,0,0,0,0,0,0,0,0.2338095238095238
5151,éRâ∫ìﬁèè,2,5,0,1,0,0.22400000000000003,0,0,0,0,0,0,0,0,0,3,0.2338095238095238
5151,éRâ∫ìﬁèè,3,4,0,0,0,0.245,0,0,0,0,0,0,0,0,0,0,0.2338095238095238
5151,éRâ∫ìﬁèè,4,29,0,0,1,0.2306896551724138,0,0,0,0,0,0,0,0,0,0,0.2338095238095238
5151,éRâ∫ìﬁèè,5,48,0,1,0,0.2297916666666667,0,0,0,0,0,0,0,0,0,0,0.2338095238095238
5151,éRâ∫ìﬁèè,6,58,0,0,0,0.24,0,0,0,0,0,0,0,0,0,0,0.2338095238095238
5152,ä€éRóSñÁ,1,1,0,1,0,0.22,0,0,0,0,0,0,1,0,0,0,0.20535433070866144
5152,ä€éRóSñÁ,2,2,0,0,0,0.115,0,0,0,0,0,0,0,0,0,2,0.20535433070866144
5152,ä€éRóSñÁ,3,1,0,0,0,0.28,0,0,0,0,0,0,0,0,0,0,0.20535433070866144
5152,ä€éRóSñÁ,4,20,0,0,0,0.1655,0,0,0,0,0,0,0,0,0,0,0.20535433070866144
5152,ä€éRóSñÁ,5,39,0,0,0,0.21,0,0,0,0,0,0,0,0,0,0,0.20535433070866144
5152,ä€éRóSñÁ,6,64,1,2,0,0.21640625,0,0,0,0,0,1,0,0,0,0,0.20535433070866144
5153,ç≤ì°ÇŸÇÃÇ©,1,3,0,0,0,0.22,0,0,0,0,0,0,1,2,0,0,0.18553719008264463
5153,ç≤ì°ÇŸÇÃÇ©,2,3,0,0,0,0.22333333333333336,0,0,0,0,0,0,0,0,0,2,0.18553719008264463
5153,ç≤ì°ÇŸÇÃÇ©,3,3,0,0,0,0.16,0,0,0,0,0,0,0,0,0,0,0.18553719008264463
5153,ç≤ì°ÇŸÇÃÇ©,4,19,0,1,1,0.20789473684210527,0,0,0,0,0,0,0,0,0,0,0.18553719008264463
5153,ç≤ì°ÇŸÇÃÇ©,5,31,1,0,0,0.1870967741935484,0,0,1,0,0,0,0,0,0,0,0.18553719008264463
5153,ç≤ì°ÇŸÇÃÇ©,6,62,2,3,0,0.1756451612903226,0,0,2,0,0,0,0,0,0,0,0.18553719008264463
5154,ë∫èºâhëæ,4,39,1,2,5,0.1630769230769231,0,0,1,0,0,0,0,0,0,0,0.1583734939759036
5154,ë∫èºâhëæ,5,50,2,0,5,0.16,0,0,1,1,0,0,0,0,0,0,0.1583734939759036
5154,ë∫èºâhëæ,6,77,1,1,3,0.15493506493506493,0,0,0,0,1,0,0,0,0,0,0.1583734939759036
5155,ì‡éRéµäC,1,3,0,0,0,0.26666666666666666,0,0,0,0,0,0,0,2,1,0,0.18674757281553397
5155,ì‡éRéµäC,2,7,0,1,1,0.19999999999999998,0,0,0,0,0,0,0,0,0,4,0.18674757281553397
5155,ì‡éRéµäC,3,11,0,1,1,0.14454545454545456,0,0,0,0,0,0,0,0,0,0,0.18674757281553397
5155,ì‡éRéµäC,4,34,1,3,0,0.18323529411764708,0,0,1,0,0,0,0,0,0,0,0.18674757281553397
5155,ì‡éRéµäC,5,61,1,2,2,0.18081967213114752,0,0,1,0,0,0,0,0,0,0,0.18674757281553397
5155,ì‡éRéµäC,6,90,0,2,3,0.19355555555555556,0,0,0,0,0,0,0,0,0,0,0.18674757281553397
5156,ç‚ñÏÇ≥Ç≠ÇÁ,4,29,0,0,2,0.18172413793103448,0,0,0,0,0,0,0,0,0,0,0.16597701149425287
5156,ç‚ñÏÇ≥Ç≠ÇÁ,5,55,1,1,1,0.16472727272727275,0,0,0,1,0,0,0,0,0,0,0.16597701149425287
5156,ç‚ñÏÇ≥Ç≠ÇÁ,6,90,0,2,2,0.16166666666666668,0,0,0,0,0,0,0,0,0,0,0.16597701149425287
5157,ésêÏåíëæ,4,44,1,0,4,0.17386363636363636,0,1,0,0,0,0,0,0,0,0,0.1687116564417178
5157,ésêÏåíëæ,5,56,3,1,4,0.15660714285714286,0,0,1,2,0,0,0,0,0,0,0.1687116564417178
5157,ésêÏåíëæ,6,63,1,2,10,0.17587301587301588,0,0,1,0,0,0,0,0,0,0,0.1687116564417178
5158,ã{òeó…ëæ,1,1,0,0,0,0.18,0,0,0,0,0,0,1,0,0,0,0.1506989247311828
5158,ã{òeó…ëæ,2,3,0,0,0,0.15333333333333335,0,0,0,0,0,0,0,0,0,2,0.1506989247311828
5158,ã{òeó…ëæ,3,3,0,0,1,0.12666666666666668,0,0,0,0,0,0,0,0,0,0,0.1506989247311828
5158,ã{òeó…ëæ,4,35,0,1,3,0.1482857142857143,0,0,0,0,0,0,0,0,0,0,0.1506989247311828
5158,ã{òeó…ëæ,5,52,2,0,4,0.14557692307692308,0,0,1,1,0,0,0,0,0,0,0.1506989247311828
5158,ã{òeó…ëæ,6,92,0,1,8,0.15489130434782608,0,0,0,0,0,0,0,0,0,0,0.1506989247311828
5159,ä}ä‘åõç∆,2,2,0,0,1,0.155,0,0,0,0,0,0,0,0,0,1,0.22543478260869568
5159,ä}ä‘åõç∆,3,4,0,0,0,0.28,0,0,0,0,0,0,0,0,0,0,0.22543478260869568
5159,ä}ä‘åõç∆,4,15,0,0,1,0.2086666666666667,0,0,0,0,0,0,0,0,0,0,0.22543478260869568
5159,ä}ä‘åõç∆,5,33,1,1,0,0.22,0,1,0,0,0,0,0,0,0,0,0.22543478260869568
5159,ä}ä‘åõç∆,6,38,0,0,2,0.23473684210526316,0,0,0,0,0,0,0,0,0,0,0.22543478260869568
5160,ì°êXó§ìl,1,9,2,0,0,0.22444444444444445,1,0,0,0,1,0,1,4,1,0,0.1722360248447205
5160,ì°êXó§ìl,2,15,1,2,0,0.16266666666666665,0,0,1,0,0,0,0,0,0,4,0.1722360248447205
5160,ì°êXó§ìl,3,13,1,0,2,0.15923076923076923,0,0,1,0,0,0,0,0,0,0,0.1722360248447205
5160,ì°êXó§ìl,4,23,3,0,4,0.15608695652173912,0,0,2,1,0,0,0,0,0,0,0.1722360248447205
5160,ì°êXó§ìl,5,45,1,0,2,0.1726666666666667,0,0,0,1,0,0,0,0,0,0,0.1722360248447205
5160,ì°êXó§ìl,6,56,0,3,7,0.1757142857142857,0,0,0,0,0,0,0,0,0,0,0.1722360248447205
5161,ìoã îπïS,1,14,5,2,0,0.15571428571428572,5,0,0,0,0,0,1,5,2,0,0.1508080808080808
5161,ìoã îπïS,2,23,2,3,3,0.14608695652173914,0,2,0,0,0,0,0,0,0,11,0.1508080808080808
5161,ìoã îπïS,3,22,2,3,0,0.18409090909090908,0,0,1,1,0,0,0,0,0,0,0.1508080808080808
5161,ìoã îπïS,4,46,2,5,4,0.15630434782608696,0,0,0,2,0,0,0,0,0,0,0.1508080808080808
5161,ìoã îπïS,5,45,0,1,9,0.14311111111111113,0,0,0,0,0,0,0,0,0,0,0.1508080808080808
5161,ìoã îπïS,6,48,0,4,7,0.13833333333333334,0,0,0,0,0,0,0,0,0,0,0.1508080808080808
5162,èºîˆóÂé¿,3,4,1,0,0,0.185,0,0,0,1,0,0,0,0,0,0,0.21560509554140128
5162,èºîˆóÂé¿,4,23,1,1,1,0.2039130434782609,0,0,0,1,0,0,0,0,0,0,0.21560509554140128
5162,èºîˆóÂé¿,5,47,0,1,2,0.22957446808510637,0,0,0,0,0,0,0,0,0,0,0.21560509554140128
5162,èºîˆóÂé¿,6,83,0,0,3,0.21240963855421685,0,0,0,0,0,0,0,0,0,0,0.21560509554140128
5163,ê¥êÖà§äC,1,5,3,1,1,0.244,2,0,0,0,1,0,1,0,0,0,0.19154589371980676
5163,ê¥êÖà§äC,2,9,2,0,3,0.16,0,1,1,0,0,0,0,0,0,3,0.19154589371980676
5163,ê¥êÖà§äC,3,18,6,0,1,0.185,0,1,2,2,0,1,0,0,0,0,0.19154589371980676
5163,ê¥êÖà§äC,4,46,3,7,7,0.17695652173913046,0,1,1,0,1,0,0,0,0,0,0.19154589371980676
5163,ê¥êÖà§äC,5,57,3,4,8,0.1892982456140351,0,0,0,2,0,1,0,0,0,0,0.19154589371980676
5163,ê¥êÖà§äC,6,72,1,2,9,0.20458333333333334,0,0,0,0,1,0,0,0,0,0,0.19154589371980676
5164,êXìcóúåŒ,1,4,0,1,0,0.3625,0,0,0,0,0,0,2,1,0,0,0.231027397260274
5164,êXìcóúåŒ,2,7,0,0,0,0.22,0,0,0,0,0,0,0,0,0,3,0.231027397260274
5164,êXìcóúåŒ,3,11,0,0,0,0.2409090909090909,0,0,0,0,0,0,0,0,0,0,0.231027397260274
5164,êXìcóúåŒ,4,20,0,0,0,0.22549999999999998,0,0,0,0,0,0,0,0,0,0,0.231027397260274
5164,êXìcóúåŒ,5,39,0,0,0,0.2228205128205128,0,0,0,0,0,0,0,0,0,0,0.231027397260274
5164,êXìcóúåŒ,6,65,0,0,0,0.2290769230769231,0,0,0,0,0,0,0,0,0,0,0.231027397260274
5165,è¨ó—à§é¿,4,17,1,2,0,0.21294117647058824,0,0,0,1,0,0,0,0,0,0,0.20333333333333337
5165,è¨ó—à§é¿,5,70,0,1,3,0.20242857142857143,0,0,0,0,0,0,0,0,0,0,0.20333333333333337
5165,è¨ó—à§é¿,6,117,0,0,9,0.2024786324786325,0,0,0,0,0,0,0,0,0,0,0.20333333333333337
5166,íáìπëÂï„,3,1,0,0,0,0.25,0,0,0,0,0,0,0,0,0,0,0.17484615384615385
5166,íáìπëÂï„,4,32,1,4,2,0.176875,0,0,1,0,0,0,0,0,0,0,0.17484615384615385
5166,íáìπëÂï„,5,44,0,4,8,0.1593181818181818,0,0,0,0,0,0,0,0,0,0,0.17484615384615385
5166,íáìπëÂï„,6,53,0,2,6,0.18509433962264152,0,0,0,0,0,0,0,0,0,0,0.17484615384615385
5167,è¨êÏó≥ëæòN,1,11,6,0,1,0.14363636363636365,6,0,0,0,0,0,3,1,0,0,0.1613291139240506
5167,è¨êÏó≥ëæòN,2,16,0,0,0,0.1725,0,0,0,0,0,0,0,0,0,11,0.1613291139240506
5167,è¨êÏó≥ëæòN,3,19,1,1,1,0.1563157894736842,0,0,1,0,0,0,0,0,0,0,0.1613291139240506
5167,è¨êÏó≥ëæòN,4,35,0,2,6,0.17200000000000001,0,0,0,0,0,0,0,0,0,0,0.1613291139240506
5167,è¨êÏó≥ëæòN,5,38,0,1,4,0.15947368421052632,0,0,0,0,0,0,0,0,0,0,0.1613291139240506
5167,è¨êÏó≥ëæòN,6,39,0,0,5,0.1564102564102564,0,0,0,0,0,0,0,0,0,0,0.1613291139240506
5168,írìcÇ»Ç»,4,19,0,0,0,0.21736842105263157,0,0,0,0,0,0,0,0,0,0,0.18779816513761466
5168,írìcÇ»Ç»,5,40,2,0,4,0.18050000000000002,0,0,2,0,0,0,0,0,0,0,0.18779816513761466
5168,írìcÇ»Ç»,6,50,1,2,0,0.18239999999999998,0,0,1,0,0,0,0,0,0,0,0.18779816513761466
5169,ñxñ{„ƒëæ,1,6,1,2,0,0.255,1,0,0,0,0,0,2,3,0,0,0.206319018404908
5169,ñxñ{„ƒëæ,2,14,1,0,2,0.2592857142857143,0,0,1,0,0,0,0,0,0,8,0.206319018404908
5169,ñxñ{„ƒëæ,3,11,0,1,2,0.25545454545454543,0,0,0,0,0,0,0,0,0,0,0.206319018404908
5169,ñxñ{„ƒëæ,4,43,3,2,3,0.19116279069767445,0,0,1,2,0,0,0,0,0,0,0.206319018404908
5169,ñxñ{„ƒëæ,5,49,0,1,3,0.1989795918367347,0,0,0,0,0,0,0,0,0,0,0.206319018404908
5169,ñxñ{„ƒëæ,6,40,1,2,3,0.19225,0,0,0,1,0,0,0,0,0,0,0.206319018404908
5170,ç≤ì°ëæó∫,4,36,0,2,0,0.17194444444444446,0,0,0,0,0,0,0,0,0,0,0.1703763440860215
5170,ç≤ì°ëæó∫,5,58,0,2,4,0.17051724137931035,0,0,0,0,0,0,0,0,0,0,0.1703763440860215
5170,ç≤ì°ëæó∫,6,92,1,1,6,0.16967391304347826,0,0,0,1,0,0,0,0,0,0,0.1703763440860215
5171,ê¥êÖñ¢óB,2,1,0,0,0,0.2,0,0,0,0,0,0,0,0,0,0,0.18453947368421053
5171,ê¥êÖñ¢óB,3,9,0,1,1,0.19,0,0,0,0,0,0,0,0,0,0,0.18453947368421053
5171,ê¥êÖñ¢óB,4,39,0,0,5,0.17743589743589744,0,0,0,0,0,0,0,0,0,0,0.18453947368421053
5171,ê¥êÖñ¢óB,5,46,0,2,4,0.18434782608695652,0,0,0,0,0,0,0,0,0,0,0.18453947368421053
5171,ê¥êÖñ¢óB,6,57,1,1,5,0.18842105263157896,0,0,1,0,0,0,0,0,0,0,0.18453947368421053
5172,ìcë∫åc,1,4,2,0,0,0.1525,2,0,0,0,0,0,0,1,0,0,0.16901477832512316
5172,ìcë∫åc,2,8,1,1,2,0.11875,0,0,1,0,0,0,0,0,0,6,0.16901477832512316
5172,ìcë∫åc,3,9,3,1,0,0.16444444444444445,0,1,1,0,1,0,0,0,0,0,0.16901477832512316
5172,ìcë∫åc,4,57,4,4,10,0.16912280701754387,0,0,3,1,0,0,0,0,0,0,0.16901477832512316
5172,ìcë∫åc,5,57,0,1,7,0.17210526315789473,0,0,0,0,0,0,0,0,0,0,0.16901477832512316
5172,ìcë∫åc,6,68,0,0,5,0.1738235294117647,0,0,0,0,0,0,0,0,0,0,0.16901477832512316
5173,íJå˚â¿ò@,1,13,4,4,2,0.16538461538461538,4,0,0,0,0,0,3,5,1,0,0.1558125
5173,íJå˚â¿ò@,2,22,1,2,3,0.125,0,1,0,0,0,0,0,0,0,16,0.1558125
5173,íJå˚â¿ò@,3,26,2,4,0,0.15384615384615385,0,0,2,0,0,0,0,0,0,0,0.1558125
5173,íJå˚â¿ò@,4,28,1,2,1,0.1392857142857143,0,0,1,0,0,0,0,0,0,0,0.1558125
5173,íJå˚â¿ò@,5,33,1,0,2,0.1803030303030303,0,0,0,0,1,0,0,0,0,0,0.1558125
5173,íJå˚â¿ò@,6,38,0,0,1,0.16263157894736843,0,0,0,0,0,0,0,0,0,0,0.1558125
5174,êÏà‰ñG,1,6,3,0,0,0.17333333333333334,2,0,0,0,1,0,0,3,0,0,0.17393617021276597
5174,êÏà‰ñG,2,6,1,2,0,0.15166666666666667,0,1,0,0,0,0,0,0,0,3,0.17393617021276597
5174,êÏà‰ñG,3,25,5,2,4,0.1684,0,0,5,0,0,0,0,0,0,0,0.17393617021276597
5174,êÏà‰ñG,4,45,3,4,3,0.1811111111111111,0,0,3,0,0,0,0,0,0,0,0.17393617021276597
5174,êÏà‰ñG,5,44,2,1,7,0.1690909090909091,0,0,2,0,0,0,0,0,0,0,0.17393617021276597
5174,êÏà‰ñG,6,62,0,1,5,0.17661290322580644,0,0,0,0,0,0,0,0,0,0,0.17393617021276597
5175,ìáçËè‰àÍòN,3,4,0,0,0,0.14,0,0,0,0,0,0,0,0,0,0,0.19916666666666666
5175,ìáçËè‰àÍòN,4,20,0,0,0,0.20049999999999998,0,0,0,0,0,0,0,0,0,0,0.19916666666666666
5175,ìáçËè‰àÍòN,5,41,1,1,0,0.19097560975609756,0,0,0,1,0,0,0,0,0,0,0.19916666666666666
5175,ìáçËè‰àÍòN,6,55,0,0,1,0.20909090909090908,0,0,0,0,0,0,0,0,0,0,0.19916666666666666
5176,êŒëqëÒî¸,4,5,0,0,0,0.186,0,0,0,0,0,0,0,0,0,0,0.16641975308641976
5176,êŒëqëÒî¸,5,50,0,0,0,0.151,0,0,0,0,0,0,0,0,0,0,0.16641975308641976
5176,êŒëqëÒî¸,6,107,0,0,1,0.1727102803738318,0,0,0,0,0,0,0,0,0,0,0.16641975308641976
5177,èºà‰ä—ëæ,4,13,0,0,0,0.15923076923076923,0,0,0,0,0,0,0,0,0,0,0.1868361581920904
5177,èºà‰ä—ëæ,5,58,0,0,0,0.20275862068965517,0,0,0,0,0,0,0,0,0,0,0.1868361581920904
5177,èºà‰ä—ëæ,6,106,0,2,1,0.18150943396226413,0,0,0,0,0,0,0,0,0,0,0.1868361581920904
5178,ê¨íÂó‘ïΩ,4,49,0,2,4,0.19428571428571428,0,0,0,0,0,0,0,0,0,0,0.20712962962962964
5178,ê¨íÂó‘ïΩ,5,76,0,0,2,0.2055263157894737,0,0,0,0,0,0,0,0,0,0,0.20712962962962964
5178,ê¨íÂó‘ïΩ,6,91,0,0,1,0.2153846153846154,0,0,0,0,0,0,0,0,0,0,0.20712962962962964
5179,ì°ñ{å≥ãP,4,11,0,0,0,0.1990909090909091,0,0,0,0,0,0,0,0,0,0,0.1764233576642336
5179,ì°ñ{å≥ãP,5,42,0,1,0,0.17595238095238097,0,0,0,0,0,0,0,0,0,0,0.1764233576642336
5179,ì°ñ{å≥ãP,6,84,0,0,1,0.1736904761904762,0,0,0,0,0,0,0,0,0,0,0.1764233576642336
5180,ì°ñ{é—ñÌçÅ,4,16,0,1,2,0.15375,0,0,0,0,0,0,0,0,0,0,0.1736842105263158
5180,ì°ñ{é—ñÌçÅ,5,47,0,0,0,0.17659574468085107,0,0,0,0,0,0,0,0,0,0,0.1736842105263158
5180,ì°ñ{é—ñÌçÅ,6,70,1,0,3,0.1762857142857143,0,0,0,1,0,0,0,0,0,0,0.1736842105263158
5181,êXíqç∆,4,16,0,0,0,0.198125,0,0,0,0,0,0,0,0,0,0,0.1736559139784946
5181,êXíqç∆,5,61,1,2,3,0.1677049180327869,0,0,1,0,0,0,0,0,0,0,0.1736559139784946
5181,êXíqç∆,6,109,0,1,6,0.17339449541284405,0,0,0,0,0,0,0,0,0,0,0.1736559139784946
5182,ã{çËà¿ìﬁ,4,45,1,0,1,0.20977777777777776,0,0,1,0,0,0,0,0,0,0,0.21701149425287355
5182,ã{çËà¿ìﬁ,5,60,0,1,1,0.21016666666666667,0,0,0,0,0,0,0,0,0,0,0.21701149425287355
5182,ã{çËà¿ìﬁ,6,69,0,0,0,0.22768115942028988,0,0,0,0,0,0,0,0,0,0,0.21701149425287355
5183,íÜñÏçFìÒ,4,23,0,1,2,0.16478260869565217,0,0,0,0,0,0,0,0,0,0,0.165
5183,íÜñÏçFìÒ,5,43,0,0,1,0.17116279069767443,0,0,0,0,0,0,0,0,0,0,0.165
5183,íÜñÏçFìÒ,6,66,0,0,4,0.16106060606060607,0,0,0,0,0,0,0,0,0,0,0.165
5184,î—íÀãø,4,29,0,1,2,0.23241379310344829,0,0,0,0,0,0,0,0,0,0,0.20954545454545456
5184,î—íÀãø,5,43,0,1,0,0.19930232558139535,0,0,0,0,0,0,0,0,0,0,0.20954545454545456
5184,î—íÀãø,6,82,0,0,0,0.20682926829268294,0,0,0,0,0,0,0,0,0,0,0.20954545454545456
5185,â¡ì°óDñÌ,4,30,2,2,6,0.16566666666666666,0,0,2,0,0,0,0,0,0,0,0.17326530612244898
5185,â¡ì°óDñÌ,5,47,1,1,1,0.16063829787234044,0,0,0,0,1,0,0,0,0,0,0.17326530612244898
5185,â¡ì°óDñÌ,6,70,0,0,5,0.185,0,0,0,0,0,0,0,0,0,0,0.17326530612244898
5186,âìì°å\å·,4,24,0,0,2,0.14625000000000002,0,0,0,0,0,0,0,0,0,0,0.17845714285714287
5186,âìì°å\å·,5,58,1,3,6,0.17844827586206896,0,0,0,1,0,0,0,0,0,0,0.17845714285714287
5186,âìì°å\å·,6,93,0,3,8,0.18677419354838712,0,0,0,0,0,0,0,0,0,0,0.17845714285714287
5187,è¨ç‚ïóëæ,4,25,0,3,3,0.2724,0,0,0,0,0,0,0,0,0,0,0.2506666666666667
5187,è¨ç‚ïóëæ,5,41,0,3,4,0.19780487804878047,0,0,0,0,0,0,0,0,0,0,0.2506666666666667
5187,è¨ç‚ïóëæ,6,54,0,0,3,0.28074074074074074,0,0,0,0,0,0,0,0,0,0,0.2506666666666667
5188,ïêà‰‰ªó¢â¿,4,11,0,1,0,0.25363636363636366,0,0,0,0,0,0,0,0,0,0,0.22891156462585033
5188,ïêà‰‰ªó¢â¿,5,47,1,0,1,0.22319148936170213,0,0,0,1,0,0,0,0,0,0,0.22891156462585033
5188,ïêà‰‰ªó¢â¿,6,89,0,0,4,0.22887640449438204,0,0,0,0,0,0,0,0,0,0,0.22891156462585033
5189,ì°å¥ëÅçÿ,4,17,0,0,0,0.23588235294117646,0,0,0,0,0,0,0,0,0,0,0.21114864864864866
5189,ì°å¥ëÅçÿ,5,54,0,0,0,0.2,0,0,0,0,0,0,0,0,0,0,0.21114864864864866
5189,ì°å¥ëÅçÿ,6,77,0,1,0,0.21350649350649353,0,0,0,0,0,0,0,0,0,0,0.21114864864864866
5190,ëÂåéóVâÎ,4,23,0,0,0,0.17391304347826086,0,0,0,0,0,0,0,0,0,0,0.16787234042553192
5190,ëÂåéóVâÎ,5,41,0,1,3,0.17853658536585368,0,0,0,0,0,0,0,0,0,0,0.16787234042553192
5190,ëÂåéóVâÎ,6,77,0,0,4,0.1603896103896104,0,0,0,0,0,0,0,0,0,0,0.16787234042553192
5191,îÚìcç]å»,1,1,0,0,0,0.16,0,0,0,0,0,0,1,0,0,0,0.1826751592356688
5191,îÚìcç]å»,2,2,0,0,0,0.18,0,0,0,0,0,0,0,0,0,0,0.1826751592356688
5191,îÚìcç]å»,3,1,0,0,0,0.21,0,0,0,0,0,0,0,0,0,0,0.1826751592356688
5191,îÚìcç]å»,4,34,2,3,3,0.17558823529411763,0,1,1,0,0,0,0,0,0,0,0.1826751592356688
5191,îÚìcç]å»,5,57,2,3,6,0.19385964912280704,0,1,1,0,0,0,0,0,0,0,0.1826751592356688
5191,îÚìcç]å»,6,62,2,1,2,0.17629032258064517,0,0,1,0,1,0,0,0,0,0,0.1826751592356688
5192,íÜîˆóDçÅ,4,19,0,1,1,0.20421052631578948,0,0,0,0,0,0,0,0,0,0,0.20217054263565892
5192,íÜîˆóDçÅ,5,40,0,0,1,0.2015,0,0,0,0,0,0,0,0,0,0,0.20217054263565892
5192,íÜîˆóDçÅ,6,70,0,0,0,0.202,0,0,0,0,0,0,0,0,0,0,0.20217054263565892
5193,ïƒä€îTäG,4,19,0,0,1,0.15789473684210525,0,0,0,0,0,0,0,0,0,0,0.18588235294117647
5193,ïƒä€îTäG,5,45,2,2,1,0.1808888888888889,0,0,1,1,0,0,0,0,0,0,0.18588235294117647
5193,ïƒä€îTäG,6,72,0,0,2,0.1963888888888889,0,0,0,0,0,0,0,0,0,0,0.18588235294117647
5194,ëÂãvï€óCçÅ,4,28,0,0,3,0.19285714285714284,0,0,0,0,0,0,0,0,0,0,0.1892753623188406
5194,ëÂãvï€óCçÅ,5,43,1,1,2,0.18348837209302327,0,0,1,0,0,0,0,0,0,0,0.1892753623188406
5194,ëÂãvï€óCçÅ,6,67,1,1,2,0.19149253731343283,0,0,0,1,0,0,0,0,0,0,0.1892753623188406
5195,ñkë∫îJÅX,4,13,0,1,0,0.2553846153846154,0,0,0,0,0,0,0,0,0,0,0.21308510638297873
5195,ñkë∫îJÅX,5,27,0,1,1,0.1837037037037037,0,0,0,0,0,0,0,0,0,0,0.21308510638297873
5195,ñkë∫îJÅX,6,54,2,0,1,0.2175925925925926,0,0,2,0,0,0,0,0,0,0,0.21308510638297873
5196,òkïîëæãÛäC,4,41,0,4,5,0.22390243902439025,0,0,0,0,0,0,0,0,0,0,0.20610389610389612
5196,òkïîëæãÛäC,5,51,0,5,7,0.20490196078431372,0,0,0,0,0,0,0,0,0,0,0.20610389610389612
5196,òkïîëæãÛäC,6,62,1,2,7,0.19532258064516128,0,0,0,1,0,0,0,0,0,0,0.20610389610389612
5197,íÜñÏêmè∆,4,32,2,0,0,0.1571875,0,0,2,0,0,0,0,0,0,0,0.165359477124183
5197,íÜñÏêmè∆,5,49,0,2,1,0.15122448979591838,0,0,0,0,0,0,0,0,0,0,0.165359477124183
5197,íÜñÏêmè∆,6,72,1,0,2,0.1786111111111111,0,0,0,1,0,0,0,0,0,0,0.165359477124183
5198,âúë∫ñæì˙çÅ,4,18,0,0,3,0.21777777777777776,0,0,0,0,0,0,0,0,0,0,0.24358620689655172
5198,âúë∫ñæì˙çÅ,5,47,0,0,0,0.25340425531914895,0,0,0,0,0,0,0,0,0,0,0.24358620689655172
5198,âúë∫ñæì˙çÅ,6,80,0,0,0,0.24362499999999998,0,0,0,0,0,0,0,0,0,0,0.24358620689655172
5199,êÇêÖóI,4,29,1,0,1,0.16448275862068967,0,0,1,0,0,0,0,0,0,0,0.16427710843373494
5199,êÇêÖóI,5,51,1,2,2,0.14411764705882352,0,0,0,0,1,0,0,0,0,0,0.16427710843373494
5199,êÇêÖóI,6,86,1,0,4,0.17616279069767443,0,0,0,1,0,0,0,0,0,0,0.16427710843373494
5200,ìõà‰î¸ã’,4,16,0,1,0,0.22062500000000002,0,0,0,0,0,0,0,0,0,0,0.21039682539682542
5200,ìõà‰î¸ã’,5,40,0,0,2,0.21600000000000003,0,0,0,0,0,0,0,0,0,0,0.21039682539682542
5200,ìõà‰î¸ã’,6,70,0,0,0,0.20485714285714285,0,0,0,0,0,0,0,0,0,0,0.21039682539682542
5201,ë∫è„è@ëæòY,4,29,3,1,5,0.1686206896551724,0,0,2,0,1,0,0,0,0,0,0.16919463087248324
5201,ë∫è„è@ëæòY,5,53,0,1,5,0.16094339622641507,0,0,0,0,0,0,0,0,0,0,0.16919463087248324
5201,ë∫è„è@ëæòY,6,67,0,0,3,0.17597014925373136,0,0,0,0,0,0,0,0,0,0,0.16919463087248324
5202,ã{çËÇ¬ÇÆÇ›,4,18,0,0,1,0.1688888888888889,0,0,0,0,0,0,0,0,0,0,0.20763975155279502
5202,ã{çËÇ¬ÇÆÇ›,5,50,0,2,1,0.2008,0,0,0,0,0,0,0,0,0,0,0.20763975155279502
5202,ã{çËÇ¬ÇÆÇ›,6,93,0,0,5,0.2188172043010753,0,0,0,0,0,0,0,0,0,0,0.20763975155279502
5203,ê_ó¢ã’âπ,4,16,0,0,2,0.2,0,0,0,0,0,0,0,0,0,0,0.1997093023255814
5203,ê_ó¢ã’âπ,5,56,0,0,0,0.20589285714285713,0,0,0,0,0,0,0,0,0,0,0.1997093023255814
5203,ê_ó¢ã’âπ,6,100,1,0,1,0.1962,0,0,0,1,0,0,0,0,0,0,0.1997093023255814
5204,âFåbóLçÅ,4,8,0,0,0,0.22125,0,0,0,0,0,0,0,0,0,0,0.18862068965517242
5204,âFåbóLçÅ,5,29,0,1,1,0.16896551724137931,0,0,0,0,0,0,0,0,0,0,0.18862068965517242
5204,âFåbóLçÅ,6,50,0,0,1,0.1948,0,0,0,0,0,0,0,0,0,0,0.18862068965517242
5205,åYïîàüó¢é—,4,10,1,0,0,0.174,0,0,0,1,0,0,0,0,0,0,0.19525
5205,åYïîàüó¢é—,5,25,0,1,1,0.18359999999999999,0,0,0,0,0,0,0,0,0,0,0.19525
5205,åYïîàüó¢é—,6,45,0,1,2,0.20644444444444443,0,0,0,0,0,0,0,0,0,0,0.19525
5206,î~å¥èÀïΩ,4,1,0,0,0,0.05,0,0,0,0,0,0,0,0,0,0,0.16197802197802197
5206,î~å¥èÀïΩ,5,33,0,0,2,0.1778787878787879,0,0,0,0,0,0,0,0,0,0,0.16197802197802197
5206,î~å¥èÀïΩ,6,57,1,1,1,0.15473684210526317,0,0,0,1,0,0,0,0,0,0,0.16197802197802197
5207,çÇéRåhåÂ,5,25,1,0,0,0.2384,0,0,0,1,0,0,0,0,0,0,0.23175675675675675
5207,çÇéRåhåÂ,6,49,0,0,1,0.2283673469387755,0,0,0,0,0,0,0,0,0,0,0.23175675675675675
5208,âÆó«ó¥ãI,4,2,0,0,0,0.11499999999999999,0,0,0,0,0,0,0,0,0,0,0.16746666666666668
5208,âÆó«ó¥ãI,5,22,0,0,0,0.17681818181818182,0,0,0,0,0,0,0,0,0,0,0.16746666666666668
5208,âÆó«ó¥ãI,6,51,0,0,1,0.16549019607843135,0,0,0,0,0,0,0,0,0,0,0.16746666666666668
5209,è¨ñÏãûïΩ,4,5,0,0,0,0.154,0,0,0,0,0,0,0,0,0,0,0.18176470588235294
5209,è¨ñÏãûïΩ,5,30,0,0,0,0.20500000000000002,0,0,0,0,0,0,0,0,0,0,0.18176470588235294
5209,è¨ñÏãûïΩ,6,50,0,0,0,0.17059999999999997,0,0,0,0,0,0,0,0,0,0,0.18176470588235294
5210,ì°à‰åˆêl,4,5,0,0,0,0.198,0,0,0,0,0,0,0,0,0,0,0.2039344262295082
5210,ì°à‰åˆêl,5,17,0,0,0,0.2247058823529412,0,0,0,0,0,0,0,0,0,0,0.2039344262295082
5210,ì°à‰åˆêl,6,39,0,0,1,0.19564102564102565,0,0,0,0,0,0,0,0,0,0,0.2039344262295082
5211,çÇà‰èxñÌ,4,8,0,1,0,0.1975,0,0,0,0,0,0,0,0,0,0,0.17090909090909093
5211,çÇà‰èxñÌ,5,36,0,0,0,0.16527777777777777,0,0,0,0,0,0,0,0,0,0,0.17090909090909093
5211,çÇà‰èxñÌ,6,55,0,0,1,0.17072727272727273,0,0,0,0,0,0,0,0,0,0,0.17090909090909093
5212,êºêÏëÒóò,4,6,0,0,0,0.27166666666666667,0,0,0,0,0,0,0,0,0,0,0.24459459459459462
5212,êºêÏëÒóò,5,23,0,0,0,0.25434782608695655,0,0,0,0,0,0,0,0,0,0,0.24459459459459462
5212,êºêÏëÒóò,6,45,0,0,0,0.236,0,0,0,0,0,0,0,0,0,0,0.24459459459459462
5213,ìíü«ãIçÅ,4,6,0,0,0,0.21999999999999997,0,0,0,0,0,0,0,0,0,0,0.21949999999999997
5213,ìíü«ãIçÅ,5,28,0,0,0,0.19357142857142856,0,0,0,0,0,0,0,0,0,0,0.21949999999999997
5213,ìíü«ãIçÅ,6,46,0,1,1,0.23521739130434782,0,0,0,0,0,0,0,0,0,0,0.21949999999999997
5214,ìcíÜçGìT,4,3,0,0,1,0.2233333333333333,0,0,0,0,0,0,0,0,0,0,0.19094594594594597
5214,ìcíÜçGìT,5,29,0,0,0,0.18655172413793103,0,0,0,0,0,0,0,0,0,0,0.19094594594594597
5214,ìcíÜçGìT,6,42,0,0,0,0.19166666666666668,0,0,0,0,0,0,0,0,0,0,0.19094594594594597
5215,êŒä€è¨ñä,5,10,0,0,1,0.145,0,0,0,0,0,0,0,0,0,0,0.15548387096774194
5215,êŒä€è¨ñä,6,21,0,0,0,0.1604761904761905,0,0,0,0,0,0,0,0,0,0,0.15548387096774194
5216,í∑íJêÏê∞ç∆,4,3,0,0,0,0.13333333333333333,0,0,0,0,0,0,0,0,0,0,0.18119565217391306
5216,í∑íJêÏê∞ç∆,5,31,0,0,2,0.1858064516129032,0,0,0,0,0,0,0,0,0,0,0.18119565217391306
5216,í∑íJêÏê∞ç∆,6,58,0,2,2,0.18120689655172414,0,0,0,0,0,0,0,0,0,0,0.18119565217391306
5217,ì°å¥ï…ê∂,4,6,0,1,0,0.13166666666666668,0,0,0,0,0,0,0,0,0,0,0.16675
5217,ì°å¥ï…ê∂,5,45,1,1,5,0.1822222222222222,0,0,0,1,0,0,0,0,0,0,0.16675
5217,ì°å¥ï…ê∂,6,69,2,2,6,0.1597101449275362,0,0,0,1,0,1,0,0,0,0,0.16675
5218,éRìcóùâõ,4,5,0,0,1,0.184,0,0,0,0,0,0,0,0,0,0,0.23878787878787877
5218,éRìcóùâõ,5,19,0,0,1,0.2405263157894737,0,0,0,0,0,0,0,0,0,0,0.23878787878787877
5218,éRìcóùâõ,6,42,0,0,4,0.2445238095238095,0,0,0,0,0,0,0,0,0,0,0.23878787878787877
5219,êXå˚òaãI,4,2,0,0,0,0.315,0,0,0,0,0,0,0,0,0,0,0.19458333333333333
5219,êXå˚òaãI,5,23,0,1,0,0.1943478260869565,0,0,0,0,0,0,0,0,0,0,0.19458333333333333
5219,êXå˚òaãI,6,47,0,0,0,0.1895744680851064,0,0,0,0,0,0,0,0,0,0,0.19458333333333333
5220,ê¬ñÿò@,4,6,0,0,1,0.12,0,0,0,0,0,0,0,0,0,0,0.17457831325301204
5220,ê¬ñÿò@,5,30,0,0,4,0.18933333333333333,0,0,0,0,0,0,0,0,0,0,0.17457831325301204
5220,ê¬ñÿò@,6,47,0,0,3,0.17212765957446807,0,0,0,0,0,0,0,0,0,0,0.17457831325301204
5221,í|ä‘ó≤ùÓ,4,8,0,0,1,0.24625,0,0,0,0,0,0,0,0,0,0,0.17296703296703297
5221,í|ä‘ó≤ùÓ,5,31,0,3,2,0.15096774193548387,0,0,0,0,0,0,0,0,0,0,0.17296703296703297
5221,í|ä‘ó≤ùÓ,6,52,1,0,4,0.1748076923076923,0,0,0,1,0,0,0,0,0,0,0.17296703296703297
5222,í√ìcó§„ƒ,4,2,0,0,0,0.14,0,0,0,0,0,0,0,0,0,0,0.15365853658536585
5222,í√ìcó§„ƒ,5,11,0,0,0,0.13727272727272727,0,0,0,0,0,0,0,0,0,0,0.15365853658536585
5222,í√ìcó§„ƒ,6,28,0,1,2,0.16107142857142856,0,0,0,0,0,0,0,0,0,0,0.15365853658536585
5223,êXê¥óF„ƒ,4,5,0,0,0,0.21600000000000003,0,0,0,0,0,0,0,0,0,0,0.19223300970873788
5223,êXê¥óF„ƒ,5,38,0,0,0,0.17842105263157895,0,0,0,0,0,0,0,0,0,0,0.19223300970873788
5223,êXê¥óF„ƒ,6,60,0,1,1,0.19899999999999998,0,0,0,0,0,0,0,0,0,0,0.19223300970873788
5224,êºâ™å∞êS,5,23,0,0,2,0.19,0,0,0,0,0,0,0,0,0,0,0.19418181818181818
5224,êºâ™å∞êS,6,32,0,0,4,0.19718750000000002,0,0,0,0,0,0,0,0,0,0,0.19418181818181818
5225,ç÷ì°Í£,4,16,0,0,0,0.23875,0,0,0,0,0,0,0,0,0,0,0.2108108108108108
5225,ç÷ì°Í£,5,25,0,0,0,0.2212,0,0,0,0,0,0,0,0,0,0,0.2108108108108108
5225,ç÷ì°Í£,6,33,0,0,0,0.1893939393939394,0,0,0,0,0,0,0,0,0,0,0.2108108108108108
5226,ì°ìcèróS,4,7,0,0,1,0.2057142857142857,0,0,0,0,0,0,0,0,0,0,0.1817171717171717
5226,ì°ìcèróS,5,34,0,0,4,0.1808823529411765,0,0,0,0,0,0,0,0,0,0,0.1817171717171717
5226,ì°ìcèróS,6,58,0,0,2,0.1793103448275862,0,0,0,0,0,0,0,0,0,0,0.1817171717171717
5227,êÏå¥à§ñ¢,4,4,0,0,0,0.2425,0,0,0,0,0,0,0,0,0,0,0.2498809523809524
5227,êÏå¥à§ñ¢,5,26,0,0,1,0.24807692307692308,0,0,0,0,0,0,0,0,0,0,0.2498809523809524
5227,êÏå¥à§ñ¢,6,54,0,1,0,0.2512962962962963,0,0,0,0,0,0,0,0,0,0,0.2498809523809524
5228,é·ó—é˜óñ,4,6,0,0,0,0.17833333333333334,0,0,0,0,0,0,0,0,0,0,0.19473684210526318
5228,é·ó—é˜óñ,5,27,0,0,0,0.21555555555555556,0,0,0,0,0,0,0,0,0,0,0.19473684210526318
5228,é·ó—é˜óñ,6,43,1,1,2,0.18395348837209302,0,0,0,1,0,0,0,0,0,0,0.19473684210526318
5229,ãgêÏê∞êl,4,6,0,0,0,0.19666666666666668,0,0,0,0,0,0,0,0,0,0,0.19767441860465115
5229,ãgêÏê∞êl,5,17,0,0,0,0.17823529411764708,0,0,0,0,0,0,0,0,0,0,0.19767441860465115
5229,ãgêÏê∞êl,6,63,0,0,1,0.20301587301587304,0,0,0,0,0,0,0,0,0,0,0.19767441860465115
5230,êŒå¥ì‚é—,3,1,0,0,0,0.2,0,0,0,0,0,0,0,0,0,0,0.15615384615384614
5230,êŒå¥ì‚é—,4,5,0,0,0,0.146,0,0,0,0,0,0,0,0,0,0,0.15615384615384614
5230,êŒå¥ì‚é—,5,26,0,0,0,0.1373076923076923,0,0,0,0,0,0,0,0,0,0,0.15615384615384614
5230,êŒå¥ì‚é—,6,46,0,0,1,0.16695652173913042,0,0,0,0,0,0,0,0,0,0,0.15615384615384614
5231,éõìcãÛéç,3,1,0,0,0,0.18,0,0,0,0,0,0,0,0,0,0,0.2127272727272727
5231,éõìcãÛéç,4,5,0,0,0,0.22199999999999998,0,0,0,0,0,0,0,0,0,0,0.2127272727272727
5231,éõìcãÛéç,5,26,0,0,0,0.20653846153846153,0,0,0,0,0,0,0,0,0,0,0.2127272727272727
5231,éõìcãÛéç,6,45,0,0,1,0.21600000000000003,0,0,0,0,0,0,0,0,0,0,0.2127272727272727
5232,û‡éRëÒîn,4,1,0,0,0,0.05,0,0,0,0,0,0,0,0,0,0,0.18769230769230769
5232,û‡éRëÒîn,5,4,0,0,0,0.2425,0,0,0,0,0,0,0,0,0,0,0.18769230769230769
5232,û‡éRëÒîn,6,8,0,0,0,0.1775,0,0,0,0,0,0,0,0,0,0,0.18769230769230769
5233,ë∫ìcâ¿ìﬁéq,5,7,0,0,0,0.14285714285714285,0,0,0,0,0,0,0,0,0,0,0.19176470588235295
5233,ë∫ìcâ¿ìﬁéq,6,10,0,0,1,0.22600000000000003,0,0,0,0,0,0,0,0,0,0,0.19176470588235295
5234,íÀâzäCìl,4,2,0,0,0,0.135,0,0,0,0,0,0,0,0,0,0,0.19695652173913045
5234,íÀâzäCìl,5,6,0,0,0,0.25666666666666665,0,0,0,0,0,0,0,0,0,0,0.19695652173913045
5234,íÀâzäCìl,6,15,0,0,0,0.18133333333333335,0,0,0,0,0,0,0,0,0,0,0.19695652173913045
5235,ä‚ìcóΩ,5,2,0,0,0,0.20500000000000002,0,0,0,0,0,0,0,0,0,0,0.1525
5235,ä‚ìcóΩ,6,6,0,0,0,0.135,0,0,0,0,0,0,0,0,0,0,0.1525
5236,è¨ã{ó¡âÎ,5,3,0,0,0,0.20333333333333334,0,0,0,0,0,0,0,0,0,0,0.1811111111111111
5236,è¨ã{ó¡âÎ,6,6,0,0,0,0.17,0,0,0,0,0,0,0,0,0,0,0.1811111111111111
5237,âièºó«ã≥,4,1,0,0,0,0.17,0,0,0,0,0,0,0,0,0,0,0.21285714285714286
5237,âièºó«ã≥,5,1,0,0,0,0.14,0,0,0,0,0,0,0,0,0,0,0.21285714285714286
5237,âièºó«ã≥,6,5,0,0,0,0.236,0,0,0,0,0,0,0,0,0,0,0.21285714285714286
5238,ç˘ñÿçÅå·,5,2,0,0,0,0.125,0,0,0,0,0,0,0,0,0,0,0.31125
5238,ç˘ñÿçÅå·,6,6,0,0,0,0.37333333333333335,0,0,0,0,0,0,0,0,0,0,0.31125
5239,è„ñÏèré˜,4,1,0,0,0,0.28,0,0,0,0,0,0,0,0,0,0,0.2061904761904762
5239,è„ñÏèré˜,5,7,0,0,0,0.20428571428571432,0,0,0,0,0,0,0,0,0,0,0.2061904761904762
5239,è„ñÏèré˜,6,13,0,0,0,0.20153846153846156,0,0,0,0,0,0,0,0,0,0,0.2061904761904762
5240,çÇã¥ó¥é°,4,1,0,0,0,0.16,0,0,0,0,0,0,0,0,0,0,0.17222222222222222
5240,çÇã¥ó¥é°,5,6,0,0,0,0.18833333333333332,0,0,0,0,0,0,0,0,0,0,0.17222222222222222
5240,çÇã¥ó¥é°,6,11,0,0,0,0.16454545454545455,0,0,0,0,0,0,0,0,0,0,0.17222222222222222
5241,ñÂìcûx,5,1,0,0,0,0.18,0,0,0,0,0,0,0,0,0,0,0.1875
5241,ñÂìcûx,6,3,0,0,0,0.18999999999999997,0,0,0,0,0,0,0,0,0,0,0.1875
5242,çÇéRçOìl,5,2,0,0,0,0.245,0,0,0,0,0,0,0,0,0,0,0.245
5242,çÇéRçOìl,6,4,0,0,0,0.245,0,0,0,0,0,0,0,0,0,0,0.245
5243,éOînêíéj,5,7,0,0,0,0.20714285714285713,0,0,0,0,0,0,0,0,0,0,0.22526315789473686
5243,éOînêíéj,6,12,0,0,0,0.23583333333333334,0,0,0,0,0,0,0,0,0,0,0.22526315789473686
5244,çïìcçÑ,5,2,0,0,0,0.16,0,0,0,0,0,0,0,0,0,0,0.15777777777777777
5244,çïìcçÑ,6,7,0,0,0,0.15714285714285717,0,0,0,0,0,0,0,0,0,0,0.15777777777777777
5245,ëqïxëÂêΩ,4,1,0,0,0,0.15,0,0,0,0,0,0,0,0,0,0,0.21285714285714286
5245,ëqïxëÂêΩ,5,4,0,0,0,0.1575,0,0,0,0,0,0,0,0,0,0,0.21285714285714286
5245,ëqïxëÂêΩ,6,9,0,0,0,0.24444444444444446,0,0,0,0,0,0,0,0,0,0,0.21285714285714286
5246,ìÌè´ëæòY,5,2,0,0,0,0.20500000000000002,0,0,0,0,0,0,0,0,0,0,0.22714285714285715
5246,ìÌè´ëæòY,6,5,0,0,0,0.236,0,0,0,0,0,0,0,0,0,0,0.22714285714285715
5247,ëÂêXóÉ,5,2,0,0,0,0.21000000000000002,0,0,0,0,0,0,0,0,0,0,0.20153846153846156
5247,ëÂêXóÉ,6,11,0,0,0,0.2,0,0,0,0,0,0,0,0,0,0,0.20153846153846156
5248,ñ{ìcà§,4,4,0,0,0,0.1625,0,0,0,0,0,0,0,0,0,0,0.20500000000000002
5248,ñ{ìcà§,5,2,0,0,0,0.26,0,0,0,0,0,0,0,0,0,0,0.20500000000000002
5248,ñ{ìcà§,6,2,0,0,0,0.235,0,0,0,0,0,0,0,0,0,0,0.20500000000000002
5249,éOñÿê∞ìl,5,2,0,0,0,0.13,0,0,0,0,0,0,0,0,0,0,0.20400000000000001
5249,éOñÿê∞ìl,6,3,0,0,0,0.25333333333333335,0,0,0,0,0,0,0,0,0,0,0.20400000000000001
5250,ìàìcóLó¢,6,7,0,0,0,0.27571428571428575,0,0,0,0,0,0,0,0,0,0,0.27571428571428575
5251,è¿ìcéµâÿ,5,2,0,0,0,0.29000000000000004,0,0,0,0,0,0,0,0,0,0,0.245
5251,è¿ìcéµâÿ,6,6,0,0,0,0.23,0,0,0,0,0,0,0,0,0,0,0.245
5252,çrñÿÈDìl,5,6,0,0,0,0.26666666666666666,0,0,0,0,0,0,0,0,0,0,0.264375
5252,çrñÿÈDìl,6,10,0,0,0,0.263,0,0,0,0,0,0,0,0,0,0,0.264375
5253,ì°à‰ëæâÎ,5,2,0,0,0,0.19,0,0,0,0,0,0,0,0,0,0,0.26375
5253,ì°à‰ëæâÎ,6,6,0,0,0,0.28833333333333333,0,0,0,0,0,0,0,0,0,0,0.26375
5254,âHìcî‹äÛ,4,1,0,0,0,0.07,0,0,0,0,0,0,0,0,0,0,0.17833333333333334
5254,âHìcî‹äÛ,5,2,0,0,0,0.14,0,0,0,0,0,0,0,0,0,0,0.17833333333333334
5254,âHìcî‹äÛ,6,3,0,0,0,0.24,0,0,0,0,0,0,0,0,0,0,0.17833333333333334
5255,ì°å¥êÂìÒ,5,1,0,0,0,0.12,0,0,0,0,0,0,0,0,0,0,0.21800000000000003
5255,ì°å¥êÂìÒ,6,9,0,1,3,0.2288888888888889,0,0,0,0,0,0,0,0,0,0,0.21800000000000003
5256,íÜéR„ƒëæ,5,4,1,0,0,0.16,0,0,0,1,0,0,0,0,0,0,0.1753333333333333
5256,íÜéR„ƒëæ,6,11,0,0,0,0.1809090909090909,0,0,0,0,0,0,0,0,0,0,0.1753333333333333
5257,êºä€ò–ëæòN,5,4,0,0,0,0.135,0,0,0,0,0,0,0,0,0,0,0.1553846153846154
5257,êºä€ò–ëæòN,6,9,0,0,0,0.16444444444444445,0,0,0,0,0,0,0,0,0,0,0.1553846153846154
5258,íáñ{èw,5,1,0,0,0,0.11,0,0,0,0,0,0,0,0,0,0,0.152
5258,íáñ{èw,6,4,0,0,0,0.1625,0,0,0,0,0,0,0,0,0,0,0.152
