ìoò^î‘çÜ,ëIéËñº,í¯î‘,èoëñêî,èüóòâÒêî,2íÖâÒêî,3íÖâÒêî,ïΩãœST,ì¶Ç∞,ç∑Çµ,Ç‹Ç≠ÇË,Ç‹Ç≠ÇËç∑Çµ,î≤Ç´,åbÇ‹ÇÍ,ç∑Ç≥ÇÍ,Ç‹Ç≠ÇÁÇÍ,Ç‹Ç≠ÇËç∑Ç≥ÇÍ,ì¶Çµ,ëSëÃïΩãœST
2014,çÇíÀê¥àÍ,1,27,5,9,3,0.14666666666666667,4,0,0,0,1,0,8,7,2,0,0.18848684210526315
2014,çÇíÀê¥àÍ,2,25,2,3,5,0.1888,0,2,0,0,0,0,0,0,0,15,0.18848684210526315
2014,çÇíÀê¥àÍ,3,28,0,5,3,0.18607142857142858,0,0,0,0,0,0,0,0,0,0,0.18848684210526315
2014,çÇíÀê¥àÍ,4,26,3,3,3,0.17884615384615385,0,0,1,1,1,0,0,0,0,0,0.18848684210526315
2014,çÇíÀê¥àÍ,5,25,0,3,2,0.2048,0,0,0,0,0,0,0,0,0,0,0.18848684210526315
2014,çÇíÀê¥àÍ,6,21,0,0,5,0.23761904761904762,0,0,0,0,0,0,0,0,0,0,0.18848684210526315
2538,çÇã¥ìÒòN,1,27,4,4,4,0.20666666666666667,3,0,0,0,1,0,4,10,7,0,0.19329545454545458
2538,çÇã¥ìÒòN,2,32,2,3,4,0.20125,0,2,0,0,0,0,0,0,0,17,0.19329545454545458
2538,çÇã¥ìÒòN,3,32,0,3,11,0.1965625,0,0,0,0,0,0,0,0,0,0,0.19329545454545458
2538,çÇã¥ìÒòN,4,32,1,3,6,0.175625,0,0,0,1,0,0,0,0,0,0,0.19329545454545458
2538,çÇã¥ìÒòN,5,29,1,3,1,0.1986206896551724,0,0,0,1,0,0,0,0,0,0,0.19329545454545458
2538,çÇã¥ìÒòN,6,24,0,5,3,0.18041666666666667,0,0,0,0,0,0,0,0,0,0,0.19329545454545458
2878,ïxéRçOçK,1,59,24,17,8,0.16813559322033897,22,0,0,0,2,0,8,14,7,0,0.17282229965156795
2878,ïxéRçOçK,2,51,5,16,10,0.1603921568627451,0,3,1,0,1,0,0,0,0,23,0.17282229965156795
2878,ïxéRçOçK,3,48,4,9,13,0.17375,0,0,2,2,0,0,0,0,0,0,0.17282229965156795
2878,ïxéRçOçK,4,41,5,7,9,0.16658536585365855,0,1,1,1,2,0,0,0,0,0,0.17282229965156795
2878,ïxéRçOçK,5,46,5,5,4,0.17695652173913046,0,1,0,4,0,0,0,0,0,0,0.17282229965156795
2878,ïxéRçOçK,6,42,0,5,7,0.19499999999999998,0,0,0,0,0,0,0,0,0,0,0.17282229965156795
2930,êVó«àÍãK,1,1,0,1,0,0.19,0,0,0,0,0,0,0,0,1,0,0.2966666666666667
2930,êVó«àÍãK,3,1,0,0,0,0.45,0,0,0,0,0,0,0,0,0,0,0.2966666666666667
2930,êVó«àÍãK,4,1,0,0,0,0.25,0,0,0,0,0,0,0,0,0,0,0.2966666666666667
3024,êºìáã`ë•,1,70,42,12,6,0.15457142857142858,41,0,0,0,1,0,6,9,11,0,0.156843853820598
3024,êºìáã`ë•,2,54,13,15,9,0.15148148148148147,1,6,6,0,0,0,0,0,0,14,0.156843853820598
3024,êºìáã`ë•,3,47,11,7,6,0.15893617021276596,1,2,6,1,1,0,0,0,0,0,0.156843853820598
3024,êºìáã`ë•,4,41,16,11,4,0.15121951219512195,3,6,6,0,1,0,0,0,0,0,0.156843853820598
3024,êºìáã`ë•,5,47,11,14,7,0.1702127659574468,4,3,3,0,1,0,0,0,0,0,0.156843853820598
3024,êºìáã`ë•,6,42,9,17,5,0.15571428571428572,1,1,6,0,1,0,0,0,0,0,0.156843853820598
3044,éOëÓé¢ém,1,2,0,0,0,0.18,0,0,0,0,0,0,1,1,0,0,0.164
3044,éOëÓé¢ém,2,2,1,0,0,0.18,0,1,0,0,0,0,0,0,0,0,0.164
3044,éOëÓé¢ém,3,2,0,0,2,0.11,0,0,0,0,0,0,0,0,0,0,0.164
3044,éOëÓé¢ém,4,1,0,0,1,0.09,0,0,0,0,0,0,0,0,0,0,0.164
3044,éOëÓé¢ém,5,1,0,0,0,0.1,0,0,0,0,0,0,0,0,0,0,0.164
3044,éOëÓé¢ém,6,2,0,0,1,0.255,0,0,0,0,0,0,0,0,0,0,0.164
3054,ñkêÏçKìT,1,29,13,6,3,0.17689655172413793,11,0,0,0,2,0,6,5,4,0,0.17426229508196722
3054,ñkêÏçKìT,2,16,2,2,6,0.19,0,1,1,0,0,0,0,0,0,7,0.17426229508196722
3054,ñkêÏçKìT,3,21,4,3,3,0.16,0,0,2,2,0,0,0,0,0,0,0.17426229508196722
3054,ñkêÏçKìT,4,21,4,1,3,0.1561904761904762,0,0,2,2,0,0,0,0,0,0,0.17426229508196722
3054,ñkêÏçKìT,5,15,0,2,0,0.18000000000000002,0,0,0,0,0,0,0,0,0,0,0.17426229508196722
3054,ñkêÏçKìT,6,20,2,1,4,0.1875,0,0,1,1,0,0,0,0,0,0,0.17426229508196722
3065,ëùìcçOäÏ,1,20,4,2,4,0.185,4,0,0,0,0,0,3,8,4,0,0.19905109489051095
3065,ëùìcçOäÏ,2,27,0,8,2,0.19740740740740742,0,0,0,0,0,0,0,0,0,15,0.19905109489051095
3065,ëùìcçOäÏ,3,20,1,1,4,0.181,0,0,1,0,0,0,0,0,0,0,0.19905109489051095
3065,ëùìcçOäÏ,4,24,1,1,4,0.19583333333333333,0,1,0,0,0,0,0,0,0,0,0.19905109489051095
3065,ëùìcçOäÏ,5,22,0,1,2,0.20681818181818182,0,0,0,0,0,0,0,0,0,0,0.19905109489051095
3065,ëùìcçOäÏ,6,24,1,3,5,0.22375,0,0,0,1,0,0,0,0,0,0,0.19905109489051095
3070,éRé∫ìWçO,1,23,13,5,2,0.14608695652173911,12,0,0,0,1,0,3,2,4,0,0.1552136752136752
3070,éRé∫ìWçO,2,23,5,6,3,0.15565217391304348,1,2,0,0,2,0,0,0,0,10,0.1552136752136752
3070,éRé∫ìWçO,3,17,2,0,5,0.18411764705882352,0,0,1,1,0,0,0,0,0,0,0.1552136752136752
3070,éRé∫ìWçO,4,16,1,3,7,0.126875,0,0,0,1,0,0,0,0,0,0,0.1552136752136752
3070,éRé∫ìWçO,5,15,0,3,4,0.13866666666666666,0,0,0,0,0,0,0,0,0,0,0.1552136752136752
3070,éRé∫ìWçO,6,23,4,2,3,0.17304347826086958,0,2,1,0,1,0,0,0,0,0,0.1552136752136752
3072,êºìcñı,1,32,13,7,3,0.1578125,12,0,0,0,1,0,5,8,3,0,0.16080000000000003
3072,êºìcñı,2,40,3,5,9,0.1635,0,2,1,0,0,0,0,0,0,21,0.16080000000000003
3072,êºìcñı,3,45,2,5,8,0.1577777777777778,1,0,1,0,0,0,0,0,0,0,0.16080000000000003
3072,êºìcñı,4,28,4,6,2,0.15,0,4,0,0,0,0,0,0,0,0,0.16080000000000003
3072,êºìcñı,5,28,2,1,6,0.14142857142857143,0,2,0,0,0,0,0,0,0,0,0.16080000000000003
3072,êºìcñı,6,27,1,4,3,0.19666666666666666,0,0,0,1,0,0,0,0,0,0,0.16080000000000003
3075,íÜë∫óTè´,1,35,12,11,4,0.1482857142857143,12,0,0,0,0,0,8,7,6,0,0.15953488372093022
3075,íÜë∫óTè´,2,43,5,11,8,0.17348837209302326,0,3,2,0,0,0,0,0,0,25,0.15953488372093022
3075,íÜë∫óTè´,3,36,4,7,5,0.16583333333333333,0,2,1,1,0,0,0,0,0,0,0.15953488372093022
3075,íÜë∫óTè´,4,32,3,5,7,0.1315625,0,1,2,0,0,0,0,0,0,0,0.15953488372093022
3075,íÜë∫óTè´,5,40,1,2,9,0.1655,0,0,0,1,0,0,0,0,0,0,0.15953488372093022
3075,íÜë∫óTè´,6,29,0,0,2,0.16724137931034483,0,0,0,0,0,0,0,0,0,0,0.15953488372093022
3081,â™ñ{êTé°,1,24,9,6,5,0.15375,9,0,0,0,0,0,4,7,2,0,0.17452830188679244
3081,â™ñ{êTé°,2,29,0,6,9,0.1620689655172414,0,0,0,0,0,0,0,0,0,16,0.17452830188679244
3081,â™ñ{êTé°,3,30,1,8,7,0.15833333333333333,0,1,0,0,0,0,0,0,0,0,0.17452830188679244
3081,â™ñ{êTé°,4,29,2,4,9,0.21551724137931033,0,0,1,0,1,0,0,0,0,0,0.17452830188679244
3081,â™ñ{êTé°,5,24,1,3,5,0.17375,0,0,0,1,0,0,0,0,0,0,0.17452830188679244
3081,â™ñ{êTé°,6,23,0,1,4,0.18217391304347827,0,0,0,0,0,0,0,0,0,0,0.17452830188679244
3105,ì‡éRï∂ìT,1,34,13,9,6,0.17058823529411765,12,0,0,0,1,0,6,6,5,0,0.16556122448979593
3105,ì‡éRï∂ìT,2,34,2,6,8,0.16352941176470587,0,1,1,0,0,0,0,0,0,16,0.16556122448979593
3105,ì‡éRï∂ìT,3,33,3,9,6,0.16818181818181818,0,1,0,2,0,0,0,0,0,0,0.16556122448979593
3105,ì‡éRï∂ìT,4,34,1,1,6,0.14882352941176472,0,0,0,1,0,0,0,0,0,0,0.16556122448979593
3105,ì‡éRï∂ìT,5,31,1,3,8,0.16709677419354838,0,0,1,0,0,0,0,0,0,0,0.16556122448979593
3105,ì‡éRï∂ìT,6,30,0,5,3,0.17666666666666667,0,0,0,0,0,0,0,0,0,0,0.16556122448979593
3107,ïΩâ™èdìT,1,32,10,7,4,0.1965625,9,0,0,0,1,0,5,9,7,0,0.19844559585492227
3107,ïΩâ™èdìT,2,35,2,8,10,0.2042857142857143,0,1,0,0,1,0,0,0,0,17,0.19844559585492227
3107,ïΩâ™èdìT,3,33,4,3,5,0.1890909090909091,0,0,2,1,1,0,0,0,0,0,0.19844559585492227
3107,ïΩâ™èdìT,4,29,2,1,7,0.19,0,1,1,0,0,0,0,0,0,0,0.19844559585492227
3107,ïΩâ™èdìT,5,35,0,5,3,0.206,0,0,0,0,0,0,0,0,0,0,0.19844559585492227
3107,ïΩâ™èdìT,6,29,0,1,3,0.20344827586206898,0,0,0,0,0,0,0,0,0,0,0.19844559585492227
3141,éRóàòaêl,1,20,3,4,3,0.159,3,0,0,0,0,0,5,6,6,0,0.18324324324324323
3141,éRóàòaêl,2,23,1,4,6,0.15086956521739128,0,0,1,0,0,0,0,0,0,12,0.18324324324324323
3141,éRóàòaêl,3,23,1,3,2,0.17956521739130435,0,1,0,0,0,0,0,0,0,0,0.18324324324324323
3141,éRóàòaêl,4,16,0,1,2,0.184375,0,0,0,0,0,0,0,0,0,0,0.18324324324324323
3141,éRóàòaêl,5,16,0,0,3,0.23625000000000002,0,0,0,0,0,0,0,0,0,0,0.18324324324324323
3141,éRóàòaêl,6,13,0,1,0,0.21769230769230768,0,0,0,0,0,0,0,0,0,0,0.18324324324324323
3156,ã‡éqó«è∫,1,40,16,8,3,0.148,16,0,0,0,0,0,7,6,7,0,0.16943127962085308
3156,ã‡éqó«è∫,2,32,2,6,4,0.1903125,0,2,0,0,0,0,0,0,0,20,0.16943127962085308
3156,ã‡éqó«è∫,3,36,3,11,6,0.16694444444444445,0,1,1,1,0,0,0,0,0,0,0.16943127962085308
3156,ã‡éqó«è∫,4,37,2,3,5,0.18351351351351353,1,1,0,0,0,0,0,0,0,0,0.16943127962085308
3156,ã‡éqó«è∫,5,37,3,5,5,0.15297297297297296,0,0,2,1,0,0,0,0,0,0,0.16943127962085308
3156,ã‡éqó«è∫,6,29,3,3,4,0.1820689655172414,0,0,1,1,1,0,0,0,0,0,0.16943127962085308
3158,ìáêÏåıíj,1,53,36,8,4,0.14754716981132077,35,0,0,0,1,0,3,4,9,0,0.15169230769230768
3158,ìáêÏåıíj,2,46,14,11,6,0.1408695652173913,0,9,4,0,0,1,0,0,0,21,0.15169230769230768
3158,ìáêÏåıíj,3,41,4,17,7,0.14634146341463414,0,0,3,1,0,0,0,0,0,0,0.15169230769230768
3158,ìáêÏåıíj,4,40,7,14,6,0.153,0,2,4,0,0,1,0,0,0,0,0.15169230769230768
3158,ìáêÏåıíj,5,43,3,6,3,0.16930232558139535,0,0,0,3,0,0,0,0,0,0,0.15169230769230768
3158,ìáêÏåıíj,6,37,1,3,5,0.15513513513513513,0,0,0,1,0,0,0,0,0,0,0.15169230769230768
3159,ç]å˚çWê∂,1,49,32,6,3,0.14714285714285713,32,0,0,0,0,0,4,7,6,0,0.15397905759162303
3159,ç]å˚çWê∂,2,34,5,11,9,0.14823529411764705,0,4,0,0,0,1,0,0,0,18,0.15397905759162303
3159,ç]å˚çWê∂,3,32,8,11,5,0.1603125,1,5,2,0,0,0,0,0,0,0,0.15397905759162303
3159,ç]å˚çWê∂,4,30,7,9,5,0.16866666666666666,2,3,2,0,0,0,0,0,0,0,0.15397905759162303
3159,ç]å˚çWê∂,5,24,4,7,6,0.16583333333333333,0,3,1,0,0,0,0,0,0,0,0.15397905759162303
3159,ç]å˚çWê∂,6,22,6,6,4,0.13590909090909092,0,4,1,0,1,0,0,0,0,0,0.15397905759162303
3161,å√èÍãPã`,1,49,21,11,6,0.1546938775510204,21,0,0,0,0,0,13,10,4,0,0.1766030534351145
3161,å√èÍãPã`,2,47,2,17,14,0.17851063829787236,0,2,0,0,0,0,0,0,0,27,0.1766030534351145
3161,å√èÍãPã`,3,48,3,17,7,0.17125,0,1,2,0,0,0,0,0,0,0,0.1766030534351145
3161,å√èÍãPã`,4,43,1,5,12,0.19186046511627908,0,0,1,0,0,0,0,0,0,0,0.1766030534351145
3161,å√èÍãPã`,5,41,1,4,14,0.19317073170731708,0,0,1,0,0,0,0,0,0,0,0.1766030534351145
3161,å√èÍãPã`,6,34,0,4,8,0.1738235294117647,0,0,0,0,0,0,0,0,0,0,0.1766030534351145
3175,ìnï”êÁëê,1,39,8,10,7,0.1758974358974359,7,0,0,0,1,0,10,13,6,0,0.17691244239631337
3175,ìnï”êÁëê,2,41,7,10,9,0.15439024390243902,0,4,2,0,1,0,0,0,0,21,0.17691244239631337
3175,ìnï”êÁëê,3,35,3,7,8,0.18457142857142858,0,1,1,1,0,0,0,0,0,0,0.17691244239631337
3175,ìnï”êÁëê,4,38,1,12,9,0.1681578947368421,0,0,0,1,0,0,0,0,0,0,0.17691244239631337
3175,ìnï”êÁëê,5,33,1,4,7,0.18000000000000002,0,0,0,1,0,0,0,0,0,0,0.17691244239631337
3175,ìnï”êÁëê,6,31,0,1,2,0.2067741935483871,0,0,0,0,0,0,0,0,0,0,0.17691244239631337
3176,í∑íJêÏäﬁ,1,40,20,5,7,0.123,20,0,0,0,0,0,5,7,4,0,0.17487394957983193
3176,í∑íJêÏäﬁ,2,43,4,10,6,0.1858139534883721,0,3,0,0,1,0,0,0,0,20,0.17487394957983193
3176,í∑íJêÏäﬁ,3,41,3,5,8,0.17170731707317075,0,1,1,1,0,0,0,0,0,0,0.17487394957983193
3176,í∑íJêÏäﬁ,4,39,1,3,7,0.19153846153846152,0,0,1,0,0,0,0,0,0,0,0.17487394957983193
3176,í∑íJêÏäﬁ,5,41,3,5,7,0.17780487804878048,0,2,0,1,0,0,0,0,0,0,0.17487394957983193
3176,í∑íJêÏäﬁ,6,34,0,1,2,0.20323529411764707,0,0,0,0,0,0,0,0,0,0,0.17487394957983193
3188,ì˙çÇàÌéq,1,69,35,16,11,0.16101449275362317,34,0,0,0,1,0,16,9,7,0,0.16741379310344826
3188,ì˙çÇàÌéq,2,50,1,16,14,0.1728,0,0,1,0,0,0,0,0,0,30,0.16741379310344826
3188,ì˙çÇàÌéq,3,43,5,14,9,0.17465116279069767,0,1,4,0,0,0,0,0,0,0,0.16741379310344826
3188,ì˙çÇàÌéq,4,48,6,12,13,0.16520833333333332,0,1,2,2,1,0,0,0,0,0,0.16741379310344826
3188,ì˙çÇàÌéq,5,41,2,7,7,0.16829268292682928,0,0,0,2,0,0,0,0,0,0,0.16741379310344826
3188,ì˙çÇàÌéq,6,39,2,8,7,0.16564102564102565,0,1,0,0,1,0,0,0,0,0,0.16741379310344826
3202,éOïió≤ç_,1,36,11,8,5,0.15944444444444444,10,0,0,0,1,0,10,7,6,0,0.17746113989637305
3202,éOïió≤ç_,2,36,3,14,5,0.16694444444444445,0,0,1,0,1,1,0,0,0,20,0.17746113989637305
3202,éOïió≤ç_,3,30,1,5,7,0.1686666666666667,0,0,0,0,1,0,0,0,0,0,0.17746113989637305
3202,éOïió≤ç_,4,28,1,5,4,0.18464285714285714,0,0,1,0,0,0,0,0,0,0,0.17746113989637305
3202,éOïió≤ç_,5,30,1,2,7,0.18366666666666667,0,1,0,0,0,0,0,0,0,0,0.17746113989637305
3202,éOïió≤ç_,6,33,0,3,3,0.20484848484848484,0,0,0,0,0,0,0,0,0,0,0.17746113989637305
3207,ìcë∫î¸òa,1,23,1,7,2,0.20130434782608694,1,0,0,0,0,0,6,13,1,0,0.18256756756756756
3207,ìcë∫î¸òa,2,31,0,8,9,0.17548387096774196,0,0,0,0,0,0,0,0,0,20,0.18256756756756756
3207,ìcë∫î¸òa,3,29,2,5,1,0.19517241379310346,0,0,0,2,0,0,0,0,0,0,0.18256756756756756
3207,ìcë∫î¸òa,4,23,0,2,4,0.16478260869565217,0,0,0,0,0,0,0,0,0,0,0.18256756756756756
3207,ìcë∫î¸òa,5,25,0,2,4,0.15839999999999999,0,0,0,0,0,0,0,0,0,0,0.18256756756756756
3207,ìcë∫î¸òa,6,17,0,0,1,0.20823529411764707,0,0,0,0,0,0,0,0,0,0,0.18256756756756756
3211,ñkêÏïqçO,1,29,6,6,8,0.17758620689655175,6,0,0,0,0,0,6,10,5,0,0.17278947368421052
3211,ñkêÏïqçO,2,37,0,4,6,0.1910810810810811,0,0,0,0,0,0,0,0,0,15,0.17278947368421052
3211,ñkêÏïqçO,3,30,0,10,5,0.16366666666666668,0,0,0,0,0,0,0,0,0,0,0.17278947368421052
3211,ñkêÏïqçO,4,33,1,7,9,0.1503030303030303,0,0,1,0,0,0,0,0,0,0,0.17278947368421052
3211,ñkêÏïqçO,5,34,1,1,3,0.16764705882352943,0,1,0,0,0,0,0,0,0,0,0.17278947368421052
3211,ñkêÏïqçO,6,27,1,0,3,0.18666666666666668,0,0,0,1,0,0,0,0,0,0,0.17278947368421052
3212,ãTñ{óEé˜,1,19,6,7,2,0.14789473684210527,6,0,0,0,0,0,8,3,2,0,0.1726829268292683
3212,ãTñ{óEé˜,2,24,1,8,2,0.1625,0,1,0,0,0,0,0,0,0,11,0.1726829268292683
3212,ãTñ{óEé˜,3,20,1,3,1,0.155,0,1,0,0,0,0,0,0,0,0,0.1726829268292683
3212,ãTñ{óEé˜,4,19,0,2,2,0.16631578947368422,0,0,0,0,0,0,0,0,0,0,0.1726829268292683
3212,ãTñ{óEé˜,5,22,0,5,3,0.1890909090909091,0,0,0,0,0,0,0,0,0,0,0.1726829268292683
3212,ãTñ{óEé˜,6,19,1,0,4,0.21631578947368424,0,0,0,1,0,0,0,0,0,0,0.1726829268292683
3224,åIéRî…óm,1,30,6,8,3,0.178,4,0,0,0,1,1,5,10,6,0,0.1735321100917431
3224,åIéRî…óm,2,44,2,10,9,0.18795454545454546,0,2,0,0,0,0,0,0,0,29,0.1735321100917431
3224,åIéRî…óm,3,39,4,10,6,0.1523076923076923,0,0,3,1,0,0,0,0,0,0,0.1735321100917431
3224,åIéRî…óm,4,38,4,4,2,0.1792105263157895,0,0,3,1,0,0,0,0,0,0,0.1735321100917431
3224,åIéRî…óm,5,40,0,3,8,0.16699999999999998,0,0,0,0,0,0,0,0,0,0,0.1735321100917431
3224,åIéRî…óm,6,27,0,2,0,0.1774074074074074,0,0,0,0,0,0,0,0,0,0,0.1735321100917431
3226,âYìcêMã`,1,32,7,9,9,0.1896875,6,0,0,0,1,0,9,11,3,0,0.17777292576419215
3226,âYìcêMã`,2,44,1,11,4,0.1725,0,1,0,0,0,0,0,0,0,22,0.17777292576419215
3226,âYìcêMã`,3,43,1,10,12,0.16,0,0,0,0,1,0,0,0,0,0,0.17777292576419215
3226,âYìcêMã`,4,41,3,4,7,0.16804878048780486,0,0,2,1,0,0,0,0,0,0,0.17777292576419215
3226,âYìcêMã`,5,38,0,3,6,0.1986842105263158,0,0,0,0,0,0,0,0,0,0,0.17777292576419215
3226,âYìcêMã`,6,31,0,6,4,0.18483870967741936,0,0,0,0,0,0,0,0,0,0,0.17777292576419215
3232,éRêÏî¸óRãI,1,55,28,16,7,0.13236363636363638,28,0,0,0,0,0,14,7,4,0,0.152
3232,éRêÏî¸óRãI,2,39,9,9,6,0.1582051282051282,0,4,4,0,0,1,0,0,0,16,0.152
3232,éRêÏî¸óRãI,3,34,6,10,6,0.14647058823529413,0,2,3,0,1,0,0,0,0,0,0.152
3232,éRêÏî¸óRãI,4,38,12,12,5,0.1394736842105263,0,1,8,2,1,0,0,0,0,0,0.152
3232,éRêÏî¸óRãI,5,33,0,5,7,0.17212121212121212,0,0,0,0,0,0,0,0,0,0,0.152
3232,éRêÏî¸óRãI,6,31,1,1,10,0.17903225806451614,0,1,0,0,0,0,0,0,0,0,0.152
3233,è¨î®é¿ê¨,1,26,7,9,1,0.1453846153846154,6,0,0,0,1,0,10,5,4,0,0.1631791907514451
3233,è¨î®é¿ê¨,2,35,1,4,11,0.15057142857142855,0,1,0,0,0,0,0,0,0,23,0.1631791907514451
3233,è¨î®é¿ê¨,3,30,2,2,4,0.17066666666666666,0,0,0,2,0,0,0,0,0,0,0.1631791907514451
3233,è¨î®é¿ê¨,4,27,1,4,4,0.16444444444444445,0,0,1,0,0,0,0,0,0,0,0.1631791907514451
3233,è¨î®é¿ê¨,5,28,1,1,1,0.18857142857142858,0,0,1,0,0,0,0,0,0,0,0.1631791907514451
3233,è¨î®é¿ê¨,6,27,0,0,5,0.16074074074074074,0,0,0,0,0,0,0,0,0,0,0.1631791907514451
3243,ç≤ñÏó≤êm,1,12,2,2,3,0.15666666666666668,1,0,0,0,1,0,4,2,3,0,0.1773913043478261
3243,ç≤ñÏó≤êm,2,11,2,1,1,0.14181818181818182,0,0,2,0,0,0,0,0,0,5,0.1773913043478261
3243,ç≤ñÏó≤êm,3,13,1,2,0,0.2,0,0,1,0,0,0,0,0,0,0,0.1773913043478261
3243,ç≤ñÏó≤êm,4,12,0,1,2,0.19333333333333333,0,0,0,0,0,0,0,0,0,0,0.1773913043478261
3243,ç≤ñÏó≤êm,5,10,0,1,0,0.227,0,0,0,0,0,0,0,0,0,0,0.1773913043478261
3243,ç≤ñÏó≤êm,6,11,1,0,0,0.14636363636363636,1,0,0,0,0,0,0,0,0,0,0.1773913043478261
3246,êØñÏê≠ïF,1,27,12,5,2,0.17370370370370372,12,0,0,0,0,0,3,6,1,0,0.1642372881355932
3246,êØñÏê≠ïF,2,35,3,11,6,0.1754285714285714,0,1,2,0,0,0,0,0,0,21,0.1642372881355932
3246,êØñÏê≠ïF,3,31,3,2,4,0.1570967741935484,0,0,1,2,0,0,0,0,0,0,0.1642372881355932
3246,êØñÏê≠ïF,4,28,0,5,5,0.165,0,0,0,0,0,0,0,0,0,0,0.1642372881355932
3246,êØñÏê≠ïF,5,26,2,1,1,0.1469230769230769,0,0,0,2,0,0,0,0,0,0,0.1642372881355932
3246,êØñÏê≠ïF,6,30,1,4,3,0.16433333333333333,0,0,1,0,0,0,0,0,0,0,0.1642372881355932
3251,ïΩêŒòaíj,1,59,33,12,8,0.17355932203389832,30,0,0,0,3,0,9,10,7,0,0.1938245614035088
3251,ïΩêŒòaíj,2,52,10,11,11,0.19961538461538464,0,8,1,0,1,0,0,0,0,21,0.1938245614035088
3251,ïΩêŒòaíj,3,46,8,5,13,0.1791304347826087,0,1,1,5,1,0,0,0,0,0,0.1938245614035088
3251,ïΩêŒòaíj,4,41,3,7,16,0.20097560975609757,0,0,1,0,2,0,0,0,0,0,0.1938245614035088
3251,ïΩêŒòaíj,5,45,2,8,15,0.1948888888888889,0,0,1,1,0,0,0,0,0,0,0.1938245614035088
3251,ïΩêŒòaíj,6,42,4,2,9,0.22309523809523807,0,0,0,2,2,0,0,0,0,0,0.1938245614035088
3256,éOäpìNíj,1,50,23,19,5,0.12300000000000001,22,0,0,0,1,0,13,4,8,0,0.13854771784232364
3256,éOäpìNíj,2,45,9,19,5,0.13844444444444445,0,6,2,0,0,1,0,0,0,20,0.13854771784232364
3256,éOäpìNíj,3,40,3,11,8,0.145,0,0,3,0,0,0,0,0,0,0,0.13854771784232364
3256,éOäpìNíj,4,42,15,9,8,0.12142857142857141,0,2,7,3,2,1,0,0,0,0,0.13854771784232364
3256,éOäpìNíj,5,31,6,2,5,0.1335483870967742,0,0,1,4,1,0,0,0,0,0,0.13854771784232364
3256,éOäpìNíj,6,33,3,3,8,0.18090909090909094,0,0,3,0,0,0,0,0,0,0,0.13854771784232364
3257,ìcì™é¿,1,49,38,5,3,0.09734693877551022,36,0,0,0,2,0,2,3,5,0,0.11188775510204081
3257,ìcì™é¿,2,32,4,5,5,0.1228125,0,3,1,0,0,0,0,0,0,21,0.11188775510204081
3257,ìcì™é¿,3,34,10,6,5,0.09411764705882353,1,2,6,0,1,0,0,0,0,0,0.11188775510204081
3257,ìcì™é¿,4,25,6,7,4,0.10880000000000001,0,2,4,0,0,0,0,0,0,0,0.11188775510204081
3257,ìcì™é¿,5,25,4,9,2,0.16079999999999997,0,1,1,1,1,0,0,0,0,0,0.11188775510204081
3257,ìcì™é¿,6,31,9,7,3,0.10612903225806451,1,2,5,0,1,0,0,0,0,0,0.11188775510204081
3265,ç°ë∫í®çF,1,36,18,9,5,0.15527777777777776,17,0,0,0,1,0,5,7,5,0,0.14965753424657535
3265,ç°ë∫í®çF,2,24,2,7,8,0.1375,0,1,0,0,1,0,0,0,0,12,0.14965753424657535
3265,ç°ë∫í®çF,3,23,5,5,6,0.1617391304347826,1,2,0,0,2,0,0,0,0,0,0.14965753424657535
3265,ç°ë∫í®çF,4,18,3,4,6,0.14444444444444446,0,2,1,0,0,0,0,0,0,0,0.14965753424657535
3265,ç°ë∫í®çF,5,19,6,2,1,0.13473684210526315,2,2,1,0,1,0,0,0,0,0,0.14965753424657535
3265,ç°ë∫í®çF,6,26,2,6,9,0.15692307692307692,1,0,1,0,0,0,0,0,0,0,0.14965753424657535
3268,êXó≥ñÁ,1,17,9,4,1,0.15882352941176472,8,0,0,0,1,0,2,1,3,0,0.18638297872340426
3268,êXó≥ñÁ,2,28,1,5,4,0.18214285714285713,0,1,0,0,0,0,0,0,0,15,0.18638297872340426
3268,êXó≥ñÁ,3,27,1,8,3,0.1877777777777778,0,0,1,0,0,0,0,0,0,0,0.18638297872340426
3268,êXó≥ñÁ,4,22,2,1,2,0.17045454545454544,0,0,2,0,0,0,0,0,0,0,0.18638297872340426
3268,êXó≥ñÁ,5,23,0,1,2,0.20478260869565218,0,0,0,0,0,0,0,0,0,0,0.18638297872340426
3268,êXó≥ñÁ,6,24,0,2,5,0.20625000000000002,0,0,0,0,0,0,0,0,0,0,0.18638297872340426
3273,êŒìcçã,1,28,13,8,1,0.15214285714285714,13,0,0,0,0,0,8,6,0,0,0.17316939890710384
3273,êŒìcçã,2,31,2,4,7,0.1832258064516129,0,1,1,0,0,0,0,0,0,14,0.17316939890710384
3273,êŒìcçã,3,33,3,8,8,0.16121212121212122,0,0,2,1,0,0,0,0,0,0,0.17316939890710384
3273,êŒìcçã,4,31,3,3,3,0.1774193548387097,0,1,1,1,0,0,0,0,0,0,0.17316939890710384
3273,êŒìcçã,5,28,1,1,2,0.18642857142857142,0,0,0,1,0,0,0,0,0,0,0.17316939890710384
3273,êŒìcçã,6,32,0,1,3,0.1784375,0,0,0,0,0,0,0,0,0,0,0.17316939890710384
3277,‚Vì°óE,1,32,14,5,5,0.16125,14,0,0,0,0,0,7,7,1,0,0.17835227272727272
3277,‚Vì°óE,2,31,6,3,7,0.1829032258064516,0,4,1,0,1,0,0,0,0,12,0.17835227272727272
3277,‚Vì°óE,3,31,1,4,4,0.15677419354838712,0,0,1,0,0,0,0,0,0,0,0.17835227272727272
3277,‚Vì°óE,4,25,0,3,3,0.2036,0,0,0,0,0,0,0,0,0,0,0.17835227272727272
3277,‚Vì°óE,5,29,0,1,3,0.1796551724137931,0,0,0,0,0,0,0,0,0,0,0.17835227272727272
3277,‚Vì°óE,6,28,0,0,2,0.19285714285714287,0,0,0,0,0,0,0,0,0,0,0.17835227272727272
3280,ä_ì‡ê¥î¸,1,23,9,6,3,0.1991304347826087,8,0,0,0,1,0,7,3,3,0,0.18614754098360656
3280,ä_ì‡ê¥î¸,2,21,1,4,8,0.21047619047619048,0,0,1,0,0,0,0,0,0,14,0.18614754098360656
3280,ä_ì‡ê¥î¸,3,23,2,4,2,0.1760869565217391,0,1,1,0,0,0,0,0,0,0,0.18614754098360656
3280,ä_ì‡ê¥î¸,4,15,1,2,4,0.14666666666666667,0,0,1,0,0,0,0,0,0,0,0.18614754098360656
3280,ä_ì‡ê¥î¸,5,23,1,2,3,0.16130434782608696,0,0,0,1,0,0,0,0,0,0,0.18614754098360656
3280,ä_ì‡ê¥î¸,6,17,0,0,0,0.22058823529411764,0,0,0,0,0,0,0,0,0,0,0.18614754098360656
3282,írñ{ãPñæ,1,31,13,5,4,0.14838709677419354,13,0,0,0,0,0,6,6,5,0,0.18026548672566373
3282,írñ{ãPñæ,2,46,2,13,7,0.19130434782608696,0,2,0,0,0,0,0,0,0,20,0.18026548672566373
3282,írñ{ãPñæ,3,42,4,7,11,0.17523809523809525,0,0,4,0,0,0,0,0,0,0,0.18026548672566373
3282,írñ{ãPñæ,4,37,2,5,7,0.15567567567567567,0,0,2,0,0,0,0,0,0,0,0.18026548672566373
3282,írñ{ãPñæ,5,44,0,1,7,0.1875,0,0,0,0,0,0,0,0,0,0,0.18026548672566373
3282,írñ{ãPñæ,6,26,0,2,5,0.2296153846153846,0,0,0,0,0,0,0,0,0,0,0.18026548672566373
3284,ìnÁ≤êLëæòY,1,38,19,9,3,0.15289473684210528,16,0,0,0,3,0,5,7,4,0,0.17647058823529413
3284,ìnÁ≤êLëæòY,2,39,4,6,6,0.20897435897435898,0,4,0,0,0,0,0,0,0,23,0.17647058823529413
3284,ìnÁ≤êLëæòY,3,40,5,12,11,0.15975,0,0,2,2,1,0,0,0,0,0,0.17647058823529413
3284,ìnÁ≤êLëæòY,4,45,3,6,6,0.19244444444444445,0,2,1,0,0,0,0,0,0,0,0.17647058823529413
3284,ìnÁ≤êLëæòY,5,43,1,3,7,0.1669767441860465,0,0,0,1,0,0,0,0,0,0,0.17647058823529413
3284,ìnÁ≤êLëæòY,6,33,2,4,5,0.17606060606060606,0,0,1,1,0,0,0,0,0,0,0.17647058823529413
3286,ç‚ìåñû,1,29,19,3,3,0.1520689655172414,18,0,0,0,1,0,3,5,2,0,0.1553763440860215
3286,ç‚ìåñû,2,35,1,6,8,0.144,0,0,0,0,1,0,0,0,0,22,0.1553763440860215
3286,ç‚ìåñû,3,37,2,6,10,0.14270270270270272,0,1,0,0,1,0,0,0,0,0,0.1553763440860215
3286,ç‚ìåñû,4,26,2,4,3,0.14884615384615385,0,0,1,1,0,0,0,0,0,0,0.1553763440860215
3286,ç‚ìåñû,5,31,2,1,5,0.16096774193548388,0,0,0,2,0,0,0,0,0,0,0.1553763440860215
3286,ç‚ìåñû,6,28,0,2,3,0.18964285714285714,0,0,0,0,0,0,0,0,0,0,0.1553763440860215
3289,çÇã¥è~î¸,1,10,2,1,2,0.2,2,0,0,0,0,0,4,2,1,0,0.2134375
3289,çÇã¥è~î¸,2,10,2,2,2,0.19,0,2,0,0,0,0,0,0,0,4,0.2134375
3289,çÇã¥è~î¸,3,11,0,0,2,0.2290909090909091,0,0,0,0,0,0,0,0,0,0,0.2134375
3289,çÇã¥è~î¸,4,9,1,0,2,0.1988888888888889,0,0,1,0,0,0,0,0,0,0,0.2134375
3289,çÇã¥è~î¸,5,11,0,0,3,0.1918181818181818,0,0,0,0,0,0,0,0,0,0,0.2134375
3289,çÇã¥è~î¸,6,13,1,0,0,0.2569230769230769,0,0,0,1,0,0,0,0,0,0,0.2134375
3290,ëqíJòaêM,1,15,7,3,0,0.14933333333333335,6,0,0,0,1,0,5,2,0,0,0.1711764705882353
3290,ëqíJòaêM,2,16,0,4,2,0.17,0,0,0,0,0,0,0,0,0,7,0.1711764705882353
3290,ëqíJòaêM,3,14,1,3,2,0.17500000000000002,0,0,1,0,0,0,0,0,0,0,0.1711764705882353
3290,ëqíJòaêM,4,11,0,2,3,0.20454545454545456,0,0,0,0,0,0,0,0,0,0,0.1711764705882353
3290,ëqíJòaêM,5,14,0,1,3,0.17142857142857143,0,0,0,0,0,0,0,0,0,0,0.1711764705882353
3290,ëqíJòaêM,6,15,0,1,2,0.166,0,0,0,0,0,0,0,0,0,0,0.1711764705882353
3293,ã{ì‡óRãIâp,1,28,5,11,2,0.15464285714285714,5,0,0,0,0,0,12,3,6,0,0.193
3293,ã{ì‡óRãIâp,2,34,2,1,10,0.19058823529411767,0,2,0,0,0,0,0,0,0,18,0.193
3293,ã{ì‡óRãIâp,3,33,2,7,5,0.19272727272727275,0,0,0,1,1,0,0,0,0,0,0.193
3293,ã{ì‡óRãIâp,4,30,2,1,2,0.20666666666666667,0,2,0,0,0,0,0,0,0,0,0.193
3293,ã{ì‡óRãIâp,5,28,0,3,4,0.20035714285714287,0,0,0,0,0,0,0,0,0,0,0.193
3293,ã{ì‡óRãIâp,6,27,0,0,2,0.21333333333333332,0,0,0,0,0,0,0,0,0,0,0.193
3294,ñÏíÜã`ê∂,1,24,8,5,2,0.14625000000000002,8,0,0,0,0,0,7,3,5,0,0.13827956989247311
3294,ñÏíÜã`ê∂,2,36,2,11,6,0.16722222222222224,0,1,1,0,0,0,0,0,0,19,0.13827956989247311
3294,ñÏíÜã`ê∂,3,31,0,5,6,0.14677419354838708,0,0,0,0,0,0,0,0,0,0,0.13827956989247311
3294,ñÏíÜã`ê∂,4,35,4,4,7,0.12228571428571429,0,1,1,2,0,0,0,0,0,0,0.13827956989247311
3294,ñÏíÜã`ê∂,5,33,2,1,3,0.1315151515151515,0,0,1,1,0,0,0,0,0,0,0.13827956989247311
3294,ñÏíÜã`ê∂,6,27,1,3,5,0.11185185185185186,0,1,0,0,0,0,0,0,0,0,0.13827956989247311
3297,ì°ä€åıàÍ,1,34,9,12,5,0.17941176470588235,9,0,0,0,0,0,9,3,9,0,0.18416666666666667
3297,ì°ä€åıàÍ,2,43,2,7,12,0.2055813953488372,0,1,1,0,0,0,0,0,0,21,0.18416666666666667
3297,ì°ä€åıàÍ,3,37,2,9,8,0.19135135135135134,0,0,0,0,2,0,0,0,0,0,0.18416666666666667
3297,ì°ä€åıàÍ,4,39,7,7,6,0.16230769230769232,0,0,3,1,3,0,0,0,0,0,0.18416666666666667
3297,ì°ä€åıàÍ,5,32,1,8,5,0.17,0,0,0,1,0,0,0,0,0,0,0.18416666666666667
3297,ì°ä€åıàÍ,6,31,4,6,7,0.1932258064516129,0,0,4,0,0,0,0,0,0,0,0.18416666666666667
3300,êÏçËíqçK,1,56,34,7,8,0.14107142857142857,33,1,0,0,0,0,5,11,5,0,0.13195652173913044
3300,êÏçËíqçK,2,49,8,17,7,0.13551020408163267,0,6,0,0,2,0,0,0,0,26,0.13195652173913044
3300,êÏçËíqçK,3,45,3,15,13,0.13555555555555554,0,0,0,3,0,0,0,0,0,0,0.13195652173913044
3300,êÏçËíqçK,4,44,5,9,6,0.12090909090909091,0,2,1,2,0,0,0,0,0,0,0.13195652173913044
3300,êÏçËíqçK,5,45,2,7,8,0.1248888888888889,0,0,0,2,0,0,0,0,0,0,0.13195652173913044
3300,êÏçËíqçK,6,37,2,4,7,0.1308108108108108,0,0,1,1,0,0,0,0,0,0,0.13195652173913044
3302,íJêÏó¢ç],1,36,19,10,2,0.17916666666666667,19,0,0,0,0,0,5,4,8,0,0.17651960784313725
3302,íJêÏó¢ç],2,35,7,8,6,0.20257142857142857,0,1,6,0,0,0,0,0,0,17,0.17651960784313725
3302,íJêÏó¢ç],3,41,7,8,2,0.1629268292682927,0,0,6,1,0,0,0,0,0,0,0.17651960784313725
3302,íJêÏó¢ç],4,34,10,2,3,0.135,0,1,9,0,0,0,0,0,0,0,0.17651960784313725
3302,íJêÏó¢ç],5,32,4,2,7,0.180625,0,0,2,1,1,0,0,0,0,0,0.17651960784313725
3302,íJêÏó¢ç],6,26,0,0,0,0.20846153846153845,0,0,0,0,0,0,0,0,0,0,0.17651960784313725
3303,ìnï”ñL,1,53,20,19,7,0.18320754716981133,19,0,0,0,1,0,10,10,11,0,0.1862645914396887
3303,ìnï”ñL,2,44,8,16,11,0.17227272727272727,0,3,5,0,0,0,0,0,0,21,0.1862645914396887
3303,ìnï”ñL,3,49,3,13,7,0.17285714285714288,0,0,1,1,1,0,0,0,0,0,0.1862645914396887
3303,ìnï”ñL,4,34,1,6,11,0.18911764705882356,0,0,1,0,0,0,0,0,0,0,0.1862645914396887
3303,ìnï”ñL,5,38,2,9,9,0.1918421052631579,0,1,0,1,0,0,0,0,0,0,0.1862645914396887
3303,ìnï”ñL,6,39,1,2,11,0.21512820512820513,0,0,0,1,0,0,0,0,0,0,0.1862645914396887
3304,âGñÏå´ëæ,1,60,40,10,3,0.16783333333333333,39,0,0,0,1,0,5,9,5,0,0.1640133779264214
3304,âGñÏå´ëæ,2,48,6,13,6,0.16604166666666667,0,3,3,0,0,0,0,0,0,26,0.1640133779264214
3304,âGñÏå´ëæ,3,58,17,16,10,0.1560344827586207,0,1,10,5,1,0,0,0,0,0,0.1640133779264214
3304,âGñÏå´ëæ,4,40,1,10,9,0.14775,0,0,0,1,0,0,0,0,0,0,0.1640133779264214
3304,âGñÏå´ëæ,5,44,4,4,9,0.17090909090909093,0,1,1,1,0,1,0,0,0,0,0.1640133779264214
3304,âGñÏå´ëæ,6,49,2,3,9,0.17387755102040817,0,0,0,2,0,0,0,0,0,0,0.1640133779264214
3305,è¨ñÏêMé˜,1,26,8,6,0,0.18615384615384614,8,0,0,0,0,0,6,8,4,0,0.1747340425531915
3305,è¨ñÏêMé˜,2,35,2,2,5,0.16685714285714284,1,1,0,0,0,0,0,0,0,19,0.1747340425531915
3305,è¨ñÏêMé˜,3,34,3,5,5,0.20352941176470588,0,0,3,0,0,0,0,0,0,0,0.1747340425531915
3305,è¨ñÏêMé˜,4,33,2,1,3,0.15242424242424243,0,0,1,1,0,0,0,0,0,0,0.1747340425531915
3305,è¨ñÏêMé˜,5,33,0,2,4,0.17393939393939395,0,0,0,0,0,0,0,0,0,0,0.1747340425531915
3305,è¨ñÏêMé˜,6,27,0,1,1,0.16592592592592595,0,0,0,0,0,0,0,0,0,0,0.1747340425531915
3306,ïêìcê≥ãI,1,28,8,7,5,0.17785714285714288,7,0,0,0,1,0,6,8,4,0,0.16938144329896906
3306,ïêìcê≥ãI,2,37,1,5,8,0.17567567567567569,0,1,0,0,0,0,0,0,0,15,0.16938144329896906
3306,ïêìcê≥ãI,3,40,4,4,10,0.17075,0,0,4,0,0,0,0,0,0,0,0.16938144329896906
3306,ïêìcê≥ãI,4,33,4,3,5,0.16666666666666666,0,1,3,0,0,0,0,0,0,0,0.16938144329896906
3306,ïêìcê≥ãI,5,35,0,1,9,0.15457142857142858,0,0,0,0,0,0,0,0,0,0,0.16938144329896906
3306,ïêìcê≥ãI,6,21,0,2,4,0.17333333333333334,0,0,0,0,0,0,0,0,0,0,0.16938144329896906
3307,è„ëÎòaë•,1,14,11,0,1,0.12928571428571428,11,0,0,0,0,0,2,1,0,0,0.16296875
3307,è„ëÎòaë•,2,9,4,2,0,0.17333333333333334,2,1,1,0,0,0,0,0,0,1,0.16296875
3307,è„ëÎòaë•,3,14,2,3,2,0.15285714285714286,2,0,0,0,0,0,0,0,0,0,0.16296875
3307,è„ëÎòaë•,4,11,1,3,2,0.20545454545454545,0,0,0,0,1,0,0,0,0,0,0.16296875
3307,è„ëÎòaë•,5,4,0,1,2,0.1175,0,0,0,0,0,0,0,0,0,0,0.16296875
3307,è„ëÎòaë•,6,12,1,0,5,0.1825,0,1,0,0,0,0,0,0,0,0,0.16296875
3313,ñ{ãgê≥é˜,1,22,8,5,1,0.1759090909090909,7,0,0,0,1,0,4,4,5,0,0.18151898734177216
3313,ñ{ãgê≥é˜,2,34,2,10,5,0.16176470588235295,0,2,0,0,0,0,0,0,0,14,0.18151898734177216
3313,ñ{ãgê≥é˜,3,24,0,8,4,0.17541666666666667,0,0,0,0,0,0,0,0,0,0,0.18151898734177216
3313,ñ{ãgê≥é˜,4,28,1,2,6,0.19392857142857142,0,1,0,0,0,0,0,0,0,0,0.18151898734177216
3313,ñ{ãgê≥é˜,5,27,1,2,5,0.18296296296296297,0,0,0,0,0,1,0,0,0,0,0.18151898734177216
3313,ñ{ãgê≥é˜,6,23,0,0,1,0.2056521739130435,0,0,0,0,0,0,0,0,0,0,0.18151898734177216
3315,çLê£êπêm,1,28,14,6,2,0.17357142857142857,14,0,0,0,0,0,2,9,1,0,0.1685858585858586
3315,çLê£êπêm,2,43,1,14,11,0.15627906976744185,0,0,1,0,0,0,0,0,0,22,0.1685858585858586
3315,çLê£êπêm,3,31,5,6,6,0.1332258064516129,0,0,1,2,2,0,0,0,0,0,0.1685858585858586
3315,çLê£êπêm,4,39,2,6,13,0.1635897435897436,0,0,1,1,0,0,0,0,0,0,0.1685858585858586
3315,çLê£êπêm,5,33,1,2,4,0.18484848484848485,0,0,1,0,0,0,0,0,0,0,0.1685858585858586
3315,çLê£êπêm,6,24,0,1,3,0.21624999999999997,0,0,0,0,0,0,0,0,0,0,0.1685858585858586
3319,éRçËã`ñæ,1,46,27,8,5,0.14217391304347826,26,0,0,0,1,0,5,4,6,0,0.1443579766536965
3319,éRçËã`ñæ,2,47,3,14,8,0.14446808510638298,0,2,1,0,0,0,0,0,0,25,0.1443579766536965
3319,éRçËã`ñæ,3,47,6,14,9,0.14425531914893616,0,1,1,2,2,0,0,0,0,0,0.1443579766536965
3319,éRçËã`ñæ,4,46,4,8,8,0.13543478260869565,0,1,3,0,0,0,0,0,0,0,0.1443579766536965
3319,éRçËã`ñæ,5,37,1,9,6,0.1345945945945946,0,0,0,0,1,0,0,0,0,0,0.1443579766536965
3319,éRçËã`ñæ,6,34,1,3,10,0.17,0,0,0,0,1,0,0,0,0,0,0.1443579766536965
3327,ñÏí∑ê£ê≥çF,1,46,24,15,4,0.12630434782608696,23,0,0,0,1,0,4,7,6,0,0.1653968253968254
3327,ñÏí∑ê£ê≥çF,2,50,2,11,19,0.16,0,1,0,0,1,0,0,0,0,28,0.1653968253968254
3327,ñÏí∑ê£ê≥çF,3,39,4,11,10,0.14897435897435898,1,1,0,2,0,0,0,0,0,0,0.1653968253968254
3327,ñÏí∑ê£ê≥çF,4,41,3,12,9,0.1575609756097561,0,2,1,0,0,0,0,0,0,0,0.1653968253968254
3327,ñÏí∑ê£ê≥çF,5,38,1,7,8,0.18973684210526315,0,0,1,0,0,0,0,0,0,0,0.1653968253968254
3327,ñÏí∑ê£ê≥çF,6,38,3,2,12,0.22078947368421054,0,1,2,0,0,0,0,0,0,0,0.1653968253968254
3333,ä€îˆã`çF,1,58,38,14,5,0.13206896551724137,35,0,0,0,3,0,8,5,5,0,0.15036363636363637
3333,ä€îˆã`çF,2,46,10,8,12,0.14847826086956523,1,7,1,0,1,0,0,0,0,29,0.15036363636363637
3333,ä€îˆã`çF,3,39,6,8,8,0.14153846153846156,0,1,5,0,0,0,0,0,0,0,0.15036363636363637
3333,ä€îˆã`çF,4,46,8,9,11,0.14782608695652175,0,5,2,0,1,0,0,0,0,0,0.15036363636363637
3333,ä€îˆã`çF,5,44,5,10,5,0.16113636363636363,0,0,0,5,0,0,0,0,0,0,0.15036363636363637
3333,ä€îˆã`çF,6,42,3,5,11,0.1773809523809524,0,2,0,0,1,0,0,0,0,0,0.15036363636363637
3334,äpÇ–Ç∆Ç›,1,43,22,6,4,0.2186046511627907,20,0,0,0,2,0,5,9,5,0,0.19780303030303029
3334,äpÇ–Ç∆Ç›,2,53,6,6,10,0.19471698113207547,1,4,1,0,0,0,0,0,0,26,0.19780303030303029
3334,äpÇ–Ç∆Ç›,3,51,6,13,13,0.1923529411764706,0,3,0,3,0,0,0,0,0,0,0.19780303030303029
3334,äpÇ–Ç∆Ç›,4,44,5,10,10,0.19386363636363635,0,3,1,0,1,0,0,0,0,0,0.19780303030303029
3334,äpÇ–Ç∆Ç›,5,43,4,3,8,0.18441860465116278,0,1,0,1,2,0,0,0,0,0,0.19780303030303029
3334,äpÇ–Ç∆Ç›,6,30,0,2,5,0.2076666666666667,0,0,0,0,0,0,0,0,0,0,0.19780303030303029
3338,èoñ{ê≥îé,1,9,0,2,1,0.1688888888888889,0,0,0,0,0,0,4,3,2,0,0.16177777777777777
3338,èoñ{ê≥îé,2,6,0,2,1,0.18000000000000002,0,0,0,0,0,0,0,0,0,1,0.16177777777777777
3338,èoñ{ê≥îé,3,9,0,1,0,0.18222222222222223,0,0,0,0,0,0,0,0,0,0,0.16177777777777777
3338,èoñ{ê≥îé,4,7,0,0,1,0.13714285714285715,0,0,0,0,0,0,0,0,0,0,0.16177777777777777
3338,èoñ{ê≥îé,5,5,0,0,0,0.152,0,0,0,0,0,0,0,0,0,0,0.16177777777777777
3338,èoñ{ê≥îé,6,9,0,0,1,0.14666666666666667,0,0,0,0,0,0,0,0,0,0,0.16177777777777777
3339,êÚãÔñ§,1,35,14,5,3,0.182,14,0,0,0,0,0,7,7,6,0,0.16726368159203978
3339,êÚãÔñ§,2,41,1,5,13,0.17097560975609755,0,1,0,0,0,0,0,0,0,27,0.16726368159203978
3339,êÚãÔñ§,3,32,3,5,10,0.1246875,0,1,0,2,0,0,0,0,0,0,0.16726368159203978
3339,êÚãÔñ§,4,29,3,2,5,0.16655172413793104,0,0,3,0,0,0,0,0,0,0,0.16726368159203978
3339,êÚãÔñ§,5,27,1,3,8,0.16,0,0,0,1,0,0,0,0,0,0,0.16726368159203978
3339,êÚãÔñ§,6,37,1,3,5,0.19189189189189187,0,0,1,0,0,0,0,0,0,0,0.16726368159203978
3340,írìcóãëæ,1,40,11,11,7,0.17625,8,0,0,0,3,0,15,6,4,0,0.17331983805668016
3340,írìcóãëæ,2,53,6,13,6,0.16584905660377358,0,5,0,0,1,0,0,0,0,28,0.17331983805668016
3340,írìcóãëæ,3,36,5,7,6,0.17472222222222222,0,2,2,1,0,0,0,0,0,0,0.17331983805668016
3340,írìcóãëæ,4,40,2,3,10,0.17675000000000002,0,0,0,2,0,0,0,0,0,0,0.17331983805668016
3340,írìcóãëæ,5,41,1,4,7,0.16463414634146342,0,0,0,1,0,0,0,0,0,0,0.17331983805668016
3340,írìcóãëæ,6,37,0,4,10,0.18540540540540543,0,0,0,0,0,0,0,0,0,0,0.17331983805668016
3346,ã{ñ{óTîV,1,16,8,2,2,0.1675,6,0,0,0,2,0,3,1,2,0,0.1837719298245614
3346,ã{ñ{óTîV,2,21,2,3,4,0.16238095238095238,0,1,1,0,0,0,0,0,0,7,0.1837719298245614
3346,ã{ñ{óTîV,3,18,1,2,2,0.16611111111111113,0,1,0,0,0,0,0,0,0,0,0.1837719298245614
3346,ã{ñ{óTîV,4,22,1,2,4,0.19954545454545453,0,0,0,1,0,0,0,0,0,0,0.1837719298245614
3346,ã{ñ{óTîV,5,16,0,0,0,0.186875,0,0,0,0,0,0,0,0,0,0,0.1837719298245614
3346,ã{ñ{óTîV,6,21,0,0,2,0.2138095238095238,0,0,0,0,0,0,0,0,0,0,0.1837719298245614
3347,ñÓå„çÑ,1,15,6,2,4,0.13066666666666665,4,0,0,0,2,0,4,3,2,0,0.1784848484848485
3347,ñÓå„çÑ,2,16,1,5,5,0.186875,0,0,0,0,0,1,0,0,0,10,0.1784848484848485
3347,ñÓå„çÑ,3,18,1,5,3,0.1627777777777778,0,1,0,0,0,0,0,0,0,0,0.1784848484848485
3347,ñÓå„çÑ,4,15,0,0,5,0.2033333333333333,0,0,0,0,0,0,0,0,0,0,0.1784848484848485
3347,ñÓå„çÑ,5,18,0,0,3,0.1988888888888889,0,0,0,0,0,0,0,0,0,0,0.1784848484848485
3347,ñÓå„çÑ,6,17,0,1,6,0.18588235294117647,0,0,0,0,0,0,0,0,0,0,0.1784848484848485
3349,ãgìcàÍòY,1,35,27,4,3,0.12885714285714286,26,0,0,0,1,0,3,1,4,0,0.14322751322751323
3349,ãgìcàÍòY,2,33,6,10,2,0.14636363636363636,1,3,1,0,1,0,0,0,0,15,0.14322751322751323
3349,ãgìcàÍòY,3,30,2,7,7,0.14400000000000002,0,0,1,1,0,0,0,0,0,0,0.14322751322751323
3349,ãgìcàÍòY,4,28,2,5,6,0.14464285714285713,0,1,1,0,0,0,0,0,0,0,0.14322751322751323
3349,ãgìcàÍòY,5,28,2,5,3,0.1464285714285714,1,1,0,0,0,0,0,0,0,0,0.14322751322751323
3349,ãgìcàÍòY,6,35,1,5,8,0.15028571428571427,0,1,0,0,0,0,0,0,0,0,0.14322751322751323
3350,ì°ñ{â¿éj,1,45,20,12,4,0.14333333333333334,20,0,0,0,0,0,7,3,10,0,0.1535918367346939
3350,ì°ñ{â¿éj,2,47,7,12,14,0.15319148936170213,0,5,1,0,1,0,0,0,0,25,0.1535918367346939
3350,ì°ñ{â¿éj,3,41,1,9,14,0.1429268292682927,0,0,0,0,1,0,0,0,0,0,0.1535918367346939
3350,ì°ñ{â¿éj,4,37,4,3,12,0.14891891891891892,0,2,2,0,0,0,0,0,0,0,0.1535918367346939
3350,ì°ñ{â¿éj,5,33,1,5,8,0.15424242424242424,0,0,0,0,1,0,0,0,0,0,0.1535918367346939
3350,ì°ñ{â¿éj,6,42,0,2,8,0.17904761904761907,0,0,0,0,0,0,0,0,0,0,0.1535918367346939
3352,è¨êÏçWéi,2,1,0,0,0,0.18,0,0,0,0,0,0,0,0,0,1,0.16348039215686275
3352,è¨êÏçWéi,3,2,0,0,0,0.19,0,0,0,0,0,0,0,0,0,0,0.16348039215686275
3352,è¨êÏçWéi,4,10,0,3,1,0.138,0,0,0,0,0,0,0,0,0,0,0.16348039215686275
3352,è¨êÏçWéi,5,62,2,11,21,0.16096774193548388,0,0,1,1,0,0,0,0,0,0,0.16348039215686275
3352,è¨êÏçWéi,6,129,3,14,34,0.16612403100775194,0,0,1,1,0,1,0,0,0,0,0.16348039215686275
3353,ëOìcåıè∫,1,15,2,2,3,0.22866666666666668,2,0,0,0,0,0,3,8,1,0,0.16322916666666668
3353,ëOìcåıè∫,2,20,1,2,2,0.1125,0,1,0,0,0,0,0,0,0,14,0.16322916666666668
3353,ëOìcåıè∫,3,19,1,4,1,0.11473684210526316,0,0,1,0,0,0,0,0,0,0,0.16322916666666668
3353,ëOìcåıè∫,4,14,2,2,1,0.14857142857142858,0,1,1,0,0,0,0,0,0,0,0.16322916666666668
3353,ëOìcåıè∫,5,15,0,0,1,0.192,0,0,0,0,0,0,0,0,0,0,0.16322916666666668
3353,ëOìcåıè∫,6,13,0,1,0,0.21923076923076923,0,0,0,0,0,0,0,0,0,0,0.16322916666666668
3355,ã¥íJìcâ¿êD,1,7,0,0,2,0.23,0,0,0,0,0,0,1,5,1,0,0.24666666666666665
3355,ã¥íJìcâ¿êD,2,9,0,0,3,0.23666666666666666,0,0,0,0,0,0,0,0,0,5,0.24666666666666665
3355,ã¥íJìcâ¿êD,3,7,0,1,1,0.23857142857142857,0,0,0,0,0,0,0,0,0,0,0.24666666666666665
3355,ã¥íJìcâ¿êD,4,10,0,0,2,0.29500000000000004,0,0,0,0,0,0,0,0,0,0,0.24666666666666665
3355,ã¥íJìcâ¿êD,5,7,0,1,0,0.25,0,0,0,0,0,0,0,0,0,0,0.24666666666666665
3355,ã¥íJìcâ¿êD,6,5,0,0,0,0.198,0,0,0,0,0,0,0,0,0,0,0.24666666666666665
3357,ïüìáózéq,1,29,8,7,8,0.20793103448275863,7,0,0,0,1,0,5,10,6,0,0.1948730964467005
3357,ïüìáózéq,2,41,5,7,10,0.18707317073170732,0,4,1,0,0,0,0,0,0,24,0.1948730964467005
3357,ïüìáózéq,3,40,4,2,7,0.19175,0,0,3,1,0,0,0,0,0,0,0.1948730964467005
3357,ïüìáózéq,4,30,2,3,3,0.174,0,0,1,1,0,0,0,0,0,0,0.1948730964467005
3357,ïüìáózéq,5,33,1,1,5,0.20424242424242425,0,0,0,0,1,0,0,0,0,0,0.1948730964467005
3357,ïüìáózéq,6,24,0,0,3,0.21083333333333332,0,0,0,0,0,0,0,0,0,0,0.1948730964467005
3361,â™ïîç_,1,27,10,2,4,0.1325925925925926,10,0,0,0,0,0,7,8,2,0,0.1743
3361,â™ïîç_,2,37,1,5,8,0.16243243243243244,0,1,0,0,0,0,0,0,0,19,0.1743
3361,â™ïîç_,3,32,2,5,7,0.15875,0,0,1,1,0,0,0,0,0,0,0.1743
3361,â™ïîç_,4,36,0,6,5,0.17194444444444446,0,0,0,0,0,0,0,0,0,0,0.1743
3361,â™ïîç_,5,39,3,1,8,0.19205128205128205,0,0,2,0,1,0,0,0,0,0,0.1743
3361,â™ïîç_,6,29,0,1,3,0.22448275862068964,0,0,0,0,0,0,0,0,0,0,0.1743
3362,ä‘ìàêméu,1,46,23,11,5,0.16652173913043478,21,0,0,0,2,0,9,5,8,0,0.19791164658634539
3362,ä‘ìàêméu,2,43,2,20,2,0.21325581395348836,0,2,0,0,0,0,0,0,0,23,0.19791164658634539
3362,ä‘ìàêméu,3,45,6,12,8,0.17711111111111114,0,0,5,1,0,0,0,0,0,0,0.19791164658634539
3362,ä‘ìàêméu,4,42,3,11,9,0.20642857142857143,0,0,3,0,0,0,0,0,0,0,0.19791164658634539
3362,ä‘ìàêméu,5,38,4,5,5,0.2136842105263158,0,3,0,0,1,0,0,0,0,0,0.19791164658634539
3362,ä‘ìàêméu,6,35,2,10,7,0.21971428571428572,0,1,1,0,0,0,0,0,0,0,0.19791164658634539
3370,íÿì‡é¿,1,31,9,7,4,0.1925806451612903,9,0,0,0,0,0,6,9,5,0,0.18766839378238342
3370,íÿì‡é¿,2,33,2,3,6,0.17696969696969697,0,1,1,0,0,0,0,0,0,22,0.18766839378238342
3370,íÿì‡é¿,3,36,0,3,11,0.17444444444444446,0,0,0,0,0,0,0,0,0,0,0.18766839378238342
3370,íÿì‡é¿,4,37,4,3,9,0.1681081081081081,0,1,0,2,1,0,0,0,0,0,0.18766839378238342
3370,íÿì‡é¿,5,32,0,0,1,0.1909375,0,0,0,0,0,0,0,0,0,0,0.18766839378238342
3370,íÿì‡é¿,6,24,0,2,1,0.24166666666666667,0,0,0,0,0,0,0,0,0,0,0.18766839378238342
3372,â¡ì°âÎîV,1,20,6,4,3,0.201,6,0,0,0,0,0,4,5,2,0,0.20412698412698413
3372,â¡ì°âÎîV,2,23,0,1,3,0.1982608695652174,0,0,0,0,0,0,0,0,0,10,0.20412698412698413
3372,â¡ì°âÎîV,3,24,0,1,3,0.20958333333333334,0,0,0,0,0,0,0,0,0,0,0.20412698412698413
3372,â¡ì°âÎîV,4,21,0,8,0,0.2080952380952381,0,0,0,0,0,0,0,0,0,0,0.20412698412698413
3372,â¡ì°âÎîV,5,17,0,0,2,0.19705882352941176,0,0,0,0,0,0,0,0,0,0,0.20412698412698413
3372,â¡ì°âÎîV,6,21,0,2,1,0.20904761904761907,0,0,0,0,0,0,0,0,0,0,0.20412698412698413
3377,íÀìcèCìÒ,1,16,3,3,5,0.2075,3,0,0,0,0,0,3,5,2,0,0.1840449438202247
3377,íÀìcèCìÒ,2,17,1,5,4,0.18529411764705883,0,0,1,0,0,0,0,0,0,10,0.1840449438202247
3377,íÀìcèCìÒ,3,16,0,2,5,0.173125,0,0,0,0,0,0,0,0,0,0,0.1840449438202247
3377,íÀìcèCìÒ,4,14,1,0,3,0.16214285714285714,0,0,1,0,0,0,0,0,0,0,0.1840449438202247
3377,íÀìcèCìÒ,5,15,0,3,3,0.194,0,0,0,0,0,0,0,0,0,0,0.1840449438202247
3377,íÀìcèCìÒ,6,11,1,0,2,0.1781818181818182,0,0,1,0,0,0,0,0,0,0,0.1840449438202247
3381,ëÍëÚñFçs,1,37,15,9,6,0.16594594594594594,12,0,0,0,2,1,6,7,6,0,0.1480841121495327
3381,ëÍëÚñFçs,2,36,6,9,4,0.13805555555555554,0,1,5,0,0,0,0,0,0,20,0.1480841121495327
3381,ëÍëÚñFçs,3,41,9,6,7,0.1351219512195122,0,0,8,1,0,0,0,0,0,0,0.1480841121495327
3381,ëÍëÚñFçs,4,31,3,8,6,0.1606451612903226,0,0,3,0,0,0,0,0,0,0,0.1480841121495327
3381,ëÍëÚñFçs,5,34,5,5,2,0.14029411764705882,0,0,3,1,0,1,0,0,0,0,0.1480841121495327
3381,ëÍëÚñFçs,6,35,3,0,4,0.15114285714285713,0,0,3,0,0,0,0,0,0,0,0.1480841121495327
3385,ìnÁ≥ñrçL,1,39,18,7,7,0.16487179487179487,17,0,0,0,1,0,6,11,3,0,0.17060606060606062
3385,ìnÁ≥ñrçL,2,30,7,11,5,0.14933333333333335,0,4,2,0,1,0,0,0,0,15,0.17060606060606062
3385,ìnÁ≥ñrçL,3,32,4,12,2,0.1740625,0,0,3,0,1,0,0,0,0,0,0.17060606060606062
3385,ìnÁ≥ñrçL,4,30,3,2,10,0.16766666666666669,0,1,0,2,0,0,0,0,0,0,0.17060606060606062
3385,ìnÁ≥ñrçL,5,31,2,5,8,0.18096774193548387,0,0,0,2,0,0,0,0,0,0,0.17060606060606062
3385,ìnÁ≥ñrçL,6,36,1,3,5,0.185,0,0,0,1,0,0,0,0,0,0,0.17060606060606062
3388,ç°ä_åıëæòY,1,47,38,5,3,0.16404255319148936,34,0,0,0,3,1,3,3,3,0,0.17637305699481864
3388,ç°ä_åıëæòY,2,21,4,7,4,0.20571428571428574,0,2,2,0,0,0,0,0,0,11,0.17637305699481864
3388,ç°ä_åıëæòY,3,36,14,9,2,0.1938888888888889,0,1,7,4,2,0,0,0,0,0,0.17637305699481864
3388,ç°ä_åıëæòY,4,30,8,10,5,0.13933333333333334,0,1,4,3,0,0,0,0,0,0,0.17637305699481864
3388,ç°ä_åıëæòY,5,26,2,5,7,0.14923076923076922,0,0,1,1,0,0,0,0,0,0,0.17637305699481864
3388,ç°ä_åıëæòY,6,33,8,6,7,0.2112121212121212,0,0,4,2,2,0,0,0,0,0,0.17637305699481864
3392,è¨êXêMóY,1,24,6,5,5,0.19083333333333333,5,0,0,0,1,0,5,7,5,0,0.17439560439560442
3392,è¨êXêMóY,2,34,3,5,5,0.19088235294117648,0,2,0,1,0,0,0,0,0,19,0.17439560439560442
3392,è¨êXêMóY,3,36,0,4,6,0.175,0,0,0,0,0,0,0,0,0,0,0.17439560439560442
3392,è¨êXêMóY,4,31,1,6,9,0.17935483870967744,0,1,0,0,0,0,0,0,0,0,0.17439560439560442
3392,è¨êXêMóY,5,31,0,0,9,0.16419354838709677,0,0,0,0,0,0,0,0,0,0,0.17439560439560442
3392,è¨êXêMóY,6,26,1,1,1,0.14307692307692307,0,0,0,0,1,0,0,0,0,0,0.17439560439560442
3400,îÛç]à‰úƒóS,1,11,2,1,1,0.16909090909090907,2,0,0,0,0,0,4,2,1,0,0.17210526315789473
3400,îÛç]à‰úƒóS,2,13,0,2,2,0.16846153846153847,0,0,0,0,0,0,0,0,0,9,0.17210526315789473
3400,îÛç]à‰úƒóS,3,15,1,0,1,0.196,0,0,0,1,0,0,0,0,0,0,0.17210526315789473
3400,îÛç]à‰úƒóS,4,11,0,1,0,0.19727272727272727,0,0,0,0,0,0,0,0,0,0,0.17210526315789473
3400,îÛç]à‰úƒóS,5,15,0,1,2,0.14933333333333335,0,0,0,0,0,0,0,0,0,0,0.17210526315789473
3400,îÛç]à‰úƒóS,6,11,0,0,1,0.1527272727272727,0,0,0,0,0,0,0,0,0,0,0.17210526315789473
3401,è„ìcó≤èÕ,1,33,16,3,5,0.14939393939393938,14,0,0,0,2,0,3,5,6,0,0.1822167487684729
3401,è„ìcó≤èÕ,2,40,6,11,8,0.1855,0,4,0,0,2,0,0,0,0,22,0.1822167487684729
3401,è„ìcó≤èÕ,3,32,1,6,7,0.19375,0,0,1,0,0,0,0,0,0,0,0.1822167487684729
3401,è„ìcó≤èÕ,4,33,1,3,4,0.19090909090909092,0,1,0,0,0,0,0,0,0,0,0.1822167487684729
3401,è„ìcó≤èÕ,5,33,0,2,8,0.1809090909090909,0,0,0,0,0,0,0,0,0,0,0.1822167487684729
3401,è„ìcó≤èÕ,6,32,1,2,3,0.1928125,0,1,0,0,0,0,0,0,0,0,0.1822167487684729
3406,íÜó¢âpïv,1,39,16,9,9,0.13076923076923075,15,0,0,0,1,0,5,9,5,0,0.16053333333333333
3406,íÜó¢âpïv,2,40,5,11,9,0.14250000000000002,0,5,0,0,0,0,0,0,0,23,0.16053333333333333
3406,íÜó¢âpïv,3,35,3,6,8,0.14885714285714285,0,1,1,0,1,0,0,0,0,0,0.16053333333333333
3406,íÜó¢âpïv,4,33,2,7,6,0.18727272727272726,0,2,0,0,0,0,0,0,0,0,0.16053333333333333
3406,íÜó¢âpïv,5,40,2,4,8,0.17550000000000002,0,0,0,2,0,0,0,0,0,0,0.16053333333333333
3406,íÜó¢âpïv,6,38,0,5,11,0.1818421052631579,0,0,0,0,0,0,0,0,0,0,0.16053333333333333
3411,írè„ó≤çs,1,30,11,5,3,0.15933333333333335,11,0,0,0,0,0,3,5,11,0,0.17542857142857143
3411,írè„ó≤çs,2,29,1,4,3,0.17482758620689656,0,0,1,0,0,0,0,0,0,15,0.17542857142857143
3411,írè„ó≤çs,3,34,1,3,4,0.1611764705882353,0,0,0,1,0,0,0,0,0,0,0.17542857142857143
3411,írè„ó≤çs,4,29,1,2,4,0.1631034482758621,0,0,1,0,0,0,0,0,0,0,0.17542857142857143
3411,írè„ó≤çs,5,27,0,0,2,0.18703703703703703,0,0,0,0,0,0,0,0,0,0,0.17542857142857143
3411,írè„ó≤çs,6,26,0,0,0,0.215,0,0,0,0,0,0,0,0,0,0,0.17542857142857143
3412,óÈñÿîé,1,57,46,6,2,0.14649122807017542,42,0,0,0,4,0,4,3,2,0,0.16661764705882354
3412,óÈñÿîé,2,48,11,14,9,0.1725,0,4,6,0,1,0,0,0,0,23,0.16661764705882354
3412,óÈñÿîé,3,42,6,15,7,0.18285714285714286,0,0,2,4,0,0,0,0,0,0,0.16661764705882354
3412,óÈñÿîé,4,42,4,10,13,0.16714285714285715,0,3,1,0,0,0,0,0,0,0,0.16661764705882354
3412,óÈñÿîé,5,40,5,5,10,0.182,0,0,3,2,0,0,0,0,0,0,0.16661764705882354
3412,óÈñÿîé,6,43,2,9,8,0.15604651162790698,0,2,0,0,0,0,0,0,0,0,0.16661764705882354
3414,â¡ê£íqçG,1,22,6,6,3,0.145,6,0,0,0,0,0,3,6,5,0,0.15372262773722628
3414,â¡ê£íqçG,2,21,2,5,4,0.14857142857142858,0,1,1,0,0,0,0,0,0,11,0.15372262773722628
3414,â¡ê£íqçG,3,24,2,4,4,0.15916666666666665,0,0,1,1,0,0,0,0,0,0,0.15372262773722628
3414,â¡ê£íqçG,4,27,2,4,4,0.14777777777777779,0,1,1,0,0,0,0,0,0,0,0.15372262773722628
3414,â¡ê£íqçG,5,23,0,1,1,0.15521739130434783,0,0,0,0,0,0,0,0,0,0,0.15372262773722628
3414,â¡ê£íqçG,6,20,0,2,5,0.1685,0,0,0,0,0,0,0,0,0,0,0.15372262773722628
3415,èºà‰î…,1,62,42,12,3,0.14080645161290323,42,0,0,0,0,0,7,3,9,0,0.14283582089552238
3415,èºà‰î…,2,44,10,11,9,0.1384090909090909,0,10,0,0,0,0,0,0,0,29,0.14283582089552238
3415,èºà‰î…,3,47,6,10,13,0.14468085106382977,0,1,2,2,1,0,0,0,0,0,0.14283582089552238
3415,èºà‰î…,4,44,3,9,16,0.1384090909090909,0,1,0,1,1,0,0,0,0,0,0.14283582089552238
3415,èºà‰î…,5,33,1,7,9,0.14727272727272728,0,1,0,0,0,0,0,0,0,0,0.14283582089552238
3415,èºà‰î…,6,38,0,8,9,0.15026315789473685,0,0,0,0,0,0,0,0,0,0,0.14283582089552238
3419,åIå¥å™é°,1,28,7,11,4,0.16464285714285715,7,0,0,0,0,0,8,7,4,0,0.2130722891566265
3419,åIå¥å™é°,2,25,0,3,6,0.22519999999999998,0,0,0,0,0,0,0,0,0,16,0.2130722891566265
3419,åIå¥å™é°,3,29,0,3,4,0.21172413793103448,0,0,0,0,0,0,0,0,0,0,0.2130722891566265
3419,åIå¥å™é°,4,27,0,3,4,0.19666666666666666,0,0,0,0,0,0,0,0,0,0,0.2130722891566265
3419,åIå¥å™é°,5,22,0,0,6,0.2381818181818182,0,0,0,0,0,0,0,0,0,0,0.2130722891566265
3419,åIå¥å™é°,6,35,0,1,3,0.24114285714285713,0,0,0,0,0,0,0,0,0,0,0.2130722891566265
3422,ïûïîçKíj,1,55,41,10,2,0.15836363636363637,38,0,0,0,3,0,7,2,3,0,0.1531623931623932
3422,ïûïîçKíj,2,39,6,13,8,0.1817948717948718,0,2,3,1,0,0,0,0,0,19,0.1531623931623932
3422,ïûïîçKíj,3,39,6,9,6,0.14846153846153845,0,2,1,1,2,0,0,0,0,0,0.1531623931623932
3422,ïûïîçKíj,4,32,5,5,4,0.1284375,0,0,3,1,0,1,0,0,0,0,0.1531623931623932
3422,ïûïîçKíj,5,36,7,3,10,0.13333333333333333,0,0,5,1,0,1,0,0,0,0,0.1531623931623932
3422,ïûïîçKíj,6,33,6,6,6,0.1618181818181818,0,0,2,3,0,1,0,0,0,0,0.1531623931623932
3427,ëÂâÍçLçK,1,29,16,7,2,0.17517241379310344,15,0,0,0,1,0,3,4,5,0,0.1872
3427,ëÂâÍçLçK,2,25,2,5,7,0.212,0,2,0,0,0,0,0,0,0,12,0.1872
3427,ëÂâÍçLçK,3,21,3,5,3,0.19571428571428573,0,0,1,2,0,0,0,0,0,0,0.1872
3427,ëÂâÍçLçK,4,23,0,1,8,0.1773913043478261,0,0,0,0,0,0,0,0,0,0,0.1872
3427,ëÂâÍçLçK,5,22,1,6,3,0.17,0,0,0,0,0,1,0,0,0,0,0.1872
3427,ëÂâÍçLçK,6,30,2,1,4,0.19233333333333336,0,0,0,2,0,0,0,0,0,0,0.1872
3430,äpïlèC,1,28,12,2,5,0.1457142857142857,12,0,0,0,0,0,5,5,4,0,0.16683257918552036
3430,äpïlèC,2,47,3,5,7,0.17765957446808509,0,2,0,0,0,1,0,0,0,27,0.16683257918552036
3430,äpïlèC,3,36,3,4,5,0.16166666666666668,0,0,3,0,0,0,0,0,0,0,0.16683257918552036
3430,äpïlèC,4,38,1,4,2,0.1539473684210526,0,0,1,0,0,0,0,0,0,0,0.16683257918552036
3430,äpïlèC,5,43,0,1,5,0.1811627906976744,0,0,0,0,0,0,0,0,0,0,0.16683257918552036
3430,äpïlèC,6,29,0,2,1,0.1717241379310345,0,0,0,0,0,0,0,0,0,0,0.16683257918552036
3432,ã{îóí®ïF,1,52,24,13,1,0.16326923076923078,21,0,0,0,3,0,12,9,5,0,0.1635897435897436
3432,ã{îóí®ïF,2,46,7,14,9,0.1508695652173913,0,4,1,1,1,0,0,0,0,30,0.1635897435897436
3432,ã{îóí®ïF,3,49,5,11,8,0.15142857142857144,0,0,4,1,0,0,0,0,0,0,0.1635897435897436
3432,ã{îóí®ïF,4,47,5,6,14,0.15574468085106383,0,0,1,3,0,1,0,0,0,0,0.1635897435897436
3432,ã{îóí®ïF,5,40,0,1,10,0.17725,0,0,0,0,0,0,0,0,0,0,0.1635897435897436
3432,ã{îóí®ïF,6,39,0,3,5,0.18974358974358976,0,0,0,0,0,0,0,0,0,0,0.1635897435897436
3434,èºîˆêÈñM,1,27,17,5,1,0.16444444444444445,16,0,0,0,1,0,5,1,3,0,0.16964646464646466
3434,èºîˆêÈñM,2,38,1,10,5,0.1636842105263158,0,0,1,0,0,0,0,0,0,28,0.16964646464646466
3434,èºîˆêÈñM,3,35,1,4,6,0.16428571428571428,0,0,0,0,1,0,0,0,0,0,0.16964646464646466
3434,èºîˆêÈñM,4,35,1,5,3,0.1662857142857143,0,0,1,0,0,0,0,0,0,0,0.16964646464646466
3434,èºîˆêÈñM,5,37,0,3,6,0.17216216216216215,0,0,0,0,0,0,0,0,0,0,0.16964646464646466
3434,èºîˆêÈñM,6,26,0,1,2,0.19192307692307692,0,0,0,0,0,0,0,0,0,0,0.16964646464646466
3435,éõìcêÁåb,1,68,48,8,6,0.15250000000000002,48,0,0,0,0,0,10,6,3,0,0.1540074906367041
3435,éõìcêÁåb,2,44,7,15,10,0.15000000000000002,0,2,4,0,1,0,0,0,0,23,0.1540074906367041
3435,éõìcêÁåb,3,47,12,12,10,0.16106382978723405,0,1,5,5,1,0,0,0,0,0,0.1540074906367041
3435,éõìcêÁåb,4,38,5,15,6,0.14710526315789474,0,0,4,0,1,0,0,0,0,0,0.1540074906367041
3435,éõìcêÁåb,5,34,0,9,7,0.13323529411764706,0,0,0,0,0,0,0,0,0,0,0.1540074906367041
3435,éõìcêÁåb,6,36,2,5,7,0.17944444444444443,0,1,0,1,0,0,0,0,0,0,0.1540074906367041
3436,îêñÏçKìÒ,1,41,24,11,1,0.10731707317073172,24,0,0,0,0,0,6,2,7,0,0.12872641509433963
3436,îêñÏçKìÒ,2,37,2,12,5,0.1327027027027027,0,2,0,0,0,0,0,0,0,23,0.12872641509433963
3436,îêñÏçKìÒ,3,36,4,13,6,0.12833333333333333,0,1,3,0,0,0,0,0,0,0,0.12872641509433963
3436,îêñÏçKìÒ,4,33,3,8,7,0.11212121212121212,0,0,2,0,1,0,0,0,0,0,0.12872641509433963
3436,îêñÏçKìÒ,5,29,1,2,5,0.14758620689655172,0,0,1,0,0,0,0,0,0,0,0.12872641509433963
3436,îêñÏçKìÒ,6,36,0,3,3,0.14944444444444444,0,0,0,0,0,0,0,0,0,0,0.12872641509433963
3439,ëÂïΩó_éjñæ,1,48,28,10,2,0.16083333333333333,27,0,0,0,1,0,8,5,2,0,0.16153558052434458
3439,ëÂïΩó_éjñæ,2,48,6,15,6,0.15562499999999999,0,3,2,0,1,0,0,0,0,27,0.16153558052434458
3439,ëÂïΩó_éjñæ,3,46,5,11,6,0.16065217391304348,0,1,1,3,0,0,0,0,0,0,0.16153558052434458
3439,ëÂïΩó_éjñæ,4,42,6,7,7,0.1376190476190476,0,2,1,1,2,0,0,0,0,0,0.16153558052434458
3439,ëÂïΩó_éjñæ,5,38,3,5,8,0.17078947368421052,0,0,0,3,0,0,0,0,0,0,0.16153558052434458
3439,ëÂïΩó_éjñæ,6,45,0,3,11,0.184,0,0,0,0,0,0,0,0,0,0,0.16153558052434458
3441,ìyâÆëæòN,1,32,8,4,7,0.2075,8,0,0,0,0,0,3,10,7,0,0.1905529953917051
3441,ìyâÆëæòN,2,40,5,13,10,0.1845,0,4,0,0,1,0,0,0,0,21,0.1905529953917051
3441,ìyâÆëæòN,3,34,2,7,9,0.1635294117647059,0,0,2,0,0,0,0,0,0,0,0.1905529953917051
3441,ìyâÆëæòN,4,38,1,3,9,0.19342105263157894,0,1,0,0,0,0,0,0,0,0,0.1905529953917051
3441,ìyâÆëæòN,5,38,1,8,7,0.18763157894736843,0,0,0,1,0,0,0,0,0,0,0.1905529953917051
3441,ìyâÆëæòN,6,35,0,1,9,0.2082857142857143,0,0,0,0,0,0,0,0,0,0,0.1905529953917051
3442,ã{ïêâpéi,1,47,20,14,7,0.15765957446808512,19,0,0,0,1,0,9,6,6,0,0.1657983193277311
3442,ã{ïêâpéi,2,41,2,19,11,0.1575609756097561,0,2,0,0,0,0,0,0,0,27,0.1657983193277311
3442,ã{ïêâpéi,3,41,2,6,9,0.1675609756097561,0,1,0,1,0,0,0,0,0,0,0.1657983193277311
3442,ã{ïêâpéi,4,37,5,5,10,0.16486486486486485,0,2,1,2,0,0,0,0,0,0,0.1657983193277311
3442,ã{ïêâpéi,5,36,0,4,5,0.16333333333333333,0,0,0,0,0,0,0,0,0,0,0.1657983193277311
3442,ã{ïêâpéi,6,36,1,3,5,0.18722222222222223,0,0,1,0,0,0,0,0,0,0,0.1657983193277311
3444,çÅåéëÂâÓ,1,32,10,9,4,0.1721875,8,0,1,0,1,0,7,5,10,0,0.15459090909090908
3444,çÅåéëÂâÓ,2,43,2,7,4,0.15976744186046513,0,0,2,0,0,0,0,0,0,28,0.15459090909090908
3444,çÅåéëÂâÓ,3,40,4,4,8,0.15925,0,0,4,0,0,0,0,0,0,0,0.15459090909090908
3444,çÅåéëÂâÓ,4,39,4,7,2,0.13564102564102565,0,0,3,1,0,0,0,0,0,0,0.15459090909090908
3444,çÅåéëÂâÓ,5,38,2,3,2,0.15710526315789472,0,0,2,0,0,0,0,0,0,0,0.15459090909090908
3444,çÅåéëÂâÓ,6,28,0,0,2,0.14285714285714285,0,0,0,0,0,0,0,0,0,0,0.15459090909090908
3445,â¡ì°çÇéj,1,27,8,11,4,0.15777777777777777,8,0,0,0,0,0,7,7,4,0,0.1776027397260274
3445,â¡ì°çÇéj,2,22,4,3,3,0.2009090909090909,0,4,0,0,0,0,0,0,0,11,0.1776027397260274
3445,â¡ì°çÇéj,3,29,3,8,6,0.1568965517241379,0,1,1,1,0,0,0,0,0,0,0.1776027397260274
3445,â¡ì°çÇéj,4,22,2,2,3,0.1731818181818182,0,0,2,0,0,0,0,0,0,0,0.1776027397260274
3445,â¡ì°çÇéj,5,24,2,7,1,0.17916666666666667,0,0,0,2,0,0,0,0,0,0,0.1776027397260274
3445,â¡ì°çÇéj,6,22,0,2,2,0.20863636363636362,0,0,0,0,0,0,0,0,0,0,0.1776027397260274
3448,çÇéRèGóY,1,30,12,3,3,0.17266666666666666,11,0,0,0,1,0,4,7,4,0,0.1921212121212121
3448,çÇéRèGóY,2,37,2,5,14,0.16594594594594594,0,2,0,0,0,0,0,0,0,20,0.1921212121212121
3448,çÇéRèGóY,3,32,0,4,12,0.2090625,0,0,0,0,0,0,0,0,0,0,0.1921212121212121
3448,çÇéRèGóY,4,35,0,8,7,0.21885714285714286,0,0,0,0,0,0,0,0,0,0,0.1921212121212121
3448,çÇéRèGóY,5,33,0,4,6,0.19424242424242424,0,0,0,0,0,0,0,0,0,0,0.1921212121212121
3448,çÇéRèGóY,6,31,0,2,4,0.19225806451612903,0,0,0,0,0,0,0,0,0,0,0.1921212121212121
3454,à‰êÏëÂçÏ,1,29,7,12,4,0.16655172413793104,5,0,0,0,2,0,14,2,5,0,0.15584615384615386
3454,à‰êÏëÂçÏ,2,36,0,7,5,0.13472222222222222,0,0,0,0,0,0,0,0,0,23,0.15584615384615386
3454,à‰êÏëÂçÏ,3,33,1,7,5,0.1690909090909091,0,0,1,0,0,0,0,0,0,0,0.15584615384615386
3454,à‰êÏëÂçÏ,4,35,2,2,10,0.13942857142857143,0,0,2,0,0,0,0,0,0,0,0.15584615384615386
3454,à‰êÏëÂçÏ,5,33,3,4,5,0.14757575757575758,0,0,1,2,0,0,0,0,0,0,0.15584615384615386
3454,à‰êÏëÂçÏ,6,29,0,2,4,0.18551724137931033,0,0,0,0,0,0,0,0,0,0,0.15584615384615386
3455,íJñ{çKéi,1,24,10,10,1,0.16291666666666668,7,0,0,0,3,0,7,2,4,0,0.17636986301369864
3455,íJñ{çKéi,2,22,4,6,3,0.18227272727272725,0,4,0,0,0,0,0,0,0,10,0.17636986301369864
3455,íJñ{çKéi,3,27,4,4,6,0.1711111111111111,0,0,2,2,0,0,0,0,0,0,0.17636986301369864
3455,íJñ{çKéi,4,25,3,3,4,0.154,0,0,0,2,0,1,0,0,0,0,0.17636986301369864
3455,íJñ{çKéi,5,24,0,7,5,0.18000000000000002,0,0,0,0,0,0,0,0,0,0,0.17636986301369864
3455,íJñ{çKéi,6,24,0,3,3,0.21,0,0,0,0,0,0,0,0,0,0,0.17636986301369864
3458,ìååíâÓ,1,26,12,4,3,0.16538461538461538,12,0,0,0,0,0,2,2,6,0,0.1611731843575419
3458,ìååíâÓ,2,31,6,3,9,0.1474193548387097,0,5,0,0,1,0,0,0,0,14,0.1611731843575419
3458,ìååíâÓ,3,32,3,6,9,0.14375,0,0,0,2,1,0,0,0,0,0,0.1611731843575419
3458,ìååíâÓ,4,32,3,2,10,0.1609375,0,0,1,1,1,0,0,0,0,0,0.1611731843575419
3458,ìååíâÓ,5,27,0,4,1,0.1637037037037037,0,0,0,0,0,0,0,0,0,0,0.1611731843575419
3458,ìååíâÓ,6,31,0,3,3,0.1874193548387097,0,0,0,0,0,0,0,0,0,0,0.1611731843575419
3459,íÜñÏòaóT,1,30,5,7,5,0.16166666666666668,5,0,0,0,0,0,8,7,5,0,0.17238805970149254
3459,íÜñÏòaóT,2,37,7,6,6,0.1572972972972973,0,4,1,0,1,1,0,0,0,19,0.17238805970149254
3459,íÜñÏòaóT,3,35,2,7,5,0.17285714285714285,0,0,1,1,0,0,0,0,0,0,0.17238805970149254
3459,íÜñÏòaóT,4,34,1,2,6,0.16911764705882354,0,1,0,0,0,0,0,0,0,0,0.17238805970149254
3459,íÜñÏòaóT,5,36,0,4,1,0.16611111111111113,0,0,0,0,0,0,0,0,0,0,0.17238805970149254
3459,íÜñÏòaóT,6,29,0,1,2,0.21379310344827587,0,0,0,0,0,0,0,0,0,0,0.17238805970149254
3461,ìnÁ≤ìNñÁ,1,22,7,3,2,0.1759090909090909,5,0,0,0,1,1,3,3,7,0,0.20092105263157894
3461,ìnÁ≤ìNñÁ,2,25,0,5,4,0.18760000000000002,0,0,0,0,0,0,0,0,0,16,0.20092105263157894
3461,ìnÁ≤ìNñÁ,3,32,2,4,10,0.16375,0,1,0,1,0,0,0,0,0,0,0.20092105263157894
3461,ìnÁ≤ìNñÁ,4,26,0,2,1,0.23576923076923076,0,0,0,0,0,0,0,0,0,0,0.20092105263157894
3461,ìnÁ≤ìNñÁ,5,25,0,1,3,0.22560000000000002,0,0,0,0,0,0,0,0,0,0,0.20092105263157894
3461,ìnÁ≤ìNñÁ,6,22,0,0,3,0.2259090909090909,0,0,0,0,0,0,0,0,0,0,0.20092105263157894
3462,í|è„ê^éi,1,32,13,5,3,0.1653125,11,0,0,0,2,0,6,9,2,0,0.18019138755980862
3462,í|è„ê^éi,2,39,3,4,12,0.1817948717948718,0,2,0,1,0,0,0,0,0,21,0.18019138755980862
3462,í|è„ê^éi,3,36,2,7,7,0.19138888888888891,0,1,0,1,0,0,0,0,0,0,0.18019138755980862
3462,í|è„ê^éi,4,25,0,6,3,0.1736,0,0,0,0,0,0,0,0,0,0,0.18019138755980862
3462,í|è„ê^éi,5,38,4,6,5,0.17815789473684213,0,0,1,3,0,0,0,0,0,0,0.18019138755980862
3462,í|è„ê^éi,6,39,0,1,2,0.18666666666666668,0,0,0,0,0,0,0,0,0,0,0.18019138755980862
3463,â≥í√çNéu,1,27,6,13,2,0.19037037037037036,6,0,0,0,0,0,8,5,4,0,0.1880952380952381
3463,â≥í√çNéu,2,34,0,10,6,0.18794117647058825,0,0,0,0,0,0,0,0,0,19,0.1880952380952381
3463,â≥í√çNéu,3,36,1,9,5,0.1638888888888889,0,0,0,1,0,0,0,0,0,0,0.1880952380952381
3463,â≥í√çNéu,4,37,1,7,11,0.18783783783783783,0,1,0,0,0,0,0,0,0,0,0.1880952380952381
3463,â≥í√çNéu,5,30,0,3,4,0.17633333333333334,0,0,0,0,0,0,0,0,0,0,0.1880952380952381
3463,â≥í√çNéu,6,25,1,1,3,0.2352,0,0,0,1,0,0,0,0,0,0,0.1880952380952381
3467,êXçOçs,1,26,7,4,2,0.2,7,0,0,0,0,0,7,4,3,0,0.184
3467,êXçOçs,2,29,3,6,5,0.16655172413793104,0,0,2,0,1,0,0,0,0,16,0.184
3467,êXçOçs,3,27,2,4,5,0.19074074074074077,0,0,0,2,0,0,0,0,0,0,0.184
3467,êXçOçs,4,28,0,3,3,0.18071428571428574,0,0,0,0,0,0,0,0,0,0,0.184
3467,êXçOçs,5,31,0,1,4,0.19225806451612903,0,0,0,0,0,0,0,0,0,0,0.184
3467,êXçOçs,6,24,0,2,3,0.17333333333333334,0,0,0,0,0,0,0,0,0,0,0.184
3470,êVìcñFî¸,1,22,8,5,5,0.17045454545454544,8,0,0,0,0,0,7,4,3,0,0.16215277777777778
3470,êVìcñFî¸,2,32,6,7,6,0.1640625,0,3,2,0,1,0,0,0,0,18,0.16215277777777778
3470,êVìcñFî¸,3,26,6,3,3,0.14653846153846153,0,1,3,2,0,0,0,0,0,0,0.16215277777777778
3470,êVìcñFî¸,4,20,1,4,3,0.18250000000000002,0,0,0,1,0,0,0,0,0,0,0.16215277777777778
3470,êVìcñFî¸,5,27,2,3,4,0.15851851851851853,0,0,0,2,0,0,0,0,0,0,0.16215277777777778
3470,êVìcñFî¸,6,17,0,0,4,0.1535294117647059,0,0,0,0,0,0,0,0,0,0,0.16215277777777778
3471,ê‘ïÙòañÁ,1,23,4,6,3,0.2017391304347826,4,0,0,0,0,0,4,5,3,0,0.18341040462427746
3471,ê‘ïÙòañÁ,2,33,2,7,8,0.1812121212121212,0,1,0,0,1,0,0,0,0,16,0.18341040462427746
3471,ê‘ïÙòañÁ,3,33,0,5,4,0.1803030303030303,0,0,0,0,0,0,0,0,0,0,0.18341040462427746
3471,ê‘ïÙòañÁ,4,32,0,5,9,0.1775,0,0,0,0,0,0,0,0,0,0,0.18341040462427746
3471,ê‘ïÙòañÁ,5,31,1,4,5,0.16419354838709677,0,0,0,0,0,1,0,0,0,0,0.18341040462427746
3471,ê‘ïÙòañÁ,6,21,0,1,6,0.20904761904761904,0,0,0,0,0,0,0,0,0,0,0.18341040462427746
3473,êŒêÏê^ìÒ,1,80,48,14,5,0.132375,47,0,0,0,1,0,9,14,9,0,0.1446470588235294
3473,êŒêÏê^ìÒ,2,58,14,14,12,0.14672413793103448,7,4,0,0,2,1,0,0,0,20,0.1446470588235294
3473,êŒêÏê^ìÒ,3,55,16,12,11,0.13327272727272726,2,9,2,0,2,1,0,0,0,0,0.1446470588235294
3473,êŒêÏê^ìÒ,4,56,12,10,16,0.15964285714285714,4,6,1,0,1,0,0,0,0,0,0.1446470588235294
3473,êŒêÏê^ìÒ,5,42,7,13,5,0.15642857142857144,1,3,2,0,1,0,0,0,0,0,0.1446470588235294
3473,êŒêÏê^ìÒ,6,49,10,11,10,0.14775510204081632,0,9,0,0,1,0,0,0,0,0,0.1446470588235294
3474,èºê£çOî¸,1,35,16,8,3,0.16914285714285715,15,0,0,0,1,0,7,4,6,0,0.1618316831683168
3474,èºê£çOî¸,2,36,3,13,9,0.16527777777777777,0,2,0,0,1,0,0,0,0,20,0.1618316831683168
3474,èºê£çOî¸,3,32,6,7,4,0.1496875,0,2,3,1,0,0,0,0,0,0,0.1618316831683168
3474,èºê£çOî¸,4,33,2,5,6,0.1593939393939394,0,0,1,1,0,0,0,0,0,0,0.1618316831683168
3474,èºê£çOî¸,5,35,1,3,7,0.17657142857142857,0,0,0,0,0,1,0,0,0,0,0.1618316831683168
3474,èºê£çOî¸,6,31,0,1,7,0.14806451612903226,0,0,0,0,0,0,0,0,0,0,0.1618316831683168
3475,ã¥ñ{ãvòa,1,38,24,6,3,0.1889473684210526,23,0,0,0,1,0,4,7,2,0,0.17411214953271026
3475,ã¥ñ{ãvòa,2,49,4,23,6,0.18326530612244898,0,3,1,0,0,0,0,0,0,27,0.17411214953271026
3475,ã¥ñ{ãvòa,3,31,5,4,9,0.15903225806451612,0,2,2,0,1,0,0,0,0,0,0.17411214953271026
3475,ã¥ñ{ãvòa,4,31,6,5,3,0.15967741935483873,1,0,3,2,0,0,0,0,0,0,0.17411214953271026
3475,ã¥ñ{ãvòa,5,36,2,6,12,0.15777777777777777,0,0,1,1,0,0,0,0,0,0,0.17411214953271026
3475,ã¥ñ{ãvòa,6,29,0,1,8,0.1910344827586207,0,0,0,0,0,0,0,0,0,0,0.17411214953271026
3477,ãﬂì°ñ´ñÁ,1,32,4,7,4,0.210625,4,0,0,0,0,0,9,10,6,0,0.19023584905660376
3477,ãﬂì°ñ´ñÁ,2,36,3,10,7,0.17694444444444446,0,2,1,0,0,0,0,0,0,21,0.19023584905660376
3477,ãﬂì°ñ´ñÁ,3,44,1,4,11,0.18704545454545454,0,0,1,0,0,0,0,0,0,0,0.19023584905660376
3477,ãﬂì°ñ´ñÁ,4,34,2,3,10,0.1988235294117647,0,0,1,0,1,0,0,0,0,0,0.19023584905660376
3477,ãﬂì°ñ´ñÁ,5,36,0,7,5,0.18638888888888888,0,0,0,0,0,0,0,0,0,0,0.19023584905660376
3477,ãﬂì°ñ´ñÁ,6,30,2,2,4,0.18400000000000002,0,0,2,0,0,0,0,0,0,0,0.19023584905660376
3478,ìàìcãMéx,1,26,12,5,1,0.14576923076923076,12,0,0,0,0,0,7,4,3,0,0.18109375000000003
3478,ìàìcãMéx,2,38,4,3,12,0.18342105263157893,0,3,1,0,0,0,0,0,0,18,0.18109375000000003
3478,ìàìcãMéx,3,36,1,11,6,0.1636111111111111,0,0,0,1,0,0,0,0,0,0,0.18109375000000003
3478,ìàìcãMéx,4,34,3,4,7,0.19,0,2,0,1,0,0,0,0,0,0,0.18109375000000003
3478,ìàìcãMéx,5,28,0,3,2,0.1982142857142857,0,0,0,0,0,0,0,0,0,0,0.18109375000000003
3478,ìàìcãMéx,6,30,0,2,4,0.2036666666666667,0,0,0,0,0,0,0,0,0,0,0.18109375000000003
3482,ã‡éqñ“éu,1,32,14,5,2,0.165625,12,0,0,0,2,0,10,6,2,0,0.15903930131004368
3482,ã‡éqñ“éu,2,47,5,7,10,0.15829787234042553,0,4,0,0,1,0,0,0,0,24,0.15903930131004368
3482,ã‡éqñ“éu,3,40,2,6,8,0.16375,0,0,1,0,1,0,0,0,0,0,0.15903930131004368
3482,ã‡éqñ“éu,4,38,3,6,8,0.1444736842105263,0,1,1,0,1,0,0,0,0,0,0.15903930131004368
3482,ã‡éqñ“éu,5,39,2,5,5,0.16512820512820514,0,0,1,1,0,0,0,0,0,0,0.15903930131004368
3482,ã‡éqñ“éu,6,33,0,3,9,0.1575757575757576,0,0,0,0,0,0,0,0,0,0,0.15903930131004368
3484,é≈ìcç_é°,1,52,40,6,1,0.15692307692307692,39,0,0,0,1,0,4,2,4,0,0.16140151515151516
3484,é≈ìcç_é°,2,41,8,14,6,0.17512195121951218,0,5,3,0,0,0,0,0,0,16,0.16140151515151516
3484,é≈ìcç_é°,3,53,8,13,16,0.14226415094339623,1,1,1,4,1,0,0,0,0,0,0.16140151515151516
3484,é≈ìcç_é°,4,41,4,13,7,0.1558536585365854,0,1,0,2,1,0,0,0,0,0,0.16140151515151516
3484,é≈ìcç_é°,5,33,2,7,3,0.1590909090909091,0,1,0,0,1,0,0,0,0,0,0.16140151515151516
3484,é≈ìcç_é°,6,44,0,7,6,0.18386363636363637,0,0,0,0,0,0,0,0,0,0,0.16140151515151516
3489,ëÂèÍïq,1,55,34,10,3,0.13527272727272727,31,0,0,0,3,0,5,6,7,0,0.14912878787878786
3489,ëÂèÍïq,2,42,5,16,8,0.13904761904761903,0,5,0,0,0,0,0,0,0,26,0.14912878787878786
3489,ëÂèÍïq,3,45,4,12,15,0.13466666666666668,0,0,0,3,1,0,0,0,0,0,0.14912878787878786
3489,ëÂèÍïq,4,49,7,8,11,0.15551020408163266,0,3,0,2,2,0,0,0,0,0,0.14912878787878786
3489,ëÂèÍïq,5,33,2,5,8,0.16242424242424244,0,2,0,0,0,0,0,0,0,0,0.14912878787878786
3489,ëÂèÍïq,6,40,3,5,10,0.17625,0,0,0,2,1,0,0,0,0,0,0.14912878787878786
3497,å„ì°ç_,1,33,22,7,1,0.1618181818181818,21,0,0,0,1,0,1,7,2,0,0.17101449275362318
3497,å„ì°ç_,2,38,5,8,9,0.16631578947368422,0,3,1,0,1,0,0,0,0,18,0.17101449275362318
3497,å„ì°ç_,3,37,5,6,9,0.1581081081081081,0,0,1,4,0,0,0,0,0,0,0.17101449275362318
3497,å„ì°ç_,4,36,4,7,3,0.17333333333333334,0,0,0,3,1,0,0,0,0,0,0.17101449275362318
3497,å„ì°ç_,5,34,1,4,2,0.18294117647058822,0,1,0,0,0,0,0,0,0,0,0.17101449275362318
3497,å„ì°ç_,6,29,1,2,4,0.18724137931034482,0,0,0,1,0,0,0,0,0,0,0.17101449275362318
3499,ésêÏìNñÁ,1,40,28,6,4,0.121,27,0,0,0,1,0,4,2,6,0,0.13809045226130653
3499,ésêÏìNñÁ,2,37,3,14,5,0.14621621621621622,0,1,1,0,1,0,0,0,0,20,0.13809045226130653
3499,ésêÏìNñÁ,3,33,4,7,12,0.11515151515151516,0,0,1,2,1,0,0,0,0,0,0.13809045226130653
3499,ésêÏìNñÁ,4,25,4,5,8,0.1472,0,1,1,1,0,1,0,0,0,0,0.13809045226130653
3499,ésêÏìNñÁ,5,35,2,7,5,0.14314285714285713,0,0,0,1,1,0,0,0,0,0,0.13809045226130653
3499,ésêÏìNñÁ,6,29,0,2,5,0.16344827586206898,0,0,0,0,0,0,0,0,0,0,0.13809045226130653
3501,êÏè„è∏ïΩ,1,31,15,4,3,0.14806451612903226,14,0,0,0,1,0,6,5,3,0,0.14371859296482412
3501,êÏè„è∏ïΩ,2,33,2,3,9,0.1503030303030303,0,1,0,0,1,0,0,0,0,19,0.14371859296482412
3501,êÏè„è∏ïΩ,3,32,2,6,7,0.15031250000000002,0,1,0,1,0,0,0,0,0,0,0.14371859296482412
3501,êÏè„è∏ïΩ,4,35,2,3,0,0.13028571428571428,0,0,1,0,1,0,0,0,0,0,0.14371859296482412
3501,êÏè„è∏ïΩ,5,36,1,1,3,0.13305555555555557,0,0,0,1,0,0,0,0,0,0,0.14371859296482412
3501,êÏè„è∏ïΩ,6,32,0,1,4,0.1528125,0,0,0,0,0,0,0,0,0,0,0.14371859296482412
3502,ìnÁ≥âpéô,1,48,26,9,1,0.17041666666666666,25,0,0,0,1,0,5,7,8,0,0.1698876404494382
3502,ìnÁ≥âpéô,2,49,7,19,8,0.16959183673469388,0,3,1,0,3,0,0,0,0,24,0.1698876404494382
3502,ìnÁ≥âpéô,3,42,11,9,8,0.1573809523809524,0,0,6,3,2,0,0,0,0,0,0.1698876404494382
3502,ìnÁ≥âpéô,4,51,5,10,10,0.15549019607843137,0,0,4,1,0,0,0,0,0,0,0.1698876404494382
3502,ìnÁ≥âpéô,5,35,2,4,5,0.1605714285714286,0,0,0,2,0,0,0,0,0,0,0.1698876404494382
3502,ìnÁ≥âpéô,6,42,4,7,8,0.2073809523809524,0,0,2,2,0,0,0,0,0,0,0.1698876404494382
3503,ì∞å¥óméj,1,26,1,5,6,0.1696153846153846,1,0,0,0,0,0,6,11,4,0,0.17737373737373735
3503,ì∞å¥óméj,2,38,1,3,10,0.17421052631578948,0,1,0,0,0,0,0,0,0,24,0.17737373737373735
3503,ì∞å¥óméj,3,36,2,4,10,0.1811111111111111,0,1,0,1,0,0,0,0,0,0,0.17737373737373735
3503,ì∞å¥óméj,4,37,0,4,6,0.1672972972972973,0,0,0,0,0,0,0,0,0,0,0.17737373737373735
3503,ì∞å¥óméj,5,33,1,1,4,0.17333333333333334,0,0,1,0,0,0,0,0,0,0,0.17737373737373735
3503,ì∞å¥óméj,6,28,0,1,2,0.20214285714285715,0,0,0,0,0,0,0,0,0,0,0.17737373737373735
3505,éRìcó≥àÍ,1,43,23,12,4,0.14186046511627906,21,0,0,0,2,0,10,4,5,0,0.14380165289256197
3505,éRìcó≥àÍ,2,41,9,11,9,0.15317073170731707,2,5,2,0,0,0,0,0,0,16,0.14380165289256197
3505,éRìcó≥àÍ,3,44,8,3,12,0.14181818181818182,1,1,2,3,1,0,0,0,0,0,0.14380165289256197
3505,éRìcó≥àÍ,4,41,4,6,17,0.13682926829268294,0,1,2,1,0,0,0,0,0,0,0.14380165289256197
3505,éRìcó≥àÍ,5,42,2,7,5,0.14595238095238094,0,0,1,1,0,0,0,0,0,0,0.14380165289256197
3505,éRìcó≥àÍ,6,31,1,3,6,0.14322580645161292,0,0,0,1,0,0,0,0,0,0,0.14380165289256197
3507,ì°à‰ìO,1,27,7,6,6,0.17444444444444443,7,0,0,0,0,0,8,6,5,0,0.17876404494382023
3507,ì°à‰ìO,2,32,1,8,8,0.1528125,0,1,0,0,0,0,0,0,0,13,0.17876404494382023
3507,ì°à‰ìO,3,29,2,7,3,0.16413793103448276,0,0,1,1,0,0,0,0,0,0,0.17876404494382023
3507,ì°à‰ìO,4,32,1,3,8,0.1934375,0,1,0,0,0,0,0,0,0,0,0.17876404494382023
3507,ì°à‰ìO,5,30,1,3,6,0.19166666666666668,0,0,1,0,0,0,0,0,0,0,0.17876404494382023
3507,ì°à‰ìO,6,28,0,3,2,0.19714285714285712,0,0,0,0,0,0,0,0,0,0,0.17876404494382023
3508,ãvïxê≠çO,1,35,14,10,2,0.18057142857142858,14,0,0,0,0,0,6,6,5,0,0.20351851851851852
3508,ãvïxê≠çO,2,39,4,6,10,0.19384615384615386,0,2,1,0,1,0,0,0,0,21,0.20351851851851852
3508,ãvïxê≠çO,3,37,2,3,10,0.16891891891891891,0,1,0,1,0,0,0,0,0,0,0.20351851851851852
3508,ãvïxê≠çO,4,32,0,3,7,0.215,0,0,0,0,0,0,0,0,0,0,0.20351851851851852
3508,ãvïxê≠çO,5,38,1,1,6,0.22684210526315787,0,0,0,1,0,0,0,0,0,0,0.20351851851851852
3508,ãvïxê≠çO,6,35,1,2,3,0.238,0,1,0,0,0,0,0,0,0,0,0.20351851851851852
3509,ìπè„êÁâƒ,1,21,8,2,4,0.13,7,0,0,0,1,0,5,4,2,0,0.141203007518797
3509,ìπè„êÁâƒ,2,25,0,5,4,0.1516,0,0,0,0,0,0,0,0,0,12,0.141203007518797
3509,ìπè„êÁâƒ,3,24,2,1,2,0.14708333333333334,0,1,0,1,0,0,0,0,0,0,0.141203007518797
3509,ìπè„êÁâƒ,4,24,2,5,4,0.12541666666666668,0,0,1,1,0,0,0,0,0,0,0.141203007518797
3509,ìπè„êÁâƒ,5,21,0,4,1,0.14523809523809525,0,0,0,0,0,0,0,0,0,0,0.141203007518797
3509,ìπè„êÁâƒ,6,18,0,0,4,0.14833333333333332,0,0,0,0,0,0,0,0,0,0,0.141203007518797
3514,éRàÍìSñÁ,1,45,32,6,3,0.136,31,0,0,0,1,0,3,2,6,0,0.15596412556053812
3514,éRàÍìSñÁ,2,35,9,7,5,0.17,0,4,3,0,2,0,0,0,0,18,0.15596412556053812
3514,éRàÍìSñÁ,3,36,5,7,7,0.1527777777777778,0,0,2,3,0,0,0,0,0,0,0.15596412556053812
3514,éRàÍìSñÁ,4,38,3,7,12,0.14368421052631578,0,1,2,0,0,0,0,0,0,0,0.15596412556053812
3514,éRàÍìSñÁ,5,38,4,5,5,0.16947368421052633,0,2,1,1,0,0,0,0,0,0,0.15596412556053812
3514,éRàÍìSñÁ,6,31,2,3,6,0.17129032258064514,0,0,1,1,0,0,0,0,0,0,0.15596412556053812
3516,ãgå¥êπêl,1,28,6,10,5,0.14214285714285715,6,0,0,0,0,0,6,11,2,0,0.1772
3516,ãgå¥êπêl,2,36,1,13,6,0.1813888888888889,0,1,0,0,0,0,0,0,0,17,0.1772
3516,ãgå¥êπêl,3,43,2,6,7,0.18232558139534882,0,0,1,0,1,0,0,0,0,0,0.1772
3516,ãgå¥êπêl,4,36,5,1,5,0.17638888888888887,0,1,2,2,0,0,0,0,0,0,0.1772
3516,ãgå¥êπêl,5,32,0,2,6,0.18406250000000002,0,0,0,0,0,0,0,0,0,0,0.1772
3516,ãgå¥êπêl,6,25,0,1,3,0.19399999999999998,0,0,0,0,0,0,0,0,0,0,0.1772
3517,çÇã¥åM,1,40,24,5,3,0.13974999999999999,23,0,0,0,1,0,2,8,6,0,0.14636363636363636
3517,çÇã¥åM,2,41,4,12,6,0.13195121951219513,0,3,1,0,0,0,0,0,0,27,0.14636363636363636
3517,çÇã¥åM,3,39,3,9,10,0.16256410256410256,0,0,1,1,1,0,0,0,0,0,0.14636363636363636
3517,çÇã¥åM,4,43,6,6,6,0.13093023255813954,0,1,2,3,0,0,0,0,0,0,0.14636363636363636
3517,çÇã¥åM,5,38,3,9,6,0.13973684210526316,0,0,0,3,0,0,0,0,0,0,0.14636363636363636
3517,çÇã¥åM,6,41,3,5,8,0.17414634146341465,0,1,0,1,1,0,0,0,0,0,0.14636363636363636
3518,ëqìcàËî¸,1,23,6,4,4,0.20043478260869566,6,0,0,0,0,0,5,6,2,0,0.2023448275862069
3518,ëqìcàËî¸,2,27,3,5,4,0.2062962962962963,0,2,0,0,1,0,0,0,0,13,0.2023448275862069
3518,ëqìcàËî¸,3,25,1,7,4,0.22039999999999998,0,0,0,1,0,0,0,0,0,0,0.2023448275862069
3518,ëqìcàËî¸,4,21,2,2,5,0.1838095238095238,0,0,2,0,0,0,0,0,0,0,0.2023448275862069
3518,ëqìcàËî¸,5,25,0,5,4,0.1788,0,0,0,0,0,0,0,0,0,0,0.2023448275862069
3518,ëqìcàËî¸,6,24,0,3,5,0.22166666666666668,0,0,0,0,0,0,0,0,0,0,0.2023448275862069
3519,ïyìcèGçK,1,34,7,10,10,0.13999999999999999,7,0,0,0,0,0,11,6,8,0,0.15564853556485356
3519,ïyìcèGçK,2,46,2,8,12,0.15478260869565216,0,1,0,0,1,0,0,0,0,25,0.15564853556485356
3519,ïyìcèGçK,3,44,4,12,11,0.15227272727272728,0,1,1,2,0,0,0,0,0,0,0.15564853556485356
3519,ïyìcèGçK,4,45,1,4,8,0.16155555555555556,0,0,1,0,0,0,0,0,0,0,0.15564853556485356
3519,ïyìcèGçK,5,43,0,4,8,0.16069767441860466,0,0,0,0,0,0,0,0,0,0,0.15564853556485356
3519,ïyìcèGçK,6,27,0,2,2,0.16444444444444445,0,0,0,0,0,0,0,0,0,0,0.15564853556485356
3523,õêìcó∫é°,1,28,15,8,1,0.1675,14,0,0,0,1,0,3,3,5,0,0.16722543352601155
3523,õêìcó∫é°,2,25,7,4,6,0.1816,0,3,2,1,0,1,0,0,0,10,0.16722543352601155
3523,õêìcó∫é°,3,32,0,5,8,0.165625,0,0,0,0,0,0,0,0,0,0,0.16722543352601155
3523,õêìcó∫é°,4,25,1,4,7,0.1464,0,0,0,1,0,0,0,0,0,0,0.16722543352601155
3523,õêìcó∫é°,5,28,1,3,8,0.14857142857142858,0,0,0,1,0,0,0,0,0,0,0.16722543352601155
3523,õêìcó∫é°,6,35,3,2,4,0.188,0,1,0,2,0,0,0,0,0,0,0.16722543352601155
3527,íÜìàêΩàÍòY,1,32,15,8,1,0.15375,14,0,0,0,1,0,4,9,4,0,0.17808290155440412
3527,íÜìàêΩàÍòY,2,31,3,7,7,0.18483870967741936,0,2,1,0,0,0,0,0,0,19,0.17808290155440412
3527,íÜìàêΩàÍòY,3,33,1,8,8,0.17,0,0,0,0,1,0,0,0,0,0,0.17808290155440412
3527,íÜìàêΩàÍòY,4,34,3,4,9,0.20705882352941177,0,2,0,1,0,0,0,0,0,0,0.17808290155440412
3527,íÜìàêΩàÍòY,5,31,2,1,13,0.18870967741935482,0,0,0,1,1,0,0,0,0,0,0.17808290155440412
3527,íÜìàêΩàÍòY,6,32,0,3,5,0.163125,0,0,0,0,0,0,0,0,0,0,0.17808290155440412
3528,ä}ñÏóFãIåb,1,24,2,6,1,0.24,2,0,0,0,0,0,6,13,0,0,0.21394117647058822
3528,ä}ñÏóFãIåb,2,36,4,3,8,0.21694444444444447,0,3,0,0,1,0,0,0,0,17,0.21394117647058822
3528,ä}ñÏóFãIåb,3,35,1,6,3,0.22514285714285717,0,0,0,1,0,0,0,0,0,0,0.21394117647058822
3528,ä}ñÏóFãIåb,4,27,1,2,5,0.20666666666666667,0,1,0,0,0,0,0,0,0,0,0.21394117647058822
3528,ä}ñÏóFãIåb,5,25,2,2,4,0.2232,0,0,1,1,0,0,0,0,0,0,0.21394117647058822
3528,ä}ñÏóFãIåb,6,23,0,0,2,0.16347826086956524,0,0,0,0,0,0,0,0,0,0,0.21394117647058822
3532,éƒìcåı,1,44,29,8,4,0.1575,28,0,0,0,1,0,1,7,7,0,0.1560591133004926
3532,éƒìcåı,2,32,9,10,7,0.1465625,1,6,1,0,0,1,0,0,0,10,0.1560591133004926
3532,éƒìcåı,3,38,8,10,9,0.15052631578947367,0,1,2,3,2,0,0,0,0,0,0.1560591133004926
3532,éƒìcåı,4,29,8,8,9,0.14379310344827587,0,1,4,1,1,1,0,0,0,0,0.1560591133004926
3532,éƒìcåı,5,28,5,8,3,0.18392857142857144,0,0,2,2,1,0,0,0,0,0,0.1560591133004926
3532,éƒìcåı,6,32,6,11,6,0.15687500000000001,0,2,3,0,1,0,0,0,0,0,0.1560591133004926
3533,ç≤êÏê≥ìπ,1,3,0,1,0,0.24333333333333332,0,0,0,0,0,0,1,1,1,0,0.18625
3533,ç≤êÏê≥ìπ,2,5,0,1,0,0.21000000000000002,0,0,0,0,0,0,0,0,0,4,0.18625
3533,ç≤êÏê≥ìπ,3,4,1,1,1,0.235,0,0,1,0,0,0,0,0,0,0,0.18625
3533,ç≤êÏê≥ìπ,4,4,1,1,0,0.0975,0,0,1,0,0,0,0,0,0,0,0.18625
3533,ç≤êÏê≥ìπ,5,5,0,0,2,0.154,0,0,0,0,0,0,0,0,0,0,0.18625
3533,ç≤êÏê≥ìπ,6,3,0,0,0,0.19666666666666668,0,0,0,0,0,0,0,0,0,0,0.18625
3535,ìnèCïΩ,1,22,10,5,3,0.16181818181818183,9,0,0,0,1,0,2,4,6,0,0.1953529411764706
3535,ìnèCïΩ,2,32,2,4,6,0.19,0,2,0,0,0,0,0,0,0,13,0.1953529411764706
3535,ìnèCïΩ,3,34,2,4,7,0.2097058823529412,0,0,0,2,0,0,0,0,0,0,0.1953529411764706
3535,ìnèCïΩ,4,27,2,2,2,0.18407407407407406,0,1,1,0,0,0,0,0,0,0,0.1953529411764706
3535,ìnèCïΩ,5,28,0,4,3,0.2125,0,0,0,0,0,0,0,0,0,0,0.1953529411764706
3535,ìnèCïΩ,6,27,0,0,1,0.20444444444444446,0,0,0,0,0,0,0,0,0,0,0.1953529411764706
3536,àÍêFâÎè∫,1,21,6,7,4,0.14047619047619048,6,0,0,0,0,0,5,7,0,0,0.1757718120805369
3536,àÍêFâÎè∫,2,29,0,4,4,0.16724137931034483,0,0,0,0,0,0,0,0,0,19,0.1757718120805369
3536,àÍêFâÎè∫,3,27,1,1,7,0.1748148148148148,0,0,1,0,0,0,0,0,0,0,0.1757718120805369
3536,àÍêFâÎè∫,4,24,1,0,3,0.17625000000000002,0,0,0,0,0,1,0,0,0,0,0.1757718120805369
3536,àÍêFâÎè∫,5,27,0,4,2,0.1788888888888889,0,0,0,0,0,0,0,0,0,0,0.1757718120805369
3536,àÍêFâÎè∫,6,21,0,1,3,0.21952380952380954,0,0,0,0,0,0,0,0,0,0,0.1757718120805369
3537,ìcéRòaçL,1,14,4,1,3,0.20285714285714285,4,0,0,0,0,0,4,5,0,0,0.19032967032967033
3537,ìcéRòaçL,2,17,1,2,3,0.20529411764705885,0,1,0,0,0,0,0,0,0,12,0.19032967032967033
3537,ìcéRòaçL,3,16,0,2,3,0.171875,0,0,0,0,0,0,0,0,0,0,0.19032967032967033
3537,ìcéRòaçL,4,16,0,1,1,0.2025,0,0,0,0,0,0,0,0,0,0,0.19032967032967033
3537,ìcéRòaçL,5,17,1,0,3,0.1823529411764706,0,0,0,1,0,0,0,0,0,0,0.19032967032967033
3537,ìcéRòaçL,6,11,0,0,1,0.17272727272727273,0,0,0,0,0,0,0,0,0,0,0.19032967032967033
3538,ãeírïÙê∞,1,50,25,11,3,0.1598,24,0,0,0,1,0,9,8,5,0,0.1717269076305221
3538,ãeírïÙê∞,2,39,5,14,3,0.17307692307692307,1,3,1,0,0,0,0,0,0,17,0.1717269076305221
3538,ãeírïÙê∞,3,49,6,6,12,0.1646938775510204,0,2,3,1,0,0,0,0,0,0,0.1717269076305221
3538,ãeírïÙê∞,4,42,3,6,11,0.16857142857142857,0,1,1,0,1,0,0,0,0,0,0.1717269076305221
3538,ãeírïÙê∞,5,31,0,3,9,0.19096774193548388,0,0,0,0,0,0,0,0,0,0,0.1717269076305221
3538,ãeírïÙê∞,6,38,1,1,7,0.18289473684210528,0,0,1,0,0,0,0,0,0,0,0.1717269076305221
3539,ã‡éqèáàÍ,1,29,4,6,8,0.1482758620689655,4,0,0,0,0,0,8,8,4,0,0.1808955223880597
3539,ã‡éqèáàÍ,2,40,2,4,8,0.16475,0,2,0,0,0,0,0,0,0,24,0.1808955223880597
3539,ã‡éqèáàÍ,3,36,0,5,6,0.1775,0,0,0,0,0,0,0,0,0,0,0.1808955223880597
3539,ã‡éqèáàÍ,4,37,0,3,2,0.19891891891891894,0,0,0,0,0,0,0,0,0,0,0.1808955223880597
3539,ã‡éqèáàÍ,5,35,1,0,1,0.19114285714285714,0,0,1,0,0,0,0,0,0,0,0.1808955223880597
3539,ã‡éqèáàÍ,6,24,1,3,1,0.20958333333333334,0,0,0,1,0,0,0,0,0,0,0.1808955223880597
3541,éOõ∏êΩéi,1,68,45,11,5,0.14926470588235294,41,0,0,0,4,0,5,3,13,0,0.14312080536912752
3541,éOõ∏êΩéi,2,48,11,9,10,0.135625,0,6,3,0,1,1,0,0,0,25,0.14312080536912752
3541,éOõ∏êΩéi,3,44,8,13,9,0.14250000000000002,0,2,4,2,0,0,0,0,0,0,0.14312080536912752
3541,éOõ∏êΩéi,4,41,5,13,8,0.13731707317073172,0,3,1,1,0,0,0,0,0,0,0.14312080536912752
3541,éOõ∏êΩéi,5,51,6,6,11,0.14431372549019608,0,1,0,4,1,0,0,0,0,0,0.14312080536912752
3541,éOõ∏êΩéi,6,46,2,7,13,0.14630434782608698,0,0,0,2,0,0,0,0,0,0,0.14312080536912752
3542,ê¥êÖãIçé,1,19,2,4,2,0.16894736842105262,2,0,0,0,0,0,6,10,1,0,0.19729323308270674
3542,ê¥êÖãIçé,2,28,0,5,2,0.18392857142857144,0,0,0,0,0,0,0,0,0,12,0.19729323308270674
3542,ê¥êÖãIçé,3,25,2,4,2,0.19440000000000002,0,1,1,0,0,0,0,0,0,0,0.19729323308270674
3542,ê¥êÖãIçé,4,21,1,4,1,0.22,0,1,0,0,0,0,0,0,0,0,0.19729323308270674
3542,ê¥êÖãIçé,5,23,1,4,0,0.1991304347826087,0,0,1,0,0,0,0,0,0,0,0.19729323308270674
3542,ê¥êÖãIçé,6,17,2,2,2,0.2247058823529412,0,1,1,0,0,0,0,0,0,0,0.19729323308270674
3543,ïüìcâÎàÍ,1,36,24,7,3,0.14694444444444443,22,0,0,0,1,1,6,3,2,0,0.1603930131004367
3543,ïüìcâÎàÍ,2,41,9,7,16,0.1524390243902439,1,5,3,0,0,0,0,0,0,18,0.1603930131004367
3543,ïüìcâÎàÍ,3,41,4,5,11,0.16609756097560976,0,1,2,0,1,0,0,0,0,0,0.1603930131004367
3543,ïüìcâÎàÍ,4,39,4,7,9,0.1782051282051282,0,0,2,2,0,0,0,0,0,0,0.1603930131004367
3543,ïüìcâÎàÍ,5,39,0,3,9,0.15282051282051282,0,0,0,0,0,0,0,0,0,0,0.1603930131004367
3543,ïüìcâÎàÍ,6,33,1,2,5,0.16575757575757574,0,0,1,0,0,0,0,0,0,0,0.1603930131004367
3544,ñLìcåPñı,1,28,7,7,6,0.17392857142857143,6,0,0,0,1,0,3,3,10,0,0.17752941176470588
3544,ñLìcåPñı,2,29,4,4,3,0.18137931034482757,0,2,2,0,0,0,0,0,0,9,0.17752941176470588
3544,ñLìcåPñı,3,29,2,2,7,0.15999999999999998,0,0,2,0,0,0,0,0,0,0,0.17752941176470588
3544,ñLìcåPñı,4,27,3,5,6,0.15407407407407409,0,0,2,0,1,0,0,0,0,0,0.17752941176470588
3544,ñLìcåPñı,5,27,0,5,3,0.17703703703703705,0,0,0,0,0,0,0,0,0,0,0.17752941176470588
3544,ñLìcåPñı,6,30,1,0,5,0.21566666666666665,0,0,0,0,0,1,0,0,0,0,0.17752941176470588
3546,íÜó¢èπéu,1,39,18,7,12,0.17435897435897435,17,0,0,0,1,0,8,5,6,0,0.17603448275862071
3546,íÜó¢èπéu,2,43,4,8,8,0.1916279069767442,0,4,0,0,0,0,0,0,0,29,0.17603448275862071
3546,íÜó¢èπéu,3,40,4,6,8,0.1865,0,1,1,1,1,0,0,0,0,0,0.17603448275862071
3546,íÜó¢èπéu,4,40,1,4,10,0.1625,0,0,0,1,0,0,0,0,0,0,0.17603448275862071
3546,íÜó¢èπéu,5,36,2,5,5,0.16527777777777777,0,0,1,1,0,0,0,0,0,0,0.17603448275862071
3546,íÜó¢èπéu,6,34,0,2,1,0.17323529411764707,0,0,0,0,0,0,0,0,0,0,0.17603448275862071
3548,é∫ìcë◊éj,1,49,32,8,6,0.11428571428571428,29,0,0,0,2,1,4,4,7,0,0.1266798418972332
3548,é∫ìcë◊éj,2,38,2,15,4,0.11421052631578947,1,1,0,0,0,0,0,0,0,27,0.1266798418972332
3548,é∫ìcë◊éj,3,50,3,14,11,0.1318,0,1,2,0,0,0,0,0,0,0,0.1266798418972332
3548,é∫ìcë◊éj,4,40,5,9,7,0.141,0,0,1,4,0,0,0,0,0,0,0.1266798418972332
3548,é∫ìcë◊éj,5,38,0,6,6,0.12657894736842107,0,0,0,0,0,0,0,0,0,0,0.1266798418972332
3548,é∫ìcë◊éj,6,38,4,3,8,0.13342105263157897,0,0,0,4,0,0,0,0,0,0,0.1266798418972332
3550,ìsízê≥é°,1,40,22,10,3,0.14725000000000002,21,0,0,0,1,0,4,9,3,0,0.1549084249084249
3550,ìsízê≥é°,2,52,3,14,11,0.16403846153846152,0,1,2,0,0,0,0,0,0,28,0.1549084249084249
3550,ìsízê≥é°,3,50,8,6,7,0.1638,0,0,8,0,0,0,0,0,0,0,0.1549084249084249
3550,ìsízê≥é°,4,49,7,9,6,0.1473469387755102,0,0,6,1,0,0,0,0,0,0,0.1549084249084249
3550,ìsízê≥é°,5,47,4,4,5,0.15085106382978722,0,0,3,1,0,0,0,0,0,0,0.1549084249084249
3550,ìsízê≥é°,6,35,0,2,4,0.15342857142857144,0,0,0,0,0,0,0,0,0,0,0.1549084249084249
3551,ì°ìcî¸ë„,1,30,13,5,5,0.18766666666666668,9,0,0,0,4,0,4,7,5,0,0.177258883248731
3551,ì°ìcî¸ë„,2,33,5,6,8,0.1812121212121212,0,3,2,0,0,0,0,0,0,16,0.177258883248731
3551,ì°ìcî¸ë„,3,43,5,9,4,0.1697674418604651,0,0,3,2,0,0,0,0,0,0,0.177258883248731
3551,ì°ìcî¸ë„,4,36,0,4,6,0.17861111111111114,0,0,0,0,0,0,0,0,0,0,0.177258883248731
3551,ì°ìcî¸ë„,5,30,0,6,4,0.16666666666666666,0,0,0,0,0,0,0,0,0,0,0.177258883248731
3551,ì°ìcî¸ë„,6,25,0,0,2,0.1832,0,0,0,0,0,0,0,0,0,0,0.177258883248731
3553,ïΩírêméu,1,28,4,7,8,0.1757142857142857,4,0,0,0,0,0,11,4,7,0,0.18437499999999998
3553,ïΩírêméu,2,36,1,9,2,0.2152777777777778,0,0,0,0,1,0,0,0,0,16,0.18437499999999998
3553,ïΩírêméu,3,35,0,4,8,0.17342857142857143,0,0,0,0,0,0,0,0,0,0,0.18437499999999998
3553,ïΩírêméu,4,31,2,7,5,0.16483870967741937,0,0,1,1,0,0,0,0,0,0,0.18437499999999998
3553,ïΩírêméu,5,39,2,0,10,0.19897435897435897,0,0,1,1,0,0,0,0,0,0,0.18437499999999998
3553,ïΩírêméu,6,23,0,0,3,0.16478260869565217,0,0,0,0,0,0,0,0,0,0,0.18437499999999998
3554,íáå˚îéêí,1,59,39,6,8,0.15542372881355931,34,0,0,0,5,0,5,6,8,0,0.17889273356401386
3554,íáå˚îéêí,2,55,13,17,10,0.17090909090909093,2,7,2,0,2,0,0,0,0,26,0.17889273356401386
3554,íáå˚îéêí,3,44,11,10,5,0.17,1,0,1,4,5,0,0,0,0,0,0.17889273356401386
3554,íáå˚îéêí,4,45,8,8,12,0.18800000000000003,1,2,0,3,2,0,0,0,0,0,0.17889273356401386
3554,íáå˚îéêí,5,41,9,7,6,0.19707317073170733,0,4,2,1,1,1,0,0,0,0,0.17889273356401386
3554,íáå˚îéêí,6,45,6,8,7,0.20244444444444443,0,1,3,1,1,0,0,0,0,0,0.17889273356401386
3556,ìcíÜêMàÍòY,1,56,34,18,2,0.14660714285714288,34,0,0,0,0,0,6,4,12,0,0.14651162790697672
3556,ìcíÜêMàÍòY,2,42,4,10,8,0.14595238095238094,0,2,2,0,0,0,0,0,0,25,0.14651162790697672
3556,ìcíÜêMàÍòY,3,40,7,12,6,0.133,0,0,2,4,1,0,0,0,0,0,0.14651162790697672
3556,ìcíÜêMàÍòY,4,46,4,15,8,0.1458695652173913,0,1,2,1,0,0,0,0,0,0,0.14651162790697672
3556,ìcíÜêMàÍòY,5,33,2,3,9,0.1606060606060606,0,0,1,1,0,0,0,0,0,0,0.14651162790697672
3556,ìcíÜêMàÍòY,6,41,3,4,9,0.1495121951219512,0,0,1,2,0,0,0,0,0,0,0.14651162790697672
3557,ëæìcòaî¸,1,68,49,10,3,0.13794117647058823,48,0,0,0,1,0,9,5,2,0,0.1505821917808219
3557,ëæìcòaî¸,2,43,5,16,11,0.1486046511627907,0,4,1,0,0,0,0,0,0,22,0.1505821917808219
3557,ëæìcòaî¸,3,48,5,14,8,0.149375,0,0,3,0,2,0,0,0,0,0,0.1505821917808219
3557,ëæìcòaî¸,4,48,9,8,10,0.15625,0,2,2,2,2,1,0,0,0,0,0.1505821917808219
3557,ëæìcòaî¸,5,40,6,6,10,0.15150000000000002,0,1,3,2,0,0,0,0,0,0,0.1505821917808219
3557,ëæìcòaî¸,6,45,5,5,7,0.16599999999999998,0,0,1,1,2,1,0,0,0,0,0.1505821917808219
3558,éRñ{ç_éü,1,32,10,9,4,0.16468750000000001,9,0,0,0,1,0,6,8,7,0,0.16927083333333334
3558,éRñ{ç_éü,2,33,2,6,11,0.1572727272727273,0,2,0,0,0,0,0,0,0,17,0.16927083333333334
3558,éRñ{ç_éü,3,37,5,6,9,0.16324324324324324,0,1,2,2,0,0,0,0,0,0,0.16927083333333334
3558,éRñ{ç_éü,4,30,0,6,5,0.18333333333333332,0,0,0,0,0,0,0,0,0,0,0.16927083333333334
3558,éRñ{ç_éü,5,30,2,2,10,0.15866666666666665,0,0,1,1,0,0,0,0,0,0,0.16927083333333334
3558,éRñ{ç_éü,6,30,1,1,6,0.19133333333333333,0,0,1,0,0,0,0,0,0,0,0.16927083333333334
3559,êÖí∑è∆óY,1,3,1,2,0,0.21666666666666667,1,0,0,0,0,0,0,0,2,0,0.17684210526315788
3559,êÖí∑è∆óY,2,4,0,0,0,0.185,0,0,0,0,0,0,0,0,0,3,0.17684210526315788
3559,êÖí∑è∆óY,3,4,0,1,2,0.14,0,0,0,0,0,0,0,0,0,0,0.17684210526315788
3559,êÖí∑è∆óY,4,1,0,0,1,0.27,0,0,0,0,0,0,0,0,0,0,0.17684210526315788
3559,êÖí∑è∆óY,5,4,0,0,2,0.1775,0,0,0,0,0,0,0,0,0,0,0.17684210526315788
3559,êÖí∑è∆óY,6,3,0,0,1,0.14333333333333334,0,0,0,0,0,0,0,0,0,0,0.17684210526315788
3562,éRâ∫òaïF,1,49,24,14,4,0.1757142857142857,22,0,0,0,2,0,7,7,5,0,0.1678
3562,éRâ∫òaïF,2,47,10,14,9,0.1697872340425532,1,6,1,0,2,0,0,0,0,23,0.1678
3562,éRâ∫òaïF,3,43,6,8,10,0.17790697674418607,0,1,2,3,0,0,0,0,0,0,0.1678
3562,éRâ∫òaïF,4,36,3,12,6,0.12944444444444445,0,0,1,2,0,0,0,0,0,0,0.1678
3562,éRâ∫òaïF,5,36,4,11,5,0.1597222222222222,0,1,0,2,1,0,0,0,0,0,0.1678
3562,éRâ∫òaïF,6,39,2,3,6,0.18717948717948718,0,0,0,2,0,0,0,0,0,0,0.1678
3563,íÁè∏,1,49,29,6,5,0.16510204081632654,26,0,0,0,3,0,6,10,3,0,0.15986301369863012
3563,íÁè∏,2,52,6,14,13,0.15673076923076923,2,3,0,0,1,0,0,0,0,27,0.15986301369863012
3563,íÁè∏,3,54,9,8,11,0.15,0,0,4,2,2,1,0,0,0,0,0.15986301369863012
3563,íÁè∏,4,41,2,10,5,0.16829268292682928,0,0,0,0,1,1,0,0,0,0,0.15986301369863012
3563,íÁè∏,5,50,1,8,10,0.1578,0,0,0,1,0,0,0,0,0,0,0.15986301369863012
3563,íÁè∏,6,46,2,2,11,0.1641304347826087,0,0,1,1,0,0,0,0,0,0,0.15986301369863012
3564,åKå¥å[,1,34,14,7,5,0.15882352941176472,11,0,0,0,3,0,5,9,3,0,0.15366812227074234
3564,åKå¥å[,2,42,5,9,6,0.1530952380952381,0,1,4,0,0,0,0,0,0,22,0.15366812227074234
3564,åKå¥å[,3,40,4,6,3,0.1515,0,2,1,1,0,0,0,0,0,0,0.15366812227074234
3564,åKå¥å[,4,44,8,8,3,0.14545454545454548,0,0,5,2,1,0,0,0,0,0,0.15366812227074234
3564,åKå¥å[,5,38,1,3,6,0.16789473684210526,0,0,1,0,0,0,0,0,0,0,0.15366812227074234
3564,åKå¥å[,6,31,4,1,2,0.14580645161290323,0,0,3,1,0,0,0,0,0,0,0.15366812227074234
3565,ç‚ñ{ìøçé,1,15,3,3,2,0.15533333333333335,3,0,0,0,0,0,2,6,4,0,0.17450980392156865
3565,ç‚ñ{ìøçé,2,21,0,4,4,0.16285714285714287,0,0,0,0,0,0,0,0,0,11,0.17450980392156865
3565,ç‚ñ{ìøçé,3,18,1,0,0,0.13944444444444445,0,1,0,0,0,0,0,0,0,0,0.17450980392156865
3565,ç‚ñ{ìøçé,4,15,1,1,2,0.19866666666666666,0,0,1,0,0,0,0,0,0,0,0.17450980392156865
3565,ç‚ñ{ìøçé,5,19,0,1,5,0.19105263157894736,0,0,0,0,0,0,0,0,0,0,0.17450980392156865
3565,ç‚ñ{ìøçé,6,14,0,0,0,0.2092857142857143,0,0,0,0,0,0,0,0,0,0,0.17450980392156865
3566,êÏìYâpê≥,1,27,8,7,3,0.15851851851851853,8,0,0,0,0,0,8,3,6,0,0.19014150943396227
3566,êÏìYâpê≥,2,38,5,6,2,0.18789473684210525,0,2,2,0,0,1,0,0,0,16,0.19014150943396227
3566,êÏìYâpê≥,3,41,5,13,6,0.19609756097560974,0,0,4,1,0,0,0,0,0,0,0.19014150943396227
3566,êÏìYâpê≥,4,43,2,10,9,0.19372093023255815,0,0,0,1,1,0,0,0,0,0,0.19014150943396227
3566,êÏìYâpê≥,5,35,0,3,6,0.206,0,0,0,0,0,0,0,0,0,0,0.19014150943396227
3566,êÏìYâpê≥,6,28,0,0,5,0.18964285714285714,0,0,0,0,0,0,0,0,0,0,0.19014150943396227
3567,ãgâ™êΩ,1,14,6,3,1,0.1407142857142857,6,0,0,0,0,0,2,2,3,0,0.15691666666666668
3567,ãgâ™êΩ,2,22,3,2,3,0.18727272727272729,0,2,1,0,0,0,0,0,0,14,0.15691666666666668
3567,ãgâ™êΩ,3,24,1,1,5,0.12333333333333334,0,1,0,0,0,0,0,0,0,0,0.15691666666666668
3567,ãgâ™êΩ,4,22,0,1,3,0.1390909090909091,0,0,0,0,0,0,0,0,0,0,0.15691666666666668
3567,ãgâ™êΩ,5,19,0,2,4,0.1631578947368421,0,0,0,0,0,0,0,0,0,0,0.15691666666666668
3567,ãgâ™êΩ,6,19,0,0,2,0.19052631578947368,0,0,0,0,0,0,0,0,0,0,0.15691666666666668
3568,ñÿë∫åıçG,1,34,15,8,4,0.14676470588235294,14,0,0,0,1,0,7,6,1,0,0.17322916666666666
3568,ñÿë∫åıçG,2,31,3,7,3,0.16483870967741937,0,3,0,0,0,0,0,0,0,18,0.17322916666666666
3568,ñÿë∫åıçG,3,34,6,4,6,0.18911764705882353,0,1,3,2,0,0,0,0,0,0,0.17322916666666666
3568,ñÿë∫åıçG,4,27,0,2,8,0.18222222222222223,0,0,0,0,0,0,0,0,0,0,0.17322916666666666
3568,ñÿë∫åıçG,5,33,2,4,6,0.17939393939393938,0,0,1,1,0,0,0,0,0,0,0.17322916666666666
3568,ñÿë∫åıçG,6,33,1,1,7,0.17848484848484847,0,0,0,0,0,1,0,0,0,0,0.17322916666666666
3569,ëùìcêi,1,42,17,10,5,0.1661904761904762,17,0,0,0,0,0,11,9,3,0,0.18671875000000002
3569,ëùìcêi,2,44,3,9,5,0.1859090909090909,0,1,2,0,0,0,0,0,0,26,0.18671875000000002
3569,ëùìcêi,3,45,1,4,7,0.1808888888888889,0,0,0,1,0,0,0,0,0,0,0.18671875000000002
3569,ëùìcêi,4,44,3,5,5,0.18227272727272725,0,0,0,3,0,0,0,0,0,0,0.18671875000000002
3569,ëùìcêi,5,41,2,1,6,0.18073170731707316,0,0,0,1,1,0,0,0,0,0,0.18671875000000002
3569,ëùìcêi,6,40,0,3,4,0.22675,0,0,0,0,0,0,0,0,0,0,0.18671875000000002
3572,à¿ìcê≠ïF,1,23,15,5,2,0.16652173913043478,15,0,0,0,0,0,1,2,5,0,0.19544827586206898
3572,à¿ìcê≠ïF,2,26,4,10,5,0.18423076923076923,0,0,3,0,1,0,0,0,0,15,0.19544827586206898
3572,à¿ìcê≠ïF,3,27,2,11,5,0.19185185185185183,0,0,0,2,0,0,0,0,0,0,0.19544827586206898
3572,à¿ìcê≠ïF,4,20,0,3,5,0.1955,0,0,0,0,0,0,0,0,0,0,0.19544827586206898
3572,à¿ìcê≠ïF,5,30,0,1,10,0.202,0,0,0,0,0,0,0,0,0,0,0.19544827586206898
3572,à¿ìcê≠ïF,6,19,0,2,2,0.2405263157894737,0,0,0,0,0,0,0,0,0,0,0.19544827586206898
3574,ëÂê_çNéi,1,46,24,11,3,0.17065217391304346,23,0,0,0,1,0,8,3,9,0,0.1716888888888889
3574,ëÂê_çNéi,2,36,2,8,11,0.17750000000000002,0,0,2,0,0,0,0,0,0,25,0.1716888888888889
3574,ëÂê_çNéi,3,36,4,5,9,0.15361111111111111,0,0,3,1,0,0,0,0,0,0,0.1716888888888889
3574,ëÂê_çNéi,4,37,5,6,8,0.16783783783783784,0,0,2,1,2,0,0,0,0,0,0.1716888888888889
3574,ëÂê_çNéi,5,36,5,6,4,0.18305555555555555,0,0,4,1,0,0,0,0,0,0,0.1716888888888889
3574,ëÂê_çNéi,6,34,2,6,7,0.17823529411764708,0,0,2,0,0,0,0,0,0,0,0.1716888888888889
3576,îíêÖèüñÁ,1,63,46,8,4,0.13873015873015873,43,0,0,0,2,1,7,5,3,0,0.16361623616236162
3576,îíêÖèüñÁ,2,38,8,14,7,0.16,0,5,2,0,1,0,0,0,0,19,0.16361623616236162
3576,îíêÖèüñÁ,3,46,6,14,7,0.16326086956521738,0,1,2,0,3,0,0,0,0,0,0.16361623616236162
3576,îíêÖèüñÁ,4,47,8,9,12,0.17319148936170214,1,1,2,3,1,0,0,0,0,0,0.16361623616236162
3576,îíêÖèüñÁ,5,34,4,7,6,0.17176470588235293,0,0,0,3,1,0,0,0,0,0,0.16361623616236162
3576,îíêÖèüñÁ,6,43,3,6,15,0.1867441860465116,0,1,0,0,2,0,0,0,0,0,0.16361623616236162
3577,å¸èäç_ìÒ,1,31,15,6,3,0.15290322580645163,14,0,0,0,0,1,5,4,4,0,0.1503125
3577,å¸èäç_ìÒ,2,32,8,6,3,0.164375,0,3,5,0,0,0,0,0,0,17,0.1503125
3577,å¸èäç_ìÒ,3,30,5,3,6,0.12533333333333335,0,0,5,0,0,0,0,0,0,0,0.1503125
3577,å¸èäç_ìÒ,4,35,0,8,7,0.14285714285714285,0,0,0,0,0,0,0,0,0,0,0.1503125
3577,å¸èäç_ìÒ,5,29,2,3,9,0.1393103448275862,0,0,1,1,0,0,0,0,0,0,0.1503125
3577,å¸èäç_ìÒ,6,35,4,2,5,0.17314285714285713,0,1,2,1,0,0,0,0,0,0,0.1503125
3578,âñìcóYàÍ,1,33,8,6,7,0.18818181818181817,8,0,0,0,0,0,12,5,3,0,0.17901408450704226
3578,âñìcóYàÍ,2,38,1,9,3,0.1881578947368421,0,0,0,0,1,0,0,0,0,22,0.17901408450704226
3578,âñìcóYàÍ,3,37,3,8,7,0.17837837837837836,0,0,2,1,0,0,0,0,0,0,0.17901408450704226
3578,âñìcóYàÍ,4,39,2,5,7,0.17692307692307693,0,0,1,1,0,0,0,0,0,0,0.17901408450704226
3578,âñìcóYàÍ,5,34,2,2,2,0.16970588235294115,0,0,0,2,0,0,0,0,0,0,0.17901408450704226
3578,âñìcóYàÍ,6,32,0,1,4,0.171875,0,0,0,0,0,0,0,0,0,0,0.17901408450704226
3579,íÜó¢óDéq,1,34,18,9,1,0.14647058823529413,18,0,0,0,0,0,6,4,5,0,0.16687179487179488
3579,íÜó¢óDéq,2,37,4,6,9,0.16162162162162164,0,1,2,0,1,0,0,0,0,20,0.16687179487179488
3579,íÜó¢óDéq,3,34,1,5,7,0.18823529411764706,0,1,0,0,0,0,0,0,0,0,0.16687179487179488
3579,íÜó¢óDéq,4,32,4,5,9,0.1471875,0,0,1,3,0,0,0,0,0,0,0.16687179487179488
3579,íÜó¢óDéq,5,29,4,3,3,0.17620689655172414,0,0,2,1,1,0,0,0,0,0,0.16687179487179488
3579,íÜó¢óDéq,6,29,0,6,7,0.18482758620689657,0,0,0,0,0,0,0,0,0,0,0.16687179487179488
3580,êÖå˚óRãI,1,28,8,6,7,0.19178571428571428,8,0,0,0,0,0,2,12,4,0,0.18605555555555556
3580,êÖå˚óRãI,2,31,3,6,12,0.1761290322580645,0,3,0,0,0,0,0,0,0,15,0.18605555555555556
3580,êÖå˚óRãI,3,32,2,6,6,0.1790625,0,1,0,0,1,0,0,0,0,0,0.18605555555555556
3580,êÖå˚óRãI,4,38,1,3,7,0.17763157894736842,0,0,0,1,0,0,0,0,0,0,0.18605555555555556
3580,êÖå˚óRãI,5,27,0,1,2,0.18222222222222223,0,0,0,0,0,0,0,0,0,0,0.18605555555555556
3580,êÖå˚óRãI,6,24,1,1,3,0.21916666666666665,0,0,0,1,0,0,0,0,0,0,0.18605555555555556
3581,â¡ñÿàË,1,36,15,5,8,0.18694444444444447,14,0,0,0,1,0,5,10,3,0,0.18370212765957447
3581,â¡ñÿàË,2,42,2,10,9,0.1742857142857143,0,2,0,0,0,0,0,0,0,23,0.18370212765957447
3581,â¡ñÿàË,3,43,5,11,7,0.19651162790697674,0,1,3,1,0,0,0,0,0,0,0.18370212765957447
3581,â¡ñÿàË,4,40,2,8,8,0.19875,0,1,1,0,0,0,0,0,0,0,0.18370212765957447
3581,â¡ñÿàË,5,40,0,5,5,0.15575,0,0,0,0,0,0,0,0,0,0,0.18370212765957447
3581,â¡ñÿàË,6,34,1,1,5,0.19088235294117648,0,0,1,0,0,0,0,0,0,0,0.18370212765957447
3582,ãgêÏè∫íj,1,55,30,9,8,0.15272727272727274,27,0,0,0,3,0,6,5,8,0,0.16909448818897638
3582,ãgêÏè∫íj,2,48,10,12,11,0.17520833333333333,0,8,1,0,1,0,0,0,0,29,0.16909448818897638
3582,ãgêÏè∫íj,3,41,9,13,6,0.16731707317073172,0,2,2,2,3,0,0,0,0,0,0.16909448818897638
3582,ãgêÏè∫íj,4,34,3,12,4,0.17941176470588238,0,2,0,1,0,0,0,0,0,0,0.16909448818897638
3582,ãgêÏè∫íj,5,38,8,12,6,0.16131578947368422,1,4,3,0,0,0,0,0,0,0,0.16909448818897638
3582,ãgêÏè∫íj,6,38,3,9,7,0.18552631578947368,0,1,1,1,0,0,0,0,0,0,0.16909448818897638
3583,‚Vì°íqóT,1,22,4,7,3,0.1431818181818182,3,0,0,0,1,0,5,4,6,0,0.16085106382978723
3583,‚Vì°íqóT,2,26,1,3,1,0.1696153846153846,0,1,0,0,0,0,0,0,0,12,0.16085106382978723
3583,‚Vì°íqóT,3,26,1,4,6,0.1580769230769231,0,0,0,0,1,0,0,0,0,0,0.16085106382978723
3583,‚Vì°íqóT,4,22,1,0,2,0.1731818181818182,0,0,1,0,0,0,0,0,0,0,0.16085106382978723
3583,‚Vì°íqóT,5,25,1,2,2,0.152,0,0,0,1,0,0,0,0,0,0,0.16085106382978723
3583,‚Vì°íqóT,6,20,0,0,0,0.16999999999999998,0,0,0,0,0,0,0,0,0,0,0.16085106382978723
3584,ç≤ÅXñÿâpé˜,1,34,8,10,2,0.1611764705882353,8,0,0,0,0,0,7,7,9,0,0.17666666666666667
3584,ç≤ÅXñÿâpé˜,2,42,4,17,5,0.18214285714285716,0,4,0,0,0,0,0,0,0,29,0.17666666666666667
3584,ç≤ÅXñÿâpé˜,3,45,4,11,10,0.17044444444444445,0,0,3,0,1,0,0,0,0,0,0.17666666666666667
3584,ç≤ÅXñÿâpé˜,4,39,3,4,8,0.17692307692307693,0,1,1,0,1,0,0,0,0,0,0.17666666666666667
3584,ç≤ÅXñÿâpé˜,5,38,1,6,4,0.17078947368421052,0,0,0,1,0,0,0,0,0,0,0.17666666666666667
3584,ç≤ÅXñÿâpé˜,6,33,1,0,2,0.20060606060606062,0,0,0,1,0,0,0,0,0,0,0.17666666666666667
3587,ïêìcêMàÍ,1,21,2,6,4,0.1680952380952381,2,0,0,0,0,0,4,4,9,0,0.1654887218045113
3587,ïêìcêMàÍ,2,23,1,7,2,0.15869565217391304,0,0,1,0,0,0,0,0,0,14,0.1654887218045113
3587,ïêìcêMàÍ,3,23,2,7,2,0.15695652173913044,0,0,1,1,0,0,0,0,0,0,0.1654887218045113
3587,ïêìcêMàÍ,4,23,1,2,10,0.15130434782608695,0,0,1,0,0,0,0,0,0,0,0.1654887218045113
3587,ïêìcêMàÍ,5,17,1,1,2,0.1688235294117647,0,0,0,1,0,0,0,0,0,0,0.1654887218045113
3587,ïêìcêMàÍ,6,26,0,1,2,0.18730769230769231,0,0,0,0,0,0,0,0,0,0,0.1654887218045113
3589,êºë∫èü,1,36,8,14,5,0.16083333333333333,8,0,0,0,0,0,12,7,9,0,0.16771689497716893
3589,êºë∫èü,2,42,5,11,2,0.1780952380952381,0,4,0,0,1,0,0,0,0,20,0.16771689497716893
3589,êºë∫èü,3,37,2,5,11,0.17864864864864866,0,1,0,1,0,0,0,0,0,0,0.16771689497716893
3589,êºë∫èü,4,33,1,4,3,0.15515151515151515,0,0,1,0,0,0,0,0,0,0,0.16771689497716893
3589,êºë∫èü,5,35,2,4,7,0.1337142857142857,0,0,1,1,0,0,0,0,0,0,0.16771689497716893
3589,êºë∫èü,6,36,1,3,2,0.19583333333333333,0,0,0,1,0,0,0,0,0,0,0.16771689497716893
3590,‡_ñÏíJåõå·,1,45,28,7,3,0.11444444444444445,28,0,0,0,0,0,5,7,4,0,0.13213953488372093
3590,‡_ñÏíJåõå·,2,33,8,8,8,0.12575757575757576,0,4,4,0,0,0,0,0,0,17,0.13213953488372093
3590,‡_ñÏíJåõå·,3,35,4,11,7,0.13657142857142857,0,1,1,2,0,0,0,0,0,0,0.13213953488372093
3590,‡_ñÏíJåõå·,4,30,3,6,7,0.14400000000000002,0,0,1,2,0,0,0,0,0,0,0.13213953488372093
3590,‡_ñÏíJåõå·,5,35,4,5,9,0.12028571428571429,0,0,0,3,1,0,0,0,0,0,0.13213953488372093
3590,‡_ñÏíJåõå·,6,37,3,6,6,0.15675675675675677,0,1,0,1,0,1,0,0,0,0,0.13213953488372093
3591,å„ì°çFã`,1,19,6,7,1,0.16052631578947368,6,0,0,0,0,0,4,5,3,0,0.17666666666666667
3591,å„ì°çFã`,2,25,0,2,8,0.1796,0,0,0,0,0,0,0,0,0,18,0.17666666666666667
3591,å„ì°çFã`,3,24,0,2,4,0.16416666666666666,0,0,0,0,0,0,0,0,0,0,0.17666666666666667
3591,å„ì°çFã`,4,23,0,2,3,0.18869565217391304,0,0,0,0,0,0,0,0,0,0,0.17666666666666667
3591,å„ì°çFã`,5,21,1,0,1,0.1542857142857143,0,1,0,0,0,0,0,0,0,0,0.17666666666666667
3591,å„ì°çFã`,6,20,0,0,1,0.213,0,0,0,0,0,0,0,0,0,0,0.17666666666666667
3593,â°à‰åıçO,1,3,0,1,1,0.21333333333333335,0,0,0,0,0,0,1,0,1,0,0.19076923076923077
3593,â°à‰åıçO,2,5,1,2,0,0.152,0,0,1,0,0,0,0,0,0,3,0.19076923076923077
3593,â°à‰åıçO,3,4,0,0,1,0.20500000000000002,0,0,0,0,0,0,0,0,0,0,0.19076923076923077
3593,â°à‰åıçO,4,4,0,1,0,0.2125,0,0,0,0,0,0,0,0,0,0,0.19076923076923077
3593,â°à‰åıçO,5,6,0,0,2,0.17500000000000002,0,0,0,0,0,0,0,0,0,0,0.19076923076923077
3593,â°à‰åıçO,6,4,0,0,2,0.21000000000000002,0,0,0,0,0,0,0,0,0,0,0.19076923076923077
3596,âÕè„îNè∫,1,31,8,6,4,0.16225806451612904,7,0,0,0,1,0,4,10,5,0,0.16551886792452833
3596,âÕè„îNè∫,2,38,3,6,9,0.15552631578947368,0,1,1,0,1,0,0,0,0,19,0.16551886792452833
3596,âÕè„îNè∫,3,41,3,5,8,0.15560975609756098,0,1,0,1,1,0,0,0,0,0,0.16551886792452833
3596,âÕè„îNè∫,4,37,3,1,11,0.16891891891891891,0,2,1,0,0,0,0,0,0,0,0.16551886792452833
3596,âÕè„îNè∫,5,38,0,5,7,0.1773684210526316,0,0,0,0,0,0,0,0,0,0,0.16551886792452833
3596,âÕè„îNè∫,6,27,1,1,3,0.17703703703703705,0,1,0,0,0,0,0,0,0,0,0.16551886792452833
3600,å∫înìO,1,29,10,4,2,0.18,8,0,0,0,2,0,6,6,7,0,0.19822916666666668
3600,å∫înìO,2,34,3,8,3,0.18323529411764708,1,1,0,0,1,0,0,0,0,19,0.19822916666666668
3600,å∫înìO,3,35,3,6,6,0.162,0,1,0,2,0,0,0,0,0,0,0.19822916666666668
3600,å∫înìO,4,34,1,4,4,0.1935294117647059,0,0,1,0,0,0,0,0,0,0,0.19822916666666668
3600,å∫înìO,5,30,0,3,5,0.225,0,0,0,0,0,0,0,0,0,0,0.19822916666666668
3600,å∫înìO,6,30,0,1,2,0.25366666666666665,0,0,0,0,0,0,0,0,0,0,0.19822916666666668
3602,âúïΩëÒñÁ,1,35,10,7,5,0.18885714285714286,10,0,0,0,0,0,4,8,8,0,0.16663594470046084
3602,âúïΩëÒñÁ,2,38,4,8,6,0.15026315789473685,0,3,1,0,0,0,0,0,0,22,0.16663594470046084
3602,âúïΩëÒñÁ,3,37,5,10,6,0.14486486486486488,0,2,3,0,0,0,0,0,0,0,0.16663594470046084
3602,âúïΩëÒñÁ,4,34,2,6,3,0.15411764705882353,0,0,2,0,0,0,0,0,0,0,0.16663594470046084
3602,âúïΩëÒñÁ,5,39,1,4,9,0.17205128205128206,0,0,0,1,0,0,0,0,0,0,0.16663594470046084
3602,âúïΩëÒñÁ,6,34,0,4,6,0.19205882352941178,0,0,0,0,0,0,0,0,0,0,0.16663594470046084
3604,ïêì°àªéq,1,30,10,8,5,0.17933333333333332,9,0,0,0,1,0,8,5,3,0,0.20892307692307693
3604,ïêì°àªéq,2,40,2,8,7,0.19575,0,1,1,0,0,0,0,0,0,23,0.20892307692307693
3604,ïêì°àªéq,3,40,0,3,12,0.23725000000000002,0,0,0,0,0,0,0,0,0,0,0.20892307692307693
3604,ïêì°àªéq,4,26,0,2,4,0.21576923076923077,0,0,0,0,0,0,0,0,0,0,0.20892307692307693
3604,ïêì°àªéq,5,34,0,0,5,0.21235294117647058,0,0,0,0,0,0,0,0,0,0,0.20892307692307693
3604,ïêì°àªéq,6,25,0,2,0,0.2084,0,0,0,0,0,0,0,0,0,0,0.20892307692307693
3605,íÜë∫éÁê¨,1,31,14,3,4,0.13,13,0,0,0,1,0,5,6,3,0,0.17935828877005347
3605,íÜë∫éÁê¨,2,32,2,7,6,0.1865625,0,1,1,0,0,0,0,0,0,15,0.17935828877005347
3605,íÜë∫éÁê¨,3,34,1,4,5,0.22588235294117645,0,1,0,0,0,0,0,0,0,0,0.17935828877005347
3605,íÜë∫éÁê¨,4,29,2,5,3,0.1893103448275862,0,1,1,0,0,0,0,0,0,0,0.17935828877005347
3605,íÜë∫éÁê¨,5,34,0,8,5,0.17676470588235293,0,0,0,0,0,0,0,0,0,0,0.17935828877005347
3605,íÜë∫éÁê¨,6,27,0,0,2,0.1614814814814815,0,0,0,0,0,0,0,0,0,0,0.17935828877005347
3606,êÏñkç_ãM,1,54,31,14,4,0.16,28,0,0,0,3,0,13,4,5,0,0.1584
3606,êÏñkç_ãM,2,33,4,12,9,0.14909090909090908,0,3,1,0,0,0,0,0,0,19,0.1584
3606,êÏñkç_ãM,3,42,5,11,13,0.1604761904761905,0,1,3,1,0,0,0,0,0,0,0.1584
3606,êÏñkç_ãM,4,45,4,10,10,0.14733333333333334,0,1,1,1,1,0,0,0,0,0,0.1584
3606,êÏñkç_ãM,5,39,3,3,8,0.14974358974358973,0,1,0,1,1,0,0,0,0,0,0.1584
3606,êÏñkç_ãM,6,37,0,4,9,0.1845945945945946,0,0,0,0,0,0,0,0,0,0,0.1584
3611,ä‚çËñFî¸,1,48,23,9,7,0.15625,20,0,0,0,1,2,10,9,4,0,0.15375
3611,ä‚çËñFî¸,2,36,8,12,7,0.14555555555555555,0,4,2,0,1,1,0,0,0,16,0.15375
3611,ä‚çËñFî¸,3,43,9,13,7,0.1330232558139535,0,1,5,1,2,0,0,0,0,0,0.15375
3611,ä‚çËñFî¸,4,38,4,7,11,0.16342105263157894,0,1,3,0,0,0,0,0,0,0,0.15375
3611,ä‚çËñFî¸,5,31,0,2,4,0.1706451612903226,0,0,0,0,0,0,0,0,0,0,0.15375
3611,ä‚çËñFî¸,6,36,2,4,4,0.15861111111111112,0,0,0,2,0,0,0,0,0,0,0.15375
3612,înë‹ã`ë•,1,62,42,11,1,0.14370967741935484,40,0,0,0,2,0,4,7,8,0,0.1424817518248175
3612,înë‹ã`ë•,2,45,6,14,7,0.14644444444444443,0,4,0,0,2,0,0,0,0,22,0.1424817518248175
3612,înë‹ã`ë•,3,43,8,11,9,0.13837209302325582,0,2,3,3,0,0,0,0,0,0,0.1424817518248175
3612,înë‹ã`ë•,4,44,2,10,12,0.15840909090909092,0,0,0,2,0,0,0,0,0,0,0.1424817518248175
3612,înë‹ã`ë•,5,34,4,5,11,0.12735294117647059,0,1,0,2,1,0,0,0,0,0,0.1424817518248175
3612,înë‹ã`ë•,6,46,8,6,5,0.1367391304347826,0,0,3,2,1,2,0,0,0,0,0.1424817518248175
3613,äpíJåíå·,1,50,33,9,2,0.1528,33,0,0,0,0,0,7,4,6,0,0.14834710743801652
3613,äpíJåíå·,2,46,13,17,9,0.14630434782608698,1,7,3,0,1,1,0,0,0,19,0.14834710743801652
3613,äpíJåíå·,3,38,16,10,3,0.1413157894736842,0,2,9,5,0,0,0,0,0,0,0.14834710743801652
3613,äpíJåíå·,4,32,4,5,8,0.1396875,0,0,1,2,1,0,0,0,0,0,0.14834710743801652
3613,äpíJåíå·,5,40,2,4,8,0.1365,0,0,1,1,0,0,0,0,0,0,0.14834710743801652
3613,äpíJåíå·,6,36,0,2,7,0.17305555555555557,0,0,0,0,0,0,0,0,0,0,0.14834710743801652
3614,íJèüçK,1,33,5,7,7,0.17181818181818181,5,0,0,0,0,0,7,9,8,0,0.1703585657370518
3614,íJèüçK,2,47,4,12,8,0.16595744680851063,0,4,0,0,0,0,0,0,0,30,0.1703585657370518
3614,íJèüçK,3,49,2,7,9,0.15918367346938775,0,0,2,0,0,0,0,0,0,0,0.1703585657370518
3614,íJèüçK,4,44,3,5,4,0.16568181818181818,0,0,2,0,1,0,0,0,0,0,0.1703585657370518
3614,íJèüçK,5,46,2,2,5,0.1658695652173913,0,0,1,1,0,0,0,0,0,0,0.1703585657370518
3614,íJèüçK,6,32,1,0,1,0.2053125,0,0,1,0,0,0,0,0,0,0,0.1703585657370518
3615,â°ìcñŒ,1,32,19,6,2,0.1459375,19,0,0,0,0,0,3,4,1,0,0.15629032258064515
3615,â°ìcñŒ,2,47,1,8,8,0.15404255319148938,0,1,0,0,0,0,0,0,0,26,0.15629032258064515
3615,â°ìcñŒ,3,51,6,7,11,0.15313725490196078,0,0,3,1,1,1,0,0,0,0,0.15629032258064515
3615,â°ìcñŒ,4,42,3,7,5,0.1561904761904762,0,0,2,1,0,0,0,0,0,0,0.15629032258064515
3615,â°ìcñŒ,5,45,3,3,5,0.15733333333333333,0,1,1,1,0,0,0,0,0,0,0.15629032258064515
3615,â°ìcñŒ,6,31,0,4,3,0.17419354838709677,0,0,0,0,0,0,0,0,0,0,0.15629032258064515
3616,íÜë∫ê^,1,38,20,9,1,0.14763157894736842,17,0,0,0,3,0,3,5,7,0,0.15727722772277228
3616,íÜë∫ê^,2,31,6,10,4,0.18516129032258066,0,3,1,0,2,0,0,0,0,17,0.15727722772277228
3616,íÜë∫ê^,3,37,1,15,8,0.13054054054054054,0,0,0,1,0,0,0,0,0,0,0.15727722772277228
3616,íÜë∫ê^,4,31,4,5,11,0.13935483870967744,0,0,3,1,0,0,0,0,0,0,0.15727722772277228
3616,íÜë∫ê^,5,32,3,7,8,0.17,0,0,1,2,0,0,0,0,0,0,0.15727722772277228
3616,íÜë∫ê^,6,33,1,3,4,0.17666666666666667,0,0,0,1,0,0,0,0,0,0,0.15727722772277228
3617,í|ìcçLé˜,1,31,16,3,3,0.18806451612903227,15,0,0,0,0,1,4,1,8,0,0.19059633027522935
3617,í|ìcçLé˜,2,37,8,5,5,0.18621621621621623,0,4,4,0,0,0,0,0,0,18,0.19059633027522935
3617,í|ìcçLé˜,3,41,5,8,3,0.17829268292682926,0,0,4,0,1,0,0,0,0,0,0.19059633027522935
3617,í|ìcçLé˜,4,39,0,3,3,0.18846153846153846,0,0,0,0,0,0,0,0,0,0,0.19059633027522935
3617,í|ìcçLé˜,5,42,0,6,3,0.19928571428571426,0,0,0,0,0,0,0,0,0,0,0.19059633027522935
3617,í|ìcçLé˜,6,28,0,0,5,0.20714285714285713,0,0,0,0,0,0,0,0,0,0,0.19059633027522935
3618,äCñÏÇ‰Ç©ÇË,1,61,42,10,4,0.1563934426229508,41,0,0,0,1,0,11,3,3,0,0.16490636704119851
3618,äCñÏÇ‰Ç©ÇË,2,49,9,19,6,0.17102040816326533,0,2,6,0,1,0,0,0,0,25,0.16490636704119851
3618,äCñÏÇ‰Ç©ÇË,3,37,7,9,10,0.14972972972972973,0,1,6,0,0,0,0,0,0,0,0.16490636704119851
3618,äCñÏÇ‰Ç©ÇË,4,45,4,10,9,0.17244444444444443,0,0,2,1,1,0,0,0,0,0,0.16490636704119851
3618,äCñÏÇ‰Ç©ÇË,5,35,1,6,4,0.14485714285714288,0,0,0,0,1,0,0,0,0,0,0.16490636704119851
3618,äCñÏÇ‰Ç©ÇË,6,40,2,4,3,0.1935,0,2,0,0,0,0,0,0,0,0,0.16490636704119851
3619,í∑íJêÏè[,1,47,22,11,2,0.1778723404255319,20,0,0,0,2,0,5,8,7,0,0.19533864541832668
3619,í∑íJêÏè[,2,48,8,12,7,0.17708333333333334,0,6,2,0,0,0,0,0,0,24,0.19533864541832668
3619,í∑íJêÏè[,3,46,3,8,10,0.1856521739130435,0,1,0,2,0,0,0,0,0,0,0.19533864541832668
3619,í∑íJêÏè[,4,34,3,3,6,0.18941176470588236,0,2,0,1,0,0,0,0,0,0,0.19533864541832668
3619,í∑íJêÏè[,5,40,3,2,6,0.2165,0,0,0,3,0,0,0,0,0,0,0.19533864541832668
3619,í∑íJêÏè[,6,36,0,2,5,0.23694444444444443,0,0,0,0,0,0,0,0,0,0,0.19533864541832668
3620,êMîZóRçs,1,24,11,4,2,0.17500000000000002,10,0,0,0,1,0,3,5,2,0,0.18039772727272727
3620,êMîZóRçs,2,36,0,5,6,0.1741666666666667,0,0,0,0,0,0,0,0,0,25,0.18039772727272727
3620,êMîZóRçs,3,32,1,1,4,0.17625,0,1,0,0,0,0,0,0,0,0,0.18039772727272727
3620,êMîZóRçs,4,31,2,5,5,0.17903225806451611,0,0,0,2,0,0,0,0,0,0,0.18039772727272727
3620,êMîZóRçs,5,27,2,0,2,0.17185185185185187,0,1,0,1,0,0,0,0,0,0,0.18039772727272727
3620,êMîZóRçs,6,26,0,1,4,0.20961538461538462,0,0,0,0,0,0,0,0,0,0,0.18039772727272727
3621,ìVñÏèªïv,1,52,27,18,6,0.14596153846153845,26,0,0,0,1,0,8,9,5,0,0.16355648535564854
3621,ìVñÏèªïv,2,36,5,9,7,0.16944444444444445,0,3,0,1,0,1,0,0,0,19,0.16355648535564854
3621,ìVñÏèªïv,3,39,8,9,10,0.15435897435897436,1,1,1,4,1,0,0,0,0,0,0.16355648535564854
3621,ìVñÏèªïv,4,38,5,6,12,0.165,0,2,0,3,0,0,0,0,0,0,0.16355648535564854
3621,ìVñÏèªïv,5,32,2,4,11,0.1415625,0,0,0,1,1,0,0,0,0,0,0.16355648535564854
3621,ìVñÏèªïv,6,42,0,5,12,0.2042857142857143,0,0,0,0,0,0,0,0,0,0,0.16355648535564854
3623,ê[êÏê^ìÒ,1,67,45,16,2,0.12522388059701495,42,0,0,0,3,0,7,3,11,0,0.13832
3623,ê[êÏê^ìÒ,2,39,12,9,5,0.12923076923076923,0,7,4,0,1,0,0,0,0,19,0.13832
3623,ê[êÏê^ìÒ,3,35,17,5,5,0.11457142857142856,1,1,5,9,1,0,0,0,0,0,0.13832
3623,ê[êÏê^ìÒ,4,34,8,10,3,0.15676470588235294,1,4,1,0,2,0,0,0,0,0,0.13832
3623,ê[êÏê^ìÒ,5,35,13,7,2,0.14714285714285716,2,6,4,0,1,0,0,0,0,0,0.13832
3623,ê[êÏê^ìÒ,6,40,18,9,2,0.1665,2,9,4,0,3,0,0,0,0,0,0.13832
3624,ëÂêŒòaïF,1,9,4,2,1,0.1311111111111111,3,0,0,0,1,0,2,2,1,0,0.1705084745762712
3624,ëÂêŒòaïF,2,12,1,2,2,0.14333333333333334,0,1,0,0,0,0,0,0,0,7,0.1705084745762712
3624,ëÂêŒòaïF,3,10,2,1,0,0.159,0,2,0,0,0,0,0,0,0,0,0.1705084745762712
3624,ëÂêŒòaïF,4,7,0,0,1,0.17714285714285713,0,0,0,0,0,0,0,0,0,0,0.1705084745762712
3624,ëÂêŒòaïF,5,13,0,0,2,0.19538461538461538,0,0,0,0,0,0,0,0,0,0,0.1705084745762712
3624,ëÂêŒòaïF,6,8,0,0,1,0.22375,0,0,0,0,0,0,0,0,0,0,0.1705084745762712
3627,à‰è„åbàÍ,1,33,20,3,2,0.16575757575757574,19,0,0,0,1,0,5,3,4,0,0.18061611374407582
3627,à‰è„åbàÍ,2,37,3,4,6,0.17432432432432432,1,2,0,0,0,0,0,0,0,21,0.18061611374407582
3627,à‰è„åbàÍ,3,38,4,6,10,0.19447368421052633,0,0,4,0,0,0,0,0,0,0,0.18061611374407582
3627,à‰è„åbàÍ,4,36,2,6,9,0.15777777777777777,0,0,1,1,0,0,0,0,0,0,0.18061611374407582
3627,à‰è„åbàÍ,5,38,1,4,7,0.1955263157894737,0,0,0,1,0,0,0,0,0,0,0.18061611374407582
3627,à‰è„åbàÍ,6,29,1,1,6,0.19620689655172416,0,0,0,0,0,1,0,0,0,0,0.18061611374407582
3629,êÛå©èπçé,1,44,22,10,7,0.17750000000000002,20,0,0,0,2,0,5,6,9,0,0.15373271889400922
3629,êÛå©èπçé,2,31,5,11,6,0.1538709677419355,0,5,0,0,0,0,0,0,0,14,0.15373271889400922
3629,êÛå©èπçé,3,39,3,5,10,0.1358974358974359,0,1,1,1,0,0,0,0,0,0,0.15373271889400922
3629,êÛå©èπçé,4,34,4,8,8,0.14176470588235296,0,0,3,1,0,0,0,0,0,0,0.15373271889400922
3629,êÛå©èπçé,5,33,3,4,9,0.13666666666666666,0,0,1,1,1,0,0,0,0,0,0.15373271889400922
3629,êÛå©èπçé,6,36,1,4,5,0.17083333333333334,0,0,0,1,0,0,0,0,0,0,0.15373271889400922
3630,çïìcêΩéi,1,27,5,5,5,0.14888888888888888,5,0,0,0,0,0,9,6,5,0,0.1586021505376344
3630,çïìcêΩéi,2,35,0,5,8,0.16228571428571428,0,0,0,0,0,0,0,0,0,22,0.1586021505376344
3630,çïìcêΩéi,3,32,2,0,6,0.1571875,0,0,1,0,1,0,0,0,0,0,0.1586021505376344
3630,çïìcêΩéi,4,36,0,8,7,0.15583333333333335,0,0,0,0,0,0,0,0,0,0,0.1586021505376344
3630,çïìcêΩéi,5,30,2,1,6,0.15666666666666668,0,1,1,0,0,0,0,0,0,0,0.1586021505376344
3630,çïìcêΩéi,6,26,0,0,6,0.17153846153846153,0,0,0,0,0,0,0,0,0,0,0.1586021505376344
3631,ìcìYçNâÓ,1,19,11,4,0,0.13578947368421054,11,0,0,0,0,0,2,5,0,0,0.1701449275362319
3631,ìcìYçNâÓ,2,19,0,4,4,0.15157894736842104,0,0,0,0,0,0,0,0,0,9,0.1701449275362319
3631,ìcìYçNâÓ,3,28,3,4,4,0.1907142857142857,0,2,1,0,0,0,0,0,0,0,0.1701449275362319
3631,ìcìYçNâÓ,4,24,1,3,4,0.15,0,0,1,0,0,0,0,0,0,0,0.1701449275362319
3631,ìcìYçNâÓ,5,22,0,1,1,0.1990909090909091,0,0,0,0,0,0,0,0,0,0,0.1701449275362319
3631,ìcìYçNâÓ,6,26,0,1,3,0.18076923076923077,0,0,0,0,0,0,0,0,0,0,0.1701449275362319
3635,êŒìcê≠å·,1,51,30,14,2,0.15843137254901962,29,0,0,0,1,0,8,7,6,0,0.16679841897233202
3635,êŒìcê≠å·,2,44,10,10,9,0.1465909090909091,0,8,1,0,1,0,0,0,0,17,0.16679841897233202
3635,êŒìcê≠å·,3,46,4,14,9,0.16195652173913044,0,1,0,2,0,1,0,0,0,0,0.16679841897233202
3635,êŒìcê≠å·,4,37,3,8,8,0.1672972972972973,0,1,1,1,0,0,0,0,0,0,0.16679841897233202
3635,êŒìcê≠å·,5,40,1,0,13,0.16875,0,0,0,1,0,0,0,0,0,0,0.16679841897233202
3635,êŒìcê≠å·,6,35,0,3,4,0.20800000000000002,0,0,0,0,0,0,0,0,0,0,0.16679841897233202
3637,‚Vì°òaê≠,1,36,8,10,6,0.15861111111111112,8,0,0,0,0,0,14,7,5,0,0.18517857142857144
3637,‚Vì°òaê≠,2,39,4,3,13,0.18769230769230769,0,4,0,0,0,0,0,0,0,20,0.18517857142857144
3637,‚Vì°òaê≠,3,39,2,6,4,0.18923076923076923,0,2,0,0,0,0,0,0,0,0,0.18517857142857144
3637,‚Vì°òaê≠,4,38,2,4,5,0.1889473684210526,0,0,1,1,0,0,0,0,0,0,0.18517857142857144
3637,‚Vì°òaê≠,5,40,2,4,5,0.1965,0,0,1,1,0,0,0,0,0,0,0.18517857142857144
3637,‚Vì°òaê≠,6,32,1,2,2,0.1884375,0,0,0,1,0,0,0,0,0,0,0.18517857142857144
3641,àÍê£ñæ,1,60,34,12,7,0.14816666666666667,34,0,0,0,0,0,10,6,6,0,0.15953405017921146
3641,àÍê£ñæ,2,49,7,15,13,0.1769387755102041,0,4,2,1,0,0,0,0,0,26,0.15953405017921146
3641,àÍê£ñæ,3,45,7,10,7,0.14866666666666667,0,2,3,1,1,0,0,0,0,0,0.15953405017921146
3641,àÍê£ñæ,4,43,3,9,20,0.1641860465116279,0,1,2,0,0,0,0,0,0,0,0.15953405017921146
3641,àÍê£ñæ,5,38,2,17,5,0.16499999999999998,0,0,0,2,0,0,0,0,0,0,0.15953405017921146
3641,àÍê£ñæ,6,44,2,4,7,0.1575,0,1,0,1,0,0,0,0,0,0,0.15953405017921146
3642,ëÂíÀç_ìÒ,1,31,4,9,3,0.15870967741935485,4,0,0,0,0,0,8,12,5,0,0.17603015075376885
3642,ëÂíÀç_ìÒ,2,38,2,8,9,0.1531578947368421,0,1,1,0,0,0,0,0,0,22,0.17603015075376885
3642,ëÂíÀç_ìÒ,3,35,1,7,9,0.1657142857142857,0,0,0,1,0,0,0,0,0,0,0.17603015075376885
3642,ëÂíÀç_ìÒ,4,34,1,2,5,0.2061764705882353,0,0,0,1,0,0,0,0,0,0,0.17603015075376885
3642,ëÂíÀç_ìÒ,5,32,0,1,5,0.1728125,0,0,0,0,0,0,0,0,0,0,0.17603015075376885
3642,ëÂíÀç_ìÒ,6,29,0,1,3,0.20517241379310344,0,0,0,0,0,0,0,0,0,0,0.17603015075376885
3643,ïƒìcó≤çO,1,41,23,12,4,0.15097560975609758,23,0,0,0,0,0,7,5,5,0,0.1643362831858407
3643,ïƒìcó≤çO,2,34,3,8,6,0.17911764705882352,1,2,0,0,0,0,0,0,0,18,0.1643362831858407
3643,ïƒìcó≤çO,3,44,1,11,8,0.1734090909090909,0,1,0,0,0,0,0,0,0,0,0.1643362831858407
3643,ïƒìcó≤çO,4,37,1,3,17,0.14189189189189189,0,0,0,1,0,0,0,0,0,0,0.1643362831858407
3643,ïƒìcó≤çO,5,30,3,3,11,0.15566666666666668,0,0,0,3,0,0,0,0,0,0,0.1643362831858407
3643,ïƒìcó≤çO,6,40,0,2,7,0.18275000000000002,0,0,0,0,0,0,0,0,0,0,0.1643362831858407
3645,ü«ìcêÁàüäÛ,1,18,8,2,3,0.13666666666666666,5,0,0,0,3,0,5,1,3,0,0.13333333333333333
3645,ü«ìcêÁàüäÛ,2,18,5,2,7,0.11444444444444445,0,3,0,0,2,0,0,0,0,7,0.13333333333333333
3645,ü«ìcêÁàüäÛ,3,20,7,6,2,0.162,0,3,0,2,2,0,0,0,0,0,0.13333333333333333
3645,ü«ìcêÁàüäÛ,4,16,8,4,1,0.1225,0,2,3,1,2,0,0,0,0,0,0.13333333333333333
3645,ü«ìcêÁàüäÛ,5,19,2,3,6,0.12263157894736842,0,0,0,2,0,0,0,0,0,0,0.13333333333333333
3645,ü«ìcêÁàüäÛ,6,17,1,3,6,0.13823529411764707,0,1,0,0,0,0,0,0,0,0,0.13333333333333333
3647,à…ì°óYìÒ,1,37,16,5,6,0.1502702702702703,16,0,0,0,0,0,3,7,5,0,0.15135593220338983
3647,à…ì°óYìÒ,2,39,2,5,9,0.14435897435897435,0,2,0,0,0,0,0,0,0,20,0.15135593220338983
3647,à…ì°óYìÒ,3,46,1,3,7,0.16043478260869565,0,0,1,0,0,0,0,0,0,0,0.15135593220338983
3647,à…ì°óYìÒ,4,40,1,3,6,0.14875,0,0,0,1,0,0,0,0,0,0,0.15135593220338983
3647,à…ì°óYìÒ,5,39,0,2,5,0.14256410256410257,0,0,0,0,0,0,0,0,0,0,0.15135593220338983
3647,à…ì°óYìÒ,6,35,0,1,2,0.16114285714285717,0,0,0,0,0,0,0,0,0,0,0.15135593220338983
3652,êXâ∫óE,1,34,15,4,3,0.15323529411764705,15,0,0,0,0,0,7,6,2,0,0.1957142857142857
3652,êXâ∫óE,2,33,2,4,7,0.1724242424242424,0,1,1,0,0,0,0,0,0,16,0.1957142857142857
3652,êXâ∫óE,3,41,0,1,5,0.19439024390243903,0,0,0,0,0,0,0,0,0,0,0.1957142857142857
3652,êXâ∫óE,4,36,2,2,6,0.19305555555555556,0,0,1,1,0,0,0,0,0,0,0.1957142857142857
3652,êXâ∫óE,5,32,0,1,2,0.20875000000000002,0,0,0,0,0,0,0,0,0,0,0.1957142857142857
3652,êXâ∫óE,6,27,0,0,1,0.2677777777777778,0,0,0,0,0,0,0,0,0,0,0.1957142857142857
3653,ïiêÏå´éü,1,29,5,10,3,0.20482758620689656,5,0,0,0,0,0,9,7,6,0,0.1886
3653,ïiêÏå´éü,2,38,2,6,6,0.16631578947368422,0,2,0,0,0,0,0,0,0,15,0.1886
3653,ïiêÏå´éü,3,36,1,5,11,0.17722222222222223,0,0,1,0,0,0,0,0,0,0,0.1886
3653,ïiêÏå´éü,4,33,0,3,10,0.18484848484848485,0,0,0,0,0,0,0,0,0,0,0.1886
3653,ïiêÏå´éü,5,37,1,2,4,0.2018918918918919,0,0,0,0,0,1,0,0,0,0,0.1886
3653,ïiêÏå´éü,6,27,0,1,4,0.20407407407407407,0,0,0,0,0,0,0,0,0,0,0.1886
3654,ïêìcåıéj,1,56,38,9,2,0.18160714285714286,37,0,0,0,1,0,4,7,7,0,0.17089795918367345
3654,ïêìcåıéj,2,38,7,15,5,0.1668421052631579,0,4,2,0,1,0,0,0,0,17,0.17089795918367345
3654,ïêìcåıéj,3,44,8,8,12,0.18409090909090908,0,2,3,2,1,0,0,0,0,0,0.17089795918367345
3654,ïêìcåıéj,4,40,5,9,7,0.14450000000000002,0,1,3,1,0,0,0,0,0,0,0.17089795918367345
3654,ïêìcåıéj,5,31,2,4,4,0.16548387096774192,0,0,1,1,0,0,0,0,0,0,0.17089795918367345
3654,ïêìcåıéj,6,36,2,2,12,0.1763888888888889,0,1,0,1,0,0,0,0,0,0,0.17089795918367345
3655,ñ{ã¥çéóm,1,49,25,17,3,0.15653061224489795,25,0,0,0,0,0,11,6,5,0,0.1839591836734694
3655,ñ{ã¥çéóm,2,48,5,14,13,0.19625,0,2,2,0,1,0,0,0,0,20,0.1839591836734694
3655,ñ{ã¥çéóm,3,39,5,10,12,0.16743589743589743,0,1,2,1,1,0,0,0,0,0,0.1839591836734694
3655,ñ{ã¥çéóm,4,44,2,11,10,0.18568181818181817,0,1,0,1,0,0,0,0,0,0,0.1839591836734694
3655,ñ{ã¥çéóm,5,36,1,4,8,0.2041666666666667,0,0,0,0,1,0,0,0,0,0,0.1839591836734694
3655,ñ{ã¥çéóm,6,29,0,2,4,0.20448275862068965,0,0,0,0,0,0,0,0,0,0,0.1839591836734694
3656,îåïÍñFçP,1,33,13,9,3,0.16393939393939394,12,0,0,0,1,0,6,9,3,0,0.15697297297297297
3656,îåïÍñFçP,2,33,2,11,6,0.16242424242424244,0,1,1,0,0,0,0,0,0,21,0.15697297297297297
3656,îåïÍñFçP,3,36,2,10,7,0.14277777777777778,0,0,0,1,0,1,0,0,0,0,0.15697297297297297
3656,îåïÍñFçP,4,26,1,3,4,0.16730769230769232,0,1,0,0,0,0,0,0,0,0,0.15697297297297297
3656,îåïÍñFçP,5,29,0,4,9,0.13758620689655174,0,0,0,0,0,0,0,0,0,0,0.15697297297297297
3656,îåïÍñFçP,6,28,1,2,4,0.17107142857142857,0,0,0,0,1,0,0,0,0,0,0.15697297297297297
3659,ì°ê∂óYêl,1,39,21,5,9,0.15487179487179487,21,0,0,0,0,0,5,5,5,0,0.16969543147208122
3659,ì°ê∂óYêl,2,32,5,9,5,0.163125,1,3,0,0,0,1,0,0,0,20,0.16969543147208122
3659,ì°ê∂óYêl,3,35,2,13,5,0.15885714285714286,0,0,0,2,0,0,0,0,0,0,0.16969543147208122
3659,ì°ê∂óYêl,4,26,1,6,6,0.16999999999999998,0,0,1,0,0,0,0,0,0,0,0.16969543147208122
3659,ì°ê∂óYêl,5,31,2,3,5,0.17709677419354838,0,0,0,2,0,0,0,0,0,0,0.16969543147208122
3659,ì°ê∂óYêl,6,34,1,5,8,0.19705882352941176,0,0,0,1,0,0,0,0,0,0,0.16969543147208122
3660,í∑íJêÏêeâ§,1,25,7,5,2,0.1632,7,0,0,0,0,0,6,5,3,0,0.18290322580645163
3660,í∑íJêÏêeâ§,2,36,1,2,5,0.1875,0,0,1,0,0,0,0,0,0,20,0.18290322580645163
3660,í∑íJêÏêeâ§,3,34,0,2,6,0.17529411764705882,0,0,0,0,0,0,0,0,0,0,0.18290322580645163
3660,í∑íJêÏêeâ§,4,37,2,2,6,0.1783783783783784,0,2,0,0,0,0,0,0,0,0,0.18290322580645163
3660,í∑íJêÏêeâ§,5,29,1,3,3,0.1906896551724138,0,0,0,1,0,0,0,0,0,0,0.18290322580645163
3660,í∑íJêÏêeâ§,6,25,0,0,3,0.204,0,0,0,0,0,0,0,0,0,0,0.18290322580645163
3661,ñˆê£ãªéu,1,42,14,17,3,0.16999999999999998,14,0,0,0,0,0,13,6,6,0,0.17154150197628457
3661,ñˆê£ãªéu,2,46,0,16,10,0.18217391304347827,0,0,0,0,0,0,0,0,0,30,0.17154150197628457
3661,ñˆê£ãªéu,3,49,6,11,9,0.15306122448979592,0,2,3,1,0,0,0,0,0,0,0.17154150197628457
3661,ñˆê£ãªéu,4,37,2,6,13,0.16918918918918918,0,1,0,1,0,0,0,0,0,0,0.17154150197628457
3661,ñˆê£ãªéu,5,46,1,0,7,0.17239130434782607,0,0,0,1,0,0,0,0,0,0,0.17154150197628457
3661,ñˆê£ãªéu,6,33,0,1,5,0.1875757575757576,0,0,0,0,0,0,0,0,0,0,0.17154150197628457
3662,ëÂíÎå≥ñæ,1,48,25,13,1,0.158125,24,0,0,0,1,0,6,9,6,0,0.155
3662,ëÂíÎå≥ñæ,2,43,6,11,10,0.1569767441860465,0,2,2,1,0,1,0,0,0,22,0.155
3662,ëÂíÎå≥ñæ,3,45,8,9,10,0.15155555555555555,0,2,2,3,1,0,0,0,0,0,0.155
3662,ëÂíÎå≥ñæ,4,43,4,10,9,0.15790697674418605,0,2,1,0,0,1,0,0,0,0,0.155
3662,ëÂíÎå≥ñæ,5,38,4,6,2,0.16421052631578947,0,0,2,2,0,0,0,0,0,0,0.155
3662,ëÂíÎå≥ñæ,6,41,1,2,7,0.14146341463414633,0,0,0,1,0,0,0,0,0,0,0.155
3663,ñÿéRòaçK,1,46,21,9,3,0.17326086956521738,20,0,0,0,1,0,7,9,7,0,0.1701798561151079
3663,ñÿéRòaçK,2,50,6,9,12,0.16620000000000001,0,4,2,0,0,0,0,0,0,28,0.1701798561151079
3663,ñÿéRòaçK,3,48,4,12,11,0.150625,0,1,1,1,1,0,0,0,0,0,0.1701798561151079
3663,ñÿéRòaçK,4,45,5,4,10,0.17022222222222222,0,1,2,2,0,0,0,0,0,0,0.1701798561151079
3663,ñÿéRòaçK,5,49,3,6,10,0.18591836734693876,0,2,1,0,0,0,0,0,0,0,0.1701798561151079
3663,ñÿéRòaçK,6,40,0,3,6,0.17575000000000002,0,0,0,0,0,0,0,0,0,0,0.1701798561151079
3664,óÈñÿå´àÍ,1,32,20,6,2,0.153125,20,0,0,0,0,0,4,1,4,0,0.18211267605633802
3664,óÈñÿå´àÍ,2,39,5,10,9,0.19128205128205128,0,1,3,0,1,0,0,0,0,19,0.18211267605633802
3664,óÈñÿå´àÍ,3,41,4,7,8,0.16804878048780486,0,1,3,0,0,0,0,0,0,0,0.18211267605633802
3664,óÈñÿå´àÍ,4,36,7,1,4,0.16666666666666666,0,0,5,2,0,0,0,0,0,0,0.18211267605633802
3664,óÈñÿå´àÍ,5,36,3,2,3,0.2127777777777778,0,0,2,1,0,0,0,0,0,0,0.18211267605633802
3664,óÈñÿå´àÍ,6,29,1,1,0,0.20275862068965517,0,0,1,0,0,0,0,0,0,0,0.18211267605633802
3668,ésêÏñ“,1,8,1,0,0,0.25,0,0,0,0,1,0,2,4,0,0,0.206
3668,ésêÏñ“,2,15,0,2,1,0.20533333333333334,0,0,0,0,0,0,0,0,0,9,0.206
3668,ésêÏñ“,3,17,0,1,4,0.21058823529411766,0,0,0,0,0,0,0,0,0,0,0.206
3668,ésêÏñ“,4,13,0,1,2,0.21307692307692308,0,0,0,0,0,0,0,0,0,0,0.206
3668,ésêÏñ“,5,12,0,1,1,0.18083333333333332,0,0,0,0,0,0,0,0,0,0,0.206
3668,ésêÏñ“,6,10,0,0,0,0.185,0,0,0,0,0,0,0,0,0,0,0.206
3670,å√‡VêMìÒ,1,3,1,1,0,0.15666666666666665,1,0,0,0,0,0,1,1,0,0,0.18076923076923077
3670,å√‡VêMìÒ,2,5,0,1,0,0.192,0,0,0,0,0,0,0,0,0,2,0.18076923076923077
3670,å√‡VêMìÒ,3,4,0,0,1,0.19,0,0,0,0,0,0,0,0,0,0,0.18076923076923077
3670,å√‡VêMìÒ,4,3,0,0,1,0.21999999999999997,0,0,0,0,0,0,0,0,0,0,0.18076923076923077
3670,å√‡VêMìÒ,5,5,0,0,0,0.164,0,0,0,0,0,0,0,0,0,0,0.18076923076923077
3670,å√‡VêMìÒ,6,6,0,0,0,0.17166666666666666,0,0,0,0,0,0,0,0,0,0,0.18076923076923077
3674,ä›åbéq,1,23,10,4,3,0.15,8,0,0,0,2,0,3,6,3,0,0.14555555555555555
3674,ä›åbéq,2,32,6,8,2,0.15937500000000002,0,3,3,0,0,0,0,0,0,17,0.14555555555555555
3674,ä›åbéq,3,21,6,2,1,0.14666666666666667,0,0,4,2,0,0,0,0,0,0,0.14555555555555555
3674,ä›åbéq,4,26,3,5,5,0.13807692307692307,0,0,0,2,1,0,0,0,0,0,0.14555555555555555
3674,ä›åbéq,5,25,1,3,2,0.1268,0,0,1,0,0,0,0,0,0,0,0.14555555555555555
3674,ä›åbéq,6,26,1,4,6,0.14923076923076922,0,0,0,1,0,0,0,0,0,0,0.14555555555555555
3679,î—ìáèπçO,1,48,33,11,3,0.15833333333333333,30,0,0,0,3,0,5,6,3,0,0.1631081081081081
3679,î—ìáèπçO,2,37,4,15,9,0.14594594594594595,0,3,0,0,1,0,0,0,0,19,0.1631081081081081
3679,î—ìáèπçO,3,32,4,9,9,0.1646875,0,0,2,1,1,0,0,0,0,0,0.1631081081081081
3679,î—ìáèπçO,4,31,2,8,8,0.16451612903225804,0,1,0,1,0,0,0,0,0,0,0.1631081081081081
3679,î—ìáèπçO,5,38,3,7,16,0.15657894736842107,0,0,1,1,1,0,0,0,0,0,0.1631081081081081
3679,î—ìáèπçO,6,36,0,6,10,0.19138888888888891,0,0,0,0,0,0,0,0,0,0,0.1631081081081081
3680,êXó—ëæ,1,34,7,12,4,0.18176470588235294,7,0,0,0,0,0,4,14,3,0,0.20102678571428573
3680,êXó—ëæ,2,39,4,5,8,0.19256410256410256,0,0,4,0,0,0,0,0,0,17,0.20102678571428573
3680,êXó—ëæ,3,44,3,6,10,0.18204545454545454,0,0,3,0,0,0,0,0,0,0,0.20102678571428573
3680,êXó—ëæ,4,36,0,6,4,0.195,0,0,0,0,0,0,0,0,0,0,0.20102678571428573
3680,êXó—ëæ,5,39,3,5,7,0.21743589743589745,0,0,0,3,0,0,0,0,0,0,0.20102678571428573
3680,êXó—ëæ,6,32,0,3,1,0.2446875,0,0,0,0,0,0,0,0,0,0,0.20102678571428573
3681,éRíJâõ,1,23,12,4,4,0.13652173913043478,11,0,0,0,0,1,2,5,4,0,0.16288
3681,éRíJâõ,2,18,2,6,2,0.13833333333333334,0,1,0,0,0,1,0,0,0,11,0.16288
3681,éRíJâõ,3,25,2,4,5,0.16879999999999998,0,1,1,0,0,0,0,0,0,0,0.16288
3681,éRíJâõ,4,19,1,1,5,0.18842105263157896,0,0,0,1,0,0,0,0,0,0,0.16288
3681,éRíJâõ,5,19,0,2,5,0.15368421052631578,0,0,0,0,0,0,0,0,0,0,0.16288
3681,éRíJâõ,6,21,0,0,7,0.19095238095238093,0,0,0,0,0,0,0,0,0,0,0.16288
3682,êÿìcèÅìÒ,1,20,2,4,5,0.1705,2,0,0,0,0,0,9,5,2,0,0.19030075187969925
3682,êÿìcèÅìÒ,2,21,0,0,4,0.2042857142857143,0,0,0,0,0,0,0,0,0,6,0.19030075187969925
3682,êÿìcèÅìÒ,3,24,0,0,3,0.18583333333333332,0,0,0,0,0,0,0,0,0,0,0.19030075187969925
3682,êÿìcèÅìÒ,4,23,0,2,3,0.1782608695652174,0,0,0,0,0,0,0,0,0,0,0.19030075187969925
3682,êÿìcèÅìÒ,5,26,0,1,6,0.19230769230769232,0,0,0,0,0,0,0,0,0,0,0.19030075187969925
3682,êÿìcèÅìÒ,6,19,0,1,0,0.2131578947368421,0,0,0,0,0,0,0,0,0,0,0.19030075187969925
3684,ê¥êÖçUìÒ,1,43,20,13,5,0.13488372093023254,20,0,0,0,0,0,7,5,9,0,0.17708133971291865
3684,ê¥êÖçUìÒ,2,34,6,10,9,0.1720588235294118,0,5,1,0,0,0,0,0,0,13,0.17708133971291865
3684,ê¥êÖçUìÒ,3,37,2,9,7,0.16594594594594597,0,0,2,0,0,0,0,0,0,0,0.17708133971291865
3684,ê¥êÖçUìÒ,4,29,2,5,6,0.1820689655172414,0,1,0,1,0,0,0,0,0,0,0.17708133971291865
3684,ê¥êÖçUìÒ,5,27,2,2,7,0.23111111111111113,0,0,0,1,1,0,0,0,0,0,0.17708133971291865
3684,ê¥êÖçUìÒ,6,39,0,5,10,0.19743589743589743,0,0,0,0,0,0,0,0,0,0,0.17708133971291865
3685,çrà‰ãPîN,1,42,27,6,5,0.1519047619047619,26,0,0,0,1,0,3,6,5,0,0.16099547511312218
3685,çrà‰ãPîN,2,38,9,9,8,0.13815789473684212,0,5,3,0,0,1,0,0,0,17,0.16099547511312218
3685,çrà‰ãPîN,3,33,6,6,6,0.1787878787878788,0,0,3,2,1,0,0,0,0,0,0.16099547511312218
3685,çrà‰ãPîN,4,38,5,5,12,0.13973684210526316,0,1,2,1,1,0,0,0,0,0,0.16099547511312218
3685,çrà‰ãPîN,5,31,5,2,5,0.1774193548387097,0,0,1,3,1,0,0,0,0,0,0.16099547511312218
3685,çrà‰ãPîN,6,39,0,5,1,0.18564102564102564,0,0,0,0,0,0,0,0,0,0,0.16099547511312218
3686,íπãèíÀçFîé,1,56,37,11,6,0.10892857142857142,36,0,0,0,1,0,5,7,4,0,0.1366914498141264
3686,íπãèíÀçFîé,2,43,5,16,11,0.13372093023255813,2,1,1,0,1,0,0,0,0,30,0.1366914498141264
3686,íπãèíÀçFîé,3,48,6,9,15,0.146875,0,1,1,3,1,0,0,0,0,0,0.1366914498141264
3686,íπãèíÀçFîé,4,43,3,5,15,0.1244186046511628,0,0,2,1,0,0,0,0,0,0,0.1366914498141264
3686,íπãèíÀçFîé,5,35,1,4,10,0.14428571428571427,0,0,0,1,0,0,0,0,0,0,0.1366914498141264
3686,íπãèíÀçFîé,6,44,0,5,10,0.16977272727272727,0,0,0,0,0,0,0,0,0,0,0.1366914498141264
3687,â‘ìcòañæ,1,23,6,8,6,0.14782608695652175,6,0,0,0,0,0,5,3,4,0,0.1730935251798561
3687,â‘ìcòañæ,2,22,1,6,5,0.17045454545454544,0,0,0,0,1,0,0,0,0,13,0.1730935251798561
3687,â‘ìcòañæ,3,27,0,4,5,0.17074074074074075,0,0,0,0,0,0,0,0,0,0,0.1730935251798561
3687,â‘ìcòañæ,4,22,0,2,7,0.18727272727272729,0,0,0,0,0,0,0,0,0,0,0.1730935251798561
3687,â‘ìcòañæ,5,20,1,4,5,0.1865,0,0,1,0,0,0,0,0,0,0,0.1730935251798561
3687,â‘ìcòañæ,6,25,1,3,2,0.17800000000000002,0,0,1,0,0,0,0,0,0,0,0.1730935251798561
3690,âÕçáéOçO,1,36,11,10,7,0.17166666666666666,7,0,0,0,4,0,7,11,5,0,0.18736625514403293
3690,âÕçáéOçO,2,44,3,14,9,0.19772727272727272,0,2,0,0,1,0,0,0,0,23,0.18736625514403293
3690,âÕçáéOçO,3,49,7,11,7,0.1853061224489796,0,0,3,3,1,0,0,0,0,0,0.18736625514403293
3690,âÕçáéOçO,4,43,1,9,4,0.18720930232558142,0,0,1,0,0,0,0,0,0,0,0.18736625514403293
3690,âÕçáéOçO,5,39,2,4,9,0.1817948717948718,0,0,0,1,1,0,0,0,0,0,0.18736625514403293
3690,âÕçáéOçO,6,32,1,3,8,0.2009375,0,0,0,1,0,0,0,0,0,0,0.18736625514403293
3692,í|çòê≥é˜,1,33,14,6,5,0.14393939393939395,13,0,0,0,1,0,8,6,4,0,0.15826484018264841
3692,í|çòê≥é˜,2,42,1,9,9,0.1711904761904762,0,0,0,0,0,1,0,0,0,27,0.15826484018264841
3692,í|çòê≥é˜,3,44,6,8,14,0.14068181818181819,0,1,5,0,0,0,0,0,0,0,0.15826484018264841
3692,í|çòê≥é˜,4,36,2,5,10,0.1611111111111111,0,0,2,0,0,0,0,0,0,0,0.15826484018264841
3692,í|çòê≥é˜,5,33,0,2,2,0.1575757575757576,0,0,0,0,0,0,0,0,0,0,0.15826484018264841
3692,í|çòê≥é˜,6,31,0,1,5,0.17838709677419357,0,0,0,0,0,0,0,0,0,0,0.15826484018264841
3693,äúèÍóDéq,1,15,2,0,4,0.21600000000000003,2,0,0,0,0,0,2,8,1,0,0.19868131868131866
3693,äúèÍóDéq,2,17,2,2,3,0.21294117647058824,0,0,2,0,0,0,0,0,0,9,0.19868131868131866
3693,äúèÍóDéq,3,17,4,3,2,0.16941176470588235,0,0,3,0,1,0,0,0,0,0,0.19868131868131866
3693,äúèÍóDéq,4,14,1,1,3,0.2007142857142857,0,0,1,0,0,0,0,0,0,0,0.19868131868131866
3693,äúèÍóDéq,5,17,0,1,2,0.21823529411764706,0,0,0,0,0,0,0,0,0,0,0.19868131868131866
3693,äúèÍóDéq,6,11,0,0,1,0.16545454545454547,0,0,0,0,0,0,0,0,0,0,0.19868131868131866
3696,îíà‰óFê∞,1,37,16,11,5,0.18081081081081082,15,0,0,0,1,0,9,5,6,0,0.17297777777777779
3696,îíà‰óFê∞,2,40,1,13,11,0.18325,0,1,0,0,0,0,0,0,0,18,0.17297777777777779
3696,îíà‰óFê∞,3,44,4,13,8,0.1668181818181818,0,0,3,1,0,0,0,0,0,0,0.17297777777777779
3696,îíà‰óFê∞,4,37,7,5,6,0.14432432432432432,0,0,1,5,1,0,0,0,0,0,0.17297777777777779
3696,îíà‰óFê∞,5,35,1,5,9,0.17142857142857143,0,0,1,0,0,0,0,0,0,0,0.17297777777777779
3696,îíà‰óFê∞,6,32,1,2,7,0.194375,0,0,1,0,0,0,0,0,0,0,0.17297777777777779
3697,èüñÏó≥éi,1,12,6,5,0,0.13,6,0,0,0,0,0,2,1,2,0,0.14267441860465116
3697,èüñÏó≥éi,2,17,1,0,7,0.14764705882352944,0,1,0,0,0,0,0,0,0,9,0.14267441860465116
3697,èüñÏó≥éi,3,15,1,5,2,0.12000000000000001,0,0,1,0,0,0,0,0,0,0,0.14267441860465116
3697,èüñÏó≥éi,4,12,1,3,3,0.12666666666666668,0,0,1,0,0,0,0,0,0,0,0.14267441860465116
3697,èüñÏó≥éi,5,14,1,1,0,0.16214285714285714,0,0,0,1,0,0,0,0,0,0,0.14267441860465116
3697,èüñÏó≥éi,6,16,0,0,7,0.163125,0,0,0,0,0,0,0,0,0,0,0.14267441860465116
3699,ïxâiê≥êl,1,27,10,10,2,0.15925925925925924,10,0,0,0,0,0,9,3,3,0,0.17484042553191487
3699,ïxâiê≥êl,2,37,5,8,10,0.1772972972972973,0,5,0,0,0,0,0,0,0,15,0.17484042553191487
3699,ïxâiê≥êl,3,31,4,7,3,0.17967741935483872,0,0,2,1,1,0,0,0,0,0,0.17484042553191487
3699,ïxâiê≥êl,4,31,3,4,3,0.17258064516129032,0,1,2,0,0,0,0,0,0,0,0.17484042553191487
3699,ïxâiê≥êl,5,35,3,3,3,0.1982857142857143,0,0,1,1,1,0,0,0,0,0,0.17484042553191487
3699,ïxâiê≥êl,6,27,1,4,4,0.1537037037037037,0,1,0,0,0,0,0,0,0,0,0.17484042553191487
3701,ëÂêºó≤óm,1,25,7,6,3,0.14,7,0,0,0,0,0,7,5,4,0,0.15439153439153439
3701,ëÂêºó≤óm,2,36,2,5,7,0.19083333333333333,0,2,0,0,0,0,0,0,0,20,0.15439153439153439
3701,ëÂêºó≤óm,3,36,3,3,0,0.17555555555555558,0,0,0,2,1,0,0,0,0,0,0.15439153439153439
3701,ëÂêºó≤óm,4,32,3,6,2,0.1440625,0,2,1,0,0,0,0,0,0,0,0.15439153439153439
3701,ëÂêºó≤óm,5,35,1,2,4,0.12885714285714286,0,0,0,1,0,0,0,0,0,0,0.15439153439153439
3701,ëÂêºó≤óm,6,25,1,1,3,0.1348,0,0,0,1,0,0,0,0,0,0,0.15439153439153439
3702,íÂåìè~ìÒ,1,29,12,7,7,0.14448275862068966,12,0,0,0,0,0,3,4,8,0,0.14506024096385542
3702,íÂåìè~ìÒ,2,28,4,7,5,0.1335714285714286,0,1,3,0,0,0,0,0,0,10,0.14506024096385542
3702,íÂåìè~ìÒ,3,23,1,6,3,0.1473913043478261,0,0,0,1,0,0,0,0,0,0,0.14506024096385542
3702,íÂåìè~ìÒ,4,29,4,5,4,0.12655172413793103,0,0,2,2,0,0,0,0,0,0,0.14506024096385542
3702,íÂåìè~ìÒ,5,27,1,2,4,0.14074074074074075,0,0,0,1,0,0,0,0,0,0,0.14506024096385542
3702,íÂåìè~ìÒ,6,30,1,1,2,0.17633333333333334,0,0,0,1,0,0,0,0,0,0,0.14506024096385542
3703,íπéî·¡,1,31,13,9,4,0.16096774193548388,12,0,0,0,1,0,3,4,6,0,0.16403061224489796
3703,íπéî·¡,2,32,6,13,5,0.153125,0,2,3,0,1,0,0,0,0,19,0.16403061224489796
3703,íπéî·¡,3,35,4,7,5,0.16171428571428573,0,0,2,1,1,0,0,0,0,0,0.16403061224489796
3703,íπéî·¡,4,38,3,10,11,0.16,0,0,0,1,1,1,0,0,0,0,0.16403061224489796
3703,íπéî·¡,5,31,1,4,3,0.18161290322580645,0,0,0,1,0,0,0,0,0,0,0.16403061224489796
3703,íπéî·¡,6,29,2,2,5,0.1686206896551724,0,0,1,1,0,0,0,0,0,0,0.16403061224489796
3704,ñ{ïîÇﬂÇÆÇ›,1,20,3,4,1,0.21800000000000003,2,0,0,0,1,0,2,10,2,0,0.21273584905660378
3704,ñ{ïîÇﬂÇÆÇ›,2,19,3,1,7,0.19789473684210526,0,1,2,0,0,0,0,0,0,7,0.21273584905660378
3704,ñ{ïîÇﬂÇÆÇ›,3,21,1,1,3,0.25,0,1,0,0,0,0,0,0,0,0,0.21273584905660378
3704,ñ{ïîÇﬂÇÆÇ›,4,19,0,2,2,0.19000000000000003,0,0,0,0,0,0,0,0,0,0,0.21273584905660378
3704,ñ{ïîÇﬂÇÆÇ›,5,15,1,1,1,0.21,0,0,1,0,0,0,0,0,0,0,0.21273584905660378
3704,ñ{ïîÇﬂÇÆÇ›,6,12,0,0,2,0.20166666666666666,0,0,0,0,0,0,0,0,0,0,0.21273584905660378
3708,â™ïîãMéi,1,35,17,6,2,0.15371428571428572,17,0,0,0,0,0,3,2,6,0,0.15871485943775102
3708,â™ïîãMéi,2,49,7,12,7,0.15551020408163266,0,6,1,0,0,0,0,0,0,18,0.15871485943775102
3708,â™ïîãMéi,3,42,2,12,10,0.14785714285714285,0,0,0,2,0,0,0,0,0,0,0.15871485943775102
3708,â™ïîãMéi,4,43,5,7,14,0.16372093023255815,1,1,3,0,0,0,0,0,0,0,0.15871485943775102
3708,â™ïîãMéi,5,43,1,5,5,0.16372093023255815,0,0,1,0,0,0,0,0,0,0,0.15871485943775102
3708,â™ïîãMéi,6,37,2,2,5,0.16837837837837838,0,0,0,1,1,0,0,0,0,0,0.15871485943775102
3709,ìcíÜç_îV,1,11,2,4,0,0.17454545454545453,2,0,0,0,0,0,5,1,2,0,0.19759036144578312
3709,ìcíÜç_îV,2,14,2,3,1,0.21571428571428572,0,1,0,0,1,0,0,0,0,6,0.19759036144578312
3709,ìcíÜç_îV,3,19,1,1,5,0.2063157894736842,0,0,1,0,0,0,0,0,0,0,0.19759036144578312
3709,ìcíÜç_îV,4,14,0,0,3,0.17357142857142857,0,0,0,0,0,0,0,0,0,0,0.19759036144578312
3709,ìcíÜç_îV,5,11,2,0,0,0.20363636363636364,0,1,1,0,0,0,0,0,0,0,0.19759036144578312
3709,ìcíÜç_îV,6,14,0,1,0,0.20500000000000002,0,0,0,0,0,0,0,0,0,0,0.19759036144578312
3710,ãgâië◊çO,1,28,8,10,5,0.13607142857142857,7,0,0,0,1,0,8,5,6,0,0.17379679144385027
3710,ãgâië◊çO,2,35,1,4,5,0.15285714285714286,0,1,0,0,0,0,0,0,0,20,0.17379679144385027
3710,ãgâië◊çO,3,36,1,5,9,0.1741666666666667,0,0,0,1,0,0,0,0,0,0,0.17379679144385027
3710,ãgâië◊çO,4,30,1,4,6,0.18533333333333335,0,0,0,1,0,0,0,0,0,0,0.17379679144385027
3710,ãgâië◊çO,5,27,1,2,3,0.19740740740740742,0,0,1,0,0,0,0,0,0,0,0.17379679144385027
3710,ãgâië◊çO,6,31,0,3,5,0.1993548387096774,0,0,0,0,0,0,0,0,0,0,0.17379679144385027
3711,ç]ñ{ê^é°,1,61,34,14,7,0.14672131147540982,32,0,0,0,1,1,10,7,9,0,0.16074468085106383
3711,ç]ñ{ê^é°,2,48,10,13,7,0.14958333333333332,0,9,0,1,0,0,0,0,0,25,0.16074468085106383
3711,ç]ñ{ê^é°,3,43,3,13,14,0.13883720930232557,0,0,1,2,0,0,0,0,0,0,0.16074468085106383
3711,ç]ñ{ê^é°,4,53,8,10,16,0.1739622641509434,0,2,1,4,1,0,0,0,0,0,0.16074468085106383
3711,ç]ñ{ê^é°,5,32,0,5,3,0.1759375,0,0,0,0,0,0,0,0,0,0,0.16074468085106383
3711,ç]ñ{ê^é°,6,45,3,1,9,0.18622222222222223,0,1,0,2,0,0,0,0,0,0,0.16074468085106383
3712,ü«çÅï∂ïê,1,34,17,9,3,0.1461764705882353,17,0,0,0,0,0,5,4,4,0,0.14764150943396226
3712,ü«çÅï∂ïê,2,37,2,10,9,0.1164864864864865,0,1,1,0,0,0,0,0,0,20,0.14764150943396226
3712,ü«çÅï∂ïê,3,37,5,7,7,0.12594594594594594,0,0,1,3,1,0,0,0,0,0,0.14764150943396226
3712,ü«çÅï∂ïê,4,38,2,11,5,0.16078947368421054,0,0,0,2,0,0,0,0,0,0,0.14764150943396226
3712,ü«çÅï∂ïê,5,33,0,9,4,0.1606060606060606,0,0,0,0,0,0,0,0,0,0,0.14764150943396226
3712,ü«çÅï∂ïê,6,33,0,2,3,0.1803030303030303,0,0,0,0,0,0,0,0,0,0,0.14764150943396226
3713,à…ì°êΩìÒ,1,54,30,10,11,0.12333333333333334,28,0,0,0,2,0,7,6,10,0,0.13239382239382239
3713,à…ì°êΩìÒ,2,43,5,14,10,0.13325581395348837,0,4,1,0,0,0,0,0,0,29,0.13239382239382239
3713,à…ì°êΩìÒ,3,39,9,9,7,0.11871794871794872,0,1,4,3,1,0,0,0,0,0,0.13239382239382239
3713,à…ì°êΩìÒ,4,42,8,9,9,0.1419047619047619,0,2,3,2,1,0,0,0,0,0,0.13239382239382239
3713,à…ì°êΩìÒ,5,38,2,5,9,0.12842105263157894,0,0,1,0,0,1,0,0,0,0,0.13239382239382239
3713,à…ì°êΩìÒ,6,43,1,3,6,0.14953488372093024,0,0,0,0,1,0,0,0,0,0,0.13239382239382239
3714,äÅå¥ê≥,1,31,13,4,6,0.16193548387096776,11,0,0,0,2,0,7,5,4,0,0.1661
3714,äÅå¥ê≥,2,36,3,5,5,0.17333333333333334,0,3,0,0,0,0,0,0,0,17,0.1661
3714,äÅå¥ê≥,3,37,4,9,4,0.15945945945945947,0,0,1,3,0,0,0,0,0,0,0.1661
3714,äÅå¥ê≥,4,33,1,5,7,0.1609090909090909,0,0,1,0,0,0,0,0,0,0,0.1661
3714,äÅå¥ê≥,5,36,0,1,9,0.15000000000000002,0,0,0,0,0,0,0,0,0,0,0.1661
3714,äÅå¥ê≥,6,27,0,1,3,0.19814814814814813,0,0,0,0,0,0,0,0,0,0,0.1661
3715,ëqîˆëÂâÓ,1,22,8,6,2,0.12863636363636363,8,0,0,0,0,0,6,5,2,0,0.15066666666666667
3715,ëqîˆëÂâÓ,2,28,5,7,6,0.15,1,4,0,0,0,0,0,0,0,13,0.15066666666666667
3715,ëqîˆëÂâÓ,3,27,4,5,7,0.15074074074074076,0,1,2,0,1,0,0,0,0,0,0.15066666666666667
3715,ëqîˆëÂâÓ,4,25,3,4,4,0.1472,0,0,1,1,1,0,0,0,0,0,0.15066666666666667
3715,ëqîˆëÂâÓ,5,22,0,3,2,0.16090909090909092,0,0,0,0,0,0,0,0,0,0,0.15066666666666667
3715,ëqîˆëÂâÓ,6,26,0,0,7,0.16461538461538464,0,0,0,0,0,0,0,0,0,0,0.15066666666666667
3716,êŒìnìSï∫,1,49,25,13,2,0.11877551020408164,25,0,0,0,0,0,7,9,8,0,0.12019685039370079
3716,êŒìnìSï∫,2,41,8,17,6,0.10975609756097561,0,3,4,0,1,0,0,0,0,29,0.12019685039370079
3716,êŒìnìSï∫,3,46,10,9,7,0.13,0,0,1,6,2,1,0,0,0,0,0.12019685039370079
3716,êŒìnìSï∫,4,46,5,7,9,0.11065217391304348,0,0,2,3,0,0,0,0,0,0,0.12019685039370079
3716,êŒìnìSï∫,5,35,4,4,6,0.12285714285714285,0,0,0,4,0,0,0,0,0,0,0.12019685039370079
3716,êŒìnìSï∫,6,37,1,4,6,0.1308108108108108,0,0,0,0,1,0,0,0,0,0,0.12019685039370079
3717,óßä‘è[çG,1,41,27,10,1,0.12878048780487805,23,0,0,0,4,0,2,4,7,0,0.14449074074074075
3717,óßä‘è[çG,2,37,10,5,6,0.16216216216216217,0,7,3,0,0,0,0,0,0,14,0.14449074074074075
3717,óßä‘è[çG,3,38,4,12,9,0.14473684210526316,0,1,1,2,0,0,0,0,0,0,0.14449074074074075
3717,óßä‘è[çG,4,38,5,5,10,0.1386842105263158,0,1,2,2,0,0,0,0,0,0,0.14449074074074075
3717,óßä‘è[çG,5,25,5,4,4,0.146,0,0,0,5,0,0,0,0,0,0,0.14449074074074075
3717,óßä‘è[çG,6,37,5,1,7,0.14891891891891892,0,0,2,3,0,0,0,0,0,0,0.14449074074074075
3718,à…íBê≥óò,1,26,12,4,2,0.1526923076923077,11,1,0,0,0,0,2,6,6,0,0.19194444444444442
3718,à…íBê≥óò,2,30,2,6,8,0.2006666666666667,0,2,0,0,0,0,0,0,0,16,0.19194444444444442
3718,à…íBê≥óò,3,30,2,5,9,0.162,0,0,0,2,0,0,0,0,0,0,0.19194444444444442
3718,à…íBê≥óò,4,30,0,3,7,0.218,0,0,0,0,0,0,0,0,0,0,0.19194444444444442
3718,à…íBê≥óò,5,33,0,2,3,0.19363636363636363,0,0,0,0,0,0,0,0,0,0,0.19194444444444442
3718,à…íBê≥óò,6,31,0,2,3,0.21838709677419357,0,0,0,0,0,0,0,0,0,0,0.19194444444444442
3719,í“âhë†,1,49,29,13,1,0.1406122448979592,25,1,0,0,3,0,6,5,8,0,0.15420091324200916
3719,í“âhë†,2,40,5,19,4,0.172,0,3,1,0,1,0,0,0,0,25,0.15420091324200916
3719,í“âhë†,3,28,4,6,11,0.1467857142857143,0,0,0,4,0,0,0,0,0,0,0.15420091324200916
3719,í“âhë†,4,33,5,7,8,0.16424242424242425,0,2,0,3,0,0,0,0,0,0,0.15420091324200916
3719,í“âhë†,5,32,3,6,7,0.145,0,0,1,2,0,0,0,0,0,0,0.15420091324200916
3719,í“âhë†,6,37,6,9,7,0.15756756756756757,0,1,1,2,2,0,0,0,0,0,0.15420091324200916
3721,éÁìcèrâÓ,1,61,51,7,0,0.12065573770491804,49,0,0,0,2,0,2,5,3,0,0.12317991631799163
3721,éÁìcèrâÓ,2,36,5,12,9,0.12194444444444447,0,2,2,0,0,1,0,0,0,24,0.12317991631799163
3721,éÁìcèrâÓ,3,33,8,10,4,0.11515151515151514,0,2,3,3,0,0,0,0,0,0,0.12317991631799163
3721,éÁìcèrâÓ,4,38,8,11,5,0.1242105263157895,0,3,3,1,0,1,0,0,0,0,0.12317991631799163
3721,éÁìcèrâÓ,5,33,6,7,5,0.13727272727272727,0,2,1,2,1,0,0,0,0,0,0.12317991631799163
3721,éÁìcèrâÓ,6,38,8,8,6,0.12210526315789473,0,1,3,3,0,1,0,0,0,0,0.12317991631799163
3722,êºë∫èGé˜,1,20,5,2,6,0.1795,5,0,0,0,0,0,2,9,3,0,0.17727272727272728
3722,êºë∫èGé˜,2,26,2,5,6,0.17346153846153844,0,1,1,0,0,0,0,0,0,13,0.17727272727272728
3722,êºë∫èGé˜,3,23,0,5,2,0.16217391304347825,0,0,0,0,0,0,0,0,0,0,0.17727272727272728
3722,êºë∫èGé˜,4,28,1,5,1,0.16785714285714287,0,0,0,0,0,1,0,0,0,0,0.17727272727272728
3722,êºë∫èGé˜,5,25,0,0,0,0.1704,0,0,0,0,0,0,0,0,0,0,0.17727272727272728
3722,êºë∫èGé˜,6,21,0,1,1,0.21714285714285714,0,0,0,0,0,0,0,0,0,0,0.17727272727272728
3726,åjó—ä∞,1,37,17,14,3,0.15783783783783784,16,0,0,0,1,0,6,5,5,0,0.15850877192982457
3726,åjó—ä∞,2,41,4,11,8,0.1629268292682927,0,3,1,0,0,0,0,0,0,21,0.15850877192982457
3726,åjó—ä∞,3,36,5,8,1,0.14222222222222222,0,0,3,2,0,0,0,0,0,0,0.15850877192982457
3726,åjó—ä∞,4,36,3,2,10,0.16444444444444445,0,0,3,0,0,0,0,0,0,0,0.15850877192982457
3726,åjó—ä∞,5,40,1,3,7,0.154,0,0,0,1,0,0,0,0,0,0,0.15850877192982457
3726,åjó—ä∞,6,38,0,4,7,0.16894736842105262,0,0,0,0,0,0,0,0,0,0,0.15850877192982457
3730,âñçËóDéi,1,34,11,7,5,0.14441176470588235,9,0,0,0,2,0,8,7,6,0,0.1703347280334728
3730,âñçËóDéi,2,43,2,13,4,0.1616279069767442,0,2,0,0,0,0,0,0,0,26,0.1703347280334728
3730,âñçËóDéi,3,49,3,5,13,0.16571428571428573,0,0,1,2,0,0,0,0,0,0,0.1703347280334728
3730,âñçËóDéi,4,44,0,9,3,0.1715909090909091,0,0,0,0,0,0,0,0,0,0,0.1703347280334728
3730,âñçËóDéi,5,35,0,3,4,0.196,0,0,0,0,0,0,0,0,0,0,0.1703347280334728
3730,âñçËóDéi,6,34,0,1,3,0.18588235294117647,0,0,0,0,0,0,0,0,0,0,0.1703347280334728
3731,çÇ‡_ñFãv,1,25,12,7,1,0.1848,11,0,0,0,1,0,3,5,4,0,0.18084656084656084
3731,çÇ‡_ñFãv,2,42,9,10,7,0.18190476190476193,0,9,0,0,0,0,0,0,0,21,0.18084656084656084
3731,çÇ‡_ñFãv,3,28,3,6,4,0.18,0,0,1,1,1,0,0,0,0,0,0.18084656084656084
3731,çÇ‡_ñFãv,4,34,3,4,6,0.1635294117647059,0,1,0,2,0,0,0,0,0,0,0.18084656084656084
3731,çÇ‡_ñFãv,5,35,1,2,6,0.18371428571428572,0,0,0,0,0,1,0,0,0,0,0.18084656084656084
3731,çÇ‡_ñFãv,6,25,1,5,2,0.1956,0,1,0,0,0,0,0,0,0,0,0.18084656084656084
3736,â™ñ{ñ“,1,36,13,13,2,0.16166666666666668,11,0,0,0,2,0,7,6,8,0,0.16106870229007636
3736,â™ñ{ñ“,2,49,6,7,11,0.1663265306122449,0,5,1,0,0,0,0,0,0,27,0.16106870229007636
3736,â™ñ{ñ“,3,55,4,10,17,0.15672727272727274,0,1,0,1,2,0,0,0,0,0,0.16106870229007636
3736,â™ñ{ñ“,4,37,5,7,4,0.14297297297297298,0,0,4,0,1,0,0,0,0,0,0.16106870229007636
3736,â™ñ{ñ“,5,47,0,9,8,0.15765957446808512,0,0,0,0,0,0,0,0,0,0,0.16106870229007636
3736,â™ñ{ñ“,6,38,2,2,8,0.1818421052631579,0,0,1,0,0,1,0,0,0,0,0.16106870229007636
3737,è„ïΩê^ìÒ,1,59,36,13,7,0.14847457627118643,32,0,0,0,4,0,1,12,7,0,0.15764705882352942
3737,è„ïΩê^ìÒ,2,36,10,9,7,0.15527777777777776,1,6,1,1,1,0,0,0,0,16,0.15764705882352942
3737,è„ïΩê^ìÒ,3,43,10,11,8,0.13767441860465116,0,3,4,1,1,1,0,0,0,0,0.15764705882352942
3737,è„ïΩê^ìÒ,4,30,1,7,14,0.16366666666666668,0,1,0,0,0,0,0,0,0,0,0.15764705882352942
3737,è„ïΩê^ìÒ,5,32,3,10,6,0.175625,0,0,0,2,1,0,0,0,0,0,0.15764705882352942
3737,è„ïΩê^ìÒ,6,38,4,5,17,0.17684210526315788,0,3,0,0,0,1,0,0,0,0,0.15764705882352942
3740,ëÂ‡VïÅéi,1,45,22,12,2,0.17444444444444446,22,0,0,0,0,0,5,10,7,0,0.15936651583710407
3740,ëÂ‡VïÅéi,2,36,6,8,7,0.1602777777777778,0,3,1,0,2,0,0,0,0,17,0.15936651583710407
3740,ëÂ‡VïÅéi,3,41,3,14,10,0.15048780487804878,0,0,1,2,0,0,0,0,0,0,0.15936651583710407
3740,ëÂ‡VïÅéi,4,28,4,4,7,0.14285714285714285,0,0,4,0,0,0,0,0,0,0,0.15936651583710407
3740,ëÂ‡VïÅéi,5,29,3,2,6,0.17344827586206898,0,0,2,1,0,0,0,0,0,0,0.15936651583710407
3740,ëÂ‡VïÅéi,6,42,0,5,12,0.1523809523809524,0,0,0,0,0,0,0,0,0,0,0.15936651583710407
3741,èºîˆäÓê¨,1,32,12,6,7,0.1728125,12,0,0,0,0,0,5,7,7,0,0.18125
3741,èºîˆäÓê¨,2,42,1,6,9,0.17666666666666667,0,1,0,0,0,0,0,0,0,26,0.18125
3741,èºîˆäÓê¨,3,38,2,7,4,0.18289473684210528,0,0,2,0,0,0,0,0,0,0,0.18125
3741,èºîˆäÓê¨,4,37,1,4,5,0.1745945945945946,0,0,0,1,0,0,0,0,0,0,0.18125
3741,èºîˆäÓê¨,5,40,0,2,7,0.1885,0,0,0,0,0,0,0,0,0,0,0.18125
3741,èºîˆäÓê¨,6,27,0,1,3,0.19444444444444445,0,0,0,0,0,0,0,0,0,0,0.18125
3742,ã{ínèGãF,1,31,13,7,3,0.16612903225806452,13,0,0,0,0,0,5,7,2,0,0.18787564766839376
3742,ã{ínèGãF,2,36,2,4,9,0.18833333333333335,0,2,0,0,0,0,0,0,0,21,0.18787564766839376
3742,ã{ínèGãF,3,26,0,5,5,0.1776923076923077,0,0,0,0,0,0,0,0,0,0,0.18787564766839376
3742,ã{ínèGãF,4,36,0,4,5,0.20444444444444446,0,0,0,0,0,0,0,0,0,0,0.18787564766839376
3742,ã{ínèGãF,5,33,1,3,5,0.19090909090909092,0,0,0,1,0,0,0,0,0,0,0.18787564766839376
3742,ã{ínèGãF,6,31,0,0,7,0.19516129032258064,0,0,0,0,0,0,0,0,0,0,0.18787564766839376
3743,ó—î¸åõ,1,67,42,11,5,0.12761194029850748,41,0,0,0,1,0,6,5,9,0,0.14384328358208953
3743,ó—î¸åõ,2,44,8,11,10,0.14772727272727273,0,1,5,0,2,0,0,0,0,26,0.14384328358208953
3743,ó—î¸åõ,3,42,8,12,9,0.14714285714285713,0,0,4,3,1,0,0,0,0,0,0.14384328358208953
3743,ó—î¸åõ,4,37,13,7,10,0.13513513513513514,0,2,9,2,0,0,0,0,0,0,0.14384328358208953
3743,ó—î¸åõ,5,41,8,9,8,0.1478048780487805,0,0,4,3,1,0,0,0,0,0,0.14384328358208953
3743,ó—î¸åõ,6,37,7,5,10,0.16918918918918918,0,1,4,2,0,0,0,0,0,0,0.14384328358208953
3744,ìøëùèGé˜,1,55,39,11,2,0.13381818181818184,39,0,0,0,0,0,4,1,9,0,0.1253284671532847
3744,ìøëùèGé˜,2,45,5,18,4,0.12155555555555556,0,4,1,0,0,0,0,0,0,29,0.1253284671532847
3744,ìøëùèGé˜,3,48,8,16,10,0.13083333333333333,0,1,3,4,0,0,0,0,0,0,0.1253284671532847
3744,ìøëùèGé˜,4,46,9,8,4,0.11978260869565217,0,3,4,1,1,0,0,0,0,0,0.1253284671532847
3744,ìøëùèGé˜,5,36,7,6,6,0.11611111111111111,0,0,2,3,1,1,0,0,0,0,0.1253284671532847
3744,ìøëùèGé˜,6,44,7,7,8,0.12590909090909091,0,3,1,2,1,0,0,0,0,0,0.1253284671532847
3745,ã¥ñ{îNåı,1,44,26,8,4,0.15477272727272728,24,0,0,0,2,0,8,6,4,0,0.1625
3745,ã¥ñ{îNåı,2,43,10,13,10,0.1588372093023256,0,7,2,0,0,1,0,0,0,22,0.1625
3745,ã¥ñ{îNåı,3,42,4,10,11,0.18333333333333335,0,0,0,4,0,0,0,0,0,0,0.1625
3745,ã¥ñ{îNåı,4,37,1,7,12,0.1502702702702703,0,0,1,0,0,0,0,0,0,0,0.1625
3745,ã¥ñ{îNåı,5,35,3,8,10,0.14428571428571427,0,0,0,3,0,0,0,0,0,0,0.1625
3745,ã¥ñ{îNåı,6,35,1,5,8,0.18285714285714286,0,0,1,0,0,0,0,0,0,0,0.1625
3746,â™ê£ê≥êl,1,61,41,9,1,0.16704918032786883,40,0,1,0,0,0,4,9,5,0,0.175
3746,â™ê£ê≥êl,2,58,7,14,15,0.16465517241379313,0,5,1,0,1,0,0,0,0,35,0.175
3746,â™ê£ê≥êl,3,51,3,15,14,0.16823529411764707,0,1,0,1,1,0,0,0,0,0,0.175
3746,â™ê£ê≥êl,4,45,2,11,11,0.192,0,0,1,1,0,0,0,0,0,0,0.175
3746,â™ê£ê≥êl,5,50,1,4,11,0.1882,0,1,0,0,0,0,0,0,0,0,0.175
3746,â™ê£ê≥êl,6,45,0,9,11,0.1751111111111111,0,0,0,0,0,0,0,0,0,0,0.175
3747,ö†çËó«èt,1,49,29,13,2,0.15612244897959185,26,0,0,0,2,1,4,6,7,0,0.15266409266409267
3747,ö†çËó«èt,2,46,6,7,15,0.15630434782608696,0,2,3,0,0,1,0,0,0,20,0.15266409266409267
3747,ö†çËó«èt,3,45,4,11,8,0.1602222222222222,0,0,2,2,0,0,0,0,0,0,0.15266409266409267
3747,ö†çËó«èt,4,36,3,6,9,0.155,0,0,1,2,0,0,0,0,0,0,0.15266409266409267
3747,ö†çËó«èt,5,45,4,7,5,0.15044444444444446,0,0,0,2,2,0,0,0,0,0,0.15266409266409267
3747,ö†çËó«èt,6,38,2,2,6,0.13526315789473684,0,0,2,0,0,0,0,0,0,0,0.15266409266409267
3748,è¨çïó≥å·,1,24,4,7,4,0.14958333333333332,4,0,0,0,0,0,7,7,4,0,0.16193877551020408
3748,è¨çïó≥å·,2,39,1,4,9,0.15282051282051282,0,1,0,0,0,0,0,0,0,23,0.16193877551020408
3748,è¨çïó≥å·,3,38,3,2,8,0.17815789473684213,0,0,3,0,0,0,0,0,0,0,0.16193877551020408
3748,è¨çïó≥å·,4,32,3,3,3,0.1621875,0,1,2,0,0,0,0,0,0,0,0.16193877551020408
3748,è¨çïó≥å·,5,37,2,2,9,0.14702702702702702,0,0,1,1,0,0,0,0,0,0,0.16193877551020408
3748,è¨çïó≥å·,6,26,0,0,2,0.18423076923076923,0,0,0,0,0,0,0,0,0,0,0.16193877551020408
3752,âFìyë◊èA,1,29,8,4,3,0.1713793103448276,7,0,0,0,0,1,6,8,6,0,0.15903225806451612
3752,âFìyë◊èA,2,40,2,8,10,0.17325,0,2,0,0,0,0,0,0,0,23,0.15903225806451612
3752,âFìyë◊èA,3,40,2,6,5,0.15975,0,0,0,1,1,0,0,0,0,0,0.15903225806451612
3752,âFìyë◊èA,4,43,1,4,9,0.15441860465116278,0,0,0,1,0,0,0,0,0,0,0.15903225806451612
3752,âFìyë◊èA,5,39,2,1,8,0.1535897435897436,0,1,0,1,0,0,0,0,0,0,0.15903225806451612
3752,âFìyë◊èA,6,26,1,1,4,0.13807692307692307,0,0,0,1,0,0,0,0,0,0,0.15903225806451612
3757,î®òaçG,1,29,16,6,2,0.13206896551724137,16,0,0,0,0,0,3,3,4,0,0.16365079365079366
3757,î®òaçG,2,30,3,8,6,0.15866666666666665,0,0,2,0,1,0,0,0,0,13,0.16365079365079366
3757,î®òaçG,3,38,0,4,16,0.15342105263157896,0,0,0,0,0,0,0,0,0,0,0.16365079365079366
3757,î®òaçG,4,34,3,5,5,0.16088235294117648,0,0,2,1,0,0,0,0,0,0,0.16365079365079366
3757,î®òaçG,5,26,0,2,7,0.18192307692307694,0,0,0,0,0,0,0,0,0,0,0.16365079365079366
3757,î®òaçG,6,32,1,1,3,0.19718750000000002,0,0,1,0,0,0,0,0,0,0,0.16365079365079366
3761,éRñ{åıóY,1,39,15,10,7,0.14487179487179488,14,0,0,0,1,0,7,4,11,0,0.15755639097744362
3761,éRñ{åıóY,2,48,6,10,9,0.15375,0,4,2,0,0,0,0,0,0,28,0.15755639097744362
3761,éRñ{åıóY,3,47,6,4,11,0.17255319148936168,0,1,2,3,0,0,0,0,0,0,0.15755639097744362
3761,éRñ{åıóY,4,51,3,7,4,0.16372549019607843,0,0,2,1,0,0,0,0,0,0,0.15755639097744362
3761,éRñ{åıóY,5,45,3,4,13,0.156,0,0,0,3,0,0,0,0,0,0,0.15755639097744362
3761,éRñ{åıóY,6,36,0,3,6,0.15000000000000002,0,0,0,0,0,0,0,0,0,0,0.15755639097744362
3769,ç≤í|çPïF,1,31,15,7,4,0.12903225806451613,15,0,0,0,0,0,4,3,6,0,0.1545212765957447
3769,ç≤í|çPïF,2,37,6,12,8,0.16216216216216217,0,1,4,0,0,1,0,0,0,13,0.1545212765957447
3769,ç≤í|çPïF,3,28,4,7,6,0.14892857142857144,0,1,2,1,0,0,0,0,0,0,0.1545212765957447
3769,ç≤í|çPïF,4,28,3,3,3,0.135,0,0,2,1,0,0,0,0,0,0,0.1545212765957447
3769,ç≤í|çPïF,5,33,1,4,10,0.15696969696969695,0,0,0,0,1,0,0,0,0,0,0.1545212765957447
3769,ç≤í|çPïF,6,31,0,1,6,0.19096774193548388,0,0,0,0,0,0,0,0,0,0,0.1545212765957447
3771,ê‹â∫ä∞ñ@,1,39,21,9,3,0.12871794871794873,19,0,0,0,2,0,4,7,6,0,0.131005291005291
3771,ê‹â∫ä∞ñ@,2,28,4,5,8,0.12464285714285715,0,2,2,0,0,0,0,0,0,18,0.131005291005291
3771,ê‹â∫ä∞ñ@,3,35,3,7,9,0.1217142857142857,0,0,2,0,1,0,0,0,0,0,0.131005291005291
3771,ê‹â∫ä∞ñ@,4,30,0,7,4,0.119,0,0,0,0,0,0,0,0,0,0,0.131005291005291
3771,ê‹â∫ä∞ñ@,5,25,0,2,8,0.142,0,0,0,0,0,0,0,0,0,0,0.131005291005291
3771,ê‹â∫ä∞ñ@,6,32,0,6,6,0.1521875,0,0,0,0,0,0,0,0,0,0,0.131005291005291
3772,àÍñˆòaçF,1,45,22,10,2,0.13466666666666668,20,0,0,0,2,0,10,6,6,0,0.15485106382978725
3772,àÍñˆòaçF,2,37,6,12,7,0.1608108108108108,0,5,1,0,0,0,0,0,0,19,0.15485106382978725
3772,àÍñˆòaçF,3,41,3,10,7,0.14926829268292682,0,0,3,0,0,0,0,0,0,0,0.15485106382978725
3772,àÍñˆòaçF,4,41,3,11,8,0.15585365853658537,0,0,3,0,0,0,0,0,0,0,0.15485106382978725
3772,àÍñˆòaçF,5,34,1,6,7,0.15529411764705883,0,1,0,0,0,0,0,0,0,0,0.15485106382978725
3772,àÍñˆòaçF,6,37,0,2,5,0.1781081081081081,0,0,0,0,0,0,0,0,0,0,0.15485106382978725
3773,í√óØç_àÍòY,1,30,15,3,3,0.14033333333333334,14,0,0,0,1,0,4,4,5,0,0.1681081081081081
3773,í√óØç_àÍòY,2,32,6,7,6,0.1596875,0,5,0,0,1,0,0,0,0,20,0.1681081081081081
3773,í√óØç_àÍòY,3,32,2,4,8,0.184375,0,1,0,0,1,0,0,0,0,0,0.1681081081081081
3773,í√óØç_àÍòY,4,35,7,5,6,0.1462857142857143,0,3,2,1,1,0,0,0,0,0,0.1681081081081081
3773,í√óØç_àÍòY,5,31,1,2,7,0.18612903225806451,0,0,1,0,0,0,0,0,0,0,0.1681081081081081
3773,í√óØç_àÍòY,6,25,1,2,3,0.1996,0,0,0,1,0,0,0,0,0,0,0.1681081081081081
3775,êÚå[ï∂,1,37,16,9,4,0.16702702702702701,14,0,0,0,2,0,8,4,7,0,0.17746938775510207
3775,êÚå[ï∂,2,42,2,7,4,0.18761904761904763,0,2,0,0,0,0,0,0,0,21,0.17746938775510207
3775,êÚå[ï∂,3,47,6,13,6,0.16808510638297874,0,0,1,3,2,0,0,0,0,0,0.17746938775510207
3775,êÚå[ï∂,4,38,2,5,8,0.17289473684210527,0,1,1,0,0,0,0,0,0,0,0.17746938775510207
3775,êÚå[ï∂,5,39,4,2,7,0.1917948717948718,0,0,2,1,1,0,0,0,0,0,0.17746938775510207
3775,êÚå[ï∂,6,42,0,3,7,0.17785714285714285,0,0,0,0,0,0,0,0,0,0,0.17746938775510207
3776,â°à‰åíëæ,1,33,7,9,5,0.16757575757575757,7,0,0,0,0,0,14,3,4,0,0.18339055793991418
3776,â°à‰åíëæ,2,45,6,7,6,0.18555555555555556,0,4,1,0,1,0,0,0,0,18,0.18339055793991418
3776,â°à‰åíëæ,3,35,0,3,7,0.19114285714285714,0,0,0,0,0,0,0,0,0,0,0.18339055793991418
3776,â°à‰åíëæ,4,49,0,3,5,0.19448979591836735,0,0,0,0,0,0,0,0,0,0,0.18339055793991418
3776,â°à‰åíëæ,5,38,1,0,7,0.1744736842105263,0,0,0,1,0,0,0,0,0,0,0.18339055793991418
3776,â°à‰åíëæ,6,33,0,2,0,0.18181818181818182,0,0,0,0,0,0,0,0,0,0,0.18339055793991418
3777,îÛå˚ó∫,1,54,27,12,5,0.15944444444444444,26,0,0,0,1,0,8,9,7,0,0.1731923076923077
3777,îÛå˚ó∫,2,40,9,14,7,0.16175,0,6,3,0,0,0,0,0,0,15,0.1731923076923077
3777,îÛå˚ó∫,3,45,8,11,8,0.1708888888888889,0,0,4,4,0,0,0,0,0,0,0.1731923076923077
3777,îÛå˚ó∫,4,40,5,8,12,0.17225,0,2,3,0,0,0,0,0,0,0,0.1731923076923077
3777,îÛå˚ó∫,5,40,3,7,10,0.17375000000000002,0,0,0,3,0,0,0,0,0,0,0.1731923076923077
3777,îÛå˚ó∫,6,41,1,4,3,0.20536585365853657,0,0,0,1,0,0,0,0,0,0,0.1731923076923077
3778,à¿íBî¸îø,1,21,7,2,2,0.16476190476190475,5,0,0,0,1,1,5,7,2,0,0.20060606060606062
3778,à¿íBî¸îø,2,28,1,2,10,0.20285714285714285,0,0,1,0,0,0,0,0,0,15,0.20060606060606062
3778,à¿íBî¸îø,3,27,4,3,3,0.18962962962962962,0,0,4,0,0,0,0,0,0,0,0.20060606060606062
3778,à¿íBî¸îø,4,21,2,3,2,0.19857142857142857,0,0,1,1,0,0,0,0,0,0,0.20060606060606062
3778,à¿íBî¸îø,5,20,0,1,1,0.2205,0,0,0,0,0,0,0,0,0,0,0.20060606060606062
3778,à¿íBî¸îø,6,15,0,1,2,0.24266666666666667,0,0,0,0,0,0,0,0,0,0,0.20060606060606062
3779,å¥ìcçKç∆,1,50,39,8,1,0.1166,39,0,0,0,0,0,2,2,6,0,0.11394230769230769
3779,å¥ìcçKç∆,2,31,6,4,8,0.12806451612903227,1,3,0,0,2,0,0,0,0,18,0.11394230769230769
3779,å¥ìcçKç∆,3,30,5,4,10,0.111,0,1,3,1,0,0,0,0,0,0,0.11394230769230769
3779,å¥ìcçKç∆,4,32,9,4,6,0.10187500000000001,0,3,6,0,0,0,0,0,0,0,0.11394230769230769
3779,å¥ìcçKç∆,5,28,3,5,8,0.11321428571428571,0,1,1,1,0,0,0,0,0,0,0.11394230769230769
3779,å¥ìcçKç∆,6,37,6,3,7,0.1118918918918919,0,1,0,4,1,0,0,0,0,0,0.11394230769230769
3780,ãõíJíqîV,1,49,36,4,0,0.13448979591836735,35,0,0,0,1,0,2,5,4,0,0.14283783783783785
3780,ãõíJíqîV,2,41,8,19,4,0.1446341463414634,0,6,0,0,2,0,0,0,0,25,0.14283783783783785
3780,ãõíJíqîV,3,37,4,9,13,0.14189189189189189,0,2,1,1,0,0,0,0,0,0,0.14283783783783785
3780,ãõíJíqîV,4,34,5,8,9,0.1388235294117647,0,2,0,2,1,0,0,0,0,0,0.14283783783783785
3780,ãõíJíqîV,5,25,1,5,6,0.1308,0,0,0,1,0,0,0,0,0,0,0.14283783783783785
3780,ãõíJíqîV,6,36,0,7,13,0.16527777777777777,0,0,0,0,0,0,0,0,0,0,0.14283783783783785
3783,âZê∂ê≥ã`,1,55,36,9,6,0.11854545454545455,34,0,0,0,2,0,5,7,4,0,0.13396694214876034
3783,âZê∂ê≥ã`,2,36,7,10,7,0.13694444444444442,0,4,2,0,0,1,0,0,0,22,0.13396694214876034
3783,âZê∂ê≥ã`,3,39,8,11,5,0.1371794871794872,0,1,2,4,1,0,0,0,0,0,0.13396694214876034
3783,âZê∂ê≥ã`,4,36,5,10,8,0.1411111111111111,0,1,1,2,1,0,0,0,0,0,0.13396694214876034
3783,âZê∂ê≥ã`,5,38,2,11,5,0.13763157894736844,0,0,0,2,0,0,0,0,0,0,0.13396694214876034
3783,âZê∂ê≥ã`,6,38,2,5,7,0.13973684210526316,0,2,0,0,0,0,0,0,0,0,0.13396694214876034
3784,íÜìáóFòa,1,32,8,8,8,0.1315625,8,0,0,0,0,0,9,9,5,0,0.1539
3784,íÜìáóFòa,2,34,2,5,10,0.1623529411764706,0,0,1,0,1,0,0,0,0,20,0.1539
3784,íÜìáóFòa,3,34,3,11,6,0.16264705882352942,0,0,3,0,0,0,0,0,0,0,0.1539
3784,íÜìáóFòa,4,39,2,7,11,0.13282051282051283,0,0,2,0,0,0,0,0,0,0,0.1539
3784,íÜìáóFòa,5,32,1,1,8,0.16718750000000002,0,0,0,0,1,0,0,0,0,0,0.1539
3784,íÜìáóFòa,6,29,0,1,3,0.17206896551724138,0,0,0,0,0,0,0,0,0,0,0.1539
3787,ìVñÏêΩ,1,23,5,7,3,0.1808695652173913,5,0,0,0,0,0,5,8,3,0,0.19241379310344828
3787,ìVñÏêΩ,2,24,3,2,4,0.18000000000000002,0,3,0,0,0,0,0,0,0,7,0.19241379310344828
3787,ìVñÏêΩ,3,21,1,3,3,0.19857142857142857,0,0,1,0,0,0,0,0,0,0,0.19241379310344828
3787,ìVñÏêΩ,4,29,0,5,4,0.18896551724137933,0,0,0,0,0,0,0,0,0,0,0.19241379310344828
3787,ìVñÏêΩ,5,23,0,2,6,0.21739130434782608,0,0,0,0,0,0,0,0,0,0,0.19241379310344828
3787,ìVñÏêΩ,6,25,0,0,2,0.19079999999999997,0,0,0,0,0,0,0,0,0,0,0.19241379310344828
3788,àÍã{ñ´çO,1,25,18,4,2,0.10880000000000001,17,0,0,0,1,0,1,2,2,0,0.1253030303030303
3788,àÍã{ñ´çO,2,24,2,2,7,0.11833333333333333,1,1,0,0,0,0,0,0,0,11,0.1253030303030303
3788,àÍã{ñ´çO,3,18,3,2,4,0.13666666666666666,0,1,0,0,2,0,0,0,0,0,0.1253030303030303
3788,àÍã{ñ´çO,4,24,5,2,6,0.14208333333333334,0,0,1,2,2,0,0,0,0,0,0.1253030303030303
3788,àÍã{ñ´çO,5,23,2,2,6,0.11347826086956521,0,0,1,1,0,0,0,0,0,0,0.1253030303030303
3788,àÍã{ñ´çO,6,18,1,0,1,0.1388888888888889,0,0,0,1,0,0,0,0,0,0,0.1253030303030303
3790,ç≤å˚íBñÁ,1,36,19,1,9,0.12833333333333333,16,0,0,0,3,0,1,9,5,0,0.15206751054852322
3790,ç≤å˚íBñÁ,2,45,4,10,6,0.14333333333333334,0,3,1,0,0,0,0,0,0,24,0.15206751054852322
3790,ç≤å˚íBñÁ,3,46,1,11,15,0.12804347826086956,0,0,0,1,0,0,0,0,0,0,0.15206751054852322
3790,ç≤å˚íBñÁ,4,32,3,4,6,0.1696875,0,1,1,1,0,0,0,0,0,0,0.15206751054852322
3790,ç≤å˚íBñÁ,5,44,1,1,6,0.18386363636363637,0,0,0,1,0,0,0,0,0,0,0.15206751054852322
3790,ç≤å˚íBñÁ,6,34,1,2,3,0.16352941176470587,0,0,0,1,0,0,0,0,0,0,0.15206751054852322
3792,ìcíÜçã,1,33,21,6,2,0.16393939393939394,19,0,0,0,2,0,2,2,6,0,0.17707865168539325
3792,ìcíÜçã,2,31,3,12,5,0.18225806451612905,0,1,2,0,0,0,0,0,0,14,0.17707865168539325
3792,ìcíÜçã,3,30,6,7,11,0.15466666666666665,0,0,4,2,0,0,0,0,0,0,0.17707865168539325
3792,ìcíÜçã,4,29,4,8,6,0.1903448275862069,0,2,1,1,0,0,0,0,0,0,0.17707865168539325
3792,ìcíÜçã,5,24,0,4,3,0.19416666666666668,0,0,0,0,0,0,0,0,0,0,0.17707865168539325
3792,ìcíÜçã,6,31,2,6,8,0.18193548387096772,0,1,0,0,1,0,0,0,0,0,0.17707865168539325
3793,çÇã¥ê^å·,1,20,6,5,3,0.17650000000000002,6,0,0,0,0,0,6,3,2,0,0.17511764705882352
3793,çÇã¥ê^å·,2,33,1,6,10,0.15787878787878787,0,1,0,0,0,0,0,0,0,19,0.17511764705882352
3793,çÇã¥ê^å·,3,31,0,11,8,0.1625806451612903,0,0,0,0,0,0,0,0,0,0,0.17511764705882352
3793,çÇã¥ê^å·,4,30,1,5,1,0.179,0,0,1,0,0,0,0,0,0,0,0.17511764705882352
3793,çÇã¥ê^å·,5,32,1,1,5,0.1903125,0,0,0,1,0,0,0,0,0,0,0.17511764705882352
3793,çÇã¥ê^å·,6,24,0,0,4,0.18875,0,0,0,0,0,0,0,0,0,0,0.17511764705882352
3796,í∑ñÏìπêb,1,57,26,17,1,0.15543859649122807,26,0,0,0,0,0,4,13,11,0,0.16718120805369127
3796,í∑ñÏìπêb,2,47,7,13,7,0.18404255319148938,0,4,2,0,1,0,0,0,0,25,0.16718120805369127
3796,í∑ñÏìπêb,3,54,8,11,9,0.1635185185185185,0,1,3,2,1,1,0,0,0,0,0.16718120805369127
3796,í∑ñÏìπêb,4,44,5,9,5,0.165,0,0,4,0,1,0,0,0,0,0,0.16718120805369127
3796,í∑ñÏìπêb,5,46,4,4,15,0.16,0,1,1,1,1,0,0,0,0,0,0.16718120805369127
3796,í∑ñÏìπêb,6,50,2,5,7,0.1772,0,0,0,1,1,0,0,0,0,0,0.16718120805369127
3797,ä‚à‰î…,1,31,6,4,3,0.19451612903225807,6,0,0,0,0,0,9,9,6,0,0.19778301886792451
3797,ä‚à‰î…,2,39,3,3,6,0.20564102564102563,0,2,0,0,0,1,0,0,0,24,0.19778301886792451
3797,ä‚à‰î…,3,42,1,7,7,0.19214285714285714,0,1,0,0,0,0,0,0,0,0,0.19778301886792451
3797,ä‚à‰î…,4,36,0,3,10,0.19944444444444442,0,0,0,0,0,0,0,0,0,0,0.19778301886792451
3797,ä‚à‰î…,5,33,1,2,5,0.19545454545454546,0,0,0,1,0,0,0,0,0,0,0.19778301886792451
3797,ä‚à‰î…,6,31,1,2,1,0.1993548387096774,0,1,0,0,0,0,0,0,0,0,0.19778301886792451
3800,ñqçGéü,1,35,16,10,5,0.14085714285714285,15,0,0,0,1,0,7,5,3,0,0.15915343915343916
3800,ñqçGéü,2,31,8,7,7,0.14935483870967742,0,5,2,0,0,1,0,0,0,14,0.15915343915343916
3800,ñqçGéü,3,29,5,9,8,0.14793103448275863,0,0,1,4,0,0,0,0,0,0,0.15915343915343916
3800,ñqçGéü,4,30,5,4,6,0.13066666666666665,0,1,2,1,1,0,0,0,0,0,0.15915343915343916
3800,ñqçGéü,5,29,3,3,10,0.17793103448275863,0,0,0,2,0,1,0,0,0,0,0.15915343915343916
3800,ñqçGéü,6,35,0,1,13,0.2042857142857143,0,0,0,0,0,0,0,0,0,0,0.15915343915343916
3801,å‹îΩìcîE,1,21,12,2,2,0.19238095238095237,11,0,0,0,1,0,3,4,0,0,0.16786206896551725
3801,å‹îΩìcîE,2,29,3,9,3,0.18379310344827587,0,2,1,0,0,0,0,0,0,17,0.16786206896551725
3801,å‹îΩìcîE,3,26,1,5,2,0.17615384615384616,0,0,1,0,0,0,0,0,0,0,0.16786206896551725
3801,å‹îΩìcîE,4,25,4,4,4,0.124,0,0,4,0,0,0,0,0,0,0,0.16786206896551725
3801,å‹îΩìcîE,5,26,1,2,3,0.14923076923076922,0,0,1,0,0,0,0,0,0,0,0.16786206896551725
3801,å‹îΩìcîE,6,18,1,1,2,0.18944444444444444,0,0,1,0,0,0,0,0,0,0,0.16786206896551725
3802,êXâ™Ç‹Ç´,1,26,14,5,4,0.1526923076923077,14,0,0,0,0,0,3,3,1,0,0.16389261744966444
3802,êXâ™Ç‹Ç´,2,23,2,3,3,0.1839130434782609,0,1,1,0,0,0,0,0,0,8,0.16389261744966444
3802,êXâ™Ç‹Ç´,3,26,4,3,3,0.16692307692307692,0,1,2,0,1,0,0,0,0,0,0.16389261744966444
3802,êXâ™Ç‹Ç´,4,28,2,2,5,0.15928571428571428,0,0,2,0,0,0,0,0,0,0,0.16389261744966444
3802,êXâ™Ç‹Ç´,5,29,2,4,4,0.15931034482758621,0,0,0,2,0,0,0,0,0,0,0.16389261744966444
3802,êXâ™Ç‹Ç´,6,17,0,1,3,0.16470588235294117,0,0,0,0,0,0,0,0,0,0,0.16389261744966444
3804,íÜìnèCçÏ,1,23,6,9,2,0.14782608695652175,6,0,0,0,0,0,5,6,5,0,0.1628415300546448
3804,íÜìnèCçÏ,2,33,0,9,6,0.1781818181818182,0,0,0,0,0,0,0,0,0,21,0.1628415300546448
3804,íÜìnèCçÏ,3,36,1,8,4,0.14388888888888887,0,0,1,0,0,0,0,0,0,0,0.1628415300546448
3804,íÜìnèCçÏ,4,32,2,6,6,0.1375,0,1,1,0,0,0,0,0,0,0,0.1628415300546448
3804,íÜìnèCçÏ,5,34,0,1,4,0.16264705882352942,0,0,0,0,0,0,0,0,0,0,0.1628415300546448
3804,íÜìnèCçÏ,6,25,0,0,3,0.2164,0,0,0,0,0,0,0,0,0,0,0.1628415300546448
3805,çÇã¥âpîV,1,40,21,7,6,0.14925,21,0,0,0,0,0,6,7,6,0,0.13233009708737864
3805,çÇã¥âpîV,2,31,2,11,6,0.12064516129032259,0,1,1,0,0,0,0,0,0,19,0.13233009708737864
3805,çÇã¥âpîV,3,38,6,10,5,0.13131578947368422,0,0,4,2,0,0,0,0,0,0,0.13233009708737864
3805,çÇã¥âpîV,4,35,1,10,3,0.13228571428571428,0,0,1,0,0,0,0,0,0,0,0.13233009708737864
3805,çÇã¥âpîV,5,29,5,2,6,0.11241379310344829,0,0,1,4,0,0,0,0,0,0,0.13233009708737864
3805,çÇã¥âpîV,6,33,1,1,11,0.1415151515151515,0,0,0,1,0,0,0,0,0,0,0.13233009708737864
3807,â™ïîìN,1,33,12,10,4,0.15606060606060607,12,0,0,0,0,0,8,5,5,0,0.16523584905660377
3807,â™ïîìN,2,40,2,3,6,0.15975,0,1,1,0,0,0,0,0,0,24,0.16523584905660377
3807,â™ïîìN,3,40,5,9,5,0.1505,0,0,3,2,0,0,0,0,0,0,0.16523584905660377
3807,â™ïîìN,4,32,4,1,4,0.1703125,0,0,2,1,1,0,0,0,0,0,0.16523584905660377
3807,â™ïîìN,5,33,1,2,6,0.17545454545454545,0,0,1,0,0,0,0,0,0,0,0.16523584905660377
3807,â™ïîìN,6,34,0,1,5,0.18323529411764708,0,0,0,0,0,0,0,0,0,0,0.16523584905660377
3808,èHìcåíëæòY,1,32,12,7,3,0.15156250000000002,12,0,0,0,0,0,5,6,6,0,0.15130841121495328
3808,èHìcåíëæòY,2,37,1,5,8,0.1727027027027027,0,1,0,0,0,0,0,0,0,22,0.15130841121495328
3808,èHìcåíëæòY,3,41,2,9,5,0.12853658536585366,0,0,2,0,0,0,0,0,0,0,0.15130841121495328
3808,èHìcåíëæòY,4,34,3,3,1,0.1411764705882353,0,1,0,2,0,0,0,0,0,0,0.15130841121495328
3808,èHìcåíëæòY,5,39,0,1,4,0.15076923076923077,0,0,0,0,0,0,0,0,0,0,0.15130841121495328
3808,èHìcåíëæòY,6,31,0,0,4,0.16741935483870968,0,0,0,0,0,0,0,0,0,0,0.15130841121495328
3809,ãgìcåı,1,42,13,10,5,0.1773809523809524,12,0,0,0,1,0,4,11,12,0,0.16079847908745246
3809,ãgìcåı,2,46,3,15,9,0.1615217391304348,0,2,1,0,0,0,0,0,0,27,0.16079847908745246
3809,ãgìcåı,3,44,1,14,10,0.15409090909090908,0,0,0,1,0,0,0,0,0,0,0.16079847908745246
3809,ãgìcåı,4,44,4,12,12,0.14727272727272728,0,1,2,1,0,0,0,0,0,0,0.16079847908745246
3809,ãgìcåı,5,43,1,2,12,0.16651162790697674,0,0,0,1,0,0,0,0,0,0,0.16079847908745246
3809,ãgìcåı,6,44,4,4,9,0.15886363636363637,0,3,0,0,1,0,0,0,0,0,0.16079847908745246
3811,êŒìcèÕâõ,1,60,40,10,5,0.14966666666666667,37,0,0,0,3,0,8,8,2,0,0.14859060402684565
3811,êŒìcèÕâõ,2,56,6,21,9,0.1475,0,4,2,0,0,0,0,0,0,35,0.14859060402684565
3811,êŒìcèÕâõ,3,52,10,13,10,0.1376923076923077,0,0,4,4,2,0,0,0,0,0,0.14859060402684565
3811,êŒìcèÕâõ,4,38,8,7,5,0.13921052631578948,0,1,2,4,1,0,0,0,0,0,0.14859060402684565
3811,êŒìcèÕâõ,5,49,4,9,7,0.15551020408163266,0,0,0,4,0,0,0,0,0,0,0.14859060402684565
3811,êŒìcèÕâõ,6,43,2,4,10,0.16209302325581396,0,0,1,0,1,0,0,0,0,0,0.14859060402684565
3812,éRçËêπéi,1,25,8,5,4,0.1672,7,0,0,0,1,0,3,7,5,0,0.1767379679144385
3812,éRçËêπéi,2,34,2,7,7,0.1776470588235294,0,1,0,0,0,1,0,0,0,19,0.1767379679144385
3812,éRçËêπéi,3,35,2,4,9,0.15657142857142858,0,1,1,0,0,0,0,0,0,0,0.1767379679144385
3812,éRçËêπéi,4,36,1,1,6,0.19333333333333333,0,0,0,0,1,0,0,0,0,0,0.1767379679144385
3812,éRçËêπéi,5,29,1,1,4,0.1686206896551724,0,0,0,1,0,0,0,0,0,0,0.1767379679144385
3812,éRçËêπéi,6,28,0,1,6,0.19642857142857142,0,0,0,0,0,0,0,0,0,0,0.1767379679144385
3813,ç≤ì°ëÂâÓ,1,52,32,13,3,0.14673076923076922,32,0,0,0,0,0,6,6,3,0,0.1660236220472441
3813,ç≤ì°ëÂâÓ,2,46,8,16,9,0.1773913043478261,0,5,2,0,1,0,0,0,0,28,0.1660236220472441
3813,ç≤ì°ëÂâÓ,3,48,5,11,18,0.15562499999999999,0,0,2,3,0,0,0,0,0,0,0.1660236220472441
3813,ç≤ì°ëÂâÓ,4,31,4,9,8,0.16612903225806452,0,0,2,0,2,0,0,0,0,0,0.1660236220472441
3813,ç≤ì°ëÂâÓ,5,37,4,9,10,0.16054054054054054,0,1,0,3,0,0,0,0,0,0,0.1660236220472441
3813,ç≤ì°ëÂâÓ,6,40,1,7,8,0.1955,0,1,0,0,0,0,0,0,0,0,0.1660236220472441
3814,ã‡éqãMéu,1,30,13,7,2,0.16566666666666666,12,0,0,0,1,0,2,8,7,0,0.18821782178217825
3814,ã‡éqãMéu,2,34,4,8,6,0.18294117647058822,0,3,0,0,1,0,0,0,0,19,0.18821782178217825
3814,ã‡éqãMéu,3,36,3,10,9,0.165,0,2,0,1,0,0,0,0,0,0,0.18821782178217825
3814,ã‡éqãMéu,4,37,2,2,8,0.1891891891891892,0,2,0,0,0,0,0,0,0,0,0.18821782178217825
3814,ã‡éqãMéu,5,34,2,4,4,0.20823529411764707,0,1,0,1,0,0,0,0,0,0,0.18821782178217825
3814,ã‡éqãMéu,6,31,0,2,4,0.2196774193548387,0,0,0,0,0,0,0,0,0,0,0.18821782178217825
3820,ä~ótéüòY,1,23,2,9,2,0.16608695652173913,2,0,0,0,0,0,9,3,6,0,0.16184713375796178
3820,ä~ótéüòY,2,26,1,4,3,0.18307692307692308,0,1,0,0,0,0,0,0,0,15,0.16184713375796178
3820,ä~ótéüòY,3,29,1,4,2,0.1493103448275862,0,0,0,1,0,0,0,0,0,0,0.16184713375796178
3820,ä~ótéüòY,4,27,1,6,3,0.14407407407407408,0,0,1,0,0,0,0,0,0,0,0.16184713375796178
3820,ä~ótéüòY,5,24,2,0,1,0.15708333333333332,0,0,0,2,0,0,0,0,0,0,0.16184713375796178
3820,ä~ótéüòY,6,28,0,1,6,0.17285714285714285,0,0,0,0,0,0,0,0,0,0,0.16184713375796178
3822,ïΩîˆêíìT,1,55,41,6,2,0.158,40,0,0,0,1,0,4,5,4,0,0.16335849056603774
3822,ïΩîˆêíìT,2,47,9,20,8,0.16680851063829788,0,7,2,0,0,0,0,0,0,22,0.16335849056603774
3822,ïΩîˆêíìT,3,39,6,15,7,0.1641025641025641,0,2,2,2,0,0,0,0,0,0,0.16335849056603774
3822,ïΩîˆêíìT,4,44,6,6,14,0.17022727272727273,0,0,4,0,2,0,0,0,0,0,0.16335849056603774
3822,ïΩîˆêíìT,5,41,9,2,13,0.15707317073170732,0,1,2,6,0,0,0,0,0,0,0.16335849056603774
3822,ïΩîˆêíìT,6,39,5,9,13,0.16487179487179487,0,1,1,3,0,0,0,0,0,0,0.16335849056603774
3825,ã{õΩó≤ëæòY,1,29,6,11,5,0.13344827586206898,6,0,0,0,0,0,7,5,6,0,0.13140096618357489
3825,ã{õΩó≤ëæòY,2,37,7,3,6,0.14324324324324325,0,2,3,0,2,0,0,0,0,16,0.13140096618357489
3825,ã{õΩó≤ëæòY,3,40,4,7,5,0.13075,0,0,3,1,0,0,0,0,0,0,0.13140096618357489
3825,ã{õΩó≤ëæòY,4,40,6,5,8,0.11850000000000001,0,0,6,0,0,0,0,0,0,0,0.13140096618357489
3825,ã{õΩó≤ëæòY,5,32,2,3,2,0.11937500000000001,0,0,2,0,0,0,0,0,0,0,0.13140096618357489
3825,ã{õΩó≤ëæòY,6,29,0,1,2,0.14620689655172414,0,0,0,0,0,0,0,0,0,0,0.13140096618357489
3826,ë∫ìcèCéü,1,38,20,8,3,0.15236842105263157,19,0,0,0,1,0,2,8,7,0,0.14628712871287128
3826,ë∫ìcèCéü,2,29,2,12,6,0.14,0,0,2,0,0,0,0,0,0,19,0.14628712871287128
3826,ë∫ìcèCéü,3,38,4,10,9,0.1286842105263158,0,0,1,3,0,0,0,0,0,0,0.14628712871287128
3826,ë∫ìcèCéü,4,31,6,4,6,0.16322580645161291,0,3,2,1,0,0,0,0,0,0,0.14628712871287128
3826,ë∫ìcèCéü,5,33,2,9,3,0.14484848484848487,0,1,0,1,0,0,0,0,0,0,0.14628712871287128
3826,ë∫ìcèCéü,6,33,2,5,8,0.1506060606060606,0,0,0,1,1,0,0,0,0,0,0.14628712871287128
3827,ç°êÚìO,1,21,4,10,3,0.18523809523809526,3,0,0,0,1,0,8,3,6,0,0.1683916083916084
3827,ç°êÚìO,2,25,1,3,9,0.16760000000000003,0,1,0,0,0,0,0,0,0,15,0.1683916083916084
3827,ç°êÚìO,3,27,1,3,8,0.16814814814814816,0,1,0,0,0,0,0,0,0,0,0.1683916083916084
3827,ç°êÚìO,4,25,2,4,2,0.15719999999999998,0,0,0,1,1,0,0,0,0,0,0.1683916083916084
3827,ç°êÚìO,5,25,0,1,3,0.1632,0,0,0,0,0,0,0,0,0,0,0.1683916083916084
3827,ç°êÚìO,6,20,0,1,1,0.17250000000000001,0,0,0,0,0,0,0,0,0,0,0.1683916083916084
3828,ñæêŒê≥îV,1,42,27,14,0,0.15119047619047618,27,0,0,0,0,0,3,1,10,0,0.1738888888888889
3828,ñæêŒê≥îV,2,31,4,7,6,0.1629032258064516,0,2,2,0,0,0,0,0,0,15,0.1738888888888889
3828,ñæêŒê≥îV,3,32,3,10,4,0.1615625,0,0,0,2,1,0,0,0,0,0,0.1738888888888889
3828,ñæêŒê≥îV,4,25,2,6,7,0.19879999999999998,0,0,0,1,1,0,0,0,0,0,0.1738888888888889
3828,ñæêŒê≥îV,5,36,0,6,5,0.18000000000000002,0,0,0,0,0,0,0,0,0,0,0.1738888888888889
3828,ñæêŒê≥îV,6,32,0,1,6,0.2003125,0,0,0,0,0,0,0,0,0,0,0.1738888888888889
3831,à¿ì°óTãM,1,19,11,1,3,0.16578947368421051,11,0,0,0,0,0,2,4,2,0,0.15265625
3831,à¿ì°óTãM,2,22,4,4,4,0.14863636363636365,0,2,1,0,0,1,0,0,0,15,0.15265625
3831,à¿ì°óTãM,3,24,1,3,5,0.15041666666666667,0,0,1,0,0,0,0,0,0,0,0.15265625
3831,à¿ì°óTãM,4,24,2,1,2,0.13458333333333333,0,0,0,2,0,0,0,0,0,0,0.15265625
3831,à¿ì°óTãM,5,20,0,1,0,0.1365,0,0,0,0,0,0,0,0,0,0,0.15265625
3831,à¿ì°óTãM,6,19,1,0,1,0.1868421052631579,0,1,0,0,0,0,0,0,0,0,0.15265625
3832,â∫ìcìNñÁ,1,36,11,7,8,0.14416666666666667,11,0,0,0,0,0,10,9,3,0,0.16686695278969957
3832,â∫ìcìNñÁ,2,43,3,13,7,0.1697674418604651,0,3,0,0,0,0,0,0,0,22,0.16686695278969957
3832,â∫ìcìNñÁ,3,46,0,11,14,0.16695652173913042,0,0,0,0,0,0,0,0,0,0,0.16686695278969957
3832,â∫ìcìNñÁ,4,38,3,3,10,0.16447368421052633,0,1,0,1,1,0,0,0,0,0,0.16686695278969957
3832,â∫ìcìNñÁ,5,35,2,5,7,0.17285714285714285,0,0,0,2,0,0,0,0,0,0,0.16686695278969957
3832,â∫ìcìNñÁ,6,35,0,1,3,0.18314285714285714,0,0,0,0,0,0,0,0,0,0,0.16686695278969957
3833,íÜí“îéåP,1,63,48,11,2,0.12603174603174605,47,0,0,0,1,0,4,2,6,0,0.12661764705882353
3833,íÜí“îéåP,2,48,15,12,11,0.12270833333333332,1,11,3,0,0,0,0,0,0,20,0.12661764705882353
3833,íÜí“îéåP,3,42,10,7,13,0.13,0,1,1,6,2,0,0,0,0,0,0.12661764705882353
3833,íÜí“îéåP,4,42,7,12,7,0.11333333333333333,0,1,5,1,0,0,0,0,0,0,0.12661764705882353
3833,íÜí“îéåP,5,35,2,9,7,0.12914285714285714,0,0,0,2,0,0,0,0,0,0,0.12661764705882353
3833,íÜí“îéåP,6,42,3,6,9,0.13976190476190475,0,0,0,3,0,0,0,0,0,0,0.12661764705882353
3834,ç◊êÏñæêl,1,27,10,7,4,0.17851851851851852,10,0,0,0,0,0,4,6,5,0,0.1752601156069364
3834,ç◊êÏñæêl,2,29,3,4,6,0.16517241379310346,0,0,2,0,1,0,0,0,0,18,0.1752601156069364
3834,ç◊êÏñæêl,3,32,3,7,4,0.184375,0,0,3,0,0,0,0,0,0,0,0.1752601156069364
3834,ç◊êÏñæêl,4,30,0,6,5,0.15933333333333335,0,0,0,0,0,0,0,0,0,0,0.1752601156069364
3834,ç◊êÏñæêl,5,29,1,1,5,0.16827586206896553,0,0,1,0,0,0,0,0,0,0,0.1752601156069364
3834,ç◊êÏñæêl,6,26,2,0,3,0.1980769230769231,0,0,0,2,0,0,0,0,0,0,0.1752601156069364
3837,èHéRçLàÍ,1,49,35,9,1,0.13142857142857145,35,0,0,0,0,0,5,2,6,0,0.14925490196078434
3837,èHéRçLàÍ,2,49,11,15,9,0.14326530612244898,0,6,5,0,0,0,0,0,0,31,0.14925490196078434
3837,èHéRçLàÍ,3,41,6,10,7,0.14853658536585365,0,0,0,5,1,0,0,0,0,0,0.14925490196078434
3837,èHéRçLàÍ,4,47,9,7,15,0.1525531914893617,0,1,2,5,1,0,0,0,0,0,0.14925490196078434
3837,èHéRçLàÍ,5,37,2,9,6,0.15567567567567567,0,0,0,2,0,0,0,0,0,0,0.14925490196078434
3837,èHéRçLàÍ,6,32,1,3,12,0.174375,0,0,0,1,0,0,0,0,0,0,0.14925490196078434
3838,à…ì°å[éO,1,51,31,12,4,0.1284313725490196,28,0,0,0,3,0,5,10,2,0,0.13535971223021584
3838,à…ì°å[éO,2,49,7,13,12,0.14326530612244898,0,5,0,0,1,1,0,0,0,29,0.13535971223021584
3838,à…ì°å[éO,3,46,8,14,7,0.12391304347826088,0,0,1,7,0,0,0,0,0,0,0.13535971223021584
3838,à…ì°å[éO,4,47,6,13,15,0.1280851063829787,0,2,1,3,0,0,0,0,0,0,0.13535971223021584
3838,à…ì°å[éO,5,43,4,11,8,0.12651162790697676,0,2,1,1,0,0,0,0,0,0,0.13535971223021584
3838,à…ì°å[éO,6,42,0,4,8,0.16428571428571428,0,0,0,0,0,0,0,0,0,0,0.13535971223021584
3839,êÏçáóùéi,1,24,7,3,2,0.17916666666666667,6,0,0,0,1,0,4,6,4,0,0.1730054644808743
3839,êÏçáóùéi,2,36,1,4,5,0.1688888888888889,0,1,0,0,0,0,0,0,0,16,0.1730054644808743
3839,êÏçáóùéi,3,36,2,1,5,0.15361111111111111,0,1,1,0,0,0,0,0,0,0,0.1730054644808743
3839,êÏçáóùéi,4,32,1,1,8,0.1746875,0,0,0,1,0,0,0,0,0,0,0.1730054644808743
3839,êÏçáóùéi,5,31,1,3,3,0.1664516129032258,0,0,0,1,0,0,0,0,0,0,0.1730054644808743
3839,êÏçáóùéi,6,24,0,2,2,0.20833333333333334,0,0,0,0,0,0,0,0,0,0,0.1730054644808743
3841,ç≤ÅXñÿòaêL,1,42,27,6,5,0.16999999999999998,27,0,0,0,0,0,4,6,5,0,0.18312796208530807
3841,ç≤ÅXñÿòaêL,2,35,3,14,8,0.18571428571428572,0,3,0,0,0,0,0,0,0,17,0.18312796208530807
3841,ç≤ÅXñÿòaêL,3,41,5,7,8,0.1873170731707317,1,1,0,2,1,0,0,0,0,0,0.18312796208530807
3841,ç≤ÅXñÿòaêL,4,29,3,6,10,0.1793103448275862,0,1,1,1,0,0,0,0,0,0,0.18312796208530807
3841,ç≤ÅXñÿòaêL,5,32,5,3,4,0.168125,0,3,0,1,1,0,0,0,0,0,0.18312796208530807
3841,ç≤ÅXñÿòaêL,6,32,0,2,9,0.210625,0,0,0,0,0,0,0,0,0,0,0.18312796208530807
3842,êØñÏëæòY,1,52,40,5,1,0.1548076923076923,38,0,0,0,1,1,1,6,3,0,0.1771111111111111
3842,êØñÏëæòY,2,44,5,17,5,0.17204545454545456,0,5,0,0,0,0,0,0,0,22,0.1771111111111111
3842,êØñÏëæòY,3,48,7,14,9,0.16145833333333334,0,1,1,5,0,0,0,0,0,0,0.1771111111111111
3842,êØñÏëæòY,4,46,3,8,13,0.19847826086956524,0,0,1,2,0,0,0,0,0,0,0.1771111111111111
3842,êØñÏëæòY,5,40,0,7,11,0.1825,0,0,0,0,0,0,0,0,0,0,0.1771111111111111
3842,êØñÏëæòY,6,40,0,2,10,0.20049999999999998,0,0,0,0,0,0,0,0,0,0,0.1771111111111111
3843,è„îVçWçO,1,44,23,10,4,0.1509090909090909,23,0,0,0,0,0,8,3,4,0,0.16043307086614172
3843,è„îVçWçO,2,38,0,9,9,0.16236842105263158,0,0,0,0,0,0,0,0,0,25,0.16043307086614172
3843,è„îVçWçO,3,48,5,9,10,0.16979166666666667,0,1,2,1,1,0,0,0,0,0,0.16043307086614172
3843,è„îVçWçO,4,49,6,6,8,0.15775510204081633,0,1,4,0,1,0,0,0,0,0,0.16043307086614172
3843,è„îVçWçO,5,35,1,4,3,0.14914285714285713,0,0,0,1,0,0,0,0,0,0,0.16043307086614172
3843,è„îVçWçO,6,40,1,0,5,0.17099999999999999,0,0,0,0,1,0,0,0,0,0,0.16043307086614172
3845,íÜíJï¸éq,1,55,35,7,5,0.1849090909090909,33,0,0,0,2,0,6,6,6,0,0.19085836909871245
3845,íÜíJï¸éq,2,35,3,10,10,0.19114285714285714,0,2,1,0,0,0,0,0,0,23,0.19085836909871245
3845,íÜíJï¸éq,3,38,3,7,12,0.185,0,1,1,1,0,0,0,0,0,0,0.19085836909871245
3845,íÜíJï¸éq,4,42,2,11,8,0.1954761904761905,0,0,0,2,0,0,0,0,0,0,0.19085836909871245
3845,íÜíJï¸éq,5,33,2,8,5,0.1906060606060606,0,1,0,1,0,0,0,0,0,0,0.19085836909871245
3845,íÜíJï¸éq,6,30,4,6,5,0.20266666666666666,1,1,2,0,0,0,0,0,0,0,0.19085836909871245
3848,êÏè„ëèâÓ,1,37,20,2,10,0.1583783783783784,20,0,0,0,0,0,5,7,4,0,0.15
3848,êÏè„ëèâÓ,2,36,8,10,8,0.13583333333333333,0,3,5,0,0,0,0,0,0,21,0.15
3848,êÏè„ëèâÓ,3,40,6,10,12,0.13274999999999998,0,1,0,3,2,0,0,0,0,0,0.15
3848,êÏè„ëèâÓ,4,39,3,6,10,0.15487179487179487,0,0,3,0,0,0,0,0,0,0,0.15
3848,êÏè„ëèâÓ,5,36,2,5,5,0.15166666666666667,0,0,0,2,0,0,0,0,0,0,0.15
3848,êÏè„ëèâÓ,6,28,1,2,5,0.17285714285714285,0,0,0,1,0,0,0,0,0,0,0.15
3849,íÜâ™ê≥ïF,1,32,25,3,2,0.1171875,23,0,0,0,2,0,1,3,3,0,0.13724719101123595
3849,íÜâ™ê≥ïF,2,30,2,10,7,0.15233333333333335,0,1,1,0,0,0,0,0,0,23,0.13724719101123595
3849,íÜâ™ê≥ïF,3,30,6,5,4,0.13499999999999998,0,1,2,3,0,0,0,0,0,0,0.13724719101123595
3849,íÜâ™ê≥ïF,4,34,11,5,7,0.12,0,1,6,3,1,0,0,0,0,0,0.13724719101123595
3849,íÜâ™ê≥ïF,5,21,1,3,5,0.13428571428571429,0,0,0,1,0,0,0,0,0,0,0.13724719101123595
3849,íÜâ™ê≥ïF,6,31,6,7,4,0.1664516129032258,0,2,3,1,0,0,0,0,0,0,0.13724719101123595
3850,è¨êÏímçs,1,31,14,6,3,0.1367741935483871,14,0,0,0,0,0,5,4,6,0,0.15136612021857923
3850,è¨êÏímçs,2,30,3,6,4,0.15,0,2,1,0,0,0,0,0,0,17,0.15136612021857923
3850,è¨êÏímçs,3,31,3,6,8,0.1638709677419355,0,1,0,1,1,0,0,0,0,0,0.15136612021857923
3850,è¨êÏímçs,4,32,2,7,6,0.1325,0,0,1,0,1,0,0,0,0,0,0.15136612021857923
3850,è¨êÏímçs,5,30,3,0,8,0.15866666666666665,0,0,1,1,1,0,0,0,0,0,0.15136612021857923
3850,è¨êÏímçs,6,29,1,3,4,0.16827586206896553,0,1,0,0,0,0,0,0,0,0,0.15136612021857923
3851,êXìcè∫ïF,1,14,8,0,0,0.16999999999999998,8,0,0,0,0,0,1,2,1,0,0.17893617021276595
3851,êXìcè∫ïF,2,17,2,2,0,0.17470588235294118,0,1,1,0,0,0,0,0,0,11,0.17893617021276595
3851,êXìcè∫ïF,3,15,2,2,0,0.15533333333333335,0,0,2,0,0,0,0,0,0,0,0.17893617021276595
3851,êXìcè∫ïF,4,15,0,0,3,0.18066666666666667,0,0,0,0,0,0,0,0,0,0,0.17893617021276595
3851,êXìcè∫ïF,5,16,1,1,0,0.161875,0,1,0,0,0,0,0,0,0,0,0.17893617021276595
3851,êXìcè∫ïF,6,17,1,1,1,0.22588235294117645,0,0,0,1,0,0,0,0,0,0,0.17893617021276595
3852,‡VëÂâÓ,1,45,22,5,5,0.16177777777777777,22,0,0,0,0,0,6,9,7,0,0.16411290322580646
3852,‡VëÂâÓ,2,40,3,13,5,0.16599999999999998,0,1,2,0,0,0,0,0,0,25,0.16411290322580646
3852,‡VëÂâÓ,3,43,5,7,5,0.16744186046511628,0,1,0,4,0,0,0,0,0,0,0.16411290322580646
3852,‡VëÂâÓ,4,34,4,5,6,0.16176470588235295,0,1,2,1,0,0,0,0,0,0,0.16411290322580646
3852,‡VëÂâÓ,5,40,4,7,8,0.1555,0,1,0,3,0,0,0,0,0,0,0.16411290322580646
3852,‡VëÂâÓ,6,46,1,4,5,0.1708695652173913,0,0,0,1,0,0,0,0,0,0,0.16411290322580646
3853,ä‚çËê≥ç∆,1,53,37,10,3,0.17264150943396228,35,0,0,0,2,0,3,7,6,0,0.1860392156862745
3853,ä‚çËê≥ç∆,2,37,4,11,7,0.17432432432432432,0,4,0,0,0,0,0,0,0,21,0.1860392156862745
3853,ä‚çËê≥ç∆,3,40,2,13,4,0.18875,0,1,0,1,0,0,0,0,0,0,0.1860392156862745
3853,ä‚çËê≥ç∆,4,44,4,8,9,0.17068181818181818,0,0,0,2,2,0,0,0,0,0,0.1860392156862745
3853,ä‚çËê≥ç∆,5,37,2,2,11,0.20513513513513512,0,0,0,1,1,0,0,0,0,0,0.1860392156862745
3853,ä‚çËê≥ç∆,6,44,0,4,5,0.20886363636363636,0,0,0,0,0,0,0,0,0,0,0.1860392156862745
3854,ãgêÏå≥ç_,1,57,39,5,6,0.1368421052631579,37,0,0,0,2,0,5,6,4,0,0.1291633466135458
3854,ãgêÏå≥ç_,2,44,12,12,8,0.11704545454545455,1,4,5,0,2,0,0,0,0,21,0.1291633466135458
3854,ãgêÏå≥ç_,3,39,6,14,7,0.12153846153846154,0,0,2,4,0,0,0,0,0,0,0.1291633466135458
3854,ãgêÏå≥ç_,4,35,6,6,10,0.13342857142857142,0,2,2,2,0,0,0,0,0,0,0.1291633466135458
3854,ãgêÏå≥ç_,5,39,5,6,10,0.13076923076923075,0,1,0,3,1,0,0,0,0,0,0.1291633466135458
3854,ãgêÏå≥ç_,6,37,3,5,9,0.13405405405405404,0,0,0,2,1,0,0,0,0,0,0.1291633466135458
3855,ëÂåFíCñÌ,1,25,7,6,1,0.17800000000000002,7,0,0,0,0,0,3,8,5,0,0.21994708994708995
3855,ëÂåFíCñÌ,2,39,1,7,7,0.2112820512820513,0,1,0,0,0,0,0,0,0,16,0.21994708994708995
3855,ëÂåFíCñÌ,3,36,2,2,5,0.22666666666666668,0,0,0,1,1,0,0,0,0,0,0.21994708994708995
3855,ëÂåFíCñÌ,4,32,2,3,7,0.1959375,0,1,0,1,0,0,0,0,0,0,0.21994708994708995
3855,ëÂåFíCñÌ,5,31,0,1,4,0.24580645161290324,0,0,0,0,0,0,0,0,0,0,0.21994708994708995
3855,ëÂåFíCñÌ,6,26,0,0,3,0.26269230769230767,0,0,0,0,0,0,0,0,0,0,0.21994708994708995
3857,à¢îgèüç∆,2,1,0,0,0,0.23,0,0,0,0,0,0,0,0,0,1,0.197
3857,à¢îgèüç∆,4,6,0,0,2,0.21,0,0,0,0,0,0,0,0,0,0,0.197
3857,à¢îgèüç∆,5,76,4,8,14,0.19855263157894737,0,0,4,0,0,0,0,0,0,0,0.197
3857,à¢îgèüç∆,6,147,9,17,25,0.1954421768707483,0,1,6,2,0,0,0,0,0,0,0.197
3859,ëΩóÖîˆíBîV,1,28,7,5,2,0.17714285714285713,6,0,0,0,0,1,10,3,4,0,0.17124324324324325
3859,ëΩóÖîˆíBîV,2,35,5,2,6,0.15085714285714286,0,2,2,0,0,1,0,0,0,17,0.17124324324324325
3859,ëΩóÖîˆíBîV,3,35,1,6,5,0.16085714285714287,0,0,1,0,0,0,0,0,0,0,0.17124324324324325
3859,ëΩóÖîˆíBîV,4,27,1,4,3,0.16333333333333333,0,0,1,0,0,0,0,0,0,0,0.17124324324324325
3859,ëΩóÖîˆíBîV,5,33,0,2,6,0.1903030303030303,0,0,0,0,0,0,0,0,0,0,0.17124324324324325
3859,ëΩóÖîˆíBîV,6,27,1,1,0,0.18962962962962962,0,0,0,1,0,0,0,0,0,0,0.17124324324324325
3860,èºñ{ç_ãM,1,27,4,4,4,0.15222222222222223,4,0,0,0,0,0,13,4,4,0,0.19437158469945356
3860,èºñ{ç_ãM,2,33,3,10,9,0.1921212121212121,0,3,0,0,0,0,0,0,0,18,0.19437158469945356
3860,èºñ{ç_ãM,3,38,1,7,7,0.17289473684210527,0,0,1,0,0,0,0,0,0,0,0.19437158469945356
3860,èºñ{ç_ãM,4,28,1,1,6,0.20857142857142857,0,0,0,1,0,0,0,0,0,0,0.19437158469945356
3860,èºñ{ç_ãM,5,29,0,3,4,0.20103448275862068,0,0,0,0,0,0,0,0,0,0,0.19437158469945356
3860,èºñ{ç_ãM,6,28,0,1,2,0.24571428571428572,0,0,0,0,0,0,0,0,0,0,0.19437158469945356
3863,äCòV‡Vë◊çs,1,37,8,15,6,0.14243243243243245,8,0,0,0,0,0,14,4,4,0,0.1605365853658537
3863,äCòV‡Vë◊çs,2,32,2,4,6,0.1534375,0,0,2,0,0,0,0,0,0,19,0.1605365853658537
3863,äCòV‡Vë◊çs,3,40,2,7,6,0.154,0,0,2,0,0,0,0,0,0,0,0.1605365853658537
3863,äCòV‡Vë◊çs,4,39,2,5,2,0.16692307692307692,0,0,2,0,0,0,0,0,0,0,0.1605365853658537
3863,äCòV‡Vë◊çs,5,29,1,2,3,0.18,0,0,0,1,0,0,0,0,0,0,0.1605365853658537
3863,äCòV‡Vë◊çs,6,28,0,1,3,0.17285714285714285,0,0,0,0,0,0,0,0,0,0,0.1605365853658537
3866,ñÿéRêΩàÍ,1,10,1,3,2,0.11599999999999999,1,0,0,0,0,0,7,0,1,0,0.1446590909090909
3866,ñÿéRêΩàÍ,2,18,1,2,2,0.1388888888888889,0,1,0,0,0,0,0,0,0,10,0.1446590909090909
3866,ñÿéRêΩàÍ,3,17,0,5,1,0.14764705882352944,0,0,0,0,0,0,0,0,0,0,0.1446590909090909
3866,ñÿéRêΩàÍ,4,13,1,3,2,0.09615384615384616,0,0,0,1,0,0,0,0,0,0,0.1446590909090909
3866,ñÿéRêΩàÍ,5,17,0,0,1,0.15764705882352942,0,0,0,0,0,0,0,0,0,0,0.1446590909090909
3866,ñÿéRêΩàÍ,6,13,0,0,1,0.2023076923076923,0,0,0,0,0,0,0,0,0,0,0.1446590909090909
3867,èºâYèü,1,23,6,1,3,0.17478260869565218,6,0,0,0,0,0,5,7,3,0,0.15919753086419752
3867,èºâYèü,2,32,2,4,2,0.1590625,0,1,0,0,0,1,0,0,0,23,0.15919753086419752
3867,èºâYèü,3,30,0,5,4,0.15666666666666668,0,0,0,0,0,0,0,0,0,0,0.15919753086419752
3867,èºâYèü,4,26,0,1,1,0.16615384615384615,0,0,0,0,0,0,0,0,0,0,0.15919753086419752
3867,èºâYèü,5,33,2,1,3,0.14272727272727273,0,0,0,2,0,0,0,0,0,0,0.15919753086419752
3867,èºâYèü,6,18,1,0,3,0.1638888888888889,0,0,0,1,0,0,0,0,0,0,0.15919753086419752
3868,îˆå`âhé°,1,30,16,4,3,0.15200000000000002,15,0,0,0,1,0,5,6,3,0,0.17722772277227722
3868,îˆå`âhé°,2,40,5,7,9,0.17025,0,4,1,0,0,0,0,0,0,22,0.17722772277227722
3868,îˆå`âhé°,3,32,2,5,5,0.1759375,0,0,0,2,0,0,0,0,0,0,0.17722772277227722
3868,îˆå`âhé°,4,35,0,4,9,0.17485714285714285,0,0,0,0,0,0,0,0,0,0,0.17722772277227722
3868,îˆå`âhé°,5,35,0,0,10,0.19685714285714284,0,0,0,0,0,0,0,0,0,0,0.17722772277227722
3868,îˆå`âhé°,6,30,0,1,3,0.193,0,0,0,0,0,0,0,0,0,0,0.17722772277227722
3869,à‰ã⁄ëÂéu,1,31,10,12,4,0.16,9,0,0,0,1,0,8,7,5,0,0.18049549549549548
3869,à‰ã⁄ëÂéu,2,46,3,11,8,0.1826086956521739,1,2,0,0,0,0,0,0,0,28,0.18049549549549548
3869,à‰ã⁄ëÂéu,3,37,0,5,5,0.19027027027027027,0,0,0,0,0,0,0,0,0,0,0.18049549549549548
3869,à‰ã⁄ëÂéu,4,36,1,5,5,0.1825,0,0,0,0,0,1,0,0,0,0,0.18049549549549548
3869,à‰ã⁄ëÂéu,5,39,1,1,7,0.18307692307692308,0,1,0,0,0,0,0,0,0,0,0.18049549549549548
3869,à‰ã⁄ëÂéu,6,33,0,0,6,0.1806060606060606,0,0,0,0,0,0,0,0,0,0,0.18049549549549548
3870,éõìàóY,1,31,17,6,3,0.14774193548387096,17,0,0,0,0,0,3,7,3,0,0.15783251231527093
3870,éõìàóY,2,35,6,4,9,0.15514285714285714,0,5,0,0,1,0,0,0,0,15,0.15783251231527093
3870,éõìàóY,3,34,1,3,4,0.17088235294117649,0,0,0,1,0,0,0,0,0,0,0.15783251231527093
3870,éõìàóY,4,35,2,5,11,0.1597142857142857,0,0,2,0,0,0,0,0,0,0,0.15783251231527093
3870,éõìàóY,5,39,2,3,5,0.14871794871794872,0,0,0,1,1,0,0,0,0,0,0.15783251231527093
3870,éõìàóY,6,29,1,2,4,0.16655172413793104,0,0,0,0,0,1,0,0,0,0,0.15783251231527093
3871,írìcéáîT,1,22,8,5,2,0.15681818181818183,8,0,0,0,0,0,5,4,4,0,0.1741721854304636
3871,írìcéáîT,2,32,3,5,6,0.1846875,0,0,3,0,0,0,0,0,0,15,0.1741721854304636
3871,írìcéáîT,3,23,3,5,6,0.16869565217391305,0,0,3,0,0,0,0,0,0,0,0.1741721854304636
3871,írìcéáîT,4,22,5,0,1,0.17363636363636364,0,0,5,0,0,0,0,0,0,0,0.1741721854304636
3871,írìcéáîT,5,30,0,1,5,0.177,0,0,0,0,0,0,0,0,0,0,0.1741721854304636
3871,írìcéáîT,6,22,2,1,2,0.17863636363636365,0,0,1,1,0,0,0,0,0,0,0.1741721854304636
3872,â™ìcåõçs,1,48,33,8,2,0.176875,30,0,0,0,2,1,4,5,3,0,0.18329317269076306
3872,â™ìcåõçs,2,46,5,15,9,0.18043478260869567,0,3,0,0,1,1,0,0,0,26,0.18329317269076306
3872,â™ìcåõçs,3,48,3,15,9,0.18375,0,2,0,1,0,0,0,0,0,0,0.18329317269076306
3872,â™ìcåõçs,4,35,3,12,6,0.18628571428571428,0,0,1,2,0,0,0,0,0,0,0.18329317269076306
3872,â™ìcåõçs,5,35,3,5,9,0.20285714285714285,0,0,2,1,0,0,0,0,0,0,0.18329317269076306
3872,â™ìcåõçs,6,37,0,5,7,0.17324324324324325,0,0,0,0,0,0,0,0,0,0,0.18329317269076306
3873,ï ï{èπé˜,1,47,27,11,3,0.16276595744680852,23,0,0,0,4,0,4,9,7,0,0.1532258064516129
3873,ï ï{èπé˜,2,40,6,13,12,0.1595,0,4,1,0,1,0,0,0,0,21,0.1532258064516129
3873,ï ï{èπé˜,3,42,2,13,11,0.125,0,1,1,0,0,0,0,0,0,0,0.1532258064516129
3873,ï ï{èπé˜,4,39,2,9,9,0.16025641025641027,0,0,0,2,0,0,0,0,0,0,0.1532258064516129
3873,ï ï{èπé˜,5,35,4,7,10,0.1457142857142857,0,0,0,3,1,0,0,0,0,0,0.1532258064516129
3873,ï ï{èπé˜,6,45,0,2,10,0.16377777777777777,0,0,0,0,0,0,0,0,0,0,0.1532258064516129
3874,éRñ{ä∞ãv,1,57,39,7,4,0.12157894736842105,32,1,1,0,5,0,7,4,5,0,0.15076363636363638
3874,éRñ{ä∞ãv,2,43,9,16,8,0.14883720930232558,0,5,4,0,0,0,0,0,0,18,0.15076363636363638
3874,éRñ{ä∞ãv,3,44,5,13,11,0.15431818181818183,0,0,2,2,1,0,0,0,0,0,0.15076363636363638
3874,éRñ{ä∞ãv,4,46,5,12,6,0.1515217391304348,0,2,0,1,1,1,0,0,0,0,0.15076363636363638
3874,éRñ{ä∞ãv,5,43,6,7,7,0.15534883720930232,0,0,0,5,1,0,0,0,0,0,0.15076363636363638
3874,éRñ{ä∞ãv,6,42,1,7,9,0.18309523809523812,0,0,0,1,0,0,0,0,0,0,0.15076363636363638
3875,úAíÜó«àÍ,1,32,14,8,5,0.1615625,14,0,0,0,0,0,5,7,5,0,0.17366515837104074
3875,úAíÜó«àÍ,2,41,2,9,7,0.15926829268292683,0,0,2,0,0,0,0,0,0,21,0.17366515837104074
3875,úAíÜó«àÍ,3,42,3,6,5,0.14642857142857144,0,0,3,0,0,0,0,0,0,0,0.17366515837104074
3875,úAíÜó«àÍ,4,35,2,5,5,0.16228571428571428,0,0,0,1,1,0,0,0,0,0,0.17366515837104074
3875,úAíÜó«àÍ,5,40,0,0,8,0.19924999999999998,0,0,0,0,0,0,0,0,0,0,0.17366515837104074
3875,úAíÜó«àÍ,6,31,0,0,2,0.22193548387096773,0,0,0,0,0,0,0,0,0,0,0.17366515837104074
3876,íÜí“êíêl,1,70,53,10,3,0.13114285714285714,50,0,2,0,1,0,2,8,5,0,0.12433476394849785
3876,íÜí“êíêl,2,30,9,10,4,0.1396666666666667,0,3,6,0,0,0,0,0,0,12,0.12433476394849785
3876,íÜí“êíêl,3,31,15,4,6,0.132258064516129,0,2,8,3,2,0,0,0,0,0,0.12433476394849785
3876,íÜí“êíêl,4,31,20,5,2,0.1164516129032258,0,1,15,3,1,0,0,0,0,0,0.12433476394849785
3876,íÜí“êíêl,5,29,11,9,5,0.11068965517241379,0,0,8,3,0,0,0,0,0,0,0.12433476394849785
3876,íÜí“êíêl,6,42,15,9,7,0.11142857142857142,0,1,9,5,0,0,0,0,0,0,0.12433476394849785
3877,èºâYîéêl,1,19,4,3,3,0.14842105263157893,4,0,0,0,0,0,3,8,3,0,0.16157534246575342
3877,èºâYîéêl,2,31,2,7,5,0.15419354838709678,0,2,0,0,0,0,0,0,0,20,0.16157534246575342
3877,èºâYîéêl,3,25,2,5,8,0.12200000000000001,0,0,1,1,0,0,0,0,0,0,0.16157534246575342
3877,èºâYîéêl,4,22,0,1,6,0.19045454545454546,0,0,0,0,0,0,0,0,0,0,0.16157534246575342
3877,èºâYîéêl,5,28,0,7,4,0.15928571428571428,0,0,0,0,0,0,0,0,0,0,0.16157534246575342
3877,èºâYîéêl,6,21,0,2,5,0.2042857142857143,0,0,0,0,0,0,0,0,0,0,0.16157534246575342
3878,å”ñ{åÂéu,1,21,6,5,3,0.18095238095238098,5,0,1,0,0,0,5,6,4,0,0.17657142857142857
3878,å”ñ{åÂéu,2,36,1,7,6,0.16472222222222224,0,1,0,0,0,0,0,0,0,22,0.17657142857142857
3878,å”ñ{åÂéu,3,32,1,1,4,0.2190625,0,0,0,1,0,0,0,0,0,0,0.17657142857142857
3878,å”ñ{åÂéu,4,28,4,4,6,0.13785714285714284,0,0,4,0,0,0,0,0,0,0,0.17657142857142857
3878,å”ñ{åÂéu,5,32,2,1,4,0.17625,0,0,2,0,0,0,0,0,0,0,0.17657142857142857
3878,å”ñ{åÂéu,6,26,1,0,4,0.17923076923076925,0,0,0,1,0,0,0,0,0,0,0.17657142857142857
3880,êÛå©è@çF,1,32,11,10,5,0.1309375,10,0,0,0,1,0,4,6,11,0,0.16881516587677725
3880,êÛå©è@çF,2,39,3,10,11,0.18076923076923077,0,2,0,0,1,0,0,0,0,27,0.16881516587677725
3880,êÛå©è@çF,3,38,4,6,6,0.17763157894736842,0,2,1,1,0,0,0,0,0,0,0.16881516587677725
3880,êÛå©è@çF,4,37,1,5,5,0.1654054054054054,0,1,0,0,0,0,0,0,0,0,0.16881516587677725
3880,êÛå©è@çF,5,34,0,2,8,0.17794117647058824,0,0,0,0,0,0,0,0,0,0,0.16881516587677725
3880,êÛå©è@çF,6,31,3,1,4,0.1761290322580645,0,0,2,1,0,0,0,0,0,0,0.16881516587677725
3881,âYè„ëÒñÁ,1,40,19,8,5,0.1395,19,0,0,0,0,0,5,8,5,0,0.1580241935483871
3881,âYè„ëÒñÁ,2,45,5,17,7,0.1471111111111111,0,4,0,0,1,0,0,0,0,22,0.1580241935483871
3881,âYè„ëÒñÁ,3,47,4,8,9,0.16319148936170214,0,0,1,3,0,0,0,0,0,0,0.1580241935483871
3881,âYè„ëÒñÁ,4,41,2,5,9,0.14121951219512197,0,1,0,1,0,0,0,0,0,0,0.1580241935483871
3881,âYè„ëÒñÁ,5,38,0,3,8,0.17842105263157895,0,0,0,0,0,0,0,0,0,0,0.1580241935483871
3881,âYè„ëÒñÁ,6,37,0,0,4,0.18243243243243243,0,0,0,0,0,0,0,0,0,0,0.1580241935483871
3882,êVìcíqè≤,1,41,24,8,5,0.13707317073170733,22,0,0,0,2,0,6,5,2,0,0.16665254237288135
3882,êVìcíqè≤,2,42,5,11,10,0.15880952380952382,0,3,1,0,1,0,0,0,0,24,0.16665254237288135
3882,êVìcíqè≤,3,39,6,4,7,0.17461538461538462,0,0,1,4,1,0,0,0,0,0,0.16665254237288135
3882,êVìcíqè≤,4,36,2,6,10,0.1525,0,2,0,0,0,0,0,0,0,0,0.16665254237288135
3882,êVìcíqè≤,5,39,2,2,6,0.18974358974358976,0,0,0,1,1,0,0,0,0,0,0.16665254237288135
3882,êVìcíqè≤,6,39,2,3,7,0.1882051282051282,0,0,2,0,0,0,0,0,0,0,0.16665254237288135
3883,éRç™ëÂé˜,1,15,2,2,2,0.16999999999999998,2,0,0,0,0,0,5,4,2,0,0.18236842105263157
3883,éRç™ëÂé˜,2,22,0,0,6,0.18727272727272729,0,0,0,0,0,0,0,0,0,7,0.18236842105263157
3883,éRç™ëÂé˜,3,19,0,0,0,0.16105263157894736,0,0,0,0,0,0,0,0,0,0,0.18236842105263157
3883,éRç™ëÂé˜,4,19,0,0,1,0.18421052631578946,0,0,0,0,0,0,0,0,0,0,0.18236842105263157
3883,éRç™ëÂé˜,5,23,0,1,4,0.19130434782608696,0,0,0,0,0,0,0,0,0,0,0.18236842105263157
3883,éRç™ëÂé˜,6,16,0,0,0,0.1975,0,0,0,0,0,0,0,0,0,0,0.18236842105263157
3885,ãvìcïê,1,43,23,11,5,0.15465116279069768,22,0,0,0,1,0,6,8,4,0,0.15613168724279836
3885,ãvìcïê,2,43,4,11,15,0.13953488372093023,1,2,1,0,0,0,0,0,0,24,0.15613168724279836
3885,ãvìcïê,3,45,7,10,12,0.15311111111111111,0,2,0,4,1,0,0,0,0,0,0.15613168724279836
3885,ãvìcïê,4,42,4,10,9,0.14119047619047617,0,2,0,2,0,0,0,0,0,0,0.15613168724279836
3885,ãvìcïê,5,36,0,5,11,0.16944444444444445,0,0,0,0,0,0,0,0,0,0,0.15613168724279836
3885,ãvìcïê,6,34,1,2,5,0.18735294117647058,0,1,0,0,0,0,0,0,0,0,0.15613168724279836
3888,éRñ{âpéu,1,51,27,14,4,0.1511764705882353,25,0,0,0,2,0,8,5,6,0,0.13920863309352519
3888,éRñ{âpéu,2,54,8,21,5,0.13,0,7,0,0,1,0,0,0,0,33,0.13920863309352519
3888,éRñ{âpéu,3,41,4,7,13,0.14268292682926828,0,0,4,0,0,0,0,0,0,0,0.13920863309352519
3888,éRñ{âpéu,4,40,3,10,7,0.14425000000000002,0,0,2,1,0,0,0,0,0,0,0.13920863309352519
3888,éRñ{âpéu,5,46,2,5,9,0.13456521739130436,0,0,0,2,0,0,0,0,0,0,0.13920863309352519
3888,éRñ{âpéu,6,46,1,3,8,0.13391304347826088,0,1,0,0,0,0,0,0,0,0,0.13920863309352519
3889,ê{ì°ó≤óY,1,22,11,4,2,0.14545454545454548,11,0,0,0,0,0,5,2,2,0,0.16459459459459458
3889,ê{ì°ó≤óY,2,27,4,6,4,0.18037037037037038,0,3,0,1,0,0,0,0,0,15,0.16459459459459458
3889,ê{ì°ó≤óY,3,28,2,3,3,0.17071428571428574,0,1,0,0,0,1,0,0,0,0,0.16459459459459458
3889,ê{ì°ó≤óY,4,23,3,5,2,0.14304347826086958,0,0,2,0,1,0,0,0,0,0,0.16459459459459458
3889,ê{ì°ó≤óY,5,26,0,4,1,0.17115384615384616,0,0,0,0,0,0,0,0,0,0,0.16459459459459458
3889,ê{ì°ó≤óY,6,22,0,3,3,0.17136363636363636,0,0,0,0,0,0,0,0,0,0,0.16459459459459458
3891,íJå˚åíàÍ,1,32,12,10,3,0.1584375,12,0,0,0,0,0,5,5,9,0,0.16772511848341232
3891,íJå˚åíàÍ,2,38,3,3,3,0.185,1,2,0,0,0,0,0,0,0,20,0.16772511848341232
3891,íJå˚åíàÍ,3,41,1,8,10,0.15682926829268293,0,0,1,0,0,0,0,0,0,0,0.16772511848341232
3891,íJå˚åíàÍ,4,34,2,1,2,0.15911764705882353,0,1,1,0,0,0,0,0,0,0,0.16772511848341232
3891,íJå˚åíàÍ,5,34,1,2,3,0.17794117647058824,0,0,1,0,0,0,0,0,0,0,0.16772511848341232
3891,íJå˚åíàÍ,6,32,0,1,3,0.16875,0,0,0,0,0,0,0,0,0,0,0.16772511848341232
3892,ëêèÍçNçK,1,27,11,9,4,0.14814814814814814,11,0,0,0,0,0,8,2,5,0,0.15862275449101798
3892,ëêèÍçNçK,2,34,5,11,8,0.1573529411764706,0,4,0,0,1,0,0,0,0,21,0.15862275449101798
3892,ëêèÍçNçK,3,29,5,5,8,0.1531034482758621,0,1,1,3,0,0,0,0,0,0,0.15862275449101798
3892,ëêèÍçNçK,4,25,1,3,7,0.16879999999999998,0,0,1,0,0,0,0,0,0,0,0.15862275449101798
3892,ëêèÍçNçK,5,23,1,3,4,0.14434782608695654,0,0,0,1,0,0,0,0,0,0,0.15862275449101798
3892,ëêèÍçNçK,6,29,0,2,4,0.17793103448275863,0,0,0,0,0,0,0,0,0,0,0.15862275449101798
3893,é¨çËê≥ë•,1,17,7,7,1,0.13058823529411767,7,0,0,0,0,0,1,2,5,0,0.1628846153846154
3893,é¨çËê≥ë•,2,19,1,6,1,0.17526315789473684,0,1,0,0,0,0,0,0,0,10,0.1628846153846154
3893,é¨çËê≥ë•,3,18,1,4,4,0.145,0,1,0,0,0,0,0,0,0,0,0.1628846153846154
3893,é¨çËê≥ë•,4,20,2,3,5,0.1655,0,1,0,1,0,0,0,0,0,0,0.1628846153846154
3893,é¨çËê≥ë•,5,15,0,5,2,0.17066666666666666,0,0,0,0,0,0,0,0,0,0,0.1628846153846154
3893,é¨çËê≥ë•,6,15,0,2,4,0.194,0,0,0,0,0,0,0,0,0,0,0.1628846153846154
3895,ñxñ{óTñÁ,1,19,6,2,3,0.17526315789473684,6,0,0,0,0,0,3,6,1,0,0.17443548387096774
3895,ñxñ{óTñÁ,2,23,1,3,3,0.16347826086956524,0,0,1,0,0,0,0,0,0,17,0.17443548387096774
3895,ñxñ{óTñÁ,3,26,0,4,2,0.17961538461538462,0,0,0,0,0,0,0,0,0,0,0.17443548387096774
3895,ñxñ{óTñÁ,4,19,0,2,4,0.1763157894736842,0,0,0,0,0,0,0,0,0,0,0.17443548387096774
3895,ñxñ{óTñÁ,5,22,1,1,1,0.17272727272727273,0,0,0,1,0,0,0,0,0,0,0.17443548387096774
3895,ñxñ{óTñÁ,6,15,0,0,2,0.18133333333333335,0,0,0,0,0,0,0,0,0,0,0.17443548387096774
3896,è„ìcómïΩ,1,35,19,6,4,0.154,18,0,0,0,1,0,7,7,1,0,0.1685148514851485
3896,è„ìcómïΩ,2,29,7,7,3,0.17448275862068968,0,5,1,0,1,0,0,0,0,13,0.1685148514851485
3896,è„ìcómïΩ,3,36,1,5,6,0.15777777777777777,0,0,1,0,0,0,0,0,0,0,0.1685148514851485
3896,è„ìcómïΩ,4,35,4,5,9,0.15628571428571428,0,1,0,2,1,0,0,0,0,0,0.1685148514851485
3896,è„ìcómïΩ,5,32,0,3,11,0.16375,0,0,0,0,0,0,0,0,0,0,0.1685148514851485
3896,è„ìcómïΩ,6,35,1,2,5,0.2057142857142857,0,1,0,0,0,0,0,0,0,0,0.1685148514851485
3897,îíà‰âpé°,1,52,39,10,2,0.13826923076923078,38,0,0,0,1,0,5,2,6,0,0.1373568281938326
3897,îíà‰âpé°,2,32,4,13,7,0.13468750000000002,0,3,0,0,1,0,0,0,0,16,0.1373568281938326
3897,îíà‰âpé°,3,34,2,11,11,0.13058823529411767,0,0,1,1,0,0,0,0,0,0,0.1373568281938326
3897,îíà‰âpé°,4,36,7,9,4,0.12583333333333335,0,0,2,3,2,0,0,0,0,0,0.1373568281938326
3897,îíà‰âpé°,5,33,6,4,9,0.14666666666666667,0,1,2,2,1,0,0,0,0,0,0.1373568281938326
3897,îíà‰âpé°,6,40,5,4,10,0.14675,0,2,1,0,2,0,0,0,0,0,0.1373568281938326
3898,ïΩìcíâë•,1,63,46,10,2,0.12968253968253968,45,0,0,0,1,0,4,6,6,0,0.1392248062015504
3898,ïΩìcíâë•,2,41,8,13,7,0.1431707317073171,0,7,1,0,0,0,0,0,0,21,0.1392248062015504
3898,ïΩìcíâë•,3,39,7,14,10,0.12923076923076923,0,3,2,1,1,0,0,0,0,0,0.1392248062015504
3898,ïΩìcíâë•,4,38,10,12,11,0.1307894736842105,0,1,6,2,1,0,0,0,0,0,0.1392248062015504
3898,ïΩìcíâë•,5,41,5,9,10,0.1526829268292683,0,0,2,2,1,0,0,0,0,0,0.1392248062015504
3898,ïΩìcíâë•,6,36,3,2,13,0.15583333333333335,0,0,1,1,1,0,0,0,0,0,0.1392248062015504
3900,çÅêÏëféq,1,51,38,5,1,0.16686274509803922,34,0,0,0,4,0,3,5,4,0,0.16683794466403162
3900,çÅêÏëféq,2,43,4,11,11,0.1730232558139535,0,3,1,0,0,0,0,0,0,23,0.16683794466403162
3900,çÅêÏëféq,3,42,4,9,12,0.1757142857142857,0,0,3,0,0,1,0,0,0,0,0.16683794466403162
3900,çÅêÏëféq,4,38,3,7,9,0.15184210526315792,0,1,1,1,0,0,0,0,0,0,0.16683794466403162
3900,çÅêÏëféq,5,40,2,8,12,0.1545,0,1,0,1,0,0,0,0,0,0,0.16683794466403162
3900,çÅêÏëféq,6,39,1,4,12,0.17769230769230768,0,0,0,1,0,0,0,0,0,0,0.16683794466403162
3901,èºìcåõçK,1,37,21,9,2,0.1818918918918919,21,0,0,0,0,0,6,1,7,0,0.19570833333333332
3901,èºìcåõçK,2,45,2,8,11,0.20199999999999999,0,2,0,0,0,0,0,0,0,24,0.19570833333333332
3901,èºìcåõçK,3,46,3,10,7,0.1910869565217391,0,0,2,1,0,0,0,0,0,0,0.19570833333333332
3901,èºìcåõçK,4,36,2,2,7,0.20583333333333334,0,0,1,1,0,0,0,0,0,0,0.19570833333333332
3901,èºìcåõçK,5,40,2,6,10,0.17124999999999999,0,0,1,1,0,0,0,0,0,0,0.19570833333333332
3901,èºìcåõçK,6,36,1,2,6,0.22499999999999998,0,1,0,0,0,0,0,0,0,0,0.19570833333333332
3902,ÂêêÏìNïΩ,1,15,12,2,1,0.164,12,0,0,0,0,0,1,1,0,0,0.1846067415730337
3902,ÂêêÏìNïΩ,2,17,4,4,4,0.15117647058823527,0,3,1,0,0,0,0,0,0,7,0.1846067415730337
3902,ÂêêÏìNïΩ,3,15,1,4,4,0.1753333333333333,0,0,1,0,0,0,0,0,0,0,0.1846067415730337
3902,ÂêêÏìNïΩ,4,14,0,2,3,0.21642857142857141,0,0,0,0,0,0,0,0,0,0,0.1846067415730337
3902,ÂêêÏìNïΩ,5,13,1,1,5,0.2053846153846154,0,0,0,1,0,0,0,0,0,0,0.1846067415730337
3902,ÂêêÏìNïΩ,6,15,0,1,5,0.2046666666666667,0,0,0,0,0,0,0,0,0,0,0.1846067415730337
3903,îíêŒåí,6,1,0,1,0,0.17,0,0,0,0,0,0,0,0,0,0,0.17
3904,êXãMóm,1,50,30,11,4,0.1464,28,0,0,0,2,0,4,9,5,0,0.164812030075188
3904,êXãMóm,2,50,5,19,12,0.17,0,3,0,0,2,0,0,0,0,26,0.164812030075188
3904,êXãMóm,3,44,5,14,13,0.15363636363636363,0,0,2,3,0,0,0,0,0,0,0.164812030075188
3904,êXãMóm,4,41,4,10,8,0.17634146341463416,0,1,1,2,0,0,0,0,0,0,0.164812030075188
3904,êXãMóm,5,39,1,6,7,0.1723076923076923,0,0,0,1,0,0,0,0,0,0,0.164812030075188
3904,êXãMóm,6,42,0,5,7,0.17404761904761906,0,0,0,0,0,0,0,0,0,0,0.164812030075188
3905,ìVñÏóFòa,1,50,28,15,5,0.168,27,0,0,0,1,0,6,5,9,0,0.15652509652509652
3905,ìVñÏóFòa,2,43,4,11,17,0.1558139534883721,1,1,1,0,1,0,0,0,0,30,0.15652509652509652
3905,ìVñÏóFòa,3,48,7,12,9,0.14520833333333336,0,1,5,0,1,0,0,0,0,0,0.15652509652509652
3905,ìVñÏóFòa,4,41,6,7,18,0.1546341463414634,0,0,5,0,0,1,0,0,0,0,0.15652509652509652
3905,ìVñÏóFòa,5,37,5,6,11,0.1345945945945946,0,0,2,2,1,0,0,0,0,0,0.15652509652509652
3905,ìVñÏóFòa,6,40,0,4,8,0.17875000000000002,0,0,0,0,0,0,0,0,0,0,0.15652509652509652
3906,î—éRçWéO,1,28,9,6,7,0.15642857142857142,9,0,0,0,0,0,6,6,5,0,0.1953233830845771
3906,î—éRçWéO,2,33,3,3,4,0.1887878787878788,0,1,2,0,0,0,0,0,0,17,0.1953233830845771
3906,î—éRçWéO,3,45,4,12,7,0.182,0,0,3,1,0,0,0,0,0,0,0.1953233830845771
3906,î—éRçWéO,4,33,0,4,4,0.22727272727272727,0,0,0,0,0,0,0,0,0,0,0.1953233830845771
3906,î—éRçWéO,5,37,1,2,5,0.1981081081081081,0,0,0,1,0,0,0,0,0,0,0.1953233830845771
3906,î—éRçWéO,6,25,0,0,3,0.22519999999999998,0,0,0,0,0,0,0,0,0,0,0.1953233830845771
3907,ë∫âzìƒ,1,46,33,8,1,0.15869565217391304,32,0,0,0,1,0,5,5,3,0,0.16666666666666666
3907,ë∫âzìƒ,2,45,6,16,5,0.16533333333333333,0,6,0,0,0,0,0,0,0,26,0.16666666666666666
3907,ë∫âzìƒ,3,41,5,9,11,0.16,0,1,0,2,2,0,0,0,0,0,0.16666666666666666
3907,ë∫âzìƒ,4,35,8,3,8,0.162,0,2,2,4,0,0,0,0,0,0,0.16666666666666666
3907,ë∫âzìƒ,5,48,4,2,8,0.17145833333333335,0,1,0,3,0,0,0,0,0,0,0.16666666666666666
3907,ë∫âzìƒ,6,37,2,1,10,0.18378378378378377,0,1,0,1,0,0,0,0,0,0,0.16666666666666666
3908,èdê¨àÍêl,1,49,32,9,4,0.13612244897959183,29,0,0,0,3,0,6,4,7,0,0.1424313725490196
3908,èdê¨àÍêl,2,38,4,11,9,0.13473684210526315,0,4,0,0,0,0,0,0,0,18,0.1424313725490196
3908,èdê¨àÍêl,3,47,7,13,9,0.13042553191489362,0,1,2,2,2,0,0,0,0,0,0.1424313725490196
3908,èdê¨àÍêl,4,40,6,6,13,0.142,0,1,1,3,1,0,0,0,0,0,0.1424313725490196
3908,èdê¨àÍêl,5,38,3,11,10,0.1413157894736842,0,0,0,1,2,0,0,0,0,0,0.1424313725490196
3908,èdê¨àÍêl,6,43,3,8,7,0.17093023255813955,0,0,0,2,1,0,0,0,0,0,0.1424313725490196
3909,ç≤ÅXñÿçNçK,1,66,52,12,1,0.0996969696969697,52,0,0,0,0,0,4,5,5,0,0.11467857142857142
3909,ç≤ÅXñÿçNçK,2,42,6,15,7,0.115,0,2,3,0,1,0,0,0,0,22,0.11467857142857142
3909,ç≤ÅXñÿçNçK,3,47,8,11,13,0.11617021276595745,0,1,4,3,0,0,0,0,0,0,0.11467857142857142
3909,ç≤ÅXñÿçNçK,4,40,11,12,7,0.11750000000000001,0,4,4,3,0,0,0,0,0,0,0.11467857142857142
3909,ç≤ÅXñÿçNçK,5,42,6,8,6,0.11928571428571429,0,0,0,6,0,0,0,0,0,0,0.11467857142857142
3909,ç≤ÅXñÿçNçK,6,43,5,11,6,0.1286046511627907,0,1,0,4,0,0,0,0,0,0,0.11467857142857142
3910,èºâ∫ímçK,1,32,11,9,3,0.1571875,11,0,0,0,0,0,6,8,4,0,0.16021097046413502
3910,èºâ∫ímçK,2,48,3,11,15,0.14041666666666666,0,2,1,0,0,0,0,0,0,30,0.16021097046413502
3910,èºâ∫ímçK,3,43,5,6,9,0.14511627906976746,0,1,2,1,1,0,0,0,0,0,0.16021097046413502
3910,èºâ∫ímçK,4,40,1,4,8,0.16375,0,1,0,0,0,0,0,0,0,0,0.16021097046413502
3910,èºâ∫ímçK,5,43,2,2,9,0.18558139534883722,0,0,0,2,0,0,0,0,0,0,0.16021097046413502
3910,èºâ∫ímçK,6,31,1,0,2,0.17516129032258063,0,0,0,1,0,0,0,0,0,0,0.16021097046413502
3911,óÈñÿñ“,1,35,14,10,1,0.17285714285714285,13,0,0,0,1,0,8,7,5,0,0.17084
3911,óÈñÿñ“,2,47,8,10,7,0.17319148936170214,0,7,0,0,0,1,0,0,0,23,0.17084
3911,óÈñÿñ“,3,46,1,8,10,0.1656521739130435,0,1,0,0,0,0,0,0,0,0,0.17084
3911,óÈñÿñ“,4,37,4,4,8,0.17351351351351352,0,1,3,0,0,0,0,0,0,0,0.17084
3911,óÈñÿñ“,5,50,3,3,7,0.17800000000000002,0,0,1,2,0,0,0,0,0,0,0.17084
3911,óÈñÿñ“,6,35,1,1,6,0.15942857142857142,0,0,0,1,0,0,0,0,0,0,0.17084
3912,êÏå¥ê≥ñæ,1,40,23,6,5,0.13925,22,0,0,0,1,0,4,5,5,0,0.14077235772357724
3912,êÏå¥ê≥ñæ,2,44,10,12,8,0.11795454545454546,0,1,9,0,0,0,0,0,0,25,0.14077235772357724
3912,êÏå¥ê≥ñæ,3,41,11,9,6,0.1326829268292683,0,2,8,1,0,0,0,0,0,0,0.14077235772357724
3912,êÏå¥ê≥ñæ,4,37,6,5,5,0.14189189189189189,0,0,4,1,0,1,0,0,0,0,0.14077235772357724
3912,êÏå¥ê≥ñæ,5,47,4,7,2,0.1372340425531915,0,1,2,0,1,0,0,0,0,0,0.14077235772357724
3912,êÏå¥ê≥ñæ,6,37,0,4,6,0.1818918918918919,0,0,0,0,0,0,0,0,0,0,0.14077235772357724
3915,î…ñÏíJå\âÓ,1,52,31,7,2,0.17923076923076925,28,0,0,0,3,0,3,13,4,0,0.17740458015267177
3915,î…ñÏíJå\âÓ,2,43,10,8,6,0.19604651162790698,1,5,2,1,1,0,0,0,0,23,0.17740458015267177
3915,î…ñÏíJå\âÓ,3,50,7,13,7,0.17739999999999997,0,2,0,2,3,0,0,0,0,0,0.17740458015267177
3915,î…ñÏíJå\âÓ,4,47,6,20,6,0.1723404255319149,0,4,0,1,1,0,0,0,0,0,0.17740458015267177
3915,î…ñÏíJå\âÓ,5,32,1,6,7,0.1578125,0,0,0,1,0,0,0,0,0,0,0.17740458015267177
3915,î…ñÏíJå\âÓ,6,38,1,5,6,0.17657894736842106,0,0,0,0,1,0,0,0,0,0,0.17740458015267177
3918,ê[à‰óòéı,1,60,38,15,1,0.13683333333333333,37,0,0,0,1,0,5,5,8,0,0.15718978102189782
3918,ê[à‰óòéı,2,41,9,9,10,0.15926829268292683,0,6,2,0,1,0,0,0,0,22,0.15718978102189782
3918,ê[à‰óòéı,3,45,9,13,5,0.15888888888888889,0,0,3,5,1,0,0,0,0,0,0.15718978102189782
3918,ê[à‰óòéı,4,45,7,7,13,0.15555555555555556,0,3,3,1,0,0,0,0,0,0,0.15718978102189782
3918,ê[à‰óòéı,5,41,4,6,10,0.16170731707317074,0,0,0,3,1,0,0,0,0,0,0.15718978102189782
3918,ê[à‰óòéı,6,42,2,9,8,0.17976190476190476,0,0,0,2,0,0,0,0,0,0,0.15718978102189782
3919,ë∫è„èÉ,1,3,0,0,0,0.21,0,0,0,0,0,0,0,2,1,0,0.19037037037037038
3919,ë∫è„èÉ,2,7,0,2,2,0.19714285714285715,0,0,0,0,0,0,0,0,0,4,0.19037037037037038
3919,ë∫è„èÉ,3,7,1,0,1,0.1542857142857143,0,0,0,1,0,0,0,0,0,0,0.19037037037037038
3919,ë∫è„èÉ,4,4,0,0,0,0.1925,0,0,0,0,0,0,0,0,0,0,0.19037037037037038
3919,ë∫è„èÉ,5,3,0,0,0,0.25,0,0,0,0,0,0,0,0,0,0,0.19037037037037038
3919,ë∫è„èÉ,6,3,0,0,1,0.17666666666666667,0,0,0,0,0,0,0,0,0,0,0.19037037037037038
3920,ê≥ñÿêπå´,1,27,11,6,4,0.15888888888888889,11,0,0,0,0,0,1,9,4,0,0.15641666666666668
3920,ê≥ñÿêπå´,2,17,3,3,6,0.15176470588235294,0,3,0,0,0,0,0,0,0,9,0.15641666666666668
3920,ê≥ñÿêπå´,3,21,1,3,4,0.1523809523809524,0,0,0,1,0,0,0,0,0,0,0.15641666666666668
3920,ê≥ñÿêπå´,4,23,3,7,1,0.14478260869565218,0,0,3,0,0,0,0,0,0,0,0.15641666666666668
3920,ê≥ñÿêπå´,5,13,0,3,1,0.19,0,0,0,0,0,0,0,0,0,0,0.15641666666666668
3920,ê≥ñÿêπå´,6,19,4,1,2,0.15263157894736842,0,2,1,0,1,0,0,0,0,0,0.15641666666666668
3921,êÏë∫ê≥ãP,1,35,16,8,5,0.164,15,0,0,0,1,0,7,9,0,0,0.16873831775700934
3921,êÏë∫ê≥ãP,2,36,8,10,5,0.17,0,5,1,0,2,0,0,0,0,14,0.16873831775700934
3921,êÏë∫ê≥ãP,3,34,4,9,6,0.15,0,0,0,3,1,0,0,0,0,0,0.16873831775700934
3921,êÏë∫ê≥ãP,4,43,4,9,8,0.17,0,2,2,0,0,0,0,0,0,0,0.16873831775700934
3921,êÏë∫ê≥ãP,5,31,2,1,7,0.16548387096774192,0,1,1,0,0,0,0,0,0,0,0.16873831775700934
3921,êÏë∫ê≥ãP,6,35,0,1,4,0.19171428571428573,0,0,0,0,0,0,0,0,0,0,0.16873831775700934
3922,êõè¿â¿è∫,1,33,12,8,7,0.16454545454545455,12,0,0,0,0,0,11,3,6,0,0.178875
3922,êõè¿â¿è∫,2,45,0,6,8,0.1802222222222222,0,0,0,0,0,0,0,0,0,27,0.178875
3922,êõè¿â¿è∫,3,46,2,6,6,0.1741304347826087,0,0,0,2,0,0,0,0,0,0,0.178875
3922,êõè¿â¿è∫,4,44,3,0,6,0.17704545454545453,0,0,2,1,0,0,0,0,0,0,0.178875
3922,êõè¿â¿è∫,5,40,1,2,4,0.18075000000000002,0,0,0,1,0,0,0,0,0,0,0.178875
3922,êõè¿â¿è∫,6,32,0,2,0,0.19875,0,0,0,0,0,0,0,0,0,0,0.178875
3928,ó—åbóS,1,30,15,5,3,0.14100000000000001,15,0,0,0,0,0,7,6,2,0,0.16472477064220184
3928,ó—åbóS,2,41,3,6,6,0.16682926829268294,0,1,2,0,0,0,0,0,0,21,0.16472477064220184
3928,ó—åbóS,3,47,5,11,6,0.15723404255319148,0,2,2,0,1,0,0,0,0,0,0.16472477064220184
3928,ó—åbóS,4,34,1,1,7,0.17500000000000002,0,0,0,1,0,0,0,0,0,0,0.16472477064220184
3928,ó—åbóS,5,35,0,0,3,0.17057142857142857,0,0,0,0,0,0,0,0,0,0,0.16472477064220184
3928,ó—åbóS,6,31,1,0,2,0.17838709677419357,0,0,1,0,0,0,0,0,0,0,0.16472477064220184
3929,ñ€ñÏêæó«,1,36,19,10,2,0.13194444444444445,18,0,0,0,1,0,4,5,3,0,0.14540650406504066
3929,ñ€ñÏêæó«,2,44,5,12,9,0.15727272727272726,0,2,2,0,1,0,0,0,0,23,0.14540650406504066
3929,ñ€ñÏêæó«,3,43,3,10,5,0.13744186046511628,0,0,0,2,1,0,0,0,0,0,0.14540650406504066
3929,ñ€ñÏêæó«,4,44,3,2,12,0.15545454545454546,0,1,2,0,0,0,0,0,0,0,0.14540650406504066
3929,ñ€ñÏêæó«,5,43,0,6,10,0.1516279069767442,0,0,0,0,0,0,0,0,0,0,0.14540650406504066
3929,ñ€ñÏêæó«,6,36,3,4,8,0.13416666666666666,0,0,2,1,0,0,0,0,0,0,0.14540650406504066
3930,ä›ñ{ó≤,1,31,20,5,1,0.12064516129032259,19,0,0,0,1,0,2,3,5,0,0.1560591133004926
3930,ä›ñ{ó≤,2,34,3,12,5,0.18176470588235294,0,2,1,0,0,0,0,0,0,21,0.1560591133004926
3930,ä›ñ{ó≤,3,38,2,7,9,0.1455263157894737,0,0,0,1,0,1,0,0,0,0,0.1560591133004926
3930,ä›ñ{ó≤,4,33,8,3,2,0.14333333333333334,0,2,5,1,0,0,0,0,0,0,0.1560591133004926
3930,ä›ñ{ó≤,5,35,4,5,5,0.16914285714285715,0,1,0,3,0,0,0,0,0,0,0.1560591133004926
3930,ä›ñ{ó≤,6,32,1,1,1,0.174375,0,0,0,1,0,0,0,0,0,0,0.1560591133004926
3931,çïçËó≥ñÁ,1,28,20,5,2,0.12285714285714286,18,0,0,0,2,0,2,1,5,0,0.15247058823529414
3931,çïçËó≥ñÁ,2,27,5,9,5,0.15851851851851853,0,2,2,1,0,0,0,0,0,10,0.15247058823529414
3931,çïçËó≥ñÁ,3,23,3,7,5,0.13130434782608696,0,1,1,1,0,0,0,0,0,0,0.15247058823529414
3931,çïçËó≥ñÁ,4,25,3,2,6,0.14120000000000002,0,1,1,1,0,0,0,0,0,0,0.15247058823529414
3931,çïçËó≥ñÁ,5,24,2,3,5,0.18000000000000002,0,0,1,0,1,0,0,0,0,0,0.15247058823529414
3931,çïçËó≥ñÁ,6,43,0,4,5,0.17046511627906977,0,0,0,0,0,0,0,0,0,0,0.15247058823529414
3932,írìcç_î¸,1,24,9,7,2,0.17666666666666667,8,0,0,0,1,0,6,4,5,0,0.17987179487179486
3932,írìcç_î¸,2,30,12,5,5,0.15933333333333335,0,2,9,0,1,0,0,0,0,9,0.17987179487179486
3932,írìcç_î¸,3,29,4,8,2,0.16482758620689655,0,0,3,1,0,0,0,0,0,0,0.17987179487179486
3932,írìcç_î¸,4,31,3,2,4,0.18774193548387097,0,1,1,0,1,0,0,0,0,0,0.17987179487179486
3932,írìcç_î¸,5,25,2,5,3,0.182,0,0,1,0,1,0,0,0,0,0,0.17987179487179486
3932,írìcç_î¸,6,17,0,1,1,0.2288235294117647,0,0,0,0,0,0,0,0,0,0,0.17987179487179486
3933,éRínê≥é˜,1,37,6,10,8,0.18972972972972973,3,0,0,0,3,0,7,10,11,0,0.1710619469026549
3933,éRínê≥é˜,2,37,3,4,8,0.1718918918918919,0,2,0,0,1,0,0,0,0,12,0.1710619469026549
3933,éRínê≥é˜,3,44,0,11,7,0.1565909090909091,0,0,0,0,0,0,0,0,0,0,0.1710619469026549
3933,éRínê≥é˜,4,40,4,6,7,0.17925,0,1,1,2,0,0,0,0,0,0,0.1710619469026549
3933,éRínê≥é˜,5,34,2,8,4,0.1638235294117647,0,2,0,0,0,0,0,0,0,0,0.1710619469026549
3933,éRínê≥é˜,6,34,0,7,4,0.16617647058823531,0,0,0,0,0,0,0,0,0,0,0.1710619469026549
3934,èõïøãMèr,1,43,19,8,8,0.15325581395348836,14,0,0,0,5,0,12,8,3,0,0.14984126984126983
3934,èõïøãMèr,2,42,5,12,3,0.15452380952380954,0,5,0,0,0,0,0,0,0,14,0.14984126984126983
3934,èõïøãMèr,3,43,2,6,8,0.14162790697674418,0,1,0,1,0,0,0,0,0,0,0.14984126984126983
3934,èõïøãMèr,4,54,4,8,22,0.1385185185185185,0,0,3,1,0,0,0,0,0,0,0.14984126984126983
3934,èõïøãMèr,5,35,0,6,7,0.14285714285714285,0,0,0,0,0,0,0,0,0,0,0.14984126984126983
3934,èõïøãMèr,6,35,0,2,5,0.17457142857142857,0,0,0,0,0,0,0,0,0,0,0.14984126984126983
3935,ä‚í√ìOòY,1,24,5,8,3,0.15875,5,0,0,0,0,0,7,5,4,0,0.17025806451612904
3935,ä‚í√ìOòY,2,26,5,7,7,0.15461538461538463,0,5,0,0,0,0,0,0,0,17,0.17025806451612904
3935,ä‚í√ìOòY,3,25,3,1,4,0.16519999999999999,0,1,2,0,0,0,0,0,0,0,0.17025806451612904
3935,ä‚í√ìOòY,4,27,2,3,7,0.1537037037037037,0,0,0,2,0,0,0,0,0,0,0.17025806451612904
3935,ä‚í√ìOòY,5,25,1,0,8,0.1936,0,0,0,1,0,0,0,0,0,0,0.17025806451612904
3935,ä‚í√ìOòY,6,28,0,2,5,0.1942857142857143,0,0,0,0,0,0,0,0,0,0,0.17025806451612904
3939,ìnï”ê^éä,1,46,27,15,0,0.13086956521739132,26,0,0,0,0,1,6,5,7,0,0.1512962962962963
3939,ìnï”ê^éä,2,34,3,8,15,0.17323529411764704,0,2,0,0,1,0,0,0,0,22,0.1512962962962963
3939,ìnï”ê^éä,3,33,1,5,12,0.13484848484848486,0,0,0,1,0,0,0,0,0,0,0.1512962962962963
3939,ìnï”ê^éä,4,32,3,6,13,0.156875,0,1,2,0,0,0,0,0,0,0,0.1512962962962963
3939,ìnï”ê^éä,5,31,1,9,9,0.14548387096774193,0,1,0,0,0,0,0,0,0,0,0.1512962962962963
3939,ìnï”ê^éä,6,40,1,6,9,0.16975,0,1,0,0,0,0,0,0,0,0,0.1512962962962963
3940,î—éRë◊,1,58,38,9,7,0.13448275862068965,38,0,0,0,0,0,5,4,9,0,0.14646840148698884
3940,î—éRë◊,2,40,9,10,9,0.14550000000000002,0,5,4,0,0,0,0,0,0,19,0.14646840148698884
3940,î—éRë◊,3,48,9,10,8,0.139375,0,1,4,3,1,0,0,0,0,0,0.14646840148698884
3940,î—éRë◊,4,50,5,8,11,0.1418,0,2,3,0,0,0,0,0,0,0,0.14646840148698884
3940,î—éRë◊,5,36,3,6,10,0.15666666666666665,0,0,3,0,0,0,0,0,0,0,0.14646840148698884
3940,î—éRë◊,6,37,3,7,1,0.1718918918918919,0,0,2,1,0,0,0,0,0,0,0.14646840148698884
3941,írìcç_ìÒ,1,53,42,7,1,0.12452830188679245,41,0,0,0,1,0,3,5,3,0,0.12053497942386832
3941,írìcç_ìÒ,2,35,9,20,2,0.11600000000000002,0,9,0,0,0,0,0,0,0,21,0.12053497942386832
3941,írìcç_ìÒ,3,42,6,21,9,0.10785714285714286,0,1,2,2,1,0,0,0,0,0,0.12053497942386832
3941,írìcç_ìÒ,4,41,10,12,9,0.12390243902439024,0,4,0,5,1,0,0,0,0,0,0.12053497942386832
3941,írìcç_ìÒ,5,37,6,4,10,0.12972972972972974,0,0,0,3,2,1,0,0,0,0,0.12053497942386832
3941,írìcç_ìÒ,6,35,3,4,11,0.12057142857142857,0,2,0,0,0,1,0,0,0,0,0.12053497942386832
3942,éõìcèÀ,1,50,36,5,4,0.1572,35,0,0,0,1,0,5,4,3,0,0.14904166666666668
3942,éõìcèÀ,2,41,7,12,5,0.16219512195121952,0,7,0,0,0,0,0,0,0,23,0.14904166666666668
3942,éõìcèÀ,3,37,7,10,7,0.1391891891891892,0,0,3,2,2,0,0,0,0,0,0.14904166666666668
3942,éõìcèÀ,4,39,4,10,11,0.1305128205128205,1,0,1,2,0,0,0,0,0,0,0.14904166666666668
3942,éõìcèÀ,5,36,4,6,9,0.1461111111111111,0,0,2,2,0,0,0,0,0,0,0.14904166666666668
3942,éõìcèÀ,6,37,1,3,6,0.15567567567567567,0,0,1,0,0,0,0,0,0,0,0.14904166666666668
3943,éOèºíºî¸,1,11,4,1,1,0.11454545454545455,4,0,0,0,0,0,2,3,1,0,0.15174603174603177
3943,éOèºíºî¸,2,14,1,2,0,0.195,0,0,0,0,1,0,0,0,0,8,0.15174603174603177
3943,éOèºíºî¸,3,14,0,1,1,0.12357142857142857,0,0,0,0,0,0,0,0,0,0,0.15174603174603177
3943,éOèºíºî¸,4,9,0,2,0,0.11888888888888889,0,0,0,0,0,0,0,0,0,0,0.15174603174603177
3943,éOèºíºî¸,5,7,0,0,1,0.17285714285714285,0,0,0,0,0,0,0,0,0,0,0.15174603174603177
3943,éOèºíºî¸,6,8,0,0,0,0.195,0,0,0,0,0,0,0,0,0,0,0.15174603174603177
3944,éRå˚óTìÒ,1,50,36,10,3,0.1548,33,0,0,0,3,0,4,6,3,0,0.15975999999999999
3944,éRå˚óTìÒ,2,37,7,12,9,0.15783783783783784,0,4,2,0,1,0,0,0,0,17,0.15975999999999999
3944,éRå˚óTìÒ,3,47,8,8,13,0.13851063829787233,0,1,0,6,1,0,0,0,0,0,0.15975999999999999
3944,éRå˚óTìÒ,4,45,6,10,10,0.13955555555555557,0,1,2,3,0,0,0,0,0,0,0.15975999999999999
3944,éRå˚óTìÒ,5,32,1,5,5,0.1665625,0,0,0,1,0,0,0,0,0,0,0.15975999999999999
3944,éRå˚óTìÒ,6,39,0,1,8,0.2112820512820513,0,0,0,0,0,0,0,0,0,0,0.15975999999999999
3945,ã¥å˚ê^é˜,1,29,11,4,5,0.18793103448275864,11,0,0,0,0,0,7,6,4,0,0.1900943396226415
3945,ã¥å˚ê^é˜,2,38,3,9,8,0.19789473684210526,0,2,1,0,0,0,0,0,0,15,0.1900943396226415
3945,ã¥å˚ê^é˜,3,39,2,8,4,0.18435897435897436,0,0,0,2,0,0,0,0,0,0,0.1900943396226415
3945,ã¥å˚ê^é˜,4,33,4,6,4,0.15636363636363637,0,0,4,0,0,0,0,0,0,0,0.1900943396226415
3945,ã¥å˚ê^é˜,5,41,3,3,4,0.2002439024390244,0,0,2,1,0,0,0,0,0,0,0.1900943396226415
3945,ã¥å˚ê^é˜,6,32,0,1,9,0.2115625,0,0,0,0,0,0,0,0,0,0,0.1900943396226415
3946,ê‘ä‚ëPê∂,1,68,42,15,5,0.11338235294117648,39,0,0,0,3,0,9,10,5,0,0.146840490797546
3946,ê‘ä‚ëPê∂,2,48,8,11,10,0.1525,1,5,1,0,0,1,0,0,0,29,0.146840490797546
3946,ê‘ä‚ëPê∂,3,59,9,12,11,0.1571186440677966,0,4,2,1,1,1,0,0,0,0,0.146840490797546
3946,ê‘ä‚ëPê∂,4,56,9,17,9,0.1494642857142857,0,3,3,3,0,0,0,0,0,0,0.146840490797546
3946,ê‘ä‚ëPê∂,5,48,10,16,4,0.15041666666666667,0,6,2,1,0,1,0,0,0,0,0.146840490797546
3946,ê‘ä‚ëPê∂,6,47,4,16,12,0.1697872340425532,0,0,2,1,0,1,0,0,0,0,0.146840490797546
3947,éõñ{è∏ïΩ,1,22,7,5,3,0.1509090909090909,7,0,0,0,0,0,7,5,2,0,0.17007407407407407
3947,éõñ{è∏ïΩ,2,25,3,4,4,0.1704,2,1,0,0,0,0,0,0,0,13,0.17007407407407407
3947,éõñ{è∏ïΩ,3,23,2,2,4,0.16869565217391305,0,0,1,1,0,0,0,0,0,0,0.17007407407407407
3947,éõñ{è∏ïΩ,4,25,0,4,7,0.1672,0,0,0,0,0,0,0,0,0,0,0.17007407407407407
3947,éõñ{è∏ïΩ,5,21,1,1,3,0.1661904761904762,0,0,0,1,0,0,0,0,0,0,0.17007407407407407
3947,éõñ{è∏ïΩ,6,19,0,3,4,0.20157894736842105,0,0,0,0,0,0,0,0,0,0,0.17007407407407407
3948,ëÂí¨óòçé,1,31,9,7,3,0.18516129032258066,9,0,0,0,0,0,6,8,8,0,0.19901345291479822
3948,ëÂí¨óòçé,2,41,1,9,10,0.20097560975609757,0,1,0,0,0,0,0,0,0,20,0.19901345291479822
3948,ëÂí¨óòçé,3,40,4,5,7,0.18625,0,0,2,0,2,0,0,0,0,0,0.19901345291479822
3948,ëÂí¨óòçé,4,34,0,5,4,0.2211764705882353,0,0,0,0,0,0,0,0,0,0,0.19901345291479822
3948,ëÂí¨óòçé,5,39,1,3,5,0.18615384615384614,0,0,0,1,0,0,0,0,0,0,0.19901345291479822
3948,ëÂí¨óòçé,6,38,0,1,5,0.215,0,0,0,0,0,0,0,0,0,0,0.19901345291479822
3949,ç°èoêWìÒ,1,22,3,7,5,0.13681818181818184,3,0,0,0,0,0,7,8,3,0,0.15448979591836734
3949,ç°èoêWìÒ,2,29,3,5,6,0.15551724137931033,0,3,0,0,0,0,0,0,0,14,0.15448979591836734
3949,ç°èoêWìÒ,3,26,2,2,5,0.1423076923076923,0,1,1,0,0,0,0,0,0,0,0.15448979591836734
3949,ç°èoêWìÒ,4,23,1,2,2,0.1482608695652174,0,1,0,0,0,0,0,0,0,0,0.15448979591836734
3949,ç°èoêWìÒ,5,25,1,1,4,0.1716,0,0,0,1,0,0,0,0,0,0,0.15448979591836734
3949,ç°èoêWìÒ,6,22,0,1,3,0.17227272727272727,0,0,0,0,0,0,0,0,0,0,0.15448979591836734
3950,êŒêÏìNèG,1,14,3,4,2,0.15857142857142859,2,0,0,0,1,0,3,1,6,0,0.1621153846153846
3950,êŒêÏìNèG,2,21,2,6,2,0.1604761904761905,0,2,0,0,0,0,0,0,0,13,0.1621153846153846
3950,êŒêÏìNèG,3,19,0,2,6,0.16473684210526315,0,0,0,0,0,0,0,0,0,0,0.1621153846153846
3950,êŒêÏìNèG,4,20,0,0,4,0.1665,0,0,0,0,0,0,0,0,0,0,0.1621153846153846
3950,êŒêÏìNèG,5,15,1,2,1,0.14400000000000002,0,0,0,1,0,0,0,0,0,0,0.1621153846153846
3950,êŒêÏìNèG,6,15,0,0,1,0.17666666666666667,0,0,0,0,0,0,0,0,0,0,0.1621153846153846
3951,êŒêÏãgËM,1,49,27,11,8,0.15897959183673468,26,0,0,0,1,0,6,7,9,0,0.17184615384615384
3951,êŒêÏãgËM,2,46,4,16,9,0.16782608695652174,0,1,2,0,0,1,0,0,0,27,0.17184615384615384
3951,êŒêÏãgËM,3,44,6,8,10,0.17772727272727273,0,1,2,3,0,0,0,0,0,0,0.17184615384615384
3951,êŒêÏãgËM,4,40,2,10,14,0.1565,0,1,0,1,0,0,0,0,0,0,0.17184615384615384
3951,êŒêÏãgËM,5,37,1,5,12,0.17513513513513515,0,0,0,1,0,0,0,0,0,0,0.17184615384615384
3951,êŒêÏãgËM,6,44,0,3,10,0.19568181818181818,0,0,0,0,0,0,0,0,0,0,0.17184615384615384
3952,íÜ‡Vòaéu,1,53,37,7,3,0.14132075471698113,36,0,0,0,1,0,7,4,2,0,0.13470355731225295
3952,íÜ‡Vòaéu,2,36,7,11,7,0.13833333333333334,0,5,1,0,1,0,0,0,0,20,0.13470355731225295
3952,íÜ‡Vòaéu,3,44,8,10,12,0.13340909090909092,0,1,4,2,1,0,0,0,0,0,0.13470355731225295
3952,íÜ‡Vòaéu,4,43,5,6,10,0.15023255813953487,0,1,2,0,2,0,0,0,0,0,0.13470355731225295
3952,íÜ‡Vòaéu,5,42,10,9,6,0.125,0,0,1,8,1,0,0,0,0,0,0.13470355731225295
3952,íÜ‡Vòaéu,6,35,3,4,7,0.11514285714285714,0,0,0,0,3,0,0,0,0,0,0.13470355731225295
3953,éuìπãgòa,1,25,13,5,3,0.1472,13,0,0,0,0,0,2,2,8,0,0.16288770053475937
3953,éuìπãgòa,2,36,2,7,4,0.16611111111111113,0,1,1,0,0,0,0,0,0,20,0.16288770053475937
3953,éuìπãgòa,3,36,2,4,8,0.1525,0,0,0,1,1,0,0,0,0,0,0.16288770053475937
3953,éuìπãgòa,4,34,2,5,7,0.16470588235294117,0,0,2,0,0,0,0,0,0,0,0.16288770053475937
3953,éuìπãgòa,5,33,1,1,5,0.16303030303030303,0,0,0,1,0,0,0,0,0,0,0.16288770053475937
3953,éuìπãgòa,6,23,0,1,2,0.1882608695652174,0,0,0,0,0,0,0,0,0,0,0.16288770053475937
3955,·¡ìcâpìÒ,1,30,15,9,3,0.16066666666666668,14,0,0,0,1,0,3,6,5,0,0.1808955223880597
3955,·¡ìcâpìÒ,2,37,3,12,10,0.17,0,0,3,0,0,0,0,0,0,17,0.1808955223880597
3955,·¡ìcâpìÒ,3,41,5,10,9,0.16658536585365855,0,0,2,3,0,0,0,0,0,0,0.1808955223880597
3955,·¡ìcâpìÒ,4,35,2,4,6,0.17714285714285716,0,0,1,1,0,0,0,0,0,0,0.1808955223880597
3955,·¡ìcâpìÒ,5,33,1,3,2,0.20060606060606062,0,0,0,1,0,0,0,0,0,0,0.1808955223880597
3955,·¡ìcâpìÒ,6,25,1,2,6,0.22399999999999998,0,0,0,0,1,0,0,0,0,0,0.1808955223880597
3956,â°‡VçÑé°,1,63,42,14,0,0.15777777777777777,39,0,0,0,2,1,8,5,7,0,0.151913357400722
3956,â°‡VçÑé°,2,42,4,11,10,0.14142857142857143,0,1,3,0,0,0,0,0,0,25,0.151913357400722
3956,â°‡VçÑé°,3,51,8,12,15,0.13372549019607843,0,0,1,6,0,1,0,0,0,0,0.151913357400722
3956,â°‡VçÑé°,4,47,9,5,10,0.15978723404255318,0,0,3,5,1,0,0,0,0,0,0.151913357400722
3956,â°‡VçÑé°,5,38,3,6,7,0.15052631578947367,0,1,0,2,0,0,0,0,0,0,0.151913357400722
3956,â°‡VçÑé°,6,36,2,4,9,0.17083333333333334,0,1,1,0,0,0,0,0,0,0,0.151913357400722
3957,ëÂíJíºçO,1,48,24,8,6,0.17604166666666665,21,0,0,0,2,1,6,10,4,0,0.1912043795620438
3957,ëÂíJíºçO,2,46,5,8,13,0.19608695652173913,0,3,0,0,2,0,0,0,0,25,0.1912043795620438
3957,ëÂíJíºçO,3,47,4,9,11,0.16936170212765958,0,1,1,2,0,0,0,0,0,0,0.1912043795620438
3957,ëÂíJíºçO,4,51,1,9,13,0.1803921568627451,0,0,1,0,0,0,0,0,0,0,0.1912043795620438
3957,ëÂíJíºçO,5,45,1,5,7,0.1948888888888889,0,1,0,0,0,0,0,0,0,0,0.1912043795620438
3957,ëÂíJíºçO,6,37,0,3,0,0.242972972972973,0,0,0,0,0,0,0,0,0,0,0.1912043795620438
3959,íÿà‰çNê∞,1,44,25,6,4,0.14204545454545456,23,0,0,0,2,0,4,7,7,0,0.13079497907949791
3959,íÿà‰çNê∞,2,38,6,14,8,0.13447368421052633,0,5,0,0,1,0,0,0,0,20,0.13079497907949791
3959,íÿà‰çNê∞,3,42,8,14,5,0.12476190476190477,0,2,4,2,0,0,0,0,0,0,0.13079497907949791
3959,íÿà‰çNê∞,4,38,6,10,6,0.1163157894736842,0,1,1,2,1,1,0,0,0,0,0.13079497907949791
3959,íÿà‰çNê∞,5,38,4,3,11,0.1236842105263158,0,1,0,3,0,0,0,0,0,0,0.13079497907949791
3959,íÿà‰çNê∞,6,39,0,1,11,0.14205128205128206,0,0,0,0,0,0,0,0,0,0,0.13079497907949791
3960,ãeínçFïΩ,1,52,34,11,4,0.10153846153846155,32,0,0,0,2,0,5,3,8,0,0.10533333333333333
3960,ãeínçFïΩ,2,42,7,11,7,0.1069047619047619,0,4,1,0,2,0,0,0,0,25,0.10533333333333333
3960,ãeínçFïΩ,3,40,7,16,4,0.10775000000000001,0,1,3,3,0,0,0,0,0,0,0.10533333333333333
3960,ãeínçFïΩ,4,39,3,11,11,0.09512820512820512,0,0,3,0,0,0,0,0,0,0,0.10533333333333333
3960,ãeínçFïΩ,5,38,4,5,10,0.115,0,1,1,2,0,0,0,0,0,0,0.10533333333333333
3960,ãeínçFïΩ,6,44,5,8,4,0.10681818181818183,0,1,0,3,0,1,0,0,0,0,0.10533333333333333
3961,íJë∫àÍç∆,1,61,45,9,3,0.14901639344262294,43,0,0,0,2,0,7,5,3,0,0.15885185185185186
3961,íJë∫àÍç∆,2,44,7,12,8,0.1481818181818182,0,4,3,0,0,0,0,0,0,23,0.15885185185185186
3961,íJë∫àÍç∆,3,42,6,13,8,0.1730952380952381,0,1,3,2,0,0,0,0,0,0,0.15885185185185186
3961,íJë∫àÍç∆,4,40,3,11,5,0.13874999999999998,0,0,0,1,1,1,0,0,0,0,0.15885185185185186
3961,íJë∫àÍç∆,5,40,3,4,12,0.17825,0,0,0,2,1,0,0,0,0,0,0.15885185185185186
3961,íJë∫àÍç∆,6,43,3,3,13,0.17046511627906977,0,0,0,3,0,0,0,0,0,0,0.15885185185185186
3963,å¥ìcèGñÌ,1,51,31,13,1,0.15568627450980393,28,0,0,0,3,0,3,7,8,0,0.16565693430656936
3963,å¥ìcèGñÌ,2,46,2,16,14,0.16478260869565217,0,1,1,0,0,0,0,0,0,26,0.16565693430656936
3963,å¥ìcèGñÌ,3,49,5,14,12,0.1679591836734694,0,1,2,2,0,0,0,0,0,0,0.16565693430656936
3963,å¥ìcèGñÌ,4,48,5,9,10,0.15979166666666667,0,0,1,4,0,0,0,0,0,0,0.16565693430656936
3963,å¥ìcèGñÌ,5,43,4,6,8,0.17465116279069767,0,0,1,2,0,1,0,0,0,0,0.16565693430656936
3963,å¥ìcèGñÌ,6,37,0,4,6,0.1745945945945946,0,0,0,0,0,0,0,0,0,0,0.16565693430656936
3964,ã{ínîéém,1,32,10,6,4,0.184375,10,0,0,0,0,0,5,8,7,0,0.20115740740740742
3964,ã{ínîéém,2,43,4,5,8,0.18186046511627907,0,4,0,0,0,0,0,0,0,20,0.20115740740740742
3964,ã{ínîéém,3,37,1,3,6,0.21216216216216216,0,0,0,0,1,0,0,0,0,0,0.20115740740740742
3964,ã{ínîéém,4,36,1,3,10,0.2175,0,0,1,0,0,0,0,0,0,0,0.20115740740740742
3964,ã{ínîéém,5,39,0,1,10,0.21564102564102564,0,0,0,0,0,0,0,0,0,0,0.20115740740740742
3964,ã{ínîéém,6,29,0,0,6,0.19448275862068964,0,0,0,0,0,0,0,0,0,0,0.20115740740740742
3965,ñkíÜå≥é˜,1,41,24,7,5,0.12658536585365854,23,0,0,0,1,0,3,5,6,0,0.14556485355648535
3965,ñkíÜå≥é˜,2,41,6,15,8,0.1678048780487805,0,4,1,0,1,0,0,0,0,23,0.14556485355648535
3965,ñkíÜå≥é˜,3,44,4,13,9,0.14295454545454545,0,2,1,1,0,0,0,0,0,0,0.14556485355648535
3965,ñkíÜå≥é˜,4,42,3,6,10,0.1523809523809524,0,1,2,0,0,0,0,0,0,0,0.14556485355648535
3965,ñkíÜå≥é˜,5,38,0,5,9,0.14210526315789473,0,0,0,0,0,0,0,0,0,0,0.14556485355648535
3965,ñkíÜå≥é˜,6,33,1,3,6,0.1403030303030303,0,0,1,0,0,0,0,0,0,0,0.14556485355648535
3966,çÏä‘èÕ,1,61,34,13,6,0.16704918032786883,32,0,0,0,2,0,10,7,8,0,0.17417508417508418
3966,çÏä‘èÕ,2,58,11,17,12,0.17793103448275863,0,7,1,0,3,0,0,0,0,29,0.17417508417508418
3966,çÏä‘èÕ,3,46,10,10,10,0.16347826086956524,0,4,2,3,1,0,0,0,0,0,0.17417508417508418
3966,çÏä‘èÕ,4,53,8,16,14,0.16735849056603774,0,1,1,5,1,0,0,0,0,0,0.17417508417508418
3966,çÏä‘èÕ,5,42,8,6,8,0.1838095238095238,0,0,3,3,2,0,0,0,0,0,0.17417508417508418
3966,çÏä‘èÕ,6,37,2,8,10,0.19216216216216217,0,0,1,1,0,0,0,0,0,0,0.17417508417508418
3967,óÈñÿñŒçÇ,1,27,6,8,2,0.2174074074074074,6,0,0,0,0,0,5,3,9,0,0.19537688442211057
3967,óÈñÿñŒçÇ,2,43,3,13,4,0.17697674418604653,0,3,0,0,0,0,0,0,0,22,0.19537688442211057
3967,óÈñÿñŒçÇ,3,38,2,5,8,0.19026315789473686,0,1,1,0,0,0,0,0,0,0,0.19537688442211057
3967,óÈñÿñŒçÇ,4,28,0,1,7,0.20035714285714287,0,0,0,0,0,0,0,0,0,0,0.19537688442211057
3967,óÈñÿñŒçÇ,5,36,2,6,6,0.18888888888888888,0,0,0,2,0,0,0,0,0,0,0.19537688442211057
3967,óÈñÿñŒçÇ,6,27,0,3,3,0.21333333333333332,0,0,0,0,0,0,0,0,0,0,0.19537688442211057
3968,íÉíJêMéü,1,19,7,5,2,0.1531578947368421,6,0,0,0,1,0,3,5,4,0,0.15705882352941175
3968,íÉíJêMéü,2,25,8,8,3,0.1436,0,8,0,0,0,0,0,0,0,11,0.15705882352941175
3968,íÉíJêMéü,3,26,5,5,4,0.15730769230769232,0,1,0,2,2,0,0,0,0,0,0.15705882352941175
3968,íÉíJêMéü,4,22,1,3,9,0.16863636363636364,0,1,0,0,0,0,0,0,0,0,0.15705882352941175
3968,íÉíJêMéü,5,24,1,6,6,0.165,0,0,0,1,0,0,0,0,0,0,0.15705882352941175
3968,íÉíJêMéü,6,20,0,4,7,0.155,0,0,0,0,0,0,0,0,0,0,0.15705882352941175
3970,ãTéRçÇâÎ,1,5,2,1,1,0.172,0,0,0,0,2,0,2,0,1,0,0.19
3970,ãTéRçÇâÎ,2,6,1,1,0,0.21666666666666667,0,1,0,0,0,0,0,0,0,1,0.19
3970,ãTéRçÇâÎ,3,4,0,3,0,0.165,0,0,0,0,0,0,0,0,0,0,0.19
3970,ãTéRçÇâÎ,4,4,0,0,0,0.16,0,0,0,0,0,0,0,0,0,0,0.19
3970,ãTéRçÇâÎ,5,6,0,0,3,0.19333333333333336,0,0,0,0,0,0,0,0,0,0,0.19
3970,ãTéRçÇâÎ,6,4,0,0,2,0.2225,0,0,0,0,0,0,0,0,0,0,0.19
3973,çËóòêm,1,33,11,6,5,0.16545454545454547,11,0,0,0,0,0,6,8,3,0,0.19476987447698746
3973,çËóòêm,2,46,5,10,9,0.17978260869565216,0,4,0,0,1,0,0,0,0,26,0.19476987447698746
3973,çËóòêm,3,45,3,2,7,0.19066666666666668,0,0,0,3,0,0,0,0,0,0,0.19476987447698746
3973,çËóòêm,4,40,1,5,2,0.19125,0,0,1,0,0,0,0,0,0,0,0.19476987447698746
3973,çËóòêm,5,42,1,1,4,0.21571428571428572,0,0,0,0,1,0,0,0,0,0,0.19476987447698746
3973,çËóòêm,6,33,0,3,6,0.22818181818181818,0,0,0,0,0,0,0,0,0,0,0.19476987447698746
3974,ê[éRóSìÒ,1,26,10,10,0,0.13923076923076924,10,0,0,0,0,0,8,4,3,0,0.16243386243386243
3974,ê[éRóSìÒ,2,35,1,10,7,0.16114285714285714,0,1,0,0,0,0,0,0,0,22,0.16243386243386243
3974,ê[éRóSìÒ,3,32,2,4,8,0.178125,0,0,1,1,0,0,0,0,0,0,0.16243386243386243
3974,ê[éRóSìÒ,4,31,1,4,3,0.17,0,0,1,0,0,0,0,0,0,0,0.16243386243386243
3974,ê[éRóSìÒ,5,36,1,4,5,0.15777777777777777,0,0,0,1,0,0,0,0,0,0,0.16243386243386243
3974,ê[éRóSìÒ,6,29,0,1,2,0.16517241379310346,0,0,0,0,0,0,0,0,0,0,0.16243386243386243
3975,è¨ñÏéõíqóm,1,58,32,16,4,0.12103448275862069,32,0,0,0,0,0,8,5,9,0,0.1481625441696113
3975,è¨ñÏéõíqóm,2,47,3,12,11,0.1674468085106383,0,1,2,0,0,0,0,0,0,30,0.1481625441696113
3975,è¨ñÏéõíqóm,3,40,5,12,10,0.13175,0,0,3,1,1,0,0,0,0,0,0.1481625441696113
3975,è¨ñÏéõíqóm,4,46,5,8,11,0.15,0,1,3,0,1,0,0,0,0,0,0.1481625441696113
3975,è¨ñÏéõíqóm,5,47,0,5,10,0.15127659574468086,0,0,0,0,0,0,0,0,0,0,0.1481625441696113
3975,è¨ñÏéõíqóm,6,45,0,4,6,0.17244444444444443,0,0,0,0,0,0,0,0,0,0,0.1481625441696113
3976,ì‡ìcå\,1,23,9,4,1,0.17260869565217393,9,0,0,0,0,0,4,6,2,0,0.17783132530120482
3976,ì‡ìcå\,2,31,3,5,4,0.17483870967741935,0,3,0,0,0,0,0,0,0,17,0.17783132530120482
3976,ì‡ìcå\,3,30,4,3,8,0.16033333333333336,0,0,0,4,0,0,0,0,0,0,0.17783132530120482
3976,ì‡ìcå\,4,27,2,6,2,0.18000000000000002,0,2,0,0,0,0,0,0,0,0,0.17783132530120482
3976,ì‡ìcå\,5,28,1,1,1,0.16999999999999998,0,0,0,1,0,0,0,0,0,0,0.17783132530120482
3976,ì‡ìcå\,6,27,0,2,2,0.2111111111111111,0,0,0,0,0,0,0,0,0,0,0.17783132530120482
3977,éRñ{åìém,1,31,7,9,2,0.16032258064516128,7,0,0,0,0,0,8,10,2,0,0.17517587939698492
3977,éRñ{åìém,2,35,3,3,13,0.1462857142857143,0,1,1,0,0,1,0,0,0,13,0.17517587939698492
3977,éRñ{åìém,3,36,2,4,6,0.15083333333333332,0,0,1,1,0,0,0,0,0,0,0.17517587939698492
3977,éRñ{åìém,4,35,5,4,8,0.18857142857142856,0,1,2,2,0,0,0,0,0,0,0.17517587939698492
3977,éRñ{åìém,5,31,1,5,2,0.18419354838709678,0,0,0,1,0,0,0,0,0,0,0.17517587939698492
3977,éRñ{åìém,6,31,0,3,5,0.2267741935483871,0,0,0,0,0,0,0,0,0,0,0.17517587939698492
3978,Íéì°êm,1,55,37,9,4,0.134,35,0,0,0,1,1,7,5,6,0,0.1421933085501859
3978,Íéì°êm,2,42,10,13,9,0.13999999999999999,0,6,1,0,3,0,0,0,0,23,0.1421933085501859
3978,Íéì°êm,3,43,5,11,11,0.12790697674418605,0,1,0,3,1,0,0,0,0,0,0.1421933085501859
3978,Íéì°êm,4,44,5,13,13,0.145,0,2,2,1,0,0,0,0,0,0,0.1421933085501859
3978,Íéì°êm,5,46,1,6,14,0.1373913043478261,0,1,0,0,0,0,0,0,0,0,0.1421933085501859
3978,Íéì°êm,6,39,1,5,6,0.17435897435897435,0,0,0,0,1,0,0,0,0,0,0.1421933085501859
3981,ç°ç‚çWçL,1,28,8,6,5,0.17928571428571427,8,0,0,0,0,0,7,10,3,0,0.17745283018867924
3981,ç°ç‚çWçL,2,32,1,2,7,0.18281250000000002,0,0,1,0,0,0,0,0,0,14,0.17745283018867924
3981,ç°ç‚çWçL,3,46,3,11,9,0.17391304347826086,0,1,1,1,0,0,0,0,0,0,0.17745283018867924
3981,ç°ç‚çWçL,4,41,2,3,5,0.1626829268292683,0,1,1,0,0,0,0,0,0,0,0.17745283018867924
3981,ç°ç‚çWçL,5,39,0,5,3,0.17615384615384616,0,0,0,0,0,0,0,0,0,0,0.17745283018867924
3981,ç°ç‚çWçL,6,26,0,1,2,0.20038461538461538,0,0,0,0,0,0,0,0,0,0,0.17745283018867924
3982,ïüìcóù,1,19,6,2,3,0.16210526315789475,6,0,0,0,0,0,3,5,4,0,0.16860606060606062
3982,ïüìcóù,2,35,2,8,4,0.17685714285714288,0,1,1,0,0,0,0,0,0,16,0.16860606060606062
3982,ïüìcóù,3,30,3,6,6,0.17933333333333332,0,0,0,3,0,0,0,0,0,0,0.16860606060606062
3982,ïüìcóù,4,26,3,4,4,0.13730769230769233,0,0,2,1,0,0,0,0,0,0,0.16860606060606062
3982,ïüìcóù,5,31,1,1,2,0.18,0,0,0,1,0,0,0,0,0,0,0.16860606060606062
3982,ïüìcóù,6,24,0,1,6,0.16749999999999998,0,0,0,0,0,0,0,0,0,0,0.16860606060606062
3983,ê{ì°îéóœ,1,37,29,3,2,0.13837837837837838,28,0,0,0,1,0,1,4,3,0,0.14845360824742268
3983,ê{ì°îéóœ,2,28,5,9,7,0.1442857142857143,0,3,1,0,1,0,0,0,0,16,0.14845360824742268
3983,ê{ì°îéóœ,3,34,5,9,6,0.12470588235294118,0,0,0,2,2,1,0,0,0,0,0.14845360824742268
3983,ê{ì°îéóœ,4,36,2,13,4,0.14916666666666667,0,0,2,0,0,0,0,0,0,0,0.14845360824742268
3983,ê{ì°îéóœ,5,26,4,2,5,0.155,0,0,0,4,0,0,0,0,0,0,0.14845360824742268
3983,ê{ì°îéóœ,6,33,0,6,7,0.18181818181818182,0,0,0,0,0,0,0,0,0,0,0.14845360824742268
3984,ç‚å˚é¸,1,46,35,5,2,0.14282608695652174,33,0,0,0,2,0,2,6,2,0,0.15836575875486383
3984,ç‚å˚é¸,2,49,6,23,9,0.15020408163265306,0,3,2,1,0,0,0,0,0,28,0.15836575875486383
3984,ç‚å˚é¸,3,43,9,11,5,0.15744186046511627,0,2,2,5,0,0,0,0,0,0,0.15836575875486383
3984,ç‚å˚é¸,4,42,2,11,9,0.1561904761904762,0,0,2,0,0,0,0,0,0,0,0.15836575875486383
3984,ç‚å˚é¸,5,44,0,12,14,0.17022727272727273,0,0,0,0,0,0,0,0,0,0,0.15836575875486383
3984,ç‚å˚é¸,6,33,1,4,7,0.1803030303030303,0,0,0,1,0,0,0,0,0,0,0.15836575875486383
3986,â´ìáçLòa,1,39,18,7,7,0.16102564102564104,17,0,0,0,1,0,8,7,5,0,0.18355855855855857
3986,â´ìáçLòa,2,38,4,13,6,0.18263157894736842,1,2,1,0,0,0,0,0,0,23,0.18355855855855857
3986,â´ìáçLòa,3,41,1,11,11,0.18804878048780488,0,0,0,1,0,0,0,0,0,0,0.18355855855855857
3986,â´ìáçLòa,4,40,1,6,14,0.1875,0,1,0,0,0,0,0,0,0,0,0.18355855855855857
3986,â´ìáçLòa,5,31,0,4,7,0.19,0,0,0,0,0,0,0,0,0,0,0.18355855855855857
3986,â´ìáçLòa,6,33,0,2,3,0.19484848484848483,0,0,0,0,0,0,0,0,0,0,0.18355855855855857
3987,å„ì°ê≥è@,1,45,25,14,2,0.13577777777777778,25,0,0,0,0,0,7,4,7,0,0.14149019607843136
3987,å„ì°ê≥è@,2,41,8,6,5,0.14658536585365853,0,6,2,0,0,0,0,0,0,21,0.14149019607843136
3987,å„ì°ê≥è@,3,48,7,10,9,0.16666666666666666,0,2,2,3,0,0,0,0,0,0,0.14149019607843136
3987,å„ì°ê≥è@,4,39,4,7,7,0.14051282051282052,0,0,2,2,0,0,0,0,0,0,0.14149019607843136
3987,å„ì°ê≥è@,5,40,5,7,4,0.131,0,1,1,3,0,0,0,0,0,0,0.14149019607843136
3987,å„ì°ê≥è@,6,42,3,4,3,0.12476190476190477,0,1,1,1,0,0,0,0,0,0,0.14149019607843136
3988,å√êÏêΩîV,1,54,36,7,1,0.14425925925925925,34,0,0,0,2,0,4,7,6,0,0.14880434782608695
3988,å√êÏêΩîV,2,48,10,13,11,0.15291666666666667,0,7,2,0,1,0,0,0,0,25,0.14880434782608695
3988,å√êÏêΩîV,3,51,5,17,12,0.1292156862745098,0,0,1,2,2,0,0,0,0,0,0.14880434782608695
3988,å√êÏêΩîV,4,39,3,11,5,0.13615384615384615,0,1,1,1,0,0,0,0,0,0,0.14880434782608695
3988,å√êÏêΩîV,5,38,2,3,8,0.17605263157894738,0,1,0,1,0,0,0,0,0,0,0.14880434782608695
3988,å√êÏêΩîV,6,46,3,4,5,0.15978260869565217,0,0,0,3,0,0,0,0,0,0,0.14880434782608695
3989,åFñ{âpàÍ,1,29,7,8,2,0.18655172413793103,6,0,0,0,1,0,9,10,3,0,0.20673366834170853
3989,åFñ{âpàÍ,2,34,2,10,4,0.1938235294117647,0,1,0,0,1,0,0,0,0,19,0.20673366834170853
3989,åFñ{âpàÍ,3,39,0,8,5,0.20282051282051283,0,0,0,0,0,0,0,0,0,0,0.20673366834170853
3989,åFñ{âpàÍ,4,35,0,4,10,0.19914285714285715,0,0,0,0,0,0,0,0,0,0,0.20673366834170853
3989,åFñ{âpàÍ,5,34,0,0,1,0.20735294117647057,0,0,0,0,0,0,0,0,0,0,0.20673366834170853
3989,åFñ{âpàÍ,6,28,0,0,4,0.2575,0,0,0,0,0,0,0,0,0,0,0.20673366834170853
3990,ã⁄‡VçéïF,1,24,7,6,2,0.13708333333333333,7,0,0,0,0,0,6,4,4,0,0.14743243243243243
3990,ã⁄‡VçéïF,2,24,4,4,3,0.14125000000000001,0,3,1,0,0,0,0,0,0,15,0.14743243243243243
3990,ã⁄‡VçéïF,3,29,3,7,7,0.14655172413793102,0,0,2,1,0,0,0,0,0,0,0.14743243243243243
3990,ã⁄‡VçéïF,4,27,2,3,3,0.13481481481481483,0,2,0,0,0,0,0,0,0,0,0.14743243243243243
3990,ã⁄‡VçéïF,5,26,1,0,3,0.1623076923076923,0,0,0,0,1,0,0,0,0,0,0.14743243243243243
3990,ã⁄‡VçéïF,6,18,0,0,0,0.16833333333333333,0,0,0,0,0,0,0,0,0,0,0.14743243243243243
3992,ä÷å˚íqãv,1,33,19,6,2,0.1503030303030303,19,0,0,0,0,0,3,3,7,0,0.14678756476683938
3992,ä÷å˚íqãv,2,33,11,9,2,0.1572727272727273,0,5,5,1,0,0,0,0,0,12,0.14678756476683938
3992,ä÷å˚íqãv,3,37,4,6,10,0.15054054054054056,0,0,2,2,0,0,0,0,0,0,0.14678756476683938
3992,ä÷å˚íqãv,4,28,4,5,6,0.14250000000000002,0,0,3,1,0,0,0,0,0,0,0.14678756476683938
3992,ä÷å˚íqãv,5,33,2,3,5,0.1403030303030303,0,0,1,1,0,0,0,0,0,0,0.14678756476683938
3992,ä÷å˚íqãv,6,29,0,2,3,0.13758620689655174,0,0,0,0,0,0,0,0,0,0,0.14678756476683938
3993,âià‰êπî¸,1,21,7,3,4,0.17523809523809525,7,0,0,0,0,0,4,8,2,0,0.17503496503496505
3993,âià‰êπî¸,2,30,3,12,3,0.174,0,1,2,0,0,0,0,0,0,17,0.17503496503496505
3993,âià‰êπî¸,3,28,2,7,7,0.17285714285714285,0,0,2,0,0,0,0,0,0,0,0.17503496503496505
3993,âià‰êπî¸,4,23,1,1,4,0.16521739130434782,0,0,1,0,0,0,0,0,0,0,0.17503496503496505
3993,âià‰êπî¸,5,24,0,1,7,0.17958333333333334,0,0,0,0,0,0,0,0,0,0,0.17503496503496505
3993,âià‰êπî¸,6,17,0,2,1,0.18705882352941178,0,0,0,0,0,0,0,0,0,0,0.17503496503496505
3994,è¨ñÏç˜,1,22,10,4,1,0.18227272727272725,9,0,0,0,1,0,6,3,1,0,0.18533834586466164
3994,è¨ñÏç˜,2,26,5,10,4,0.1903846153846154,0,3,1,0,1,0,0,0,0,12,0.18533834586466164
3994,è¨ñÏç˜,3,24,2,3,7,0.17958333333333334,0,0,2,0,0,0,0,0,0,0,0.18533834586466164
3994,è¨ñÏç˜,4,22,2,6,4,0.20363636363636362,0,1,0,1,0,0,0,0,0,0,0.18533834586466164
3994,è¨ñÏç˜,5,22,1,3,5,0.1831818181818182,0,0,0,1,0,0,0,0,0,0,0.18533834586466164
3994,è¨ñÏç˜,6,17,1,1,2,0.1688235294117647,0,1,0,0,0,0,0,0,0,0,0.18533834586466164
3994,íÉíJç˜,1,22,8,7,2,0.23727272727272727,7,0,0,0,1,0,5,5,3,0,0.20614583333333333
3994,íÉíJç˜,2,16,3,5,7,0.195,0,1,1,0,1,0,0,0,0,10,0.20614583333333333
3994,íÉíJç˜,3,20,3,4,7,0.1765,0,0,2,1,0,0,0,0,0,0,0.20614583333333333
3994,íÉíJç˜,4,15,1,4,3,0.20666666666666667,0,1,0,0,0,0,0,0,0,0,0.20614583333333333
3994,íÉíJç˜,5,15,0,2,9,0.198,0,0,0,0,0,0,0,0,0,0,0.20614583333333333
3994,íÉíJç˜,6,8,0,0,0,0.23125,0,0,0,0,0,0,0,0,0,0,0.20614583333333333
3995,èdñÏìNîV,1,56,42,12,1,0.10589285714285714,40,0,1,0,1,0,2,1,8,0,0.12355805243445693
3995,èdñÏìNîV,2,44,7,15,9,0.12931818181818183,0,3,4,0,0,0,0,0,0,24,0.12355805243445693
3995,èdñÏìNîV,3,40,3,22,9,0.15125,0,2,1,0,0,0,0,0,0,0,0.12355805243445693
3995,èdñÏìNîV,4,44,9,9,9,0.11704545454545455,0,2,4,3,0,0,0,0,0,0,0.12355805243445693
3995,èdñÏìNîV,5,41,3,6,10,0.12658536585365854,0,0,1,2,0,0,0,0,0,0,0.12355805243445693
3995,èdñÏìNîV,6,42,5,7,10,0.11857142857142858,0,1,3,1,0,0,0,0,0,0,0.12355805243445693
3996,èHéRíºîV,1,36,29,4,1,0.1313888888888889,29,0,0,0,0,0,4,3,0,0,0.14884146341463414
3996,èHéRíºîV,2,31,10,5,9,0.14032258064516132,0,6,3,0,1,0,0,0,0,15,0.14884146341463414
3996,èHéRíºîV,3,26,11,7,5,0.1673076923076923,0,1,6,3,1,0,0,0,0,0,0.14884146341463414
3996,èHéRíºîV,4,22,5,10,5,0.1527272727272727,0,0,1,3,1,0,0,0,0,0,0.14884146341463414
3996,èHéRíºîV,5,22,1,8,7,0.14545454545454548,0,0,1,0,0,0,0,0,0,0,0.14884146341463414
3996,èHéRíºîV,6,27,4,5,11,0.1637037037037037,0,1,1,1,1,0,0,0,0,0,0.14884146341463414
3997,ñkë∫ê™ék,1,67,49,7,7,0.1265671641791045,45,0,0,0,2,2,4,8,6,0,0.1560135135135135
3997,ñkë∫ê™ék,2,52,12,18,6,0.13634615384615384,0,12,0,0,0,0,0,0,0,27,0.1560135135135135
3997,ñkë∫ê™ék,3,45,7,13,10,0.16066666666666668,0,1,0,5,1,0,0,0,0,0,0.1560135135135135
3997,ñkë∫ê™ék,4,48,4,16,10,0.18729166666666666,0,2,0,1,1,0,0,0,0,0,0.1560135135135135
3997,ñkë∫ê™ék,5,40,4,6,11,0.16775,0,1,0,3,0,0,0,0,0,0,0.1560135135135135
3997,ñkë∫ê™ék,6,44,1,5,16,0.17454545454545453,0,0,1,0,0,0,0,0,0,0,0.1560135135135135
3998,ïyê¨å™éô,1,36,12,12,3,0.1313888888888889,11,0,0,0,1,0,12,3,4,0,0.15520161290322582
3998,ïyê¨å™éô,2,49,7,14,6,0.14918367346938777,0,6,1,0,0,0,0,0,0,17,0.15520161290322582
3998,ïyê¨å™éô,3,47,3,9,9,0.14382978723404255,0,2,1,0,0,0,0,0,0,0,0.15520161290322582
3998,ïyê¨å™éô,4,40,2,4,9,0.15125,0,1,0,1,0,0,0,0,0,0,0.15520161290322582
3998,ïyê¨å™éô,5,45,0,1,9,0.1711111111111111,0,0,0,0,0,0,0,0,0,0,0.15520161290322582
3998,ïyê¨å™éô,6,31,0,0,3,0.19161290322580646,0,0,0,0,0,0,0,0,0,0,0.15520161290322582
3999,ëÂëÎñæì˙çÅ,1,53,33,11,3,0.14547169811320754,29,0,0,0,4,0,5,7,5,0,0.16375545851528384
3999,ëÂëÎñæì˙çÅ,2,31,5,8,7,0.1564516129032258,0,4,1,0,0,0,0,0,0,15,0.16375545851528384
3999,ëÂëÎñæì˙çÅ,3,42,5,12,11,0.15214285714285716,0,0,2,2,1,0,0,0,0,0,0.16375545851528384
3999,ëÂëÎñæì˙çÅ,4,35,1,8,15,0.162,0,0,0,0,1,0,0,0,0,0,0.16375545851528384
3999,ëÂëÎñæì˙çÅ,5,31,1,6,10,0.16903225806451613,0,0,0,1,0,0,0,0,0,0,0.16375545851528384
3999,ëÂëÎñæì˙çÅ,6,37,0,3,5,0.20648648648648651,0,0,0,0,0,0,0,0,0,0,0.16375545851528384
4000,èºñ{îéè∫,1,61,39,12,4,0.14737704918032787,38,0,0,0,1,0,8,6,6,0,0.16911475409836066
4000,èºñ{îéè∫,2,50,2,17,10,0.1744,0,1,1,0,0,0,0,0,0,29,0.16911475409836066
4000,èºñ{îéè∫,3,52,5,14,12,0.1757692307692308,0,0,3,1,1,0,0,0,0,0,0.16911475409836066
4000,èºñ{îéè∫,4,48,3,8,9,0.16416666666666666,0,1,1,1,0,0,0,0,0,0,0.16911475409836066
4000,èºñ{îéè∫,5,49,4,7,9,0.16979591836734695,0,0,1,2,1,0,0,0,0,0,0.16911475409836066
4000,èºñ{îéè∫,6,45,1,3,10,0.18955555555555553,0,0,0,1,0,0,0,0,0,0,0.16911475409836066
4002,å√åãçG,1,60,45,5,3,0.12666666666666668,44,0,0,0,1,0,4,3,5,0,0.13178438661710037
4002,å√åãçG,2,43,12,14,5,0.14534883720930233,1,7,3,0,0,1,0,0,0,22,0.13178438661710037
4002,å√åãçG,3,45,8,12,12,0.12644444444444444,0,1,1,6,0,0,0,0,0,0,0.13178438661710037
4002,å√åãçG,4,40,7,8,9,0.135,0,1,2,3,1,0,0,0,0,0,0.13178438661710037
4002,å√åãçG,5,37,4,9,11,0.12594594594594594,0,0,2,2,0,0,0,0,0,0,0.13178438661710037
4002,å√åãçG,6,44,2,9,10,0.13295454545454544,0,0,1,1,0,0,0,0,0,0,0.13178438661710037
4003,ï\åõàÍ,1,56,23,15,12,0.14285714285714285,19,0,0,0,4,0,10,8,12,0,0.1703103448275862
4003,ï\åõàÍ,2,47,4,17,7,0.1851063829787234,0,3,0,0,1,0,0,0,0,22,0.1703103448275862
4003,ï\åõàÍ,3,50,3,8,13,0.183,0,0,2,1,0,0,0,0,0,0,0.1703103448275862
4003,ï\åõàÍ,4,50,1,12,10,0.1602,0,0,0,0,0,1,0,0,0,0,0.1703103448275862
4003,ï\åõàÍ,5,41,3,3,6,0.1678048780487805,0,0,0,2,1,0,0,0,0,0,0.1703103448275862
4003,ï\åõàÍ,6,46,0,5,8,0.18804347826086956,0,0,0,0,0,0,0,0,0,0,0.1703103448275862
4004,éRñ{ç_ï„,1,31,10,6,2,0.14096774193548386,10,0,0,0,0,0,9,4,2,0,0.16157894736842107
4004,éRñ{ç_ï„,2,41,2,8,11,0.15439024390243902,0,1,0,0,1,0,0,0,0,29,0.16157894736842107
4004,éRñ{ç_ï„,3,34,1,8,7,0.16088235294117648,0,1,0,0,0,0,0,0,0,0,0.16157894736842107
4004,éRñ{ç_ï„,4,30,2,7,2,0.16366666666666668,0,0,1,0,1,0,0,0,0,0,0.16157894736842107
4004,éRñ{ç_ï„,5,41,0,5,11,0.16731707317073172,0,0,0,0,0,0,0,0,0,0,0.16157894736842107
4004,éRñ{ç_ï„,6,32,0,0,2,0.1821875,0,0,0,0,0,0,0,0,0,0,0.16157894736842107
4005,ê£êÏåˆë•,1,19,3,3,4,0.17263157894736844,3,0,0,0,0,0,6,5,2,0,0.17354430379746835
4005,ê£êÏåˆë•,2,30,4,0,5,0.16033333333333336,0,1,2,0,1,0,0,0,0,17,0.17354430379746835
4005,ê£êÏåˆë•,3,31,1,0,9,0.15096774193548387,0,0,0,1,0,0,0,0,0,0,0.17354430379746835
4005,ê£êÏåˆë•,4,30,0,1,4,0.17833333333333332,0,0,0,0,0,0,0,0,0,0,0.17354430379746835
4005,ê£êÏåˆë•,5,26,0,0,2,0.19230769230769232,0,0,0,0,0,0,0,0,0,0,0.17354430379746835
4005,ê£êÏåˆë•,6,22,0,1,1,0.19545454545454544,0,0,0,0,0,0,0,0,0,0,0.17354430379746835
4006,è¨ñÏóEçÏ,1,30,11,7,5,0.17600000000000002,9,0,0,0,2,0,6,6,4,0,0.1777142857142857
4006,è¨ñÏóEçÏ,2,40,1,11,10,0.16625,0,0,1,0,0,0,0,0,0,18,0.1777142857142857
4006,è¨ñÏóEçÏ,3,35,1,12,5,0.16342857142857142,0,0,1,0,0,0,0,0,0,0,0.1777142857142857
4006,è¨ñÏóEçÏ,4,36,4,9,6,0.18305555555555555,0,1,2,0,1,0,0,0,0,0,0.1777142857142857
4006,è¨ñÏóEçÏ,5,38,1,7,9,0.18710526315789475,0,0,1,0,0,0,0,0,0,0,0.1777142857142857
4006,è¨ñÏóEçÏ,6,31,0,0,5,0.1925806451612903,0,0,0,0,0,0,0,0,0,0,0.1777142857142857
4007,ûƒìcè´ïF,1,21,8,7,0,0.16238095238095238,7,0,0,0,1,0,5,4,2,0,0.13689873417721518
4007,ûƒìcè´ïF,2,29,3,8,5,0.14275862068965517,0,1,1,0,1,0,0,0,0,17,0.13689873417721518
4007,ûƒìcè´ïF,3,30,3,7,9,0.13,0,1,0,2,0,0,0,0,0,0,0.13689873417721518
4007,ûƒìcè´ïF,4,24,1,1,4,0.12666666666666668,0,0,1,0,0,0,0,0,0,0,0.13689873417721518
4007,ûƒìcè´ïF,5,28,2,2,5,0.13535714285714287,0,0,1,0,1,0,0,0,0,0,0.13689873417721518
4007,ûƒìcè´ïF,6,26,0,0,5,0.12884615384615386,0,0,0,0,0,0,0,0,0,0,0.13689873417721518
4009,è¨ó—àÍé˜,1,43,26,9,4,0.14232558139534884,26,0,0,0,0,0,3,3,6,0,0.13586854460093897
4009,è¨ó—àÍé˜,2,33,3,10,6,0.14393939393939395,1,2,0,0,0,0,0,0,0,15,0.13586854460093897
4009,è¨ó—àÍé˜,3,36,1,13,9,0.12027777777777778,0,0,1,0,0,0,0,0,0,0,0.13586854460093897
4009,è¨ó—àÍé˜,4,30,4,7,6,0.12766666666666668,0,1,1,2,0,0,0,0,0,0,0.13586854460093897
4009,è¨ó—àÍé˜,5,31,2,3,5,0.12580645161290321,0,0,1,1,0,0,0,0,0,0,0.13586854460093897
4009,è¨ó—àÍé˜,6,40,1,2,7,0.15025,0,0,1,0,0,0,0,0,0,0,0.13586854460093897
4010,âzíqè∆ç_,1,22,2,5,5,0.1709090909090909,2,0,0,0,0,0,4,5,7,0,0.17482993197278912
4010,âzíqè∆ç_,2,23,0,3,5,0.17173913043478262,0,0,0,0,0,0,0,0,0,13,0.17482993197278912
4010,âzíqè∆ç_,3,28,0,4,6,0.165,0,0,0,0,0,0,0,0,0,0,0.17482993197278912
4010,âzíqè∆ç_,4,27,1,3,6,0.16296296296296298,0,0,0,0,1,0,0,0,0,0,0.17482993197278912
4010,âzíqè∆ç_,5,23,0,3,2,0.1834782608695652,0,0,0,0,0,0,0,0,0,0,0.17482993197278912
4010,âzíqè∆ç_,6,24,0,3,2,0.19791666666666666,0,0,0,0,0,0,0,0,0,0,0.17482993197278912
4011,ñxîVì‡ãIë„éq,1,36,14,6,7,0.1827777777777778,13,0,0,0,1,0,5,9,7,0,0.18232876712328766
4011,ñxîVì‡ãIë„éq,2,40,7,15,9,0.19475,0,7,0,0,0,0,0,0,0,24,0.18232876712328766
4011,ñxîVì‡ãIë„éq,3,35,2,12,6,0.19942857142857143,0,0,1,0,1,0,0,0,0,0,0.18232876712328766
4011,ñxîVì‡ãIë„éq,4,29,4,4,10,0.16999999999999998,0,0,4,0,0,0,0,0,0,0,0.18232876712328766
4011,ñxîVì‡ãIë„éq,5,43,3,5,10,0.16534883720930232,0,0,1,2,0,0,0,0,0,0,0.18232876712328766
4011,ñxîVì‡ãIë„éq,6,36,1,2,4,0.18166666666666667,0,0,0,1,0,0,0,0,0,0,0.18232876712328766
4012,íÜë∫óLóT,1,56,32,11,4,0.15285714285714286,31,0,0,0,1,0,4,4,10,0,0.14976833976833975
4012,íÜë∫óLóT,2,41,7,9,10,0.13707317073170733,0,3,2,0,1,1,0,0,0,22,0.14976833976833975
4012,íÜë∫óLóT,3,46,7,10,12,0.15282608695652175,0,0,3,4,0,0,0,0,0,0,0.14976833976833975
4012,íÜë∫óLóT,4,44,8,12,11,0.14022727272727273,0,2,2,3,1,0,0,0,0,0,0.14976833976833975
4012,íÜë∫óLóT,5,36,3,2,9,0.16055555555555556,0,0,0,3,0,0,0,0,0,0,0.14976833976833975
4012,íÜë∫óLóT,6,36,4,5,5,0.15638888888888888,0,0,2,2,0,0,0,0,0,0,0.14976833976833975
4013,íÜìáçFïΩ,1,60,44,5,7,0.12633333333333333,42,0,0,0,2,0,5,5,4,0,0.13109154929577463
4013,íÜìáçFïΩ,2,47,11,10,7,0.13531914893617022,0,9,1,0,1,0,0,0,0,30,0.13109154929577463
4013,íÜìáçFïΩ,3,47,4,17,13,0.15446808510638296,0,2,1,0,1,0,0,0,0,0,0.13109154929577463
4013,íÜìáçFïΩ,4,47,7,11,9,0.11595744680851064,0,0,5,2,0,0,0,0,0,0,0.13109154929577463
4013,íÜìáçFïΩ,5,39,0,4,12,0.11410256410256411,0,0,0,0,0,0,0,0,0,0,0.13109154929577463
4013,íÜìáçFïΩ,6,44,1,6,12,0.1393181818181818,0,0,0,1,0,0,0,0,0,0,0.13109154929577463
4014,ï–â™åbó¢,1,35,22,7,1,0.1782857142857143,21,0,0,0,1,0,4,4,3,0,0.18912663755458517
4014,ï–â™åbó¢,2,48,6,13,13,0.17395833333333333,0,4,1,0,0,1,0,0,0,29,0.18912663755458517
4014,ï–â™åbó¢,3,37,6,10,7,0.18162162162162163,0,0,4,1,1,0,0,0,0,0,0.18912663755458517
4014,ï–â™åbó¢,4,38,2,2,9,0.19578947368421054,0,1,1,0,0,0,0,0,0,0,0.18912663755458517
4014,ï–â™åbó¢,5,38,1,2,12,0.19710526315789476,0,0,0,1,0,0,0,0,0,0,0.18912663755458517
4014,ï–â™åbó¢,6,33,0,1,7,0.21424242424242426,0,0,0,0,0,0,0,0,0,0,0.18912663755458517
4015,ëOñÏó≥àÍ,1,42,24,7,4,0.16785714285714284,24,0,0,0,0,0,5,8,4,0,0.1596218487394958
4015,ëOñÏó≥àÍ,2,45,7,14,10,0.14266666666666666,0,5,1,1,0,0,0,0,0,26,0.1596218487394958
4015,ëOñÏó≥àÍ,3,40,3,9,8,0.1615,0,0,1,1,0,1,0,0,0,0,0.1596218487394958
4015,ëOñÏó≥àÍ,4,39,2,6,8,0.16923076923076924,0,1,1,0,0,0,0,0,0,0,0.1596218487394958
4015,ëOñÏó≥àÍ,5,32,1,5,7,0.1553125,0,0,0,1,0,0,0,0,0,0,0.1596218487394958
4015,ëOñÏó≥àÍ,6,40,0,7,14,0.16225,0,0,0,0,0,0,0,0,0,0,0.1596218487394958
4016,êºêÏêVëæòY,1,36,9,11,8,0.1513888888888889,9,0,0,0,0,0,6,12,5,0,0.14832535885167464
4016,êºêÏêVëæòY,2,39,5,11,8,0.1512820512820513,0,3,2,0,0,0,0,0,0,17,0.14832535885167464
4016,êºêÏêVëæòY,3,39,6,11,8,0.14128205128205126,0,2,1,2,0,1,0,0,0,0,0.14832535885167464
4016,êºêÏêVëæòY,4,29,5,3,6,0.14620689655172414,0,0,3,1,1,0,0,0,0,0,0.14832535885167464
4016,êºêÏêVëæòY,5,33,0,7,5,0.14181818181818182,0,0,0,0,0,0,0,0,0,0,0.14832535885167464
4016,êºêÏêVëæòY,6,33,0,0,2,0.15818181818181817,0,0,0,0,0,0,0,0,0,0,0.14832535885167464
4017,å¸à‰î¸óÈ,1,55,39,9,2,0.15618181818181817,35,0,0,0,3,1,6,5,4,0,0.16564285714285715
4017,å¸à‰î¸óÈ,2,50,14,13,8,0.16699999999999998,0,9,4,0,1,0,0,0,0,23,0.16564285714285715
4017,å¸à‰î¸óÈ,3,46,3,15,10,0.16086956521739132,0,0,2,0,1,0,0,0,0,0,0.16564285714285715
4017,å¸à‰î¸óÈ,4,50,6,7,11,0.1638,0,2,1,3,0,0,0,0,0,0,0.16564285714285715
4017,å¸à‰î¸óÈ,5,36,0,6,7,0.1688888888888889,0,0,0,0,0,0,0,0,0,0,0.16564285714285715
4017,å¸à‰î¸óÈ,6,43,1,2,2,0.18069767441860465,0,0,1,0,0,0,0,0,0,0,0.16564285714285715
4019,ä}å¥ó∫,1,56,46,4,3,0.15392857142857141,45,0,0,0,1,0,2,3,5,0,0.17228813559322034
4019,ä}å¥ó∫,2,34,6,12,4,0.17205882352941176,0,4,0,0,1,1,0,0,0,14,0.17228813559322034
4019,ä}å¥ó∫,3,37,10,13,6,0.1637837837837838,0,2,4,3,0,1,0,0,0,0,0.17228813559322034
4019,ä}å¥ó∫,4,38,12,8,10,0.1705263157894737,0,3,4,4,1,0,0,0,0,0,0.17228813559322034
4019,ä}å¥ó∫,5,27,4,5,6,0.18555555555555556,0,1,1,1,1,0,0,0,0,0,0.17228813559322034
4019,ä}å¥ó∫,6,44,3,11,14,0.19636363636363638,0,2,0,1,0,0,0,0,0,0,0.17228813559322034
4020,êÏè„ê¥êl,1,34,14,4,6,0.1535294117647059,11,0,0,0,3,0,7,6,2,0,0.17040540540540539
4020,êÏè„ê¥êl,2,44,1,7,6,0.17840909090909093,0,1,0,0,0,0,0,0,0,23,0.17040540540540539
4020,êÏè„ê¥êl,3,36,2,8,12,0.15694444444444444,0,0,2,0,0,0,0,0,0,0,0.17040540540540539
4020,êÏè„ê¥êl,4,32,1,5,4,0.1609375,0,0,0,1,0,0,0,0,0,0,0.17040540540540539
4020,êÏè„ê¥êl,5,41,2,1,7,0.17634146341463414,0,0,0,2,0,0,0,0,0,0,0.17040540540540539
4020,êÏè„ê¥êl,6,35,0,2,3,0.1922857142857143,0,0,0,0,0,0,0,0,0,0,0.17040540540540539
4022,ë“íπóYãI,1,50,22,12,6,0.1408,22,0,0,0,0,0,8,4,9,0,0.14797413793103448
4022,ë“íπóYãI,2,35,5,8,8,0.1677142857142857,0,3,1,0,0,1,0,0,0,18,0.14797413793103448
4022,ë“íπóYãI,3,38,7,6,10,0.14789473684210527,0,0,5,2,0,0,0,0,0,0,0.14797413793103448
4022,ë“íπóYãI,4,37,2,7,10,0.12243243243243244,0,2,0,0,0,0,0,0,0,0,0.14797413793103448
4022,ë“íπóYãI,5,32,1,4,8,0.15031250000000002,0,0,1,0,0,0,0,0,0,0,0.14797413793103448
4022,ë“íπóYãI,6,40,1,4,4,0.1615,0,0,0,1,0,0,0,0,0,0,0.14797413793103448
4023,éƒìcóFòa,1,31,9,8,4,0.15129032258064518,9,0,0,0,0,0,10,6,5,0,0.16194444444444447
4023,éƒìcóFòa,2,45,3,5,13,0.15955555555555556,0,2,1,0,0,0,0,0,0,25,0.16194444444444447
4023,éƒìcóFòa,3,36,1,7,17,0.16972222222222222,0,0,0,0,1,0,0,0,0,0,0.16194444444444447
4023,éƒìcóFòa,4,33,2,4,2,0.1621212121212121,0,0,1,1,0,0,0,0,0,0,0.16194444444444447
4023,éƒìcóFòa,5,39,2,2,5,0.1630769230769231,0,0,1,1,0,0,0,0,0,0,0.16194444444444447
4023,éƒìcóFòa,6,32,0,2,2,0.1653125,0,0,0,0,0,0,0,0,0,0,0.16194444444444447
4024,à‰å˚â¿ìT,1,53,34,8,5,0.15641509433962267,32,0,0,0,2,0,5,7,7,0,0.15423076923076925
4024,à‰å˚â¿ìT,2,39,7,10,9,0.17692307692307693,1,3,1,1,1,0,0,0,0,26,0.15423076923076925
4024,à‰å˚â¿ìT,3,32,8,7,7,0.1528125,0,0,2,6,0,0,0,0,0,0,0.15423076923076925
4024,à‰å˚â¿ìT,4,37,5,6,11,0.15324324324324323,0,1,1,3,0,0,0,0,0,0,0.15423076923076925
4024,à‰å˚â¿ìT,5,33,3,5,9,0.1403030303030303,0,0,1,1,1,0,0,0,0,0,0.15423076923076925
4024,à‰å˚â¿ìT,6,40,3,4,6,0.14275,0,0,1,1,1,0,0,0,0,0,0.15423076923076925
4025,éRñ{ó≤çK,1,62,44,8,5,0.17483870967741935,44,0,0,0,0,0,3,6,8,0,0.17912408759124088
4025,éRñ{ó≤çK,2,53,9,13,12,0.17547169811320756,0,6,2,0,1,0,0,0,0,22,0.17912408759124088
4025,éRñ{ó≤çK,3,44,5,11,7,0.16545454545454547,0,0,1,3,1,0,0,0,0,0,0.17912408759124088
4025,éRñ{ó≤çK,4,39,3,9,15,0.18487179487179486,0,1,2,0,0,0,0,0,0,0,0.17912408759124088
4025,éRñ{ó≤çK,5,37,4,10,4,0.1864864864864865,0,0,1,1,2,0,0,0,0,0,0.17912408759124088
4025,éRñ{ó≤çK,6,39,2,5,9,0.1935897435897436,0,0,1,1,0,0,0,0,0,0,0.17912408759124088
4027,èºç]èGìø,1,43,21,11,4,0.14465116279069767,20,0,0,0,1,0,10,7,4,0,0.15343347639484978
4027,èºç]èGìø,2,40,6,10,7,0.1825,0,6,0,0,0,0,0,0,0,28,0.15343347639484978
4027,èºç]èGìø,3,35,5,6,7,0.16228571428571428,0,0,3,2,0,0,0,0,0,0,0.15343347639484978
4027,èºç]èGìø,4,36,7,2,6,0.11972222222222223,0,0,4,3,0,0,0,0,0,0,0.15343347639484978
4027,èºç]èGìø,5,39,3,1,9,0.14384615384615385,0,0,2,0,0,1,0,0,0,0,0.15343347639484978
4027,èºç]èGìø,6,40,4,5,5,0.16575,0,1,3,0,0,0,0,0,0,0,0.15343347639484978
4028,ìcë∫ó≤êM,1,42,33,2,3,0.11,31,0,0,0,2,0,1,3,5,0,0.1365296803652968
4028,ìcë∫ó≤êM,2,34,7,7,5,0.11264705882352942,0,5,2,0,0,0,0,0,0,14,0.1365296803652968
4028,ìcë∫ó≤êM,3,34,13,9,1,0.13647058823529412,0,0,2,10,0,1,0,0,0,0,0.1365296803652968
4028,ìcë∫ó≤êM,4,40,4,5,8,0.1355,0,0,2,1,1,0,0,0,0,0,0.1365296803652968
4028,ìcë∫ó≤êM,5,33,0,4,7,0.1593939393939394,0,0,0,0,0,0,0,0,0,0,0.1365296803652968
4028,ìcë∫ó≤êM,6,36,2,6,3,0.17027777777777778,0,1,1,0,0,0,0,0,0,0,0.1365296803652968
4030,êXçÇàÍê^,1,50,31,7,5,0.1322,28,0,0,0,3,0,9,6,4,0,0.13269841269841268
4030,êXçÇàÍê^,2,44,2,17,10,0.12431818181818181,0,1,0,0,1,0,0,0,0,27,0.13269841269841268
4030,êXçÇàÍê^,3,41,10,8,9,0.13146341463414635,0,1,3,6,0,0,0,0,0,0,0.13269841269841268
4030,êXçÇàÍê^,4,41,5,13,9,0.12804878048780488,0,1,2,2,0,0,0,0,0,0,0.13269841269841268
4030,êXçÇàÍê^,5,41,1,6,8,0.13219512195121952,0,0,1,0,0,0,0,0,0,0,0.13269841269841268
4030,êXçÇàÍê^,6,35,0,4,10,0.1514285714285714,0,0,0,0,0,0,0,0,0,0,0.13269841269841268
4031,î—ìáêΩ,1,28,11,9,1,0.16642857142857143,10,0,0,0,1,0,6,6,4,0,0.1918048780487805
4031,î—ìáêΩ,2,39,0,7,11,0.19102564102564104,0,0,0,0,0,0,0,0,0,17,0.1918048780487805
4031,î—ìáêΩ,3,34,1,6,11,0.18411764705882352,0,1,0,0,0,0,0,0,0,0,0.1918048780487805
4031,î—ìáêΩ,4,38,2,3,8,0.19710526315789476,0,1,0,0,1,0,0,0,0,0,0.1918048780487805
4031,î—ìáêΩ,5,35,1,1,2,0.19314285714285714,0,0,0,0,1,0,0,0,0,0,0.1918048780487805
4031,î—ìáêΩ,6,31,0,2,3,0.2161290322580645,0,0,0,0,0,0,0,0,0,0,0.1918048780487805
4033,à…ì°è´ãg,1,48,41,4,2,0.12875,40,0,0,0,1,0,2,3,2,0,0.1409349593495935
4033,à…ì°è´ãg,2,42,8,15,10,0.14452380952380953,0,5,2,0,1,0,0,0,0,24,0.1409349593495935
4033,à…ì°è´ãg,3,47,8,19,5,0.13425531914893618,0,0,3,5,0,0,0,0,0,0,0.1409349593495935
4033,à…ì°è´ãg,4,40,11,7,9,0.143,0,1,4,4,2,0,0,0,0,0,0.1409349593495935
4033,à…ì°è´ãg,5,35,0,8,8,0.14942857142857144,0,0,0,0,0,0,0,0,0,0,0.1409349593495935
4033,à…ì°è´ãg,6,34,1,3,6,0.15176470588235294,0,0,0,1,0,0,0,0,0,0,0.1409349593495935
4034,êºå¥ñæê∂,1,29,9,8,4,0.1482758620689655,9,0,0,0,0,0,12,1,4,0,0.18352422907488988
4034,êºå¥ñæê∂,2,41,2,4,12,0.18853658536585366,1,0,1,0,0,0,0,0,0,22,0.18352422907488988
4034,êºå¥ñæê∂,3,42,1,11,5,0.17714285714285716,0,0,1,0,0,0,0,0,0,0,0.18352422907488988
4034,êºå¥ñæê∂,4,43,2,3,4,0.18790697674418605,0,1,1,0,0,0,0,0,0,0,0.18352422907488988
4034,êºå¥ñæê∂,5,41,0,5,11,0.18170731707317073,0,0,0,0,0,0,0,0,0,0,0.18352422907488988
4034,êºå¥ñæê∂,6,31,1,2,4,0.21483870967741936,0,1,0,0,0,0,0,0,0,0,0.18352422907488988
4035,êôç]ç_ñæ,1,32,11,4,5,0.200625,8,0,0,0,3,0,6,10,4,0,0.19933884297520663
4035,êôç]ç_ñæ,2,45,1,7,7,0.2046666666666667,0,0,1,0,0,0,0,0,0,21,0.19933884297520663
4035,êôç]ç_ñæ,3,47,2,8,10,0.2002127659574468,0,0,1,1,0,0,0,0,0,0,0.19933884297520663
4035,êôç]ç_ñæ,4,40,3,5,3,0.19125,0,1,1,1,0,0,0,0,0,0,0.19933884297520663
4035,êôç]ç_ñæ,5,43,1,6,3,0.2013953488372093,0,0,0,1,0,0,0,0,0,0,0.19933884297520663
4035,êôç]ç_ñæ,6,35,0,3,2,0.19685714285714284,0,0,0,0,0,0,0,0,0,0,0.19933884297520663
4036,ã‡ìcó@,1,52,38,5,6,0.1376923076923077,38,0,0,0,0,0,5,5,1,0,0.16053333333333333
4036,ã‡ìcó@,2,32,6,11,5,0.1803125,0,4,1,1,0,0,0,0,0,16,0.16053333333333333
4036,ã‡ìcó@,3,39,11,11,8,0.15487179487179487,0,0,7,2,2,0,0,0,0,0,0.16053333333333333
4036,ã‡ìcó@,4,37,8,6,8,0.1589189189189189,0,0,5,1,1,1,0,0,0,0,0.16053333333333333
4036,ã‡ìcó@,5,31,4,5,8,0.16580645161290325,0,0,2,2,0,0,0,0,0,0,0.16053333333333333
4036,ã‡ìcó@,6,34,6,3,5,0.18029411764705883,0,1,4,1,0,0,0,0,0,0,0.16053333333333333
4037,ï ï{ê≥çK,1,43,12,17,6,0.15953488372093025,12,0,0,0,0,0,14,5,10,0,0.17033755274261603
4037,ï ï{ê≥çK,2,41,8,4,9,0.1626829268292683,0,5,3,0,0,0,0,0,0,17,0.17033755274261603
4037,ï ï{ê≥çK,3,37,5,8,6,0.16108108108108107,0,1,3,0,1,0,0,0,0,0,0.17033755274261603
4037,ï ï{ê≥çK,4,37,1,5,7,0.17081081081081081,0,0,0,0,1,0,0,0,0,0,0.17033755274261603
4037,ï ï{ê≥çK,5,38,3,5,8,0.18526315789473685,0,0,0,2,1,0,0,0,0,0,0.17033755274261603
4037,ï ï{ê≥çK,6,41,1,3,8,0.1834146341463415,0,0,0,0,1,0,0,0,0,0,0.17033755274261603
4039,ë∫è„å˜óS,1,30,12,9,4,0.13433333333333333,12,0,0,0,0,0,7,4,5,0,0.1547979797979798
4039,ë∫è„å˜óS,2,33,2,12,6,0.15878787878787878,0,2,0,0,0,0,0,0,0,14,0.1547979797979798
4039,ë∫è„å˜óS,3,36,6,8,5,0.15666666666666668,0,1,3,2,0,0,0,0,0,0,0.1547979797979798
4039,ë∫è„å˜óS,4,36,7,5,5,0.12527777777777777,0,0,6,1,0,0,0,0,0,0,0.1547979797979798
4039,ë∫è„å˜óS,5,29,1,5,6,0.14689655172413793,0,0,0,1,0,0,0,0,0,0,0.1547979797979798
4039,ë∫è„å˜óS,6,34,0,0,4,0.205,0,0,0,0,0,0,0,0,0,0,0.1547979797979798
4040,úAê£è´ãú,1,41,27,6,3,0.15073170731707317,25,0,0,0,2,0,2,4,6,0,0.15165254237288137
4040,úAê£è´ãú,2,36,2,12,11,0.16611111111111113,0,2,0,0,0,0,0,0,0,22,0.15165254237288137
4040,úAê£è´ãú,3,37,6,10,9,0.14243243243243242,0,0,3,3,0,0,0,0,0,0,0.15165254237288137
4040,úAê£è´ãú,4,43,3,6,11,0.1472093023255814,0,0,2,1,0,0,0,0,0,0,0.15165254237288137
4040,úAê£è´ãú,5,41,2,8,7,0.1426829268292683,0,0,0,2,0,0,0,0,0,0,0.15165254237288137
4040,úAê£è´ãú,6,38,0,2,5,0.1626315789473684,0,0,0,0,0,0,0,0,0,0,0.15165254237288137
4041,è¨ó—äÓé˜,1,22,7,3,2,0.18,7,0,0,0,0,0,4,4,6,0,0.21675
4041,è¨ó—äÓé˜,2,29,3,6,6,0.20448275862068965,0,3,0,0,0,0,0,0,0,13,0.21675
4041,è¨ó—äÓé˜,3,31,1,6,5,0.21,0,0,1,0,0,0,0,0,0,0,0.21675
4041,è¨ó—äÓé˜,4,28,1,5,5,0.24214285714285716,0,0,1,0,0,0,0,0,0,0,0.21675
4041,è¨ó—äÓé˜,5,29,0,2,4,0.22482758620689652,0,0,0,0,0,0,0,0,0,0,0.21675
4041,è¨ó—äÓé˜,6,21,0,2,2,0.23714285714285716,0,0,0,0,0,0,0,0,0,0,0.21675
4042,ä€â™ê≥ìT,1,58,40,8,3,0.13982758620689653,38,0,0,0,2,0,4,5,6,0,0.1547841726618705
4042,ä€â™ê≥ìT,2,47,14,16,6,0.1397872340425532,0,11,2,0,1,0,0,0,0,22,0.1547841726618705
4042,ä€â™ê≥ìT,3,42,9,10,10,0.15523809523809523,0,3,4,1,1,0,0,0,0,0,0.1547841726618705
4042,ä€â™ê≥ìT,4,47,7,11,9,0.14765957446808511,0,0,5,2,0,0,0,0,0,0,0.1547841726618705
4042,ä€â™ê≥ìT,5,39,4,7,10,0.16589743589743589,0,0,1,3,0,0,0,0,0,0,0.1547841726618705
4042,ä€â™ê≥ìT,6,45,1,4,7,0.18711111111111112,0,1,0,0,0,0,0,0,0,0,0.1547841726618705
4043,ãÀñ{çNêb,1,54,39,7,2,0.14925925925925926,38,0,0,0,1,0,4,3,5,0,0.15458823529411767
4043,ãÀñ{çNêb,2,43,12,7,10,0.14465116279069767,0,8,3,0,1,0,0,0,0,21,0.15458823529411767
4043,ãÀñ{çNêb,3,44,3,16,13,0.14704545454545453,0,0,1,2,0,0,0,0,0,0,0.15458823529411767
4043,ãÀñ{çNêb,4,36,9,6,8,0.15388888888888888,0,1,1,7,0,0,0,0,0,0,0.15458823529411767
4043,ãÀñ{çNêb,5,35,3,5,9,0.1625714285714286,0,1,0,1,0,1,0,0,0,0,0.15458823529411767
4043,ãÀñ{çNêb,6,43,2,5,10,0.1730232558139535,0,0,0,2,0,0,0,0,0,0,0.15458823529411767
4044,ìíêÏç_éi,1,38,21,10,3,0.12736842105263158,21,0,0,0,0,0,5,4,7,0,0.13972350230414746
4044,ìíêÏç_éi,2,37,8,11,5,0.13864864864864865,1,5,0,0,1,1,0,0,0,19,0.13972350230414746
4044,ìíêÏç_éi,3,32,2,14,4,0.1378125,0,0,2,0,0,0,0,0,0,0,0.13972350230414746
4044,ìíêÏç_éi,4,36,9,6,8,0.14222222222222222,0,5,2,1,1,0,0,0,0,0,0.13972350230414746
4044,ìíêÏç_éi,5,35,3,9,5,0.13885714285714287,0,0,0,3,0,0,0,0,0,0,0.13972350230414746
4044,ìíêÏç_éi,6,39,4,5,9,0.15282051282051282,0,1,1,2,0,0,0,0,0,0,0.13972350230414746
4045,ç≤ÅXñÿóTî¸,1,48,28,3,6,0.16770833333333335,28,0,0,0,0,0,6,8,4,0,0.15914529914529915
4045,ç≤ÅXñÿóTî¸,2,44,8,8,7,0.15863636363636366,0,3,5,0,0,0,0,0,0,25,0.15914529914529915
4045,ç≤ÅXñÿóTî¸,3,40,8,16,5,0.14975,0,1,4,3,0,0,0,0,0,0,0.15914529914529915
4045,ç≤ÅXñÿóTî¸,4,30,4,1,11,0.17600000000000002,0,1,2,1,0,0,0,0,0,0,0.15914529914529915
4045,ç≤ÅXñÿóTî¸,5,35,2,3,5,0.1514285714285714,0,0,0,2,0,0,0,0,0,0,0.15914529914529915
4045,ç≤ÅXñÿóTî¸,6,37,1,2,5,0.15243243243243246,0,0,1,0,0,0,0,0,0,0,0.15914529914529915
4046,íJë∫å[éi,1,24,7,7,3,0.1825,6,0,0,0,1,0,7,6,3,0,0.19478021978021978
4046,íJë∫å[éi,2,33,3,2,6,0.2063636363636364,0,0,2,0,1,0,0,0,0,16,0.19478021978021978
4046,íJë∫å[éi,3,34,0,5,4,0.19647058823529412,0,0,0,0,0,0,0,0,0,0,0.19478021978021978
4046,íJë∫å[éi,4,34,1,2,5,0.20205882352941176,0,0,1,0,0,0,0,0,0,0,0.19478021978021978
4046,íJë∫å[éi,5,33,0,3,7,0.19242424242424244,0,0,0,0,0,0,0,0,0,0,0.19478021978021978
4046,íJë∫å[éi,6,24,0,1,1,0.18166666666666667,0,0,0,0,0,0,0,0,0,0,0.19478021978021978
4047,ãgâiç_ë•,1,26,12,4,2,0.13653846153846153,12,0,0,0,0,0,6,2,4,0,0.1568452380952381
4047,ãgâiç_ë•,2,28,1,2,7,0.15178571428571427,0,1,0,0,0,0,0,0,0,14,0.1568452380952381
4047,ãgâiç_ë•,3,32,2,7,9,0.1265625,0,0,1,0,1,0,0,0,0,0,0.1568452380952381
4047,ãgâiç_ë•,4,30,1,1,6,0.17833333333333332,0,0,1,0,0,0,0,0,0,0,0.1568452380952381
4047,ãgâiç_ë•,5,30,0,2,4,0.1756666666666667,0,0,0,0,0,0,0,0,0,0,0.1568452380952381
4047,ãgâiç_ë•,6,22,0,1,2,0.17636363636363636,0,0,0,0,0,0,0,0,0,0,0.1568452380952381
4049,çrêÏåíëæ,1,62,48,4,5,0.1414516129032258,45,0,0,0,3,0,2,8,1,0,0.1664
4049,çrêÏåíëæ,2,45,6,17,11,0.13955555555555557,0,6,0,0,0,0,0,0,0,26,0.1664
4049,çrêÏåíëæ,3,53,10,11,16,0.1590566037735849,0,2,2,4,2,0,0,0,0,0,0.1664
4049,çrêÏåíëæ,4,50,5,9,11,0.175,0,3,0,2,0,0,0,0,0,0,0.1664
4049,çrêÏåíëæ,5,45,3,11,8,0.1808888888888889,0,1,0,2,0,0,0,0,0,0,0.1664
4049,çrêÏåíëæ,6,45,1,2,7,0.21222222222222223,0,1,0,0,0,0,0,0,0,0,0.1664
4050,ìcå˚êﬂéq,1,52,37,10,1,0.12942307692307692,35,0,0,0,2,0,9,1,2,0,0.14714912280701753
4050,ìcå˚êﬂéq,2,36,13,11,3,0.15444444444444447,0,8,4,0,1,0,0,0,0,16,0.14714912280701753
4050,ìcå˚êﬂéq,3,39,13,7,7,0.1287179487179487,0,2,5,5,1,0,0,0,0,0,0.14714912280701753
4050,ìcå˚êﬂéq,4,44,5,12,11,0.13977272727272727,0,1,2,1,1,0,0,0,0,0,0.14714912280701753
4050,ìcå˚êﬂéq,5,26,4,5,7,0.16,0,1,1,2,0,0,0,0,0,0,0.14714912280701753
4050,ìcå˚êﬂéq,6,31,5,4,5,0.19129032258064516,0,0,0,4,1,0,0,0,0,0,0.14714912280701753
4051,ê¥êÖì÷äˆ,1,51,36,10,2,0.1343137254901961,34,0,1,0,1,0,5,5,4,0,0.15336405529953917
4051,ê¥êÖì÷äˆ,2,38,11,12,5,0.13842105263157894,0,8,1,0,2,0,0,0,0,19,0.15336405529953917
4051,ê¥êÖì÷äˆ,3,36,8,13,9,0.1625,0,1,1,4,2,0,0,0,0,0,0.15336405529953917
4051,ê¥êÖì÷äˆ,4,30,5,9,7,0.159,0,1,2,2,0,0,0,0,0,0,0.15336405529953917
4051,ê¥êÖì÷äˆ,5,34,3,8,8,0.15441176470588236,0,0,0,3,0,0,0,0,0,0,0.15336405529953917
4051,ê¥êÖì÷äˆ,6,28,2,6,11,0.18928571428571428,0,0,0,1,1,0,0,0,0,0,0.15336405529953917
4052,ãªí√óï,1,39,24,5,4,0.16153846153846155,22,0,0,0,2,0,4,4,5,0,0.16697872340425532
4052,ãªí√óï,2,41,4,11,8,0.1641463414634146,0,1,2,0,1,0,0,0,0,23,0.16697872340425532
4052,ãªí√óï,3,38,4,7,13,0.15184210526315792,0,1,2,1,0,0,0,0,0,0,0.16697872340425532
4052,ãªí√óï,4,38,5,10,8,0.16105263157894736,0,0,2,2,0,1,0,0,0,0,0.16697872340425532
4052,ãªí√óï,5,35,0,7,9,0.16228571428571428,0,0,0,0,0,0,0,0,0,0,0.16697872340425532
4052,ãªí√óï,6,44,0,4,10,0.19636363636363638,0,0,0,0,0,0,0,0,0,0,0.16697872340425532
4053,à∞‡Vñ],1,28,18,5,2,0.16,17,0,0,0,1,0,2,5,1,0,0.162603550295858
4053,à∞‡Vñ],2,29,5,11,4,0.16379310344827586,0,4,1,0,0,0,0,0,0,16,0.162603550295858
4053,à∞‡Vñ],3,22,3,6,2,0.17227272727272727,0,0,3,0,0,0,0,0,0,0,0.162603550295858
4053,à∞‡Vñ],4,23,2,5,6,0.14695652173913043,0,0,1,1,0,0,0,0,0,0,0.162603550295858
4053,à∞‡Vñ],5,34,2,2,9,0.15117647058823527,0,0,0,2,0,0,0,0,0,0,0.162603550295858
4053,à∞‡Vñ],6,33,1,3,9,0.18000000000000002,0,0,0,1,0,0,0,0,0,0,0.162603550295858
4054,ïüìàíqîV,1,29,14,5,6,0.15379310344827585,13,0,0,0,0,1,8,4,2,0,0.1591044776119403
4054,ïüìàíqîV,2,38,3,6,6,0.14526315789473684,0,0,3,0,0,0,0,0,0,19,0.1591044776119403
4054,ïüìàíqîV,3,33,2,6,8,0.15424242424242424,0,0,1,0,1,0,0,0,0,0,0.1591044776119403
4054,ïüìàíqîV,4,32,1,5,4,0.17875000000000002,0,1,0,0,0,0,0,0,0,0,0.1591044776119403
4054,ïüìàíqîV,5,33,2,3,4,0.16393939393939394,0,0,1,1,0,0,0,0,0,0,0.1591044776119403
4054,ïüìàíqîV,6,36,3,1,3,0.16055555555555556,0,0,3,0,0,0,0,0,0,0,0.1591044776119403
4055,ãgìcèrïF,1,53,36,11,2,0.14320754716981132,35,0,0,0,1,0,7,6,3,0,0.14397683397683397
4055,ãgìcèrïF,2,44,9,11,11,0.14045454545454544,0,5,4,0,0,0,0,0,0,28,0.14397683397683397
4055,ãgìcèrïF,3,37,4,10,8,0.1354054054054054,0,0,0,3,1,0,0,0,0,0,0.14397683397683397
4055,ãgìcèrïF,4,43,5,9,9,0.14697674418604653,0,1,2,2,0,0,0,0,0,0,0.14397683397683397
4055,ãgìcèrïF,5,37,2,4,8,0.14513513513513515,0,0,0,2,0,0,0,0,0,0,0.14397683397683397
4055,ãgìcèrïF,6,45,4,8,3,0.15155555555555555,0,1,0,1,2,0,0,0,0,0,0.14397683397683397
4056,è¨êºâpãP,1,33,13,6,7,0.1390909090909091,13,0,0,0,0,0,8,3,6,0,0.1527570093457944
4056,è¨êºâpãP,2,42,2,8,14,0.16285714285714287,0,1,1,0,0,0,0,0,0,29,0.1527570093457944
4056,è¨êºâpãP,3,35,2,6,4,0.15685714285714286,0,0,1,1,0,0,0,0,0,0,0.1527570093457944
4056,è¨êºâpãP,4,41,0,9,5,0.1726829268292683,0,0,0,0,0,0,0,0,0,0,0.1527570093457944
4056,è¨êºâpãP,5,36,2,0,8,0.13055555555555556,0,0,0,1,1,0,0,0,0,0,0.1527570093457944
4056,è¨êºâpãP,6,27,0,4,3,0.14777777777777779,0,0,0,0,0,0,0,0,0,0,0.1527570093457944
4057,èºà‰å´é°,1,51,26,12,8,0.14921568627450982,24,0,0,0,2,0,7,8,6,0,0.16424908424908427
4057,èºà‰å´é°,2,48,6,15,9,0.15270833333333333,0,3,3,0,0,0,0,0,0,26,0.16424908424908427
4057,èºà‰å´é°,3,48,2,15,12,0.15666666666666668,0,0,0,2,0,0,0,0,0,0,0.16424908424908427
4057,èºà‰å´é°,4,48,3,6,18,0.17395833333333333,0,2,1,0,0,0,0,0,0,0,0.16424908424908427
4057,èºà‰å´é°,5,42,0,9,6,0.16357142857142856,0,0,0,0,0,0,0,0,0,0,0.16424908424908427
4057,èºà‰å´é°,6,36,0,6,4,0.1988888888888889,0,0,0,0,0,0,0,0,0,0,0.16424908424908427
4058,ñÏññíqàÍ,1,35,11,9,8,0.1802857142857143,9,0,0,0,2,0,9,3,10,0,0.19781746031746034
4058,ñÏññíqàÍ,2,48,2,16,12,0.1835416666666667,0,2,0,0,0,0,0,0,0,32,0.19781746031746034
4058,ñÏññíqàÍ,3,50,4,11,17,0.1984,0,0,0,3,1,0,0,0,0,0,0.19781746031746034
4058,ñÏññíqàÍ,4,41,0,7,10,0.2004878048780488,0,0,0,0,0,0,0,0,0,0,0.19781746031746034
4058,ñÏññíqàÍ,5,41,1,8,8,0.19073170731707317,0,0,0,1,0,0,0,0,0,0,0.19781746031746034
4058,ñÏññíqàÍ,6,37,2,6,7,0.23702702702702702,0,0,0,2,0,0,0,0,0,0,0.19781746031746034
4059,ì¸‡VóFé°,1,47,24,7,3,0.15170212765957447,22,0,0,0,2,0,8,4,5,0,0.14559322033898306
4059,ì¸‡VóFé°,2,37,7,14,7,0.1345945945945946,0,3,3,0,1,0,0,0,0,17,0.14559322033898306
4059,ì¸‡VóFé°,3,39,7,11,7,0.16230769230769232,0,0,3,4,0,0,0,0,0,0,0.14559322033898306
4059,ì¸‡VóFé°,4,35,6,5,9,0.12428571428571428,0,0,5,1,0,0,0,0,0,0,0.14559322033898306
4059,ì¸‡VóFé°,5,39,4,9,4,0.14717948717948717,0,0,1,3,0,0,0,0,0,0,0.14559322033898306
4059,ì¸‡VóFé°,6,39,3,5,3,0.1494871794871795,0,0,0,3,0,0,0,0,0,0,0.14559322033898306
4060,ìáìcàÍê∂,1,26,12,5,3,0.1503846153846154,11,0,0,0,1,0,7,5,2,0,0.1562085308056872
4060,ìáìcàÍê∂,2,42,6,8,8,0.15261904761904763,0,4,2,0,0,0,0,0,0,25,0.1562085308056872
4060,ìáìcàÍê∂,3,33,6,7,3,0.1575757575757576,0,0,4,1,1,0,0,0,0,0,0.1562085308056872
4060,ìáìcàÍê∂,4,34,2,2,8,0.16205882352941176,0,1,0,1,0,0,0,0,0,0,0.1562085308056872
4060,ìáìcàÍê∂,5,44,1,4,2,0.15136363636363637,0,0,0,1,0,0,0,0,0,0,0.1562085308056872
4060,ìáìcàÍê∂,6,32,1,1,2,0.16468750000000001,0,0,0,1,0,0,0,0,0,0,0.1562085308056872
4061,îãå¥èGêl,1,68,46,11,5,0.13161764705882353,42,0,0,0,4,0,6,5,8,0,0.14072164948453608
4061,îãå¥èGêl,2,43,11,13,4,0.15046511627906975,0,7,3,0,1,0,0,0,0,25,0.14072164948453608
4061,îãå¥èGêl,3,48,12,12,9,0.140625,0,1,3,7,1,0,0,0,0,0,0.14072164948453608
4061,îãå¥èGêl,4,46,6,8,18,0.14108695652173914,0,3,2,1,0,0,0,0,0,0,0.14072164948453608
4061,îãå¥èGêl,5,42,3,4,11,0.1492857142857143,0,1,1,1,0,0,0,0,0,0,0.14072164948453608
4061,îãå¥èGêl,6,44,2,7,13,0.13681818181818184,0,0,0,2,0,0,0,0,0,0,0.14072164948453608
4062,å„ì°ózâÓ,1,31,23,4,1,0.13870967741935483,23,0,0,0,0,0,1,3,3,0,0.1541818181818182
4062,å„ì°ózâÓ,2,38,4,5,6,0.1455263157894737,0,2,2,0,0,0,0,0,0,14,0.1541818181818182
4062,å„ì°ózâÓ,3,42,7,8,9,0.16,0,1,5,1,0,0,0,0,0,0,0.1541818181818182
4062,å„ì°ózâÓ,4,42,9,1,10,0.17238095238095238,0,1,7,0,1,0,0,0,0,0,0.1541818181818182
4062,å„ì°ózâÓ,5,36,5,7,4,0.15333333333333335,0,1,2,2,0,0,0,0,0,0,0.1541818181818182
4062,å„ì°ózâÓ,6,31,3,4,1,0.14870967741935484,0,0,2,1,0,0,0,0,0,0,0.1541818181818182
4063,ésã¥ëÏém,1,53,40,9,1,0.13999999999999999,38,0,0,0,2,0,4,5,3,0,0.15144
4063,ésã¥ëÏém,2,40,6,15,6,0.143,0,3,1,1,1,0,0,0,0,26,0.15144
4063,ésã¥ëÏém,3,43,9,11,7,0.14651162790697675,0,2,2,4,0,1,0,0,0,0,0.15144
4063,ésã¥ëÏém,4,41,7,10,10,0.1558536585365854,0,0,3,2,2,0,0,0,0,0,0.15144
4063,ésã¥ëÏém,5,33,3,6,8,0.1603030303030303,0,0,0,3,0,0,0,0,0,0,0.15144
4063,ésã¥ëÏém,6,40,3,4,13,0.1685,0,0,0,3,0,0,0,0,0,0,0.15144
4064,å¥ìcìƒéu,1,59,47,6,2,0.1411864406779661,44,0,0,0,3,0,6,3,2,0,0.16848605577689243
4064,å¥ìcìƒéu,2,35,5,8,6,0.15771428571428572,0,2,3,0,0,0,0,0,0,20,0.16848605577689243
4064,å¥ìcìƒéu,3,38,5,10,8,0.17894736842105263,0,1,1,2,1,0,0,0,0,0,0.16848605577689243
4064,å¥ìcìƒéu,4,48,6,7,9,0.17333333333333334,0,4,0,1,1,0,0,0,0,0,0.16848605577689243
4064,å¥ìcìƒéu,5,35,1,7,6,0.17857142857142858,0,0,0,1,0,0,0,0,0,0,0.16848605577689243
4064,å¥ìcìƒéu,6,36,2,5,6,0.1963888888888889,0,1,0,0,1,0,0,0,0,0,0.16848605577689243
4065,ã‡ìcçKéq,1,42,29,6,1,0.17357142857142857,24,0,0,0,5,0,3,5,4,0,0.17171945701357466
4065,ã‡ìcçKéq,2,41,10,10,5,0.1726829268292683,0,5,4,0,1,0,0,0,0,15,0.17171945701357466
4065,ã‡ìcçKéq,3,38,6,11,9,0.1668421052631579,0,1,5,0,0,0,0,0,0,0,0.17171945701357466
4065,ã‡ìcçKéq,4,34,4,12,8,0.16323529411764706,0,0,2,0,2,0,0,0,0,0,0.17171945701357466
4065,ã‡ìcçKéq,5,38,1,2,7,0.18552631578947368,0,0,1,0,0,0,0,0,0,0,0.17171945701357466
4065,ã‡ìcçKéq,6,28,1,0,8,0.1657142857142857,0,0,0,1,0,0,0,0,0,0,0.17171945701357466
4066,ìåñ{èüóò,1,54,35,11,5,0.1425925925925926,27,1,0,0,7,0,7,6,6,0,0.16075268817204302
4066,ìåñ{èüóò,2,46,12,16,8,0.16717391304347826,0,8,0,0,4,0,0,0,0,21,0.16075268817204302
4066,ìåñ{èüóò,3,49,7,17,10,0.16285714285714287,0,1,2,2,2,0,0,0,0,0,0.16075268817204302
4066,ìåñ{èüóò,4,50,9,8,16,0.1642,0,2,2,1,4,0,0,0,0,0,0.16075268817204302
4066,ìåñ{èüóò,5,38,1,9,11,0.17263157894736844,0,1,0,0,0,0,0,0,0,0,0.16075268817204302
4066,ìåñ{èüóò,6,42,2,6,10,0.15976190476190477,0,0,1,0,1,0,0,0,0,0,0.16075268817204302
4067,âià‰åπ,1,56,38,8,4,0.18053571428571427,38,0,0,0,0,0,5,5,7,0,0.17687999999999998
4067,âià‰åπ,2,41,6,9,10,0.18682926829268293,0,6,0,0,0,0,0,0,0,13,0.17687999999999998
4067,âià‰åπ,3,36,8,11,7,0.19,0,3,0,3,2,0,0,0,0,0,0.17687999999999998
4067,âià‰åπ,4,47,9,10,8,0.15851063829787235,0,3,3,1,2,0,0,0,0,0,0.17687999999999998
4067,âià‰åπ,5,35,3,9,6,0.15771428571428572,0,1,0,2,0,0,0,0,0,0,0.17687999999999998
4067,âià‰åπ,6,35,1,5,10,0.1897142857142857,0,0,0,0,1,0,0,0,0,0,0.17687999999999998
4068,çKìcíqóT,1,31,12,9,3,0.17258064516129032,12,0,0,0,0,0,4,7,5,0,0.1708695652173913
4068,çKìcíqóT,2,38,6,8,7,0.17684210526315788,0,5,1,0,0,0,0,0,0,19,0.1708695652173913
4068,çKìcíqóT,3,35,1,12,9,0.162,0,0,0,0,1,0,0,0,0,0,0.1708695652173913
4068,çKìcíqóT,4,36,2,7,11,0.15222222222222223,0,0,1,0,0,1,0,0,0,0,0.1708695652173913
4068,çKìcíqóT,5,38,1,5,10,0.17526315789473684,0,0,0,1,0,0,0,0,0,0,0.1708695652173913
4068,çKìcíqóT,6,29,0,2,5,0.1893103448275862,0,0,0,0,0,0,0,0,0,0,0.1708695652173913
4069,éRñ{èCàÍ,1,56,34,14,3,0.1480357142857143,31,0,0,0,3,0,10,5,4,0,0.15904580152671757
4069,éRñ{èCàÍ,2,39,5,13,8,0.1482051282051282,0,3,1,0,0,1,0,0,0,23,0.15904580152671757
4069,éRñ{èCàÍ,3,45,10,8,11,0.14066666666666666,0,2,2,4,2,0,0,0,0,0,0.15904580152671757
4069,éRñ{èCàÍ,4,42,4,7,16,0.14357142857142857,0,1,2,0,0,1,0,0,0,0,0.15904580152671757
4069,éRñ{èCàÍ,5,38,2,9,10,0.19447368421052633,0,2,0,0,0,0,0,0,0,0,0.15904580152671757
4069,éRñ{èCàÍ,6,42,2,10,11,0.1869047619047619,0,0,0,2,0,0,0,0,0,0,0.15904580152671757
4071,å√âÍêÁèª,1,32,13,5,7,0.1621875,13,0,0,0,0,0,6,7,3,0,0.17623809523809522
4071,å√âÍêÁèª,2,42,4,8,7,0.17404761904761906,0,3,0,0,1,0,0,0,0,25,0.17623809523809522
4071,å√âÍêÁèª,3,39,3,7,9,0.1758974358974359,0,1,0,2,0,0,0,0,0,0,0.17623809523809522
4071,å√âÍêÁèª,4,40,4,5,9,0.1795,0,1,0,3,0,0,0,0,0,0,0.17623809523809522
4071,å√âÍêÁèª,5,33,0,3,8,0.17545454545454545,0,0,0,0,0,0,0,0,0,0,0.17623809523809522
4071,å√âÍêÁèª,6,24,1,2,4,0.19500000000000003,0,0,0,1,0,0,0,0,0,0,0.17623809523809522
4072,êXâiè~,1,48,39,6,1,0.12875,39,0,0,0,0,0,1,2,4,0,0.1377405857740586
4072,êXâiè~,2,39,11,8,7,0.14076923076923079,1,6,3,0,1,0,0,0,0,16,0.1377405857740586
4072,êXâiè~,3,41,6,14,8,0.14170731707317075,0,0,4,1,1,0,0,0,0,0,0.1377405857740586
4072,êXâiè~,4,39,10,7,6,0.13153846153846155,0,2,2,6,0,0,0,0,0,0,0.1377405857740586
4072,êXâiè~,5,40,5,6,8,0.151,0,0,1,4,0,0,0,0,0,0,0.1377405857740586
4072,êXâiè~,6,32,0,4,6,0.13343750000000001,0,0,0,0,0,0,0,0,0,0,0.1377405857740586
4073,ëÂã¥èÉàÍòY,1,59,38,14,1,0.12508474576271186,35,0,0,0,3,0,6,6,6,0,0.1535016835016835
4073,ëÂã¥èÉàÍòY,2,49,8,16,7,0.14530612244897959,0,6,1,0,1,0,0,0,0,25,0.1535016835016835
4073,ëÂã¥èÉàÍòY,3,51,6,14,12,0.15,0,0,0,6,0,0,0,0,0,0,0.1535016835016835
4073,ëÂã¥èÉàÍòY,4,47,8,6,13,0.16829787234042554,0,2,1,3,2,0,0,0,0,0,0.1535016835016835
4073,ëÂã¥èÉàÍòY,5,48,4,8,13,0.16291666666666668,0,0,0,4,0,0,0,0,0,0,0.1535016835016835
4073,ëÂã¥èÉàÍòY,6,43,0,8,11,0.17930232558139536,0,0,0,0,0,0,0,0,0,0,0.1535016835016835
4074,ñˆëÚàÍ,1,64,40,11,5,0.11859375,37,0,0,0,3,0,5,10,7,0,0.12736507936507935
4074,ñˆëÚàÍ,2,47,8,13,11,0.1474468085106383,0,5,2,1,0,0,0,0,0,22,0.12736507936507935
4074,ñˆëÚàÍ,3,54,10,12,10,0.11944444444444445,0,2,0,8,0,0,0,0,0,0,0.12736507936507935
4074,ñˆëÚàÍ,4,60,7,18,12,0.12933333333333333,0,0,2,5,0,0,0,0,0,0,0.12736507936507935
4074,ñˆëÚàÍ,5,41,5,6,9,0.12682926829268293,0,1,0,4,0,0,0,0,0,0,0.12736507936507935
4074,ñˆëÚàÍ,6,49,3,7,12,0.1263265306122449,0,2,1,0,0,0,0,0,0,0,0.12736507936507935
4075,íÜñÏéüòY,1,57,39,15,0,0.11508771929824563,37,0,0,0,2,0,7,1,8,0,0.13804964539007092
4075,íÜñÏéüòY,2,44,7,12,11,0.13204545454545455,0,6,0,0,1,0,0,0,0,26,0.13804964539007092
4075,íÜñÏéüòY,3,49,7,16,8,0.13183673469387755,0,1,4,2,0,0,0,0,0,0,0.13804964539007092
4075,íÜñÏéüòY,4,45,7,5,10,0.12955555555555556,0,1,5,1,0,0,0,0,0,0,0.13804964539007092
4075,íÜñÏéüòY,5,42,2,11,9,0.1630952380952381,0,0,0,2,0,0,0,0,0,0,0.13804964539007092
4075,íÜñÏéüòY,6,45,1,6,17,0.1648888888888889,0,0,0,0,1,0,0,0,0,0,0.13804964539007092
4076,êôìcìƒåı,1,46,23,5,5,0.1808695652173913,23,0,0,0,0,0,6,11,6,0,0.19123456790123455
4076,êôìcìƒåı,2,42,4,8,13,0.18023809523809525,0,2,1,0,1,0,0,0,0,22,0.19123456790123455
4076,êôìcìƒåı,3,38,4,11,5,0.18,0,2,1,1,0,0,0,0,0,0,0.19123456790123455
4076,êôìcìƒåı,4,41,4,10,10,0.1848780487804878,0,0,3,0,1,0,0,0,0,0,0.19123456790123455
4076,êôìcìƒåı,5,39,4,6,4,0.21384615384615385,0,1,0,2,1,0,0,0,0,0,0.19123456790123455
4076,êôìcìƒåı,6,37,1,1,11,0.21135135135135136,0,1,0,0,0,0,0,0,0,0,0.19123456790123455
4077,ïiìcíºé˜,1,43,11,12,3,0.19372093023255815,11,0,0,0,0,0,11,13,4,0,0.18423529411764708
4077,ïiìcíºé˜,2,45,6,9,10,0.16644444444444445,0,5,0,0,0,1,0,0,0,17,0.18423529411764708
4077,ïiìcíºé˜,3,45,6,10,4,0.16555555555555557,0,1,3,0,2,0,0,0,0,0,0.18423529411764708
4077,ïiìcíºé˜,4,43,1,9,7,0.17418604651162792,0,1,0,0,0,0,0,0,0,0,0.18423529411764708
4077,ïiìcíºé˜,5,39,1,2,11,0.19435897435897437,0,1,0,0,0,0,0,0,0,0,0.18423529411764708
4077,ïiìcíºé˜,6,40,0,1,1,0.21600000000000003,0,0,0,0,0,0,0,0,0,0,0.18423529411764708
4078,ìnï”éjîV,1,28,8,6,3,0.17964285714285716,7,0,0,0,1,0,6,10,2,0,0.18561111111111114
4078,ìnï”éjîV,2,34,0,8,7,0.17705882352941177,0,0,0,0,0,0,0,0,0,16,0.18561111111111114
4078,ìnï”éjîV,3,31,0,5,6,0.17838709677419357,0,0,0,0,0,0,0,0,0,0,0.18561111111111114
4078,ìnï”éjîV,4,30,0,0,5,0.17700000000000002,0,0,0,0,0,0,0,0,0,0,0.18561111111111114
4078,ìnï”éjîV,5,34,0,1,7,0.18735294117647058,0,0,0,0,0,0,0,0,0,0,0.18561111111111114
4078,ìnï”éjîV,6,23,0,1,0,0.22391304347826088,0,0,0,0,0,0,0,0,0,0,0.18561111111111114
4079,èoî®çFìT,1,72,54,14,1,0.15125,50,0,0,0,4,0,5,5,6,0,0.15511475409836067
4079,èoî®çFìT,2,50,12,17,10,0.1514,1,7,4,0,0,0,0,0,0,27,0.15511475409836067
4079,èoî®çFìT,3,50,14,20,8,0.1514,0,0,9,3,1,1,0,0,0,0,0.15511475409836067
4079,èoî®çFìT,4,37,10,5,14,0.1464864864864865,0,4,4,1,0,1,0,0,0,0,0.15511475409836067
4079,èoî®çFìT,5,46,3,8,10,0.15434782608695652,0,0,0,2,1,0,0,0,0,0,0.15511475409836067
4079,èoî®çFìT,6,50,2,3,14,0.1752,0,1,0,1,0,0,0,0,0,0,0.15511475409836067
4080,éRçËìNéi,1,38,32,3,3,0.10947368421052632,29,0,0,0,3,0,1,2,1,0,0.11788990825688073
4080,éRçËìNéi,2,41,10,14,5,0.12463414634146343,0,8,2,0,0,0,0,0,0,21,0.11788990825688073
4080,éRçËìNéi,3,32,12,8,5,0.10375,0,5,1,4,1,1,0,0,0,0,0.11788990825688073
4080,éRçËìNéi,4,36,6,8,6,0.1127777777777778,0,1,3,2,0,0,0,0,0,0,0.11788990825688073
4080,éRçËìNéi,5,37,1,13,9,0.12891891891891893,0,0,0,1,0,0,0,0,0,0,0.11788990825688073
4080,éRçËìNéi,6,34,1,3,11,0.12588235294117647,0,0,0,1,0,0,0,0,0,0,0.11788990825688073
4081,îÛå˚îÕê≠,1,34,15,11,4,0.1376470588235294,14,0,0,0,1,0,8,5,5,0,0.18115702479338844
4081,îÛå˚îÕê≠,2,49,1,9,4,0.16938775510204082,0,1,0,0,0,0,0,0,0,25,0.18115702479338844
4081,îÛå˚îÕê≠,3,45,3,7,8,0.17177777777777778,0,1,0,2,0,0,0,0,0,0,0.18115702479338844
4081,îÛå˚îÕê≠,4,39,1,4,8,0.19487179487179487,0,0,0,1,0,0,0,0,0,0,0.18115702479338844
4081,îÛå˚îÕê≠,5,45,0,1,6,0.198,0,0,0,0,0,0,0,0,0,0,0.18115702479338844
4081,îÛå˚îÕê≠,6,30,0,0,2,0.22066666666666668,0,0,0,0,0,0,0,0,0,0,0.18115702479338844
4082,‡_çËêΩ,1,10,4,1,2,0.151,4,0,0,0,0,0,2,3,0,0,0.1531578947368421
4082,‡_çËêΩ,2,14,2,5,2,0.15857142857142859,0,1,1,0,0,0,0,0,0,9,0.1531578947368421
4082,‡_çËêΩ,3,13,1,2,4,0.17846153846153845,0,0,1,0,0,0,0,0,0,0,0.1531578947368421
4082,‡_çËêΩ,4,14,3,2,5,0.12714285714285714,0,1,1,1,0,0,0,0,0,0,0.1531578947368421
4082,‡_çËêΩ,5,16,0,2,1,0.148125,0,0,0,0,0,0,0,0,0,0,0.1531578947368421
4082,‡_çËêΩ,6,9,0,0,2,0.16,0,0,0,0,0,0,0,0,0,0,0.1531578947368421
4083,ïüìáóEé˜,1,55,38,9,1,0.10927272727272727,36,0,0,0,2,0,2,8,5,0,0.13433212996389893
4083,ïüìáóEé˜,2,49,11,11,8,0.1436734693877551,2,4,2,0,2,1,0,0,0,25,0.13433212996389893
4083,ïüìáóEé˜,3,39,11,13,4,0.13153846153846155,0,1,8,0,2,0,0,0,0,0,0.13433212996389893
4083,ïüìáóEé˜,4,46,11,10,5,0.13543478260869565,0,1,6,3,1,0,0,0,0,0,0.13433212996389893
4083,ïüìáóEé˜,5,43,4,11,12,0.13279069767441862,0,0,3,1,0,0,0,0,0,0,0.13433212996389893
4083,ïüìáóEé˜,6,45,2,7,13,0.15755555555555556,0,0,1,0,1,0,0,0,0,0,0.13433212996389893
4084,êôéRê≥é˜,1,68,51,10,5,0.15411764705882353,48,0,0,0,3,0,5,6,4,0,0.15450980392156863
4084,êôéRê≥é˜,2,51,9,17,11,0.15745098039215685,0,8,0,0,1,0,0,0,0,32,0.15450980392156863
4084,êôéRê≥é˜,3,49,8,18,12,0.14510204081632655,0,0,5,2,1,0,0,0,0,0,0.15450980392156863
4084,êôéRê≥é˜,4,49,13,10,15,0.1463265306122449,0,2,6,3,2,0,0,0,0,0,0.15450980392156863
4084,êôéRê≥é˜,5,37,7,4,10,0.15621621621621623,0,0,2,4,1,0,0,0,0,0,0.15450980392156863
4084,êôéRê≥é˜,6,52,4,4,11,0.1675,0,1,1,1,1,0,0,0,0,0,0.15450980392156863
4085,â¨ñÏóTâÓ,1,14,6,6,1,0.14357142857142854,4,0,0,0,2,0,4,0,4,0,0.2199324324324324
4085,â¨ñÏóTâÓ,2,17,1,5,4,0.20352941176470588,0,1,0,0,0,0,0,0,0,9,0.2199324324324324
4085,â¨ñÏóTâÓ,3,15,1,3,2,0.17733333333333334,0,0,0,1,0,0,0,0,0,0,0.2199324324324324
4085,â¨ñÏóTâÓ,4,18,2,2,3,0.24833333333333332,0,1,0,1,0,0,0,0,0,0,0.2199324324324324
4085,â¨ñÏóTâÓ,5,34,1,1,7,0.23794117647058824,0,0,0,1,0,0,0,0,0,0,0.2199324324324324
4085,â¨ñÏóTâÓ,6,50,0,5,10,0.2372,0,0,0,0,0,0,0,0,0,0,0.2199324324324324
4086,éõñ{èdêÈ,1,51,34,9,2,0.1415686274509804,33,0,0,0,1,0,1,8,6,0,0.1430578512396694
4086,éõñ{èdêÈ,2,38,7,6,8,0.13710526315789473,0,5,2,0,0,0,0,0,0,17,0.1430578512396694
4086,éõñ{èdêÈ,3,43,7,12,8,0.13232558139534883,0,1,1,3,1,1,0,0,0,0,0.1430578512396694
4086,éõñ{èdêÈ,4,35,2,11,6,0.12228571428571429,0,1,0,0,0,1,0,0,0,0,0.1430578512396694
4086,éõñ{èdêÈ,5,32,5,6,6,0.14125000000000001,0,0,0,3,0,2,0,0,0,0,0.1430578512396694
4086,éõñ{èdêÈ,6,43,1,2,13,0.17906976744186046,0,0,1,0,0,0,0,0,0,0,0.1430578512396694
4089,ñÖîˆíâçK,1,71,50,13,5,0.1547887323943662,48,0,0,0,2,0,4,8,8,0,0.14831210191082803
4089,ñÖîˆíâçK,2,51,8,18,17,0.14392156862745098,0,6,1,0,1,0,0,0,0,29,0.14831210191082803
4089,ñÖîˆíâçK,3,52,5,16,18,0.14307692307692307,0,1,0,3,1,0,0,0,0,0,0.14831210191082803
4089,ñÖîˆíâçK,4,48,4,10,19,0.141875,0,1,1,2,0,0,0,0,0,0,0.14831210191082803
4089,ñÖîˆíâçK,5,48,1,7,19,0.14541666666666667,0,0,0,1,0,0,0,0,0,0,0.14831210191082803
4089,ñÖîˆíâçK,6,44,3,8,12,0.1593181818181818,0,0,2,0,1,0,0,0,0,0,0.14831210191082803
4090,íÜë∫ë∏,1,59,50,4,2,0.1140677966101695,46,0,0,0,4,0,4,1,3,0,0.12514814814814815
4090,íÜë∫ë∏,2,42,9,11,8,0.1473809523809524,0,6,2,0,1,0,0,0,0,22,0.12514814814814815
4090,íÜë∫ë∏,3,53,11,8,14,0.11320754716981132,0,1,3,6,1,0,0,0,0,0,0.12514814814814815
4090,íÜë∫ë∏,4,40,3,11,10,0.12125,0,0,1,1,0,1,0,0,0,0,0.12514814814814815
4090,íÜë∫ë∏,5,40,2,9,7,0.11474999999999999,0,0,0,2,0,0,0,0,0,0,0.12514814814814815
4090,íÜë∫ë∏,6,36,0,6,6,0.15083333333333332,0,0,0,0,0,0,0,0,0,0,0.12514814814814815
4091,çrìcë◊ñæ,1,5,3,1,1,0.11200000000000002,3,0,0,0,0,0,0,1,1,0,0.1766666666666667
4091,çrìcë◊ñæ,2,6,0,1,0,0.19166666666666665,0,0,0,0,0,0,0,0,0,1,0.1766666666666667
4091,çrìcë◊ñæ,3,7,1,2,0,0.1757142857142857,0,0,1,0,0,0,0,0,0,0,0.1766666666666667
4091,çrìcë◊ñæ,4,7,0,0,1,0.16571428571428573,0,0,0,0,0,0,0,0,0,0,0.1766666666666667
4091,çrìcë◊ñæ,5,6,0,1,1,0.19000000000000003,0,0,0,0,0,0,0,0,0,0,0.1766666666666667
4091,çrìcë◊ñæ,6,8,0,1,0,0.20625,0,0,0,0,0,0,0,0,0,0,0.1766666666666667
4092,â™ïîëÂï„,1,46,29,9,2,0.12717391304347825,29,0,0,0,0,0,3,8,4,0,0.1554961832061069
4092,â™ïîëÂï„,2,46,7,16,5,0.13543478260869565,0,6,1,0,0,0,0,0,0,23,0.1554961832061069
4092,â™ïîëÂï„,3,45,4,9,11,0.14755555555555558,0,1,2,1,0,0,0,0,0,0,0.1554961832061069
4092,â™ïîëÂï„,4,41,4,4,13,0.1651219512195122,0,0,1,3,0,0,0,0,0,0,0.1554961832061069
4092,â™ïîëÂï„,5,43,2,6,5,0.15,0,0,1,1,0,0,0,0,0,0,0.1554961832061069
4092,â™ïîëÂï„,6,41,1,2,3,0.21463414634146344,0,0,0,0,1,0,0,0,0,0,0.1554961832061069
4093,ãgìcè@çO,1,36,11,8,12,0.16805555555555554,11,0,0,0,0,0,8,12,4,0,0.20461538461538462
4093,ãgìcè@çO,2,32,3,4,5,0.205625,0,0,2,0,1,0,0,0,0,12,0.20461538461538462
4093,ãgìcè@çO,3,44,4,9,10,0.19772727272727272,0,0,3,1,0,0,0,0,0,0,0.20461538461538462
4093,ãgìcè@çO,4,37,0,5,9,0.21675675675675674,0,0,0,0,0,0,0,0,0,0,0.20461538461538462
4093,ãgìcè@çO,5,31,2,5,3,0.21580645161290324,0,0,1,1,0,0,0,0,0,0,0.20461538461538462
4093,ãgìcè@çO,6,28,1,1,6,0.23285714285714285,0,0,0,1,0,0,0,0,0,0,0.20461538461538462
4094,íÜìáê^ìÒ,1,21,5,6,3,0.18095238095238095,5,0,0,0,0,0,4,7,4,0,0.1946994535519126
4094,íÜìáê^ìÒ,2,38,2,3,9,0.20210526315789473,0,1,0,0,1,0,0,0,0,24,0.1946994535519126
4094,íÜìáê^ìÒ,3,31,0,3,4,0.2032258064516129,0,0,0,0,0,0,0,0,0,0,0.1946994535519126
4094,íÜìáê^ìÒ,4,32,1,5,7,0.1853125,0,0,1,0,0,0,0,0,0,0,0.1946994535519126
4094,íÜìáê^ìÒ,5,36,3,3,11,0.18555555555555556,0,0,0,3,0,0,0,0,0,0,0.1946994535519126
4094,íÜìáê^ìÒ,6,25,0,2,4,0.2096,0,0,0,0,0,0,0,0,0,0,0.1946994535519126
4095,ïüóàçÑ,1,49,32,9,2,0.11510204081632652,31,0,0,0,1,0,5,3,7,0,0.14883064516129033
4095,ïüóàçÑ,2,35,9,10,4,0.148,1,7,0,1,0,0,0,0,0,14,0.14883064516129033
4095,ïüóàçÑ,3,43,10,8,10,0.15488372093023256,0,1,0,7,2,0,0,0,0,0,0.14883064516129033
4095,ïüóàçÑ,4,41,6,11,11,0.1526829268292683,0,1,2,2,1,0,0,0,0,0,0.14883064516129033
4095,ïüóàçÑ,5,35,8,9,6,0.1422857142857143,0,1,0,4,3,0,0,0,0,0,0.14883064516129033
4095,ïüóàçÑ,6,45,7,8,10,0.182,0,1,1,4,1,0,0,0,0,0,0.14883064516129033
4096,êŒã¥ìπóF,1,58,40,11,2,0.1393103448275862,40,0,0,0,0,0,3,4,4,0,0.13210762331838566
4096,êŒã¥ìπóF,2,39,9,17,4,0.14282051282051283,0,8,0,0,0,1,0,0,0,25,0.13210762331838566
4096,êŒã¥ìπóF,3,34,4,10,10,0.14852941176470588,0,1,0,3,0,0,0,0,0,0,0.13210762331838566
4096,êŒã¥ìπóF,4,35,6,8,8,0.12371428571428572,0,2,2,2,0,0,0,0,0,0,0.13210762331838566
4096,êŒã¥ìπóF,5,28,5,5,5,0.1142857142857143,0,0,1,4,0,0,0,0,0,0,0.13210762331838566
4096,êŒã¥ìπóF,6,29,5,6,9,0.11137931034482759,0,0,0,5,0,0,0,0,0,0,0.13210762331838566
4097,ä—íníJíºêl,1,23,1,1,6,0.19956521739130434,1,0,0,0,0,0,4,9,8,0,0.2094857142857143
4097,ä—íníJíºêl,2,29,1,4,5,0.21793103448275863,0,1,0,0,0,0,0,0,0,14,0.2094857142857143
4097,ä—íníJíºêl,3,38,1,5,6,0.19605263157894737,0,0,0,0,1,0,0,0,0,0,0.2094857142857143
4097,ä—íníJíºêl,4,28,0,1,6,0.21857142857142858,0,0,0,0,0,0,0,0,0,0,0.2094857142857143
4097,ä—íníJíºêl,5,31,1,0,11,0.19935483870967743,0,0,0,1,0,0,0,0,0,0,0.2094857142857143
4097,ä—íníJíºêl,6,26,0,0,2,0.23076923076923078,0,0,0,0,0,0,0,0,0,0,0.2094857142857143
4098,ê‘‡Vï∂çÅ,1,20,6,7,4,0.158,5,0,0,0,1,0,6,4,3,0,0.19204225352112675
4098,ê‘‡Vï∂çÅ,2,24,1,4,4,0.18083333333333332,0,1,0,0,0,0,0,0,0,10,0.19204225352112675
4098,ê‘‡Vï∂çÅ,3,26,3,4,6,0.17730769230769233,0,0,1,2,0,0,0,0,0,0,0.19204225352112675
4098,ê‘‡Vï∂çÅ,4,24,0,5,3,0.19541666666666668,0,0,0,0,0,0,0,0,0,0,0.19204225352112675
4098,ê‘‡Vï∂çÅ,5,27,0,2,4,0.2151851851851852,0,0,0,0,0,0,0,0,0,0,0.19204225352112675
4098,ê‘‡Vï∂çÅ,6,21,0,0,3,0.2219047619047619,0,0,0,0,0,0,0,0,0,0,0.19204225352112675
4099,ãgâië•óY,1,53,37,4,4,0.18018867924528303,37,0,0,0,0,0,5,8,1,0,0.160468085106383
4099,ãgâië•óY,2,34,7,9,5,0.17029411764705882,1,4,2,0,0,0,0,0,0,17,0.160468085106383
4099,ãgâië•óY,3,40,7,14,7,0.1595,0,2,2,3,0,0,0,0,0,0,0.160468085106383
4099,ãgâië•óY,4,40,6,12,6,0.15925,0,4,0,2,0,0,0,0,0,0,0.160468085106383
4099,ãgâië•óY,5,34,5,4,11,0.14147058823529413,0,0,0,4,1,0,0,0,0,0,0.160468085106383
4099,ãgâië•óY,6,34,6,5,4,0.1414705882352941,0,1,3,1,1,0,0,0,0,0,0.160468085106383
4100,èºìcó≤éi,1,39,21,10,2,0.158974358974359,19,0,0,0,2,0,5,5,5,0,0.1680373831775701
4100,èºìcó≤éi,2,31,6,6,10,0.14838709677419354,0,4,2,0,0,0,0,0,0,14,0.1680373831775701
4100,èºìcó≤éi,3,42,4,7,9,0.15833333333333335,0,0,2,2,0,0,0,0,0,0,0.1680373831775701
4100,èºìcó≤éi,4,31,2,6,10,0.14838709677419354,0,0,1,1,0,0,0,0,0,0,0.1680373831775701
4100,èºìcó≤éi,5,33,0,4,4,0.17030303030303032,0,0,0,0,0,0,0,0,0,0,0.1680373831775701
4100,èºìcó≤éi,6,38,0,2,4,0.21815789473684213,0,0,0,0,0,0,0,0,0,0,0.1680373831775701
4102,âvìcå[éi,1,72,56,11,2,0.12694444444444444,56,0,0,0,0,0,8,1,6,0,0.13335570469798658
4102,âvìcå[éi,2,44,13,10,9,0.12318181818181818,0,9,1,2,1,0,0,0,0,22,0.13335570469798658
4102,âvìcå[éi,3,47,15,12,11,0.12808510638297874,0,2,8,4,1,0,0,0,0,0,0.13335570469798658
4102,âvìcå[éi,4,47,12,10,9,0.13085106382978723,0,1,6,3,2,0,0,0,0,0,0.13335570469798658
4102,âvìcå[éi,5,46,7,6,9,0.1341304347826087,0,0,3,2,2,0,0,0,0,0,0.13335570469798658
4102,âvìcå[éi,6,42,1,2,10,0.16285714285714287,0,1,0,0,0,0,0,0,0,0,0.13335570469798658
4103,éRçËëPóf,1,29,7,6,7,0.18586206896551724,5,0,0,0,2,0,8,9,3,0,0.22399014778325121
4103,éRçËëPóf,2,39,2,11,6,0.218974358974359,0,2,0,0,0,0,0,0,0,18,0.22399014778325121
4103,éRçËëPóf,3,40,0,8,9,0.21749999999999997,0,0,0,0,0,0,0,0,0,0,0.22399014778325121
4103,éRçËëPóf,4,35,2,5,3,0.21914285714285714,0,1,1,0,0,0,0,0,0,0,0.22399014778325121
4103,éRçËëPóf,5,31,1,2,0,0.2270967741935484,0,1,0,0,0,0,0,0,0,0,0.22399014778325121
4103,éRçËëPóf,6,29,0,0,2,0.28034482758620693,0,0,0,0,0,0,0,0,0,0,0.22399014778325121
4104,ñÿâ∫ózâÓ,1,24,8,1,2,0.17208333333333334,7,0,0,0,1,0,6,6,3,0,0.1529447852760736
4104,ñÿâ∫ózâÓ,2,24,4,4,5,0.13583333333333333,0,2,2,0,0,0,0,0,0,14,0.1529447852760736
4104,ñÿâ∫ózâÓ,3,26,3,4,3,0.17923076923076925,0,0,2,1,0,0,0,0,0,0,0.1529447852760736
4104,ñÿâ∫ózâÓ,4,32,5,5,6,0.12625,0,1,2,2,0,0,0,0,0,0,0.1529447852760736
4104,ñÿâ∫ózâÓ,5,27,2,3,3,0.13962962962962963,0,1,0,1,0,0,0,0,0,0,0.1529447852760736
4104,ñÿâ∫ózâÓ,6,30,0,4,4,0.169,0,0,0,0,0,0,0,0,0,0,0.1529447852760736
4105,èºâ∫íºñÁ,1,45,24,9,4,0.18800000000000003,24,0,0,0,0,0,5,11,4,0,0.1720849420849421
4105,èºâ∫íºñÁ,2,45,6,9,10,0.166,1,3,1,0,1,0,0,0,0,22,0.1720849420849421
4105,èºâ∫íºñÁ,3,43,4,14,10,0.15558139534883722,0,1,0,2,1,0,0,0,0,0,0.1720849420849421
4105,èºâ∫íºñÁ,4,45,4,8,14,0.16599999999999998,0,1,1,2,0,0,0,0,0,0,0.1720849420849421
4105,èºâ∫íºñÁ,5,42,5,3,10,0.18595238095238095,0,0,1,3,1,0,0,0,0,0,0.1720849420849421
4105,èºâ∫íºñÁ,6,39,0,5,8,0.17102564102564102,0,0,0,0,0,0,0,0,0,0,0.1720849420849421
4106,ç‚à‰çNék,1,28,5,9,6,0.19678571428571429,5,0,0,0,0,0,7,6,9,0,0.20712765957446808
4106,ç‚à‰çNék,2,31,2,10,3,0.21,0,1,1,0,0,0,0,0,0,14,0.20712765957446808
4106,ç‚à‰çNék,3,35,1,3,10,0.2062857142857143,0,0,1,0,0,0,0,0,0,0,0.20712765957446808
4106,ç‚à‰çNék,4,32,4,3,4,0.1903125,0,2,2,0,0,0,0,0,0,0,0.20712765957446808
4106,ç‚à‰çNék,5,30,1,1,2,0.22133333333333333,0,0,0,1,0,0,0,0,0,0,0.20712765957446808
4106,ç‚à‰çNék,6,32,2,0,6,0.2178125,0,2,0,0,0,0,0,0,0,0,0.20712765957446808
4108,ãgë∫ê≥ñæ,1,43,30,5,4,0.11139534883720931,27,0,0,0,3,0,2,3,7,0,0.13261627906976745
4108,ãgë∫ê≥ñæ,2,22,6,7,0,0.14272727272727273,0,4,2,0,0,0,0,0,0,9,0.13261627906976745
4108,ãgë∫ê≥ñæ,3,27,4,8,4,0.12851851851851853,1,0,0,3,0,0,0,0,0,0,0.13261627906976745
4108,ãgë∫ê≥ñæ,4,25,6,6,4,0.106,1,0,3,2,0,0,0,0,0,0,0.13261627906976745
4108,ãgë∫ê≥ñæ,5,26,3,4,3,0.1376923076923077,1,0,1,1,0,0,0,0,0,0,0.13261627906976745
4108,ãgë∫ê≥ñæ,6,29,2,5,8,0.17862068965517242,1,0,1,0,0,0,0,0,0,0,0.13261627906976745
4109,íJí√çKçG,1,50,30,10,2,0.12279999999999999,29,0,0,0,1,0,4,7,8,0,0.12553359683794468
4109,íJí√çKçG,2,44,7,11,7,0.11568181818181818,0,6,1,0,0,0,0,0,0,20,0.12553359683794468
4109,íJí√çKçG,3,39,7,9,9,0.12025641025641026,0,0,3,2,1,1,0,0,0,0,0.12553359683794468
4109,íJí√çKçG,4,42,11,7,9,0.1285714285714286,0,1,3,5,2,0,0,0,0,0,0.12553359683794468
4109,íJí√çKçG,5,32,2,5,7,0.1184375,0,0,0,1,1,0,0,0,0,0,0.12553359683794468
4109,íJí√çKçG,6,46,2,7,6,0.14456521739130435,0,1,0,1,0,0,0,0,0,0,0.12553359683794468
4110,è¨‡VòañÁ,1,23,11,6,2,0.15217391304347827,11,0,0,0,0,0,4,3,4,0,0.1805464480874317
4110,è¨‡VòañÁ,2,34,4,7,6,0.1561764705882353,0,2,1,0,1,0,0,0,0,17,0.1805464480874317
4110,è¨‡VòañÁ,3,36,1,4,5,0.17472222222222222,0,0,0,0,1,0,0,0,0,0,0.1805464480874317
4110,è¨‡VòañÁ,4,32,2,4,6,0.180625,0,0,2,0,0,0,0,0,0,0,0.1805464480874317
4110,è¨‡VòañÁ,5,31,1,1,4,0.19612903225806452,0,0,0,1,0,0,0,0,0,0,0.1805464480874317
4110,è¨‡VòañÁ,6,27,0,0,4,0.22518518518518518,0,0,0,0,0,0,0,0,0,0,0.1805464480874317
4111,âúìcêΩ,1,35,17,6,4,0.16657142857142856,16,0,0,0,1,0,4,8,5,0,0.19121848739495798
4111,âúìcêΩ,2,45,4,7,13,0.19333333333333333,0,2,2,0,0,0,0,0,0,23,0.19121848739495798
4111,âúìcêΩ,3,40,2,8,10,0.17375000000000002,0,0,1,0,1,0,0,0,0,0,0.19121848739495798
4111,âúìcêΩ,4,40,4,2,16,0.20400000000000001,0,2,2,0,0,0,0,0,0,0,0.19121848739495798
4111,âúìcêΩ,5,46,0,6,9,0.19717391304347825,0,0,0,0,0,0,0,0,0,0,0.19121848739495798
4111,âúìcêΩ,6,32,2,2,2,0.2125,0,0,0,2,0,0,0,0,0,0,0.19121848739495798
4112,ëÂãvï€êMàÍòY,1,10,4,1,3,0.153,4,0,0,0,0,0,0,1,3,0,0.17666666666666667
4112,ëÂãvï€êMàÍòY,2,12,0,2,2,0.18416666666666667,0,0,0,0,0,0,0,0,0,5,0.17666666666666667
4112,ëÂãvï€êMàÍòY,3,11,0,3,4,0.16,0,0,0,0,0,0,0,0,0,0,0.17666666666666667
4112,ëÂãvï€êMàÍòY,4,8,0,2,2,0.17500000000000002,0,0,0,0,0,0,0,0,0,0,0.17666666666666667
4112,ëÂãvï€êMàÍòY,5,14,0,2,4,0.17785714285714288,0,0,0,0,0,0,0,0,0,0,0.17666666666666667
4112,ëÂãvï€êMàÍòY,6,8,0,1,2,0.2175,0,0,0,0,0,0,0,0,0,0,0.17666666666666667
4113,ñÿë∫ç_ém,1,42,23,6,4,0.21571428571428572,22,0,0,0,0,1,3,10,4,0,0.19604651162790698
4113,ñÿë∫ç_ém,2,55,6,10,9,0.188,0,3,3,0,0,0,0,0,0,31,0.19604651162790698
4113,ñÿë∫ç_ém,3,37,2,9,11,0.20324324324324325,0,0,1,1,0,0,0,0,0,0,0.19604651162790698
4113,ñÿë∫ç_ém,4,38,1,4,4,0.19342105263157897,0,0,1,0,0,0,0,0,0,0,0.19604651162790698
4113,ñÿë∫ç_ém,5,53,1,6,14,0.18528301886792453,0,0,0,1,0,0,0,0,0,0,0.19604651162790698
4113,ñÿë∫ç_ém,6,33,0,1,4,0.19666666666666668,0,0,0,0,0,0,0,0,0,0,0.19604651162790698
4114,ê[‡VíBìø,1,46,24,11,5,0.1617391304347826,24,0,0,0,0,0,3,11,5,0,0.17545081967213116
4114,ê[‡VíBìø,2,41,4,11,11,0.19804878048780486,0,2,2,0,0,0,0,0,0,21,0.17545081967213116
4114,ê[‡VíBìø,3,42,3,10,15,0.1473809523809524,0,0,2,0,1,0,0,0,0,0,0.17545081967213116
4114,ê[‡VíBìø,4,46,6,7,11,0.17500000000000002,0,2,1,0,3,0,0,0,0,0,0.17545081967213116
4114,ê[‡VíBìø,5,35,0,5,7,0.17114285714285715,0,0,0,0,0,0,0,0,0,0,0.17545081967213116
4114,ê[‡VíBìø,6,34,1,0,10,0.2064705882352941,0,0,0,0,1,0,0,0,0,0,0.17545081967213116
4116,êÏìcê≥êl,1,32,15,6,1,0.1871875,15,0,0,0,0,0,7,8,0,0,0.18580487804878051
4116,êÏìcê≥êl,2,42,2,8,9,0.1952380952380952,0,2,0,0,0,0,0,0,0,26,0.18580487804878051
4116,êÏìcê≥êl,3,32,2,12,5,0.17500000000000002,0,0,1,1,0,0,0,0,0,0,0.18580487804878051
4116,êÏìcê≥êl,4,29,4,4,7,0.16896551724137931,0,0,0,4,0,0,0,0,0,0,0.18580487804878051
4116,êÏìcê≥êl,5,35,0,2,7,0.19857142857142857,0,0,0,0,0,0,0,0,0,0,0.18580487804878051
4116,êÏìcê≥êl,6,35,0,0,10,0.1842857142857143,0,0,0,0,0,0,0,0,0,0,0.18580487804878051
4117,úAíÜíqé—àﬂ,1,46,27,5,6,0.18456521739130435,26,0,0,0,1,0,9,5,5,0,0.18861386138613861
4117,úAíÜíqé—àﬂ,2,33,3,16,7,0.17272727272727273,0,2,0,0,1,0,0,0,0,18,0.18861386138613861
4117,úAíÜíqé—àﬂ,3,32,3,6,10,0.1709375,0,0,1,1,1,0,0,0,0,0,0.18861386138613861
4117,úAíÜíqé—àﬂ,4,32,3,8,6,0.2003125,0,0,2,1,0,0,0,0,0,0,0.18861386138613861
4117,úAíÜíqé—àﬂ,5,27,2,6,7,0.2151851851851852,0,0,2,0,0,0,0,0,0,0,0.18861386138613861
4117,úAíÜíqé—àﬂ,6,32,1,3,7,0.194375,0,0,0,0,1,0,0,0,0,0,0.18861386138613861
4118,âFç≤å©è~,1,50,34,11,3,0.126,34,0,0,0,0,0,6,4,5,0,0.13612
4118,âFç≤å©è~,2,41,7,10,7,0.14073170731707318,0,7,0,0,0,0,0,0,0,18,0.13612
4118,âFç≤å©è~,3,40,9,11,8,0.12275,0,2,2,5,0,0,0,0,0,0,0.13612
4118,âFç≤å©è~,4,45,6,13,9,0.14133333333333334,0,1,3,2,0,0,0,0,0,0,0.13612
4118,âFç≤å©è~,5,35,3,5,12,0.15371428571428572,0,0,1,1,1,0,0,0,0,0,0.13612
4118,âFç≤å©è~,6,39,1,4,10,0.13615384615384615,0,0,1,0,0,0,0,0,0,0,0.13612
4119,ìDíJàÍãB,1,28,16,2,5,0.165,15,0,0,0,1,0,3,5,2,0,0.15963917525773197
4119,ìDíJàÍãB,2,39,6,11,11,0.17358974358974358,0,4,2,0,0,0,0,0,0,20,0.15963917525773197
4119,ìDíJàÍãB,3,34,4,8,14,0.13323529411764706,0,1,1,2,0,0,0,0,0,0,0.15963917525773197
4119,ìDíJàÍãB,4,30,8,3,4,0.1396666666666667,0,0,6,2,0,0,0,0,0,0,0.15963917525773197
4119,ìDíJàÍãB,5,38,4,8,3,0.1631578947368421,0,1,2,1,0,0,0,0,0,0,0.15963917525773197
4119,ìDíJàÍãB,6,25,1,4,5,0.1864,0,0,0,1,0,0,0,0,0,0,0.15963917525773197
4120,í—êAê≠ç_,1,48,33,4,2,0.16041666666666668,31,0,0,0,2,0,5,5,4,0,0.1611067193675889
4120,í—êAê≠ç_,2,51,9,20,5,0.15725490196078432,0,9,0,0,0,0,0,0,0,30,0.1611067193675889
4120,í—êAê≠ç_,3,39,9,7,11,0.15512820512820513,0,1,3,3,2,0,0,0,0,0,0.1611067193675889
4120,í—êAê≠ç_,4,41,6,9,12,0.15048780487804878,0,1,2,3,0,0,0,0,0,0,0.1611067193675889
4120,í—êAê≠ç_,5,41,1,4,5,0.16439024390243903,0,0,1,0,0,0,0,0,0,0,0.1611067193675889
4120,í—êAê≠ç_,6,33,0,1,7,0.18424242424242424,0,0,0,0,0,0,0,0,0,0,0.1611067193675889
4121,ïxâièCàÍ,1,54,33,10,6,0.12351851851851851,32,0,0,0,1,0,6,6,6,0,0.14021660649819495
4121,ïxâièCàÍ,2,49,8,14,9,0.14448979591836736,0,6,0,0,2,0,0,0,0,30,0.14021660649819495
4121,ïxâièCàÍ,3,45,6,15,6,0.1622222222222222,0,2,3,0,1,0,0,0,0,0,0.14021660649819495
4121,ïxâièCàÍ,4,43,5,13,8,0.12604651162790698,0,1,3,1,0,0,0,0,0,0,0.14021660649819495
4121,ïxâièCàÍ,5,43,4,2,14,0.14209302325581397,0,0,2,1,1,0,0,0,0,0,0.14021660649819495
4121,ïxâièCàÍ,6,43,4,7,8,0.1455813953488372,0,1,0,2,1,0,0,0,0,0,0.14021660649819495
4122,à¿ìåçKé°,1,61,34,13,8,0.1681967213114754,30,0,0,0,4,0,6,14,6,0,0.1692483660130719
4122,à¿ìåçKé°,2,53,6,15,18,0.1707547169811321,0,4,1,0,0,1,0,0,0,29,0.1692483660130719
4122,à¿ìåçKé°,3,55,9,10,17,0.17163636363636361,0,3,2,4,0,0,0,0,0,0,0.1692483660130719
4122,à¿ìåçKé°,4,44,9,11,11,0.1593181818181818,0,1,3,4,0,1,0,0,0,0,0.1692483660130719
4122,à¿ìåçKé°,5,44,2,5,16,0.17136363636363636,0,0,0,2,0,0,0,0,0,0,0.1692483660130719
4122,à¿ìåçKé°,6,49,2,6,14,0.17326530612244898,0,0,0,2,0,0,0,0,0,0,0.1692483660130719
4123,ç◊êÏóTéq,1,65,38,15,4,0.18015384615384616,36,0,0,0,2,0,6,5,14,0,0.18222222222222223
4123,ç◊êÏóTéq,2,38,7,13,6,0.18105263157894735,0,5,2,0,0,0,0,0,0,21,0.18222222222222223
4123,ç◊êÏóTéq,3,42,11,13,7,0.17142857142857143,0,3,4,1,3,0,0,0,0,0,0.18222222222222223
4123,ç◊êÏóTéq,4,38,6,8,12,0.1860526315789474,0,0,4,1,1,0,0,0,0,0,0.18222222222222223
4123,ç◊êÏóTéq,5,39,9,10,6,0.1753846153846154,0,4,1,4,0,0,0,0,0,0,0.18222222222222223
4123,ç◊êÏóTéq,6,39,3,5,14,0.20153846153846156,0,0,2,0,1,0,0,0,0,0,0.18222222222222223
4124,írìcóYàÍ,1,46,24,9,2,0.1491304347826087,22,0,0,0,2,0,5,9,8,0,0.15568181818181817
4124,írìcóYàÍ,2,37,7,12,10,0.15918918918918917,0,4,2,0,1,0,0,0,0,23,0.15568181818181817
4124,írìcóYàÍ,3,32,5,5,8,0.1703125,0,3,0,1,1,0,0,0,0,0,0.15568181818181817
4124,írìcóYàÍ,4,36,2,8,12,0.15444444444444447,0,0,0,2,0,0,0,0,0,0,0.15568181818181817
4124,írìcóYàÍ,5,33,3,8,7,0.14636363636363636,0,0,0,3,0,0,0,0,0,0,0.15568181818181817
4124,írìcóYàÍ,6,36,2,1,8,0.15722222222222224,0,0,0,2,0,0,0,0,0,0,0.15568181818181817
4126,ãgñ{óÊèè,1,14,5,3,2,0.1464285714285714,5,0,0,0,0,0,4,1,2,0,0.17366336633663365
4126,ãgñ{óÊèè,2,17,0,0,0,0.18,0,0,0,0,0,0,0,0,0,10,0.17366336633663365
4126,ãgñ{óÊèè,3,22,0,1,1,0.16045454545454546,0,0,0,0,0,0,0,0,0,0,0.17366336633663365
4126,ãgñ{óÊèè,4,15,1,0,1,0.17733333333333334,0,0,0,0,0,1,0,0,0,0,0.17366336633663365
4126,ãgñ{óÊèè,5,15,0,1,0,0.17933333333333332,0,0,0,0,0,0,0,0,0,0,0.17366336633663365
4126,ãgñ{óÊèè,6,18,0,0,1,0.19722222222222224,0,0,0,0,0,0,0,0,0,0,0.17366336633663365
4128,êÏå˚ãMãv,1,30,15,9,3,0.13566666666666669,13,0,0,1,1,0,5,3,4,0,0.13824858757062147
4128,êÏå˚ãMãv,2,31,4,7,2,0.12322580645161291,0,1,3,0,0,0,0,0,0,18,0.13824858757062147
4128,êÏå˚ãMãv,3,32,2,9,8,0.149375,0,0,1,0,1,0,0,0,0,0,0.13824858757062147
4128,êÏå˚ãMãv,4,35,0,11,8,0.12828571428571428,0,0,0,0,0,0,0,0,0,0,0.13824858757062147
4128,êÏå˚ãMãv,5,23,1,0,3,0.13304347826086957,0,0,0,1,0,0,0,0,0,0,0.13824858757062147
4128,êÏå˚ãMãv,6,26,0,3,4,0.16346153846153846,0,0,0,0,0,0,0,0,0,0,0.13824858757062147
4129,âFñÏîéîV,1,39,10,11,4,0.16025641025641027,10,0,0,0,0,0,9,7,9,0,0.15772727272727272
4129,âFñÏîéîV,2,48,4,13,7,0.13833333333333334,0,4,0,0,0,0,0,0,0,31,0.15772727272727272
4129,âFñÏîéîV,3,48,9,10,8,0.1625,0,1,5,0,3,0,0,0,0,0,0.15772727272727272
4129,âFñÏîéîV,4,52,6,3,8,0.16153846153846155,0,3,0,3,0,0,0,0,0,0,0.15772727272727272
4129,âFñÏîéîV,5,44,3,4,9,0.16318181818181818,0,0,0,1,2,0,0,0,0,0,0.15772727272727272
4129,âFñÏîéîV,6,33,1,2,3,0.16272727272727272,0,0,1,0,0,0,0,0,0,0,0.15772727272727272
4131,å¥ñLìy,1,39,27,6,2,0.17512820512820512,26,0,0,0,1,0,3,4,3,0,0.16654708520179373
4131,å¥ñLìy,2,36,8,13,3,0.16083333333333333,0,4,3,1,0,0,0,0,0,19,0.16654708520179373
4131,å¥ñLìy,3,39,3,9,10,0.1387179487179487,0,0,2,1,0,0,0,0,0,0,0.16654708520179373
4131,å¥ñLìy,4,38,4,7,6,0.14763157894736842,0,1,1,2,0,0,0,0,0,0,0.16654708520179373
4131,å¥ñLìy,5,33,3,10,5,0.16696969696969696,0,0,0,3,0,0,0,0,0,0,0.16654708520179373
4131,å¥ñLìy,6,38,0,2,6,0.21026315789473685,0,0,0,0,0,0,0,0,0,0,0.16654708520179373
4133,çÇã¥ê≥íj,1,54,32,12,4,0.16,29,0,0,0,3,0,8,5,8,0,0.15527881040892194
4133,çÇã¥ê≥íj,2,45,8,17,5,0.16044444444444445,0,4,2,0,1,1,0,0,0,22,0.15527881040892194
4133,çÇã¥ê≥íj,3,47,7,16,9,0.14723404255319147,0,2,4,0,1,0,0,0,0,0,0.15527881040892194
4133,çÇã¥ê≥íj,4,42,6,9,14,0.13857142857142857,0,0,2,3,1,0,0,0,0,0,0.15527881040892194
4133,çÇã¥ê≥íj,5,38,5,2,13,0.1513157894736842,0,1,0,3,1,0,0,0,0,0,0.15527881040892194
4133,çÇã¥ê≥íj,6,43,0,5,11,0.17255813953488372,0,0,0,0,0,0,0,0,0,0,0.15527881040892194
4134,êôéRãMîé,1,56,37,9,3,0.13160714285714287,37,0,0,0,0,0,5,7,6,0,0.1554054054054054
4134,êôéRãMîé,2,35,7,7,10,0.1625714285714286,0,4,3,0,0,0,0,0,0,17,0.1554054054054054
4134,êôéRãMîé,3,47,8,16,11,0.14872340425531916,0,0,3,5,0,0,0,0,0,0,0.1554054054054054
4134,êôéRãMîé,4,44,8,11,8,0.16272727272727272,0,2,3,3,0,0,0,0,0,0,0.1554054054054054
4134,êôéRãMîé,5,32,3,8,10,0.1584375,0,0,0,2,1,0,0,0,0,0,0.1554054054054054
4134,êôéRãMîé,6,45,2,6,12,0.1771111111111111,0,0,0,1,1,0,0,0,0,0,0.1554054054054054
4136,ç]âƒñû,1,63,48,7,7,0.11968253968253968,48,0,0,0,0,0,2,8,3,0,0.14469465648854962
4136,ç]âƒñû,2,39,10,14,6,0.14666666666666667,0,7,2,0,1,0,0,0,0,19,0.14469465648854962
4136,ç]âƒñû,3,32,5,11,6,0.128125,0,0,2,3,0,0,0,0,0,0,0.14469465648854962
4136,ç]âƒñû,4,38,2,10,14,0.15789473684210525,0,1,1,0,0,0,0,0,0,0,0.14469465648854962
4136,ç]âƒñû,5,41,5,10,8,0.15414634146341463,0,2,0,3,0,0,0,0,0,0,0.14469465648854962
4136,ç]âƒñû,6,49,0,11,11,0.1679591836734694,0,0,0,0,0,0,0,0,0,0,0.14469465648854962
4137,åNìáèGéO,1,63,45,8,5,0.1465079365079365,42,0,0,0,3,0,9,8,0,0,0.13654901960784313
4137,åNìáèGéO,2,34,6,7,6,0.1338235294117647,0,5,1,0,0,0,0,0,0,17,0.13654901960784313
4137,åNìáèGéO,3,41,7,11,6,0.13658536585365855,0,1,2,4,0,0,0,0,0,0,0.13654901960784313
4137,åNìáèGéO,4,47,6,7,9,0.13531914893617022,0,2,3,1,0,0,0,0,0,0,0.13654901960784313
4137,åNìáèGéO,5,35,5,3,3,0.12314285714285715,0,0,3,2,0,0,0,0,0,0,0.13654901960784313
4137,åNìáèGéO,6,35,4,5,7,0.1362857142857143,0,0,0,3,1,0,0,0,0,0,0.13654901960784313
4138,íÜà‰èróS,1,28,12,6,3,0.17250000000000001,11,1,0,0,0,0,7,5,3,0,0.16032085561497325
4138,íÜà‰èróS,2,34,3,9,8,0.1864705882352941,0,3,0,0,0,0,0,0,0,22,0.16032085561497325
4138,íÜà‰èróS,3,33,5,11,7,0.1706060606060606,0,1,1,3,0,0,0,0,0,0,0.16032085561497325
4138,íÜà‰èróS,4,31,7,1,9,0.14677419354838708,0,0,5,2,0,0,0,0,0,0,0.16032085561497325
4138,íÜà‰èróS,5,33,4,2,2,0.14212121212121212,0,0,2,2,0,0,0,0,0,0,0.16032085561497325
4138,íÜà‰èróS,6,28,1,2,3,0.1407142857142857,0,0,0,1,0,0,0,0,0,0,0.16032085561497325
4139,íOâ∫åí,1,33,20,3,2,0.1506060606060606,20,0,0,0,0,0,4,3,3,0,0.1631168831168831
4139,íOâ∫åí,2,38,2,10,5,0.17605263157894738,0,2,0,0,0,0,0,0,0,23,0.1631168831168831
4139,íOâ∫åí,3,43,2,10,7,0.15232558139534882,0,2,0,0,0,0,0,0,0,0,0.1631168831168831
4139,íOâ∫åí,4,43,2,5,7,0.15488372093023256,0,1,1,0,0,0,0,0,0,0,0.1631168831168831
4139,íOâ∫åí,5,37,4,6,0,0.17297297297297298,0,0,2,2,0,0,0,0,0,0,0.1631168831168831
4139,íOâ∫åí,6,37,3,2,3,0.17324324324324325,0,0,0,3,0,0,0,0,0,0,0.1631168831168831
4140,äÅñÏäwéu,1,48,41,4,2,0.12875,41,0,0,0,0,0,2,2,3,0,0.14647540983606558
4140,äÅñÏäwéu,2,36,8,10,8,0.16944444444444443,0,3,3,0,2,0,0,0,0,21,0.14647540983606558
4140,äÅñÏäwéu,3,46,12,14,9,0.13869565217391305,0,1,7,4,0,0,0,0,0,0,0.14647540983606558
4140,äÅñÏäwéu,4,46,12,13,7,0.15,0,5,3,1,2,1,0,0,0,0,0.14647540983606558
4140,äÅñÏäwéu,5,35,3,8,9,0.148,0,1,1,1,0,0,0,0,0,0,0.14647540983606558
4140,äÅñÏäwéu,6,33,1,5,6,0.15151515151515152,0,0,0,1,0,0,0,0,0,0,0.14647540983606558
4142,ïΩñÏòañæ,1,52,27,13,8,0.1728846153846154,27,0,0,0,0,0,8,6,10,0,0.19006944444444446
4142,ïΩñÏòañæ,2,51,7,13,9,0.18313725490196078,0,5,2,0,0,0,0,0,0,25,0.19006944444444446
4142,ïΩñÏòañæ,3,53,4,12,18,0.1867924528301887,0,0,1,3,0,0,0,0,0,0,0.19006944444444446
4142,ïΩñÏòañæ,4,44,2,7,20,0.18886363636363637,0,2,0,0,0,0,0,0,0,0,0.19006944444444446
4142,ïΩñÏòañæ,5,47,0,6,12,0.19553191489361701,0,0,0,0,0,0,0,0,0,0,0.19006944444444446
4142,ïΩñÏòañæ,6,41,0,5,7,0.2197560975609756,0,0,0,0,0,0,0,0,0,0,0.19006944444444446
4143,âYìcçWék,1,22,6,6,3,0.14045454545454544,6,0,0,0,0,0,5,5,5,0,0.14877450980392157
4143,âYìcçWék,2,43,3,3,7,0.1641860465116279,0,0,2,1,0,0,0,0,0,19,0.14877450980392157
4143,âYìcçWék,3,38,4,3,5,0.14894736842105263,0,0,4,0,0,0,0,0,0,0,0.14877450980392157
4143,âYìcçWék,4,34,5,3,2,0.12558823529411767,0,0,5,0,0,0,0,0,0,0,0.14877450980392157
4143,âYìcçWék,5,39,2,2,7,0.1466666666666667,0,0,1,1,0,0,0,0,0,0,0.14877450980392157
4143,âYìcçWék,6,28,0,3,3,0.1625,0,0,0,0,0,0,0,0,0,0,0.14877450980392157
4144,êŒíÀãvñÁ,1,52,38,9,1,0.16249999999999998,36,0,0,0,2,0,3,7,4,0,0.1595769230769231
4144,êŒíÀãvñÁ,2,48,13,17,8,0.17416666666666666,0,7,5,0,1,0,0,0,0,21,0.1595769230769231
4144,êŒíÀãvñÁ,3,40,8,16,9,0.15,0,1,6,1,0,0,0,0,0,0,0.1595769230769231
4144,êŒíÀãvñÁ,4,45,5,18,10,0.14444444444444443,0,0,3,2,0,0,0,0,0,0,0.1595769230769231
4144,êŒíÀãvñÁ,5,38,3,10,7,0.15763157894736843,0,0,0,3,0,0,0,0,0,0,0.1595769230769231
4144,êŒíÀãvñÁ,6,37,2,8,8,0.1672972972972973,0,0,0,1,1,0,0,0,0,0,0.1595769230769231
4145,è¨‡Väw,1,32,2,7,5,0.2634375,2,0,0,0,0,0,7,14,6,0,0.2506132075471698
4145,è¨‡Väw,2,39,1,9,5,0.24769230769230768,0,1,0,0,0,0,0,0,0,15,0.2506132075471698
4145,è¨‡Väw,3,36,0,5,3,0.24833333333333332,0,0,0,0,0,0,0,0,0,0,0.2506132075471698
4145,è¨‡Väw,4,38,1,2,11,0.26473684210526316,0,0,0,1,0,0,0,0,0,0,0.2506132075471698
4145,è¨‡Väw,5,34,2,4,2,0.22029411764705883,0,0,0,2,0,0,0,0,0,0,0.2506132075471698
4145,è¨‡Väw,6,33,0,2,4,0.2590909090909091,0,0,0,0,0,0,0,0,0,0,0.2506132075471698
4146,ñˆã¥çGãI,1,32,9,10,5,0.1409375,9,0,0,0,0,0,5,5,13,0,0.1509170305676856
4146,ñˆã¥çGãI,2,47,5,14,12,0.13127659574468084,0,4,1,0,0,0,0,0,0,25,0.1509170305676856
4146,ñˆã¥çGãI,3,39,2,7,7,0.17384615384615384,0,0,1,0,1,0,0,0,0,0,0.1509170305676856
4146,ñˆã¥çGãI,4,41,3,6,10,0.1475609756097561,0,0,2,0,1,0,0,0,0,0,0.1509170305676856
4146,ñˆã¥çGãI,5,39,0,7,9,0.15205128205128204,0,0,0,0,0,0,0,0,0,0,0.1509170305676856
4146,ñˆã¥çGãI,6,31,0,1,2,0.16516129032258065,0,0,0,0,0,0,0,0,0,0,0.1509170305676856
4148,é}îˆå´,1,39,28,6,2,0.10717948717948718,27,0,0,0,1,0,2,4,3,0,0.1155688622754491
4148,é}îˆå´,2,23,5,12,3,0.1226086956521739,0,2,2,0,0,1,0,0,0,13,0.1155688622754491
4148,é}îˆå´,3,24,7,8,1,0.11083333333333334,0,0,3,4,0,0,0,0,0,0,0.1155688622754491
4148,é}îˆå´,4,30,3,5,8,0.11666666666666667,0,1,0,1,1,0,0,0,0,0,0.1155688622754491
4148,é}îˆå´,5,23,0,6,4,0.11347826086956521,0,0,0,0,0,0,0,0,0,0,0.1155688622754491
4148,é}îˆå´,6,28,2,7,7,0.12607142857142856,0,0,1,1,0,0,0,0,0,0,0.1155688622754491
4150,éRìcóYëæ,1,57,39,7,5,0.11877192982456142,38,0,0,0,1,0,4,4,3,0,0.12426877470355732
4150,éRìcóYëæ,2,39,10,12,6,0.12333333333333332,0,7,2,0,1,0,0,0,0,23,0.12426877470355732
4150,éRìcóYëæ,3,41,4,12,8,0.12414634146341463,0,0,3,1,0,0,0,0,0,0,0.12426877470355732
4150,éRìcóYëæ,4,40,7,8,15,0.1315,0,0,3,3,1,0,0,0,0,0,0.12426877470355732
4150,éRìcóYëæ,5,35,3,7,10,0.1122857142857143,0,0,3,0,0,0,0,0,0,0,0.12426877470355732
4150,éRìcóYëæ,6,41,3,9,8,0.13609756097560977,0,0,2,1,0,0,0,0,0,0,0.12426877470355732
4151,â∫âÕó_éj,1,44,22,7,6,0.1831818181818182,22,0,0,0,0,0,6,6,7,0,0.18854166666666666
4151,â∫âÕó_éj,2,40,10,12,4,0.1655,0,9,1,0,0,0,0,0,0,19,0.18854166666666666
4151,â∫âÕó_éj,3,37,1,10,10,0.16513513513513514,0,1,0,0,0,0,0,0,0,0,0.18854166666666666
4151,â∫âÕó_éj,4,31,2,6,6,0.1867741935483871,0,1,0,1,0,0,0,0,0,0,0.18854166666666666
4151,â∫âÕó_éj,5,45,0,7,9,0.2177777777777778,0,0,0,0,0,0,0,0,0,0,0.18854166666666666
4151,â∫âÕó_éj,6,43,3,5,13,0.2062790697674419,0,1,1,1,0,0,0,0,0,0,0.18854166666666666
4152,ê[êÖêTàÍòY,1,26,9,8,4,0.17538461538461542,8,0,0,0,1,0,5,6,4,0,0.17565476190476192
4152,ê[êÖêTàÍòY,2,30,7,7,5,0.183,0,6,1,0,0,0,0,0,0,16,0.17565476190476192
4152,ê[êÖêTàÍòY,3,31,5,6,8,0.1664516129032258,0,0,2,3,0,0,0,0,0,0,0.17565476190476192
4152,ê[êÖêTàÍòY,4,29,1,7,8,0.1620689655172414,0,0,1,0,0,0,0,0,0,0,0.17565476190476192
4152,ê[êÖêTàÍòY,5,25,1,5,7,0.1744,0,0,0,1,0,0,0,0,0,0,0.17565476190476192
4152,ê[êÖêTàÍòY,6,27,0,0,4,0.1940740740740741,0,0,0,0,0,0,0,0,0,0,0.17565476190476192
4154,êXà¿çOâÎ,1,31,17,1,6,0.16225806451612904,16,0,1,0,0,0,3,4,5,0,0.18260089686098654
4154,êXà¿çOâÎ,2,40,5,17,5,0.17450000000000002,1,3,1,0,0,0,0,0,0,23,0.18260089686098654
4154,êXà¿çOâÎ,3,41,4,12,11,0.17219512195121953,0,0,2,2,0,0,0,0,0,0,0.18260089686098654
4154,êXà¿çOâÎ,4,37,4,6,7,0.17432432432432432,0,1,3,0,0,0,0,0,0,0,0.18260089686098654
4154,êXà¿çOâÎ,5,39,3,5,6,0.18871794871794872,1,0,0,0,2,0,0,0,0,0,0.18260089686098654
4154,êXà¿çOâÎ,6,35,0,2,7,0.224,0,0,0,0,0,0,0,0,0,0,0.18260089686098654
4155,í∑ñÏëséuòY,1,57,38,10,2,0.14877192982456142,37,0,0,0,1,0,4,8,4,0,0.15074688796680497
4155,í∑ñÏëséuòY,2,38,10,10,5,0.14947368421052631,0,7,2,0,1,0,0,0,0,22,0.15074688796680497
4155,í∑ñÏëséuòY,3,42,11,5,10,0.14714285714285713,0,5,2,4,0,0,0,0,0,0,0.15074688796680497
4155,í∑ñÏëséuòY,4,35,4,14,6,0.13914285714285715,0,1,2,1,0,0,0,0,0,0,0.15074688796680497
4155,í∑ñÏëséuòY,5,34,4,5,8,0.15382352941176472,0,0,0,3,1,0,0,0,0,0,0.15074688796680497
4155,í∑ñÏëséuòY,6,35,4,4,8,0.1682857142857143,0,1,0,3,0,0,0,0,0,0,0.15074688796680497
4156,ïlñÏçFéu,1,38,25,8,1,0.15763157894736843,24,0,0,0,0,1,4,2,5,0,0.1571689497716895
4156,ïlñÏçFéu,2,39,3,12,5,0.1605128205128205,0,1,2,0,0,0,0,0,0,22,0.1571689497716895
4156,ïlñÏçFéu,3,35,3,9,8,0.14600000000000002,0,1,2,0,0,0,0,0,0,0,0.1571689497716895
4156,ïlñÏçFéu,4,35,2,7,9,0.15228571428571427,0,1,0,1,0,0,0,0,0,0,0.1571689497716895
4156,ïlñÏçFéu,5,35,1,4,6,0.16028571428571428,0,0,1,0,0,0,0,0,0,0,0.1571689497716895
4156,ïlñÏçFéu,6,37,2,2,10,0.1654054054054054,0,0,0,2,0,0,0,0,0,0,0.1571689497716895
4158,ñÿèÍóYìÒòY,1,29,14,4,2,0.1631034482758621,13,0,0,0,1,0,7,4,3,0,0.16716157205240176
4158,ñÿèÍóYìÒòY,2,47,1,5,12,0.1695744680851064,0,0,1,0,0,0,0,0,0,26,0.16716157205240176
4158,ñÿèÍóYìÒòY,3,38,3,9,4,0.17684210526315788,0,0,1,2,0,0,0,0,0,0,0.16716157205240176
4158,ñÿèÍóYìÒòY,4,41,7,6,4,0.15146341463414634,0,2,3,1,1,0,0,0,0,0,0.16716157205240176
4158,ñÿèÍóYìÒòY,5,41,3,3,12,0.16634146341463416,0,0,3,0,0,0,0,0,0,0,0.16716157205240176
4158,ñÿèÍóYìÒòY,6,33,1,2,7,0.17666666666666667,0,0,0,0,1,0,0,0,0,0,0.16716157205240176
4159,å¸å„ó¥àÍ,1,51,30,9,5,0.14666666666666667,28,0,0,0,2,0,2,3,10,0,0.16858267716535433
4159,å¸å„ó¥àÍ,2,38,10,14,4,0.16157894736842104,0,4,4,0,2,0,0,0,0,18,0.16858267716535433
4159,å¸å„ó¥àÍ,3,46,4,18,8,0.1532608695652174,0,0,2,0,2,0,0,0,0,0,0.16858267716535433
4159,å¸å„ó¥àÍ,4,43,5,8,16,0.16139534883720932,0,3,0,2,0,0,0,0,0,0,0.16858267716535433
4159,å¸å„ó¥àÍ,5,33,3,6,4,0.19363636363636363,0,1,0,2,0,0,0,0,0,0,0.16858267716535433
4159,å¸å„ó¥àÍ,6,43,0,5,8,0.20511627906976745,0,0,0,0,0,0,0,0,0,0,0.16858267716535433
4161,çïñˆç_çF,1,52,32,7,8,0.13865384615384616,29,0,0,0,3,0,3,10,5,0,0.15729957805907174
4161,çïñˆç_çF,2,39,5,9,12,0.17076923076923078,0,3,2,0,0,0,0,0,0,22,0.15729957805907174
4161,çïñˆç_çF,3,31,4,6,10,0.15258064516129033,0,1,2,1,0,0,0,0,0,0,0.15729957805907174
4161,çïñˆç_çF,4,40,13,5,12,0.16,0,1,11,0,1,0,0,0,0,0,0.15729957805907174
4161,çïñˆç_çF,5,41,3,9,8,0.15804878048780488,0,0,2,1,0,0,0,0,0,0,0.15729957805907174
4161,çïñˆç_çF,6,34,2,3,4,0.17058823529411765,0,1,1,0,0,0,0,0,0,0,0.15729957805907174
4162,í|ñ{ëæé˜,1,5,3,1,1,0.16999999999999998,3,0,0,0,0,0,2,0,0,0,0.1987179487179487
4162,í|ñ{ëæé˜,2,7,0,1,0,0.18,0,0,0,0,0,0,0,0,0,3,0.1987179487179487
4162,í|ñ{ëæé˜,3,8,1,1,3,0.185,0,1,0,0,0,0,0,0,0,0,0.1987179487179487
4162,í|ñ{ëæé˜,4,5,0,1,1,0.31799999999999995,0,0,0,0,0,0,0,0,0,0,0.1987179487179487
4162,í|ñ{ëæé˜,5,8,0,0,0,0.17375000000000002,0,0,0,0,0,0,0,0,0,0,0.1987179487179487
4162,í|ñ{ëæé˜,6,6,0,0,3,0.19666666666666666,0,0,0,0,0,0,0,0,0,0,0.1987179487179487
4163,éRçËóTéi,1,43,30,8,0,0.1402325581395349,29,0,0,0,1,0,3,2,7,0,0.16815686274509806
4163,éRçËóTéi,2,51,6,14,9,0.16941176470588237,0,5,1,0,0,0,0,0,0,29,0.16815686274509806
4163,éRçËóTéi,3,43,6,9,10,0.18069767441860465,0,1,0,4,1,0,0,0,0,0,0.16815686274509806
4163,éRçËóTéi,4,35,0,5,11,0.17114285714285715,0,0,0,0,0,0,0,0,0,0,0.16815686274509806
4163,éRçËóTéi,5,45,0,5,13,0.16799999999999998,0,0,0,0,0,0,0,0,0,0,0.16815686274509806
4163,éRçËóTéi,6,38,1,2,7,0.18131578947368424,0,0,0,1,0,0,0,0,0,0,0.16815686274509806
4164,ä‚âiêﬂñÁ,1,15,6,4,3,0.146,6,0,0,0,0,0,3,3,3,0,0.17570175438596491
4164,ä‚âiêﬂñÁ,2,21,2,3,2,0.17619047619047618,0,0,1,0,1,0,0,0,0,14,0.17570175438596491
4164,ä‚âiêﬂñÁ,3,20,1,5,4,0.183,0,0,0,0,1,0,0,0,0,0,0.17570175438596491
4164,ä‚âiêﬂñÁ,4,21,0,1,3,0.19,0,0,0,0,0,0,0,0,0,0,0.17570175438596491
4164,ä‚âiêﬂñÁ,5,19,0,0,3,0.17473684210526316,0,0,0,0,0,0,0,0,0,0,0.17570175438596491
4164,ä‚âiêﬂñÁ,6,18,0,0,2,0.1761111111111111,0,0,0,0,0,0,0,0,0,0,0.17570175438596491
4166,ãgìcägòY,1,63,49,11,2,0.11666666666666667,46,0,0,0,3,0,5,0,9,0,0.12262589928057555
4166,ãgìcägòY,2,44,6,17,7,0.12909090909090912,0,5,0,0,1,0,0,0,0,27,0.12262589928057555
4166,ãgìcägòY,3,42,9,14,4,0.1319047619047619,0,5,2,2,0,0,0,0,0,0,0.12262589928057555
4166,ãgìcägòY,4,43,6,8,11,0.11093023255813955,0,1,3,2,0,0,0,0,0,0,0.12262589928057555
4166,ãgìcägòY,5,45,5,9,9,0.12266666666666667,0,0,1,3,0,1,0,0,0,0,0.12262589928057555
4166,ãgìcägòY,6,41,1,11,8,0.1275609756097561,0,0,0,1,0,0,0,0,0,0,0.12262589928057555
4167,ï–â™èGé˜,1,26,8,4,8,0.18115384615384617,8,0,0,0,0,0,5,6,7,0,0.15502512562814072
4167,ï–â™èGé˜,2,40,2,7,7,0.15175,0,2,0,0,0,0,0,0,0,18,0.15502512562814072
4167,ï–â™èGé˜,3,36,4,11,6,0.13972222222222222,0,0,3,1,0,0,0,0,0,0,0.15502512562814072
4167,ï–â™èGé˜,4,35,4,2,10,0.15571428571428572,0,0,2,2,0,0,0,0,0,0,0.15502512562814072
4167,ï–â™èGé˜,5,33,1,4,7,0.15606060606060607,0,0,0,1,0,0,0,0,0,0,0.15502512562814072
4167,ï–â™èGé˜,6,29,1,2,3,0.1531034482758621,0,0,0,1,0,0,0,0,0,0,0.15502512562814072
4168,êŒñÏãMîV,1,32,24,5,0,0.1403125,24,0,0,0,0,0,4,3,1,0,0.14677018633540373
4168,êŒñÏãMîV,2,27,7,6,7,0.16555555555555554,1,3,2,0,1,0,0,0,0,15,0.14677018633540373
4168,êŒñÏãMîV,3,27,5,5,5,0.12222222222222223,1,1,3,0,0,0,0,0,0,0,0.14677018633540373
4168,êŒñÏãMîV,4,27,3,1,5,0.14074074074074072,0,0,2,1,0,0,0,0,0,0,0.14677018633540373
4168,êŒñÏãMîV,5,28,3,5,5,0.15214285714285714,0,1,0,2,0,0,0,0,0,0,0.14677018633540373
4168,êŒñÏãMîV,6,20,1,1,3,0.1655,0,0,0,1,0,0,0,0,0,0,0.14677018633540373
4169,ëΩìcóLóC,1,27,11,4,1,0.15703703703703706,11,0,0,0,0,0,4,8,3,0,0.1622110552763819
4169,ëΩìcóLóC,2,37,6,5,4,0.15297297297297296,1,3,1,0,0,1,0,0,0,21,0.1622110552763819
4169,ëΩìcóLóC,3,33,0,7,6,0.14606060606060606,0,0,0,0,0,0,0,0,0,0,0.1622110552763819
4169,ëΩìcóLóC,4,37,2,4,3,0.1572972972972973,0,0,2,0,0,0,0,0,0,0,0.1622110552763819
4169,ëΩìcóLóC,5,38,0,3,3,0.16447368421052633,0,0,0,0,0,0,0,0,0,0,0.1622110552763819
4169,ëΩìcóLóC,6,27,0,1,1,0.20333333333333334,0,0,0,0,0,0,0,0,0,0,0.1622110552763819
4171,â|çKéi,1,59,41,8,4,0.1542372881355932,38,0,0,0,3,0,4,4,9,0,0.17114695340501793
4171,â|çKéi,2,47,10,12,15,0.16085106382978726,0,7,2,0,1,0,0,0,0,30,0.17114695340501793
4171,â|çKéi,3,42,8,10,8,0.16642857142857143,0,1,4,2,1,0,0,0,0,0,0.17114695340501793
4171,â|çKéi,4,41,4,3,18,0.17463414634146343,0,1,1,1,0,1,0,0,0,0,0.17114695340501793
4171,â|çKéi,5,39,1,6,9,0.17743589743589744,0,0,0,1,0,0,0,0,0,0,0.17114695340501793
4171,â|çKéi,6,51,2,6,7,0.19647058823529412,0,1,0,0,0,1,0,0,0,0,0.17114695340501793
4172,êXíËçWéj,1,67,43,16,4,0.1273134328358209,41,0,0,0,2,0,9,2,12,0,0.15076923076923077
4172,êXíËçWéj,2,47,12,13,10,0.13638297872340427,0,9,2,0,1,0,0,0,0,23,0.15076923076923077
4172,êXíËçWéj,3,42,8,9,11,0.15261904761904763,0,0,3,5,0,0,0,0,0,0,0.15076923076923077
4172,êXíËçWéj,4,44,3,10,13,0.1531818181818182,0,1,1,1,0,0,0,0,0,0,0.15076923076923077
4172,êXíËçWéj,5,41,3,8,14,0.16414634146341464,0,1,0,1,1,0,0,0,0,0,0.15076923076923077
4172,êXíËçWéj,6,45,3,2,11,0.18444444444444447,0,0,0,1,2,0,0,0,0,0,0.15076923076923077
4173,â™íJåíå·,1,36,16,7,3,0.17305555555555557,16,0,0,0,0,0,4,8,3,0,0.1858482142857143
4173,â™íJåíå·,2,40,5,10,5,0.1945,1,2,0,0,2,0,0,0,0,24,0.1858482142857143
4173,â™íJåíå·,3,40,3,9,9,0.1945,0,1,0,2,0,0,0,0,0,0,0.1858482142857143
4173,â™íJåíå·,4,37,1,8,10,0.17972972972972973,0,0,0,0,1,0,0,0,0,0,0.1858482142857143
4173,â™íJåíå·,5,37,0,4,10,0.1881081081081081,0,0,0,0,0,0,0,0,0,0,0.1858482142857143
4173,â™íJåíå·,6,34,0,3,1,0.18323529411764708,0,0,0,0,0,0,0,0,0,0,0.1858482142857143
4174,ê‘ç‚èrï„,1,68,54,6,2,0.13088235294117648,52,0,0,0,2,0,3,6,4,0,0.14528428093645485
4174,ê‘ç‚èrï„,2,47,8,15,10,0.14872340425531916,1,3,2,0,1,1,0,0,0,27,0.14528428093645485
4174,ê‘ç‚èrï„,3,48,6,16,10,0.13645833333333332,0,0,2,4,0,0,0,0,0,0,0.14528428093645485
4174,ê‘ç‚èrï„,4,52,11,9,9,0.14807692307692308,0,0,8,2,1,0,0,0,0,0,0.14528428093645485
4174,ê‘ç‚èrï„,5,39,3,4,11,0.151025641025641,0,0,0,3,0,0,0,0,0,0,0.14528428093645485
4174,ê‘ç‚èrï„,6,45,5,5,9,0.16466666666666668,0,1,2,1,1,0,0,0,0,0,0.14528428093645485
4175,êÏêKë◊ï„,1,31,16,3,6,0.13806451612903226,16,0,0,0,0,0,2,5,7,0,0.14513966480446927
4175,êÏêKë◊ï„,2,23,4,8,4,0.12086956521739131,1,0,2,0,1,0,0,0,0,17,0.14513966480446927
4175,êÏêKë◊ï„,3,33,7,11,5,0.15606060606060607,0,1,3,3,0,0,0,0,0,0,0.14513966480446927
4175,êÏêKë◊ï„,4,32,4,10,11,0.131875,0,0,1,2,1,0,0,0,0,0,0.14513966480446927
4175,êÏêKë◊ï„,5,32,0,6,8,0.155,0,0,0,0,0,0,0,0,0,0,0.14513966480446927
4175,êÏêKë◊ï„,6,28,1,1,4,0.16392857142857142,0,0,0,1,0,0,0,0,0,0,0.14513966480446927
4176,îÛå˚äÏïF,1,14,4,3,2,0.15785714285714286,4,0,0,0,0,0,3,3,2,0,0.15880000000000002
4176,îÛå˚äÏïF,2,26,3,9,2,0.17115384615384616,0,2,1,0,0,0,0,0,0,13,0.15880000000000002
4176,îÛå˚äÏïF,3,28,2,2,3,0.14285714285714285,0,0,0,2,0,0,0,0,0,0,0.15880000000000002
4176,îÛå˚äÏïF,4,20,0,3,3,0.161,0,0,0,0,0,0,0,0,0,0,0.15880000000000002
4176,îÛå˚äÏïF,5,22,1,1,4,0.17136363636363636,0,0,0,1,0,0,0,0,0,0,0.15880000000000002
4176,îÛå˚äÏïF,6,15,0,0,3,0.14666666666666667,0,0,0,0,0,0,0,0,0,0,0.15880000000000002
4177,‰›ê≥ék,1,24,16,1,2,0.15166666666666667,16,0,0,0,0,0,1,3,3,0,0.1445222929936306
4177,‰›ê≥ék,2,27,6,5,6,0.14074074074074072,0,3,2,0,1,0,0,0,0,13,0.1445222929936306
4177,‰›ê≥ék,3,31,4,8,7,0.1338709677419355,0,2,1,1,0,0,0,0,0,0,0.1445222929936306
4177,‰›ê≥ék,4,26,5,3,5,0.12192307692307693,0,0,4,1,0,0,0,0,0,0,0.1445222929936306
4177,‰›ê≥ék,5,26,3,2,7,0.13692307692307693,0,0,0,3,0,0,0,0,0,0,0.1445222929936306
4177,‰›ê≥ék,6,23,0,0,2,0.19,0,0,0,0,0,0,0,0,0,0,0.1445222929936306
4179,çLéüèC,1,32,14,9,4,0.1478125,11,0,0,0,3,0,4,2,11,0,0.15386792452830186
4179,çLéüèC,2,39,2,9,12,0.16025641025641027,0,2,0,0,0,0,0,0,0,24,0.15386792452830186
4179,çLéüèC,3,41,3,7,12,0.1446341463414634,0,1,0,2,0,0,0,0,0,0,0.15386792452830186
4179,çLéüèC,4,35,1,7,5,0.1457142857142857,0,0,0,1,0,0,0,0,0,0,0.15386792452830186
4179,çLéüèC,5,40,4,5,6,0.1545,0,0,0,2,0,2,0,0,0,0,0.15386792452830186
4179,çLéüèC,6,25,0,0,6,0.1772,0,0,0,0,0,0,0,0,0,0,0.15386792452830186
4180,è„ñÏèGòa,1,31,8,11,3,0.1858064516129032,8,0,0,0,0,0,6,12,3,0,0.17903381642512078
4180,è„ñÏèGòa,2,38,3,9,4,0.17657894736842106,0,2,1,0,0,0,0,0,0,23,0.17903381642512078
4180,è„ñÏèGòa,3,32,5,6,10,0.18,0,1,3,0,1,0,0,0,0,0,0.17903381642512078
4180,è„ñÏèGòa,4,35,3,3,7,0.1782857142857143,0,0,1,1,1,0,0,0,0,0,0.17903381642512078
4180,è„ñÏèGòa,5,38,0,1,6,0.17973684210526317,0,0,0,0,0,0,0,0,0,0,0.17903381642512078
4180,è„ñÏèGòa,6,33,0,3,4,0.17454545454545453,0,0,0,0,0,0,0,0,0,0,0.17903381642512078
4181,â‘ñ{âƒé˜,1,34,20,4,1,0.1411764705882353,20,0,0,0,0,0,5,4,3,0,0.17968325791855205
4181,â‘ñ{âƒé˜,2,37,3,6,11,0.17432432432432432,1,2,0,0,0,0,0,0,0,22,0.17968325791855205
4181,â‘ñ{âƒé˜,3,40,1,6,8,0.1595,0,1,0,0,0,0,0,0,0,0,0.17968325791855205
4181,â‘ñ{âƒé˜,4,43,1,1,10,0.18697674418604654,0,0,0,1,0,0,0,0,0,0,0.17968325791855205
4181,â‘ñ{âƒé˜,5,36,1,2,4,0.1922222222222222,0,0,0,1,0,0,0,0,0,0,0.17968325791855205
4181,â‘ñ{âƒé˜,6,31,0,4,5,0.2296774193548387,0,0,0,0,0,0,0,0,0,0,0.17968325791855205
4182,ãgìcòaêm,1,35,16,6,3,0.13971428571428574,16,0,0,0,0,0,7,10,1,0,0.15293333333333334
4182,ãgìcòaêm,2,41,5,10,4,0.14853658536585365,0,2,3,0,0,0,0,0,0,25,0.15293333333333334
4182,ãgìcòaêm,3,43,4,5,8,0.14069767441860465,0,0,3,1,0,0,0,0,0,0,0.15293333333333334
4182,ãgìcòaêm,4,36,5,6,1,0.17277777777777778,0,0,3,2,0,0,0,0,0,0,0.15293333333333334
4182,ãgìcòaêm,5,38,0,6,4,0.1586842105263158,0,0,0,0,0,0,0,0,0,0,0.15293333333333334
4182,ãgìcòaêm,6,32,1,4,3,0.1603125,0,1,0,0,0,0,0,0,0,0,0.15293333333333334
4183,âFñÏñÌê∂,1,60,41,8,0,0.13516666666666666,40,0,0,0,1,0,7,8,4,0,0.13150537634408602
4183,âFñÏñÌê∂,2,50,17,11,7,0.1418,0,11,5,1,0,0,0,0,0,23,0.13150537634408602
4183,âFñÏñÌê∂,3,44,11,8,7,0.1322727272727273,0,1,4,5,1,0,0,0,0,0,0.13150537634408602
4183,âFñÏñÌê∂,4,47,12,7,9,0.11489361702127661,0,2,7,1,1,1,0,0,0,0,0.13150537634408602
4183,âFñÏñÌê∂,5,39,2,5,5,0.12641025641025644,0,0,1,1,0,0,0,0,0,0,0.13150537634408602
4183,âFñÏñÌê∂,6,39,2,2,6,0.13692307692307693,0,0,0,0,2,0,0,0,0,0,0.13150537634408602
4184,ìnÁ≤óYàÍòY,1,48,32,8,5,0.15770833333333334,32,0,0,0,0,0,4,5,6,0,0.1582300884955752
4184,ìnÁ≤óYàÍòY,2,37,7,15,6,0.16756756756756758,0,2,3,0,2,0,0,0,0,15,0.1582300884955752
4184,ìnÁ≤óYàÍòY,3,37,11,13,4,0.15567567567567567,0,1,6,3,1,0,0,0,0,0,0.1582300884955752
4184,ìnÁ≤óYàÍòY,4,38,9,6,5,0.1363157894736842,0,3,3,3,0,0,0,0,0,0,0.1582300884955752
4184,ìnÁ≤óYàÍòY,5,30,6,8,5,0.16766666666666669,0,1,2,3,0,0,0,0,0,0,0.1582300884955752
4184,ìnÁ≤óYàÍòY,6,36,3,3,7,0.16722222222222224,0,0,1,2,0,0,0,0,0,0,0.1582300884955752
4186,è¨êÏéûåı,1,20,7,2,2,0.174,5,0,0,0,2,0,4,1,5,0,0.16541353383458646
4186,è¨êÏéûåı,2,24,1,6,3,0.16833333333333333,0,0,0,0,1,0,0,0,0,9,0.16541353383458646
4186,è¨êÏéûåı,3,24,2,5,4,0.1525,0,0,2,0,0,0,0,0,0,0,0.16541353383458646
4186,è¨êÏéûåı,4,22,1,5,1,0.16318181818181818,0,0,1,0,0,0,0,0,0,0,0.16541353383458646
4186,è¨êÏéûåı,5,25,1,0,1,0.1576,0,0,0,1,0,0,0,0,0,0,0.16541353383458646
4186,è¨êÏéûåı,6,18,1,0,2,0.1827777777777778,0,0,1,0,0,0,0,0,0,0,0.16541353383458646
4188,ãvìcïqîV,1,57,43,9,2,0.12964912280701754,40,0,0,0,3,0,6,5,3,0,0.14122137404580154
4188,ãvìcïqîV,2,45,13,20,4,0.1511111111111111,0,7,2,0,4,0,0,0,0,20,0.14122137404580154
4188,ãvìcïqîV,3,43,9,14,11,0.15348837209302324,0,2,1,6,0,0,0,0,0,0,0.14122137404580154
4188,ãvìcïqîV,4,46,12,12,6,0.14173913043478262,0,0,6,5,1,0,0,0,0,0,0.14122137404580154
4188,ãvìcïqîV,5,36,4,6,9,0.13277777777777777,0,0,1,2,1,0,0,0,0,0,0.14122137404580154
4188,ãvìcïqîV,6,35,7,8,4,0.1402857142857143,0,3,0,3,1,0,0,0,0,0,0.14122137404580154
4189,êÏè„çÑ,1,73,46,13,4,0.14849315068493152,43,0,0,0,3,0,8,6,9,0,0.15876160990712074
4189,êÏè„çÑ,2,49,5,14,6,0.15959183673469388,0,4,0,0,1,0,0,0,0,28,0.15876160990712074
4189,êÏè„çÑ,3,61,5,17,12,0.16213114754098362,0,2,2,1,0,0,0,0,0,0,0.15876160990712074
4189,êÏè„çÑ,4,50,3,14,11,0.1512,0,1,0,0,2,0,0,0,0,0,0.15876160990712074
4189,êÏè„çÑ,5,45,3,4,7,0.16866666666666666,0,0,1,2,0,0,0,0,0,0,0.15876160990712074
4189,êÏè„çÑ,6,45,6,4,9,0.16844444444444445,0,3,2,1,0,0,0,0,0,0,0.15876160990712074
4190,í∑ìàñúãL,1,47,33,6,5,0.1551063829787234,32,0,0,0,1,0,4,7,2,0,0.15679824561403508
4190,í∑ìàñúãL,2,37,9,8,10,0.1483783783783784,0,4,5,0,0,0,0,0,0,21,0.15679824561403508
4190,í∑ìàñúãL,3,38,3,11,12,0.14921052631578946,0,1,1,1,0,0,0,0,0,0,0.15679824561403508
4190,í∑ìàñúãL,4,38,5,7,12,0.15763157894736843,0,1,2,2,0,0,0,0,0,0,0.15679824561403508
4190,í∑ìàñúãL,5,36,3,6,8,0.14666666666666667,0,0,0,2,1,0,0,0,0,0,0.15679824561403508
4190,í∑ìàñúãL,6,32,2,3,5,0.1884375,0,0,0,1,0,1,0,0,0,0,0.15679824561403508
4191,ê‘âHçéñÁ,1,51,34,8,2,0.16156862745098038,32,0,0,0,2,0,6,6,3,0,0.16682539682539682
4191,ê‘âHçéñÁ,2,45,10,14,5,0.17333333333333334,0,4,3,0,3,0,0,0,0,22,0.16682539682539682
4191,ê‘âHçéñÁ,3,42,3,20,12,0.16357142857142856,0,0,1,1,1,0,0,0,0,0,0.16682539682539682
4191,ê‘âHçéñÁ,4,38,1,12,6,0.15552631578947368,0,0,0,0,1,0,0,0,0,0,0.16682539682539682
4191,ê‘âHçéñÁ,5,34,0,6,6,0.17088235294117646,0,0,0,0,0,0,0,0,0,0,0.16682539682539682
4191,ê‘âHçéñÁ,6,42,0,3,9,0.17642857142857143,0,0,0,0,0,0,0,0,0,0,0.16682539682539682
4193,ãΩå¥èÕïΩ,1,59,41,13,2,0.14372881355932204,40,0,0,0,1,0,2,3,12,0,0.15493055555555554
4193,ãΩå¥èÕïΩ,2,50,8,21,10,0.152,0,4,4,0,0,0,0,0,0,32,0.15493055555555554
4193,ãΩå¥èÕïΩ,3,50,7,18,9,0.1416,0,1,4,1,1,0,0,0,0,0,0.15493055555555554
4193,ãΩå¥èÕïΩ,4,45,7,6,15,0.15377777777777776,0,2,3,1,1,0,0,0,0,0,0.15493055555555554
4193,ãΩå¥èÕïΩ,5,39,1,6,8,0.16692307692307692,0,0,0,0,1,0,0,0,0,0,0.15493055555555554
4193,ãΩå¥èÕïΩ,6,45,1,2,10,0.17844444444444443,0,0,1,0,0,0,0,0,0,0,0.15493055555555554
4195,ëOêÏéÁék,1,31,16,6,5,0.1435483870967742,15,0,0,0,1,0,3,7,3,0,0.13710982658959536
4195,ëOêÏéÁék,2,33,3,11,4,0.14333333333333334,0,3,0,0,0,0,0,0,0,20,0.13710982658959536
4195,ëOêÏéÁék,3,27,2,7,2,0.13111111111111112,0,0,1,0,1,0,0,0,0,0,0.13710982658959536
4195,ëOêÏéÁék,4,28,1,7,4,0.1357142857142857,0,1,0,0,0,0,0,0,0,0,0.13710982658959536
4195,ëOêÏéÁék,5,25,0,6,6,0.1492,0,0,0,0,0,0,0,0,0,0,0.13710982658959536
4195,ëOêÏéÁék,6,29,3,1,6,0.11965517241379311,0,0,1,1,0,1,0,0,0,0,0.13710982658959536
4196,ìcíÜëæàÍòY,1,28,14,4,4,0.15392857142857144,14,0,0,0,0,0,4,4,5,0,0.17629999999999998
4196,ìcíÜëæàÍòY,2,37,3,6,6,0.1845945945945946,0,3,0,0,0,0,0,0,0,17,0.17629999999999998
4196,ìcíÜëæàÍòY,3,37,4,9,9,0.16918918918918918,0,0,1,2,1,0,0,0,0,0,0.17629999999999998
4196,ìcíÜëæàÍòY,4,33,4,2,4,0.17212121212121212,0,0,4,0,0,0,0,0,0,0,0.17629999999999998
4196,ìcíÜëæàÍòY,5,34,0,5,4,0.18529411764705883,0,0,0,0,0,0,0,0,0,0,0.17629999999999998
4196,ìcíÜëæàÍòY,6,31,0,1,2,0.1896774193548387,0,0,0,0,0,0,0,0,0,0,0.17629999999999998
4197,à≠î¸ëÏòY,1,37,13,8,6,0.17864864864864866,13,0,0,0,0,0,7,7,9,0,0.1895582329317269
4197,à≠î¸ëÏòY,2,43,4,6,10,0.18930232558139537,0,1,2,0,1,0,0,0,0,22,0.1895582329317269
4197,à≠î¸ëÏòY,3,45,2,5,5,0.18355555555555556,0,0,1,1,0,0,0,0,0,0,0.1895582329317269
4197,à≠î¸ëÏòY,4,47,5,3,11,0.18851063829787232,0,1,3,0,1,0,0,0,0,0,0.1895582329317269
4197,à≠î¸ëÏòY,5,39,1,3,7,0.17487179487179488,0,0,1,0,0,0,0,0,0,0,0.1895582329317269
4197,à≠î¸ëÏòY,6,38,1,3,1,0.22394736842105262,0,0,0,1,0,0,0,0,0,0,0.1895582329317269
4199,ñkêÏèÅìÒ,1,56,39,8,3,0.12232142857142858,37,0,0,0,2,0,4,4,6,0,0.13893536121673003
4199,ñkêÏèÅìÒ,2,48,3,10,11,0.15708333333333332,1,1,1,0,0,0,0,0,0,29,0.13893536121673003
4199,ñkêÏèÅìÒ,3,43,7,11,9,0.13488372093023254,0,1,3,2,1,0,0,0,0,0,0.13893536121673003
4199,ñkêÏèÅìÒ,4,43,0,9,17,0.12000000000000001,0,0,0,0,0,0,0,0,0,0,0.13893536121673003
4199,ñkêÏèÅìÒ,5,38,6,11,6,0.15894736842105264,0,1,2,2,0,1,0,0,0,0,0.13893536121673003
4199,ñkêÏèÅìÒ,6,35,2,7,10,0.14714285714285716,0,0,1,0,0,1,0,0,0,0,0.13893536121673003
4200,ëÅêÏèÆêl,1,34,11,5,6,0.1723529411764706,11,0,0,0,0,0,6,6,7,0,0.17200803212851404
4200,ëÅêÏèÆêl,2,46,5,3,7,0.1658695652173913,0,2,2,0,1,0,0,0,0,22,0.17200803212851404
4200,ëÅêÏèÆêl,3,45,7,9,7,0.16,0,0,5,2,0,0,0,0,0,0,0.17200803212851404
4200,ëÅêÏèÆêl,4,48,0,9,8,0.18270833333333333,0,0,0,0,0,0,0,0,0,0,0.17200803212851404
4200,ëÅêÏèÆêl,5,46,1,3,6,0.1793478260869565,0,0,0,1,0,0,0,0,0,0,0.17200803212851404
4200,ëÅêÏèÆêl,6,30,0,1,6,0.17066666666666666,0,0,0,0,0,0,0,0,0,0,0.17200803212851404
4201,ç≤í|óFé˜,1,27,8,8,3,0.16962962962962963,8,0,0,0,0,0,9,6,3,0,0.16098360655737706
4201,ç≤í|óFé˜,2,39,8,8,7,0.17384615384615384,0,7,0,0,1,0,0,0,0,13,0.16098360655737706
4201,ç≤í|óFé˜,3,27,1,7,7,0.16074074074074074,0,0,0,1,0,0,0,0,0,0,0.16098360655737706
4201,ç≤í|óFé˜,4,29,3,4,0,0.1603448275862069,0,0,3,0,0,0,0,0,0,0,0.16098360655737706
4201,ç≤í|óFé˜,5,34,5,0,6,0.14705882352941177,0,0,2,3,0,0,0,0,0,0,0.16098360655737706
4201,ç≤í|óFé˜,6,27,1,1,5,0.15222222222222223,0,0,0,1,0,0,0,0,0,0,0.16098360655737706
4202,ïÇìcå\ç_,1,40,23,8,1,0.15725,22,0,0,0,1,0,6,7,4,0,0.18621722846441946
4202,ïÇìcå\ç_,2,42,3,8,15,0.185,0,2,0,0,0,1,0,0,0,20,0.18621722846441946
4202,ïÇìcå\ç_,3,55,1,11,10,0.18672727272727271,0,0,0,1,0,0,0,0,0,0,0.18621722846441946
4202,ïÇìcå\ç_,4,47,4,5,8,0.1778723404255319,0,0,0,4,0,0,0,0,0,0,0.18621722846441946
4202,ïÇìcå\ç_,5,47,2,2,7,0.1993617021276596,0,0,0,2,0,0,0,0,0,0,0.18621722846441946
4202,ïÇìcå\ç_,6,36,1,2,4,0.2127777777777778,0,0,0,1,0,0,0,0,0,0,0.18621722846441946
4203,è¨ëqçNìT,1,29,14,7,2,0.14551724137931032,14,0,0,0,0,0,6,1,5,0,0.16079754601226995
4203,è¨ëqçNìT,2,27,3,5,4,0.16592592592592595,0,1,2,0,0,0,0,0,0,11,0.16079754601226995
4203,è¨ëqçNìT,3,28,1,5,7,0.14785714285714285,0,0,0,0,1,0,0,0,0,0,0.16079754601226995
4203,è¨ëqçNìT,4,31,2,4,8,0.15064516129032257,0,0,2,0,0,0,0,0,0,0,0.16079754601226995
4203,è¨ëqçNìT,5,21,1,4,3,0.17523809523809525,0,0,1,0,0,0,0,0,0,0,0.16079754601226995
4203,è¨ëqçNìT,6,27,0,0,2,0.18592592592592594,0,0,0,0,0,0,0,0,0,0,0.16079754601226995
4204,éƒìcëÂï„,1,23,7,4,6,0.16521739130434782,6,0,1,0,0,0,5,4,4,0,0.21032608695652175
4204,éƒìcëÂï„,2,35,6,7,6,0.18485714285714286,0,4,0,0,1,1,0,0,0,14,0.21032608695652175
4204,éƒìcëÂï„,3,30,3,4,4,0.25133333333333335,0,0,2,1,0,0,0,0,0,0,0.21032608695652175
4204,éƒìcëÂï„,4,32,4,2,5,0.19062500000000002,0,1,3,0,0,0,0,0,0,0,0.21032608695652175
4204,éƒìcëÂï„,5,32,0,1,4,0.2259375,0,0,0,0,0,0,0,0,0,0,0.21032608695652175
4204,éƒìcëÂï„,6,32,1,4,3,0.23625000000000002,0,0,0,1,0,0,0,0,0,0,0.21032608695652175
4205,éRå˚çÑ,1,46,37,7,1,0.09782608695652174,37,0,0,0,0,0,3,2,3,0,0.11825688073394496
4205,éRå˚çÑ,2,36,9,15,5,0.11805555555555555,1,5,3,0,0,0,0,0,0,20,0.11825688073394496
4205,éRå˚çÑ,3,35,6,13,4,0.10942857142857143,0,1,1,3,1,0,0,0,0,0,0.11825688073394496
4205,éRå˚çÑ,4,35,7,9,7,0.10971428571428572,0,3,1,1,2,0,0,0,0,0,0.11825688073394496
4205,éRå˚çÑ,5,32,1,10,7,0.1278125,0,0,1,0,0,0,0,0,0,0,0.11825688073394496
4205,éRå˚çÑ,6,34,7,10,6,0.15500000000000003,0,3,2,2,0,0,0,0,0,0,0.11825688073394496
4207,èºâ∫àÍñÁ,1,44,32,8,1,0.1190909090909091,31,0,0,0,1,0,5,1,3,0,0.12733333333333335
4207,èºâ∫àÍñÁ,2,40,10,11,8,0.11400000000000002,0,4,6,0,0,0,0,0,0,17,0.12733333333333335
4207,èºâ∫àÍñÁ,3,38,8,12,5,0.1423684210526316,0,1,5,2,0,0,0,0,0,0,0.12733333333333335
4207,èºâ∫àÍñÁ,4,34,9,8,6,0.1261764705882353,0,0,9,0,0,0,0,0,0,0,0.12733333333333335
4207,èºâ∫àÍñÁ,5,35,4,2,6,0.12142857142857143,0,0,4,0,0,0,0,0,0,0,0.12733333333333335
4207,èºâ∫àÍñÁ,6,34,3,1,7,0.14411764705882354,0,0,1,0,0,2,0,0,0,0,0.12733333333333335
4208,éOâYâióù,1,65,52,7,2,0.15061538461538462,49,0,0,0,3,0,2,5,4,0,0.15864468864468864
4208,éOâYâióù,2,42,16,15,2,0.1742857142857143,0,12,4,0,0,0,0,0,0,18,0.15864468864468864
4208,éOâYâióù,3,45,12,9,15,0.17044444444444445,0,2,2,8,0,0,0,0,0,0,0.15864468864468864
4208,éOâYâióù,4,48,13,11,12,0.14625000000000002,0,4,5,3,0,1,0,0,0,0,0.15864468864468864
4208,éOâYâióù,5,37,4,7,10,0.1583783783783784,0,1,0,3,0,0,0,0,0,0,0.15864468864468864
4208,éOâYâióù,6,36,6,9,9,0.15694444444444444,0,1,0,2,3,0,0,0,0,0,0.15864468864468864
4209,ì°ìcó≥çO,1,44,18,9,10,0.17613636363636365,18,0,0,0,0,0,13,9,3,0,0.16501886792452833
4209,ì°ìcó≥çO,2,51,3,12,19,0.1688235294117647,0,2,1,0,0,0,0,0,0,27,0.16501886792452833
4209,ì°ìcó≥çO,3,49,3,15,13,0.14510204081632655,0,0,1,1,0,1,0,0,0,0,0.16501886792452833
4209,ì°ìcó≥çO,4,41,2,10,5,0.1770731707317073,0,1,1,0,0,0,0,0,0,0,0.16501886792452833
4209,ì°ìcó≥çO,5,46,3,6,15,0.15282608695652175,0,0,2,1,0,0,0,0,0,0,0.16501886792452833
4209,ì°ìcó≥çO,6,34,0,3,6,0.17558823529411763,0,0,0,0,0,0,0,0,0,0,0.16501886792452833
4210,èºë∫çNëæ,1,59,35,13,8,0.15186440677966104,33,0,0,0,2,0,10,5,8,0,0.16905723905723907
4210,èºë∫çNëæ,2,48,9,18,11,0.17229166666666665,1,6,0,0,2,0,0,0,0,24,0.16905723905723907
4210,èºë∫çNëæ,3,45,4,13,15,0.16755555555555557,0,3,1,0,0,0,0,0,0,0,0.16905723905723907
4210,èºë∫çNëæ,4,50,3,12,11,0.17059999999999997,0,0,1,1,1,0,0,0,0,0,0.16905723905723907
4210,èºë∫çNëæ,5,49,0,6,11,0.17081632653061227,0,0,0,0,0,0,0,0,0,0,0.16905723905723907
4210,èºë∫çNëæ,6,46,0,4,15,0.1856521739130435,0,0,0,0,0,0,0,0,0,0,0.16905723905723907
4211,ë∫ìcì÷,1,22,7,6,2,0.15045454545454545,7,0,0,0,0,0,5,2,6,0,0.14965714285714288
4211,ë∫ìcì÷,2,35,1,11,5,0.15942857142857142,0,0,0,0,1,0,0,0,0,25,0.14965714285714288
4211,ë∫ìcì÷,3,32,4,4,7,0.140625,0,0,4,0,0,0,0,0,0,0,0.14965714285714288
4211,ë∫ìcì÷,4,35,0,3,6,0.13771428571428573,0,0,0,0,0,0,0,0,0,0,0.14965714285714288
4211,ë∫ìcì÷,5,29,1,1,3,0.14586206896551726,0,1,0,0,0,0,0,0,0,0,0.14965714285714288
4211,ë∫ìcì÷,6,22,1,1,1,0.17045454545454544,0,0,0,1,0,0,0,0,0,0,0.14965714285714288
4213,èdïxêLñÁ,1,23,10,6,0,0.20521739130434782,9,0,0,0,1,0,2,5,4,0,0.18097674418604653
4213,èdïxêLñÁ,2,32,3,6,4,0.1859375,0,2,1,0,0,0,0,0,0,16,0.18097674418604653
4213,èdïxêLñÁ,3,30,1,6,5,0.153,0,0,0,1,0,0,0,0,0,0,0.18097674418604653
4213,èdïxêLñÁ,4,34,1,4,5,0.18735294117647058,0,0,1,0,0,0,0,0,0,0,0.18097674418604653
4213,èdïxêLñÁ,5,48,0,9,5,0.16916666666666666,0,0,0,0,0,0,0,0,0,0,0.18097674418604653
4213,èdïxêLñÁ,6,48,0,4,9,0.19083333333333333,0,0,0,0,0,0,0,0,0,0,0.18097674418604653
4214,ó—óSâÓ,1,40,22,6,5,0.15050000000000002,22,0,0,0,0,0,2,5,7,0,0.14982222222222222
4214,ó—óSâÓ,2,40,5,14,8,0.1605,0,2,1,0,1,1,0,0,0,23,0.14982222222222222
4214,ó—óSâÓ,3,37,4,9,8,0.1254054054054054,0,2,0,1,1,0,0,0,0,0,0.14982222222222222
4214,ó—óSâÓ,4,37,4,5,13,0.14027027027027028,0,1,1,1,1,0,0,0,0,0,0.14982222222222222
4214,ó—óSâÓ,5,40,4,6,12,0.15725,0,1,1,1,1,0,0,0,0,0,0.14982222222222222
4214,ó—óSâÓ,6,31,2,4,7,0.16612903225806452,0,1,0,1,0,0,0,0,0,0,0.14982222222222222
4215,ãgìáèÀîV,1,56,33,12,4,0.14142857142857143,30,0,1,0,2,0,6,8,7,0,0.16723549488054607
4215,ãgìáèÀîV,2,49,11,18,8,0.1679591836734694,0,6,4,0,0,1,0,0,0,24,0.16723549488054607
4215,ãgìáèÀîV,3,53,8,10,11,0.150188679245283,0,0,4,4,0,0,0,0,0,0,0.16723549488054607
4215,ãgìáèÀîV,4,46,6,16,7,0.17043478260869566,0,0,4,2,0,0,0,0,0,0,0.16723549488054607
4215,ãgìáèÀîV,5,45,6,4,10,0.20044444444444443,0,1,1,4,0,0,0,0,0,0,0.16723549488054607
4215,ãgìáèÀîV,6,44,2,2,10,0.1825,0,0,0,2,0,0,0,0,0,0,0.16723549488054607
4216,êØâhé¢,1,38,22,10,1,0.1368421052631579,21,0,0,0,1,0,5,6,5,0,0.15775
4216,êØâhé¢,2,43,3,14,12,0.1516279069767442,1,0,1,0,1,0,0,0,0,26,0.15775
4216,êØâhé¢,3,46,6,11,12,0.14217391304347826,0,1,1,4,0,0,0,0,0,0,0.15775
4216,êØâhé¢,4,41,3,5,8,0.18146341463414634,0,0,1,2,0,0,0,0,0,0,0.15775
4216,êØâhé¢,5,39,2,4,4,0.15153846153846154,0,0,1,1,0,0,0,0,0,0,0.15775
4216,êØâhé¢,6,33,1,1,8,0.1893939393939394,0,0,0,1,0,0,0,0,0,0,0.15775
4218,ãgêÏäÏåp,1,70,50,9,7,0.149,48,0,0,0,2,0,7,9,3,0,0.16051612903225806
4218,ãgêÏäÏåp,2,50,7,16,10,0.158,0,5,2,0,0,0,0,0,0,29,0.16051612903225806
4218,ãgêÏäÏåp,3,54,5,13,16,0.15259259259259259,0,0,1,1,3,0,0,0,0,0,0.16051612903225806
4218,ãgêÏäÏåp,4,47,5,10,12,0.1595744680851064,0,1,0,4,0,0,0,0,0,0,0.16051612903225806
4218,ãgêÏäÏåp,5,42,4,8,8,0.16904761904761903,0,0,1,2,1,0,0,0,0,0,0.16051612903225806
4218,ãgêÏäÏåp,6,47,6,5,13,0.1827659574468085,0,2,2,2,0,0,0,0,0,0,0.16051612903225806
4219,ñ{â™èüóò,1,30,4,8,3,0.185,4,0,0,0,0,0,10,10,5,0,0.18654377880184334
4219,ñ{â™èüóò,2,39,0,8,11,0.17256410256410257,0,0,0,0,0,0,0,0,0,28,0.18654377880184334
4219,ñ{â™èüóò,3,44,1,7,12,0.1809090909090909,0,0,0,0,1,0,0,0,0,0,0.18654377880184334
4219,ñ{â™èüóò,4,39,2,4,7,0.19102564102564104,0,1,0,0,1,0,0,0,0,0,0.18654377880184334
4219,ñ{â™èüóò,5,36,0,0,3,0.18333333333333332,0,0,0,0,0,0,0,0,0,0,0.18654377880184334
4219,ñ{â™èüóò,6,29,0,1,3,0.213448275862069,0,0,0,0,0,0,0,0,0,0,0.18654377880184334
4220,ê[êÏòaêm,1,23,10,4,1,0.16695652173913042,10,0,0,0,0,0,4,6,2,0,0.17813559322033898
4220,ê[êÏòaêm,2,29,4,4,3,0.17344827586206898,0,3,1,0,0,0,0,0,0,19,0.17813559322033898
4220,ê[êÏòaêm,3,33,3,8,5,0.1893939393939394,0,1,1,1,0,0,0,0,0,0,0.17813559322033898
4220,ê[êÏòaêm,4,32,4,3,7,0.17625,0,1,2,0,1,0,0,0,0,0,0.17813559322033898
4220,ê[êÏòaêm,5,32,1,3,7,0.16875,0,0,0,1,0,0,0,0,0,0,0.17813559322033898
4220,ê[êÏòaêm,6,28,0,1,10,0.19178571428571428,0,0,0,0,0,0,0,0,0,0,0.17813559322033898
4222,éRå˚çÇéu,1,11,3,1,3,0.1781818181818182,3,0,0,0,0,0,3,3,0,0,0.17930555555555555
4222,éRå˚çÇéu,2,13,2,4,3,0.2023076923076923,0,2,0,0,0,0,0,0,0,5,0.17930555555555555
4222,éRå˚çÇéu,3,12,1,0,3,0.1725,0,0,0,1,0,0,0,0,0,0,0.17930555555555555
4222,éRå˚çÇéu,4,12,1,0,3,0.17166666666666666,0,0,0,1,0,0,0,0,0,0,0.17930555555555555
4222,éRå˚çÇéu,5,13,1,2,1,0.18923076923076923,0,0,0,1,0,0,0,0,0,0,0.17930555555555555
4222,éRå˚çÇéu,6,11,0,0,1,0.15727272727272726,0,0,0,0,0,0,0,0,0,0,0.17930555555555555
4224,ëÂã¥âhó¢â¿,1,27,16,5,2,0.16185185185185186,15,0,0,0,1,0,3,4,1,0,0.19363636363636363
4224,ëÂã¥âhó¢â¿,2,32,4,6,5,0.1978125,1,3,0,0,0,0,0,0,0,17,0.19363636363636363
4224,ëÂã¥âhó¢â¿,3,35,4,7,6,0.19114285714285714,0,0,4,0,0,0,0,0,0,0,0.19363636363636363
4224,ëÂã¥âhó¢â¿,4,30,1,7,5,0.19866666666666666,0,0,1,0,0,0,0,0,0,0,0.19363636363636363
4224,ëÂã¥âhó¢â¿,5,34,2,3,2,0.19794117647058826,0,1,0,0,1,0,0,0,0,0,0.19363636363636363
4224,ëÂã¥âhó¢â¿,6,29,1,3,3,0.21137931034482757,0,0,0,0,1,0,0,0,0,0,0.19363636363636363
4225,ìyâÆêÁñæ,1,30,17,6,3,0.18766666666666668,15,0,0,0,2,0,5,5,2,0,0.16444444444444445
4225,ìyâÆêÁñæ,2,34,7,10,8,0.15882352941176472,0,2,3,0,2,0,0,0,0,16,0.16444444444444445
4225,ìyâÆêÁñæ,3,34,5,9,7,0.16970588235294118,0,0,4,1,0,0,0,0,0,0,0.16444444444444445
4225,ìyâÆêÁñæ,4,29,4,9,7,0.14344827586206896,0,1,1,2,0,0,0,0,0,0,0.16444444444444445
4225,ìyâÆêÁñæ,5,29,0,8,10,0.1603448275862069,0,0,0,0,0,0,0,0,0,0,0.16444444444444445
4225,ìyâÆêÁñæ,6,24,1,6,10,0.16625,0,0,0,1,0,0,0,0,0,0,0.16444444444444445
4226,ë∫ìcç_éi,1,22,8,4,3,0.18227272727272725,8,0,0,0,0,0,5,8,0,0,0.14888198757763974
4226,ë∫ìcç_éi,2,31,2,4,5,0.15096774193548387,0,1,0,0,1,0,0,0,0,19,0.14888198757763974
4226,ë∫ìcç_éi,3,32,1,4,8,0.1421875,0,0,0,1,0,0,0,0,0,0,0.14888198757763974
4226,ë∫ìcç_éi,4,24,1,2,2,0.16416666666666666,0,0,1,0,0,0,0,0,0,0,0.14888198757763974
4226,ë∫ìcç_éi,5,30,0,3,4,0.13666666666666666,0,0,0,0,0,0,0,0,0,0,0.14888198757763974
4226,ë∫ìcç_éi,6,22,0,1,3,0.12227272727272727,0,0,0,0,0,0,0,0,0,0,0.14888198757763974
4227,à¿íBóTé˜,1,39,29,4,3,0.15333333333333335,29,0,0,0,0,0,1,3,5,0,0.1598009950248756
4227,à¿íBóTé˜,2,34,5,11,6,0.17176470588235293,0,3,2,0,0,0,0,0,0,18,0.1598009950248756
4227,à¿íBóTé˜,3,33,7,8,9,0.13727272727272727,0,0,3,3,1,0,0,0,0,0,0.1598009950248756
4227,à¿íBóTé˜,4,35,3,7,9,0.15171428571428572,0,1,2,0,0,0,0,0,0,0,0.1598009950248756
4227,à¿íBóTé˜,5,24,3,3,8,0.16166666666666665,0,0,1,2,0,0,0,0,0,0,0.1598009950248756
4227,à¿íBóTé˜,6,36,3,4,4,0.1827777777777778,0,0,0,1,2,0,0,0,0,0,0.1598009950248756
4228,ãgìcêTìÒòY,1,42,29,8,0,0.16428571428571428,28,0,0,0,1,0,5,5,2,0,0.16375545851528384
4228,ãgìcêTìÒòY,2,39,3,11,8,0.16076923076923075,0,1,2,0,0,0,0,0,0,23,0.16375545851528384
4228,ãgìcêTìÒòY,3,40,13,8,5,0.1705,0,1,5,7,0,0,0,0,0,0,0.16375545851528384
4228,ãgìcêTìÒòY,4,34,4,9,5,0.14647058823529413,0,2,2,0,0,0,0,0,0,0,0.16375545851528384
4228,ãgìcêTìÒòY,5,37,3,10,7,0.15783783783783784,0,1,0,2,0,0,0,0,0,0,0.16375545851528384
4228,ãgìcêTìÒòY,6,37,1,2,7,0.18081081081081082,0,0,0,1,0,0,0,0,0,0,0.16375545851528384
4229,ésêÏî¸çG,1,26,12,7,2,0.14884615384615385,12,0,0,0,0,0,3,9,1,0,0.18795698924731183
4229,ésêÏî¸çG,2,37,1,7,9,0.19513513513513514,0,0,1,0,0,0,0,0,0,16,0.18795698924731183
4229,ésêÏî¸çG,3,33,0,7,10,0.19606060606060605,0,0,0,0,0,0,0,0,0,0,0.18795698924731183
4229,ésêÏî¸çG,4,28,1,4,3,0.1767857142857143,0,1,0,0,0,0,0,0,0,0,0.18795698924731183
4229,ésêÏî¸çG,5,31,1,3,8,0.20225806451612902,0,0,0,0,1,0,0,0,0,0,0.18795698924731183
4229,ésêÏî¸çG,6,31,0,2,3,0.1993548387096774,0,0,0,0,0,0,0,0,0,0,0.18795698924731183
4230,‡_çËíºñÓ,1,57,47,5,1,0.14421052631578948,47,0,0,0,0,0,3,4,2,0,0.14715999999999999
4230,‡_çËíºñÓ,2,37,7,15,6,0.1464864864864865,0,1,5,0,1,0,0,0,0,21,0.14715999999999999
4230,‡_çËíºñÓ,3,41,10,14,6,0.1351219512195122,0,0,7,3,0,0,0,0,0,0,0.14715999999999999
4230,‡_çËíºñÓ,4,41,10,5,8,0.14341463414634145,0,0,5,4,1,0,0,0,0,0,0.14715999999999999
4230,‡_çËíºñÓ,5,34,4,9,7,0.16411764705882353,0,0,2,1,1,0,0,0,0,0,0.14715999999999999
4230,‡_çËíºñÓ,6,40,4,5,10,0.15375,0,0,2,2,0,0,0,0,0,0,0.14715999999999999
4231,óÈñÿóTó≤,1,39,22,10,3,0.13846153846153847,20,0,0,0,2,0,4,4,8,0,0.16324909747292418
4231,óÈñÿóTó≤,2,53,11,17,10,0.1652830188679245,1,8,1,0,1,0,0,0,0,22,0.16324909747292418
4231,óÈñÿóTó≤,3,53,5,9,14,0.16471698113207547,0,1,2,1,1,0,0,0,0,0,0.16324909747292418
4231,óÈñÿóTó≤,4,44,5,6,12,0.17068181818181818,0,1,2,2,0,0,0,0,0,0,0.16324909747292418
4231,óÈñÿóTó≤,5,53,3,7,11,0.17754716981132077,0,1,1,1,0,0,0,0,0,0,0.16324909747292418
4231,óÈñÿóTó≤,6,35,3,6,7,0.15457142857142858,0,0,1,2,0,0,0,0,0,0,0.16324909747292418
4232,ä}âÎóY,1,16,7,3,1,0.15375,6,0,0,0,1,0,1,4,2,0,0.18222222222222223
4232,ä}âÎóY,2,21,3,3,2,0.18857142857142856,0,0,2,0,1,0,0,0,0,12,0.18222222222222223
4232,ä}âÎóY,3,24,1,5,2,0.19833333333333333,0,0,1,0,0,0,0,0,0,0,0.18222222222222223
4232,ä}âÎóY,4,20,1,0,6,0.17250000000000001,0,1,0,0,0,0,0,0,0,0,0.18222222222222223
4232,ä}âÎóY,5,18,1,3,1,0.18388888888888888,0,0,0,1,0,0,0,0,0,0,0.18222222222222223
4232,ä}âÎóY,6,18,0,0,2,0.18777777777777777,0,0,0,0,0,0,0,0,0,0,0.18222222222222223
4233,ãTéRâÎçK,1,54,33,15,1,0.1411111111111111,31,0,0,0,1,1,9,7,5,0,0.16187969924812032
4233,ãTéRâÎçK,2,45,7,19,7,0.14044444444444446,0,5,2,0,0,0,0,0,0,26,0.16187969924812032
4233,ãTéRâÎçK,3,44,7,12,11,0.15681818181818183,0,1,3,3,0,0,0,0,0,0,0.16187969924812032
4233,ãTéRâÎçK,4,44,1,11,8,0.16113636363636363,0,0,0,0,0,1,0,0,0,0,0.16187969924812032
4233,ãTéRâÎçK,5,38,0,6,13,0.17973684210526317,0,0,0,0,0,0,0,0,0,0,0.16187969924812032
4233,ãTéRâÎçK,6,41,1,3,6,0.20243902439024392,0,0,0,1,0,0,0,0,0,0,0.16187969924812032
4234,ñÏëäçOéi,1,34,14,10,5,0.13852941176470587,14,0,0,0,0,0,7,5,5,0,0.1715
4234,ñÏëäçOéi,2,40,5,11,3,0.18,0,3,0,0,2,0,0,0,0,21,0.1715
4234,ñÏëäçOéi,3,37,1,9,7,0.18972972972972973,0,0,0,1,0,0,0,0,0,0,0.1715
4234,ñÏëäçOéi,4,36,0,4,11,0.16055555555555556,0,0,0,0,0,0,0,0,0,0,0.1715
4234,ñÏëäçOéi,5,38,0,3,12,0.16789473684210526,0,0,0,0,0,0,0,0,0,0,0.1715
4234,ñÏëäçOéi,6,35,0,3,6,0.1897142857142857,0,0,0,0,0,0,0,0,0,0,0.1715
4236,èºë∫ïq,1,68,57,7,3,0.12161764705882352,55,0,0,0,2,0,3,5,2,0,0.12171875
4236,èºë∫ïq,2,38,13,11,5,0.12315789473684209,0,9,3,0,1,0,0,0,0,16,0.12171875
4236,èºë∫ïq,3,36,8,12,7,0.12944444444444445,0,0,1,7,0,0,0,0,0,0,0.12171875
4236,èºë∫ïq,4,39,14,8,5,0.10102564102564103,0,4,4,5,1,0,0,0,0,0,0.12171875
4236,èºë∫ïq,5,37,8,9,6,0.11513513513513512,0,1,0,3,2,2,0,0,0,0,0.12171875
4236,èºë∫ïq,6,38,3,1,12,0.14078947368421052,0,1,0,2,0,0,0,0,0,0,0.12171875
4237,ëÂïıñL,1,59,42,11,4,0.16779661016949154,41,0,0,0,1,0,6,4,6,0,0.16476
4237,ëÂïıñL,2,37,9,11,8,0.17675675675675676,0,7,0,0,2,0,0,0,0,20,0.16476
4237,ëÂïıñL,3,40,11,9,6,0.17325,1,0,5,4,1,0,0,0,0,0,0.16476
4237,ëÂïıñL,4,38,9,8,7,0.15289473684210525,0,0,6,2,1,0,0,0,0,0,0.16476
4237,ëÂïıñL,5,35,2,6,12,0.15628571428571428,0,0,1,1,0,0,0,0,0,0,0.16476
4237,ëÂïıñL,6,41,8,6,12,0.15951219512195122,0,3,1,4,0,0,0,0,0,0,0.16476
4238,ì≈ìáêΩ,1,53,47,5,1,0.1109433962264151,46,0,0,0,1,0,2,2,2,0,0.12131221719457012
4238,ì≈ìáêΩ,2,39,7,10,8,0.12256410256410256,0,6,0,0,1,0,0,0,0,20,0.12131221719457012
4238,ì≈ìáêΩ,3,36,10,10,5,0.12722222222222224,1,2,3,4,0,0,0,0,0,0,0.12131221719457012
4238,ì≈ìáêΩ,4,32,8,2,8,0.12125,2,1,2,3,0,0,0,0,0,0,0.12131221719457012
4238,ì≈ìáêΩ,5,32,3,11,6,0.1284375,0,0,0,2,1,0,0,0,0,0,0.12131221719457012
4238,ì≈ìáêΩ,6,29,8,4,5,0.12344827586206897,1,2,1,3,1,0,0,0,0,0,0.12131221719457012
4239,í|ìcíCñÁ,1,47,36,6,2,0.12914893617021278,35,0,0,0,1,0,4,4,3,0,0.14801724137931035
4239,í|ìcíCñÁ,2,38,9,12,5,0.13526315789473686,0,2,6,0,1,0,0,0,0,23,0.14801724137931035
4239,í|ìcíCñÁ,3,34,8,11,5,0.13470588235294118,0,0,2,4,1,1,0,0,0,0,0.14801724137931035
4239,í|ìcíCñÁ,4,36,6,8,7,0.15861111111111112,0,3,0,2,1,0,0,0,0,0,0.14801724137931035
4239,í|ìcíCñÁ,5,39,2,4,10,0.1464102564102564,0,0,0,2,0,0,0,0,0,0,0.14801724137931035
4239,í|ìcíCñÁ,6,38,2,1,8,0.18763157894736843,0,0,0,2,0,0,0,0,0,0,0.14801724137931035
4240,ç°à‰óTóú,1,48,34,8,2,0.1525,32,0,0,0,2,0,7,2,4,0,0.1583682008368201
4240,ç°à‰óTóú,2,45,6,14,9,0.15666666666666668,1,2,2,0,1,0,0,0,0,28,0.1583682008368201
4240,ç°à‰óTóú,3,42,8,11,3,0.1388095238095238,0,3,1,4,0,0,0,0,0,0,0.1583682008368201
4240,ç°à‰óTóú,4,39,8,11,7,0.16384615384615386,0,2,2,3,1,0,0,0,0,0,0.1583682008368201
4240,ç°à‰óTóú,5,31,5,3,9,0.15580645161290324,0,0,1,3,1,0,0,0,0,0,0.1583682008368201
4240,ç°à‰óTóú,6,34,1,4,10,0.18911764705882353,0,0,0,1,0,0,0,0,0,0,0.1583682008368201
4241,ëÂã¯èdçK,1,39,21,9,3,0.1435897435897436,19,0,0,0,2,0,4,8,5,0,0.15891304347826085
4241,ëÂã¯èdçK,2,39,5,8,7,0.1812820512820513,0,4,0,0,1,0,0,0,0,23,0.15891304347826085
4241,ëÂã¯èdçK,3,41,1,19,8,0.13146341463414635,0,0,1,0,0,0,0,0,0,0,0.15891304347826085
4241,ëÂã¯èdçK,4,39,2,7,13,0.15461538461538463,0,0,0,0,1,1,0,0,0,0,0.15891304347826085
4241,ëÂã¯èdçK,5,37,0,6,7,0.16756756756756758,0,0,0,0,0,0,0,0,0,0,0.15891304347826085
4241,ëÂã¯èdçK,6,35,1,8,6,0.17885714285714285,0,0,0,0,1,0,0,0,0,0,0.15891304347826085
4243,êºë∫ï‡,1,40,18,9,2,0.17099999999999999,18,0,0,0,0,0,4,15,3,0,0.1630392156862745
4243,êºë∫ï‡,2,34,7,11,9,0.1535294117647059,0,5,1,0,1,0,0,0,0,14,0.1630392156862745
4243,êºë∫ï‡,3,33,2,6,6,0.16303030303030303,0,1,1,0,0,0,0,0,0,0,0.1630392156862745
4243,êºë∫ï‡,4,35,3,7,8,0.17114285714285715,0,1,1,0,1,0,0,0,0,0,0.1630392156862745
4243,êºë∫ï‡,5,33,3,5,4,0.14515151515151514,0,0,1,2,0,0,0,0,0,0,0.1630392156862745
4243,êºë∫ï‡,6,29,0,0,7,0.17379310344827587,0,0,0,0,0,0,0,0,0,0,0.1630392156862745
4244,óÈñÿê¨î¸,1,31,15,8,2,0.1267741935483871,14,0,0,0,1,0,3,3,6,0,0.13486910994764398
4244,óÈñÿê¨î¸,2,34,4,4,6,0.14441176470588235,0,4,0,0,0,0,0,0,0,13,0.13486910994764398
4244,óÈñÿê¨î¸,3,35,3,10,7,0.11971428571428573,0,0,2,0,1,0,0,0,0,0,0.13486910994764398
4244,óÈñÿê¨î¸,4,30,1,2,5,0.13066666666666665,0,1,0,0,0,0,0,0,0,0,0.13486910994764398
4244,óÈñÿê¨î¸,5,34,3,2,2,0.13205882352941178,0,1,1,0,1,0,0,0,0,0,0.13486910994764398
4244,óÈñÿê¨î¸,6,27,0,0,5,0.16,0,0,0,0,0,0,0,0,0,0,0.13486910994764398
4245,çÇã¥íºç∆,1,35,11,10,3,0.15514285714285714,11,0,0,0,0,0,8,8,5,0,0.1783710407239819
4245,çÇã¥íºç∆,2,39,4,6,10,0.18717948717948718,0,3,0,0,1,0,0,0,0,11,0.1783710407239819
4245,çÇã¥íºç∆,3,40,2,10,7,0.16275,0,1,0,1,0,0,0,0,0,0,0.1783710407239819
4245,çÇã¥íºç∆,4,37,0,5,18,0.19729729729729728,0,0,0,0,0,0,0,0,0,0,0.1783710407239819
4245,çÇã¥íºç∆,5,40,3,3,13,0.17575000000000002,0,0,0,3,0,0,0,0,0,0,0.1783710407239819
4245,çÇã¥íºç∆,6,30,0,0,6,0.19499999999999998,0,0,0,0,0,0,0,0,0,0,0.1783710407239819
4246,äÏëΩìﬂóRâƒ,1,31,11,11,2,0.1806451612903226,11,0,0,0,0,0,4,10,4,0,0.17293532338308457
4246,äÏëΩìﬂóRâƒ,2,40,2,14,6,0.175,0,1,0,0,1,0,0,0,0,22,0.17293532338308457
4246,äÏëΩìﬂóRâƒ,3,34,1,5,5,0.17,0,0,1,0,0,0,0,0,0,0,0.17293532338308457
4246,äÏëΩìﬂóRâƒ,4,38,1,5,6,0.16,0,1,0,0,0,0,0,0,0,0,0.17293532338308457
4246,äÏëΩìﬂóRâƒ,5,31,1,3,7,0.17,0,0,0,1,0,0,0,0,0,0,0.17293532338308457
4246,äÏëΩìﬂóRâƒ,6,27,0,1,3,0.1862962962962963,0,0,0,0,0,0,0,0,0,0,0.17293532338308457
4247,Íéì°óD,1,29,9,9,2,0.18517241379310345,8,0,0,0,1,0,3,10,4,0,0.15419811320754717
4247,Íéì°óD,2,40,6,9,9,0.15925,0,6,0,0,0,0,0,0,0,20,0.15419811320754717
4247,Íéì°óD,3,37,3,12,9,0.1372972972972973,0,0,3,0,0,0,0,0,0,0,0.15419811320754717
4247,Íéì°óD,4,40,2,7,8,0.148,0,1,1,0,0,0,0,0,0,0,0.15419811320754717
4247,Íéì°óD,5,35,1,6,8,0.14085714285714285,0,0,0,1,0,0,0,0,0,0,0.15419811320754717
4247,Íéì°óD,6,31,0,0,8,0.16193548387096773,0,0,0,0,0,0,0,0,0,0,0.15419811320754717
4248,â™ñ{ëÂ,1,16,9,1,2,0.133125,9,0,0,0,0,0,2,1,3,0,0.1686451612903226
4248,â™ñ{ëÂ,2,27,2,7,6,0.16111111111111112,0,0,0,0,1,1,0,0,0,15,0.1686451612903226
4248,â™ñ{ëÂ,3,29,1,2,9,0.12931034482758622,0,0,0,0,1,0,0,0,0,0,0.1686451612903226
4248,â™ñ{ëÂ,4,26,0,4,5,0.17076923076923078,0,0,0,0,0,0,0,0,0,0,0.1686451612903226
4248,â™ñ{ëÂ,5,29,0,1,6,0.18689655172413794,0,0,0,0,0,0,0,0,0,0,0.1686451612903226
4248,â™ñ{ëÂ,6,28,0,1,4,0.21607142857142855,0,0,0,0,0,0,0,0,0,0,0.1686451612903226
4251,êÏçËêΩéu,1,40,17,11,3,0.1885,16,0,0,0,1,0,6,8,4,0,0.20541322314049587
4251,êÏçËêΩéu,2,42,3,9,7,0.21714285714285714,0,2,0,0,0,1,0,0,0,22,0.20541322314049587
4251,êÏçËêΩéu,3,45,5,8,6,0.19444444444444445,0,2,0,3,0,0,0,0,0,0,0.20541322314049587
4251,êÏçËêΩéu,4,42,4,1,7,0.20642857142857143,0,2,0,1,1,0,0,0,0,0,0.20541322314049587
4251,êÏçËêΩéu,5,36,0,1,5,0.2075,0,0,0,0,0,0,0,0,0,0,0.20541322314049587
4251,êÏçËêΩéu,6,37,1,0,9,0.22054054054054054,0,0,1,0,0,0,0,0,0,0,0.20541322314049587
4252,èºâ∫ìNñÁ,1,28,10,3,6,0.17071428571428574,10,0,0,0,0,0,4,6,8,0,0.1721782178217822
4252,èºâ∫ìNñÁ,2,40,3,11,4,0.175,0,1,2,0,0,0,0,0,0,29,0.1721782178217822
4252,èºâ∫ìNñÁ,3,35,4,6,8,0.17685714285714288,0,0,2,2,0,0,0,0,0,0,0.1721782178217822
4252,èºâ∫ìNñÁ,4,36,5,5,5,0.16833333333333333,0,0,4,1,0,0,0,0,0,0,0.1721782178217822
4252,èºâ∫ìNñÁ,5,36,4,5,3,0.1602777777777778,0,0,1,3,0,0,0,0,0,0,0.1721782178217822
4252,èºâ∫ìNñÁ,6,27,0,3,2,0.18444444444444447,0,0,0,0,0,0,0,0,0,0,0.1721782178217822
4253,êºêÏê^êl,1,33,12,10,3,0.15515151515151515,12,0,0,0,0,0,3,6,8,0,0.17718487394957985
4253,êºêÏê^êl,2,45,3,14,8,0.17066666666666666,2,1,0,0,0,0,0,0,0,29,0.17718487394957985
4253,êºêÏê^êl,3,42,5,8,7,0.15785714285714286,0,2,0,3,0,0,0,0,0,0,0.17718487394957985
4253,êºêÏê^êl,4,41,2,3,6,0.18902439024390244,0,0,1,0,1,0,0,0,0,0,0.17718487394957985
4253,êºêÏê^êl,5,48,1,2,10,0.19479166666666667,0,0,0,1,0,0,0,0,0,0,0.17718487394957985
4253,êºêÏê^êl,6,29,0,1,2,0.19448275862068964,0,0,0,0,0,0,0,0,0,0,0.17718487394957985
4254,êÏìáå\éi,1,44,32,7,1,0.1109090909090909,30,0,0,0,2,0,3,5,3,0,0.1359274193548387
4254,êÏìáå\éi,2,42,7,13,11,0.12952380952380954,0,2,4,0,1,0,0,0,0,23,0.1359274193548387
4254,êÏìáå\éi,3,44,2,13,11,0.14295454545454545,0,0,0,2,0,0,0,0,0,0,0.1359274193548387
4254,êÏìáå\éi,4,42,6,11,9,0.13428571428571429,0,2,1,2,0,1,0,0,0,0,0.1359274193548387
4254,êÏìáå\éi,5,39,2,6,8,0.14025641025641025,0,0,1,1,0,0,0,0,0,0,0.1359274193548387
4254,êÏìáå\éi,6,37,0,3,4,0.1618918918918919,0,0,0,0,0,0,0,0,0,0,0.1359274193548387
4256,ìnï”ç_éi,1,71,53,9,4,0.10873239436619718,47,0,1,0,5,0,4,7,5,0,0.12641638225255972
4256,ìnï”ç_éi,2,45,8,21,5,0.1322222222222222,0,6,2,0,0,0,0,0,0,30,0.12641638225255972
4256,ìnï”ç_éi,3,49,7,21,8,0.1293877551020408,0,0,3,3,1,0,0,0,0,0,0.12641638225255972
4256,ìnï”ç_éi,4,45,8,17,8,0.13111111111111112,0,1,2,3,2,0,0,0,0,0,0.12641638225255972
4256,ìnï”ç_éi,5,40,5,6,16,0.13525,0,0,1,3,1,0,0,0,0,0,0.12641638225255972
4256,ìnï”ç_éi,6,43,4,8,15,0.1330232558139535,0,0,0,4,0,0,0,0,0,0,0.12641638225255972
4257,å√êÏåí,1,27,10,7,5,0.14666666666666667,10,0,0,0,0,0,4,6,7,0,0.1493063583815029
4257,å√êÏåí,2,32,4,4,6,0.1440625,0,3,1,0,0,0,0,0,0,18,0.1493063583815029
4257,å√êÏåí,3,27,2,5,3,0.15777777777777777,0,0,1,1,0,0,0,0,0,0,0.1493063583815029
4257,å√êÏåí,4,26,3,3,6,0.15730769230769232,0,0,2,0,1,0,0,0,0,0,0.1493063583815029
4257,å√êÏåí,5,32,1,2,8,0.131875,0,0,0,1,0,0,0,0,0,0,0.1493063583815029
4257,å√êÏåí,6,29,1,1,4,0.1617241379310345,0,0,1,0,0,0,0,0,0,0,0.1493063583815029
4258,ä÷ç™è≤êl,1,33,13,7,9,0.14212121212121212,13,0,0,0,0,0,5,9,5,0,0.17822222222222223
4258,ä÷ç™è≤êl,2,43,5,15,12,0.18348837209302324,0,4,1,0,0,0,0,0,0,22,0.17822222222222223
4258,ä÷ç™è≤êl,3,43,5,13,6,0.17279069767441863,0,0,3,0,2,0,0,0,0,0,0.17822222222222223
4258,ä÷ç™è≤êl,4,36,1,5,15,0.1875,0,0,1,0,0,0,0,0,0,0,0.17822222222222223
4258,ä÷ç™è≤êl,5,38,1,5,7,0.1860526315789474,0,0,0,1,0,0,0,0,0,0,0.17822222222222223
4258,ä÷ç™è≤êl,6,32,1,2,5,0.19593750000000001,0,0,0,0,0,1,0,0,0,0,0.17822222222222223
4259,ê^íÎñæéu,1,49,25,11,6,0.13183673469387755,23,0,0,0,2,0,6,1,14,0,0.1482186234817814
4259,ê^íÎñæéu,2,38,9,10,8,0.13578947368421054,0,7,1,1,0,0,0,0,0,19,0.1482186234817814
4259,ê^íÎñæéu,3,47,2,9,16,0.13893617021276597,0,2,0,0,0,0,0,0,0,0,0.1482186234817814
4259,ê^íÎñæéu,4,42,0,5,14,0.1573809523809524,0,0,0,0,0,0,0,0,0,0,0.1482186234817814
4259,ê^íÎñæéu,5,32,1,4,4,0.169375,0,0,0,1,0,0,0,0,0,0,0.1482186234817814
4259,ê^íÎñæéu,6,39,1,3,8,0.16487179487179487,0,0,0,1,0,0,0,0,0,0,0.1482186234817814
4260,íÜâzîéãI,1,54,30,7,8,0.1374074074074074,30,0,0,0,0,0,7,7,9,0,0.157864768683274
4260,íÜâzîéãI,2,47,3,12,6,0.17212765957446807,0,2,1,0,0,0,0,0,0,25,0.157864768683274
4260,íÜâzîéãI,3,51,11,14,8,0.15176470588235294,0,1,3,6,1,0,0,0,0,0,0.157864768683274
4260,íÜâzîéãI,4,48,9,12,8,0.16145833333333334,0,2,7,0,0,0,0,0,0,0,0.157864768683274
4260,íÜâzîéãI,5,40,3,4,11,0.14675,0,0,0,3,0,0,0,0,0,0,0.157864768683274
4260,íÜâzîéãI,6,41,2,3,7,0.1826829268292683,0,1,0,1,0,0,0,0,0,0,0.157864768683274
4261,â™óSêb,1,56,44,5,2,0.1298214285714286,43,0,0,0,1,0,2,4,5,0,0.14357142857142857
4261,â™óSêb,2,39,8,8,14,0.1512820512820513,0,4,3,0,1,0,0,0,0,19,0.14357142857142857
4261,â™óSêb,3,41,7,14,6,0.14073170731707316,0,0,5,2,0,0,0,0,0,0,0.14357142857142857
4261,â™óSêb,4,52,12,10,8,0.1498076923076923,0,1,5,6,0,0,0,0,0,0,0.14357142857142857
4261,â™óSêb,5,38,4,4,9,0.1455263157894737,0,0,0,4,0,0,0,0,0,0,0.14357142857142857
4261,â™óSêb,6,40,4,5,8,0.14825,0,1,3,0,0,0,0,0,0,0,0.14357142857142857
4262,înèÍãMñÁ,1,58,49,5,1,0.11034482758620691,46,0,0,0,3,0,3,3,3,0,0.12717948717948718
4262,înèÍãMñÁ,2,45,10,13,9,0.12444444444444444,0,7,1,0,2,0,0,0,0,28,0.12717948717948718
4262,înèÍãMñÁ,3,49,14,11,12,0.11448979591836736,0,2,2,9,1,0,0,0,0,0,0.12717948717948718
4262,înèÍãMñÁ,4,41,5,8,11,0.14829268292682926,0,2,2,1,0,0,0,0,0,0,0.12717948717948718
4262,înèÍãMñÁ,5,35,4,5,12,0.13257142857142856,0,0,0,4,0,0,0,0,0,0,0.12717948717948718
4262,înèÍãMñÁ,6,45,1,4,13,0.14200000000000002,0,1,0,0,0,0,0,0,0,0,0.12717948717948718
4263,ïêèdóYâÓ,1,50,35,7,1,0.1482,35,0,0,0,0,0,5,4,6,0,0.16191489361702127
4263,ïêèdóYâÓ,2,39,5,18,9,0.15384615384615385,0,4,0,1,0,0,0,0,0,21,0.16191489361702127
4263,ïêèdóYâÓ,3,39,3,10,12,0.17435897435897435,0,2,0,1,0,0,0,0,0,0,0.16191489361702127
4263,ïêèdóYâÓ,4,38,5,5,8,0.1531578947368421,0,3,1,0,1,0,0,0,0,0,0.16191489361702127
4263,ïêèdóYâÓ,5,30,2,1,5,0.17033333333333334,0,0,1,1,0,0,0,0,0,0,0.16191489361702127
4263,ïêèdóYâÓ,6,39,0,3,6,0.17717948717948717,0,0,0,0,0,0,0,0,0,0,0.16191489361702127
4264,í∑îˆèÕïΩ,1,62,44,10,3,0.14774193548387096,41,0,0,0,3,0,5,1,10,0,0.15903333333333333
4264,í∑îˆèÕïΩ,2,52,8,18,12,0.15384615384615385,0,4,3,0,0,1,0,0,0,30,0.15903333333333333
4264,í∑îˆèÕïΩ,3,53,16,14,11,0.15415094339622643,0,0,11,4,0,1,0,0,0,0,0.15903333333333333
4264,í∑îˆèÕïΩ,4,47,3,12,14,0.1572340425531915,0,0,0,2,1,0,0,0,0,0,0.15903333333333333
4264,í∑îˆèÕïΩ,5,45,4,10,12,0.1668888888888889,0,0,0,2,2,0,0,0,0,0,0.15903333333333333
4264,í∑îˆèÕïΩ,6,41,0,4,12,0.18243902439024393,0,0,0,0,0,0,0,0,0,0,0.15903333333333333
4266,í∑ìcóäè@,1,49,33,7,5,0.12979591836734694,29,0,0,0,4,0,5,3,7,0,0.1419607843137255
4266,í∑ìcóäè@,2,43,8,8,13,0.13116279069767442,0,4,1,1,2,0,0,0,0,21,0.1419607843137255
4266,í∑ìcóäè@,3,45,3,14,8,0.13422222222222221,0,1,0,1,1,0,0,0,0,0,0.1419607843137255
4266,í∑ìcóäè@,4,37,3,13,7,0.1537837837837838,0,1,0,1,1,0,0,0,0,0,0.1419607843137255
4266,í∑ìcóäè@,5,44,6,8,6,0.15045454545454545,0,0,0,4,2,0,0,0,0,0,0.1419607843137255
4266,í∑ìcóäè@,6,37,1,9,6,0.1581081081081081,0,0,0,1,0,0,0,0,0,0,0.1419607843137255
4268,òaçáèrâÓ,1,24,11,4,1,0.13333333333333333,9,0,0,0,2,0,3,4,4,0,0.1574074074074074
4268,òaçáèrâÓ,2,35,3,5,7,0.1482857142857143,0,1,1,0,1,0,0,0,0,13,0.1574074074074074
4268,òaçáèrâÓ,3,36,2,6,4,0.1322222222222222,0,1,1,0,0,0,0,0,0,0,0.1574074074074074
4268,òaçáèrâÓ,4,30,0,3,4,0.15733333333333333,0,0,0,0,0,0,0,0,0,0,0.1574074074074074
4268,òaçáèrâÓ,5,35,0,1,4,0.16485714285714287,0,0,0,0,0,0,0,0,0,0,0.1574074074074074
4268,òaçáèrâÓ,6,29,0,0,4,0.2106896551724138,0,0,0,0,0,0,0,0,0,0,0.1574074074074074
4269,êôéRóTñÁ,1,59,50,6,2,0.14677966101694914,50,0,0,0,0,0,5,0,3,0,0.14931558935361217
4269,êôéRóTñÁ,2,38,7,8,6,0.14263157894736841,0,2,3,0,2,0,0,0,0,16,0.14931558935361217
4269,êôéRóTñÁ,3,51,9,17,11,0.14745098039215687,0,1,1,7,0,0,0,0,0,0,0.14931558935361217
4269,êôéRóTñÁ,4,40,8,10,11,0.15575,0,1,1,6,0,0,0,0,0,0,0.14931558935361217
4269,êôéRóTñÁ,5,36,2,7,7,0.1525,0,0,0,2,0,0,0,0,0,0,0.14931558935361217
4269,êôéRóTñÁ,6,39,3,7,9,0.15256410256410258,0,0,1,1,1,0,0,0,0,0,0.14931558935361217
4270,ä›ñ{óYãM,1,35,16,6,4,0.1657142857142857,16,0,0,0,0,0,7,7,4,0,0.17471615720524017
4270,ä›ñ{óYãM,2,43,3,6,11,0.17046511627906977,0,1,1,0,1,0,0,0,0,21,0.17471615720524017
4270,ä›ñ{óYãM,3,42,4,11,4,0.16523809523809524,0,1,1,2,0,0,0,0,0,0,0.17471615720524017
4270,ä›ñ{óYãM,4,39,0,3,11,0.1992307692307692,0,0,0,0,0,0,0,0,0,0,0.17471615720524017
4270,ä›ñ{óYãM,5,37,1,2,4,0.17702702702702702,0,0,0,0,1,0,0,0,0,0,0.17471615720524017
4270,ä›ñ{óYãM,6,33,0,1,2,0.17030303030303032,0,0,0,0,0,0,0,0,0,0,0.17471615720524017
4271,êÏçËåˆñı,1,31,13,8,3,0.13548387096774195,13,0,0,0,0,0,5,6,6,0,0.15219298245614035
4271,êÏçËåˆñı,2,44,4,12,12,0.14613636363636365,0,4,0,0,0,0,0,0,0,23,0.15219298245614035
4271,êÏçËåˆñı,3,43,2,6,13,0.1455813953488372,0,1,0,1,0,0,0,0,0,0,0.15219298245614035
4271,êÏçËåˆñı,4,38,3,1,6,0.1531578947368421,0,0,2,1,0,0,0,0,0,0,0.15219298245614035
4271,êÏçËåˆñı,5,41,1,3,4,0.16975609756097562,0,1,0,0,0,0,0,0,0,0,0.15219298245614035
4271,êÏçËåˆñı,6,31,0,1,2,0.16225806451612904,0,0,0,0,0,0,0,0,0,0,0.15219298245614035
4272,ëÂèÍçLçF,1,34,16,8,3,0.12470588235294118,16,0,0,0,0,0,10,3,4,0,0.1482995951417004
4272,ëÂèÍçLçF,2,48,4,13,18,0.15937500000000002,0,3,1,0,0,0,0,0,0,29,0.1482995951417004
4272,ëÂèÍçLçF,3,40,4,7,10,0.14375,0,1,1,1,1,0,0,0,0,0,0.1482995951417004
4272,ëÂèÍçLçF,4,45,4,3,7,0.15755555555555556,0,1,0,2,0,1,0,0,0,0,0.1482995951417004
4272,ëÂèÍçLçF,5,45,0,7,10,0.15311111111111111,0,0,0,0,0,0,0,0,0,0,0.1482995951417004
4272,ëÂèÍçLçF,6,35,1,2,5,0.14314285714285713,0,0,0,1,0,0,0,0,0,0,0.1482995951417004
4273,ç≤ì°àÆ,1,45,24,10,3,0.1668888888888889,22,0,0,0,2,0,5,6,5,0,0.18215139442231076
4273,ç≤ì°àÆ,2,40,3,10,11,0.20550000000000002,0,3,0,0,0,0,0,0,0,17,0.18215139442231076
4273,ç≤ì°àÆ,3,46,8,6,16,0.16065217391304348,0,2,3,2,1,0,0,0,0,0,0.18215139442231076
4273,ç≤ì°àÆ,4,44,0,5,13,0.1915909090909091,0,0,0,0,0,0,0,0,0,0,0.18215139442231076
4273,ç≤ì°àÆ,5,39,0,4,5,0.19333333333333333,0,0,0,0,0,0,0,0,0,0,0.18215139442231076
4273,ç≤ì°àÆ,6,37,2,3,7,0.1791891891891892,0,0,0,2,0,0,0,0,0,0,0.18215139442231076
4274,í∑î®óFï„,1,29,12,9,2,0.14448275862068966,10,0,0,0,2,0,3,5,6,0,0.14549295774647888
4274,í∑î®óFï„,2,42,4,5,6,0.15809523809523812,0,3,0,0,1,0,0,0,0,25,0.14549295774647888
4274,í∑î®óFï„,3,41,0,5,10,0.13853658536585364,0,0,0,0,0,0,0,0,0,0,0.14549295774647888
4274,í∑î®óFï„,4,39,2,5,10,0.14461538461538462,0,0,2,0,0,0,0,0,0,0,0.14549295774647888
4274,í∑î®óFï„,5,35,2,4,5,0.1417142857142857,0,0,2,0,0,0,0,0,0,0,0.14549295774647888
4274,í∑î®óFï„,6,27,0,1,7,0.1437037037037037,0,0,0,0,0,0,0,0,0,0,0.14549295774647888
4275,êõñÏÇÕÇ‚Ç©,1,23,3,3,2,0.21391304347826087,3,0,0,0,0,0,5,10,4,0,0.20256756756756758
4275,êõñÏÇÕÇ‚Ç©,2,26,1,3,5,0.21,0,0,1,0,0,0,0,0,0,9,0.20256756756756758
4275,êõñÏÇÕÇ‚Ç©,3,31,2,4,3,0.18483870967741933,0,1,1,0,0,0,0,0,0,0,0.20256756756756758
4275,êõñÏÇÕÇ‚Ç©,4,27,1,4,9,0.16925925925925928,0,0,1,0,0,0,0,0,0,0,0.20256756756756758
4275,êõñÏÇÕÇ‚Ç©,5,21,0,1,1,0.22523809523809527,0,0,0,0,0,0,0,0,0,0,0.20256756756756758
4275,êõñÏÇÕÇ‚Ç©,6,20,1,0,1,0.2285,0,0,0,0,1,0,0,0,0,0,0.20256756756756758
4276,óÈñÿèüîé,1,41,32,4,1,0.14341463414634145,30,0,1,0,1,0,3,3,3,0,0.13451612903225807
4276,óÈñÿèüîé,2,32,13,5,5,0.1303125,2,5,5,0,1,0,0,0,0,13,0.13451612903225807
4276,óÈñÿèüîé,3,30,6,10,2,0.14100000000000001,0,1,1,4,0,0,0,0,0,0,0.13451612903225807
4276,óÈñÿèüîé,4,34,13,5,3,0.11794117647058823,0,1,6,5,1,0,0,0,0,0,0.13451612903225807
4276,óÈñÿèüîé,5,23,1,4,4,0.13217391304347825,0,0,0,1,0,0,0,0,0,0,0.13451612903225807
4276,óÈñÿèüîé,6,26,1,4,5,0.14192307692307693,0,0,0,1,0,0,0,0,0,0,0.13451612903225807
4277,ã‡ìcëÂï„,1,25,14,3,5,0.13720000000000002,13,0,0,0,0,1,3,3,3,0,0.15951612903225806
4277,ã‡ìcëÂï„,2,34,2,5,6,0.18705882352941178,0,2,0,0,0,0,0,0,0,18,0.15951612903225806
4277,ã‡ìcëÂï„,3,36,5,6,3,0.1811111111111111,0,0,4,0,1,0,0,0,0,0,0.15951612903225806
4277,ã‡ìcëÂï„,4,33,6,3,2,0.15666666666666668,0,1,4,1,0,0,0,0,0,0,0.15951612903225806
4277,ã‡ìcëÂï„,5,30,1,2,3,0.138,0,0,0,1,0,0,0,0,0,0,0.15951612903225806
4277,ã‡ìcëÂï„,6,28,0,2,3,0.14464285714285713,0,0,0,0,0,0,0,0,0,0,0.15951612903225806
4278,ì°â™èrâÓ,1,72,53,9,3,0.11416666666666668,49,0,0,0,3,1,4,9,4,0,0.12487341772151898
4278,ì°â™èrâÓ,2,50,14,13,12,0.13140000000000002,1,9,4,0,0,0,0,0,0,25,0.12487341772151898
4278,ì°â™èrâÓ,3,55,14,15,10,0.11363636363636363,0,1,2,11,0,0,0,0,0,0,0.12487341772151898
4278,ì°â™èrâÓ,4,51,14,11,8,0.1296078431372549,0,2,7,4,1,0,0,0,0,0,0.12487341772151898
4278,ì°â™èrâÓ,5,46,4,13,9,0.1297826086956522,0,0,2,2,0,0,0,0,0,0,0.12487341772151898
4278,ì°â™èrâÓ,6,42,3,10,6,0.13904761904761903,0,0,2,0,1,0,0,0,0,0,0.12487341772151898
4281,ëÂ‡VëÂñ≤,1,32,13,9,5,0.145625,13,0,0,0,0,0,10,3,2,0,0.16330396475770925
4281,ëÂ‡VëÂñ≤,2,42,0,9,12,0.15333333333333335,0,0,0,0,0,0,0,0,0,26,0.16330396475770925
4281,ëÂ‡VëÂñ≤,3,37,2,10,7,0.15459459459459463,0,0,0,2,0,0,0,0,0,0,0.16330396475770925
4281,ëÂ‡VëÂñ≤,4,39,1,10,9,0.17512820512820512,0,0,1,0,0,0,0,0,0,0,0.16330396475770925
4281,ëÂ‡VëÂñ≤,5,39,1,3,5,0.1694871794871795,0,1,0,0,0,0,0,0,0,0,0.16330396475770925
4281,ëÂ‡VëÂñ≤,6,38,0,1,5,0.1792105263157895,0,0,0,0,0,0,0,0,0,0,0.16330396475770925
4283,êŒà‰óTî¸,1,15,3,1,4,0.15866666666666665,3,0,0,0,0,0,1,8,3,0,0.17739583333333334
4283,êŒà‰óTî¸,2,18,2,4,3,0.14833333333333332,0,1,1,0,0,0,0,0,0,10,0.17739583333333334
4283,êŒà‰óTî¸,3,18,1,0,4,0.17444444444444446,0,0,0,1,0,0,0,0,0,0,0.17739583333333334
4283,êŒà‰óTî¸,4,17,0,2,4,0.21000000000000002,0,0,0,0,0,0,0,0,0,0,0.17739583333333334
4283,êŒà‰óTî¸,5,15,0,2,0,0.194,0,0,0,0,0,0,0,0,0,0,0.17739583333333334
4283,êŒà‰óTî¸,6,13,0,0,1,0.18153846153846154,0,0,0,0,0,0,0,0,0,0,0.17739583333333334
4286,ïΩìcÇ≥Ç‚Ç©,1,61,42,8,4,0.15836065573770491,40,0,0,0,2,0,7,5,4,0,0.15391447368421052
4286,ïΩìcÇ≥Ç‚Ç©,2,56,11,9,21,0.15642857142857142,0,8,1,0,2,0,0,0,0,30,0.15391447368421052
4286,ïΩìcÇ≥Ç‚Ç©,3,52,6,18,11,0.14769230769230768,0,0,3,3,0,0,0,0,0,0,0.15391447368421052
4286,ïΩìcÇ≥Ç‚Ç©,4,47,6,6,19,0.14893617021276595,0,1,2,2,1,0,0,0,0,0,0.15391447368421052
4286,ïΩìcÇ≥Ç‚Ç©,5,51,1,9,11,0.14294117647058824,0,0,0,1,0,0,0,0,0,0,0.15391447368421052
4286,ïΩìcÇ≥Ç‚Ç©,6,37,1,5,7,0.17297297297297298,0,0,0,1,0,0,0,0,0,0,0.15391447368421052
4287,ç°à‰ãMém,1,74,53,13,1,0.1437837837837838,51,1,0,0,1,0,6,10,4,0,0.14561290322580644
4287,ç°à‰ãMém,2,45,11,15,8,0.14955555555555555,0,9,1,0,1,0,0,0,0,20,0.14561290322580644
4287,ç°à‰ãMém,3,50,9,11,12,0.1462,0,3,6,0,0,0,0,0,0,0,0.14561290322580644
4287,ç°à‰ãMém,4,60,10,16,14,0.14066666666666666,0,3,3,2,2,0,0,0,0,0,0.14561290322580644
4287,ç°à‰ãMém,5,42,8,9,4,0.15523809523809526,0,2,1,5,0,0,0,0,0,0,0.14561290322580644
4287,ç°à‰ãMém,6,39,2,7,9,0.14102564102564102,0,0,0,1,1,0,0,0,0,0,0.14561290322580644
4288,âiìcå[ìÒ,1,77,55,11,6,0.11844155844155843,51,0,0,0,4,0,11,5,3,0,0.1269858156028369
4288,âiìcå[ìÒ,2,42,10,12,12,0.12476190476190477,0,5,4,1,0,0,0,0,0,23,0.1269858156028369
4288,âiìcå[ìÒ,3,43,9,14,9,0.13837209302325582,0,0,6,2,1,0,0,0,0,0,0.1269858156028369
4288,âiìcå[ìÒ,4,45,15,12,9,0.12466666666666668,0,4,8,2,1,0,0,0,0,0,0.1269858156028369
4288,âiìcå[ìÒ,5,29,5,6,7,0.13586206896551725,0,1,3,1,0,0,0,0,0,0,0.1269858156028369
4288,âiìcå[ìÒ,6,46,4,10,12,0.12934782608695652,0,0,3,0,1,0,0,0,0,0,0.1269858156028369
4289,óéçáíºéq,1,56,34,13,3,0.13535714285714287,30,0,0,0,4,0,5,8,4,0,0.13267175572519083
4289,óéçáíºéq,2,42,10,10,7,0.12666666666666668,1,6,3,0,0,0,0,0,0,19,0.13267175572519083
4289,óéçáíºéq,3,49,10,14,11,0.1310204081632653,0,1,7,2,0,0,0,0,0,0,0.13267175572519083
4289,óéçáíºéq,4,44,4,8,10,0.1365909090909091,0,1,1,2,0,0,0,0,0,0,0.13267175572519083
4289,óéçáíºéq,5,38,2,7,5,0.14157894736842105,0,0,0,0,2,0,0,0,0,0,0.13267175572519083
4289,óéçáíºéq,6,33,0,4,2,0.12272727272727273,0,0,0,0,0,0,0,0,0,0,0.13267175572519083
4290,àÓìcç_ìÒ,1,60,45,8,2,0.11466666666666667,43,0,0,0,2,0,4,6,5,0,0.12338461538461538
4290,àÓìcç_ìÒ,2,39,10,12,10,0.1305128205128205,0,5,3,0,2,0,0,0,0,22,0.12338461538461538
4290,àÓìcç_ìÒ,3,43,7,9,8,0.13534883720930233,0,1,4,2,0,0,0,0,0,0,0.12338461538461538
4290,àÓìcç_ìÒ,4,49,13,13,11,0.10612244897959185,0,2,8,3,0,0,0,0,0,0,0.12338461538461538
4290,àÓìcç_ìÒ,5,33,3,8,5,0.12242424242424242,0,1,1,1,0,0,0,0,0,0,0.12338461538461538
4290,àÓìcç_ìÒ,6,36,1,4,10,0.14027777777777778,0,0,0,0,1,0,0,0,0,0,0.12338461538461538
4292,ñÉê∂êTâÓ,1,53,41,4,0,0.13226415094339622,39,0,0,0,2,0,6,3,3,0,0.12999999999999998
4292,ñÉê∂êTâÓ,2,38,6,10,7,0.14684210526315788,0,4,1,0,1,0,0,0,0,16,0.12999999999999998
4292,ñÉê∂êTâÓ,3,43,12,12,6,0.12302325581395349,0,4,3,5,0,0,0,0,0,0,0.12999999999999998
4292,ñÉê∂êTâÓ,4,45,10,8,16,0.11800000000000001,0,1,4,3,1,1,0,0,0,0,0.12999999999999998
4292,ñÉê∂êTâÓ,5,30,0,6,11,0.119,0,0,0,0,0,0,0,0,0,0,0.12999999999999998
4292,ñÉê∂êTâÓ,6,40,2,8,10,0.14025,0,0,0,2,0,0,0,0,0,0,0.12999999999999998
4293,óÈñÿíqå[,1,30,15,9,2,0.16299999999999998,15,0,0,0,0,0,6,1,6,0,0.16923076923076924
4293,óÈñÿíqå[,2,32,5,10,5,0.16875,0,2,3,0,0,0,0,0,0,17,0.16923076923076924
4293,óÈñÿíqå[,3,35,4,9,9,0.15914285714285714,0,0,1,3,0,0,0,0,0,0,0.16923076923076924
4293,óÈñÿíqå[,4,37,3,3,8,0.17378378378378379,0,0,1,1,0,1,0,0,0,0,0.16923076923076924
4293,óÈñÿíqå[,5,30,1,9,5,0.16466666666666668,0,0,0,1,0,0,0,0,0,0,0.16923076923076924
4293,óÈñÿíqå[,6,31,0,3,2,0.18612903225806451,0,0,0,0,0,0,0,0,0,0,0.16923076923076924
4294,å√âÍî…ãP,1,48,30,13,3,0.14291666666666666,28,0,0,0,2,0,4,7,6,0,0.14540772532188842
4294,å√âÍî…ãP,2,42,6,17,7,0.1638095238095238,0,5,0,1,0,0,0,0,0,21,0.14540772532188842
4294,å√âÍî…ãP,3,32,7,8,5,0.1240625,0,1,4,1,1,0,0,0,0,0,0.14540772532188842
4294,å√âÍî…ãP,4,38,8,7,7,0.13736842105263158,0,4,2,2,0,0,0,0,0,0,0.14540772532188842
4294,å√âÍî…ãP,5,36,6,2,6,0.14916666666666667,0,2,2,2,0,0,0,0,0,0,0.14540772532188842
4294,å√âÍî…ãP,6,37,8,5,8,0.15081081081081082,0,3,1,3,1,0,0,0,0,0,0.14540772532188842
4295,è¨ç‚èÆç∆,1,65,54,8,2,0.13476923076923075,52,0,0,0,1,1,5,4,1,0,0.1392857142857143
4295,è¨ç‚èÆç∆,2,48,7,19,15,0.14854166666666666,1,2,1,0,3,0,0,0,0,31,0.1392857142857143
4295,è¨ç‚èÆç∆,3,56,10,17,14,0.13053571428571428,0,1,5,3,1,0,0,0,0,0,0.1392857142857143
4295,è¨ç‚èÆç∆,4,43,9,12,6,0.1288372093023256,0,1,6,1,1,0,0,0,0,0,0.1392857142857143
4295,è¨ç‚èÆç∆,5,50,3,12,9,0.1472,0,0,1,2,0,0,0,0,0,0,0.1392857142857143
4295,è¨ç‚èÆç∆,6,46,2,8,13,0.14782608695652175,0,0,0,1,1,0,0,0,0,0,0.1392857142857143
4296,â™çËã±óT,1,55,42,8,2,0.11454545454545455,37,1,0,0,4,0,2,4,4,0,0.12604938271604937
4296,â™çËã±óT,2,41,8,10,7,0.1324390243902439,2,4,0,0,1,1,0,0,0,25,0.12604938271604937
4296,â™çËã±óT,3,34,6,7,6,0.13588235294117648,0,1,2,2,1,0,0,0,0,0,0.12604938271604937
4296,â™çËã±óT,4,38,9,10,3,0.12394736842105263,0,4,2,1,2,0,0,0,0,0,0.12604938271604937
4296,â™çËã±óT,5,35,5,4,6,0.1162857142857143,0,0,0,3,2,0,0,0,0,0,0.12604938271604937
4296,â™çËã±óT,6,40,2,10,8,0.1375,0,0,1,0,1,0,0,0,0,0,0.12604938271604937
4297,éRìcìNñÁ,1,56,48,1,1,0.11517857142857144,46,0,0,0,2,0,4,2,1,0,0.10365758754863813
4297,éRìcìNñÁ,2,42,14,7,9,0.09976190476190477,2,6,5,0,1,0,0,0,0,19,0.10365758754863813
4297,éRìcìNñÁ,3,49,13,12,4,0.10530612244897959,0,2,7,3,1,0,0,0,0,0,0.10365758754863813
4297,éRìcìNñÁ,4,34,14,3,6,0.10235294117647059,0,2,9,1,1,1,0,0,0,0,0.10365758754863813
4297,éRìcìNñÁ,5,40,7,8,6,0.10275000000000001,0,1,2,2,1,1,0,0,0,0,0.10365758754863813
4297,éRìcìNñÁ,6,36,5,8,5,0.09027777777777778,0,0,3,2,0,0,0,0,0,0,0.10365758754863813
4298,ã{â∫å≥à˚,1,47,23,11,5,0.1451063829787234,20,0,0,0,3,0,5,8,9,0,0.15545454545454546
4298,ã{â∫å≥à˚,2,43,6,16,6,0.14534883720930233,1,3,2,0,0,0,0,0,0,26,0.15545454545454546
4298,ã{â∫å≥à˚,3,50,12,9,14,0.1466,0,1,7,3,1,0,0,0,0,0,0.15545454545454546
4298,ã{â∫å≥à˚,4,46,3,12,10,0.1597826086956522,0,0,3,0,0,0,0,0,0,0,0.15545454545454546
4298,ã{â∫å≥à˚,5,34,0,8,9,0.15941176470588236,0,0,0,0,0,0,0,0,0,0,0.15545454545454546
4298,ã{â∫å≥à˚,6,44,1,4,10,0.17886363636363636,0,0,0,0,1,0,0,0,0,0,0.15545454545454546
4299,íÜìáç_ç∆,1,23,12,5,0,0.12217391304347826,12,0,0,0,0,0,3,5,3,0,0.15598930481283424
4299,íÜìáç_ç∆,2,29,2,5,5,0.17275862068965517,0,2,0,0,0,0,0,0,0,17,0.15598930481283424
4299,íÜìáç_ç∆,3,41,0,10,5,0.14975609756097563,0,0,0,0,0,0,0,0,0,0,0.15598930481283424
4299,íÜìáç_ç∆,4,34,1,3,7,0.1561764705882353,0,0,1,0,0,0,0,0,0,0,0.15598930481283424
4299,íÜìáç_ç∆,5,29,1,2,4,0.15862068965517243,0,0,0,1,0,0,0,0,0,0,0.15598930481283424
4299,íÜìáç_ç∆,6,31,0,1,5,0.17096774193548386,0,0,0,0,0,0,0,0,0,0,0.15598930481283424
4300,â¡ì°àª,1,24,16,3,3,0.16583333333333333,15,0,0,0,0,1,1,4,2,0,0.1848170731707317
4300,â¡ì°àª,2,30,4,6,9,0.179,0,4,0,0,0,0,0,0,0,16,0.1848170731707317
4300,â¡ì°àª,3,31,2,7,11,0.18451612903225806,0,0,0,1,1,0,0,0,0,0,0.1848170731707317
4300,â¡ì°àª,4,23,2,3,2,0.1947826086956522,0,1,0,1,0,0,0,0,0,0,0.1848170731707317
4300,â¡ì°àª,5,27,0,3,6,0.17592592592592593,0,0,0,0,0,0,0,0,0,0,0.1848170731707317
4300,â¡ì°àª,6,29,0,3,6,0.2072413793103448,0,0,0,0,0,0,0,0,0,0,0.1848170731707317
4301,ä÷óTñÁ,1,20,9,5,4,0.1665,9,0,0,0,0,0,4,2,4,0,0.1671917808219178
4301,ä÷óTñÁ,2,24,4,3,9,0.14458333333333334,2,2,0,0,0,0,0,0,0,12,0.1671917808219178
4301,ä÷óTñÁ,3,30,1,8,5,0.185,0,0,0,0,1,0,0,0,0,0,0.1671917808219178
4301,ä÷óTñÁ,4,30,3,5,4,0.16333333333333336,0,2,0,1,0,0,0,0,0,0,0.1671917808219178
4301,ä÷óTñÁ,5,21,1,1,5,0.15047619047619049,0,0,1,0,0,0,0,0,0,0,0.1671917808219178
4301,ä÷óTñÁ,6,21,0,2,2,0.19047619047619047,0,0,0,0,0,0,0,0,0,0,0.1671917808219178
4302,êºñÏ„ƒëæ,1,62,37,16,4,0.15612903225806452,36,0,0,0,1,0,7,7,9,0,0.14830258302583024
4302,êºñÏ„ƒëæ,2,39,11,11,9,0.13717948717948716,1,7,1,0,2,0,0,0,0,18,0.14830258302583024
4302,êºñÏ„ƒëæ,3,49,3,17,9,0.14653061224489794,0,1,0,1,1,0,0,0,0,0,0.14830258302583024
4302,êºñÏ„ƒëæ,4,40,3,12,11,0.14075,0,1,0,2,0,0,0,0,0,0,0.14830258302583024
4302,êºñÏ„ƒëæ,5,41,3,4,5,0.14146341463414633,0,0,1,2,0,0,0,0,0,0,0.14830258302583024
4302,êºñÏ„ƒëæ,6,40,4,6,10,0.16375,0,0,2,1,0,1,0,0,0,0,0.14830258302583024
4303,ñqå¥êí,1,41,21,5,8,0.16341463414634147,21,0,0,0,0,0,6,10,3,0,0.1793415637860082
4303,ñqå¥êí,2,40,7,10,11,0.16875,0,4,2,1,0,0,0,0,0,21,0.1793415637860082
4303,ñqå¥êí,3,46,3,9,14,0.1584782608695652,0,0,1,2,0,0,0,0,0,0,0.1793415637860082
4303,ñqå¥êí,4,42,3,9,11,0.17904761904761907,0,1,1,0,1,0,0,0,0,0,0.1793415637860082
4303,ñqå¥êí,5,38,1,2,4,0.20605263157894738,0,0,0,1,0,0,0,0,0,0,0.1793415637860082
4303,ñqå¥êí,6,36,0,4,5,0.20805555555555555,0,0,0,0,0,0,0,0,0,0,0.1793415637860082
4304,ì°çËè¨ïSçá,1,12,9,0,1,0.1625,7,0,0,0,2,0,2,0,1,0,0.13379746835443038
4304,ì°çËè¨ïSçá,2,17,5,5,1,0.12823529411764706,0,3,1,0,1,0,0,0,0,10,0.13379746835443038
4304,ì°çËè¨ïSçá,3,12,1,5,2,0.14333333333333334,0,0,1,0,0,0,0,0,0,0,0.13379746835443038
4304,ì°çËè¨ïSçá,4,16,3,6,3,0.141875,0,2,1,0,0,0,0,0,0,0,0.13379746835443038
4304,ì°çËè¨ïSçá,5,12,1,6,0,0.1225,0,0,0,1,0,0,0,0,0,0,0.13379746835443038
4304,ì°çËè¨ïSçá,6,10,0,0,1,0.098,0,0,0,0,0,0,0,0,0,0,0.13379746835443038
4305,ã‡éqëÒñÓ,1,53,37,10,2,0.13150943396226414,37,0,0,0,0,0,5,3,8,0,0.13869747899159662
4305,ã‡éqëÒñÓ,2,43,13,12,8,0.1486046511627907,0,7,4,0,1,1,0,0,0,18,0.13869747899159662
4305,ã‡éqëÒñÓ,3,42,6,17,5,0.13142857142857145,0,1,2,3,0,0,0,0,0,0,0.13869747899159662
4305,ã‡éqëÒñÓ,4,34,5,11,7,0.1338235294117647,0,1,3,0,1,0,0,0,0,0,0.13869747899159662
4305,ã‡éqëÒñÓ,5,29,1,5,11,0.1486206896551724,0,0,0,1,0,0,0,0,0,0,0.13869747899159662
4305,ã‡éqëÒñÓ,6,37,3,8,6,0.14243243243243242,0,0,0,3,0,0,0,0,0,0,0.13869747899159662
4306,î»ñˆèrå·,1,33,14,2,3,0.19545454545454546,13,0,0,0,1,0,2,9,5,0,0.19073059360730596
4306,î»ñˆèrå·,2,35,6,8,5,0.20800000000000002,1,1,4,0,0,0,0,0,0,16,0.19073059360730596
4306,î»ñˆèrå·,3,43,4,9,10,0.18883720930232556,0,0,2,2,0,0,0,0,0,0,0.19073059360730596
4306,î»ñˆèrå·,4,42,3,9,10,0.18071428571428572,0,1,2,0,0,0,0,0,0,0,0.19073059360730596
4306,î»ñˆèrå·,5,32,2,3,7,0.1859375,0,0,1,1,0,0,0,0,0,0,0.19073059360730596
4306,î»ñˆèrå·,6,34,0,2,8,0.18764705882352942,0,0,0,0,0,0,0,0,0,0,0.19073059360730596
4308,âÕë∫óπ,1,63,46,7,4,0.1484126984126984,46,0,0,0,0,0,3,5,6,0,0.155
4308,âÕë∫óπ,2,44,8,14,10,0.15636363636363637,0,5,3,0,0,0,0,0,0,19,0.155
4308,âÕë∫óπ,3,43,6,15,12,0.1427906976744186,0,0,3,3,0,0,0,0,0,0,0.155
4308,âÕë∫óπ,4,36,5,8,13,0.14416666666666667,0,2,1,1,1,0,0,0,0,0,0.155
4308,âÕë∫óπ,5,40,3,9,6,0.174,0,0,1,1,1,0,0,0,0,0,0.155
4308,âÕë∫óπ,6,48,3,12,12,0.165625,0,0,0,2,1,0,0,0,0,0,0.155
4311,â™ë∫êm,1,55,39,5,6,0.162,39,0,0,0,0,0,4,7,2,0,0.15401673640167365
4311,â™ë∫êm,2,35,7,15,8,0.14685714285714285,1,3,3,0,0,0,0,0,0,19,0.15401673640167365
4311,â™ë∫êm,3,42,5,13,10,0.16523809523809524,0,0,0,3,2,0,0,0,0,0,0.15401673640167365
4311,â™ë∫êm,4,40,5,11,10,0.147,0,0,4,1,0,0,0,0,0,0,0.15401673640167365
4311,â™ë∫êm,5,36,6,10,8,0.12916666666666668,0,0,2,2,0,2,0,0,0,0,0.15401673640167365
4311,â™ë∫êm,6,31,3,7,5,0.1706451612903226,0,0,0,2,0,1,0,0,0,0,0.15401673640167365
4313,êºë∫î¸íqéq,1,13,11,0,0,0.15153846153846154,11,0,0,0,0,0,1,1,0,0,0.15819444444444444
4313,êºë∫î¸íqéq,2,14,3,1,4,0.15928571428571428,0,2,0,0,1,0,0,0,0,8,0.15819444444444444
4313,êºë∫î¸íqéq,3,10,2,0,4,0.142,0,1,1,0,0,0,0,0,0,0,0.15819444444444444
4313,êºë∫î¸íqéq,4,10,2,2,3,0.14100000000000001,0,0,1,1,0,0,0,0,0,0,0.15819444444444444
4313,êºë∫î¸íqéq,5,12,1,2,0,0.16083333333333333,0,0,0,1,0,0,0,0,0,0,0.15819444444444444
4313,êºë∫î¸íqéq,6,13,0,1,2,0.18692307692307694,0,0,0,0,0,0,0,0,0,0,0.15819444444444444
4314,ê¬ñÿçKëæòY,1,29,17,3,4,0.15517241379310345,17,0,0,0,0,0,2,6,3,0,0.14504807692307692
4314,ê¬ñÿçKëæòY,2,39,5,7,6,0.151025641025641,0,3,1,0,1,0,0,0,0,21,0.14504807692307692
4314,ê¬ñÿçKëæòY,3,32,7,9,5,0.14125000000000001,0,0,3,4,0,0,0,0,0,0,0.14504807692307692
4314,ê¬ñÿçKëæòY,4,37,10,6,3,0.12432432432432432,0,0,7,2,1,0,0,0,0,0,0.14504807692307692
4314,ê¬ñÿçKëæòY,5,34,2,8,6,0.15117647058823527,0,0,0,2,0,0,0,0,0,0,0.14504807692307692
4314,ê¬ñÿçKëæòY,6,37,0,1,9,0.1491891891891892,0,0,0,0,0,0,0,0,0,0,0.14504807692307692
4315,éRçËçVâÓ,1,32,17,3,2,0.1628125,16,0,0,0,1,0,5,4,3,0,0.16569444444444445
4315,éRçËçVâÓ,2,39,5,14,4,0.17461538461538462,0,2,0,0,3,0,0,0,0,20,0.16569444444444445
4315,éRçËçVâÓ,3,44,2,8,14,0.16636363636363638,0,0,0,2,0,0,0,0,0,0,0.16569444444444445
4315,éRçËçVâÓ,4,42,2,7,10,0.15404761904761904,0,0,1,1,0,0,0,0,0,0,0.16569444444444445
4315,éRçËçVâÓ,5,36,3,6,6,0.15305555555555556,0,0,0,3,0,0,0,0,0,0,0.16569444444444445
4315,éRçËçVâÓ,6,23,0,2,5,0.1943478260869565,0,0,0,0,0,0,0,0,0,0,0.16569444444444445
4317,ñÿë∫é—óFäÛ,1,25,8,8,2,0.1288,8,0,0,0,0,0,10,3,4,0,0.16732954545454545
4317,ñÿë∫é—óFäÛ,2,35,5,8,9,0.20142857142857143,0,2,2,0,1,0,0,0,0,17,0.16732954545454545
4317,ñÿë∫é—óFäÛ,3,31,1,7,4,0.17096774193548386,0,0,1,0,0,0,0,0,0,0,0.16732954545454545
4317,ñÿë∫é—óFäÛ,4,29,1,3,11,0.17413793103448275,0,0,0,0,1,0,0,0,0,0,0.16732954545454545
4317,ñÿë∫é—óFäÛ,5,30,0,1,4,0.16133333333333333,0,0,0,0,0,0,0,0,0,0,0.16732954545454545
4317,ñÿë∫é—óFäÛ,6,26,1,3,5,0.15346153846153848,0,0,0,1,0,0,0,0,0,0,0.16732954545454545
4318,åKå¥è´åı,1,48,27,8,5,0.15729166666666666,27,0,0,0,0,0,4,11,5,0,0.1576833976833977
4318,åKå¥è´åı,2,41,9,7,9,0.16146341463414635,0,5,3,0,0,1,0,0,0,16,0.1576833976833977
4318,åKå¥è´åı,3,49,2,11,17,0.1536734693877551,0,0,2,0,0,0,0,0,0,0,0.1576833976833977
4318,åKå¥è´åı,4,45,3,13,10,0.17,0,0,2,1,0,0,0,0,0,0,0.1576833976833977
4318,åKå¥è´åı,5,36,3,6,8,0.15611111111111112,0,0,0,3,0,0,0,0,0,0,0.1576833976833977
4318,åKå¥è´åı,6,40,1,5,11,0.14675,0,0,0,1,0,0,0,0,0,0,0.1576833976833977
4319,éOëÓèÅ,1,46,28,9,1,0.16869565217391305,28,0,0,0,0,0,3,6,7,0,0.17272084805653712
4319,éOëÓèÅ,2,52,8,18,11,0.1544230769230769,0,6,0,1,0,1,0,0,0,21,0.17272084805653712
4319,éOëÓèÅ,3,54,5,13,16,0.1638888888888889,0,0,2,3,0,0,0,0,0,0,0.17272084805653712
4319,éOëÓèÅ,4,49,8,7,11,0.1689795918367347,0,5,2,0,1,0,0,0,0,0,0.17272084805653712
4319,éOëÓèÅ,5,47,1,9,8,0.1827659574468085,0,0,0,1,0,0,0,0,0,0,0.17272084805653712
4319,éOëÓèÅ,6,35,2,1,6,0.21057142857142858,0,2,0,0,0,0,0,0,0,0,0.17272084805653712
4320,ïÙó≥ëæ,1,52,40,8,2,0.115,37,0,0,0,3,0,6,5,0,0,0.12073732718894009
4320,ïÙó≥ëæ,2,34,7,13,10,0.13588235294117648,0,5,2,0,0,0,0,0,0,23,0.12073732718894009
4320,ïÙó≥ëæ,3,37,12,9,5,0.11540540540540542,0,1,3,6,2,0,0,0,0,0,0.12073732718894009
4320,ïÙó≥ëæ,4,33,5,14,6,0.1190909090909091,0,1,1,3,0,0,0,0,0,0,0.12073732718894009
4320,ïÙó≥ëæ,5,28,5,10,6,0.10964285714285715,0,2,0,2,1,0,0,0,0,0,0.12073732718894009
4320,ïÙó≥ëæ,6,33,2,8,5,0.13121212121212122,0,1,0,1,0,0,0,0,0,0,0.12073732718894009
4323,éRìcóCé˜,1,41,26,7,1,0.14121951219512197,24,0,0,0,2,0,3,6,4,0,0.1569747899159664
4323,éRìcóCé˜,2,41,7,12,8,0.15170731707317073,0,5,1,0,1,0,0,0,0,20,0.1569747899159664
4323,éRìcóCé˜,3,38,7,6,11,0.1455263157894737,0,1,2,4,0,0,0,0,0,0,0.1569747899159664
4323,éRìcóCé˜,4,40,4,18,6,0.1565,0,0,3,1,0,0,0,0,0,0,0.1569747899159664
4323,éRìcóCé˜,5,41,4,8,3,0.16560975609756098,0,1,1,2,0,0,0,0,0,0,0.1569747899159664
4323,éRìcóCé˜,6,37,1,6,6,0.182972972972973,0,1,0,0,0,0,0,0,0,0,0.1569747899159664
4324,äCñÏçNéuòY,1,61,46,14,0,0.12213114754098361,43,0,0,0,2,1,1,4,9,0,0.14257462686567166
4324,äCñÏçNéuòY,2,43,6,22,7,0.12325581395348836,0,5,0,1,0,0,0,0,0,29,0.14257462686567166
4324,äCñÏçNéuòY,3,42,10,13,8,0.15952380952380954,0,1,1,6,2,0,0,0,0,0,0.14257462686567166
4324,äCñÏçNéuòY,4,37,6,7,7,0.15108108108108106,0,2,2,2,0,0,0,0,0,0,0.14257462686567166
4324,äCñÏçNéuòY,5,42,3,9,11,0.16,0,0,0,2,1,0,0,0,0,0,0.14257462686567166
4324,äCñÏçNéuòY,6,43,8,5,14,0.15,0,2,1,4,1,0,0,0,0,0,0.14257462686567166
4325,êVèoç_éi,1,38,16,4,6,0.14394736842105263,16,0,0,0,0,0,4,9,6,0,0.14133333333333334
4325,êVèoç_éi,2,42,5,10,7,0.14976190476190476,0,5,0,0,0,0,0,0,0,19,0.14133333333333334
4325,êVèoç_éi,3,37,3,9,5,0.14567567567567566,0,1,1,1,0,0,0,0,0,0,0.14133333333333334
4325,êVèoç_éi,4,37,3,10,4,0.12324324324324326,0,1,0,2,0,0,0,0,0,0,0.14133333333333334
4325,êVèoç_éi,5,35,6,2,8,0.13599999999999998,0,1,0,5,0,0,0,0,0,0,0.14133333333333334
4325,êVèoç_éi,6,36,1,3,8,0.14805555555555555,0,0,0,1,0,0,0,0,0,0,0.14133333333333334
4327,â¡ì°„ƒ,1,35,8,8,7,0.21171428571428572,7,0,0,0,1,0,12,5,3,0,0.2023949579831933
4327,â¡ì°„ƒ,2,44,2,9,11,0.19090909090909092,0,2,0,0,0,0,0,0,0,21,0.2023949579831933
4327,â¡ì°„ƒ,3,45,3,7,11,0.1848888888888889,0,0,3,0,0,0,0,0,0,0,0.2023949579831933
4327,â¡ì°„ƒ,4,42,0,11,5,0.2016666666666667,0,0,0,0,0,0,0,0,0,0,0.2023949579831933
4327,â¡ì°„ƒ,5,41,0,4,6,0.2031707317073171,0,0,0,0,0,0,0,0,0,0,0.2023949579831933
4327,â¡ì°„ƒ,6,31,0,1,1,0.2335483870967742,0,0,0,0,0,0,0,0,0,0,0.2023949579831933
4329,è¨èºëÏéi,1,36,13,9,6,0.12722222222222224,11,0,0,0,2,0,12,8,0,0,0.1673362445414847
4329,è¨èºëÏéi,2,38,3,13,7,0.15105263157894738,0,2,1,0,0,0,0,0,0,23,0.1673362445414847
4329,è¨èºëÏéi,3,43,1,6,11,0.1641860465116279,0,0,0,1,0,0,0,0,0,0,0.1673362445414847
4329,è¨èºëÏéi,4,42,5,5,14,0.1630952380952381,0,3,1,1,0,0,0,0,0,0,0.1673362445414847
4329,è¨èºëÏéi,5,36,4,6,3,0.19166666666666668,0,1,0,2,1,0,0,0,0,0,0.1673362445414847
4329,è¨èºëÏéi,6,34,1,3,6,0.21147058823529413,0,0,0,1,0,0,0,0,0,0,0.1673362445414847
4330,ìﬁê{å[ëæ,1,27,19,4,2,0.11925925925925927,18,0,0,0,1,0,0,2,1,0,0.11628099173553719
4330,ìﬁê{å[ëæ,2,21,8,3,4,0.10285714285714287,0,4,4,0,0,0,0,0,0,10,0.11628099173553719
4330,ìﬁê{å[ëæ,3,22,7,5,4,0.1140909090909091,0,1,3,2,1,0,0,0,0,0,0.11628099173553719
4330,ìﬁê{å[ëæ,4,13,4,1,4,0.12923076923076923,0,0,2,2,0,0,0,0,0,0,0.11628099173553719
4330,ìﬁê{å[ëæ,5,19,3,1,7,0.12526315789473683,0,0,2,1,0,0,0,0,0,0,0.11628099173553719
4330,ìﬁê{å[ëæ,6,19,1,2,4,0.11157894736842106,0,0,0,1,0,0,0,0,0,0,0.11628099173553719
4331,éOçDóEêl,1,39,26,9,1,0.11410256410256411,26,0,0,0,0,0,3,3,6,0,0.1456888888888889
4331,éOçDóEêl,2,40,7,7,8,0.12275,0,4,3,0,0,0,0,0,0,23,0.1456888888888889
4331,éOçDóEêl,3,39,5,12,4,0.13076923076923075,0,0,2,3,0,0,0,0,0,0,0.1456888888888889
4331,éOçDóEêl,4,37,9,6,6,0.15270270270270273,0,5,2,2,0,0,0,0,0,0,0.1456888888888889
4331,éOçDóEêl,5,31,0,7,4,0.17483870967741935,0,0,0,0,0,0,0,0,0,0,0.1456888888888889
4331,éOçDóEêl,6,39,1,7,10,0.1858974358974359,0,0,0,1,0,0,0,0,0,0,0.1456888888888889
4332,ë∫è„è≤àÍ,1,29,7,4,8,0.15068965517241378,5,0,0,0,2,0,9,7,5,0,0.1625
4332,ë∫è„è≤àÍ,2,24,4,8,2,0.18083333333333332,0,3,1,0,0,0,0,0,0,12,0.1625
4332,ë∫è„è≤àÍ,3,33,2,8,8,0.15454545454545454,0,0,1,1,0,0,0,0,0,0,0.1625
4332,ë∫è„è≤àÍ,4,29,1,2,9,0.17344827586206898,0,1,0,0,0,0,0,0,0,0,0.1625
4332,ë∫è„è≤àÍ,5,26,0,4,4,0.13538461538461538,0,0,0,0,0,0,0,0,0,0,0.1625
4332,ë∫è„è≤àÍ,6,27,1,2,6,0.18296296296296297,0,0,0,0,1,0,0,0,0,0,0.1625
4333,ë∫ìcóFñÁ,1,11,2,2,1,0.15272727272727274,2,0,0,0,0,0,4,3,1,0,0.1924390243902439
4333,ë∫ìcóFñÁ,2,17,0,3,1,0.1847058823529412,0,0,0,0,0,0,0,0,0,6,0.1924390243902439
4333,ë∫ìcóFñÁ,3,13,0,0,1,0.20153846153846156,0,0,0,0,0,0,0,0,0,0,0.1924390243902439
4333,ë∫ìcóFñÁ,4,17,0,0,2,0.18823529411764706,0,0,0,0,0,0,0,0,0,0,0.1924390243902439
4333,ë∫ìcóFñÁ,5,13,0,0,0,0.2023076923076923,0,0,0,0,0,0,0,0,0,0,0.1924390243902439
4333,ë∫ìcóFñÁ,6,11,0,0,0,0.22818181818181815,0,0,0,0,0,0,0,0,0,0,0.1924390243902439
4335,é·ó—è´,1,64,48,7,7,0.11578125,45,0,0,0,2,1,6,4,5,0,0.11861224489795918
4335,é·ó—è´,2,36,8,8,9,0.11527777777777778,0,6,1,0,0,1,0,0,0,21,0.11861224489795918
4335,é·ó—è´,3,41,8,6,10,0.12804878048780488,0,3,4,1,0,0,0,0,0,0,0.11861224489795918
4335,é·ó—è´,4,37,10,7,10,0.09837837837837839,0,0,7,3,0,0,0,0,0,0,0.11861224489795918
4335,é·ó—è´,5,33,5,8,6,0.11727272727272728,0,1,1,3,0,0,0,0,0,0,0.11861224489795918
4335,é·ó—è´,6,34,3,4,8,0.13941176470588235,0,0,0,2,0,1,0,0,0,0,0.11861224489795918
4336,èºìcó≥în,1,46,32,6,3,0.15804347826086956,29,0,0,0,3,0,5,2,7,0,0.1432156862745098
4336,èºìcó≥în,2,45,10,10,12,0.1368888888888889,0,6,4,0,0,0,0,0,0,26,0.1432156862745098
4336,èºìcó≥în,3,46,2,15,16,0.12021739130434783,0,0,0,1,1,0,0,0,0,0,0.1432156862745098
4336,èºìcó≥în,4,42,6,7,10,0.13833333333333334,0,2,2,2,0,0,0,0,0,0,0.1432156862745098
4336,èºìcó≥în,5,40,2,4,12,0.16499999999999998,0,1,0,0,1,0,0,0,0,0,0.1432156862745098
4336,èºìcó≥în,6,36,0,2,8,0.14305555555555557,0,0,0,0,0,0,0,0,0,0,0.1432156862745098
4337,ïΩñ{ê^îV,1,53,32,11,5,0.12528301886792453,32,0,0,0,0,0,6,5,9,0,0.12624505928853755
4337,ïΩñ{ê^îV,2,34,7,9,4,0.13794117647058823,0,5,1,0,1,0,0,0,0,19,0.12624505928853755
4337,ïΩñ{ê^îV,3,44,7,13,9,0.11818181818181818,0,0,0,5,2,0,0,0,0,0,0.12624505928853755
4337,ïΩñ{ê^îV,4,42,4,14,6,0.12142857142857141,0,0,1,1,2,0,0,0,0,0,0.12624505928853755
4337,ïΩñ{ê^îV,5,41,2,10,7,0.12634146341463415,0,0,0,1,1,0,0,0,0,0,0.12624505928853755
4337,ïΩñ{ê^îV,6,39,1,6,8,0.13153846153846155,0,0,0,1,0,0,0,0,0,0,0.12624505928853755
4339,ïΩê£èÈå[,1,26,12,4,3,0.14769230769230768,12,0,0,0,0,0,2,3,5,0,0.18602040816326532
4339,ïΩê£èÈå[,2,33,5,10,5,0.1806060606060606,0,4,0,0,1,0,0,0,0,22,0.18602040816326532
4339,ïΩê£èÈå[,3,38,2,1,10,0.17473684210526316,0,0,0,1,0,1,0,0,0,0,0.18602040816326532
4339,ïΩê£èÈå[,4,33,1,3,5,0.1903030303030303,0,0,0,1,0,0,0,0,0,0,0.18602040816326532
4339,ïΩê£èÈå[,5,36,0,1,2,0.19777777777777777,0,0,0,0,0,0,0,0,0,0,0.18602040816326532
4339,ïΩê£èÈå[,6,30,0,2,2,0.22066666666666668,0,0,0,0,0,0,0,0,0,0,0.18602040816326532
4340,ìyê´âÎñÁ,1,28,16,4,2,0.18142857142857144,16,0,0,0,0,0,5,4,3,0,0.18657458563535914
4340,ìyê´âÎñÁ,2,33,2,6,6,0.1921212121212121,0,1,1,0,0,0,0,0,0,19,0.18657458563535914
4340,ìyê´âÎñÁ,3,32,1,9,6,0.1784375,0,0,0,1,0,0,0,0,0,0,0.18657458563535914
4340,ìyê´âÎñÁ,4,33,1,4,5,0.19484848484848483,0,0,0,1,0,0,0,0,0,0,0.18657458563535914
4340,ìyê´âÎñÁ,5,27,0,0,7,0.17037037037037037,0,0,0,0,0,0,0,0,0,0,0.18657458563535914
4340,ìyê´âÎñÁ,6,28,1,2,4,0.20035714285714287,0,0,0,1,0,0,0,0,0,0,0.18657458563535914
4342,íJñÏòBéu,1,47,33,5,3,0.14212765957446807,32,0,0,0,1,0,2,6,5,0,0.1425830258302583
4342,íJñÏòBéu,2,43,4,13,6,0.13511627906976742,0,2,1,0,1,0,0,0,0,26,0.1425830258302583
4342,íJñÏòBéu,3,40,11,12,6,0.13774999999999998,0,1,2,3,3,2,0,0,0,0,0.1425830258302583
4342,íJñÏòBéu,4,47,7,14,12,0.13085106382978723,0,0,6,1,0,0,0,0,0,0,0.1425830258302583
4342,íJñÏòBéu,5,49,6,13,6,0.15122448979591838,0,0,1,3,0,2,0,0,0,0,0.1425830258302583
4342,íJñÏòBéu,6,45,3,7,13,0.15733333333333333,0,0,1,1,1,0,0,0,0,0,0.1425830258302583
4343,ë∫â™å´,1,24,8,5,4,0.16625,7,0,0,0,1,0,3,8,5,0,0.17389189189189191
4343,ë∫â™å´,2,35,2,5,6,0.17057142857142857,0,0,1,0,0,1,0,0,0,16,0.17389189189189191
4343,ë∫â™å´,3,39,2,7,8,0.16384615384615384,0,0,2,0,0,0,0,0,0,0,0.17389189189189191
4343,ë∫â™å´,4,32,1,3,5,0.1784375,0,0,0,1,0,0,0,0,0,0,0.17389189189189191
4343,ë∫â™å´,5,34,1,4,6,0.16617647058823531,0,0,0,1,0,0,0,0,0,0,0.17389189189189191
4343,ë∫â™å´,6,21,1,2,1,0.2123809523809524,0,0,0,1,0,0,0,0,0,0,0.17389189189189191
4344,êVìcóYéj,1,53,45,3,3,0.11867924528301887,45,0,0,0,0,0,2,2,3,0,0.13650205761316872
4344,êVìcóYéj,2,40,8,8,6,0.14175,0,7,1,0,0,0,0,0,0,24,0.13650205761316872
4344,êVìcóYéj,3,35,9,8,3,0.12142857142857143,0,2,2,5,0,0,0,0,0,0,0.13650205761316872
4344,êVìcóYéj,4,38,7,13,5,0.13526315789473684,0,0,2,4,0,1,0,0,0,0,0.13650205761316872
4344,êVìcóYéj,5,45,2,13,11,0.15,0,0,1,1,0,0,0,0,0,0,0.13650205761316872
4344,êVìcóYéj,6,32,3,7,6,0.1584375,0,0,0,3,0,0,0,0,0,0,0.13650205761316872
4345,êºä⁄åí,1,35,18,4,5,0.16914285714285715,18,0,0,0,0,0,4,10,2,0,0.16477272727272727
4345,êºä⁄åí,2,43,11,6,10,0.1616279069767442,0,3,7,0,1,0,0,0,0,17,0.16477272727272727
4345,êºä⁄åí,3,42,6,8,6,0.15880952380952382,0,2,0,3,1,0,0,0,0,0,0.16477272727272727
4345,êºä⁄åí,4,38,4,2,7,0.15605263157894736,0,1,2,1,0,0,0,0,0,0,0.16477272727272727
4345,êºä⁄åí,5,39,1,8,6,0.16256410256410256,0,0,0,1,0,0,0,0,0,0,0.16477272727272727
4345,êºä⁄åí,6,23,0,3,2,0.1930434782608696,0,0,0,0,0,0,0,0,0,0,0.16477272727272727
4346,ëOìcåíëæòY,1,32,19,3,4,0.1303125,17,0,0,0,1,1,3,3,5,0,0.15518672199170125
4346,ëOìcåíëæòY,2,43,3,10,6,0.18930232558139537,0,3,0,0,0,0,0,0,0,18,0.15518672199170125
4346,ëOìcåíëæòY,3,40,7,13,2,0.15425,0,0,5,2,0,0,0,0,0,0,0.15518672199170125
4346,ëOìcåíëæòY,4,44,4,9,7,0.1590909090909091,0,0,2,2,0,0,0,0,0,0,0.15518672199170125
4346,ëOìcåíëæòY,5,41,4,4,6,0.15634146341463415,0,0,1,2,1,0,0,0,0,0,0.15518672199170125
4346,ëOìcåíëæòY,6,41,2,2,3,0.13439024390243903,0,0,1,1,0,0,0,0,0,0,0.15518672199170125
4347,ãõíJçÅêD,1,46,21,12,6,0.1367391304347826,19,0,0,0,2,0,8,6,7,0,0.14806818181818182
4347,ãõíJçÅêD,2,22,4,5,6,0.16318181818181818,0,2,2,0,0,0,0,0,0,10,0.14806818181818182
4347,ãõíJçÅêD,3,31,8,9,5,0.14870967741935484,0,2,3,1,2,0,0,0,0,0,0.14806818181818182
4347,ãõíJçÅêD,4,29,4,6,10,0.14482758620689656,0,2,1,1,0,0,0,0,0,0,0.14806818181818182
4347,ãõíJçÅêD,5,24,0,5,8,0.16416666666666666,0,0,0,0,0,0,0,0,0,0,0.14806818181818182
4347,ãõíJçÅêD,6,24,0,3,5,0.14291666666666666,0,0,0,0,0,0,0,0,0,0,0.14806818181818182
4348,ã{çËèß,1,56,43,7,4,0.1582142857142857,41,0,0,0,2,0,4,4,4,0,0.16438931297709924
4348,ã{çËèß,2,44,9,16,7,0.1597727272727273,0,6,3,0,0,0,0,0,0,21,0.16438931297709924
4348,ã{çËèß,3,42,7,13,10,0.1530952380952381,0,1,4,1,1,0,0,0,0,0,0.16438931297709924
4348,ã{çËèß,4,44,2,13,15,0.1734090909090909,0,2,0,0,0,0,0,0,0,0,0.16438931297709924
4348,ã{çËèß,5,37,3,3,12,0.1635135135135135,0,0,0,3,0,0,0,0,0,0,0.16438931297709924
4348,ã{çËèß,6,39,1,4,7,0.1812820512820513,0,1,0,0,0,0,0,0,0,0,0.16438931297709924
4349,å¢ì∂êÁèH,1,39,16,10,6,0.1535897435897436,15,0,0,0,1,0,7,8,8,0,0.15145631067961166
4349,å¢ì∂êÁèH,2,36,4,15,7,0.16861111111111113,0,4,0,0,0,0,0,0,0,20,0.15145631067961166
4349,å¢ì∂êÁèH,3,33,5,8,7,0.16454545454545455,0,0,4,0,1,0,0,0,0,0,0.15145631067961166
4349,å¢ì∂êÁèH,4,32,4,3,7,0.1625,0,0,2,2,0,0,0,0,0,0,0.15145631067961166
4349,å¢ì∂êÁèH,5,34,2,4,5,0.12705882352941178,0,0,1,0,0,1,0,0,0,0,0.15145631067961166
4349,å¢ì∂êÁèH,6,32,1,3,9,0.1309375,0,0,1,0,0,0,0,0,0,0,0.15145631067961166
4350,é¬çËå≥éu,1,68,45,8,5,0.11764705882352941,44,0,0,0,1,0,5,7,9,0,0.128014440433213
4350,é¬çËå≥éu,2,36,6,12,9,0.12305555555555554,0,4,2,0,0,0,0,0,0,22,0.128014440433213
4350,é¬çËå≥éu,3,46,9,12,10,0.13043478260869565,0,2,1,4,2,0,0,0,0,0,0.128014440433213
4350,é¬çËå≥éu,4,46,8,12,11,0.12717391304347825,0,1,4,1,2,0,0,0,0,0,0.128014440433213
4350,é¬çËå≥éu,5,38,2,6,4,0.1307894736842105,0,1,0,1,0,0,0,0,0,0,0.128014440433213
4350,é¬çËå≥éu,6,43,3,8,6,0.1444186046511628,0,0,3,0,0,0,0,0,0,0,0.128014440433213
4351,ó¢â™âEãM,1,43,32,7,3,0.14162790697674418,27,0,0,0,5,0,1,5,3,0,0.14186602870813397
4351,ó¢â™âEãM,2,31,6,12,7,0.13645161290322583,0,3,3,0,0,0,0,0,0,15,0.14186602870813397
4351,ó¢â™âEãM,3,33,7,8,10,0.14939393939393938,0,1,2,4,0,0,0,0,0,0,0.14186602870813397
4351,ó¢â™âEãM,4,36,8,9,7,0.12388888888888888,0,1,3,4,0,0,0,0,0,0,0.14186602870813397
4351,ó¢â™âEãM,5,30,3,7,9,0.145,0,1,1,1,0,0,0,0,0,0,0.14186602870813397
4351,ó¢â™âEãM,6,36,4,3,11,0.15527777777777776,0,1,0,0,3,0,0,0,0,0,0.14186602870813397
4352,â∫ûäóYëæòY,1,49,31,10,4,0.12489795918367347,30,0,0,0,1,0,7,5,5,0,0.12333333333333334
4352,â∫ûäóYëæòY,2,34,6,14,10,0.1323529411764706,0,3,2,0,1,0,0,0,0,20,0.12333333333333334
4352,â∫ûäóYëæòY,3,38,10,12,6,0.12105263157894736,0,1,5,4,0,0,0,0,0,0,0.12333333333333334
4352,â∫ûäóYëæòY,4,45,9,10,7,0.11977777777777777,0,2,4,3,0,0,0,0,0,0,0.12333333333333334
4352,â∫ûäóYëæòY,5,33,5,6,8,0.11272727272727273,0,0,4,0,0,1,0,0,0,0,0.12333333333333334
4352,â∫ûäóYëæòY,6,41,4,9,8,0.12853658536585366,0,0,3,1,0,0,0,0,0,0,0.12333333333333334
4355,è¨êÏçLëÂ,1,30,12,6,4,0.129,12,0,0,0,0,0,10,3,5,0,0.187
4355,è¨êÏçLëÂ,2,40,3,4,4,0.17525,0,2,0,0,1,0,0,0,0,16,0.187
4355,è¨êÏçLëÂ,3,42,1,6,3,0.20119047619047617,0,0,0,1,0,0,0,0,0,0,0.187
4355,è¨êÏçLëÂ,4,38,0,4,2,0.18763157894736843,0,0,0,0,0,0,0,0,0,0,0.187
4355,è¨êÏçLëÂ,5,38,2,2,0,0.19657894736842108,0,0,0,2,0,0,0,0,0,0,0.187
4355,è¨êÏçLëÂ,6,32,1,0,4,0.2253125,0,0,0,0,0,1,0,0,0,0,0.187
4356,í∑â™ó«ñÁ,1,47,37,5,2,0.14659574468085107,34,0,0,0,3,0,2,5,2,0,0.15331858407079646
4356,í∑â™ó«ñÁ,2,35,7,12,7,0.14971428571428572,0,6,0,1,0,0,0,0,0,21,0.15331858407079646
4356,í∑â™ó«ñÁ,3,40,6,10,12,0.149,0,0,1,2,3,0,0,0,0,0,0.15331858407079646
4356,í∑â™ó«ñÁ,4,40,3,12,14,0.15925,0,0,1,1,1,0,0,0,0,0,0.15331858407079646
4356,í∑â™ó«ñÁ,5,29,1,3,10,0.14620689655172414,0,0,0,1,0,0,0,0,0,0,0.15331858407079646
4356,í∑â™ó«ñÁ,6,35,1,5,7,0.17,0,0,0,1,0,0,0,0,0,0,0.15331858407079646
4357,ìcíÜòañÁ,1,56,40,9,2,0.16446428571428573,38,0,0,0,2,0,2,5,6,0,0.17331858407079648
4357,ìcíÜòañÁ,2,32,7,6,6,0.1821875,0,5,1,0,1,0,0,0,0,11,0.17331858407079648
4357,ìcíÜòañÁ,3,41,7,13,7,0.17243902439024392,0,0,4,3,0,0,0,0,0,0,0.17331858407079648
4357,ìcíÜòañÁ,4,32,7,8,9,0.17250000000000001,0,1,2,3,1,0,0,0,0,0,0.17331858407079648
4357,ìcíÜòañÁ,5,30,5,6,8,0.17333333333333334,0,0,4,1,0,0,0,0,0,0,0.17331858407079648
4357,ìcíÜòañÁ,6,35,3,8,12,0.18114285714285713,0,0,0,2,1,0,0,0,0,0,0.17331858407079648
4358,èºñ{ófïΩ,1,27,13,7,3,0.17592592592592593,13,0,0,0,0,0,3,3,7,0,0.2061576354679803
4358,èºñ{ófïΩ,2,38,5,10,5,0.19789473684210526,0,3,2,0,0,0,0,0,0,16,0.2061576354679803
4358,èºñ{ófïΩ,3,38,3,6,10,0.19342105263157894,0,1,1,0,1,0,0,0,0,0,0.2061576354679803
4358,èºñ{ófïΩ,4,34,0,4,4,0.23264705882352943,0,0,0,0,0,0,0,0,0,0,0.2061576354679803
4358,èºñ{ófïΩ,5,33,0,4,1,0.2196969696969697,0,0,0,0,0,0,0,0,0,0,0.2061576354679803
4358,èºñ{ófïΩ,6,33,0,1,4,0.21424242424242426,0,0,0,0,0,0,0,0,0,0,0.2061576354679803
4359,â°êÏêπéu,1,34,21,9,2,0.12088235294117648,21,0,0,0,0,0,5,4,2,0,0.12769874476987447
4359,â°êÏêπéu,2,46,3,15,8,0.13478260869565217,0,1,0,0,1,1,0,0,0,29,0.12769874476987447
4359,â°êÏêπéu,3,37,1,7,8,0.12702702702702703,0,0,0,0,1,0,0,0,0,0,0.12769874476987447
4359,â°êÏêπéu,4,36,4,7,11,0.12638888888888888,0,0,2,1,1,0,0,0,0,0,0.12769874476987447
4359,â°êÏêπéu,5,43,2,8,13,0.1244186046511628,0,1,0,1,0,0,0,0,0,0,0.12769874476987447
4359,â°êÏêπéu,6,43,0,4,11,0.1304651162790698,0,0,0,0,0,0,0,0,0,0,0.12769874476987447
4360,èØéiçFï„,1,31,17,9,3,0.1464516129032258,15,0,0,0,2,0,5,6,2,0,0.17723958333333334
4360,èØéiçFï„,2,36,4,7,10,0.17055555555555554,0,4,0,0,0,0,0,0,0,16,0.17723958333333334
4360,èØéiçFï„,3,29,3,3,9,0.1806896551724138,0,1,0,1,1,0,0,0,0,0,0.17723958333333334
4360,èØéiçFï„,4,36,3,4,7,0.19555555555555557,0,0,0,2,1,0,0,0,0,0,0.17723958333333334
4360,èØéiçFï„,5,31,1,1,6,0.1941935483870968,0,0,0,1,0,0,0,0,0,0,0.17723958333333334
4360,èØéiçFï„,6,29,2,1,4,0.17413793103448275,0,1,0,0,1,0,0,0,0,0,0.17723958333333334
4361,ñˆê∂ë◊ìÒ,1,63,46,9,2,0.143015873015873,45,0,0,0,1,0,7,5,5,0,0.1403942652329749
4361,ñˆê∂ë◊ìÒ,2,43,8,15,9,0.14046511627906977,1,4,3,0,0,0,0,0,0,21,0.1403942652329749
4361,ñˆê∂ë◊ìÒ,3,41,5,9,10,0.13146341463414635,0,0,3,2,0,0,0,0,0,0,0.1403942652329749
4361,ñˆê∂ë◊ìÒ,4,42,6,9,13,0.13238095238095238,0,3,3,0,0,0,0,0,0,0,0.1403942652329749
4361,ñˆê∂ë◊ìÒ,5,48,8,4,12,0.14458333333333334,0,0,3,5,0,0,0,0,0,0,0.1403942652329749
4361,ñˆê∂ë◊ìÒ,6,42,3,1,15,0.14833333333333334,0,0,3,0,0,0,0,0,0,0,0.1403942652329749
4362,ìyâÆíqë•,1,60,35,8,9,0.11666666666666667,26,0,0,0,7,2,8,7,8,0,0.1283817427385892
4362,ìyâÆíqë•,2,36,12,7,10,0.12166666666666666,3,5,3,0,1,0,0,0,0,17,0.1283817427385892
4362,ìyâÆíqë•,3,38,5,12,9,0.1310526315789474,0,1,2,2,0,0,0,0,0,0,0.1283817427385892
4362,ìyâÆíqë•,4,37,6,6,8,0.13135135135135137,1,1,2,2,0,0,0,0,0,0,0.1283817427385892
4362,ìyâÆíqë•,5,34,8,8,5,0.13705882352941176,2,2,1,3,0,0,0,0,0,0,0.1283817427385892
4362,ìyâÆíqë•,6,36,6,3,2,0.14055555555555554,1,1,0,1,3,0,0,0,0,0,0.1283817427385892
4363,ëÂñÏñFå∞,1,49,27,9,7,0.1440816326530612,27,0,0,0,0,0,5,4,8,0,0.15946564885496184
4363,ëÂñÏñFå∞,2,43,2,12,13,0.16883720930232557,0,1,1,0,0,0,0,0,0,25,0.15946564885496184
4363,ëÂñÏñFå∞,3,47,10,12,5,0.15553191489361703,0,2,5,1,2,0,0,0,0,0,0.15946564885496184
4363,ëÂñÏñFå∞,4,35,3,5,10,0.152,0,1,0,1,1,0,0,0,0,0,0.15946564885496184
4363,ëÂñÏñFå∞,5,48,1,4,18,0.16145833333333334,0,1,0,0,0,0,0,0,0,0,0.15946564885496184
4363,ëÂñÏñFå∞,6,40,0,0,9,0.177,0,0,0,0,0,0,0,0,0,0,0.15946564885496184
4364,írâiëæ,1,68,57,6,2,0.13426470588235295,56,0,0,0,1,0,2,2,5,0,0.13764705882352943
4364,írâiëæ,2,42,10,16,7,0.12404761904761905,0,7,2,0,1,0,0,0,0,18,0.13764705882352943
4364,írâiëæ,3,48,11,11,13,0.13604166666666667,0,2,3,4,2,0,0,0,0,0,0.13764705882352943
4364,írâiëæ,4,43,11,4,10,0.13232558139534883,0,0,8,1,2,0,0,0,0,0,0.13764705882352943
4364,írâiëæ,5,43,4,7,10,0.13906976744186048,0,1,1,1,1,0,0,0,0,0,0.13764705882352943
4364,írâiëæ,6,45,1,5,10,0.1608888888888889,0,1,0,0,0,0,0,0,0,0,0.13764705882352943
4365,ê∑ñ{ê^ï„,1,34,21,6,5,0.14852941176470588,20,0,0,0,0,1,5,1,5,0,0.1873390557939914
4365,ê∑ñ{ê^ï„,2,45,10,7,10,0.18622222222222223,0,2,5,1,2,0,0,0,0,16,0.1873390557939914
4365,ê∑ñ{ê^ï„,3,37,4,9,6,0.17351351351351352,0,1,3,0,0,0,0,0,0,0,0.1873390557939914
4365,ê∑ñ{ê^ï„,4,42,6,4,12,0.18190476190476193,0,0,4,2,0,0,0,0,0,0,0.1873390557939914
4365,ê∑ñ{ê^ï„,5,42,4,4,10,0.19952380952380955,0,1,2,1,0,0,0,0,0,0,0.1873390557939914
4365,ê∑ñ{ê^ï„,6,33,0,2,3,0.23575757575757578,0,0,0,0,0,0,0,0,0,0,0.1873390557939914
4366,ëOëÚè‰éj,1,53,36,7,6,0.15547169811320755,35,0,0,0,0,1,2,5,5,0,0.1524175824175824
4366,ëOëÚè‰éj,2,42,10,8,12,0.1523809523809524,1,6,1,0,2,0,0,0,0,18,0.1524175824175824
4366,ëOëÚè‰éj,3,48,6,17,12,0.148125,0,1,4,1,0,0,0,0,0,0,0.1524175824175824
4366,ëOëÚè‰éj,4,53,9,18,11,0.14018867924528303,0,3,4,2,0,0,0,0,0,0,0.1524175824175824
4366,ëOëÚè‰éj,5,37,4,9,7,0.14513513513513515,0,0,0,3,1,0,0,0,0,0,0.1524175824175824
4366,ëOëÚè‰éj,6,40,1,5,10,0.17650000000000002,0,0,1,0,0,0,0,0,0,0,0.1524175824175824
4367,éRå˚èCòH,1,27,13,5,3,0.16296296296296298,12,0,0,0,1,0,2,5,7,0,0.20534313725490197
4367,éRå˚èCòH,2,38,3,5,11,0.20789473684210527,0,2,1,0,0,0,0,0,0,19,0.20534313725490197
4367,éRå˚èCòH,3,37,1,12,11,0.18135135135135136,0,0,1,0,0,0,0,0,0,0,0.20534313725490197
4367,éRå˚èCòH,4,35,0,3,12,0.2317142857142857,0,0,0,0,0,0,0,0,0,0,0.20534313725490197
4367,éRå˚èCòH,5,37,1,5,7,0.22486486486486487,0,0,1,0,0,0,0,0,0,0,0.20534313725490197
4367,éRå˚èCòH,6,30,1,1,3,0.215,0,0,1,0,0,0,0,0,0,0,0.20534313725490197
4368,éRå˚ó≤éj,1,30,17,9,1,0.15333333333333332,17,0,0,0,0,0,1,3,7,0,0.1734934497816594
4368,éRå˚ó≤éj,2,40,1,7,7,0.17124999999999999,0,0,1,0,0,0,0,0,0,20,0.1734934497816594
4368,éRå˚ó≤éj,3,44,5,11,7,0.15431818181818183,0,0,2,3,0,0,0,0,0,0,0.1734934497816594
4368,éRå˚ó≤éj,4,43,4,4,8,0.20046511627906974,0,0,0,4,0,0,0,0,0,0,0.1734934497816594
4368,éRå˚ó≤éj,5,39,3,4,6,0.16999999999999998,0,0,1,2,0,0,0,0,0,0,0.1734934497816594
4368,éRå˚ó≤éj,6,33,0,2,4,0.1890909090909091,0,0,0,0,0,0,0,0,0,0,0.1734934497816594
4369,íOâ∫è´,1,45,36,6,1,0.1411111111111111,34,0,0,0,2,0,2,1,3,0,0.15978813559322033
4369,íOâ∫è´,2,36,6,10,11,0.18305555555555555,1,3,1,0,1,0,0,0,0,17,0.15978813559322033
4369,íOâ∫è´,3,39,7,11,7,0.15512820512820513,0,2,0,4,1,0,0,0,0,0,0.15978813559322033
4369,íOâ∫è´,4,42,7,8,11,0.15666666666666668,0,1,3,2,1,0,0,0,0,0,0.15978813559322033
4369,íOâ∫è´,5,33,3,5,9,0.16484848484848486,0,0,0,3,0,0,0,0,0,0,0.15978813559322033
4369,íOâ∫è´,6,41,1,5,11,0.16341463414634147,0,0,1,0,0,0,0,0,0,0,0.15978813559322033
4370,éRå˚íBñÁ,1,51,40,5,2,0.14549019607843136,38,0,0,0,2,0,0,5,5,0,0.15626984126984128
4370,éRå˚íBñÁ,2,44,9,14,5,0.16636363636363638,1,7,1,0,0,0,0,0,0,19,0.15626984126984128
4370,éRå˚íBñÁ,3,47,11,11,6,0.14851063829787234,0,3,5,3,0,0,0,0,0,0,0.15626984126984128
4370,éRå˚íBñÁ,4,39,5,9,6,0.15307692307692308,0,2,1,1,1,0,0,0,0,0,0.15626984126984128
4370,éRå˚íBñÁ,5,35,10,8,6,0.1637142857142857,1,0,5,3,1,0,0,0,0,0,0.15626984126984128
4370,éRå˚íBñÁ,6,36,1,6,11,0.16555555555555557,1,0,0,0,0,0,0,0,0,0,0.15626984126984128
4371,êºéRãMç_,1,60,48,8,1,0.1205,45,0,0,0,3,0,3,5,4,0,0.13317991631799164
4371,êºéRãMç_,2,41,5,12,10,0.13756097560975608,0,3,1,0,1,0,0,0,0,25,0.13317991631799164
4371,êºéRãMç_,3,28,5,7,8,0.12678571428571428,0,1,2,1,1,0,0,0,0,0,0.13317991631799164
4371,êºéRãMç_,4,35,5,13,6,0.11314285714285714,0,2,1,1,0,1,0,0,0,0,0.13317991631799164
4371,êºéRãMç_,5,37,6,8,8,0.14513513513513515,0,1,2,2,1,0,0,0,0,0,0.13317991631799164
4371,êºéRãMç_,6,38,3,7,6,0.16,0,0,0,2,1,0,0,0,0,0,0.13317991631799164
4372,å¥ìcóCé¿,1,33,21,6,4,0.17212121212121212,19,0,0,0,2,0,5,3,1,0,0.16762820512820514
4372,å¥ìcóCé¿,2,27,2,9,4,0.1937037037037037,0,2,0,0,0,0,0,0,0,12,0.16762820512820514
4372,å¥ìcóCé¿,3,27,2,8,4,0.15222222222222223,0,1,1,0,0,0,0,0,0,0,0.16762820512820514
4372,å¥ìcóCé¿,4,25,2,8,5,0.1748,0,1,0,1,0,0,0,0,0,0,0.16762820512820514
4372,å¥ìcóCé¿,5,23,0,1,8,0.15130434782608695,0,0,0,0,0,0,0,0,0,0,0.16762820512820514
4372,å¥ìcóCé¿,6,21,0,2,3,0.1561904761904762,0,0,0,0,0,0,0,0,0,0,0.16762820512820514
4373,é·ã∑ìﬁî¸éq,1,37,10,13,8,0.19837837837837838,10,0,0,0,0,0,7,9,10,0,0.18389162561576353
4373,é·ã∑ìﬁî¸éq,2,38,6,12,12,0.18473684210526317,0,4,2,0,0,0,0,0,0,19,0.18389162561576353
4373,é·ã∑ìﬁî¸éq,3,34,4,8,10,0.16911764705882354,0,2,0,2,0,0,0,0,0,0,0.18389162561576353
4373,é·ã∑ìﬁî¸éq,4,31,2,11,5,0.15806451612903227,0,0,1,1,0,0,0,0,0,0,0.18389162561576353
4373,é·ã∑ìﬁî¸éq,5,32,1,1,13,0.196875,0,0,1,0,0,0,0,0,0,0,0.18389162561576353
4373,é·ã∑ìﬁî¸éq,6,31,0,5,5,0.1941935483870968,0,0,0,0,0,0,0,0,0,0,0.18389162561576353
4374,âiìcã`çh,1,27,15,2,2,0.1385185185185185,15,0,0,0,0,0,4,2,5,0,0.15256684491978612
4374,âiìcã`çh,2,35,2,5,10,0.1402857142857143,0,2,0,0,0,0,0,0,0,19,0.15256684491978612
4374,âiìcã`çh,3,35,4,1,8,0.16,0,1,1,0,2,0,0,0,0,0,0.15256684491978612
4374,âiìcã`çh,4,28,3,2,6,0.1575,0,0,3,0,0,0,0,0,0,0,0.15256684491978612
4374,âiìcã`çh,5,33,0,1,8,0.15484848484848485,0,0,0,0,0,0,0,0,0,0,0.15256684491978612
4374,âiìcã`çh,6,29,2,1,4,0.16413793103448276,0,2,0,0,0,0,0,0,0,0,0.15256684491978612
4375,è∆âÆå˙êm,1,57,37,7,5,0.16456140350877194,35,0,0,0,2,0,6,6,6,0,0.16162962962962962
4375,è∆âÆå˙êm,2,42,3,18,10,0.17285714285714285,0,1,1,0,1,0,0,0,0,21,0.16162962962962962
4375,è∆âÆå˙êm,3,49,6,11,15,0.1473469387755102,0,0,4,1,1,0,0,0,0,0,0.16162962962962962
4375,è∆âÆå˙êm,4,46,7,6,9,0.14304347826086958,0,1,3,1,2,0,0,0,0,0,0.16162962962962962
4375,è∆âÆå˙êm,5,36,4,7,5,0.16194444444444445,0,0,1,3,0,0,0,0,0,0,0.16162962962962962
4375,è∆âÆå˙êm,6,40,0,3,9,0.18425,0,0,0,0,0,0,0,0,0,0,0.16162962962962962
4376,ì°ìcñıçO,1,45,24,12,5,0.15155555555555555,24,0,0,0,0,0,3,3,12,0,0.1537956204379562
4376,ì°ìcñıçO,2,52,9,17,12,0.14615384615384616,0,7,1,0,1,0,0,0,0,27,0.1537956204379562
4376,ì°ìcñıçO,3,40,3,11,6,0.1595,0,0,0,3,0,0,0,0,0,0,0.1537956204379562
4376,ì°ìcñıçO,4,50,2,12,15,0.146,0,1,0,1,0,0,0,0,0,0,0.1537956204379562
4376,ì°ìcñıçO,5,46,4,7,9,0.14369565217391306,0,0,1,3,0,0,0,0,0,0,0.1537956204379562
4376,ì°ìcñıçO,6,41,0,3,6,0.18121951219512195,0,0,0,0,0,0,0,0,0,0,0.1537956204379562
4377,‡_ñ{óDàÍ,1,53,35,12,4,0.1509433962264151,31,0,0,0,4,0,6,4,8,0,0.17068702290076335
4377,‡_ñ{óDàÍ,2,37,7,12,6,0.17513513513513515,0,6,1,0,0,0,0,0,0,18,0.17068702290076335
4377,‡_ñ{óDàÍ,3,43,2,15,7,0.16395348837209303,0,0,0,0,2,0,0,0,0,0,0.17068702290076335
4377,‡_ñ{óDàÍ,4,49,4,11,13,0.17346938775510204,0,1,2,0,1,0,0,0,0,0,0.17068702290076335
4377,‡_ñ{óDàÍ,5,44,3,6,13,0.1675,0,0,0,2,1,0,0,0,0,0,0.17068702290076335
4377,‡_ñ{óDàÍ,6,36,2,2,8,0.20333333333333334,0,1,0,0,1,0,0,0,0,0,0.17068702290076335
4379,åKìáòaçG,1,48,29,7,7,0.15604166666666666,26,0,0,0,2,1,2,10,4,0,0.17083333333333334
4379,åKìáòaçG,2,35,3,12,8,0.2002857142857143,0,0,0,0,3,0,0,0,0,28,0.17083333333333334
4379,åKìáòaçG,3,40,10,8,11,0.155,0,1,3,6,0,0,0,0,0,0,0.17083333333333334
4379,åKìáòaçG,4,36,1,7,10,0.15916666666666668,0,0,0,0,1,0,0,0,0,0,0.17083333333333334
4379,åKìáòaçG,5,40,4,10,13,0.16375,0,1,0,2,1,0,0,0,0,0,0.17083333333333334
4379,åKìáòaçG,6,41,3,4,14,0.19560975609756096,0,1,0,1,1,0,0,0,0,0,0.17083333333333334
4380,óÈñÿèsóC,1,27,12,6,4,0.13296296296296298,11,0,0,0,0,1,7,4,4,0,0.16347150259067358
4380,óÈñÿèsóC,2,34,3,9,5,0.16088235294117648,0,3,0,0,0,0,0,0,0,25,0.16347150259067358
4380,óÈñÿèsóC,3,37,1,9,5,0.17675675675675676,0,1,0,0,0,0,0,0,0,0,0.16347150259067358
4380,óÈñÿèsóC,4,33,1,3,5,0.17424242424242425,0,0,1,0,0,0,0,0,0,0,0.16347150259067358
4380,óÈñÿèsóC,5,36,0,2,4,0.17055555555555557,0,0,0,0,0,0,0,0,0,0,0.16347150259067358
4380,óÈñÿèsóC,6,26,0,1,5,0.15615384615384617,0,0,0,0,0,0,0,0,0,0,0.16347150259067358
4381,ìcòHï¸éj,1,37,20,9,2,0.16108108108108107,17,0,0,0,3,0,3,5,9,0,0.15839130434782608
4381,ìcòHï¸éj,2,40,4,16,8,0.144,1,2,0,0,1,0,0,0,0,21,0.15839130434782608
4381,ìcòHï¸éj,3,42,6,14,10,0.17333333333333334,0,0,1,3,1,1,0,0,0,0,0.15839130434782608
4381,ìcòHï¸éj,4,35,8,9,9,0.1457142857142857,0,1,5,2,0,0,0,0,0,0,0.15839130434782608
4381,ìcòHï¸éj,5,45,4,4,10,0.15,0,0,1,2,1,0,0,0,0,0,0.15839130434782608
4381,ìcòHï¸éj,6,31,1,4,4,0.18,0,0,1,0,0,0,0,0,0,0,0.15839130434782608
4382,çÇéRíqéä,1,32,15,7,3,0.1375,12,0,0,0,3,0,8,1,7,0,0.1555909090909091
4382,çÇéRíqéä,2,41,0,7,11,0.1675609756097561,0,0,0,0,0,0,0,0,0,24,0.1555909090909091
4382,çÇéRíqéä,3,40,0,4,12,0.15,0,0,0,0,0,0,0,0,0,0,0.1555909090909091
4382,çÇéRíqéä,4,34,2,3,7,0.15088235294117647,0,0,0,1,1,0,0,0,0,0,0.1555909090909091
4382,çÇéRíqéä,5,38,1,1,7,0.1563157894736842,0,1,0,0,0,0,0,0,0,0,0.1555909090909091
4382,çÇéRíqéä,6,35,0,6,7,0.1682857142857143,0,0,0,0,0,0,0,0,0,0,0.1555909090909091
4383,í|ìcãgçs,1,41,29,6,3,0.14146341463414633,28,0,0,0,1,0,1,5,4,0,0.16087136929460583
4383,í|ìcãgçs,2,41,7,13,3,0.16439024390243903,0,5,1,0,0,1,0,0,0,17,0.16087136929460583
4383,í|ìcãgçs,3,41,6,10,5,0.16585365853658537,0,1,4,1,0,0,0,0,0,0,0.16087136929460583
4383,í|ìcãgçs,4,47,1,10,10,0.1653191489361702,0,1,0,0,0,0,0,0,0,0,0.16087136929460583
4383,í|ìcãgçs,5,39,2,4,11,0.15769230769230771,0,0,1,1,0,0,0,0,0,0,0.16087136929460583
4383,í|ìcãgçs,6,32,0,2,9,0.1721875,0,0,0,0,0,0,0,0,0,0,0.16087136929460583
4384,íﬂñ{êíï∂,1,47,28,14,0,0.14319148936170215,27,0,0,0,1,0,7,5,6,0,0.17945147679324894
4384,íﬂñ{êíï∂,2,40,5,14,10,0.17825,0,3,2,0,0,0,0,0,0,25,0.17945147679324894
4384,íﬂñ{êíï∂,3,39,8,10,9,0.16794871794871793,0,1,0,5,2,0,0,0,0,0,0.17945147679324894
4384,íﬂñ{êíï∂,4,42,2,5,17,0.1980952380952381,0,0,1,0,1,0,0,0,0,0,0.17945147679324894
4384,íﬂñ{êíï∂,5,38,3,4,10,0.19157894736842107,0,0,0,1,1,1,0,0,0,0,0.17945147679324894
4384,íﬂñ{êíï∂,6,31,0,2,5,0.2103225806451613,0,0,0,0,0,0,0,0,0,0,0.17945147679324894
4385,óÈñÿóSî¸éq,1,17,4,0,3,0.17529411764705882,4,0,0,0,0,0,3,8,1,0,0.20276785714285714
4385,óÈñÿóSî¸éq,2,23,3,3,5,0.19782608695652174,0,2,1,0,0,0,0,0,0,10,0.20276785714285714
4385,óÈñÿóSî¸éq,3,19,0,4,3,0.21000000000000002,0,0,0,0,0,0,0,0,0,0,0.20276785714285714
4385,óÈñÿóSî¸éq,4,17,1,3,1,0.19941176470588237,0,0,0,1,0,0,0,0,0,0,0.20276785714285714
4385,óÈñÿóSî¸éq,5,21,1,0,2,0.21666666666666665,0,0,1,0,0,0,0,0,0,0,0.20276785714285714
4385,óÈñÿóSî¸éq,6,15,1,0,1,0.21666666666666667,0,0,0,1,0,0,0,0,0,0,0.20276785714285714
4387,ïΩéRíqâ¡,1,62,39,13,5,0.15129032258064518,35,0,0,0,4,0,8,6,4,0,0.15403100775193798
4387,ïΩéRíqâ¡,2,41,6,12,7,0.1626829268292683,0,6,0,0,0,0,0,0,0,21,0.15403100775193798
4387,ïΩéRíqâ¡,3,40,5,10,7,0.14825,0,2,1,1,1,0,0,0,0,0,0.15403100775193798
4387,ïΩéRíqâ¡,4,44,10,16,7,0.14363636363636365,0,5,2,2,1,0,0,0,0,0,0.15403100775193798
4387,ïΩéRíqâ¡,5,36,3,6,9,0.15416666666666667,0,0,0,3,0,0,0,0,0,0,0.15403100775193798
4387,ïΩéRíqâ¡,6,35,0,6,11,0.1682857142857143,0,0,0,0,0,0,0,0,0,0,0.15403100775193798
4388,ê•‡VçFçG,1,54,33,6,4,0.15,33,0,0,0,0,0,4,9,5,0,0.16008163265306122
4388,ê•‡VçFçG,2,39,10,6,5,0.1671794871794872,0,7,1,0,2,0,0,0,0,19,0.16008163265306122
4388,ê•‡VçFçG,3,43,11,7,13,0.15511627906976744,0,1,4,5,1,0,0,0,0,0,0.16008163265306122
4388,ê•‡VçFçG,4,34,6,10,3,0.14470588235294118,0,1,1,2,2,0,0,0,0,0,0.16008163265306122
4388,ê•‡VçFçG,5,36,5,5,9,0.1627777777777778,0,1,0,3,1,0,0,0,0,0,0.16008163265306122
4388,ê•‡VçFçG,6,39,3,1,7,0.18333333333333335,0,0,1,0,2,0,0,0,0,0,0.16008163265306122
4389,à…ì°äÏíq,1,41,11,19,2,0.19073170731707317,10,0,0,0,1,0,15,7,6,0,0.18358024691358024
4389,à…ì°äÏíq,2,39,3,11,6,0.1987179487179487,0,3,0,0,0,0,0,0,0,18,0.18358024691358024
4389,à…ì°äÏíq,3,43,3,11,11,0.17488372093023258,0,1,1,1,0,0,0,0,0,0,0.18358024691358024
4389,à…ì°äÏíq,4,42,4,7,10,0.16785714285714284,0,0,2,0,1,1,0,0,0,0,0.18358024691358024
4389,à…ì°äÏíq,5,42,1,5,13,0.18214285714285716,0,0,0,1,0,0,0,0,0,0,0.18358024691358024
4389,à…ì°äÏíq,6,36,1,1,9,0.18944444444444444,0,0,0,1,0,0,0,0,0,0,0.18358024691358024
4390,èºñ{ã|óY,1,28,5,5,4,0.18035714285714285,5,0,0,0,0,0,7,9,6,0,0.1667032967032967
4390,èºñ{ã|óY,2,32,2,4,8,0.1790625,0,1,1,0,0,0,0,0,0,12,0.1667032967032967
4390,èºñ{ã|óY,3,33,1,5,8,0.15545454545454546,0,0,0,1,0,0,0,0,0,0,0.1667032967032967
4390,èºñ{ã|óY,4,39,1,7,8,0.15102564102564103,0,0,1,0,0,0,0,0,0,0,0.1667032967032967
4390,èºñ{ã|óY,5,28,0,3,4,0.16285714285714287,0,0,0,0,0,0,0,0,0,0,0.1667032967032967
4390,èºñ{ã|óY,6,22,0,3,3,0.1809090909090909,0,0,0,0,0,0,0,0,0,0,0.1667032967032967
4391,èºìcóSãG,1,62,45,10,1,0.15225806451612903,43,0,0,0,2,0,5,7,3,0,0.1556554307116105
4391,èºìcóSãG,2,48,16,13,10,0.15979166666666667,0,8,5,0,3,0,0,0,0,21,0.1556554307116105
4391,èºìcóSãG,3,44,8,14,10,0.12113636363636364,0,0,2,4,2,0,0,0,0,0,0.1556554307116105
4391,èºìcóSãG,4,34,4,5,12,0.15676470588235294,0,0,0,2,1,1,0,0,0,0,0.1556554307116105
4391,èºìcóSãG,5,32,1,7,9,0.16375,0,0,0,1,0,0,0,0,0,0,0.1556554307116105
4391,èºìcóSãG,6,47,3,6,13,0.1819148936170213,0,0,0,2,1,0,0,0,0,0,0.1556554307116105
4393,ìcíÜçFñæ,1,23,4,7,7,0.1565217391304348,4,0,0,0,0,0,8,7,3,0,0.18045197740112995
4393,ìcíÜçFñæ,2,29,4,7,5,0.16689655172413792,0,2,1,0,0,1,0,0,0,17,0.18045197740112995
4393,ìcíÜçFñæ,3,35,3,6,5,0.1702857142857143,0,0,2,1,0,0,0,0,0,0,0.18045197740112995
4393,ìcíÜçFñæ,4,32,0,1,6,0.185625,0,0,0,0,0,0,0,0,0,0,0.18045197740112995
4393,ìcíÜçFñæ,5,29,0,0,7,0.2096551724137931,0,0,0,0,0,0,0,0,0,0,0.18045197740112995
4393,ìcíÜçFñæ,6,29,0,2,3,0.19034482758620688,0,0,0,0,0,0,0,0,0,0,0.18045197740112995
4394,âiìàóTàÍ,1,28,15,6,0,0.15464285714285714,15,0,0,0,0,0,1,7,5,0,0.15439024390243902
4394,âiìàóTàÍ,2,39,4,7,5,0.15564102564102564,0,4,0,0,0,0,0,0,0,18,0.15439024390243902
4394,âiìàóTàÍ,3,38,3,9,11,0.13578947368421054,0,1,0,0,2,0,0,0,0,0,0.15439024390243902
4394,âiìàóTàÍ,4,34,3,6,9,0.15676470588235294,0,0,0,2,1,0,0,0,0,0,0.15439024390243902
4394,âiìàóTàÍ,5,35,0,4,8,0.1542857142857143,0,0,0,0,0,0,0,0,0,0,0.15439024390243902
4394,âiìàóTàÍ,6,31,1,1,5,0.17290322580645162,0,0,0,1,0,0,0,0,0,0,0.15439024390243902
4395,â∫âÕâÎéj,1,37,18,8,4,0.14972972972972973,18,0,0,0,0,0,5,4,5,0,0.16278431372549018
4395,â∫âÕâÎéj,2,44,7,17,11,0.14954545454545454,1,4,1,0,1,0,0,0,0,29,0.16278431372549018
4395,â∫âÕâÎéj,3,50,4,13,16,0.1604,0,1,1,1,1,0,0,0,0,0,0.16278431372549018
4395,â∫âÕâÎéj,4,49,7,7,6,0.1657142857142857,0,1,4,2,0,0,0,0,0,0,0.16278431372549018
4395,â∫âÕâÎéj,5,44,4,7,2,0.16318181818181818,0,0,0,2,2,0,0,0,0,0,0.16278431372549018
4395,â∫âÕâÎéj,6,31,1,2,9,0.19580645161290325,0,0,0,0,1,0,0,0,0,0,0.16278431372549018
4396,ëÂìcíºñÌ,1,38,14,9,8,0.1881578947368421,11,0,0,0,3,0,9,11,3,0,0.187578125
4396,ëÂìcíºñÌ,2,48,3,10,11,0.18395833333333333,0,2,1,0,0,0,0,0,0,30,0.187578125
4396,ëÂìcíºñÌ,3,49,10,12,11,0.16653061224489796,0,1,1,7,1,0,0,0,0,0,0.187578125
4396,ëÂìcíºñÌ,4,41,2,8,6,0.1960975609756098,0,0,0,2,0,0,0,0,0,0,0.187578125
4396,ëÂìcíºñÌ,5,43,3,4,12,0.19,0,0,0,2,1,0,0,0,0,0,0.187578125
4396,ëÂìcíºñÌ,6,37,0,3,9,0.2072972972972973,0,0,0,0,0,0,0,0,0,0,0.187578125
4397,êºë∫ëÒñÁ,1,56,42,7,4,0.1332142857142857,40,0,0,0,2,0,2,5,3,0,0.13446735395189005
4397,êºë∫ëÒñÁ,2,47,10,18,7,0.1321276595744681,2,5,2,0,1,0,0,0,0,25,0.13446735395189005
4397,êºë∫ëÒñÁ,3,50,10,15,12,0.1376,1,0,3,4,2,0,0,0,0,0,0.13446735395189005
4397,êºë∫ëÒñÁ,4,48,5,14,11,0.12541666666666668,0,1,2,2,0,0,0,0,0,0,0.13446735395189005
4397,êºë∫ëÒñÁ,5,48,4,10,16,0.13333333333333333,0,0,0,3,1,0,0,0,0,0,0.13446735395189005
4397,êºë∫ëÒñÁ,6,42,2,9,9,0.14666666666666667,0,0,0,2,0,0,0,0,0,0,0.13446735395189005
4398,ëDâ™ómàÍòY,1,61,47,6,4,0.11557377049180327,46,0,0,0,1,0,4,4,4,0,0.13071942446043167
4398,ëDâ™ómàÍòY,2,42,10,12,8,0.14023809523809525,0,8,1,0,1,0,0,0,0,17,0.13071942446043167
4398,ëDâ™ómàÍòY,3,40,8,11,9,0.11225,0,1,4,3,0,0,0,0,0,0,0.13071942446043167
4398,ëDâ™ómàÍòY,4,52,12,9,10,0.12884615384615386,0,2,4,4,0,2,0,0,0,0,0.13071942446043167
4398,ëDâ™ómàÍòY,5,42,5,10,8,0.145,0,0,0,4,1,0,0,0,0,0,0.13071942446043167
4398,ëDâ™ómàÍòY,6,41,2,3,14,0.14926829268292682,0,0,1,1,0,0,0,0,0,0,0.13071942446043167
4399,èºñ{èªåb,1,31,16,7,3,0.18225806451612905,15,0,0,0,1,0,6,7,2,0,0.17081395348837208
4399,èºñ{èªåb,2,28,1,9,8,0.18464285714285714,0,1,0,0,0,0,0,0,0,15,0.17081395348837208
4399,èºñ{èªåb,3,31,2,8,4,0.16451612903225807,0,1,1,0,0,0,0,0,0,0,0.17081395348837208
4399,èºñ{èªåb,4,26,3,8,6,0.1580769230769231,0,1,1,1,0,0,0,0,0,0,0.17081395348837208
4399,èºñ{èªåb,5,28,3,6,4,0.14607142857142857,0,0,1,2,0,0,0,0,0,0,0.17081395348837208
4399,èºñ{èªåb,6,28,1,6,8,0.18785714285714286,0,0,0,1,0,0,0,0,0,0,0.17081395348837208
4400,â¡ì°ìﬁåé,1,29,5,7,5,0.16344827586206898,5,0,0,0,0,0,6,10,6,0,0.18690217391304348
4400,â¡ì°ìﬁåé,2,31,2,5,4,0.20161290322580644,0,2,0,0,0,0,0,0,0,17,0.18690217391304348
4400,â¡ì°ìﬁåé,3,40,3,5,5,0.19075,0,2,1,0,0,0,0,0,0,0,0.18690217391304348
4400,â¡ì°ìﬁåé,4,31,1,3,5,0.19774193548387095,0,0,0,0,0,1,0,0,0,0,0.18690217391304348
4400,â¡ì°ìﬁåé,5,30,1,2,3,0.17833333333333332,0,0,0,1,0,0,0,0,0,0,0.18690217391304348
4400,â¡ì°ìﬁåé,6,23,0,1,6,0.1865217391304348,0,0,0,0,0,0,0,0,0,0,0.18690217391304348
4401,è¨ó—ë◊,1,40,32,2,2,0.13874999999999998,31,0,0,0,1,0,2,3,3,0,0.14643518518518517
4401,è¨ó—ë◊,2,41,7,11,8,0.1478048780487805,0,5,1,0,0,1,0,0,0,19,0.14643518518518517
4401,è¨ó—ë◊,3,32,7,7,8,0.14875,0,2,1,1,3,0,0,0,0,0,0.14643518518518517
4401,è¨ó—ë◊,4,34,5,10,6,0.14558823529411766,0,2,2,1,0,0,0,0,0,0,0.14643518518518517
4401,è¨ó—ë◊,5,40,4,9,5,0.14475,0,0,2,2,0,0,0,0,0,0,0.14643518518518517
4401,è¨ó—ë◊,6,29,0,4,7,0.15586206896551727,0,0,0,0,0,0,0,0,0,0,0.14643518518518517
4402,â≥ì°íqéj,1,42,28,4,4,0.18595238095238095,27,0,0,0,1,0,5,5,3,0,0.17475336322869955
4402,â≥ì°íqéj,2,34,7,12,7,0.15647058823529414,0,3,4,0,0,0,0,0,0,18,0.17475336322869955
4402,â≥ì°íqéj,3,43,7,15,7,0.15604651162790698,0,0,3,4,0,0,0,0,0,0,0.17475336322869955
4402,â≥ì°íqéj,4,33,4,7,8,0.17181818181818181,0,1,0,3,0,0,0,0,0,0,0.17475336322869955
4402,â≥ì°íqéj,5,35,0,7,8,0.1754285714285714,0,0,0,0,0,0,0,0,0,0,0.17475336322869955
4402,â≥ì°íqéj,6,36,0,4,6,0.20333333333333334,0,0,0,0,0,0,0,0,0,0,0.17475336322869955
4403,ñÿâ∫ëÂõí,1,40,21,8,2,0.13075,18,0,0,0,3,0,3,9,5,0,0.14484444444444447
4403,ñÿâ∫ëÂõí,2,36,11,8,5,0.13194444444444445,0,4,7,0,0,0,0,0,0,15,0.14484444444444447
4403,ñÿâ∫ëÂõí,3,36,4,11,6,0.14305555555555557,0,0,3,1,0,0,0,0,0,0,0.14484444444444447
4403,ñÿâ∫ëÂõí,4,34,1,9,12,0.15764705882352942,0,1,0,0,0,0,0,0,0,0,0.14484444444444447
4403,ñÿâ∫ëÂõí,5,38,1,6,6,0.14210526315789473,0,0,0,1,0,0,0,0,0,0,0.14484444444444447
4403,ñÿâ∫ëÂõí,6,41,1,5,8,0.16341463414634147,0,0,0,0,1,0,0,0,0,0,0.14484444444444447
4404,ä›à¸ó∫,1,21,7,3,3,0.21571428571428572,7,0,0,0,0,0,6,4,4,0,0.2088198757763975
4404,ä›à¸ó∫,2,28,4,8,5,0.19571428571428573,0,1,2,0,0,1,0,0,0,10,0.2088198757763975
4404,ä›à¸ó∫,3,31,4,5,3,0.19548387096774195,0,0,4,0,0,0,0,0,0,0,0.2088198757763975
4404,ä›à¸ó∫,4,27,0,2,8,0.1962962962962963,0,0,0,0,0,0,0,0,0,0,0.2088198757763975
4404,ä›à¸ó∫,5,26,1,1,6,0.2226923076923077,0,0,0,1,0,0,0,0,0,0,0.2088198757763975
4404,ä›à¸ó∫,6,28,0,0,3,0.2307142857142857,0,0,0,0,0,0,0,0,0,0,0.2088198757763975
4405,ìÏñÏóòì´,1,19,5,2,2,0.17368421052631577,5,0,0,0,0,0,4,4,5,0,0.16954198473282445
4405,ìÏñÏóòì´,2,23,0,7,3,0.18304347826086956,0,0,0,0,0,0,0,0,0,12,0.16954198473282445
4405,ìÏñÏóòì´,3,26,3,4,6,0.16923076923076924,0,1,1,0,1,0,0,0,0,0,0.16954198473282445
4405,ìÏñÏóòì´,4,23,2,2,5,0.15608695652173912,0,0,1,1,0,0,0,0,0,0,0.16954198473282445
4405,ìÏñÏóòì´,5,22,2,3,2,0.15863636363636366,0,0,0,2,0,0,0,0,0,0,0.16954198473282445
4405,ìÏñÏóòì´,6,18,0,3,2,0.1788888888888889,0,0,0,0,0,0,0,0,0,0,0.16954198473282445
4406,çKñÏéjñæ,1,26,12,3,4,0.15115384615384617,11,0,0,0,1,0,5,4,3,0,0.16324324324324324
4406,çKñÏéjñæ,2,42,4,10,5,0.17214285714285715,0,0,3,1,0,0,0,0,0,22,0.16324324324324324
4406,çKñÏéjñæ,3,41,3,7,9,0.16414634146341464,0,0,2,1,0,0,0,0,0,0,0.16324324324324324
4406,çKñÏéjñæ,4,43,1,4,9,0.17372093023255814,0,0,0,0,1,0,0,0,0,0,0.16324324324324324
4406,çKñÏéjñæ,5,40,2,4,11,0.14325000000000002,0,0,0,2,0,0,0,0,0,0,0.16324324324324324
4406,çKñÏéjñæ,6,30,1,2,2,0.1716666666666667,0,0,0,1,0,0,0,0,0,0,0.16324324324324324
4407,é≠ìáïqçO,1,33,12,5,6,0.1484848484848485,11,0,0,0,1,0,4,5,9,0,0.18240963855421688
4407,é≠ìáïqçO,2,49,2,15,3,0.17653061224489797,0,2,0,0,0,0,0,0,0,29,0.18240963855421688
4407,é≠ìáïqçO,3,45,1,3,10,0.16644444444444445,0,0,1,0,0,0,0,0,0,0,0.18240963855421688
4407,é≠ìáïqçO,4,42,0,6,12,0.1854761904761905,0,0,0,0,0,0,0,0,0,0,0.18240963855421688
4407,é≠ìáïqçO,5,42,0,4,11,0.21166666666666667,0,0,0,0,0,0,0,0,0,0,0.18240963855421688
4407,é≠ìáïqçO,6,38,0,3,4,0.2026315789473684,0,0,0,0,0,0,0,0,0,0,0.18240963855421688
4409,ç‚å≥ç_êm,1,56,39,6,3,0.14714285714285716,37,0,0,0,2,0,3,5,7,0,0.14428057553956836
4409,ç‚å≥ç_êm,2,46,11,20,11,0.13543478260869565,0,6,3,0,1,1,0,0,0,25,0.14428057553956836
4409,ç‚å≥ç_êm,3,44,9,13,8,0.1175,0,1,4,3,1,0,0,0,0,0,0.14428057553956836
4409,ç‚å≥ç_êm,4,41,4,8,11,0.15048780487804878,0,1,3,0,0,0,0,0,0,0,0.14428057553956836
4409,ç‚å≥ç_êm,5,49,2,8,13,0.15387755102040818,0,1,0,0,0,1,0,0,0,0,0.14428057553956836
4409,ç‚å≥ç_êm,6,42,0,2,4,0.16095238095238096,0,0,0,0,0,0,0,0,0,0,0.14428057553956836
4410,à‰è„ëÂï„,1,43,21,13,4,0.1397674418604651,20,0,0,0,1,0,11,3,7,0,0.16635983263598325
4410,à‰è„ëÂï„,2,39,3,6,11,0.17897435897435898,0,0,3,0,0,0,0,0,0,19,0.16635983263598325
4410,à‰è„ëÂï„,3,40,6,8,12,0.1675,0,1,2,1,2,0,0,0,0,0,0.16635983263598325
4410,à‰è„ëÂï„,4,40,5,5,8,0.157,0,0,3,2,0,0,0,0,0,0,0.16635983263598325
4410,à‰è„ëÂï„,5,38,3,5,6,0.18526315789473685,0,0,1,2,0,0,0,0,0,0,0.16635983263598325
4410,à‰è„ëÂï„,6,39,1,3,5,0.17307692307692307,0,0,0,1,0,0,0,0,0,0,0.16635983263598325
4411,ëÚìcè∫çG,1,37,18,8,2,0.17594594594594595,18,0,0,0,0,0,5,7,6,0,0.18407563025210086
4411,ëÚìcè∫çG,2,37,5,10,6,0.1891891891891892,0,4,1,0,0,0,0,0,0,23,0.18407563025210086
4411,ëÚìcè∫çG,3,37,5,6,9,0.1864864864864865,0,1,1,3,0,0,0,0,0,0,0.18407563025210086
4411,ëÚìcè∫çG,4,43,5,5,8,0.1981395348837209,0,1,1,2,1,0,0,0,0,0,0.18407563025210086
4411,ëÚìcè∫çG,5,47,4,3,6,0.17,0,0,0,3,1,0,0,0,0,0,0.18407563025210086
4411,ëÚìcè∫çG,6,37,1,3,7,0.1862162162162162,0,0,0,1,0,0,0,0,0,0,0.18407563025210086
4413,êÖñÄì÷,1,49,38,3,5,0.14979591836734693,38,0,0,0,0,0,3,2,4,0,0.16386666666666666
4413,êÖñÄì÷,2,35,3,7,14,0.16685714285714284,0,2,0,0,1,0,0,0,0,15,0.16386666666666666
4413,êÖñÄì÷,3,38,5,7,10,0.16710526315789473,0,2,3,0,0,0,0,0,0,0,0.16386666666666666
4413,êÖñÄì÷,4,33,4,4,7,0.1787878787878788,0,0,4,0,0,0,0,0,0,0,0.16386666666666666
4413,êÖñÄì÷,5,34,5,7,6,0.16205882352941176,0,1,3,1,0,0,0,0,0,0,0.16386666666666666
4413,êÖñÄì÷,6,36,7,3,5,0.16472222222222221,0,0,5,2,0,0,0,0,0,0,0.16386666666666666
4414,ëÂ‡Vê^çÿ,1,19,3,7,1,0.16105263157894736,3,0,0,0,0,0,9,3,3,0,0.17636363636363636
4414,ëÂ‡Vê^çÿ,2,21,2,5,1,0.15571428571428572,0,1,1,0,0,0,0,0,0,11,0.17636363636363636
4414,ëÂ‡Vê^çÿ,3,25,3,5,4,0.1656,0,0,3,0,0,0,0,0,0,0,0.17636363636363636
4414,ëÂ‡Vê^çÿ,4,19,3,2,1,0.17210526315789473,0,1,1,1,0,0,0,0,0,0,0.17636363636363636
4414,ëÂ‡Vê^çÿ,5,18,2,0,0,0.18444444444444444,0,0,1,1,0,0,0,0,0,0,0.17636363636363636
4414,ëÂ‡Vê^çÿ,6,19,0,1,1,0.22526315789473686,0,0,0,0,0,0,0,0,0,0,0.17636363636363636
4415,â∫èoëÏñÓ,1,61,43,8,6,0.12000000000000001,42,0,0,0,1,0,3,3,8,0,0.13986970684039088
4415,â∫èoëÏñÓ,2,51,10,8,12,0.1319607843137255,0,4,6,0,0,0,0,0,0,21,0.13986970684039088
4415,â∫èoëÏñÓ,3,58,19,14,9,0.14258620689655171,0,0,8,10,0,1,0,0,0,0,0.13986970684039088
4415,â∫èoëÏñÓ,4,44,12,8,7,0.1318181818181818,0,2,9,1,0,0,0,0,0,0,0.13986970684039088
4415,â∫èoëÏñÓ,5,46,5,6,13,0.17108695652173914,0,0,2,3,0,0,0,0,0,0,0.13986970684039088
4415,â∫èoëÏñÓ,6,47,9,3,6,0.1478723404255319,0,0,9,0,0,0,0,0,0,0,0.13986970684039088
4416,éOëÓåíëæ,1,27,8,6,5,0.18000000000000002,7,0,0,0,1,0,6,9,2,0,0.17952380952380953
4416,éOëÓåíëæ,2,40,1,9,12,0.1955,0,0,0,0,1,0,0,0,0,24,0.17952380952380953
4416,éOëÓåíëæ,3,41,7,13,7,0.1626829268292683,0,1,4,2,0,0,0,0,0,0,0.17952380952380953
4416,éOëÓåíëæ,4,41,1,4,13,0.17365853658536587,0,1,0,0,0,0,0,0,0,0,0.17952380952380953
4416,éOëÓåíëæ,5,38,1,3,8,0.1968421052631579,0,0,0,1,0,0,0,0,0,0,0.17952380952380953
4416,éOëÓåíëæ,6,23,1,3,3,0.16304347826086957,0,0,0,0,1,0,0,0,0,0,0.17952380952380953
4417,ïûïîçÑ,1,27,13,3,3,0.19666666666666666,13,0,0,0,0,0,5,5,2,0,0.20193939393939395
4417,ïûïîçÑ,2,29,3,6,6,0.20517241379310344,0,2,0,0,1,0,0,0,0,14,0.20193939393939395
4417,ïûïîçÑ,3,28,1,6,8,0.18964285714285714,0,0,1,0,0,0,0,0,0,0,0.20193939393939395
4417,ïûïîçÑ,4,27,0,3,5,0.21074074074074076,0,0,0,0,0,0,0,0,0,0,0.20193939393939395
4417,ïûïîçÑ,5,27,0,5,7,0.20185185185185187,0,0,0,0,0,0,0,0,0,0,0.20193939393939395
4417,ïûïîçÑ,6,27,0,2,3,0.20777777777777778,0,0,0,0,0,0,0,0,0,0,0.20193939393939395
4418,äùå¥óIãI,1,47,35,4,3,0.1274468085106383,32,0,0,0,3,0,1,6,3,0,0.12716417910447764
4418,äùå¥óIãI,2,30,11,6,7,0.12333333333333334,1,7,2,0,1,0,0,0,0,12,0.12716417910447764
4418,äùå¥óIãI,3,30,11,10,4,0.12433333333333334,0,2,1,6,1,1,0,0,0,0,0.12716417910447764
4418,äùå¥óIãI,4,29,7,9,10,0.09137931034482759,0,0,2,0,5,0,0,0,0,0,0.12716417910447764
4418,äùå¥óIãI,5,31,3,8,10,0.13548387096774195,0,0,0,2,1,0,0,0,0,0,0.12716417910447764
4418,äùå¥óIãI,6,34,3,7,8,0.15558823529411764,0,3,0,0,0,0,0,0,0,0,0.12716417910447764
4419,å¥â¡âõóù,1,30,14,6,5,0.15066666666666664,14,0,0,0,0,0,2,9,5,0,0.15351955307262571
4419,å¥â¡âõóù,2,33,6,7,7,0.15787878787878787,0,4,2,0,0,0,0,0,0,15,0.15351955307262571
4419,å¥â¡âõóù,3,30,3,5,6,0.15966666666666668,0,1,0,2,0,0,0,0,0,0,0.15351955307262571
4419,å¥â¡âõóù,4,31,3,8,5,0.1329032258064516,0,0,3,0,0,0,0,0,0,0,0.15351955307262571
4419,å¥â¡âõóù,5,28,3,3,4,0.15535714285714283,0,0,1,1,0,1,0,0,0,0,0.15351955307262571
4419,å¥â¡âõóù,6,27,1,4,2,0.1662962962962963,0,0,0,1,0,0,0,0,0,0,0.15351955307262571
4420,í√ãvà‰ëÒñÁ,1,49,29,10,4,0.16224489795918368,28,0,0,0,1,0,4,4,9,0,0.15973684210526318
4420,í√ãvà‰ëÒñÁ,2,42,4,10,10,0.15880952380952382,0,3,1,0,0,0,0,0,0,25,0.15973684210526318
4420,í√ãvà‰ëÒñÁ,3,41,6,10,8,0.14219512195121953,0,0,4,0,2,0,0,0,0,0,0.15973684210526318
4420,í√ãvà‰ëÒñÁ,4,51,5,13,4,0.1396078431372549,0,0,3,2,0,0,0,0,0,0,0.15973684210526318
4420,í√ãvà‰ëÒñÁ,5,41,1,10,10,0.17682926829268292,0,0,1,0,0,0,0,0,0,0,0.15973684210526318
4420,í√ãvà‰ëÒñÁ,6,42,1,4,8,0.18261904761904763,0,0,0,1,0,0,0,0,0,0,0.15973684210526318
4421,êXçÏçLëÂ,1,16,2,4,4,0.156875,2,0,0,0,0,0,1,4,9,0,0.18711864406779663
4421,êXçÏçLëÂ,2,25,1,1,5,0.1632,0,1,0,0,0,0,0,0,0,12,0.18711864406779663
4421,êXçÏçLëÂ,3,17,0,2,2,0.16823529411764704,0,0,0,0,0,0,0,0,0,0,0.18711864406779663
4421,êXçÏçLëÂ,4,21,0,0,6,0.17333333333333334,0,0,0,0,0,0,0,0,0,0,0.18711864406779663
4421,êXçÏçLëÂ,5,23,0,1,1,0.2082608695652174,0,0,0,0,0,0,0,0,0,0,0.18711864406779663
4421,êXçÏçLëÂ,6,16,0,2,2,0.2625,0,0,0,0,0,0,0,0,0,0,0.18711864406779663
4422,âià‰ó∫éü,1,37,21,9,2,0.17081081081081081,20,0,0,0,1,0,6,4,6,0,0.19628205128205128
4422,âià‰ó∫éü,2,38,8,9,4,0.16631578947368422,0,2,4,0,2,0,0,0,0,15,0.19628205128205128
4422,âià‰ó∫éü,3,41,3,5,9,0.18926829268292683,0,0,2,1,0,0,0,0,0,0,0.19628205128205128
4422,âià‰ó∫éü,4,44,1,7,6,0.19318181818181818,0,0,1,0,0,0,0,0,0,0,0.19628205128205128
4422,âià‰ó∫éü,5,44,3,4,5,0.23090909090909092,0,0,0,2,0,1,0,0,0,0,0.19628205128205128
4422,âià‰ó∫éü,6,30,1,1,2,0.229,0,0,1,0,0,0,0,0,0,0,0.19628205128205128
4423,ç‚å˚ãMïF,1,33,21,9,1,0.1396969696969697,20,0,0,0,1,0,4,3,5,0,0.16874458874458875
4423,ç‚å˚ãMïF,2,43,3,12,10,0.18023255813953487,0,3,0,0,0,0,0,0,0,25,0.16874458874458875
4423,ç‚å˚ãMïF,3,40,2,11,9,0.17475000000000002,0,0,0,1,1,0,0,0,0,0,0.16874458874458875
4423,ç‚å˚ãMïF,4,37,3,4,7,0.14783783783783783,0,0,2,1,0,0,0,0,0,0,0.16874458874458875
4423,ç‚å˚ãMïF,5,45,2,3,7,0.1706666666666667,0,1,0,1,0,0,0,0,0,0,0.16874458874458875
4423,ç‚å˚ãMïF,6,33,0,1,3,0.19636363636363638,0,0,0,0,0,0,0,0,0,0,0.16874458874458875
4424,èºîˆçVñæ,1,62,40,14,3,0.14774193548387096,39,0,0,0,1,0,6,5,8,0,0.1526297577854671
4424,èºîˆçVñæ,2,48,5,12,6,0.16229166666666667,0,4,1,0,0,0,0,0,0,25,0.1526297577854671
4424,èºîˆçVñæ,3,45,9,13,9,0.14066666666666666,0,1,1,7,0,0,0,0,0,0,0.1526297577854671
4424,èºîˆçVñæ,4,45,12,11,5,0.14666666666666667,0,0,7,4,1,0,0,0,0,0,0.1526297577854671
4424,èºîˆçVñæ,5,40,3,5,8,0.15925,0,0,3,0,0,0,0,0,0,0,0.1526297577854671
4424,èºîˆçVñæ,6,49,3,3,9,0.16040816326530613,0,1,2,0,0,0,0,0,0,0,0.1526297577854671
4425,ëÂà‰ê¥ãM,1,23,9,4,3,0.15869565217391304,9,0,0,0,0,0,3,2,5,0,0.17581920903954804
4425,ëÂà‰ê¥ãM,2,34,4,5,4,0.17205882352941176,0,4,0,0,0,0,0,0,0,17,0.17581920903954804
4425,ëÂà‰ê¥ãM,3,31,3,6,6,0.18,0,0,0,2,1,0,0,0,0,0,0.17581920903954804
4425,ëÂà‰ê¥ãM,4,34,1,6,6,0.18411764705882352,0,0,0,1,0,0,0,0,0,0,0.17581920903954804
4425,ëÂà‰ê¥ãM,5,31,1,1,2,0.16548387096774192,0,0,1,0,0,0,0,0,0,0,0.17581920903954804
4425,ëÂà‰ê¥ãM,6,24,0,0,3,0.19375,0,0,0,0,0,0,0,0,0,0,0.17581920903954804
4427,ê`âpåÂ,1,47,32,7,1,0.15106382978723404,29,0,0,0,3,0,4,6,4,0,0.16144736842105264
4427,ê`âpåÂ,2,36,6,14,10,0.18555555555555556,0,5,1,0,0,0,0,0,0,21,0.16144736842105264
4427,ê`âpåÂ,3,39,12,5,5,0.14487179487179488,0,1,3,5,3,0,0,0,0,0,0.16144736842105264
4427,ê`âpåÂ,4,36,7,7,10,0.16333333333333333,0,2,2,2,1,0,0,0,0,0,0.16144736842105264
4427,ê`âpåÂ,5,37,7,6,5,0.15135135135135133,0,1,0,5,1,0,0,0,0,0,0.16144736842105264
4427,ê`âpåÂ,6,33,2,4,9,0.1787878787878788,0,0,0,2,0,0,0,0,0,0,0.16144736842105264
4428,óLâÍíBñÁ,1,47,30,11,1,0.13829787234042554,28,0,0,0,2,0,5,3,7,0,0.1356573705179283
4428,óLâÍíBñÁ,2,44,9,14,6,0.13954545454545453,0,6,3,0,0,0,0,0,0,23,0.1356573705179283
4428,óLâÍíBñÁ,3,40,10,11,10,0.125,0,3,1,5,0,1,0,0,0,0,0.1356573705179283
4428,óLâÍíBñÁ,4,44,8,10,10,0.1315909090909091,0,1,5,2,0,0,0,0,0,0,0.1356573705179283
4428,óLâÍíBñÁ,5,44,7,6,9,0.13954545454545456,0,2,0,5,0,0,0,0,0,0,0.1356573705179283
4428,óLâÍíBñÁ,6,32,3,6,9,0.14,0,1,0,0,1,1,0,0,0,0,0.1356573705179283
4429,ñLìcë◊óm,1,29,10,5,3,0.14241379310344826,9,1,0,0,0,0,7,6,2,0,0.16683760683760684
4429,ñLìcë◊óm,2,42,2,10,5,0.15,0,2,0,0,0,0,0,0,0,25,0.16683760683760684
4429,ñLìcë◊óm,3,50,4,7,4,0.1574,0,1,0,2,1,0,0,0,0,0,0.16683760683760684
4429,ñLìcë◊óm,4,42,3,4,13,0.18357142857142858,0,1,0,1,0,1,0,0,0,0,0.16683760683760684
4429,ñLìcë◊óm,5,44,1,2,7,0.16295454545454546,0,0,0,1,0,0,0,0,0,0,0.16683760683760684
4429,ñLìcë◊óm,6,27,0,0,1,0.21703703703703706,0,0,0,0,0,0,0,0,0,0,0.16683760683760684
4430,âiìcèGìÒ,1,52,29,14,3,0.14942307692307694,26,0,0,0,3,0,6,7,7,0,0.17082677165354332
4430,âiìcèGìÒ,2,51,6,18,8,0.17647058823529413,0,2,4,0,0,0,0,0,0,25,0.17082677165354332
4430,âiìcèGìÒ,3,43,8,11,12,0.17395348837209304,0,0,7,1,0,0,0,0,0,0,0.17082677165354332
4430,âiìcèGìÒ,4,35,9,5,6,0.1657142857142857,0,1,5,2,1,0,0,0,0,0,0.17082677165354332
4430,âiìcèGìÒ,5,36,3,11,7,0.17333333333333334,0,0,0,3,0,0,0,0,0,0,0.17082677165354332
4430,âiìcèGìÒ,6,37,0,3,11,0.1918918918918919,0,0,0,0,0,0,0,0,0,0,0.17082677165354332
4431,êŒíÀóTâÓ,1,37,17,7,4,0.12648648648648647,15,0,0,0,2,0,4,4,8,0,0.14970149253731344
4431,êŒíÀóTâÓ,2,29,4,10,7,0.14241379310344826,0,3,0,0,1,0,0,0,0,14,0.14970149253731344
4431,êŒíÀóTâÓ,3,39,6,6,9,0.13666666666666666,0,1,2,2,1,0,0,0,0,0,0.14970149253731344
4431,êŒíÀóTâÓ,4,31,2,6,8,0.15290322580645163,0,1,1,0,0,0,0,0,0,0,0.14970149253731344
4431,êŒíÀóTâÓ,5,29,3,6,7,0.1568965517241379,0,0,1,1,1,0,0,0,0,0,0.14970149253731344
4431,êŒíÀóTâÓ,6,36,0,2,7,0.185,0,0,0,0,0,0,0,0,0,0,0.14970149253731344
4432,â©ã‡à‰óÕó«,1,42,25,9,3,0.14119047619047617,24,0,0,0,1,0,5,6,2,0,0.15793577981651377
4432,â©ã‡à‰óÕó«,2,33,4,5,9,0.17454545454545453,0,3,1,0,0,0,0,0,0,17,0.15793577981651377
4432,â©ã‡à‰óÕó«,3,42,2,11,12,0.13952380952380952,0,0,1,1,0,0,0,0,0,0,0.15793577981651377
4432,â©ã‡à‰óÕó«,4,36,3,5,8,0.14777777777777779,0,0,2,0,1,0,0,0,0,0,0.15793577981651377
4432,â©ã‡à‰óÕó«,5,34,0,4,11,0.17058823529411765,0,0,0,0,0,0,0,0,0,0,0.15793577981651377
4432,â©ã‡à‰óÕó«,6,31,1,2,6,0.1858064516129032,0,1,0,0,0,0,0,0,0,0,0.15793577981651377
4433,êÏñÏâËóB,1,58,38,6,6,0.16275862068965516,34,0,0,0,4,0,4,8,7,0,0.18596491228070175
4433,êÏñÏâËóB,2,34,8,4,9,0.19058823529411767,0,7,1,0,0,0,0,0,0,11,0.18596491228070175
4433,êÏñÏâËóB,3,38,9,15,7,0.18105263157894735,0,0,4,4,1,0,0,0,0,0,0.18596491228070175
4433,êÏñÏâËóB,4,34,4,10,10,0.1811764705882353,0,0,2,2,0,0,0,0,0,0,0.18596491228070175
4433,êÏñÏâËóB,5,27,1,3,10,0.22,0,0,0,1,0,0,0,0,0,0,0.18596491228070175
4433,êÏñÏâËóB,6,37,1,8,13,0.20270270270270271,0,0,0,0,0,1,0,0,0,0,0.18596491228070175
4434,ìcíÜíCïF,1,45,28,9,5,0.1328888888888889,27,0,0,0,1,0,2,8,6,0,0.15346774193548388
4434,ìcíÜíCïF,2,41,6,15,9,0.16804878048780486,0,3,1,1,1,0,0,0,0,20,0.15346774193548388
4434,ìcíÜíCïF,3,40,3,11,9,0.14375,0,1,1,0,1,0,0,0,0,0,0.15346774193548388
4434,ìcíÜíCïF,4,43,7,11,10,0.14255813953488372,0,2,1,2,2,0,0,0,0,0,0.15346774193548388
4434,ìcíÜíCïF,5,38,1,3,11,0.16157894736842104,0,0,0,1,0,0,0,0,0,0,0.15346774193548388
4434,ìcíÜíCïF,6,41,3,4,6,0.1748780487804878,0,1,0,1,1,0,0,0,0,0,0.15346774193548388
4435,ïûïîíBç∆,1,36,21,1,6,0.1502777777777778,21,0,0,0,0,0,4,5,5,0,0.17085308056872037
4435,ïûïîíBç∆,2,36,5,12,1,0.1675,0,4,1,0,0,0,0,0,0,15,0.17085308056872037
4435,ïûïîíBç∆,3,37,1,7,9,0.17324324324324325,0,0,0,1,0,0,0,0,0,0,0.17085308056872037
4435,ïûïîíBç∆,4,31,2,7,9,0.1735483870967742,0,0,0,1,1,0,0,0,0,0,0.17085308056872037
4435,ïûïîíBç∆,5,36,1,4,14,0.16944444444444445,0,0,0,1,0,0,0,0,0,0,0.17085308056872037
4435,ïûïîíBç∆,6,35,0,1,4,0.192,0,0,0,0,0,0,0,0,0,0,0.17085308056872037
4436,èaíJñæåõ,1,50,41,5,4,0.1456,40,0,0,0,1,0,4,2,2,0,0.1520703125
4436,èaíJñæåõ,2,43,11,12,7,0.1630232558139535,0,7,4,0,0,0,0,0,0,22,0.1520703125
4436,èaíJñæåõ,3,43,6,16,9,0.13604651162790696,0,1,0,4,1,0,0,0,0,0,0.1520703125
4436,èaíJñæåõ,4,38,4,14,10,0.14473684210526316,0,0,2,0,2,0,0,0,0,0,0.1520703125
4436,èaíJñæåõ,5,40,0,8,7,0.1585,0,0,0,0,0,0,0,0,0,0,0.1520703125
4436,èaíJñæåõ,6,42,1,2,9,0.16547619047619047,0,0,0,1,0,0,0,0,0,0,0.1520703125
4437,íÜìcå≥ë◊,1,62,48,6,5,0.14322580645161292,46,0,0,0,2,0,5,2,5,0,0.151171875
4437,íÜìcå≥ë◊,2,40,9,6,12,0.1535,1,6,1,0,1,0,0,0,0,19,0.151171875
4437,íÜìcå≥ë◊,3,43,8,16,9,0.1558139534883721,0,0,5,3,0,0,0,0,0,0,0.151171875
4437,íÜìcå≥ë◊,4,41,6,12,8,0.13926829268292684,0,0,2,3,1,0,0,0,0,0,0.151171875
4437,íÜìcå≥ë◊,5,35,2,10,6,0.15,0,0,0,1,1,0,0,0,0,0,0.151171875
4437,íÜìcå≥ë◊,6,35,0,6,7,0.17200000000000001,0,0,0,0,0,0,0,0,0,0,0.151171875
4438,êXçÏóYëÂ,1,40,15,8,4,0.14275,14,0,0,0,1,0,8,8,7,0,0.1304017857142857
4438,êXçÏóYëÂ,2,42,9,16,7,0.11714285714285715,0,5,3,0,0,1,0,0,0,21,0.1304017857142857
4438,êXçÏóYëÂ,3,34,6,4,11,0.12411764705882353,0,0,1,4,0,1,0,0,0,0,0.1304017857142857
4438,êXçÏóYëÂ,4,39,6,8,6,0.1258974358974359,0,0,4,2,0,0,0,0,0,0,0.1304017857142857
4438,êXçÏóYëÂ,5,38,3,3,5,0.1281578947368421,0,1,2,0,0,0,0,0,0,0,0.1304017857142857
4438,êXçÏóYëÂ,6,31,2,3,3,0.14774193548387096,0,0,0,1,1,0,0,0,0,0,0.1304017857142857
4439,ãﬂì°óFïÛ,1,30,8,5,8,0.15,8,0,0,0,0,0,5,9,5,0,0.16146118721461186
4439,ãﬂì°óFïÛ,2,42,4,8,5,0.1692857142857143,0,1,2,0,1,0,0,0,0,19,0.16146118721461186
4439,ãﬂì°óFïÛ,3,42,1,5,10,0.15714285714285714,0,0,1,0,0,0,0,0,0,0,0.16146118721461186
4439,ãﬂì°óFïÛ,4,34,3,2,7,0.17176470588235293,0,0,3,0,0,0,0,0,0,0,0.16146118721461186
4439,ãﬂì°óFïÛ,5,36,1,1,4,0.16305555555555556,0,0,1,0,0,0,0,0,0,0,0.16146118721461186
4439,ãﬂì°óFïÛ,6,35,0,4,2,0.15542857142857142,0,0,0,0,0,0,0,0,0,0,0.16146118721461186
4440,îãå¥ímç∆,1,30,9,9,1,0.17633333333333334,9,0,0,0,0,0,6,9,5,0,0.1739819004524887
4440,îãå¥ímç∆,2,43,4,5,11,0.16255813953488374,0,1,2,0,0,1,0,0,0,24,0.1739819004524887
4440,îãå¥ímç∆,3,43,2,3,7,0.15627906976744185,0,0,2,0,0,0,0,0,0,0,0.1739819004524887
4440,îãå¥ímç∆,4,37,2,9,9,0.15702702702702703,0,1,1,0,0,0,0,0,0,0,0.1739819004524887
4440,îãå¥ímç∆,5,39,1,4,5,0.18974358974358976,0,0,0,1,0,0,0,0,0,0,0.1739819004524887
4440,îãå¥ímç∆,6,29,0,3,3,0.21517241379310345,0,0,0,0,0,0,0,0,0,0,0.1739819004524887
4441,ññâióRäy,1,53,31,8,4,0.12245283018867925,30,0,0,0,1,0,4,8,5,0,0.12720306513409962
4441,ññâióRäy,2,41,14,12,7,0.11512195121951219,0,11,2,0,1,0,0,0,0,21,0.12720306513409962
4441,ññâióRäy,3,43,9,5,11,0.1341860465116279,0,3,2,4,0,0,0,0,0,0,0.12720306513409962
4441,ññâióRäy,4,48,9,12,9,0.12270833333333335,0,4,2,3,0,0,0,0,0,0,0.12720306513409962
4441,ññâióRäy,5,36,3,4,9,0.1311111111111111,0,0,0,3,0,0,0,0,0,0,0.12720306513409962
4441,ññâióRäy,6,40,0,9,9,0.14025,0,0,0,0,0,0,0,0,0,0,0.12720306513409962
4442,èºí|ëÂï„,1,47,29,10,2,0.14829787234042552,28,0,0,0,1,0,1,9,6,0,0.15252830188679245
4442,èºí|ëÂï„,2,48,15,13,8,0.12583333333333332,0,9,4,0,1,1,0,0,0,20,0.15252830188679245
4442,èºí|ëÂï„,3,45,8,12,5,0.14644444444444443,0,1,3,4,0,0,0,0,0,0,0.15252830188679245
4442,èºí|ëÂï„,4,43,4,5,8,0.1602325581395349,0,3,0,1,0,0,0,0,0,0,0.15252830188679245
4442,èºí|ëÂï„,5,42,3,6,4,0.16857142857142857,0,0,0,3,0,0,0,0,0,0,0.15252830188679245
4442,èºí|ëÂï„,6,40,0,5,8,0.17124999999999999,0,0,0,0,0,0,0,0,0,0,0.15252830188679245
4443,í√ìcóTäG,1,39,9,8,8,0.21,8,0,0,0,1,0,8,13,6,0,0.19577586206896552
4443,í√ìcóTäG,2,41,8,10,11,0.19170731707317074,0,7,1,0,0,0,0,0,0,19,0.19577586206896552
4443,í√ìcóTäG,3,45,2,12,11,0.16844444444444445,0,0,2,0,0,0,0,0,0,0,0.19577586206896552
4443,í√ìcóTäG,4,37,3,6,14,0.1818918918918919,0,2,0,1,0,0,0,0,0,0,0.19577586206896552
4443,í√ìcóTäG,5,33,0,5,9,0.21,0,0,0,0,0,0,0,0,0,0,0.19577586206896552
4443,í√ìcóTäG,6,37,2,2,7,0.21972972972972976,0,0,0,1,1,0,0,0,0,0,0.19577586206896552
4444,ãÀê∂èáïΩ,1,52,42,6,2,0.14153846153846156,39,0,0,0,3,0,2,3,4,0,0.1432820512820513
4444,ãÀê∂èáïΩ,2,29,7,11,6,0.14137931034482756,1,5,0,0,1,0,0,0,0,12,0.1432820512820513
4444,ãÀê∂èáïΩ,3,27,12,7,2,0.12962962962962962,0,1,4,5,2,0,0,0,0,0,0.1432820512820513
4444,ãÀê∂èáïΩ,4,28,5,11,3,0.15892857142857145,0,2,2,0,1,0,0,0,0,0,0.1432820512820513
4444,ãÀê∂èáïΩ,5,27,8,3,7,0.13333333333333333,0,1,0,3,4,0,0,0,0,0,0.1432820512820513
4444,ãÀê∂èáïΩ,6,32,2,8,14,0.1540625,0,1,1,0,0,0,0,0,0,0,0.1432820512820513
4445,ã{ínå≥ãP,1,61,44,9,2,0.12065573770491804,39,0,0,0,5,0,5,2,8,0,0.11902255639097745
4445,ã{ínå≥ãP,2,51,10,17,7,0.12196078431372548,0,4,3,0,3,0,0,0,0,37,0.11902255639097745
4445,ã{ínå≥ãP,3,35,9,10,6,0.11314285714285714,0,0,2,5,2,0,0,0,0,0,0.11902255639097745
4445,ã{ínå≥ãP,4,38,10,6,7,0.10815789473684212,0,1,3,3,2,1,0,0,0,0,0.11902255639097745
4445,ã{ínå≥ãP,5,41,4,10,10,0.12634146341463415,0,0,0,4,0,0,0,0,0,0,0.11902255639097745
4445,ã{ínå≥ãP,6,40,0,6,10,0.12075,0,0,0,0,0,0,0,0,0,0,0.11902255639097745
4446,òaìcåìï„,1,59,42,8,4,0.14254237288135593,41,0,0,0,1,0,5,6,5,0,0.14383512544802868
4446,òaìcåìï„,2,46,9,22,6,0.145,1,4,3,0,0,1,0,0,0,24,0.14383512544802868
4446,òaìcåìï„,3,51,11,18,7,0.1319607843137255,0,1,4,5,1,0,0,0,0,0,0.14383512544802868
4446,òaìcåìï„,4,45,8,9,14,0.13844444444444445,0,0,6,1,1,0,0,0,0,0,0.14383512544802868
4446,òaìcåìï„,5,37,5,5,12,0.15162162162162163,0,0,1,3,0,1,0,0,0,0,0.14383512544802868
4446,òaìcåìï„,6,41,2,6,10,0.15804878048780488,0,0,1,1,0,0,0,0,0,0,0.14383512544802868
4447,ê[êÏñÉìﬁî¸,1,57,27,14,5,0.146140350877193,25,0,0,0,2,0,7,16,6,0,0.15377431906614789
4447,ê[êÏñÉìﬁî¸,2,36,6,11,8,0.15611111111111112,0,4,1,0,1,0,0,0,0,20,0.15377431906614789
4447,ê[êÏñÉìﬁî¸,3,50,10,16,13,0.1586,0,2,1,7,0,0,0,0,0,0,0.15377431906614789
4447,ê[êÏñÉìﬁî¸,4,41,2,11,8,0.13121951219512196,0,0,2,0,0,0,0,0,0,0,0.15377431906614789
4447,ê[êÏñÉìﬁî¸,5,40,3,8,4,0.17375000000000002,0,0,0,3,0,0,0,0,0,0,0.15377431906614789
4447,ê[êÏñÉìﬁî¸,6,33,0,3,7,0.16090909090909092,0,0,0,0,0,0,0,0,0,0,0.15377431906614789
4448,ê¬ñÿå∫ëæ,1,15,10,1,1,0.164,10,0,0,0,0,0,1,3,0,0,0.18552238805970148
4448,ê¬ñÿå∫ëæ,2,10,3,3,4,0.152,0,1,2,0,0,0,0,0,0,5,0.18552238805970148
4448,ê¬ñÿå∫ëæ,3,13,2,6,1,0.18769230769230769,0,0,1,1,0,0,0,0,0,0,0.18552238805970148
4448,ê¬ñÿå∫ëæ,4,10,1,3,2,0.181,0,0,1,0,0,0,0,0,0,0,0.18552238805970148
4448,ê¬ñÿå∫ëæ,5,7,2,1,1,0.1842857142857143,0,0,0,2,0,0,0,0,0,0,0.18552238805970148
4448,ê¬ñÿå∫ëæ,6,12,2,1,4,0.24250000000000002,0,1,1,0,0,0,0,0,0,0,0.18552238805970148
4449,íÜìàíBñÁ,1,28,10,8,4,0.1767857142857143,9,0,0,0,1,0,8,1,3,0,0.16341463414634147
4449,íÜìàíBñÁ,2,35,1,1,4,0.1925714285714286,0,1,0,0,0,0,0,0,0,17,0.16341463414634147
4449,íÜìàíBñÁ,3,39,3,8,11,0.15717948717948718,0,0,3,0,0,0,0,0,0,0,0.16341463414634147
4449,íÜìàíBñÁ,4,34,2,6,5,0.13088235294117648,0,0,2,0,0,0,0,0,0,0,0.16341463414634147
4449,íÜìàíBñÁ,5,41,2,4,3,0.1524390243902439,0,0,2,0,0,0,0,0,0,0,0.16341463414634147
4449,íÜìàíBñÁ,6,28,1,0,3,0.17785714285714288,0,0,1,0,0,0,0,0,0,0,0.16341463414634147
4450,ïΩçÇìﬁçÿ,1,54,38,6,4,0.1474074074074074,34,0,0,0,4,0,3,7,5,0,0.15939622641509435
4450,ïΩçÇìﬁçÿ,2,44,10,19,7,0.16068181818181818,0,7,3,0,0,0,0,0,0,24,0.15939622641509435
4450,ïΩçÇìﬁçÿ,3,41,5,14,13,0.16414634146341464,0,1,2,2,0,0,0,0,0,0,0.15939622641509435
4450,ïΩçÇìﬁçÿ,4,40,5,12,11,0.16275,0,1,1,1,2,0,0,0,0,0,0.15939622641509435
4450,ïΩçÇìﬁçÿ,5,43,6,7,15,0.16069767441860466,0,2,1,3,0,0,0,0,0,0,0.15939622641509435
4450,ïΩçÇìﬁçÿ,6,43,1,7,10,0.1641860465116279,0,0,0,1,0,0,0,0,0,0,0.15939622641509435
4451,èºçËóSëæòY,1,69,40,17,7,0.13710144927536233,40,0,0,0,0,0,10,8,9,0,0.16138297872340424
4451,èºçËóSëæòY,2,45,9,11,8,0.16555555555555557,0,6,3,0,0,0,0,0,0,15,0.16138297872340424
4451,èºçËóSëæòY,3,43,6,12,12,0.1641860465116279,0,1,3,1,1,0,0,0,0,0,0.16138297872340424
4451,èºçËóSëæòY,4,42,3,11,14,0.14666666666666667,0,0,2,1,0,0,0,0,0,0,0.16138297872340424
4451,èºçËóSëæòY,5,34,4,6,6,0.16970588235294118,0,0,1,3,0,0,0,0,0,0,0.16138297872340424
4451,èºçËóSëæòY,6,49,1,8,13,0.19612244897959183,0,0,1,0,0,0,0,0,0,0,0.16138297872340424
4452,èºîˆç’,1,43,24,8,3,0.15325581395348836,23,0,0,0,1,0,9,8,2,0,0.1636986301369863
4452,èºîˆç’,2,31,3,12,12,0.17225806451612902,0,2,0,0,1,0,0,0,0,16,0.1636986301369863
4452,èºîˆç’,3,39,3,9,10,0.1341025641025641,0,0,2,0,1,0,0,0,0,0,0.1636986301369863
4452,èºîˆç’,4,38,6,9,7,0.15,0,0,3,1,1,1,0,0,0,0,0.1636986301369863
4452,èºîˆç’,5,34,1,4,8,0.18294117647058822,0,0,0,1,0,0,0,0,0,0,0.1636986301369863
4452,èºîˆç’,6,34,1,2,5,0.19911764705882354,0,0,1,0,0,0,0,0,0,0,0.1636986301369863
4453,âiìcàËñÌ,1,2,1,1,0,0.195,1,0,0,0,0,0,0,0,1,0,0.18571428571428572
4453,âiìcàËñÌ,2,2,0,0,0,0.16499999999999998,0,0,0,0,0,0,0,0,0,0,0.18571428571428572
4453,âiìcàËñÌ,3,3,0,0,0,0.24,0,0,0,0,0,0,0,0,0,0,0.18571428571428572
4453,âiìcàËñÌ,4,4,0,0,0,0.1725,0,0,0,0,0,0,0,0,0,0,0.18571428571428572
4453,âiìcàËñÌ,5,3,0,0,0,0.16,0,0,0,0,0,0,0,0,0,0,0.18571428571428572
4453,âiìcàËñÌ,6,7,0,0,0,0.1842857142857143,0,0,0,0,0,0,0,0,0,0,0.18571428571428572
4456,äôëqó¡,1,35,27,3,0,0.14771428571428571,25,0,0,0,1,1,2,4,2,0,0.17547872340425533
4456,äôëqó¡,2,35,9,9,4,0.17085714285714287,0,7,0,0,2,0,0,0,0,19,0.17547872340425533
4456,äôëqó¡,3,31,6,10,4,0.16161290322580643,0,1,3,1,1,0,0,0,0,0,0.17547872340425533
4456,äôëqó¡,4,27,4,6,5,0.19592592592592592,0,1,2,1,0,0,0,0,0,0,0.17547872340425533
4456,äôëqó¡,5,27,3,7,4,0.1796296296296296,0,0,0,3,0,0,0,0,0,0,0.17547872340425533
4456,äôëqó¡,6,33,1,5,5,0.20272727272727273,0,0,0,0,0,1,0,0,0,0,0.17547872340425533
4457,ê_ìcíBñÁ,1,30,10,4,7,0.15333333333333332,10,0,0,0,0,0,3,6,7,0,0.16967136150234743
4457,ê_ìcíBñÁ,2,39,3,10,10,0.16897435897435897,0,2,0,0,1,0,0,0,0,23,0.16967136150234743
4457,ê_ìcíBñÁ,3,35,2,7,5,0.17485714285714285,0,1,1,0,0,0,0,0,0,0,0.16967136150234743
4457,ê_ìcíBñÁ,4,40,1,7,6,0.17350000000000002,0,0,1,0,0,0,0,0,0,0,0.16967136150234743
4457,ê_ìcíBñÁ,5,37,1,7,8,0.17027027027027025,0,1,0,0,0,0,0,0,0,0,0.16967136150234743
4457,ê_ìcíBñÁ,6,32,2,3,4,0.1746875,0,0,0,2,0,0,0,0,0,0,0.16967136150234743
4458,ñïçÅóYéO,1,46,25,10,3,0.14391304347826087,24,0,0,0,0,1,6,9,4,0,0.15166037735849056
4458,ñïçÅóYéO,2,42,7,13,5,0.14047619047619048,0,1,5,0,1,0,0,0,0,22,0.15166037735849056
4458,ñïçÅóYéO,3,46,3,10,7,0.15739130434782608,0,1,1,1,0,0,0,0,0,0,0.15166037735849056
4458,ñïçÅóYéO,4,49,7,7,6,0.16020408163265307,0,2,3,1,1,0,0,0,0,0,0.15166037735849056
4458,ñïçÅóYéO,5,39,2,1,10,0.15615384615384614,0,0,2,0,0,0,0,0,0,0,0.15166037735849056
4458,ñïçÅóYéO,6,43,0,3,9,0.15093023255813953,0,0,0,0,0,0,0,0,0,0,0.15166037735849056
4459,ï–â™âÎóT,1,57,37,8,4,0.11508771929824563,36,0,0,0,1,0,8,4,6,0,0.11833333333333333
4459,ï–â™âÎóT,2,39,8,7,8,0.12846153846153846,0,6,2,0,0,0,0,0,0,20,0.11833333333333333
4459,ï–â™âÎóT,3,40,6,9,8,0.12225,0,1,1,3,1,0,0,0,0,0,0.11833333333333333
4459,ï–â™âÎóT,4,41,7,12,6,0.09878048780487804,0,2,1,4,0,0,0,0,0,0,0.11833333333333333
4459,ï–â™âÎóT,5,36,5,2,9,0.11083333333333334,0,1,2,2,0,0,0,0,0,0,0.11833333333333333
4459,ï–â™âÎóT,6,39,2,2,8,0.13641025641025642,0,2,0,0,0,0,0,0,0,0,0.11833333333333333
4460,å„ì°„ƒîV,1,35,22,6,5,0.15028571428571427,21,0,0,0,1,0,6,4,2,0,0.14825396825396825
4460,å„ì°„ƒîV,2,30,5,10,6,0.128,0,4,1,0,0,0,0,0,0,18,0.14825396825396825
4460,å„ì°„ƒîV,3,35,7,8,9,0.14714285714285716,0,2,0,3,1,1,0,0,0,0,0.14825396825396825
4460,å„ì°„ƒîV,4,28,6,5,4,0.13964285714285715,0,1,3,1,1,0,0,0,0,0,0.14825396825396825
4460,å„ì°„ƒîV,5,29,4,6,5,0.14413793103448275,0,0,1,3,0,0,0,0,0,0,0.14825396825396825
4460,å„ì°„ƒîV,6,32,2,4,5,0.1775,0,1,0,1,0,0,0,0,0,0,0.14825396825396825
4461,à¿ìcãgçG,1,26,9,4,4,0.16999999999999998,8,0,0,0,1,0,6,6,2,0,0.1720304568527919
4461,à¿ìcãgçG,2,36,1,8,8,0.1711111111111111,0,1,0,0,0,0,0,0,0,19,0.1720304568527919
4461,à¿ìcãgçG,3,31,0,4,6,0.13064516129032258,0,0,0,0,0,0,0,0,0,0,0.1720304568527919
4461,à¿ìcãgçG,4,31,1,3,6,0.16870967741935483,0,0,0,1,0,0,0,0,0,0,0.1720304568527919
4461,à¿ìcãgçG,5,33,1,2,4,0.1715151515151515,0,0,0,0,1,0,0,0,0,0,0.1720304568527919
4461,à¿ìcãgçG,6,40,0,1,1,0.20925,0,0,0,0,0,0,0,0,0,0,0.1720304568527919
4462,âƒéRó∫ïΩ,1,29,15,6,2,0.1610344827586207,15,0,0,0,0,0,4,5,4,0,0.16653846153846152
4462,âƒéRó∫ïΩ,2,27,3,10,2,0.15370370370370368,0,2,1,0,0,0,0,0,0,19,0.16653846153846152
4462,âƒéRó∫ïΩ,3,38,2,11,6,0.16763157894736844,0,0,2,0,0,0,0,0,0,0,0.16653846153846152
4462,âƒéRó∫ïΩ,4,34,1,5,12,0.16470588235294117,0,0,0,1,0,0,0,0,0,0,0.16653846153846152
4462,âƒéRó∫ïΩ,5,30,2,4,5,0.158,0,0,0,2,0,0,0,0,0,0,0.16653846153846152
4462,âƒéRó∫ïΩ,6,24,1,1,7,0.1991666666666667,0,0,0,1,0,0,0,0,0,0,0.16653846153846152
4463,éOìœçWçK,1,53,35,10,3,0.1439622641509434,35,0,0,0,0,0,5,4,5,0,0.1463453815261044
4463,éOìœçWçK,2,38,8,9,10,0.14763157894736842,0,7,0,0,1,0,0,0,0,24,0.1463453815261044
4463,éOìœçWçK,3,40,9,7,14,0.13,0,1,1,5,1,1,0,0,0,0,0.1463453815261044
4463,éOìœçWçK,4,41,1,11,10,0.1521951219512195,0,1,0,0,0,0,0,0,0,0,0.1463453815261044
4463,éOìœçWçK,5,38,2,4,4,0.14394736842105263,0,0,0,2,0,0,0,0,0,0,0.1463453815261044
4463,éOìœçWçK,6,39,0,6,8,0.16128205128205128,0,0,0,0,0,0,0,0,0,0,0.1463453815261044
4464,éRâ∫óFãM,1,27,12,5,3,0.16777777777777778,12,0,0,0,0,0,6,5,3,0,0.195
4464,éRâ∫óFãM,2,30,1,10,5,0.18033333333333335,0,0,1,0,0,0,0,0,0,16,0.195
4464,éRâ∫óFãM,3,29,2,9,8,0.19586206896551722,0,0,1,0,1,0,0,0,0,0,0.195
4464,éRâ∫óFãM,4,31,3,3,5,0.21225806451612902,0,0,1,1,1,0,0,0,0,0,0.195
4464,éRâ∫óFãM,5,27,2,4,7,0.20444444444444446,0,0,0,2,0,0,0,0,0,0,0.195
4464,éRâ∫óFãM,6,28,1,3,6,0.20785714285714288,0,0,0,0,0,1,0,0,0,0,0.195
4465,ëÂêºå´,1,29,10,5,4,0.17655172413793105,8,0,1,0,1,0,7,6,3,0,0.1751123595505618
4465,ëÂêºå´,2,29,4,6,4,0.16448275862068965,0,4,0,0,0,0,0,0,0,14,0.1751123595505618
4465,ëÂêºå´,3,33,1,5,9,0.16575757575757574,0,0,0,0,1,0,0,0,0,0,0.1751123595505618
4465,ëÂêºå´,4,33,1,1,7,0.17606060606060608,0,0,1,0,0,0,0,0,0,0,0.1751123595505618
4465,ëÂêºå´,5,30,0,2,6,0.17933333333333332,0,0,0,0,0,0,0,0,0,0,0.1751123595505618
4465,ëÂêºå´,6,24,1,1,1,0.1925,0,0,1,0,0,0,0,0,0,0,0.1751123595505618
4466,ìÏóCìT,1,38,21,11,4,0.16105263157894736,21,0,0,0,0,0,4,8,3,0,0.1781404958677686
4466,ìÏóCìT,2,38,3,14,8,0.15552631578947368,0,2,0,1,0,0,0,0,0,21,0.1781404958677686
4466,ìÏóCìT,3,48,2,9,14,0.15875,0,0,0,2,0,0,0,0,0,0,0.1781404958677686
4466,ìÏóCìT,4,41,1,6,14,0.1953658536585366,0,0,0,1,0,0,0,0,0,0,0.1781404958677686
4466,ìÏóCìT,5,44,2,7,10,0.195,0,0,1,1,0,0,0,0,0,0,0.1781404958677686
4466,ìÏóCìT,6,33,1,3,4,0.2081818181818182,0,0,0,1,0,0,0,0,0,0,0.1781404958677686
4467,ìnÁ≥èrâÓ,1,26,11,11,1,0.1253846153846154,10,0,0,0,1,0,6,4,4,0,0.13640394088669952
4467,ìnÁ≥èrâÓ,2,39,4,6,10,0.13487179487179488,0,3,1,0,0,0,0,0,0,23,0.13640394088669952
4467,ìnÁ≥èrâÓ,3,32,3,10,7,0.1346875,0,0,0,3,0,0,0,0,0,0,0.13640394088669952
4467,ìnÁ≥èrâÓ,4,36,0,10,7,0.12027777777777778,0,0,0,0,0,0,0,0,0,0,0.13640394088669952
4467,ìnÁ≥èrâÓ,5,39,1,6,5,0.13384615384615384,0,0,0,1,0,0,0,0,0,0,0.13640394088669952
4467,ìnÁ≥èrâÓ,6,31,0,3,6,0.17129032258064514,0,0,0,0,0,0,0,0,0,0,0.13640394088669952
4468,ëÂíróCóà,1,42,28,9,2,0.1254761904761905,25,0,0,0,3,0,5,6,2,0,0.1346
4468,ëÂíróCóà,2,30,6,12,6,0.13433333333333333,0,4,0,1,1,0,0,0,0,17,0.1346
4468,ëÂíróCóà,3,31,3,9,7,0.13129032258064516,0,0,2,1,0,0,0,0,0,0,0.1346
4468,ëÂíróCóà,4,31,5,7,6,0.13193548387096773,0,2,1,2,0,0,0,0,0,0,0.1346
4468,ëÂíróCóà,5,32,1,5,11,0.1365625,0,0,1,0,0,0,0,0,0,0,0.1346
4468,ëÂíróCóà,6,34,2,3,7,0.14970588235294116,0,1,0,1,0,0,0,0,0,0,0.1346
4469,ìyéRëÏñÁ,1,31,15,5,7,0.17419354838709677,14,0,0,0,1,0,2,4,4,0,0.18010810810810812
4469,ìyéRëÏñÁ,2,34,8,4,7,0.18588235294117647,0,1,6,0,0,1,0,0,0,19,0.18010810810810812
4469,ìyéRëÏñÁ,3,33,3,10,6,0.16969696969696968,0,0,2,0,0,1,0,0,0,0,0.18010810810810812
4469,ìyéRëÏñÁ,4,30,3,1,11,0.157,0,1,1,1,0,0,0,0,0,0,0.18010810810810812
4469,ìyéRëÏñÁ,5,30,2,1,7,0.19633333333333333,0,0,0,2,0,0,0,0,0,0,0.18010810810810812
4469,ìyéRëÏñÁ,6,27,1,2,4,0.2,0,0,0,0,1,0,0,0,0,0,0.18010810810810812
4470,ïΩìcåíîVóC,1,42,29,9,0,0.13690476190476192,28,0,0,0,1,0,4,2,6,0,0.15294117647058822
4470,ïΩìcåíîVóC,2,36,5,12,7,0.1411111111111111,0,3,2,0,0,0,0,0,0,18,0.15294117647058822
4470,ïΩìcåíîVóC,3,45,7,14,5,0.14933333333333332,0,1,2,4,0,0,0,0,0,0,0.15294117647058822
4470,ïΩìcåíîVóC,4,44,3,12,11,0.15386363636363637,0,2,1,0,0,0,0,0,0,0,0.15294117647058822
4470,ïΩìcåíîVóC,5,34,3,9,6,0.16029411764705884,0,0,1,2,0,0,0,0,0,0,0.15294117647058822
4470,ïΩìcåíîVóC,6,37,1,4,9,0.1791891891891892,0,0,0,1,0,0,0,0,0,0,0.15294117647058822
4471,êVìcë◊èÕ,1,52,38,6,2,0.13038461538461538,36,0,0,0,2,0,3,5,4,0,0.15270992366412214
4471,êVìcë◊èÕ,2,44,7,18,7,0.14545454545454548,0,4,1,0,1,1,0,0,0,28,0.15270992366412214
4471,êVìcë◊èÕ,3,42,6,10,15,0.14261904761904762,0,0,5,0,1,0,0,0,0,0,0.15270992366412214
4471,êVìcë◊èÕ,4,40,2,14,10,0.16,0,1,1,0,0,0,0,0,0,0,0.15270992366412214
4471,êVìcë◊èÕ,5,40,1,7,5,0.162,0,0,0,1,0,0,0,0,0,0,0.15270992366412214
4471,êVìcë◊èÕ,6,44,3,3,9,0.1809090909090909,0,0,1,2,0,0,0,0,0,0,0.15270992366412214
4472,îˆìààÍçL,1,50,39,6,3,0.156,37,0,0,0,2,0,5,2,2,0,0.15222222222222223
4472,îˆìààÍçL,2,42,11,5,8,0.15714285714285717,1,4,3,0,2,1,0,0,0,22,0.15222222222222223
4472,îˆìààÍçL,3,36,14,6,4,0.15000000000000002,0,0,5,7,2,0,0,0,0,0,0.15222222222222223
4472,îˆìààÍçL,4,41,9,13,5,0.15658536585365854,0,4,1,1,3,0,0,0,0,0,0.15222222222222223
4472,îˆìààÍçL,5,38,0,7,11,0.14394736842105266,0,0,0,0,0,0,0,0,0,0,0.15222222222222223
4472,îˆìààÍçL,6,36,2,3,12,0.14722222222222223,0,0,1,0,1,0,0,0,0,0,0.15222222222222223
4473,ì°ì∞ó¢çÅ,1,38,24,8,3,0.155,23,0,0,0,1,0,4,7,2,0,0.14893401015228427
4473,ì°ì∞ó¢çÅ,2,34,5,9,8,0.1361764705882353,0,4,1,0,0,0,0,0,0,14,0.14893401015228427
4473,ì°ì∞ó¢çÅ,3,32,4,9,6,0.1609375,0,0,4,0,0,0,0,0,0,0,0.14893401015228427
4473,ì°ì∞ó¢çÅ,4,30,6,6,5,0.14166666666666666,0,1,3,1,1,0,0,0,0,0,0.14893401015228427
4473,ì°ì∞ó¢çÅ,5,30,2,2,6,0.16533333333333333,0,0,1,1,0,0,0,0,0,0,0.14893401015228427
4473,ì°ì∞ó¢çÅ,6,33,0,3,6,0.13515151515151516,0,0,0,0,0,0,0,0,0,0,0.14893401015228427
4474,ìnï”êí,1,31,15,6,4,0.13709677419354838,15,0,0,0,0,0,6,3,3,0,0.16811926605504587
4474,ìnï”êí,2,40,4,7,10,0.15050000000000002,0,3,1,0,0,0,0,0,0,19,0.16811926605504587
4474,ìnï”êí,3,39,4,11,11,0.14743589743589744,0,1,2,0,1,0,0,0,0,0,0.16811926605504587
4474,ìnï”êí,4,41,3,6,10,0.16951219512195123,0,0,1,1,1,0,0,0,0,0,0.16811926605504587
4474,ìnï”êí,5,31,1,5,6,0.17483870967741935,0,0,0,1,0,0,0,0,0,0,0.16811926605504587
4474,ìnï”êí,6,36,0,1,3,0.22944444444444445,0,0,0,0,0,0,0,0,0,0,0.16811926605504587
4475,ññâióSãP,1,45,26,9,5,0.14555555555555555,25,0,0,0,1,0,4,2,7,0,0.15602739726027398
4475,ññâióSãP,2,36,4,13,8,0.16055555555555556,0,3,1,0,0,0,0,0,0,23,0.15602739726027398
4475,ññâióSãP,3,38,5,11,6,0.1686842105263158,0,1,1,3,0,0,0,0,0,0,0.15602739726027398
4475,ññâióSãP,4,31,3,5,8,0.1496774193548387,0,0,2,1,0,0,0,0,0,0,0.15602739726027398
4475,ññâióSãP,5,34,3,7,4,0.14558823529411766,0,0,2,1,0,0,0,0,0,0,0.15602739726027398
4475,ññâióSãP,6,35,0,1,8,0.16685714285714284,0,0,0,0,0,0,0,0,0,0,0.15602739726027398
4477,é¬çËêméu,1,49,37,2,6,0.12142857142857143,37,0,0,0,0,0,3,6,3,0,0.14033898305084744
4477,é¬çËêméu,2,37,5,12,10,0.13864864864864865,0,5,0,0,0,0,0,0,0,22,0.14033898305084744
4477,é¬çËêméu,3,39,6,14,6,0.14897435897435898,0,0,4,2,0,0,0,0,0,0,0.14033898305084744
4477,é¬çËêméu,4,36,4,11,7,0.14083333333333334,0,3,1,0,0,0,0,0,0,0,0.14033898305084744
4477,é¬çËêméu,5,39,3,3,9,0.14333333333333334,0,1,0,1,1,0,0,0,0,0,0.14033898305084744
4477,é¬çËêméu,6,36,0,6,11,0.15472222222222223,0,0,0,0,0,0,0,0,0,0,0.14033898305084744
4478,üNñ{Ç†Ç‰Ç›,1,37,21,10,4,0.15432432432432433,19,0,0,0,2,0,5,7,4,0,0.1583937823834197
4478,üNñ{Ç†Ç‰Ç›,2,36,12,13,3,0.1813888888888889,0,9,0,0,3,0,0,0,0,14,0.1583937823834197
4478,üNñ{Ç†Ç‰Ç›,3,36,3,11,4,0.1461111111111111,0,1,2,0,0,0,0,0,0,0,0.1583937823834197
4478,üNñ{Ç†Ç‰Ç›,4,29,1,7,6,0.13379310344827586,0,0,1,0,0,0,0,0,0,0,0.1583937823834197
4478,üNñ{Ç†Ç‰Ç›,5,28,1,5,5,0.16,0,0,0,1,0,0,0,0,0,0,0.1583937823834197
4478,üNñ{Ç†Ç‰Ç›,6,27,2,2,3,0.17444444444444443,0,1,0,1,0,0,0,0,0,0,0.1583937823834197
4479,ñÓñÏê^óúçÿ,1,9,3,3,0,0.1622222222222222,3,0,0,0,0,0,3,1,0,0,0.1825
4479,ñÓñÏê^óúçÿ,2,12,2,0,2,0.18000000000000002,0,1,1,0,0,0,0,0,0,4,0.1825
4479,ñÓñÏê^óúçÿ,3,15,2,1,3,0.17866666666666667,0,0,1,0,1,0,0,0,0,0,0.1825
4479,ñÓñÏê^óúçÿ,4,10,1,1,1,0.177,0,0,1,0,0,0,0,0,0,0,0.1825
4479,ñÓñÏê^óúçÿ,5,11,1,2,1,0.17727272727272728,0,0,1,0,0,0,0,0,0,0,0.1825
4479,ñÓñÏê^óúçÿ,6,11,0,0,1,0.21727272727272728,0,0,0,0,0,0,0,0,0,0,0.1825
4482,éÁâÆî¸ï‰,1,61,49,7,3,0.12622950819672132,48,0,0,0,0,1,0,5,7,0,0.1587772925764192
4482,éÁâÆî¸ï‰,2,33,15,12,4,0.15606060606060607,0,11,3,0,1,0,0,0,0,13,0.1587772925764192
4482,éÁâÆî¸ï‰,3,35,8,11,8,0.18371428571428572,0,2,2,4,0,0,0,0,0,0,0.1587772925764192
4482,éÁâÆî¸ï‰,4,34,6,10,6,0.15705882352941175,0,1,3,0,1,1,0,0,0,0,0.1587772925764192
4482,éÁâÆî¸ï‰,5,27,1,3,12,0.16777777777777778,0,0,0,0,1,0,0,0,0,0,0.1587772925764192
4482,éÁâÆî¸ï‰,6,39,3,7,9,0.18487179487179486,0,2,0,0,1,0,0,0,0,0,0.1587772925764192
4483,ñkñÏãPãG,1,51,44,3,1,0.13980392156862745,44,0,0,0,0,0,2,1,4,0,0.14072033898305086
4483,ñkñÏãPãG,2,40,9,10,4,0.14925,0,7,1,0,1,0,0,0,0,21,0.14072033898305086
4483,ñkñÏãPãG,3,35,11,8,5,0.14857142857142858,0,2,7,2,0,0,0,0,0,0,0.14072033898305086
4483,ñkñÏãPãG,4,40,6,12,7,0.131,0,0,3,2,1,0,0,0,0,0,0.14072033898305086
4483,ñkñÏãPãG,5,34,3,9,4,0.13470588235294118,0,1,1,1,0,0,0,0,0,0,0.14072033898305086
4483,ñkñÏãPãG,6,36,3,5,7,0.1413888888888889,0,0,2,0,1,0,0,0,0,0,0.14072033898305086
4484,àÓê∂âƒãG,1,20,3,4,5,0.1975,3,0,0,0,0,0,4,6,3,0,0.19974025974025975
4484,àÓê∂âƒãG,2,30,4,3,10,0.197,0,4,0,0,0,0,0,0,0,11,0.19974025974025975
4484,àÓê∂âƒãG,3,33,1,5,5,0.19333333333333333,0,0,1,0,0,0,0,0,0,0,0.19974025974025975
4484,àÓê∂âƒãG,4,29,0,4,4,0.1893103448275862,0,0,0,0,0,0,0,0,0,0,0.19974025974025975
4484,àÓê∂âƒãG,5,21,0,1,2,0.19952380952380955,0,0,0,0,0,0,0,0,0,0,0.19974025974025975
4484,àÓê∂âƒãG,6,21,0,0,3,0.23047619047619047,0,0,0,0,0,0,0,0,0,0,0.19974025974025975
4485,ìÌå¥ê≥çÑ,1,45,24,9,4,0.13866666666666666,21,0,0,0,3,0,7,7,6,0,0.15388663967611335
4485,ìÌå¥ê≥çÑ,2,35,6,10,5,0.152,0,1,3,1,0,1,0,0,0,13,0.15388663967611335
4485,ìÌå¥ê≥çÑ,3,40,6,9,7,0.1565,0,0,4,0,1,1,0,0,0,0,0.15388663967611335
4485,ìÌå¥ê≥çÑ,4,49,3,12,6,0.1553061224489796,0,0,1,1,1,0,0,0,0,0,0.15388663967611335
4485,ìÌå¥ê≥çÑ,5,35,2,7,9,0.1542857142857143,0,0,1,1,0,0,0,0,0,0,0.15388663967611335
4485,ìÌå¥ê≥çÑ,6,43,2,3,8,0.1669767441860465,0,0,0,1,1,0,0,0,0,0,0.15388663967611335
4486,ñÏë∫êΩ,1,46,23,10,8,0.15369565217391304,23,0,0,0,0,0,5,12,3,0,0.1563135593220339
4486,ñÏë∫êΩ,2,44,9,14,11,0.14772727272727273,0,7,2,0,0,0,0,0,0,19,0.1563135593220339
4486,ñÏë∫êΩ,3,39,4,12,10,0.15025641025641026,0,0,1,3,0,0,0,0,0,0,0.1563135593220339
4486,ñÏë∫êΩ,4,36,9,4,8,0.1663888888888889,0,3,4,1,0,1,0,0,0,0,0.1563135593220339
4486,ñÏë∫êΩ,5,40,3,4,8,0.14925,0,1,1,1,0,0,0,0,0,0,0.1563135593220339
4486,ñÏë∫êΩ,6,31,2,5,3,0.1774193548387097,0,0,1,0,1,0,0,0,0,0,0.1563135593220339
4487,éOå¥éi,1,27,10,4,11,0.16962962962962963,9,0,0,0,1,0,8,3,3,0,0.1807920792079208
4487,éOå¥éi,2,34,2,6,4,0.19617647058823529,0,1,0,0,1,0,0,0,0,23,0.1807920792079208
4487,éOå¥éi,3,41,6,9,5,0.17634146341463416,0,1,3,1,1,0,0,0,0,0,0.1807920792079208
4487,éOå¥éi,4,34,2,1,9,0.17882352941176471,0,0,0,1,1,0,0,0,0,0,0.1807920792079208
4487,éOå¥éi,5,42,1,4,4,0.1869047619047619,0,0,0,1,0,0,0,0,0,0,0.1807920792079208
4487,éOå¥éi,6,24,0,0,5,0.17125,0,0,0,0,0,0,0,0,0,0,0.1807920792079208
4488,è¨éRï◊,1,42,29,4,5,0.15785714285714286,28,0,0,0,1,0,3,6,4,0,0.1582300884955752
4488,è¨éRï◊,2,41,10,14,6,0.1602439024390244,1,8,1,0,0,0,0,0,0,20,0.1582300884955752
4488,è¨éRï◊,3,34,5,10,10,0.15764705882352942,0,0,1,4,0,0,0,0,0,0,0.1582300884955752
4488,è¨éRï◊,4,36,3,13,6,0.14666666666666667,0,0,2,1,0,0,0,0,0,0,0.1582300884955752
4488,è¨éRï◊,5,37,2,4,13,0.14756756756756756,0,0,0,0,2,0,0,0,0,0,0.1582300884955752
4488,è¨éRï◊,6,36,2,7,1,0.17944444444444443,0,1,0,0,1,0,0,0,0,0,0.1582300884955752
4489,ä‚êÏêmém,1,32,21,2,7,0.1328125,21,0,0,0,0,0,5,2,3,0,0.15515463917525774
4489,ä‚êÏêmém,2,34,2,9,12,0.14058823529411765,0,2,0,0,0,0,0,0,0,19,0.15515463917525774
4489,ä‚êÏêmém,3,25,0,4,6,0.156,0,0,0,0,0,0,0,0,0,0,0.15515463917525774
4489,ä‚êÏêmém,4,37,6,5,5,0.1472972972972973,0,1,2,3,0,0,0,0,0,0,0.15515463917525774
4489,ä‚êÏêmém,5,34,0,4,9,0.15176470588235294,0,0,0,0,0,0,0,0,0,0,0.15515463917525774
4489,ä‚êÏêmém,6,32,0,6,3,0.205,0,0,0,0,0,0,0,0,0,0,0.15515463917525774
4491,ìcíÜåò,1,48,18,11,9,0.15875,16,0,0,0,2,0,12,8,9,0,0.17787999999999998
4491,ìcíÜåò,2,36,5,6,11,0.18305555555555555,0,3,2,0,0,0,0,0,0,16,0.17787999999999998
4491,ìcíÜåò,3,44,5,13,6,0.18886363636363637,0,1,0,3,1,0,0,0,0,0,0.17787999999999998
4491,ìcíÜåò,4,41,2,8,5,0.18634146341463417,0,0,1,1,0,0,0,0,0,0,0.17787999999999998
4491,ìcíÜåò,5,38,2,1,8,0.1773684210526316,0,1,0,1,0,0,0,0,0,0,0.17787999999999998
4491,ìcíÜåò,6,43,1,4,7,0.176046511627907,0,0,0,1,0,0,0,0,0,0,0.17787999999999998
4492,ñ{ëΩçGòa,1,28,16,2,2,0.1457142857142857,15,0,0,0,1,0,6,4,2,0,0.17024539877300612
4492,ñ{ëΩçGòa,2,29,6,8,4,0.1631034482758621,0,3,3,0,0,0,0,0,0,15,0.17024539877300612
4492,ñ{ëΩçGòa,3,27,4,10,6,0.1925925925925926,0,0,1,3,0,0,0,0,0,0,0.17024539877300612
4492,ñ{ëΩçGòa,4,28,3,3,11,0.16428571428571428,0,1,0,2,0,0,0,0,0,0,0.17024539877300612
4492,ñ{ëΩçGòa,5,25,0,2,3,0.18280000000000002,0,0,0,0,0,0,0,0,0,0,0.17024539877300612
4492,ñ{ëΩçGòa,6,26,2,3,7,0.1757692307692308,0,0,2,0,0,0,0,0,0,0,0.17024539877300612
4494,âÕçáóCé˜,1,66,52,4,4,0.12196969696969698,48,0,0,0,4,0,3,3,8,0,0.13626297577854674
4494,âÕçáóCé˜,2,44,13,10,11,0.14340909090909093,1,8,3,0,1,0,0,0,0,21,0.13626297577854674
4494,âÕçáóCé˜,3,46,12,17,8,0.11739130434782609,0,1,0,7,4,0,0,0,0,0,0.13626297577854674
4494,âÕçáóCé˜,4,47,8,11,11,0.13574468085106384,0,3,3,0,2,0,0,0,0,0,0.13626297577854674
4494,âÕçáóCé˜,5,43,8,11,10,0.13953488372093023,0,1,0,5,2,0,0,0,0,0,0.13626297577854674
4494,âÕçáóCé˜,6,43,6,9,9,0.16837209302325581,0,2,0,4,0,0,0,0,0,0,0.13626297577854674
4495,êXêWëæòY,1,24,13,4,0,0.14958333333333332,11,0,0,0,2,0,4,4,2,0,0.15361702127659574
4495,êXêWëæòY,2,31,4,6,6,0.16129032258064516,0,2,0,1,0,1,0,0,0,14,0.15361702127659574
4495,êXêWëæòY,3,36,3,8,8,0.14944444444444444,0,0,2,1,0,0,0,0,0,0,0.15361702127659574
4495,êXêWëæòY,4,38,3,5,9,0.1618421052631579,0,0,3,0,0,0,0,0,0,0,0.15361702127659574
4495,êXêWëæòY,5,29,1,3,4,0.14379310344827587,0,0,1,0,0,0,0,0,0,0,0.15361702127659574
4495,êXêWëæòY,6,30,0,0,3,0.153,0,0,0,0,0,0,0,0,0,0,0.15361702127659574
4496,ì‡ñxäw,1,50,27,13,3,0.171,26,0,0,0,0,1,6,4,10,0,0.1645643153526971
4496,ì‡ñxäw,2,31,5,8,9,0.19516129032258064,0,2,1,0,2,0,0,0,0,18,0.1645643153526971
4496,ì‡ñxäw,3,41,11,9,10,0.1495121951219512,0,1,7,2,1,0,0,0,0,0,0.1645643153526971
4496,ì‡ñxäw,4,41,10,12,5,0.16585365853658537,0,0,10,0,0,0,0,0,0,0,0.1645643153526971
4496,ì‡ñxäw,5,32,5,4,9,0.1640625,0,0,2,2,1,0,0,0,0,0,0.1645643153526971
4496,ì‡ñxäw,6,46,6,3,8,0.14956521739130435,0,0,4,1,1,0,0,0,0,0,0.1645643153526971
4497,åKå¥óI,1,58,43,5,4,0.11689655172413793,43,0,0,0,0,0,6,6,2,0,0.1268560606060606
4497,åKå¥óI,2,47,9,18,8,0.1251063829787234,0,7,1,0,1,0,0,0,0,32,0.1268560606060606
4497,åKå¥óI,3,42,16,9,7,0.11071428571428572,0,0,4,11,1,0,0,0,0,0,0.1268560606060606
4497,åKå¥óI,4,42,4,13,10,0.14666666666666667,0,2,0,2,0,0,0,0,0,0,0.1268560606060606
4497,åKå¥óI,5,38,3,7,6,0.13973684210526316,0,1,0,2,0,0,0,0,0,0,0.1268560606060606
4497,åKå¥óI,6,37,1,6,9,0.1272972972972973,0,0,0,1,0,0,0,0,0,0,0.1268560606060606
4498,ã{ñ{âƒé˜,1,36,21,3,4,0.15916666666666668,21,0,0,0,0,0,3,5,4,0,0.1560633484162896
4498,ã{ñ{âƒé˜,2,33,4,10,4,0.15696969696969695,0,4,0,0,0,0,0,0,0,17,0.1560633484162896
4498,ã{ñ{âƒé˜,3,42,7,14,3,0.1457142857142857,0,2,3,2,0,0,0,0,0,0,0.1560633484162896
4498,ã{ñ{âƒé˜,4,39,2,4,6,0.1464102564102564,0,0,1,1,0,0,0,0,0,0,0.1560633484162896
4498,ã{ñ{âƒé˜,5,36,3,2,6,0.1511111111111111,0,0,0,2,1,0,0,0,0,0,0.1560633484162896
4498,ã{ñ{âƒé˜,6,35,1,2,9,0.18028571428571427,0,0,0,1,0,0,0,0,0,0,0.1560633484162896
4499,ëÍêÏê^óRéq,1,44,25,6,4,0.13954545454545456,22,0,0,0,2,1,5,8,3,0,0.16215
4499,ëÍêÏê^óRéq,2,33,5,14,5,0.16151515151515153,0,5,0,0,0,0,0,0,0,23,0.16215
4499,ëÍêÏê^óRéq,3,32,7,6,4,0.138125,0,1,0,5,1,0,0,0,0,0,0.16215
4499,ëÍêÏê^óRéq,4,36,2,8,13,0.17055555555555557,0,0,1,1,0,0,0,0,0,0,0.16215
4499,ëÍêÏê^óRéq,5,26,5,1,7,0.1846153846153846,0,0,1,3,0,1,0,0,0,0,0.16215
4499,ëÍêÏê^óRéq,6,29,1,2,3,0.19310344827586207,0,1,0,0,0,0,0,0,0,0,0.16215
4500,éRìcçNìÒ,1,59,47,7,2,0.1271186440677966,45,0,0,0,2,0,3,1,6,0,0.14124542124542125
4500,éRìcçNìÒ,2,44,16,17,7,0.13636363636363635,8,4,1,0,3,0,0,0,0,22,0.14124542124542125
4500,éRìcçNìÒ,3,47,11,13,11,0.1395744680851064,2,1,5,1,2,0,0,0,0,0,0.14124542124542125
4500,éRìcçNìÒ,4,37,8,8,7,0.14810810810810812,0,0,4,2,2,0,0,0,0,0,0.14124542124542125
4500,éRìcçNìÒ,5,46,10,9,5,0.15043478260869564,1,0,1,6,2,0,0,0,0,0,0.14124542124542125
4500,éRìcçNìÒ,6,40,7,4,8,0.1525,1,1,4,1,0,0,0,0,0,0,0.14124542124542125
4501,îÛå˚óRâ¡ó¢,1,54,27,13,8,0.13222222222222224,26,0,0,0,1,0,10,3,11,0,0.14644
4501,îÛå˚óRâ¡ó¢,2,40,6,9,15,0.149,0,4,2,0,0,0,0,0,0,19,0.14644
4501,îÛå˚óRâ¡ó¢,3,41,11,10,6,0.16463414634146342,0,1,8,2,0,0,0,0,0,0,0.14644
4501,îÛå˚óRâ¡ó¢,4,37,3,5,7,0.16432432432432434,0,0,3,0,0,0,0,0,0,0,0.14644
4501,îÛå˚óRâ¡ó¢,5,40,1,6,12,0.14025,0,0,0,1,0,0,0,0,0,0,0.14644
4501,îÛå˚óRâ¡ó¢,6,38,1,2,6,0.13342105263157897,0,0,0,1,0,0,0,0,0,0,0.14644
4502,âìì°ÉGÉ~,1,59,41,6,5,0.1271186440677966,40,0,0,0,1,0,6,6,4,0,0.1415725806451613
4502,âìì°ÉGÉ~,2,37,11,11,6,0.14162162162162162,0,7,3,0,1,0,0,0,0,14,0.1415725806451613
4502,âìì°ÉGÉ~,3,38,8,9,10,0.13657894736842105,0,1,6,1,0,0,0,0,0,0,0.1415725806451613
4502,âìì°ÉGÉ~,4,41,8,11,6,0.1378048780487805,0,1,5,1,1,0,0,0,0,0,0.1415725806451613
4502,âìì°ÉGÉ~,5,32,5,4,6,0.1528125,0,0,1,4,0,0,0,0,0,0,0.1415725806451613
4502,âìì°ÉGÉ~,6,41,1,6,11,0.16195121951219513,0,0,0,0,1,0,0,0,0,0,0.1415725806451613
4503,è„ñÏê^îVâÓ,1,74,57,14,2,0.10621621621621621,54,0,0,0,3,0,8,3,5,0,0.11581395348837209
4503,è„ñÏê^îVâÓ,2,52,11,18,6,0.11750000000000001,0,9,1,0,1,0,0,0,0,31,0.11581395348837209
4503,è„ñÏê^îVâÓ,3,38,14,11,8,0.11710526315789474,0,2,6,4,2,0,0,0,0,0,0.11581395348837209
4503,è„ñÏê^îVâÓ,4,51,11,14,13,0.11019607843137255,0,3,5,2,1,0,0,0,0,0,0.11581395348837209
4503,è„ñÏê^îVâÓ,5,43,6,9,15,0.1288372093023256,0,2,1,1,2,0,0,0,0,0,0.11581395348837209
4503,è„ñÏê^îVâÓ,6,43,3,8,10,0.12279069767441861,0,0,1,2,0,0,0,0,0,0,0.11581395348837209
4504,ëOìcè´ëæ,1,69,54,13,1,0.12173913043478261,53,0,0,0,1,0,7,4,3,0,0.12397260273972603
4504,ëOìcè´ëæ,2,46,11,17,8,0.12804347826086956,0,3,7,0,1,0,0,0,0,27,0.12397260273972603
4504,ëOìcè´ëæ,3,43,11,12,1,0.12325581395348836,0,1,4,4,2,0,0,0,0,0,0.12397260273972603
4504,ëOìcè´ëæ,4,47,8,14,7,0.13042553191489362,0,1,2,3,2,0,0,0,0,0,0.12397260273972603
4504,ëOìcè´ëæ,5,45,9,9,9,0.11533333333333334,0,1,2,4,2,0,0,0,0,0,0.12397260273972603
4504,ëOìcè´ëæ,6,42,2,5,8,0.12595238095238095,0,0,0,2,0,0,0,0,0,0,0.12397260273972603
4505,ìáìcå´êl,1,54,46,2,3,0.12833333333333333,39,0,0,0,7,0,1,2,4,0,0.1424786324786325
4505,ìáìcå´êl,2,34,2,11,8,0.14647058823529413,0,2,0,0,0,0,0,0,0,17,0.1424786324786325
4505,ìáìcå´êl,3,36,7,11,10,0.1488888888888889,0,1,3,0,1,2,0,0,0,0,0.1424786324786325
4505,ìáìcå´êl,4,39,10,8,8,0.14512820512820512,0,1,6,2,1,0,0,0,0,0,0.1424786324786325
4505,ìáìcå´êl,5,36,4,10,5,0.12944444444444445,0,0,2,1,1,0,0,0,0,0,0.1424786324786325
4505,ìáìcå´êl,6,35,3,4,8,0.16428571428571428,0,0,2,1,0,0,0,0,0,0,0.1424786324786325
4506,ïBìcêπñÁ,1,47,34,5,3,0.12936170212765957,33,0,0,0,1,0,7,3,2,0,0.13591603053435114
4506,ïBìcêπñÁ,2,39,5,12,6,0.14923076923076925,0,2,3,0,0,0,0,0,0,17,0.13591603053435114
4506,ïBìcêπñÁ,3,46,12,11,7,0.13695652173913042,0,0,9,2,0,1,0,0,0,0,0.13591603053435114
4506,ïBìcêπñÁ,4,50,11,4,4,0.1444,0,0,7,3,1,0,0,0,0,0,0.13591603053435114
4506,ïBìcêπñÁ,5,45,2,6,10,0.13355555555555554,0,0,2,0,0,0,0,0,0,0,0.13591603053435114
4506,ïBìcêπñÁ,6,35,0,2,9,0.11942857142857143,0,0,0,0,0,0,0,0,0,0,0.13591603053435114
4508,ñÏä‘ëÂé˜,1,19,10,5,2,0.1463157894736842,10,0,0,0,0,0,1,3,4,0,0.193006993006993
4508,ñÏä‘ëÂé˜,2,23,5,6,3,0.17956521739130435,1,4,0,0,0,0,0,0,0,9,0.193006993006993
4508,ñÏä‘ëÂé˜,3,27,2,7,7,0.18074074074074073,0,1,0,0,1,0,0,0,0,0,0.193006993006993
4508,ñÏä‘ëÂé˜,4,21,2,4,4,0.21428571428571427,0,1,0,1,0,0,0,0,0,0,0.193006993006993
4508,ñÏä‘ëÂé˜,5,24,1,5,4,0.2070833333333333,0,1,0,0,0,0,0,0,0,0,0.193006993006993
4508,ñÏä‘ëÂé˜,6,29,1,0,1,0.2186206896551724,0,1,0,0,0,0,0,0,0,0,0.193006993006993
4509,ïΩå©ê^ïF,1,53,36,9,4,0.13981132075471697,35,0,0,0,1,0,2,7,6,0,0.16734767025089606
4509,ïΩå©ê^ïF,2,48,9,16,10,0.14083333333333334,0,4,4,1,0,0,0,0,0,29,0.16734767025089606
4509,ïΩå©ê^ïF,3,47,8,11,14,0.18319148936170213,0,1,4,3,0,0,0,0,0,0,0.16734767025089606
4509,ïΩå©ê^ïF,4,47,5,11,8,0.18617021276595744,0,0,1,2,2,0,0,0,0,0,0.16734767025089606
4509,ïΩå©ê^ïF,5,45,0,5,16,0.17533333333333334,0,0,0,0,0,0,0,0,0,0,0.16734767025089606
4509,ïΩå©ê^ïF,6,39,1,1,12,0.1864102564102564,0,0,0,0,1,0,0,0,0,0,0.16734767025089606
4511,íÜâ™åíêl,1,24,7,7,4,0.13875,7,0,0,0,0,0,13,2,1,0,0.16170212765957448
4511,íÜâ™åíêl,2,35,4,9,11,0.15457142857142858,0,1,3,0,0,0,0,0,0,20,0.16170212765957448
4511,íÜâ™åíêl,3,28,3,4,3,0.14714285714285716,0,0,3,0,0,0,0,0,0,0,0.16170212765957448
4511,íÜâ™åíêl,4,36,1,1,6,0.1627777777777778,0,0,1,0,0,0,0,0,0,0,0.16170212765957448
4511,íÜâ™åíêl,5,33,3,2,7,0.15666666666666668,0,0,1,2,0,0,0,0,0,0,0.16170212765957448
4511,íÜâ™åíêl,6,32,0,0,3,0.2034375,0,0,0,0,0,0,0,0,0,0,0.16170212765957448
4512,çÇñÏìNéj,1,64,48,7,3,0.15015625,48,0,0,0,0,0,3,6,6,0,0.14340823970037453
4512,çÇñÏìNéj,2,39,12,14,5,0.14794871794871797,0,8,4,0,0,0,0,0,0,17,0.14340823970037453
4512,çÇñÏìNéj,3,42,10,15,7,0.1523809523809524,0,1,1,7,1,0,0,0,0,0,0.14340823970037453
4512,çÇñÏìNéj,4,38,8,9,9,0.14684210526315788,0,1,4,2,1,0,0,0,0,0,0.14340823970037453
4512,çÇñÏìNéj,5,33,4,4,6,0.12242424242424242,0,0,1,3,0,0,0,0,0,0,0.14340823970037453
4512,çÇñÏìNéj,6,51,1,7,18,0.13509803921568628,0,0,0,1,0,0,0,0,0,0,0.14340823970037453
4513,âÕñÏê^ñÁ,1,45,27,9,4,0.1668888888888889,26,0,0,0,1,0,6,5,7,0,0.16651162790697674
4513,âÕñÏê^ñÁ,2,47,7,12,11,0.1651063829787234,1,2,3,0,1,0,0,0,0,21,0.16651162790697674
4513,âÕñÏê^ñÁ,3,50,4,17,13,0.14780000000000001,0,0,2,1,1,0,0,0,0,0,0.16651162790697674
4513,âÕñÏê^ñÁ,4,41,5,8,8,0.17878048780487804,0,2,1,1,1,0,0,0,0,0,0.16651162790697674
4513,âÕñÏê^ñÁ,5,35,0,8,5,0.1777142857142857,0,0,0,0,0,0,0,0,0,0,0.16651162790697674
4513,âÕñÏê^ñÁ,6,40,2,3,8,0.16875,0,2,0,0,0,0,0,0,0,0,0.16651162790697674
4514,è„ûäâ√ék,1,65,48,11,4,0.15430769230769228,45,0,0,0,3,0,4,5,5,0,0.18613333333333335
4514,è„ûäâ√ék,2,56,21,22,6,0.17232142857142857,1,14,3,0,3,0,0,0,0,25,0.18613333333333335
4514,è„ûäâ√ék,3,44,7,15,11,0.18181818181818182,0,1,1,4,1,0,0,0,0,0,0.18613333333333335
4514,è„ûäâ√ék,4,43,7,9,9,0.21093023255813953,0,2,3,1,1,0,0,0,0,0,0.18613333333333335
4514,è„ûäâ√ék,5,48,3,12,10,0.1975,0,1,0,0,2,0,0,0,0,0,0.18613333333333335
4514,è„ûäâ√ék,6,44,3,7,9,0.21840909090909089,0,0,1,1,1,0,0,0,0,0,0.18613333333333335
4515,ì°ìcç_êl,1,48,27,12,3,0.14979166666666668,25,0,0,0,2,0,4,5,9,0,0.16180769230769232
4515,ì°ìcç_êl,2,50,6,21,8,0.1542,0,5,0,0,1,0,0,0,0,29,0.16180769230769232
4515,ì°ìcç_êl,3,43,8,11,9,0.1616279069767442,0,0,6,1,1,0,0,0,0,0,0.16180769230769232
4515,ì°ìcç_êl,4,44,3,9,13,0.15613636363636363,0,0,2,0,1,0,0,0,0,0,0.16180769230769232
4515,ì°ìcç_êl,5,38,4,5,7,0.17894736842105263,0,3,0,1,0,0,0,0,0,0,0.16180769230769232
4515,ì°ìcç_êl,6,37,0,4,12,0.17702702702702702,0,0,0,0,0,0,0,0,0,0,0.16180769230769232
4516,ñÏå˚èüçO,1,51,33,6,6,0.13862745098039217,32,0,0,0,0,1,5,5,7,0,0.15126530612244898
4516,ñÏå˚èüçO,2,42,11,14,6,0.15761904761904763,0,5,3,0,3,0,0,0,0,20,0.15126530612244898
4516,ñÏå˚èüçO,3,40,8,9,7,0.1595,0,2,1,4,1,0,0,0,0,0,0.15126530612244898
4516,ñÏå˚èüçO,4,42,8,11,8,0.14833333333333334,1,1,3,2,1,0,0,0,0,0,0.15126530612244898
4516,ñÏå˚èüçO,5,37,2,6,10,0.15054054054054056,0,0,1,1,0,0,0,0,0,0,0.15126530612244898
4516,ñÏå˚èüçO,6,33,2,6,5,0.1572727272727273,0,0,0,1,1,0,0,0,0,0,0.15126530612244898
4518,ëÂê{âÍóF,1,49,37,8,2,0.14204081632653062,37,0,0,0,0,0,4,1,6,0,0.1544075829383886
4518,ëÂê{âÍóF,2,28,7,10,3,0.15142857142857144,0,6,1,0,0,0,0,0,0,17,0.1544075829383886
4518,ëÂê{âÍóF,3,42,5,16,11,0.1530952380952381,0,2,1,2,0,0,0,0,0,0,0.1544075829383886
4518,ëÂê{âÍóF,4,35,2,8,11,0.1605714285714286,0,1,0,0,1,0,0,0,0,0,0.1544075829383886
4518,ëÂê{âÍóF,5,33,5,7,7,0.16363636363636364,0,0,1,3,1,0,0,0,0,0,0.1544075829383886
4518,ëÂê{âÍóF,6,24,0,1,9,0.16375,0,0,0,0,0,0,0,0,0,0,0.1544075829383886
4519,ê¥êÖçπé˜,1,42,17,10,1,0.16238095238095238,16,0,0,0,1,0,10,6,7,0,0.1531730769230769
4519,ê¥êÖçπé˜,2,33,2,12,8,0.15424242424242424,0,1,0,0,1,0,0,0,0,16,0.1531730769230769
4519,ê¥êÖçπé˜,3,38,2,11,3,0.155,0,0,2,0,0,0,0,0,0,0,0.1531730769230769
4519,ê¥êÖçπé˜,4,35,5,4,6,0.15457142857142858,0,0,4,1,0,0,0,0,0,0,0.1531730769230769
4519,ê¥êÖçπé˜,5,28,0,4,4,0.14357142857142854,0,0,0,0,0,0,0,0,0,0,0.1531730769230769
4519,ê¥êÖçπé˜,6,32,1,4,4,0.1446875,0,0,1,0,0,0,0,0,0,0,0.1531730769230769
4520,çÇëqçFëæ,1,41,21,11,3,0.1451219512195122,20,0,0,0,1,0,9,5,3,0,0.15724806201550387
4520,çÇëqçFëæ,2,47,3,13,9,0.14702127659574468,1,2,0,0,0,0,0,0,0,23,0.15724806201550387
4520,çÇëqçFëæ,3,41,7,5,5,0.15073170731707317,0,0,3,2,2,0,0,0,0,0,0.15724806201550387
4520,çÇëqçFëæ,4,43,5,6,8,0.1586046511627907,0,0,2,1,2,0,0,0,0,0,0.15724806201550387
4520,çÇëqçFëæ,5,44,4,8,6,0.17886363636363636,0,0,0,2,1,1,0,0,0,0,0.15724806201550387
4520,çÇëqçFëæ,6,42,1,3,9,0.16285714285714287,0,0,0,1,0,0,0,0,0,0,0.15724806201550387
4521,è¨íråˆê∂,1,22,13,1,1,0.18636363636363634,13,0,0,0,0,0,1,4,2,0,0.1953020134228188
4521,è¨íråˆê∂,2,26,3,4,7,0.2107692307692308,0,2,1,0,0,0,0,0,0,10,0.1953020134228188
4521,è¨íråˆê∂,3,31,1,9,8,0.1732258064516129,0,0,0,1,0,0,0,0,0,0,0.1953020134228188
4521,è¨íråˆê∂,4,26,1,3,10,0.1926923076923077,0,0,0,0,1,0,0,0,0,0,0.1953020134228188
4521,è¨íråˆê∂,5,24,2,4,5,0.18875,0,0,0,2,0,0,0,0,0,0,0.1953020134228188
4521,è¨íråˆê∂,6,20,1,0,2,0.2305,0,0,0,1,0,0,0,0,0,0,0.1953020134228188
4522,å√‡VåıãI,1,51,45,4,1,0.11725490196078432,44,0,0,0,1,0,3,1,2,0,0.14125
4522,å√‡VåıãI,2,26,4,9,6,0.14307692307692307,0,2,2,0,0,0,0,0,0,14,0.14125
4522,å√‡VåıãI,3,33,5,8,12,0.13090909090909092,0,1,2,2,0,0,0,0,0,0,0.14125
4522,å√‡VåıãI,4,39,11,7,8,0.1517948717948718,0,1,6,3,0,1,0,0,0,0,0.14125
4522,å√‡VåıãI,5,30,1,3,6,0.157,0,0,1,0,0,0,0,0,0,0,0.14125
4522,å√‡VåıãI,6,29,3,4,5,0.1631034482758621,0,1,0,2,0,0,0,0,0,0,0.14125
4523,íÜë∫íCñÁ,1,47,32,7,2,0.13936170212765958,32,0,0,0,0,0,4,4,4,0,0.14177685950413224
4523,íÜë∫íCñÁ,2,49,9,14,9,0.13224489795918368,0,5,4,0,0,0,0,0,0,29,0.14177685950413224
4523,íÜë∫íCñÁ,3,38,13,6,3,0.13973684210526316,0,3,7,3,0,0,0,0,0,0,0.14177685950413224
4523,íÜë∫íCñÁ,4,36,4,7,13,0.15611111111111112,0,3,1,0,0,0,0,0,0,0,0.14177685950413224
4523,íÜë∫íCñÁ,5,38,3,9,5,0.1363157894736842,0,0,1,1,1,0,0,0,0,0,0.14177685950413224
4523,íÜë∫íCñÁ,6,34,1,3,6,0.15205882352941177,0,0,1,0,0,0,0,0,0,0,0.14177685950413224
4524,ê[íJímîé,1,44,29,5,6,0.10272727272727274,28,0,0,0,1,0,4,6,3,0,0.11712499999999999
4524,ê[íJímîé,2,39,10,10,9,0.11820512820512821,0,9,1,0,0,0,0,0,0,23,0.11712499999999999
4524,ê[íJímîé,3,38,6,10,8,0.12894736842105264,0,1,1,4,0,0,0,0,0,0,0.11712499999999999
4524,ê[íJímîé,4,42,3,11,8,0.12214285714285714,0,2,0,0,1,0,0,0,0,0,0.11712499999999999
4524,ê[íJímîé,5,39,6,8,4,0.12743589743589742,0,0,0,3,3,0,0,0,0,0,0.11712499999999999
4524,ê[íJímîé,6,38,3,4,4,0.10473684210526316,0,0,1,2,0,0,0,0,0,0,0.11712499999999999
4525,ê^éqìﬁí√é¿,1,39,18,6,7,0.13256410256410256,18,0,0,0,0,0,6,10,4,0,0.14865671641791045
4525,ê^éqìﬁí√é¿,2,33,3,8,8,0.1575757575757576,0,0,3,0,0,0,0,0,0,18,0.14865671641791045
4525,ê^éqìﬁí√é¿,3,29,6,5,5,0.12724137931034482,0,1,3,2,0,0,0,0,0,0,0.14865671641791045
4525,ê^éqìﬁí√é¿,4,34,2,6,3,0.16058823529411764,0,1,1,0,0,0,0,0,0,0,0.14865671641791045
4525,ê^éqìﬁí√é¿,5,33,2,7,1,0.1503030303030303,0,0,0,2,0,0,0,0,0,0,0.14865671641791045
4525,ê^éqìﬁí√é¿,6,33,0,3,6,0.16363636363636364,0,0,0,0,0,0,0,0,0,0,0.14865671641791045
4526,írìcóYóS,1,36,28,5,1,0.13555555555555554,27,0,0,0,1,0,1,3,2,0,0.12989071038251365
4526,írìcóYóS,2,32,6,8,12,0.1325,0,6,0,0,0,0,0,0,0,21,0.12989071038251365
4526,írìcóYóS,3,29,5,6,8,0.12482758620689656,0,0,4,0,1,0,0,0,0,0,0.12989071038251365
4526,írìcóYóS,4,27,6,3,5,0.10037037037037037,0,0,5,1,0,0,0,0,0,0,0.12989071038251365
4526,írìcóYóS,5,28,1,5,7,0.14142857142857143,0,0,0,1,0,0,0,0,0,0,0.12989071038251365
4526,írìcóYóS,6,31,1,3,10,0.1406451612903226,0,0,0,1,0,0,0,0,0,0,0.12989071038251365
4527,çÇñÏêSå·,1,27,11,4,2,0.16185185185185186,11,0,0,0,0,0,7,7,1,0,0.1786910994764398
4527,çÇñÏêSå·,2,37,0,7,3,0.1572972972972973,0,0,0,0,0,0,0,0,0,16,0.1786910994764398
4527,çÇñÏêSå·,3,33,3,4,3,0.16272727272727272,0,0,2,0,1,0,0,0,0,0,0.1786910994764398
4527,çÇñÏêSå·,4,32,1,4,8,0.1915625,0,0,1,0,0,0,0,0,0,0,0.1786910994764398
4527,çÇñÏêSå·,5,36,0,2,6,0.18861111111111112,0,0,0,0,0,0,0,0,0,0,0.1786910994764398
4527,çÇñÏêSå·,6,26,0,0,1,0.2173076923076923,0,0,0,0,0,0,0,0,0,0,0.1786910994764398
4528,çïà‰íBñÓ,1,48,35,5,1,0.14166666666666666,31,0,0,0,3,1,1,5,4,0,0.14923387096774193
4528,çïà‰íBñÓ,2,40,10,13,5,0.148,0,7,3,0,0,0,0,0,0,25,0.14923387096774193
4528,çïà‰íBñÓ,3,48,7,11,14,0.15375,0,0,0,7,0,0,0,0,0,0,0.14923387096774193
4528,çïà‰íBñÓ,4,34,12,6,3,0.14323529411764707,0,4,3,5,0,0,0,0,0,0,0.14923387096774193
4528,çïà‰íBñÓ,5,42,4,7,7,0.15142857142857144,0,1,0,3,0,0,0,0,0,0,0.14923387096774193
4528,çïà‰íBñÓ,6,36,6,6,9,0.15777777777777777,0,2,0,4,0,0,0,0,0,0,0.14923387096774193
4529,ìàã`êM,1,36,23,2,9,0.12805555555555556,21,0,1,0,1,0,4,3,4,0,0.14291866028708133
4529,ìàã`êM,2,32,3,8,7,0.1225,0,3,0,0,0,0,0,0,0,21,0.14291866028708133
4529,ìàã`êM,3,37,5,11,8,0.13162162162162164,0,1,0,3,0,1,0,0,0,0,0.14291866028708133
4529,ìàã`êM,4,38,4,10,7,0.13421052631578947,0,1,3,0,0,0,0,0,0,0,0.14291866028708133
4529,ìàã`êM,5,34,2,2,6,0.14911764705882355,0,1,0,1,0,0,0,0,0,0,0.14291866028708133
4529,ìàã`êM,6,32,2,1,5,0.196875,0,0,0,2,0,0,0,0,0,0,0.14291866028708133
4530,è¨ñÏê∂ìﬁ,1,38,27,1,5,0.12263157894736842,26,0,0,0,1,0,2,1,6,0,0.1489156626506024
4530,è¨ñÏê∂ìﬁ,2,25,10,2,4,0.1612,0,3,6,0,1,0,0,0,0,8,0.1489156626506024
4530,è¨ñÏê∂ìﬁ,3,23,5,8,7,0.1282608695652174,0,0,4,0,1,0,0,0,0,0,0.1489156626506024
4530,è¨ñÏê∂ìﬁ,4,24,5,1,7,0.15083333333333335,0,1,2,1,1,0,0,0,0,0,0.1489156626506024
4530,è¨ñÏê∂ìﬁ,5,19,2,3,4,0.14789473684210527,0,0,2,0,0,0,0,0,0,0,0.1489156626506024
4530,è¨ñÏê∂ìﬁ,6,37,3,5,5,0.17972972972972973,0,1,0,1,1,0,0,0,0,0,0.1489156626506024
4531,ïêïxíqó∫,1,41,35,2,2,0.12609756097560976,34,0,0,0,1,0,3,2,1,0,0.146697247706422
4531,ïêïxíqó∫,2,34,9,8,4,0.15558823529411764,0,5,3,0,1,0,0,0,0,13,0.146697247706422
4531,ïêïxíqó∫,3,42,5,12,6,0.14047619047619048,0,0,3,2,0,0,0,0,0,0,0.146697247706422
4531,ïêïxíqó∫,4,34,3,9,5,0.14558823529411766,0,1,2,0,0,0,0,0,0,0,0.146697247706422
4531,ïêïxíqó∫,5,32,3,1,6,0.174375,0,0,0,3,0,0,0,0,0,0,0.146697247706422
4531,ïêïxíqó∫,6,35,1,4,9,0.14542857142857143,0,0,0,1,0,0,0,0,0,0,0.146697247706422
4532,èHå≥ìN,1,61,41,8,7,0.13262295081967213,40,0,0,0,1,0,3,8,5,0,0.1418359375
4532,èHå≥ìN,2,38,6,13,3,0.14368421052631578,0,4,1,0,1,0,0,0,0,20,0.1418359375
4532,èHå≥ìN,3,39,15,8,6,0.14256410256410257,0,2,7,5,1,0,0,0,0,0,0.1418359375
4532,èHå≥ìN,4,43,8,11,7,0.14348837209302326,0,1,2,3,2,0,0,0,0,0,0.1418359375
4532,èHå≥ìN,5,36,4,10,13,0.1275,0,1,1,2,0,0,0,0,0,0,0.1418359375
4532,èHå≥ìN,6,39,2,4,13,0.16512820512820514,0,1,0,1,0,0,0,0,0,0,0.1418359375
4533,ïÙèdò–é°,1,43,19,15,5,0.176046511627907,19,0,0,0,0,0,10,1,12,0,0.1673568281938326
4533,ïÙèdò–é°,2,28,5,8,3,0.16964285714285715,0,3,2,0,0,0,0,0,0,14,0.1673568281938326
4533,ïÙèdò–é°,3,40,6,12,5,0.166,0,0,5,1,0,0,0,0,0,0,0.1673568281938326
4533,ïÙèdò–é°,4,38,10,7,8,0.16078947368421054,0,1,8,1,0,0,0,0,0,0,0.1673568281938326
4533,ïÙèdò–é°,5,34,2,5,6,0.1585294117647059,0,0,1,1,0,0,0,0,0,0,0.1673568281938326
4533,ïÙèdò–é°,6,44,0,5,6,0.17113636363636364,0,0,0,0,0,0,0,0,0,0,0.1673568281938326
4534,ç‚çÁóFóù,1,24,5,3,4,0.2125,5,0,0,0,0,0,5,10,3,0,0.19291970802919708
4534,ç‚çÁóFóù,2,27,1,2,9,0.1925925925925926,0,1,0,0,0,0,0,0,0,14,0.19291970802919708
4534,ç‚çÁóFóù,3,24,1,4,3,0.19000000000000003,0,0,1,0,0,0,0,0,0,0,0.19291970802919708
4534,ç‚çÁóFóù,4,21,1,4,6,0.1780952380952381,0,1,0,0,0,0,0,0,0,0,0.19291970802919708
4534,ç‚çÁóFóù,5,22,1,0,2,0.18999999999999997,0,0,1,0,0,0,0,0,0,0,0.19291970802919708
4534,ç‚çÁóFóù,6,19,0,0,2,0.19210526315789475,0,0,0,0,0,0,0,0,0,0,0.19291970802919708
4535,ñkéRçNâÓ,1,55,37,12,1,0.15381818181818183,35,0,0,0,2,0,7,4,5,0,0.14041284403669724
4535,ñkéRçNâÓ,2,32,9,10,6,0.14875,0,5,4,0,0,0,0,0,0,11,0.14041284403669724
4535,ñkéRçNâÓ,3,34,5,12,10,0.1326470588235294,0,1,1,2,1,0,0,0,0,0,0.14041284403669724
4535,ñkéRçNâÓ,4,34,8,9,6,0.14911764705882355,0,2,5,0,1,0,0,0,0,0,0.14041284403669724
4535,ñkéRçNâÓ,5,25,3,7,3,0.12120000000000002,0,0,1,1,1,0,0,0,0,0,0.14041284403669724
4535,ñkéRçNâÓ,6,38,6,5,14,0.12578947368421053,0,1,3,2,0,0,0,0,0,0,0.14041284403669724
4536,äÏà‰Ç¬Ç©Ç≥,1,52,32,14,2,0.13615384615384615,27,0,0,0,4,1,10,5,2,0,0.163201581027668
4536,äÏà‰Ç¬Ç©Ç≥,2,42,5,14,10,0.15666666666666668,0,4,1,0,0,0,0,0,0,21,0.163201581027668
4536,äÏà‰Ç¬Ç©Ç≥,3,40,6,11,11,0.16675,0,1,3,0,1,1,0,0,0,0,0.163201581027668
4536,äÏà‰Ç¬Ç©Ç≥,4,45,6,11,17,0.16066666666666668,0,0,0,5,1,0,0,0,0,0,0.163201581027668
4536,äÏà‰Ç¬Ç©Ç≥,5,34,0,6,9,0.1861764705882353,0,0,0,0,0,0,0,0,0,0,0.163201581027668
4536,äÏà‰Ç¬Ç©Ç≥,6,40,0,7,7,0.185,0,0,0,0,0,0,0,0,0,0,0.163201581027668
4537,ìnÁ≥òaè´,1,55,45,6,1,0.11036363636363637,45,0,0,0,0,0,3,3,3,0,0.1188655462184874
4537,ìnÁ≥òaè´,2,40,10,13,5,0.10300000000000001,0,5,4,0,0,1,0,0,0,22,0.1188655462184874
4537,ìnÁ≥òaè´,3,34,9,8,8,0.11558823529411766,0,1,2,5,1,0,0,0,0,0,0.1188655462184874
4537,ìnÁ≥òaè´,4,35,9,9,7,0.11,1,2,3,2,0,1,0,0,0,0,0.1188655462184874
4537,ìnÁ≥òaè´,5,33,4,6,5,0.12575757575757576,0,0,2,2,0,0,0,0,0,0,0.1188655462184874
4537,ìnÁ≥òaè´,6,41,3,3,8,0.15048780487804878,0,0,2,1,0,0,0,0,0,0,0.1188655462184874
4538,ä}íuîéîV,1,36,19,10,3,0.1338888888888889,18,0,0,0,1,0,4,3,7,0,0.15245689655172412
4538,ä}íuîéîV,2,40,12,10,4,0.15875,0,7,5,0,0,0,0,0,0,19,0.15245689655172412
4538,ä}íuîéîV,3,45,5,12,9,0.156,0,0,3,2,0,0,0,0,0,0,0.15245689655172412
4538,ä}íuîéîV,4,38,7,4,10,0.14342105263157895,0,1,1,5,0,0,0,0,0,0,0.15245689655172412
4538,ä}íuîéîV,5,32,3,3,3,0.165625,0,0,1,2,0,0,0,0,0,0,0.15245689655172412
4538,ä}íuîéîV,6,41,1,7,7,0.15682926829268293,0,0,1,0,0,0,0,0,0,0,0.15245689655172412
4539,ã‡éqå´éu,1,51,34,9,2,0.14470588235294118,34,0,0,0,0,0,4,2,8,0,0.1450557620817844
4539,ã‡éqå´éu,2,47,10,12,11,0.14404255319148937,0,3,7,0,0,0,0,0,0,27,0.1450557620817844
4539,ã‡éqå´éu,3,42,10,11,9,0.14238095238095239,0,0,7,1,1,1,0,0,0,0,0.1450557620817844
4539,ã‡éqå´éu,4,49,16,7,6,0.1463265306122449,0,1,13,2,0,0,0,0,0,0,0.1450557620817844
4539,ã‡éqå´éu,5,44,4,8,6,0.1318181818181818,0,0,2,2,0,0,0,0,0,0,0.1450557620817844
4539,ã‡éqå´éu,6,36,3,4,6,0.16444444444444445,0,0,2,0,1,0,0,0,0,0,0.1450557620817844
4540,ëäå¥óòèÕ,1,40,28,5,2,0.12175,27,0,0,0,1,0,3,6,1,0,0.12678571428571428
4540,ëäå¥óòèÕ,2,36,4,11,12,0.1336111111111111,0,1,2,0,1,0,0,0,0,19,0.12678571428571428
4540,ëäå¥óòèÕ,3,41,6,12,7,0.10878048780487805,0,2,2,1,1,0,0,0,0,0,0.12678571428571428
4540,ëäå¥óòèÕ,4,36,2,9,11,0.13694444444444442,0,2,0,0,0,0,0,0,0,0,0.12678571428571428
4540,ëäå¥óòèÕ,5,34,4,2,13,0.12176470588235296,0,2,1,1,0,0,0,0,0,0,0.12678571428571428
4540,ëäå¥óòèÕ,6,37,0,2,4,0.14027027027027028,0,0,0,0,0,0,0,0,0,0,0.12678571428571428
4543,èdñÿãPïF,1,52,36,6,3,0.15557692307692308,31,0,0,0,5,0,6,2,7,0,0.17285714285714288
4543,èdñÿãPïF,2,41,2,13,12,0.15390243902439024,0,2,0,0,0,0,0,0,0,31,0.17285714285714288
4543,èdñÿãPïF,3,43,11,9,12,0.15534883720930234,0,0,3,6,2,0,0,0,0,0,0.17285714285714288
4543,èdñÿãPïF,4,41,1,11,15,0.19999999999999998,0,0,1,0,0,0,0,0,0,0,0.17285714285714288
4543,èdñÿãPïF,5,38,1,7,9,0.1986842105263158,0,0,0,0,1,0,0,0,0,0,0.17285714285714288
4543,èdñÿãPïF,6,37,3,7,9,0.1818918918918919,0,0,0,2,1,0,0,0,0,0,0.17285714285714288
4544,èºìcëÂéuòY,1,71,58,5,5,0.14661971830985915,54,0,0,0,4,0,5,5,2,0,0.16014492753623188
4544,èºìcëÂéuòY,2,45,15,15,10,0.1517777777777778,1,7,7,0,0,0,0,0,0,18,0.16014492753623188
4544,èºìcëÂéuòY,3,35,10,7,4,0.1657142857142857,0,0,6,2,2,0,0,0,0,0,0.16014492753623188
4544,èºìcëÂéuòY,4,38,16,6,9,0.13526315789473684,0,3,11,1,1,0,0,0,0,0,0.16014492753623188
4544,èºìcëÂéuòY,5,39,4,9,8,0.17717948717948717,0,0,1,2,1,0,0,0,0,0,0.16014492753623188
4544,èºìcëÂéuòY,6,48,4,11,10,0.18979166666666666,0,1,0,2,1,0,0,0,0,0,0.16014492753623188
4545,â™ë∫åcëæ,1,76,64,7,0,0.11763157894736842,60,0,0,0,4,0,6,2,2,0,0.1303960396039604
4545,â™ë∫åcëæ,2,49,11,16,8,0.1404081632653061,0,10,0,0,1,0,0,0,0,30,0.1303960396039604
4545,â™ë∫åcëæ,3,47,8,24,3,0.11936170212765958,0,2,3,3,0,0,0,0,0,0,0.1303960396039604
4545,â™ë∫åcëæ,4,44,5,11,11,0.125,0,2,0,2,1,0,0,0,0,0,0.1303960396039604
4545,â™ë∫åcëæ,5,44,4,7,12,0.13113636363636363,0,1,1,2,0,0,0,0,0,0,0.1303960396039604
4545,â™ë∫åcëæ,6,43,3,6,10,0.15837209302325583,0,1,0,2,0,0,0,0,0,0,0.1303960396039604
4546,ïlìcàüóùçπ,1,61,39,10,1,0.14852459016393443,38,0,0,0,1,0,7,10,5,0,0.14835205992509362
4546,ïlìcàüóùçπ,2,49,12,18,8,0.15306122448979592,0,8,3,0,1,0,0,0,0,22,0.14835205992509362
4546,ïlìcàüóùçπ,3,39,9,15,4,0.13205128205128205,0,2,3,3,1,0,0,0,0,0,0.14835205992509362
4546,ïlìcàüóùçπ,4,45,9,10,10,0.13999999999999999,0,2,1,3,3,0,0,0,0,0,0.14835205992509362
4546,ïlìcàüóùçπ,5,36,5,13,6,0.1425,0,1,1,1,2,0,0,0,0,0,0.14835205992509362
4546,ïlìcàüóùçπ,6,37,4,7,10,0.17486486486486486,0,0,0,2,2,0,0,0,0,0,0.14835205992509362
4547,íÜìcó≥ëæ,1,45,30,6,5,0.14733333333333334,30,0,0,0,0,0,0,4,7,0,0.14592000000000002
4547,íÜìcó≥ëæ,2,43,12,12,8,0.1304651162790698,0,8,3,1,0,0,0,0,0,21,0.14592000000000002
4547,íÜìcó≥ëæ,3,41,4,11,10,0.13634146341463416,0,0,1,2,1,0,0,0,0,0,0.14592000000000002
4547,íÜìcó≥ëæ,4,42,7,11,9,0.1376190476190476,0,3,1,1,2,0,0,0,0,0,0.14592000000000002
4547,íÜìcó≥ëæ,5,39,6,8,7,0.15487179487179487,0,1,2,2,1,0,0,0,0,0,0.14592000000000002
4547,íÜìcó≥ëæ,6,40,1,8,9,0.17075,0,0,0,1,0,0,0,0,0,0,0.14592000000000002
4549,è¨ó—ï∂ïF,1,30,20,4,2,0.157,20,0,0,0,0,0,2,2,5,0,0.18247572815533983
4549,è¨ó—ï∂ïF,2,35,4,12,9,0.1922857142857143,0,2,1,0,1,0,0,0,0,16,0.18247572815533983
4549,è¨ó—ï∂ïF,3,33,4,9,8,0.17575757575757575,0,1,3,0,0,0,0,0,0,0,0.18247572815533983
4549,è¨ó—ï∂ïF,4,39,1,9,12,0.20282051282051283,0,1,0,0,0,0,0,0,0,0,0.18247572815533983
4549,è¨ó—ï∂ïF,5,36,6,2,10,0.1622222222222222,0,2,0,3,1,0,0,0,0,0,0.18247572815533983
4549,è¨ó—ï∂ïF,6,33,0,1,4,0.19999999999999998,0,0,0,0,0,0,0,0,0,0,0.18247572815533983
4550,êŒâ™è´ëæ,1,28,14,3,3,0.15785714285714286,14,0,0,0,0,0,7,4,1,0,0.1603883495145631
4550,êŒâ™è´ëæ,2,37,4,7,4,0.16648648648648648,0,3,1,0,0,0,0,0,0,17,0.1603883495145631
4550,êŒâ™è´ëæ,3,39,2,9,9,0.1582051282051282,0,0,0,1,1,0,0,0,0,0,0.1603883495145631
4550,êŒâ™è´ëæ,4,36,0,4,3,0.16916666666666666,0,0,0,0,0,0,0,0,0,0,0.1603883495145631
4550,êŒâ™è´ëæ,5,37,2,6,2,0.14972972972972973,0,1,0,1,0,0,0,0,0,0,0.1603883495145631
4550,êŒâ™è´ëæ,6,29,0,2,6,0.1606896551724138,0,0,0,0,0,0,0,0,0,0,0.1603883495145631
4551,éOêÏçVã≈,1,45,25,11,3,0.13933333333333334,23,0,0,0,2,0,5,4,9,0,0.15995850622406638
4551,éOêÏçVã≈,2,39,4,14,9,0.17794871794871797,1,3,0,0,0,0,0,0,0,20,0.15995850622406638
4551,éOêÏçVã≈,3,37,8,8,8,0.15783783783783784,0,0,5,3,0,0,0,0,0,0,0.15995850622406638
4551,éOêÏçVã≈,4,44,5,7,12,0.16522727272727275,0,0,2,1,2,0,0,0,0,0,0.15995850622406638
4551,éOêÏçVã≈,5,34,2,5,9,0.1773529411764706,0,0,0,2,0,0,0,0,0,0,0.15995850622406638
4551,éOêÏçVã≈,6,42,1,5,14,0.14761904761904762,0,0,0,1,0,0,0,0,0,0,0.15995850622406638
4552,êôéRèüãß,1,25,12,4,4,0.11960000000000001,11,0,0,0,1,0,5,3,2,0,0.14272321428571427
4552,êôéRèüãß,2,53,9,10,4,0.159811320754717,0,8,0,1,0,0,0,0,0,28,0.14272321428571427
4552,êôéRèüãß,3,41,8,7,8,0.12170731707317074,0,0,5,3,0,0,0,0,0,0,0.14272321428571427
4552,êôéRèüãß,4,41,9,4,5,0.15951219512195122,0,5,3,0,0,1,0,0,0,0,0.14272321428571427
4552,êôéRèüãß,5,39,6,2,2,0.14282051282051283,0,1,1,2,2,0,0,0,0,0,0.14272321428571427
4552,êôéRèüãß,6,25,2,3,3,0.1364,0,0,2,0,0,0,0,0,0,0,0.14272321428571427
4553,íÿå˚ó≥ñÁ,1,38,25,7,2,0.12421052631578947,25,0,0,0,0,0,5,4,3,0,0.14985365853658536
4553,íÿå˚ó≥ñÁ,2,36,8,12,5,0.13527777777777777,0,7,1,0,0,0,0,0,0,15,0.14985365853658536
4553,íÿå˚ó≥ñÁ,3,38,6,14,10,0.15078947368421053,0,1,0,5,0,0,0,0,0,0,0.14985365853658536
4553,íÿå˚ó≥ñÁ,4,33,1,11,10,0.1621212121212121,0,1,0,0,0,0,0,0,0,0,0.14985365853658536
4553,íÿå˚ó≥ñÁ,5,30,1,7,11,0.157,0,0,0,0,1,0,0,0,0,0,0.14985365853658536
4553,íÿå˚ó≥ñÁ,6,30,1,0,8,0.178,0,0,0,1,0,0,0,0,0,0,0.14985365853658536
4555,ïxâiëÂàÍ,1,28,11,6,2,0.2017857142857143,9,0,0,0,2,0,1,6,6,0,0.1838659793814433
4555,ïxâiëÂàÍ,2,32,5,8,4,0.163125,0,3,2,0,0,0,0,0,0,12,0.1838659793814433
4555,ïxâiëÂàÍ,3,37,6,5,7,0.192972972972973,0,1,1,3,1,0,0,0,0,0,0.1838659793814433
4555,ïxâiëÂàÍ,4,35,3,8,9,0.1834285714285714,0,0,1,1,1,0,0,0,0,0,0.1838659793814433
4555,ïxâiëÂàÍ,5,30,2,2,7,0.17633333333333334,0,0,0,2,0,0,0,0,0,0,0.1838659793814433
4555,ïxâiëÂàÍ,6,32,0,1,3,0.1859375,0,0,0,0,0,0,0,0,0,0,0.1838659793814433
4556,í|à‰ìﬁî¸,1,2,1,0,1,0.12,1,0,0,0,0,0,1,0,0,0,0.177
4556,í|à‰ìﬁî¸,2,2,0,1,0,0.245,0,0,0,0,0,0,0,0,0,1,0.177
4556,í|à‰ìﬁî¸,3,2,0,0,2,0.14,0,0,0,0,0,0,0,0,0,0,0.177
4556,í|à‰ìﬁî¸,4,2,1,0,1,0.175,0,0,1,0,0,0,0,0,0,0,0.177
4556,í|à‰ìﬁî¸,5,1,1,0,0,0.13,0,0,0,1,0,0,0,0,0,0,0.177
4556,í|à‰ìﬁî¸,6,1,0,0,0,0.28,0,0,0,0,0,0,0,0,0,0,0.177
4557,èºîˆåıçL,1,23,11,5,3,0.15434782608695652,11,0,0,0,0,0,4,2,4,0,0.1793220338983051
4557,èºîˆåıçL,2,36,4,9,8,0.18000000000000002,0,3,0,0,1,0,0,0,0,17,0.1793220338983051
4557,èºîˆåıçL,3,31,3,5,4,0.17129032258064517,0,0,1,2,0,0,0,0,0,0,0.1793220338983051
4557,èºîˆåıçL,4,29,2,6,7,0.15482758620689657,0,1,1,0,0,0,0,0,0,0,0.1793220338983051
4557,èºîˆåıçL,5,35,1,5,5,0.20800000000000002,0,1,0,0,0,0,0,0,0,0,0.1793220338983051
4557,èºîˆåıçL,6,23,0,1,4,0.20130434782608694,0,0,0,0,0,0,0,0,0,0,0.1793220338983051
4558,ã{ñÏêm,1,30,9,7,8,0.18466666666666667,9,0,0,0,0,0,4,7,6,0,0.19666666666666666
4558,ã{ñÏêm,2,31,3,5,3,0.207741935483871,0,2,0,0,1,0,0,0,0,15,0.19666666666666666
4558,ã{ñÏêm,3,36,6,6,9,0.1775,0,2,4,0,0,0,0,0,0,0,0.19666666666666666
4558,ã{ñÏêm,4,34,3,3,12,0.1976470588235294,0,3,0,0,0,0,0,0,0,0,0.19666666666666666
4558,ã{ñÏêm,5,34,0,6,4,0.18823529411764706,0,0,0,0,0,0,0,0,0,0,0.19666666666666666
4558,ã{ñÏêm,6,27,0,2,5,0.23222222222222222,0,0,0,0,0,0,0,0,0,0,0.19666666666666666
4560,èØéié˜ó«ÅX,1,35,16,3,6,0.17885714285714285,13,1,0,0,2,0,1,12,4,0,0.14576354679802955
4560,èØéié˜ó«ÅX,2,36,5,11,9,0.13166666666666668,0,3,1,0,1,0,0,0,0,17,0.14576354679802955
4560,èØéié˜ó«ÅX,3,30,2,5,8,0.142,0,0,1,1,0,0,0,0,0,0,0.14576354679802955
4560,èØéié˜ó«ÅX,4,37,9,11,3,0.12594594594594594,0,2,3,2,2,0,0,0,0,0,0.14576354679802955
4560,èØéié˜ó«ÅX,5,35,3,5,7,0.13771428571428573,0,0,0,3,0,0,0,0,0,0,0.14576354679802955
4560,èØéié˜ó«ÅX,6,30,0,1,8,0.16166666666666665,0,0,0,0,0,0,0,0,0,0,0.14576354679802955
4561,ì°éR„ƒëÂ,1,48,25,5,4,0.22291666666666665,24,0,0,0,1,0,5,8,5,0,0.21353982300884955
4561,ì°éR„ƒëÂ,2,31,4,7,6,0.19064516129032258,0,0,4,0,0,0,0,0,0,14,0.21353982300884955
4561,ì°éR„ƒëÂ,3,29,9,7,6,0.22482758620689652,0,1,7,0,0,1,0,0,0,0,0.21353982300884955
4561,ì°éR„ƒëÂ,4,44,14,9,2,0.205,0,0,13,0,1,0,0,0,0,0,0.21353982300884955
4561,ì°éR„ƒëÂ,5,36,6,4,4,0.22499999999999998,0,0,4,1,0,1,0,0,0,0,0.21353982300884955
4561,ì°éR„ƒëÂ,6,38,8,3,5,0.21078947368421053,0,1,6,0,0,1,0,0,0,0,0.21353982300884955
4562,ç„ñ{óEâÓ,1,27,8,9,3,0.17074074074074075,8,0,0,0,0,0,4,4,8,0,0.18173333333333333
4562,ç„ñ{óEâÓ,2,43,3,7,9,0.1930232558139535,1,2,0,0,0,0,0,0,0,25,0.18173333333333333
4562,ç„ñ{óEâÓ,3,41,3,5,11,0.18097560975609756,0,0,2,1,0,0,0,0,0,0,0.18173333333333333
4562,ç„ñ{óEâÓ,4,36,3,2,7,0.15361111111111111,0,0,2,1,0,0,0,0,0,0,0.18173333333333333
4562,ç„ñ{óEâÓ,5,42,0,1,12,0.19095238095238093,0,0,0,0,0,0,0,0,0,0,0.18173333333333333
4562,ç„ñ{óEâÓ,6,36,1,1,5,0.1947222222222222,0,0,1,0,0,0,0,0,0,0,0.18173333333333333
4563,‚Vì°ê^îV,1,27,8,6,5,0.15037037037037038,8,0,0,0,0,0,6,6,5,0,0.18074766355140187
4563,‚Vì°ê^îV,2,47,1,5,6,0.17978723404255317,0,0,0,1,0,0,0,0,0,28,0.18074766355140187
4563,‚Vì°ê^îV,3,38,1,5,6,0.19,0,0,1,0,0,0,0,0,0,0,0.18074766355140187
4563,‚Vì°ê^îV,4,36,1,3,7,0.18555555555555558,0,0,0,1,0,0,0,0,0,0,0.18074766355140187
4563,‚Vì°ê^îV,5,40,3,2,5,0.179,0,0,1,2,0,0,0,0,0,0,0.18074766355140187
4563,‚Vì°ê^îV,6,26,1,2,0,0.19653846153846155,0,0,0,1,0,0,0,0,0,0,0.18074766355140187
4564,éRñ{åiémòY,1,41,18,9,5,0.14536585365853658,17,0,0,0,1,0,6,11,4,0,0.15728682170542635
4564,éRñ{åiémòY,2,46,5,10,11,0.15217391304347827,0,4,0,0,0,1,0,0,0,23,0.15728682170542635
4564,éRñ{åiémòY,3,46,5,17,7,0.14326086956521739,0,1,3,1,0,0,0,0,0,0,0.15728682170542635
4564,éRñ{åiémòY,4,40,2,7,5,0.15875,0,0,2,0,0,0,0,0,0,0,0.15728682170542635
4564,éRñ{åiémòY,5,45,1,5,5,0.182,0,0,1,0,0,0,0,0,0,0,0.15728682170542635
4564,éRñ{åiémòY,6,40,0,4,3,0.16225,0,0,0,0,0,0,0,0,0,0,0.15728682170542635
4565,êºë∫çãóm,1,28,13,5,2,0.17785714285714288,10,0,0,0,3,0,4,3,2,0,0.16181347150259068
4565,êºë∫çãóm,2,35,5,5,12,0.16028571428571428,0,4,0,0,1,0,0,0,0,18,0.16181347150259068
4565,êºë∫çãóm,3,36,3,4,5,0.1725,0,1,1,1,0,0,0,0,0,0,0.16181347150259068
4565,êºë∫çãóm,4,29,2,3,7,0.1482758620689655,0,0,1,1,0,0,0,0,0,0,0.16181347150259068
4565,êºë∫çãóm,5,38,2,5,7,0.14894736842105263,0,0,0,2,0,0,0,0,0,0,0.16181347150259068
4565,êºë∫çãóm,6,27,2,2,9,0.16555555555555554,0,1,0,1,0,0,0,0,0,0,0.16181347150259068
4566,âñìcñkìl,1,72,61,2,5,0.13444444444444445,57,0,0,0,4,0,2,3,5,0,0.13224832214765103
4566,âñìcñkìl,2,44,13,11,10,0.12704545454545454,1,9,2,0,1,0,0,0,0,27,0.13224832214765103
4566,âñìcñkìl,3,56,14,17,9,0.14142857142857143,1,1,2,10,0,0,0,0,0,0,0.13224832214765103
4566,âñìcñkìl,4,42,7,10,11,0.12952380952380954,0,1,4,2,0,0,0,0,0,0,0.13224832214765103
4566,âñìcñkìl,5,44,5,14,7,0.1325,0,1,2,1,1,0,0,0,0,0,0.13224832214765103
4566,âñìcñkìl,6,40,2,8,10,0.12375,0,1,0,1,0,0,0,0,0,0,0.13224832214765103
4567,è„ë∫êTëæòY,1,19,4,6,5,0.1773684210526316,4,0,0,0,0,0,5,2,6,0,0.22137724550898202
4567,è„ë∫êTëæòY,2,37,0,10,8,0.19972972972972972,0,0,0,0,0,0,0,0,0,18,0.22137724550898202
4567,è„ë∫êTëæòY,3,32,0,3,6,0.206875,0,0,0,0,0,0,0,0,0,0,0.22137724550898202
4567,è„ë∫êTëæòY,4,34,0,7,4,0.2373529411764706,0,0,0,0,0,0,0,0,0,0,0.22137724550898202
4567,è„ë∫êTëæòY,5,28,0,0,3,0.24642857142857144,0,0,0,0,0,0,0,0,0,0,0.22137724550898202
4567,è„ë∫êTëæòY,6,17,0,0,2,0.27176470588235296,0,0,0,0,0,0,0,0,0,0,0.22137724550898202
4568,úAê£ê^ñÁ,1,33,20,5,2,0.12333333333333334,20,0,0,0,0,0,3,7,2,0,0.14537688442211055
4568,úAê£ê^ñÁ,2,36,6,6,7,0.14777777777777779,0,3,2,1,0,0,0,0,0,19,0.14537688442211055
4568,úAê£ê^ñÁ,3,39,7,5,9,0.14487179487179488,0,2,1,3,1,0,0,0,0,0,0.14537688442211055
4568,úAê£ê^ñÁ,4,29,4,6,9,0.13689655172413795,0,0,3,0,1,0,0,0,0,0,0.14537688442211055
4568,úAê£ê^ñÁ,5,32,0,4,9,0.155,0,0,0,0,0,0,0,0,0,0,0.14537688442211055
4568,úAê£ê^ñÁ,6,30,0,3,9,0.16533333333333333,0,0,0,0,0,0,0,0,0,0,0.14537688442211055
4569,íÜ‡VçGìﬁ,1,40,21,11,2,0.167,20,0,0,0,1,0,6,4,5,0,0.1586776859504132
4569,íÜ‡VçGìﬁ,2,42,5,8,12,0.1542857142857143,0,2,3,0,0,0,0,0,0,24,0.1586776859504132
4569,íÜ‡VçGìﬁ,3,46,6,14,5,0.15695652173913044,0,0,5,1,0,0,0,0,0,0,0.1586776859504132
4569,íÜ‡VçGìﬁ,4,46,11,11,6,0.14565217391304347,0,1,8,2,0,0,0,0,0,0,0.1586776859504132
4569,íÜ‡VçGìﬁ,5,34,1,4,9,0.1652941176470588,0,0,0,1,0,0,0,0,0,0,0.1586776859504132
4569,íÜ‡VçGìﬁ,6,34,1,2,8,0.16764705882352943,0,1,0,0,0,0,0,0,0,0,0.1586776859504132
4570,ëOìcêπï∂,1,54,38,9,0,0.13703703703703704,36,0,0,0,2,0,2,6,4,0,0.13619565217391305
4570,ëOìcêπï∂,2,50,14,17,12,0.132,3,6,1,0,4,0,0,0,0,26,0.13619565217391305
4570,ëOìcêπï∂,3,43,9,15,7,0.14348837209302326,0,1,2,5,0,1,0,0,0,0,0.13619565217391305
4570,ëOìcêπï∂,4,49,9,13,12,0.1226530612244898,1,1,3,3,0,1,0,0,0,0,0.13619565217391305
4570,ëOìcêπï∂,5,40,7,5,7,0.1385,0,0,2,4,1,0,0,0,0,0,0.13619565217391305
4570,ëOìcêπï∂,6,40,2,5,9,0.14675,0,0,2,0,0,0,0,0,0,0,0.13619565217391305
4571,êõèÕç∆,1,60,41,9,3,0.17116666666666666,37,0,1,0,2,1,9,6,4,0,0.16564
4571,êõèÕç∆,2,38,11,11,9,0.17368421052631577,0,6,5,0,0,0,0,0,0,21,0.16564
4571,êõèÕç∆,3,36,8,8,4,0.17166666666666666,0,0,6,0,2,0,0,0,0,0,0.16564
4571,êõèÕç∆,4,36,17,4,2,0.155,0,0,15,2,0,0,0,0,0,0,0.16564
4571,êõèÕç∆,5,37,13,3,5,0.15432432432432433,0,0,10,2,1,0,0,0,0,0,0.16564
4571,êõèÕç∆,6,43,10,6,7,0.1644186046511628,0,0,5,5,0,0,0,0,0,0,0.16564
4572,ìnïîåÂ,1,52,29,13,2,0.11384615384615385,25,0,0,0,4,0,9,7,5,0,0.13715867158671588
4572,ìnïîåÂ,2,35,9,8,7,0.11828571428571427,0,4,4,0,0,1,0,0,0,19,0.13715867158671588
4572,ìnïîåÂ,3,52,10,15,8,0.13884615384615384,0,0,3,4,3,0,0,0,0,0,0.13715867158671588
4572,ìnïîåÂ,4,45,2,10,10,0.13311111111111112,0,1,1,0,0,0,0,0,0,0,0.13715867158671588
4572,ìnïîåÂ,5,40,0,8,8,0.15150000000000002,0,0,0,0,0,0,0,0,0,0,0.13715867158671588
4572,ìnïîåÂ,6,47,0,4,12,0.16680851063829788,0,0,0,0,0,0,0,0,0,0,0.13715867158671588
4573,ç≤ì°óÉ,1,47,32,9,4,0.12574468085106383,31,0,0,0,1,0,4,5,5,0,0.1387012987012987
4573,ç≤ì°óÉ,2,40,10,11,5,0.12625,0,4,5,0,1,0,0,0,0,23,0.1387012987012987
4573,ç≤ì°óÉ,3,36,4,11,9,0.1497222222222222,0,0,1,2,1,0,0,0,0,0,0.1387012987012987
4573,ç≤ì°óÉ,4,33,10,8,6,0.12454545454545456,0,3,2,4,1,0,0,0,0,0,0.1387012987012987
4573,ç≤ì°óÉ,5,36,1,6,9,0.1463888888888889,0,0,0,1,0,0,0,0,0,0,0.1387012987012987
4573,ç≤ì°óÉ,6,39,3,7,10,0.16179487179487181,0,0,2,0,1,0,0,0,0,0,0.1387012987012987
4574,ìåèÅé˜,1,33,14,7,4,0.17454545454545453,14,0,0,0,0,0,5,5,5,0,0.18740157480314962
4574,ìåèÅé˜,2,48,5,4,11,0.19062500000000002,0,2,2,0,1,0,0,0,0,25,0.18740157480314962
4574,ìåèÅé˜,3,52,4,7,12,0.17307692307692307,0,0,2,2,0,0,0,0,0,0,0.18740157480314962
4574,ìåèÅé˜,4,49,1,9,9,0.18877551020408162,0,0,0,1,0,0,0,0,0,0,0.18740157480314962
4574,ìåèÅé˜,5,37,1,2,6,0.19891891891891894,0,0,0,0,1,0,0,0,0,0,0.18740157480314962
4574,ìåèÅé˜,6,35,0,0,6,0.2022857142857143,0,0,0,0,0,0,0,0,0,0,0.18740157480314962
4575,åÀíÀñMçD,1,32,18,7,3,0.1390625,18,0,0,0,0,0,4,5,5,0,0.13781818181818184
4575,åÀíÀñMçD,2,25,5,6,7,0.1268,0,2,2,0,1,0,0,0,0,14,0.13781818181818184
4575,åÀíÀñMçD,3,25,2,5,7,0.11720000000000001,0,0,0,2,0,0,0,0,0,0,0.13781818181818184
4575,åÀíÀñMçD,4,28,5,5,5,0.115,0,1,4,0,0,0,0,0,0,0,0.13781818181818184
4575,åÀíÀñMçD,5,22,1,2,9,0.14727272727272728,0,0,0,1,0,0,0,0,0,0,0.13781818181818184
4575,åÀíÀñMçD,6,33,1,3,6,0.17363636363636364,0,0,1,0,0,0,0,0,0,0,0.13781818181818184
4578,ì°éRâÎçO,1,38,25,6,5,0.1281578947368421,25,0,0,0,0,0,5,1,3,0,0.17036
4578,ì°éRâÎçO,2,54,8,14,10,0.18314814814814817,0,3,5,0,0,0,0,0,0,27,0.17036
4578,ì°éRâÎçO,3,38,6,4,7,0.17605263157894738,0,0,2,4,0,0,0,0,0,0,0.17036
4578,ì°éRâÎçO,4,41,4,4,12,0.17365853658536587,0,1,1,1,1,0,0,0,0,0,0.17036
4578,ì°éRâÎçO,5,47,4,5,7,0.15978723404255318,0,0,2,1,0,1,0,0,0,0,0.17036
4578,ì°éRâÎçO,6,32,0,1,7,0.2034375,0,0,0,0,0,0,0,0,0,0,0.17036
4579,íÜìàåíàÍòY,1,44,31,6,2,0.1527272727272727,30,0,0,0,1,0,4,6,3,0,0.1594954128440367
4579,íÜìàåíàÍòY,2,31,3,13,8,0.1774193548387097,0,0,3,0,0,0,0,0,0,16,0.1594954128440367
4579,íÜìàåíàÍòY,3,41,12,9,8,0.14341463414634145,0,0,6,4,0,2,0,0,0,0,0.1594954128440367
4579,íÜìàåíàÍòY,4,35,6,5,5,0.17742857142857144,0,1,3,2,0,0,0,0,0,0,0.1594954128440367
4579,íÜìàåíàÍòY,5,29,2,6,8,0.1531034482758621,0,0,0,2,0,0,0,0,0,0,0.1594954128440367
4579,íÜìàåíàÍòY,6,38,2,4,12,0.15842105263157896,0,1,1,0,0,0,0,0,0,0,0.1594954128440367
4580,í∑íJêÏâÎòa,1,55,38,7,2,0.14436363636363636,35,0,0,0,3,0,4,3,8,0,0.16550877192982458
4580,í∑íJêÏâÎòa,2,50,7,11,9,0.18420000000000003,0,3,2,1,1,0,0,0,0,28,0.16550877192982458
4580,í∑íJêÏâÎòa,3,45,7,13,13,0.1708888888888889,0,0,3,3,1,0,0,0,0,0,0.16550877192982458
4580,í∑íJêÏâÎòa,4,45,5,15,7,0.17155555555555554,0,0,3,2,0,0,0,0,0,0,0.16550877192982458
4580,í∑íJêÏâÎòa,5,41,6,6,6,0.15878048780487805,0,0,2,4,0,0,0,0,0,0,0.16550877192982458
4580,í∑íJêÏâÎòa,6,49,1,3,9,0.16530612244897958,0,0,1,0,0,0,0,0,0,0,0.16550877192982458
4581,ãgë∫êΩ,1,48,29,11,1,0.12895833333333334,27,0,0,0,2,0,6,9,2,0,0.1385185185185185
4581,ãgë∫êΩ,2,47,7,15,6,0.1395744680851064,0,6,1,0,0,0,0,0,0,25,0.1385185185185185
4581,ãgë∫êΩ,3,41,5,10,7,0.14682926829268295,0,0,4,1,0,0,0,0,0,0,0.1385185185185185
4581,ãgë∫êΩ,4,46,7,8,12,0.13847826086956522,0,3,2,2,0,0,0,0,0,0,0.1385185185185185
4581,ãgë∫êΩ,5,43,1,9,7,0.14255813953488372,0,0,0,0,1,0,0,0,0,0,0.1385185185185185
4581,ãgë∫êΩ,6,45,1,3,10,0.13622222222222222,0,0,0,1,0,0,0,0,0,0,0.1385185185185185
4583,å√ìcóSãM,1,43,17,16,5,0.12790697674418605,17,0,0,0,0,0,11,5,8,0,0.1494650205761317
4583,å√ìcóSãM,2,39,9,8,14,0.1494871794871795,0,8,1,0,0,0,0,0,0,14,0.1494650205761317
4583,å√ìcóSãM,3,47,7,10,13,0.13787234042553193,0,2,1,2,2,0,0,0,0,0,0.1494650205761317
4583,å√ìcóSãM,4,37,4,4,16,0.1537837837837838,0,1,2,1,0,0,0,0,0,0,0.1494650205761317
4583,å√ìcóSãM,5,40,1,3,8,0.15975,0,0,0,1,0,0,0,0,0,0,0.1494650205761317
4583,å√ìcóSãM,6,37,2,2,8,0.17378378378378379,0,1,0,1,0,0,0,0,0,0,0.1494650205761317
4584,ë∫â™å´êl,1,54,37,5,6,0.1112962962962963,36,0,0,0,1,0,4,4,7,0,0.11651851851851852
4584,ë∫â™å´êl,2,46,7,16,13,0.12130434782608696,0,5,2,0,0,0,0,0,0,25,0.11651851851851852
4584,ë∫â™å´êl,3,48,5,18,8,0.12187500000000001,0,1,2,2,0,0,0,0,0,0,0.11651851851851852
4584,ë∫â™å´êl,4,41,10,11,7,0.10268292682926829,0,2,5,1,2,0,0,0,0,0,0.11651851851851852
4584,ë∫â™å´êl,5,41,8,7,5,0.12,0,3,1,4,0,0,0,0,0,0,0.11651851851851852
4584,ë∫â™å´êl,6,40,2,5,11,0.12225,0,0,1,1,0,0,0,0,0,0,0.11651851851851852
4586,àÈïîêΩ,1,51,37,6,3,0.11509803921568627,36,0,0,0,1,0,5,5,3,0,0.1253813559322034
4586,àÈïîêΩ,2,38,7,9,7,0.12,0,5,2,0,0,0,0,0,0,17,0.1253813559322034
4586,àÈïîêΩ,3,35,5,10,6,0.13,0,0,1,4,0,0,0,0,0,0,0.1253813559322034
4586,àÈïîêΩ,4,42,3,10,5,0.13023809523809524,0,2,1,0,0,0,0,0,0,0,0.1253813559322034
4586,àÈïîêΩ,5,32,2,5,6,0.136875,0,0,0,2,0,0,0,0,0,0,0.1253813559322034
4586,àÈïîêΩ,6,38,0,3,7,0.12526315789473683,0,0,0,0,0,0,0,0,0,0,0.1253813559322034
4587,ñÿìcïÙóRãG,1,31,13,8,3,0.15354838709677418,13,0,0,0,0,0,5,7,4,0,0.17175824175824175
4587,ñÿìcïÙóRãG,2,32,6,8,4,0.1740625,0,4,1,1,0,0,0,0,0,11,0.17175824175824175
4587,ñÿìcïÙóRãG,3,27,5,3,7,0.1411111111111111,0,0,1,4,0,0,0,0,0,0,0.17175824175824175
4587,ñÿìcïÙóRãG,4,30,1,7,9,0.15833333333333333,0,1,0,0,0,0,0,0,0,0,0.17175824175824175
4587,ñÿìcïÙóRãG,5,29,1,5,6,0.19137931034482758,0,0,0,1,0,0,0,0,0,0,0.17175824175824175
4587,ñÿìcïÙóRãG,6,33,0,3,6,0.20666666666666667,0,0,0,0,0,0,0,0,0,0,0.17175824175824175
4588,ìcíÜãûâÓ,1,40,23,6,8,0.12375,21,1,0,0,1,0,5,8,2,0,0.13644736842105262
4588,ìcíÜãûâÓ,2,34,8,9,10,0.13,0,2,2,1,2,1,0,0,0,14,0.13644736842105262
4588,ìcíÜãûâÓ,3,39,7,12,5,0.11794871794871796,0,1,3,3,0,0,0,0,0,0,0.13644736842105262
4588,ìcíÜãûâÓ,4,41,1,7,9,0.1251219512195122,0,0,0,1,0,0,0,0,0,0,0.13644736842105262
4588,ìcíÜãûâÓ,5,32,1,7,7,0.14375000000000002,0,0,0,1,0,0,0,0,0,0,0.13644736842105262
4588,ìcíÜãûâÓ,6,42,2,3,5,0.17642857142857143,0,1,0,1,0,0,0,0,0,0,0.13644736842105262
4589,âñçËãÀâ¡,1,26,14,7,0,0.17923076923076925,13,0,0,0,1,0,6,3,1,0,0.15064516129032257
4589,âñçËãÀâ¡,2,35,10,9,3,0.13457142857142856,0,5,5,0,0,0,0,0,0,20,0.15064516129032257
4589,âñçËãÀâ¡,3,31,9,5,7,0.12741935483870967,0,1,4,4,0,0,0,0,0,0,0.15064516129032257
4589,âñçËãÀâ¡,4,32,6,7,3,0.144375,0,2,3,1,0,0,0,0,0,0,0.15064516129032257
4589,âñçËãÀâ¡,5,32,1,8,7,0.1565625,0,1,0,0,0,0,0,0,0,0,0.15064516129032257
4589,âñçËãÀâ¡,6,30,1,4,7,0.169,0,0,0,0,0,1,0,0,0,0,0.15064516129032257
4590,ìnÁ≥óDî¸,1,52,39,7,2,0.12653846153846154,37,0,0,0,2,0,5,5,3,0,0.14028985507246378
4590,ìnÁ≥óDî¸,2,39,12,11,5,0.14051282051282052,0,7,4,0,0,1,0,0,0,19,0.14028985507246378
4590,ìnÁ≥óDî¸,3,25,9,7,3,0.1288,0,0,3,3,3,0,0,0,0,0,0.14028985507246378
4590,ìnÁ≥óDî¸,4,33,4,6,10,0.14090909090909093,0,0,2,2,0,0,0,0,0,0,0.14028985507246378
4590,ìnÁ≥óDî¸,5,25,1,7,6,0.14120000000000002,0,0,0,1,0,0,0,0,0,0,0.14028985507246378
4590,ìnÁ≥óDî¸,6,33,0,4,9,0.1690909090909091,0,0,0,0,0,0,0,0,0,0,0.14028985507246378
4592,è¨ó—çFçO,1,30,9,10,1,0.1716666666666667,8,0,0,0,1,0,7,9,1,0,0.16722222222222224
4592,è¨ó—çFçO,2,41,1,13,10,0.17317073170731706,0,1,0,0,0,0,0,0,0,22,0.16722222222222224
4592,è¨ó—çFçO,3,45,1,10,11,0.13955555555555557,0,1,0,0,0,0,0,0,0,0,0.16722222222222224
4592,è¨ó—çFçO,4,50,1,5,13,0.1586,0,0,0,0,1,0,0,0,0,0,0.16722222222222224
4592,è¨ó—çFçO,5,39,0,3,7,0.1882051282051282,0,0,0,0,0,0,0,0,0,0,0.16722222222222224
4592,è¨ó—çFçO,6,29,1,0,7,0.18379310344827587,0,0,0,1,0,0,0,0,0,0,0.16722222222222224
4593,è¨ç‚è@éi,1,42,30,6,1,0.1323809523809524,23,0,0,0,7,0,4,3,3,0,0.15012875536480685
4593,è¨ç‚è@éi,2,38,7,8,7,0.13421052631578947,0,2,5,0,0,0,0,0,0,19,0.15012875536480685
4593,è¨ç‚è@éi,3,41,6,14,10,0.13195121951219513,0,1,1,4,0,0,0,0,0,0,0.15012875536480685
4593,è¨ç‚è@éi,4,38,4,7,13,0.15842105263157896,0,0,2,1,1,0,0,0,0,0,0.15012875536480685
4593,è¨ç‚è@éi,5,29,0,8,5,0.1620689655172414,0,0,0,0,0,0,0,0,0,0,0.15012875536480685
4593,è¨ç‚è@éi,6,45,0,4,12,0.182,0,0,0,0,0,0,0,0,0,0,0.15012875536480685
4594,íJêÏóSàÍ,1,54,40,6,2,0.12962962962962962,39,0,0,0,1,0,5,5,3,0,0.14388
4594,íJêÏóSàÍ,2,45,11,15,8,0.15666666666666668,0,11,0,0,0,0,0,0,0,19,0.14388
4594,íJêÏóSàÍ,3,44,9,10,7,0.15,0,1,3,3,0,2,0,0,0,0,0.14388
4594,íJêÏóSàÍ,4,39,8,4,10,0.1392307692307692,0,1,4,1,2,0,0,0,0,0,0.14388
4594,íJêÏóSàÍ,5,35,3,7,8,0.12000000000000001,0,0,0,2,0,1,0,0,0,0,0.14388
4594,íJêÏóSàÍ,6,33,2,1,11,0.17242424242424242,0,1,0,1,0,0,0,0,0,0,0.14388
4596,äãå¥ëÂóz,1,48,28,10,2,0.14604166666666665,23,0,0,0,5,0,7,7,5,0,0.1512704918032787
4596,äãå¥ëÂóz,2,37,10,9,7,0.1637837837837838,0,6,2,0,2,0,0,0,0,14,0.1512704918032787
4596,äãå¥ëÂóz,3,40,5,14,7,0.14175,0,1,2,2,0,0,0,0,0,0,0.1512704918032787
4596,äãå¥ëÂóz,4,37,4,8,11,0.15027027027027026,0,1,1,1,1,0,0,0,0,0,0.1512704918032787
4596,äãå¥ëÂóz,5,41,1,8,11,0.1558536585365854,0,0,1,0,0,0,0,0,0,0,0.1512704918032787
4596,äãå¥ëÂóz,6,41,1,5,8,0.15170731707317073,0,0,0,1,0,0,0,0,0,0,0.1512704918032787
4598,â¡ì°ê≠ïF,1,45,24,12,4,0.14644444444444443,23,0,0,0,1,0,5,6,8,0,0.15843881856540087
4598,â¡ì°ê≠ïF,2,41,10,9,9,0.1478048780487805,0,7,1,1,1,0,0,0,0,17,0.15843881856540087
4598,â¡ì°ê≠ïF,3,46,13,14,8,0.14195652173913045,0,2,6,5,0,0,0,0,0,0,0.15843881856540087
4598,â¡ì°ê≠ïF,4,36,3,9,7,0.1836111111111111,0,2,0,1,0,0,0,0,0,0,0.15843881856540087
4598,â¡ì°ê≠ïF,5,37,1,6,9,0.16594594594594594,0,1,0,0,0,0,0,0,0,0,0.15843881856540087
4598,â¡ì°ê≠ïF,6,32,1,3,8,0.175625,0,1,0,0,0,0,0,0,0,0,0.15843881856540087
4600,à‰ì‡è´ëæòY,1,50,33,6,3,0.1324,29,0,0,0,4,0,4,7,3,0,0.13465587044534413
4600,à‰ì‡è´ëæòY,2,43,8,14,8,0.1325581395348837,0,5,2,1,0,0,0,0,0,23,0.13465587044534413
4600,à‰ì‡è´ëæòY,3,38,6,4,9,0.1318421052631579,0,0,3,3,0,0,0,0,0,0,0.13465587044534413
4600,à‰ì‡è´ëæòY,4,38,0,7,10,0.1444736842105263,0,0,0,0,0,0,0,0,0,0,0.13465587044534413
4600,à‰ì‡è´ëæòY,5,38,5,5,12,0.11657894736842105,0,0,3,2,0,0,0,0,0,0,0.13465587044534413
4600,à‰ì‡è´ëæòY,6,40,5,1,8,0.15025,0,0,4,1,0,0,0,0,0,0,0.13465587044534413
4601,êXñÏê≥çO,1,62,47,9,1,0.14612903225806453,45,0,0,0,2,0,3,6,4,0,0.13322222222222221
4601,êXñÏê≥çO,2,50,14,14,7,0.11560000000000001,1,5,8,0,0,0,0,0,0,26,0.13322222222222221
4601,êXñÏê≥çO,3,38,8,12,9,0.12710526315789475,0,1,5,2,0,0,0,0,0,0,0.13322222222222221
4601,êXñÏê≥çO,4,41,5,10,10,0.12463414634146343,0,1,3,1,0,0,0,0,0,0,0.13322222222222221
4601,êXñÏê≥çO,5,39,7,10,9,0.14384615384615385,0,1,1,5,0,0,0,0,0,0,0.13322222222222221
4601,êXñÏê≥çO,6,40,2,4,13,0.1395,0,0,0,2,0,0,0,0,0,0,0.13322222222222221
4603,íJêÏè´ëæ,1,34,18,7,2,0.14852941176470588,18,0,0,0,0,0,4,4,4,0,0.1449074074074074
4603,íJêÏè´ëæ,2,39,2,11,8,0.1264102564102564,0,1,1,0,0,0,0,0,0,16,0.1449074074074074
4603,íJêÏè´ëæ,3,39,2,7,8,0.13846153846153847,0,0,1,1,0,0,0,0,0,0,0.1449074074074074
4603,íJêÏè´ëæ,4,35,3,7,8,0.1597142857142857,0,0,0,2,1,0,0,0,0,0,0.1449074074074074
4603,íJêÏè´ëæ,5,36,1,6,11,0.1388888888888889,0,0,1,0,0,0,0,0,0,0,0.1449074074074074
4603,íJêÏè´ëæ,6,33,0,1,5,0.16151515151515153,0,0,0,0,0,0,0,0,0,0,0.1449074074074074
4604,ä‚ê£óTó∫,1,58,50,4,1,0.10810344827586207,48,0,0,0,2,0,3,2,2,0,0.13909090909090907
4604,ä‚ê£óTó∫,2,36,9,14,5,0.15305555555555556,2,6,1,0,0,0,0,0,0,16,0.13909090909090907
4604,ä‚ê£óTó∫,3,40,8,12,13,0.12325,0,2,2,2,2,0,0,0,0,0,0.13909090909090907
4604,ä‚ê£óTó∫,4,40,10,9,11,0.1525,0,4,1,4,1,0,0,0,0,0,0.13909090909090907
4604,ä‚ê£óTó∫,5,36,3,12,6,0.17166666666666666,0,0,0,3,0,0,0,0,0,0,0.13909090909090907
4604,ä‚ê£óTó∫,6,43,4,7,14,0.14418604651162792,0,1,0,1,2,0,0,0,0,0,0.13909090909090907
4607,íﬂìcóEóY,1,52,25,17,6,0.16788461538461538,25,0,0,0,0,0,4,10,9,0,0.17615094339622642
4607,íﬂìcóEóY,2,41,2,7,12,0.17073170731707318,0,1,1,0,0,0,0,0,0,20,0.17615094339622642
4607,íﬂìcóEóY,3,40,7,15,11,0.18525,0,1,2,4,0,0,0,0,0,0,0.17615094339622642
4607,íﬂìcóEóY,4,47,3,11,13,0.17936170212765956,0,1,0,1,1,0,0,0,0,0,0.17615094339622642
4607,íﬂìcóEóY,5,44,3,5,11,0.19454545454545455,0,2,1,0,0,0,0,0,0,0,0.17615094339622642
4607,íﬂìcóEóY,6,41,2,2,8,0.1597560975609756,0,0,1,1,0,0,0,0,0,0,0.17615094339622642
4608,çrà‰„ƒåﬁ,1,41,31,6,1,0.12048780487804879,29,0,0,0,2,0,2,7,1,0,0.1421794871794872
4608,çrà‰„ƒåﬁ,2,40,7,13,9,0.13674999999999998,0,5,2,0,0,0,0,0,0,21,0.1421794871794872
4608,çrà‰„ƒåﬁ,3,47,6,10,14,0.1425531914893617,0,1,5,0,0,0,0,0,0,0,0.1421794871794872
4608,çrà‰„ƒåﬁ,4,37,2,8,11,0.14135135135135135,0,0,1,1,0,0,0,0,0,0,0.1421794871794872
4608,çrà‰„ƒåﬁ,5,37,1,6,5,0.16162162162162164,0,0,1,0,0,0,0,0,0,0,0.1421794871794872
4608,çrà‰„ƒåﬁ,6,32,0,3,8,0.1546875,0,0,0,0,0,0,0,0,0,0,0.1421794871794872
4610,ç≤ì°ëÂóC,1,46,28,7,1,0.17695652173913046,27,0,0,0,1,0,3,7,7,0,0.15771784232365144
4610,ç≤ì°ëÂóC,2,38,9,11,2,0.14526315789473684,0,1,8,0,0,0,0,0,0,20,0.15771784232365144
4610,ç≤ì°ëÂóC,3,41,6,12,12,0.15878048780487805,0,1,4,0,1,0,0,0,0,0,0.15771784232365144
4610,ç≤ì°ëÂóC,4,39,10,7,7,0.14564102564102563,0,1,7,1,1,0,0,0,0,0,0.15771784232365144
4610,ç≤ì°ëÂóC,5,40,3,6,5,0.14350000000000002,0,0,3,0,0,0,0,0,0,0,0.15771784232365144
4610,ç≤ì°ëÂóC,6,37,3,4,5,0.17351351351351352,0,0,3,0,0,0,0,0,0,0,0.15771784232365144
4611,ç°à‰î¸àü,1,34,23,6,1,0.12029411764705882,19,0,0,0,4,0,2,4,3,0,0.14112994350282487
4611,ç°à‰î¸àü,2,32,3,11,6,0.134375,0,0,2,0,1,0,0,0,0,20,0.14112994350282487
4611,ç°à‰î¸àü,3,30,9,7,2,0.12866666666666668,0,0,6,2,1,0,0,0,0,0,0.14112994350282487
4611,ç°à‰î¸àü,4,30,3,5,8,0.14033333333333334,0,1,1,1,0,0,0,0,0,0,0.14112994350282487
4611,ç°à‰î¸àü,5,28,0,6,5,0.1582142857142857,0,0,0,0,0,0,0,0,0,0,0.14112994350282487
4611,ç°à‰î¸àü,6,23,0,4,2,0.17782608695652175,0,0,0,0,0,0,0,0,0,0,0.14112994350282487
4614,êŒëqómçs,1,38,28,3,6,0.1331578947368421,27,0,0,0,1,0,3,6,0,0,0.1382901554404145
4614,êŒëqómçs,2,30,8,10,4,0.16233333333333333,1,6,0,0,1,0,0,0,0,15,0.1382901554404145
4614,êŒëqómçs,3,34,9,8,7,0.15058823529411766,0,1,2,4,2,0,0,0,0,0,0.1382901554404145
4614,êŒëqómçs,4,34,10,10,6,0.11676470588235295,0,2,6,2,0,0,0,0,0,0,0.1382901554404145
4614,êŒëqómçs,5,23,4,8,1,0.12391304347826088,0,2,0,2,0,0,0,0,0,0,0.1382901554404145
4614,êŒëqómçs,6,34,0,3,11,0.14176470588235296,0,0,0,0,0,0,0,0,0,0,0.1382901554404145
4615,î¬ëqì÷éj,1,26,9,6,4,0.14615384615384613,8,0,0,0,1,0,8,6,3,0,0.19
4615,î¬ëqì÷éj,2,40,1,12,6,0.18475,0,1,0,0,0,0,0,0,0,23,0.19
4615,î¬ëqì÷éj,3,36,1,8,6,0.18083333333333332,0,0,0,1,0,0,0,0,0,0,0.19
4615,î¬ëqì÷éj,4,38,1,7,4,0.18578947368421053,0,1,0,0,0,0,0,0,0,0,0.19
4615,î¬ëqì÷éj,5,36,0,3,7,0.20583333333333334,0,0,0,0,0,0,0,0,0,0,0.19
4615,î¬ëqì÷éj,6,25,0,2,4,0.2408,0,0,0,0,0,0,0,0,0,0,0.19
4618,îTë∫çNóF,1,36,20,8,3,0.15416666666666667,20,0,0,0,0,0,6,4,4,0,0.15559633027522937
4618,îTë∫çNóF,2,41,9,7,6,0.1753658536585366,0,4,3,0,1,1,0,0,0,21,0.15559633027522937
4618,îTë∫çNóF,3,38,3,6,7,0.15447368421052632,0,1,0,1,1,0,0,0,0,0,0.15559633027522937
4618,îTë∫çNóF,4,34,1,9,3,0.15764705882352942,0,1,0,0,0,0,0,0,0,0,0.15559633027522937
4618,îTë∫çNóF,5,36,0,9,3,0.14416666666666667,0,0,0,0,0,0,0,0,0,0,0.15559633027522937
4618,îTë∫çNóF,6,33,1,4,8,0.14424242424242423,0,1,0,0,0,0,0,0,0,0,0.15559633027522937
4619,ïöìcóTó≤,1,28,10,9,1,0.18178571428571427,8,0,0,0,2,0,7,4,2,0,0.19005405405405407
4619,ïöìcóTó≤,2,30,3,9,1,0.21200000000000002,0,2,1,0,0,0,0,0,0,12,0.19005405405405407
4619,ïöìcóTó≤,3,30,7,1,4,0.20299999999999999,0,0,2,4,1,0,0,0,0,0,0.19005405405405407
4619,ïöìcóTó≤,4,34,2,2,6,0.15500000000000003,0,0,2,0,0,0,0,0,0,0,0.19005405405405407
4619,ïöìcóTó≤,5,35,1,2,9,0.1957142857142857,0,0,0,1,0,0,0,0,0,0,0.19005405405405407
4619,ïöìcóTó≤,6,28,0,2,6,0.19642857142857142,0,0,0,0,0,0,0,0,0,0,0.19005405405405407
4623,íÜñkè´éj,1,30,16,4,3,0.14633333333333332,16,0,0,0,0,0,2,5,7,0,0.16411255411255413
4623,íÜñkè´éj,2,45,3,6,10,0.15488888888888888,0,3,0,0,0,0,0,0,0,20,0.16411255411255413
4623,íÜñkè´éj,3,44,6,7,6,0.14954545454545454,0,1,2,2,0,1,0,0,0,0,0.16411255411255413
4623,íÜñkè´éj,4,39,2,1,7,0.17564102564102563,0,1,0,1,0,0,0,0,0,0,0.16411255411255413
4623,íÜñkè´éj,5,39,2,1,7,0.17769230769230768,0,0,0,2,0,0,0,0,0,0,0.16411255411255413
4623,íÜñkè´éj,6,34,1,0,4,0.18205882352941177,0,0,0,0,1,0,0,0,0,0,0.16411255411255413
4624,çÇìcñæ,1,39,24,9,4,0.13538461538461538,23,0,0,0,1,0,5,2,6,0,0.14525
4624,çÇìcñæ,2,34,8,12,5,0.145,0,6,0,0,2,0,0,0,0,19,0.14525
4624,çÇìcñæ,3,28,7,3,8,0.16535714285714284,0,1,5,1,0,0,0,0,0,0,0.14525
4624,çÇìcñæ,4,35,7,6,4,0.13742857142857146,0,0,6,0,1,0,0,0,0,0,0.14525
4624,çÇìcñæ,5,29,4,3,6,0.13999999999999999,0,0,2,2,0,0,0,0,0,0,0.14525
4624,çÇìcñæ,6,35,3,4,7,0.15257142857142858,0,0,0,2,1,0,0,0,0,0,0.14525
4625,ìnÁ≤óTãM,1,22,10,6,1,0.1318181818181818,10,0,0,0,0,0,5,3,4,0,0.14757731958762887
4625,ìnÁ≤óTãM,2,38,4,8,10,0.16,0,1,3,0,0,0,0,0,0,18,0.14757731958762887
4625,ìnÁ≤óTãM,3,38,4,7,5,0.16,0,0,2,1,1,0,0,0,0,0,0.14757731958762887
4625,ìnÁ≤óTãM,4,37,2,4,9,0.13756756756756755,0,1,1,0,0,0,0,0,0,0,0.14757731958762887
4625,ìnÁ≤óTãM,5,31,2,5,6,0.13709677419354838,0,0,0,2,0,0,0,0,0,0,0.14757731958762887
4625,ìnÁ≤óTãM,6,28,1,4,5,0.15107142857142858,0,0,1,0,0,0,0,0,0,0,0.14757731958762887
4626,à…ì°çhèÕ,1,24,7,5,5,0.16,7,0,0,0,0,0,5,2,7,0,0.17951807228915664
4626,à…ì°çhèÕ,2,29,4,5,7,0.1510344827586207,0,3,0,0,0,1,0,0,0,15,0.17951807228915664
4626,à…ì°çhèÕ,3,29,6,6,4,0.1493103448275862,0,0,3,3,0,0,0,0,0,0,0.17951807228915664
4626,à…ì°çhèÕ,4,28,0,2,8,0.20392857142857143,0,0,0,0,0,0,0,0,0,0,0.17951807228915664
4626,à…ì°çhèÕ,5,30,2,4,2,0.189,0,0,1,1,0,0,0,0,0,0,0.17951807228915664
4626,à…ì°çhèÕ,6,26,0,4,3,0.22576923076923078,0,0,0,0,0,0,0,0,0,0,0.17951807228915664
4627,ì°å¥çÿäÛ,1,54,40,7,3,0.09851851851851852,40,0,0,0,0,0,2,4,7,0,0.13373333333333334
4627,ì°å¥çÿäÛ,2,39,14,9,4,0.14153846153846156,0,6,6,0,2,0,0,0,0,12,0.13373333333333334
4627,ì°å¥çÿäÛ,3,36,7,12,5,0.1275,0,0,2,3,2,0,0,0,0,0,0.13373333333333334
4627,ì°å¥çÿäÛ,4,30,6,4,9,0.14566666666666667,0,0,3,3,0,0,0,0,0,0,0.13373333333333334
4627,ì°å¥çÿäÛ,5,33,7,6,6,0.1406060606060606,0,1,0,5,0,1,0,0,0,0,0.13373333333333334
4627,ì°å¥çÿäÛ,6,33,4,3,4,0.17121212121212123,0,0,1,3,0,0,0,0,0,0,0.13373333333333334
4630,ä‚âiâÎêl,1,45,28,8,2,0.1711111111111111,25,0,0,0,3,0,5,5,7,0,0.15887550200803213
4630,ä‚âiâÎêl,2,43,9,15,8,0.1655813953488372,0,5,3,0,1,0,0,0,0,20,0.15887550200803213
4630,ä‚âiâÎêl,3,39,10,10,7,0.1582051282051282,0,1,3,6,0,0,0,0,0,0,0.15887550200803213
4630,ä‚âiâÎêl,4,42,6,7,12,0.15095238095238095,0,1,1,2,2,0,0,0,0,0,0.15887550200803213
4630,ä‚âiâÎêl,5,40,3,4,9,0.15475,0,0,2,1,0,0,0,0,0,0,0.15887550200803213
4630,ä‚âiâÎêl,6,40,0,3,10,0.151,0,0,0,0,0,0,0,0,0,0,0.15887550200803213
4631,êVà‰âpçF,1,35,23,6,1,0.1385714285714286,21,0,0,0,2,0,6,3,3,0,0.1499492385786802
4631,êVà‰âpçF,2,38,8,10,3,0.13210526315789475,0,5,2,0,0,1,0,0,0,20,0.1499492385786802
4631,êVà‰âpçF,3,30,2,3,11,0.13333333333333333,0,1,1,0,0,0,0,0,0,0,0.1499492385786802
4631,êVà‰âpçF,4,35,5,8,5,0.16685714285714284,0,0,3,1,1,0,0,0,0,0,0.1499492385786802
4631,êVà‰âpçF,5,31,1,2,6,0.1732258064516129,0,0,0,0,1,0,0,0,0,0,0.1499492385786802
4631,êVà‰âpçF,6,28,1,3,9,0.15928571428571428,0,0,0,1,0,0,0,0,0,0,0.1499492385786802
4632,í∑îˆãûéuòY,1,32,11,4,6,0.1671875,8,0,1,0,2,0,8,4,8,0,0.1753623188405797
4632,í∑îˆãûéuòY,2,38,3,10,9,0.17789473684210524,0,3,0,0,0,0,0,0,0,20,0.1753623188405797
4632,í∑îˆãûéuòY,3,32,3,4,10,0.1665625,0,0,1,1,1,0,0,0,0,0,0.1753623188405797
4632,í∑îˆãûéuòY,4,34,1,5,13,0.18352941176470589,0,0,0,0,1,0,0,0,0,0,0.1753623188405797
4632,í∑îˆãûéuòY,5,37,1,4,7,0.15675675675675677,0,0,0,1,0,0,0,0,0,0,0.1753623188405797
4632,í∑îˆãûéuòY,6,34,2,3,5,0.20058823529411765,0,0,0,2,0,0,0,0,0,0,0.1753623188405797
4633,êXíqñÁ,1,30,13,10,4,0.128,11,0,0,0,2,0,10,4,3,0,0.16758771929824562
4633,êXíqñÁ,2,41,1,10,12,0.15634146341463415,0,1,0,0,0,0,0,0,0,16,0.16758771929824562
4633,êXíqñÁ,3,40,2,8,11,0.144,0,2,0,0,0,0,0,0,0,0,0.16758771929824562
4633,êXíqñÁ,4,42,2,4,15,0.17595238095238094,0,0,1,1,0,0,0,0,0,0,0.16758771929824562
4633,êXíqñÁ,5,44,3,4,7,0.19045454545454546,0,1,0,1,0,1,0,0,0,0,0.16758771929824562
4633,êXíqñÁ,6,31,0,2,6,0.20741935483870966,0,0,0,0,0,0,0,0,0,0,0.16758771929824562
4635,ïÙèdóÕñÁ,1,27,13,5,0,0.13444444444444445,13,0,0,0,0,0,5,2,5,0,0.12317708333333333
4635,ïÙèdóÕñÁ,2,36,5,8,7,0.1411111111111111,0,3,1,0,1,0,0,0,0,28,0.12317708333333333
4635,ïÙèdóÕñÁ,3,35,0,9,6,0.12200000000000001,0,0,0,0,0,0,0,0,0,0,0.12317708333333333
4635,ïÙèdóÕñÁ,4,33,4,3,4,0.12575757575757576,0,1,2,1,0,0,0,0,0,0,0.12317708333333333
4635,ïÙèdóÕñÁ,5,33,3,1,6,0.10636363636363637,0,0,1,0,1,1,0,0,0,0,0.12317708333333333
4635,ïÙèdóÕñÁ,6,28,0,2,6,0.1075,0,0,0,0,0,0,0,0,0,0,0.12317708333333333
4636,ê‘írèCïΩ,1,20,6,3,2,0.20299999999999999,5,0,0,0,1,0,3,4,2,0,0.17973154362416108
4636,ê‘írèCïΩ,2,25,1,1,6,0.1788,0,0,1,0,0,0,0,0,0,16,0.17973154362416108
4636,ê‘írèCïΩ,3,31,4,3,3,0.17258064516129032,0,0,4,0,0,0,0,0,0,0,0.17973154362416108
4636,ê‘írèCïΩ,4,24,2,1,5,0.14291666666666666,0,0,2,0,0,0,0,0,0,0,0.17973154362416108
4636,ê‘írèCïΩ,5,24,0,1,3,0.19083333333333333,0,0,0,0,0,0,0,0,0,0,0.17973154362416108
4636,ê‘írèCïΩ,6,25,0,1,2,0.1956,0,0,0,0,0,0,0,0,0,0,0.17973154362416108
4637,íÜìcóFñÁ,1,34,15,8,3,0.15294117647058825,15,0,0,0,0,0,9,4,4,0,0.15948275862068967
4637,íÜìcóFñÁ,2,44,5,10,13,0.1665909090909091,0,2,1,0,2,0,0,0,0,21,0.15948275862068967
4637,íÜìcóFñÁ,3,39,7,7,9,0.14692307692307693,0,1,3,3,0,0,0,0,0,0,0.15948275862068967
4637,íÜìcóFñÁ,4,38,5,7,9,0.15921052631578947,0,1,4,0,0,0,0,0,0,0,0.15948275862068967
4637,íÜìcóFñÁ,5,46,2,6,11,0.16043478260869565,0,0,0,2,0,0,0,0,0,0,0.15948275862068967
4637,íÜìcóFñÁ,6,31,0,4,2,0.17129032258064517,0,0,0,0,0,0,0,0,0,0,0.15948275862068967
4638,è¨ó—ó…ëæ,1,35,20,4,3,0.16542857142857142,19,0,0,0,1,0,4,7,2,0,0.18623376623376625
4638,è¨ó—ó…ëæ,2,41,3,15,8,0.17731707317073173,0,3,0,0,0,0,0,0,0,26,0.18623376623376625
4638,è¨ó—ó…ëæ,3,43,4,8,8,0.17395348837209304,0,2,2,0,0,0,0,0,0,0,0.18623376623376625
4638,è¨ó—ó…ëæ,4,39,2,6,11,0.18615384615384614,0,0,0,2,0,0,0,0,0,0,0.18623376623376625
4638,è¨ó—ó…ëæ,5,38,0,1,9,0.20921052631578949,0,0,0,0,0,0,0,0,0,0,0.18623376623376625
4638,è¨ó—ó…ëæ,6,35,0,2,3,0.20771428571428574,0,0,0,0,0,0,0,0,0,0,0.18623376623376625
4639,éGâÍóEãM,1,32,16,7,4,0.1575,16,0,0,0,0,0,5,7,2,0,0.17329059829059829
4639,éGâÍóEãM,2,44,3,9,7,0.17272727272727273,0,3,0,0,0,0,0,0,0,24,0.17329059829059829
4639,éGâÍóEãM,3,44,5,6,12,0.16545454545454547,0,1,2,2,0,0,0,0,0,0,0.17329059829059829
4639,éGâÍóEãM,4,41,2,9,8,0.17097560975609755,0,0,0,2,0,0,0,0,0,0,0.17329059829059829
4639,éGâÍóEãM,5,38,1,2,8,0.18473684210526317,0,0,0,1,0,0,0,0,0,0,0.17329059829059829
4639,éGâÍóEãM,6,35,0,1,5,0.18857142857142856,0,0,0,0,0,0,0,0,0,0,0.17329059829059829
4640,éRÉmì‡âÎêl,1,45,37,7,1,0.1371111111111111,35,0,0,0,2,0,2,1,3,0,0.14433035714285714
4640,éRÉmì‡âÎêl,2,32,5,9,6,0.1571875,0,4,1,0,0,0,0,0,0,22,0.14433035714285714
4640,éRÉmì‡âÎêl,3,37,5,6,11,0.13594594594594595,0,0,4,1,0,0,0,0,0,0,0.14433035714285714
4640,éRÉmì‡âÎêl,4,36,3,10,12,0.14,0,0,2,1,0,0,0,0,0,0,0.14433035714285714
4640,éRÉmì‡âÎêl,5,37,2,7,9,0.1491891891891892,0,0,1,1,0,0,0,0,0,0,0.14433035714285714
4640,éRÉmì‡âÎêl,6,37,2,1,6,0.14972972972972973,0,0,0,2,0,0,0,0,0,0,0.14433035714285714
4641,àÈë∫è†,1,27,16,4,2,0.13666666666666666,15,0,0,0,1,0,4,4,3,0,0.169
4641,àÈë∫è†,2,29,8,3,7,0.1724137931034483,0,4,3,0,1,0,0,0,0,15,0.169
4641,àÈë∫è†,3,26,2,1,6,0.1980769230769231,0,0,1,1,0,0,0,0,0,0,0.169
4641,àÈë∫è†,4,29,0,5,9,0.17034482758620692,0,0,0,0,0,0,0,0,0,0,0.169
4641,àÈë∫è†,5,34,2,4,9,0.17911764705882352,0,0,1,1,0,0,0,0,0,0,0.169
4641,àÈë∫è†,6,25,2,0,2,0.15439999999999998,0,0,1,1,0,0,0,0,0,0,0.169
4642,èºîˆâƒäC,1,47,34,6,1,0.1497872340425532,32,0,0,0,2,0,3,6,4,0,0.1501860465116279
4642,èºîˆâƒäC,2,37,7,17,5,0.15135135135135133,0,3,4,0,0,0,0,0,0,22,0.1501860465116279
4642,èºîˆâƒäC,3,36,11,6,8,0.14777777777777779,0,3,3,3,0,2,0,0,0,0,0.1501860465116279
4642,èºîˆâƒäC,4,30,2,3,13,0.153,0,0,2,0,0,0,0,0,0,0,0.1501860465116279
4642,èºîˆâƒäC,5,31,4,6,10,0.13903225806451613,0,1,1,2,0,0,0,0,0,0,0.1501860465116279
4642,èºîˆâƒäC,6,34,1,3,11,0.15970588235294117,0,0,0,1,0,0,0,0,0,0,0.1501860465116279
4643,ãﬂç]„ƒå·,1,44,35,4,1,0.12090909090909091,31,0,0,0,4,0,3,1,3,0,0.13444954128440367
4643,ãﬂç]„ƒå·,2,38,6,15,9,0.12315789473684209,1,3,0,0,2,0,0,0,0,25,0.13444954128440367
4643,ãﬂç]„ƒå·,3,35,7,6,9,0.11857142857142858,0,0,4,2,1,0,0,0,0,0,0.13444954128440367
4643,ãﬂç]„ƒå·,4,38,4,9,12,0.13526315789473684,0,0,4,0,0,0,0,0,0,0,0.13444954128440367
4643,ãﬂç]„ƒå·,5,32,1,8,6,0.1409375,0,0,0,1,0,0,0,0,0,0,0.13444954128440367
4643,ãﬂç]„ƒå·,6,31,3,1,10,0.17774193548387096,0,0,0,3,0,0,0,0,0,0,0.13444954128440367
4644,éRìcó∫ëæ,1,33,15,6,6,0.1806060606060606,14,0,0,0,1,0,5,5,8,0,0.1759322033898305
4644,éRìcó∫ëæ,2,31,4,8,9,0.19129032258064516,0,2,1,0,0,1,0,0,0,14,0.1759322033898305
4644,éRìcó∫ëæ,3,24,2,7,5,0.15875,0,0,2,0,0,0,0,0,0,0,0.1759322033898305
4644,éRìcó∫ëæ,4,30,1,3,7,0.186,0,0,0,1,0,0,0,0,0,0,0.1759322033898305
4644,éRìcó∫ëæ,5,31,2,8,5,0.15741935483870967,0,1,0,1,0,0,0,0,0,0,0.1759322033898305
4644,éRìcó∫ëæ,6,28,1,4,5,0.17785714285714288,0,0,0,1,0,0,0,0,0,0,0.1759322033898305
4645,è„ë∫èÉàÍ,1,53,40,5,3,0.1379245283018868,40,0,0,0,0,0,3,2,6,0,0.14343999999999998
4645,è„ë∫èÉàÍ,2,39,12,15,6,0.14128205128205126,0,8,3,0,1,0,0,0,0,19,0.14343999999999998
4645,è„ë∫èÉàÍ,3,40,3,10,11,0.13725,0,0,0,3,0,0,0,0,0,0,0.14343999999999998
4645,è„ë∫èÉàÍ,4,39,12,10,7,0.11974358974358974,0,4,5,3,0,0,0,0,0,0,0.14343999999999998
4645,è„ë∫èÉàÍ,5,32,3,2,13,0.163125,0,0,0,3,0,0,0,0,0,0,0.14343999999999998
4645,è„ë∫èÉàÍ,6,47,1,5,11,0.16297872340425532,0,1,0,0,0,0,0,0,0,0,0.14343999999999998
4648,ñÿë∫ó∫ëæ,1,27,13,5,2,0.1437037037037037,13,0,0,0,0,0,4,4,5,0,0.15058536585365853
4648,ñÿë∫ó∫ëæ,2,39,3,8,7,0.1558974358974359,0,2,0,1,0,0,0,0,0,21,0.15058536585365853
4648,ñÿë∫ó∫ëæ,3,39,5,8,10,0.1341025641025641,0,1,2,2,0,0,0,0,0,0,0.15058536585365853
4648,ñÿë∫ó∫ëæ,4,37,1,7,6,0.15702702702702703,0,0,1,0,0,0,0,0,0,0,0.15058536585365853
4648,ñÿë∫ó∫ëæ,5,39,2,4,7,0.15769230769230771,0,1,1,0,0,0,0,0,0,0,0.15058536585365853
4648,ñÿë∫ó∫ëæ,6,24,0,2,4,0.155,0,0,0,0,0,0,0,0,0,0,0.15058536585365853
4649,òaìcëÄëÒ,1,41,23,8,2,0.1402439024390244,22,0,0,0,1,0,4,10,3,0,0.13864628820960698
4649,òaìcëÄëÒ,2,40,2,15,7,0.15,0,2,0,0,0,0,0,0,0,27,0.13864628820960698
4649,òaìcëÄëÒ,3,38,7,6,10,0.13657894736842105,0,0,1,5,1,0,0,0,0,0,0.13864628820960698
4649,òaìcëÄëÒ,4,37,4,6,9,0.12297297297297297,0,1,1,1,0,1,0,0,0,0,0.13864628820960698
4649,òaìcëÄëÒ,5,36,2,5,9,0.12361111111111112,0,0,0,1,1,0,0,0,0,0,0.13864628820960698
4649,òaìcëÄëÒ,6,37,2,5,10,0.157027027027027,0,0,0,1,0,1,0,0,0,0,0.13864628820960698
4650,íÜéRóYëæ,1,51,41,4,2,0.14372549019607844,37,0,0,0,4,0,1,4,3,0,0.1476734693877551
4650,íÜéRóYëæ,2,39,8,14,7,0.15615384615384614,0,3,5,0,0,0,0,0,0,20,0.1476734693877551
4650,íÜéRóYëæ,3,46,10,11,15,0.14108695652173914,0,0,4,5,1,0,0,0,0,0,0.1476734693877551
4650,íÜéRóYëæ,4,34,7,4,11,0.13441176470588237,0,2,3,1,1,0,0,0,0,0,0.1476734693877551
4650,íÜéRóYëæ,5,37,1,6,9,0.1608108108108108,0,0,0,1,0,0,0,0,0,0,0.1476734693877551
4650,íÜéRóYëæ,6,38,5,9,9,0.1513157894736842,0,1,1,1,2,0,0,0,0,0,0.1476734693877551
4651,ç≤ì°ëÂãR,1,20,5,7,1,0.1675,5,0,0,0,0,0,4,6,4,0,0.1654
4651,ç≤ì°ëÂãR,2,24,1,2,1,0.15791666666666668,0,1,0,0,0,0,0,0,0,15,0.1654
4651,ç≤ì°ëÂãR,3,29,2,5,9,0.16379310344827586,0,0,0,2,0,0,0,0,0,0,0.1654
4651,ç≤ì°ëÂãR,4,29,0,2,6,0.1696551724137931,0,0,0,0,0,0,0,0,0,0,0.1654
4651,ç≤ì°ëÂãR,5,25,0,3,5,0.14400000000000002,0,0,0,0,0,0,0,0,0,0,0.1654
4651,ç≤ì°ëÂãR,6,23,1,1,3,0.19130434782608696,0,0,0,1,0,0,0,0,0,0,0.1654
4652,éå©èsâÓ,1,50,17,20,2,0.1564,15,1,0,0,1,0,10,6,14,0,0.1602816901408451
4652,éå©èsâÓ,2,53,6,19,9,0.1849056603773585,1,3,1,0,1,0,0,0,0,29,0.1602816901408451
4652,éå©èsâÓ,3,51,3,15,14,0.1433333333333333,0,0,3,0,0,0,0,0,0,0,0.1602816901408451
4652,éå©èsâÓ,4,48,11,6,8,0.1525,0,0,9,0,2,0,0,0,0,0,0.1602816901408451
4652,éå©èsâÓ,5,43,5,6,8,0.1574418604651163,0,0,2,3,0,0,0,0,0,0,0.1602816901408451
4652,éå©èsâÓ,6,39,3,5,7,0.16666666666666666,0,0,3,0,0,0,0,0,0,0,0.1602816901408451
4653,è¨ñÏíBç∆,1,69,53,12,0,0.14115942028985506,49,0,0,0,3,1,3,5,7,0,0.1419494584837545
4653,è¨ñÏíBç∆,2,46,15,5,9,0.14956521739130435,0,8,5,0,2,0,0,0,0,21,0.1419494584837545
4653,è¨ñÏíBç∆,3,39,11,10,9,0.12846153846153846,0,1,2,7,1,0,0,0,0,0,0.1419494584837545
4653,è¨ñÏíBç∆,4,43,14,6,10,0.1188372093023256,0,1,11,1,1,0,0,0,0,0,0.1419494584837545
4653,è¨ñÏíBç∆,5,42,4,7,14,0.14523809523809522,0,0,1,2,1,0,0,0,0,0,0.1419494584837545
4653,è¨ñÏíBç∆,6,38,3,9,7,0.1705263157894737,0,0,1,2,0,0,0,0,0,0,0.1419494584837545
4654,é¬ìcóDñÁ,1,38,28,5,4,0.14894736842105263,28,0,0,0,0,0,1,6,2,0,0.1375480769230769
4654,é¬ìcóDñÁ,2,32,8,12,6,0.1296875,1,5,1,0,1,0,0,0,0,16,0.1375480769230769
4654,é¬ìcóDñÁ,3,37,9,11,11,0.1335135135135135,0,1,1,7,0,0,0,0,0,0,0.1375480769230769
4654,é¬ìcóDñÁ,4,35,0,17,8,0.12742857142857142,0,0,0,0,0,0,0,0,0,0,0.1375480769230769
4654,é¬ìcóDñÁ,5,33,1,4,8,0.14454545454545456,0,0,0,1,0,0,0,0,0,0,0.1375480769230769
4654,é¬ìcóDñÁ,6,33,0,1,6,0.1403030303030303,0,0,0,0,0,0,0,0,0,0,0.1375480769230769
4656,ëÂçË„ƒ,1,31,13,6,6,0.1403225806451613,13,0,0,0,0,0,5,8,3,0,0.16004273504273506
4656,ëÂçË„ƒ,2,45,4,11,8,0.16666666666666666,0,4,0,0,0,0,0,0,0,25,0.16004273504273506
4656,ëÂçË„ƒ,3,40,6,10,7,0.1555,0,0,1,5,0,0,0,0,0,0,0.16004273504273506
4656,ëÂçË„ƒ,4,39,1,8,8,0.15487179487179487,0,0,0,0,0,1,0,0,0,0,0.16004273504273506
4656,ëÂçË„ƒ,5,45,2,4,6,0.17044444444444445,0,0,0,1,1,0,0,0,0,0,0.16004273504273506
4656,ëÂçË„ƒ,6,34,0,3,6,0.16676470588235293,0,0,0,0,0,0,0,0,0,0,0.16004273504273506
4659,ñÿâ∫„ƒëæ,1,59,41,11,3,0.15084745762711865,38,0,0,0,3,0,9,3,5,0,0.13966165413533835
4659,ñÿâ∫„ƒëæ,2,44,10,11,9,0.13545454545454547,0,6,3,0,0,1,0,0,0,19,0.13966165413533835
4659,ñÿâ∫„ƒëæ,3,40,9,9,12,0.14825,0,1,1,5,1,1,0,0,0,0,0.13966165413533835
4659,ñÿâ∫„ƒëæ,4,42,4,6,23,0.12309523809523809,0,0,4,0,0,0,0,0,0,0,0.13966165413533835
4659,ñÿâ∫„ƒëæ,5,39,8,4,5,0.12615384615384614,0,1,2,5,0,0,0,0,0,0,0.13966165413533835
4659,ñÿâ∫„ƒëæ,6,42,1,6,10,0.1492857142857143,0,0,0,1,0,0,0,0,0,0,0.13966165413533835
4660,âFìcêÏêMàÍ,1,22,7,4,5,0.16772727272727272,6,0,0,0,1,0,5,5,5,0,0.1936416184971098
4660,âFìcêÏêMàÍ,2,32,5,7,1,0.2021875,0,5,0,0,0,0,0,0,0,14,0.1936416184971098
4660,âFìcêÏêMàÍ,3,30,2,4,2,0.18033333333333335,0,0,1,1,0,0,0,0,0,0,0.1936416184971098
4660,âFìcêÏêMàÍ,4,33,1,5,4,0.20515151515151517,0,0,0,0,1,0,0,0,0,0,0.1936416184971098
4660,âFìcêÏêMàÍ,5,27,0,3,8,0.18407407407407406,0,0,0,0,0,0,0,0,0,0,0.1936416184971098
4660,âFìcêÏêMàÍ,6,29,0,0,3,0.213448275862069,0,0,0,0,0,0,0,0,0,0,0.1936416184971098
4661,íÜìáçVèÕ,1,45,29,10,4,0.14288888888888887,28,0,0,0,1,0,3,3,3,0,0.18367768595041323
4661,íÜìáçVèÕ,2,35,9,8,5,0.17600000000000002,0,8,0,1,0,0,0,0,0,13,0.18367768595041323
4661,íÜìáçVèÕ,3,43,0,15,9,0.16139534883720932,0,0,0,0,0,0,0,0,0,0,0.18367768595041323
4661,íÜìáçVèÕ,4,41,2,8,5,0.1902439024390244,0,0,1,1,0,0,0,0,0,0,0.18367768595041323
4661,íÜìáçVèÕ,5,38,0,6,7,0.195,0,0,0,0,0,0,0,0,0,0,0.18367768595041323
4661,íÜìáçVèÕ,6,40,1,6,10,0.24275000000000002,0,1,0,0,0,0,0,0,0,0,0.18367768595041323
4662,ï–éRâÎóY,1,13,1,2,1,0.20153846153846156,1,0,0,0,0,0,0,6,3,0,0.20145833333333332
4662,ï–éRâÎóY,2,19,0,3,5,0.2157894736842105,0,0,0,0,0,0,0,0,0,11,0.20145833333333332
4662,ï–éRâÎóY,3,16,1,1,0,0.185625,0,0,0,1,0,0,0,0,0,0,0.20145833333333332
4662,ï–éRâÎóY,4,16,0,0,0,0.220625,0,0,0,0,0,0,0,0,0,0,0.20145833333333332
4662,ï–éRâÎóY,5,19,0,0,1,0.20105263157894737,0,0,0,0,0,0,0,0,0,0,0.20145833333333332
4662,ï–éRâÎóY,6,13,0,0,1,0.1769230769230769,0,0,0,0,0,0,0,0,0,0,0.20145833333333332
4663,ñ‡éRâ¿äx,1,36,14,11,5,0.12722222222222224,11,0,0,0,3,0,2,10,7,0,0.1525991189427313
4663,ñ‡éRâ¿äx,2,43,4,11,12,0.1386046511627907,0,1,3,0,0,0,0,0,0,25,0.1525991189427313
4663,ñ‡éRâ¿äx,3,38,6,4,6,0.17078947368421052,0,0,1,3,2,0,0,0,0,0,0.1525991189427313
4663,ñ‡éRâ¿äx,4,33,3,7,8,0.14181818181818182,0,0,1,2,0,0,0,0,0,0,0.1525991189427313
4663,ñ‡éRâ¿äx,5,38,0,6,5,0.15578947368421053,0,0,0,0,0,0,0,0,0,0,0.1525991189427313
4663,ñ‡éRâ¿äx,6,39,1,4,9,0.17974358974358973,0,0,0,1,0,0,0,0,0,0,0.1525991189427313
4664,ìåå˚çW,1,30,9,6,4,0.14800000000000002,9,0,0,0,0,0,9,5,5,0,0.19275862068965519
4664,ìåå˚çW,2,39,2,3,5,0.1976923076923077,0,0,1,0,1,0,0,0,0,20,0.19275862068965519
4664,ìåå˚çW,3,36,3,5,2,0.21000000000000002,0,1,1,1,0,0,0,0,0,0,0.19275862068965519
4664,ìåå˚çW,4,33,1,5,5,0.17696969696969697,0,0,0,1,0,0,0,0,0,0,0.19275862068965519
4664,ìåå˚çW,5,36,0,0,7,0.2113888888888889,0,0,0,0,0,0,0,0,0,0,0.19275862068965519
4664,ìåå˚çW,6,29,0,1,2,0.20586206896551723,0,0,0,0,0,0,0,0,0,0,0.19275862068965519
4665,â¡ì°å[ëæ,1,23,5,4,7,0.1691304347826087,5,0,0,0,0,0,5,9,2,0,0.1786224489795918
4665,â¡ì°å[ëæ,2,35,5,9,0,0.1682857142857143,0,3,1,1,0,0,0,0,0,18,0.1786224489795918
4665,â¡ì°å[ëæ,3,36,1,3,7,0.17222222222222222,0,0,1,0,0,0,0,0,0,0,0.1786224489795918
4665,â¡ì°å[ëæ,4,34,2,2,6,0.18735294117647058,0,0,0,2,0,0,0,0,0,0,0.1786224489795918
4665,â¡ì°å[ëæ,5,35,1,6,4,0.18228571428571427,0,0,0,1,0,0,0,0,0,0,0.1786224489795918
4665,â¡ì°å[ëæ,6,33,1,3,4,0.1903030303030303,0,1,0,0,0,0,0,0,0,0,0.1786224489795918
4666,ì˙ä}èüçO,1,30,14,5,3,0.16433333333333333,14,0,0,0,0,0,4,4,6,0,0.15043478260869567
4666,ì˙ä}èüçO,2,40,2,7,5,0.15,0,0,2,0,0,0,0,0,0,27,0.15043478260869567
4666,ì˙ä}èüçO,3,35,6,2,5,0.124,0,0,6,0,0,0,0,0,0,0,0.15043478260869567
4666,ì˙ä}èüçO,4,31,1,4,7,0.15064516129032257,0,0,0,1,0,0,0,0,0,0,0.15043478260869567
4666,ì˙ä}èüçO,5,37,5,5,1,0.14081081081081082,0,0,3,2,0,0,0,0,0,0,0.15043478260869567
4666,ì˙ä}èüçO,6,34,0,0,1,0.1761764705882353,0,0,0,0,0,0,0,0,0,0,0.15043478260869567
4669,à‰è„ñŒ,1,23,6,5,5,0.16,6,0,0,0,0,0,7,8,1,0,0.18425837320574162
4669,à‰è„ñŒ,2,40,4,9,9,0.173,0,3,1,0,0,0,0,0,0,24,0.18425837320574162
4669,à‰è„ñŒ,3,40,3,10,5,0.14550000000000002,0,0,2,1,0,0,0,0,0,0,0.18425837320574162
4669,à‰è„ñŒ,4,39,0,2,7,0.20692307692307693,0,0,0,0,0,0,0,0,0,0,0.18425837320574162
4669,à‰è„ñŒ,5,38,1,1,9,0.2036842105263158,0,0,0,1,0,0,0,0,0,0,0.18425837320574162
4669,à‰è„ñŒ,6,29,1,2,5,0.21655172413793106,0,1,0,0,0,0,0,0,0,0,0.18425837320574162
4672,éÁâÆëÂín,1,28,9,7,4,0.2082142857142857,9,0,0,0,0,0,10,5,3,0,0.18080188679245282
4672,éÁâÆëÂín,2,35,4,9,5,0.19057142857142856,0,2,2,0,0,0,0,0,0,20,0.18080188679245282
4672,éÁâÆëÂín,3,42,4,9,6,0.18476190476190477,0,0,4,0,0,0,0,0,0,0,0.18080188679245282
4672,éÁâÆëÂín,4,42,0,3,10,0.1757142857142857,0,0,0,0,0,0,0,0,0,0,0.18080188679245282
4672,éÁâÆëÂín,5,35,0,0,7,0.1705714285714286,0,0,0,0,0,0,0,0,0,0,0.18080188679245282
4672,éÁâÆëÂín,6,30,2,2,5,0.15733333333333333,0,0,2,0,0,0,0,0,0,0,0.18080188679245282
4674,írìcçÑãK,1,37,12,13,5,0.1391891891891892,11,0,0,0,1,0,8,8,6,0,0.15926605504587155
4674,írìcçÑãK,2,41,1,18,9,0.17414634146341462,0,1,0,0,0,0,0,0,0,25,0.15926605504587155
4674,írìcçÑãK,3,36,3,11,5,0.1486111111111111,0,1,0,2,0,0,0,0,0,0,0.15926605504587155
4674,írìcçÑãK,4,42,4,12,10,0.17023809523809524,0,0,1,2,1,0,0,0,0,0,0.15926605504587155
4674,írìcçÑãK,5,36,3,4,8,0.1663888888888889,0,1,0,1,1,0,0,0,0,0,0.15926605504587155
4674,írìcçÑãK,6,26,0,3,8,0.15153846153846154,0,0,0,0,0,0,0,0,0,0,0.15926605504587155
4675,à‰éËó«ëæ,1,26,13,6,4,0.14153846153846156,13,0,0,0,0,0,4,3,6,0,0.13144999999999998
4675,à‰éËó«ëæ,2,42,3,11,11,0.13976190476190475,0,1,1,0,1,0,0,0,0,25,0.13144999999999998
4675,à‰éËó«ëæ,3,34,3,6,10,0.14235294117647057,0,1,1,1,0,0,0,0,0,0,0.13144999999999998
4675,à‰éËó«ëæ,4,31,2,3,7,0.1293548387096774,0,0,1,1,0,0,0,0,0,0,0.13144999999999998
4675,à‰éËó«ëæ,5,36,2,8,7,0.11611111111111111,0,0,0,1,1,0,0,0,0,0,0.13144999999999998
4675,à‰éËó«ëæ,6,31,2,1,2,0.11967741935483871,0,0,1,1,0,0,0,0,0,0,0.13144999999999998
4676,å„ì°îπîV,1,33,14,7,3,0.14242424242424243,14,0,0,0,0,0,6,8,3,0,0.15366515837104072
4676,å„ì°îπîV,2,45,8,10,6,0.13866666666666666,0,3,4,0,1,0,0,0,0,23,0.15366515837104072
4676,å„ì°îπîV,3,34,2,3,9,0.15205882352941177,0,0,1,1,0,0,0,0,0,0,0.15366515837104072
4676,å„ì°îπîV,4,39,3,6,3,0.15974358974358976,0,1,0,2,0,0,0,0,0,0,0.15366515837104072
4676,å„ì°îπîV,5,36,1,3,5,0.1502777777777778,0,0,0,1,0,0,0,0,0,0,0.15366515837104072
4676,å„ì°îπîV,6,34,1,3,5,0.1826470588235294,0,0,0,1,0,0,0,0,0,0,0.15366515837104072
4677,ï–ã¥çKãM,1,58,45,3,5,0.13844827586206895,43,0,0,0,2,0,1,6,4,0,0.14027237354085603
4677,ï–ã¥çKãM,2,40,11,8,10,0.15825,0,5,3,1,2,0,0,0,0,16,0.14027237354085603
4677,ï–ã¥çKãM,3,43,6,10,10,0.15534883720930232,0,2,1,1,2,0,0,0,0,0,0.14027237354085603
4677,ï–ã¥çKãM,4,39,9,10,8,0.10435897435897437,0,1,1,4,3,0,0,0,0,0,0.14027237354085603
4677,ï–ã¥çKãM,5,35,3,6,8,0.12457142857142858,0,0,1,1,1,0,0,0,0,0,0.14027237354085603
4677,ï–ã¥çKãM,6,42,4,6,15,0.15666666666666668,1,2,1,0,0,0,0,0,0,0,0.14027237354085603
4678,êÖñÏñ]î¸,1,34,25,6,0,0.14911764705882355,23,0,0,0,2,0,1,6,2,0,0.155868544600939
4678,êÖñÏñ]î¸,2,43,4,16,4,0.14232558139534884,0,4,0,0,0,0,0,0,0,26,0.155868544600939
4678,êÖñÏñ]î¸,3,35,3,12,8,0.14685714285714285,0,0,0,3,0,0,0,0,0,0,0.155868544600939
4678,êÖñÏñ]î¸,4,38,4,4,5,0.16526315789473686,0,2,0,2,0,0,0,0,0,0,0.155868544600939
4678,êÖñÏñ]î¸,5,34,3,1,5,0.15911764705882353,0,0,1,2,0,0,0,0,0,0,0.155868544600939
4678,êÖñÏñ]î¸,6,29,0,3,4,0.17862068965517242,0,0,0,0,0,0,0,0,0,0,0.155868544600939
4679,êAìcëæàÍ,1,34,23,5,2,0.1461764705882353,18,0,2,0,3,0,3,3,3,0,0.1633497536945813
4679,êAìcëæàÍ,2,31,5,8,6,0.15451612903225806,0,1,4,0,0,0,0,0,0,16,0.1633497536945813
4679,êAìcëæàÍ,3,31,5,4,6,0.15419354838709678,0,0,3,0,2,0,0,0,0,0,0.1633497536945813
4679,êAìcëæàÍ,4,40,3,7,8,0.16275,0,0,1,1,1,0,0,0,0,0,0.1633497536945813
4679,êAìcëæàÍ,5,37,5,9,4,0.16378378378378378,0,0,2,1,2,0,0,0,0,0,0.1633497536945813
4679,êAìcëæàÍ,6,30,1,3,1,0.20166666666666666,0,0,0,1,0,0,0,0,0,0,0.1633497536945813
4680,å„ì°î¸óÉ,1,41,18,11,3,0.19365853658536586,16,0,0,0,2,0,13,4,4,0,0.20585858585858585
4680,å„ì°î¸óÉ,2,32,3,5,7,0.17375000000000002,0,1,2,0,0,0,0,0,0,17,0.20585858585858585
4680,å„ì°î¸óÉ,3,34,3,9,7,0.19058823529411767,0,1,2,0,0,0,0,0,0,0,0.20585858585858585
4680,å„ì°î¸óÉ,4,27,1,7,4,0.21925925925925926,0,1,0,0,0,0,0,0,0,0,0.20585858585858585
4680,å„ì°î¸óÉ,5,35,2,6,4,0.2317142857142857,0,1,0,1,0,0,0,0,0,0,0.20585858585858585
4680,å„ì°î¸óÉ,6,29,0,1,4,0.23275862068965517,0,0,0,0,0,0,0,0,0,0,0.20585858585858585
4681,ëæìcí™,1,23,9,9,1,0.12956521739130436,9,0,0,0,0,0,6,4,4,0,0.1595744680851064
4681,ëæìcí™,2,39,3,5,10,0.1694871794871795,0,2,0,0,0,1,0,0,0,20,0.1595744680851064
4681,ëæìcí™,3,32,4,4,6,0.135,0,2,2,0,0,0,0,0,0,0,0.1595744680851064
4681,ëæìcí™,4,37,5,3,7,0.1589189189189189,0,1,3,1,0,0,0,0,0,0,0.1595744680851064
4681,ëæìcí™,5,30,1,5,3,0.1713333333333333,0,0,0,1,0,0,0,0,0,0,0.1595744680851064
4681,ëæìcí™,6,27,0,1,8,0.1877777777777778,0,0,0,0,0,0,0,0,0,0,0.1595744680851064
4682,ëÂè„ëÏêl,1,54,38,8,1,0.1375925925925926,35,0,0,0,3,0,5,7,4,0,0.14337552742616036
4682,ëÂè„ëÏêl,2,41,9,13,4,0.144390243902439,0,7,2,0,0,0,0,0,0,19,0.14337552742616036
4682,ëÂè„ëÏêl,3,32,7,11,4,0.1328125,0,2,1,4,0,0,0,0,0,0,0.14337552742616036
4682,ëÂè„ëÏêl,4,38,10,8,10,0.11473684210526316,0,3,4,2,1,0,0,0,0,0,0.14337552742616036
4682,ëÂè„ëÏêl,5,31,1,6,11,0.15838709677419355,0,0,0,1,0,0,0,0,0,0,0.14337552742616036
4682,ëÂè„ëÏêl,6,41,1,5,9,0.17341463414634148,0,1,0,0,0,0,0,0,0,0,0.14337552742616036
4683,å¸à‰ìcíºñÌ,1,13,4,2,2,0.14692307692307693,4,0,0,0,0,0,2,2,2,0,0.123125
4683,å¸à‰ìcíºñÌ,2,13,3,2,2,0.15846153846153846,0,3,0,0,0,0,0,0,0,7,0.123125
4683,å¸à‰ìcíºñÌ,3,27,3,4,6,0.12407407407407407,0,0,2,1,0,0,0,0,0,0,0.123125
4683,å¸à‰ìcíºñÌ,4,20,4,3,4,0.1035,0,0,2,1,1,0,0,0,0,0,0.123125
4683,å¸à‰ìcíºñÌ,5,18,0,3,5,0.09444444444444444,0,0,0,0,0,0,0,0,0,0,0.123125
4683,å¸à‰ìcíºñÌ,6,21,0,3,3,0.1285714285714286,0,0,0,0,0,0,0,0,0,0,0.123125
4684,ìÌå¥„ƒëæ,1,32,18,7,1,0.165625,17,0,0,0,1,0,3,4,5,0,0.151651376146789
4684,ìÌå¥„ƒëæ,2,39,8,5,7,0.1605128205128205,0,6,1,0,1,0,0,0,0,16,0.151651376146789
4684,ìÌå¥„ƒëæ,3,35,0,12,8,0.14485714285714288,0,0,0,0,0,0,0,0,0,0,0.151651376146789
4684,ìÌå¥„ƒëæ,4,38,2,4,5,0.1386842105263158,0,0,1,1,0,0,0,0,0,0,0.151651376146789
4684,ìÌå¥„ƒëæ,5,36,0,8,10,0.1363888888888889,0,0,0,0,0,0,0,0,0,0,0.151651376146789
4684,ìÌå¥„ƒëæ,6,38,0,2,4,0.16447368421052633,0,0,0,0,0,0,0,0,0,0,0.151651376146789
4685,ìáë∫ó≤çK,1,48,33,5,2,0.11104166666666666,33,0,0,0,0,0,6,3,6,0,0.1272457627118644
4685,ìáë∫ó≤çK,2,36,8,13,6,0.12555555555555556,0,3,5,0,0,0,0,0,0,17,0.1272457627118644
4685,ìáë∫ó≤çK,3,38,11,9,7,0.12000000000000001,0,0,2,6,3,0,0,0,0,0,0.1272457627118644
4685,ìáë∫ó≤çK,4,41,7,10,6,0.13731707317073172,0,1,2,3,1,0,0,0,0,0,0.1272457627118644
4685,ìáë∫ó≤çK,5,32,3,3,6,0.13625,0,0,0,3,0,0,0,0,0,0,0.1272457627118644
4685,ìáë∫ó≤çK,6,41,3,7,10,0.13731707317073172,0,0,1,1,1,0,0,0,0,0,0.1272457627118644
4686,ä€ñÏàÍé˜,1,47,36,3,2,0.14872340425531916,36,0,0,0,0,0,7,1,0,0,0.15711297071129707
4686,ä€ñÏàÍé˜,2,40,6,13,3,0.14950000000000002,0,5,0,1,0,0,0,0,0,21,0.15711297071129707
4686,ä€ñÏàÍé˜,3,36,6,10,5,0.15638888888888888,0,1,1,4,0,0,0,0,0,0,0.15711297071129707
4686,ä€ñÏàÍé˜,4,42,10,6,10,0.16023809523809524,0,0,0,8,2,0,0,0,0,0,0.15711297071129707
4686,ä€ñÏàÍé˜,5,29,6,7,3,0.15068965517241378,0,1,2,3,0,0,0,0,0,0,0.15711297071129707
4686,ä€ñÏàÍé˜,6,45,2,10,13,0.17444444444444446,0,0,0,2,0,0,0,0,0,0,0.15711297071129707
4688,âià‰ïVñÁ,1,53,30,10,6,0.14433962264150943,27,0,0,0,3,0,5,7,7,0,0.13412408759124086
4688,âià‰ïVñÁ,2,45,8,13,6,0.15155555555555555,0,4,3,0,1,0,0,0,0,20,0.13412408759124086
4688,âià‰ïVñÁ,3,45,9,17,7,0.13977777777777778,0,0,5,1,3,0,0,0,0,0,0.13412408759124086
4688,âià‰ïVñÁ,4,47,3,14,13,0.11595744680851064,0,1,1,1,0,0,0,0,0,0,0.13412408759124086
4688,âià‰ïVñÁ,5,37,4,12,8,0.11864864864864864,0,0,0,4,0,0,0,0,0,0,0.13412408759124086
4688,âià‰ïVñÁ,6,47,0,8,11,0.13085106382978723,0,0,0,0,0,0,0,0,0,0,0.13412408759124086
4689,ñLìcåã,1,6,5,0,1,0.11333333333333334,5,0,0,0,0,0,0,1,0,0,0.1797058823529412
4689,ñLìcåã,2,6,3,2,0,0.20666666666666667,0,1,2,0,0,0,0,0,0,2,0.1797058823529412
4689,ñLìcåã,3,6,1,2,1,0.18333333333333335,0,1,0,0,0,0,0,0,0,0,0.1797058823529412
4689,ñLìcåã,4,5,2,1,0,0.11200000000000002,0,1,1,0,0,0,0,0,0,0,0.1797058823529412
4689,ñLìcåã,5,6,0,0,1,0.19833333333333333,0,0,0,0,0,0,0,0,0,0,0.1797058823529412
4689,ñLìcåã,6,5,0,0,0,0.268,0,0,0,0,0,0,0,0,0,0,0.1797058823529412
4690,çÇêŒóúçÿ,1,26,11,5,5,0.14615384615384616,11,0,0,0,0,0,4,5,6,0,0.1619186046511628
4690,çÇêŒóúçÿ,2,36,10,11,6,0.14472222222222222,0,9,1,0,0,0,0,0,0,19,0.1619186046511628
4690,çÇêŒóúçÿ,3,32,7,10,9,0.1440625,0,1,3,0,2,1,0,0,0,0,0.1619186046511628
4690,çÇêŒóúçÿ,4,25,1,2,6,0.18760000000000002,0,1,0,0,0,0,0,0,0,0,0.1619186046511628
4690,çÇêŒóúçÿ,5,29,0,4,7,0.17517241379310344,0,0,0,0,0,0,0,0,0,0,0.1619186046511628
4690,çÇêŒóúçÿ,6,24,2,2,3,0.18583333333333332,0,1,0,1,0,0,0,0,0,0,0.1619186046511628
4691,êÖå¥êT,1,32,18,4,2,0.1334375,17,0,0,0,1,0,7,1,2,0,0.16193693693693695
4691,êÖå¥êT,2,47,4,10,6,0.15191489361702126,0,2,1,0,0,1,0,0,0,23,0.16193693693693695
4691,êÖå¥êT,3,34,0,7,10,0.15911764705882353,0,0,0,0,0,0,0,0,0,0,0.16193693693693695
4691,êÖå¥êT,4,36,1,3,7,0.17666666666666667,0,1,0,0,0,0,0,0,0,0,0.16193693693693695
4691,êÖå¥êT,5,39,3,2,7,0.1723076923076923,0,0,0,2,0,1,0,0,0,0,0.16193693693693695
4691,êÖå¥êT,6,34,0,0,4,0.17794117647058824,0,0,0,0,0,0,0,0,0,0,0.16193693693693695
4692,éà‰èrçO,1,29,12,9,2,0.15551724137931033,11,0,1,0,0,0,4,6,5,0,0.14065934065934066
4692,éà‰èrçO,2,28,1,4,6,0.12928571428571428,0,1,0,0,0,0,0,0,0,17,0.14065934065934066
4692,éà‰èrçO,3,31,1,9,3,0.15161290322580645,0,0,1,0,0,0,0,0,0,0,0.14065934065934066
4692,éà‰èrçO,4,28,5,3,2,0.14500000000000002,0,0,5,0,0,0,0,0,0,0,0.14065934065934066
4692,éà‰èrçO,5,30,8,3,1,0.12333333333333334,0,0,8,0,0,0,0,0,0,0,0.14065934065934066
4692,éà‰èrçO,6,36,7,2,5,0.13916666666666666,0,0,7,0,0,0,0,0,0,0,0.14065934065934066
4693,èºâ∫ó_ém,1,28,8,5,1,0.1842857142857143,8,0,0,0,0,0,3,12,3,0,0.17812227074235806
4693,èºâ∫ó_ém,2,49,3,12,11,0.19387755102040816,0,3,0,0,0,0,0,0,0,27,0.17812227074235806
4693,èºâ∫ó_ém,3,38,0,7,7,0.18710526315789475,0,0,0,0,0,0,0,0,0,0,0.17812227074235806
4693,èºâ∫ó_ém,4,43,1,5,9,0.16279069767441862,0,0,1,0,0,0,0,0,0,0,0.17812227074235806
4693,èºâ∫ó_ém,5,42,1,3,8,0.16499999999999998,0,0,0,0,0,1,0,0,0,0,0.17812227074235806
4693,èºâ∫ó_ém,6,29,1,0,3,0.17551724137931035,0,0,0,1,0,0,0,0,0,0,0.17812227074235806
4694,çÇìcàª,1,8,3,2,0,0.15875,3,0,0,0,0,0,2,2,0,0,0.17909090909090908
4694,çÇìcàª,2,9,3,0,2,0.17444444444444446,0,2,1,0,0,0,0,0,0,6,0.17909090909090908
4694,çÇìcàª,3,9,2,1,0,0.19555555555555557,0,1,1,0,0,0,0,0,0,0,0.17909090909090908
4694,çÇìcàª,4,9,1,0,3,0.19444444444444445,0,0,0,0,1,0,0,0,0,0,0.17909090909090908
4694,çÇìcàª,5,11,0,1,1,0.17090909090909093,0,0,0,0,0,0,0,0,0,0,0.17909090909090908
4694,çÇìcàª,6,9,0,1,2,0.18,0,0,0,0,0,0,0,0,0,0,0.17909090909090908
4695,îˆçËóYìÒ,1,38,21,5,6,0.16421052631578947,19,0,0,0,2,0,11,4,2,0,0.17222727272727273
4695,îˆçËóYìÒ,2,43,4,13,4,0.17674418604651165,0,3,1,0,0,0,0,0,0,22,0.17222727272727273
4695,îˆçËóYìÒ,3,37,3,7,11,0.16837837837837838,0,0,0,2,1,0,0,0,0,0,0.17222727272727273
4695,îˆçËóYìÒ,4,34,3,4,10,0.1688235294117647,0,0,2,1,0,0,0,0,0,0,0.17222727272727273
4695,îˆçËóYìÒ,5,37,0,1,9,0.16702702702702701,0,0,0,0,0,0,0,0,0,0,0.17222727272727273
4695,îˆçËóYìÒ,6,31,0,0,10,0.1903225806451613,0,0,0,0,0,0,0,0,0,0,0.17222727272727273
4697,ö†çO„ƒïΩ,1,28,8,5,3,0.16964285714285715,8,0,0,0,0,0,11,3,4,0,0.18096330275229358
4697,ö†çO„ƒïΩ,2,42,4,8,8,0.17761904761904762,0,2,2,0,0,0,0,0,0,24,0.18096330275229358
4697,ö†çO„ƒïΩ,3,39,3,8,5,0.15435897435897436,0,0,3,0,0,0,0,0,0,0,0.18096330275229358
4697,ö†çO„ƒïΩ,4,39,1,8,9,0.16589743589743589,0,0,1,0,0,0,0,0,0,0,0.18096330275229358
4697,ö†çO„ƒïΩ,5,37,0,4,4,0.19135135135135134,0,0,0,0,0,0,0,0,0,0,0.18096330275229358
4697,ö†çO„ƒïΩ,6,33,0,1,3,0.23242424242424242,0,0,0,0,0,0,0,0,0,0,0.18096330275229358
4700,ã‡éqòaîV,1,45,34,6,4,0.12333333333333332,33,0,0,0,1,0,5,2,4,0,0.15071428571428572
4700,ã‡éqòaîV,2,43,7,11,10,0.15790697674418605,0,7,0,0,0,0,0,0,0,25,0.15071428571428572
4700,ã‡éqòaîV,3,42,6,14,6,0.14785714285714285,0,0,2,3,0,1,0,0,0,0,0.15071428571428572
4700,ã‡éqòaîV,4,47,8,15,8,0.16425531914893615,0,2,3,3,0,0,0,0,0,0,0.15071428571428572
4700,ã‡éqòaîV,5,35,3,5,7,0.1754285714285714,0,1,1,1,0,0,0,0,0,0,0.15071428571428572
4700,ã‡éqòaîV,6,40,2,4,10,0.13925,0,0,0,2,0,0,0,0,0,0,0.15071428571428572
4702,éOâYåhëæ,1,43,30,7,3,0.1486046511627907,30,0,0,0,0,0,5,3,3,0,0.13376106194690265
4702,éOâYåhëæ,2,37,6,11,6,0.12891891891891893,0,3,1,0,1,1,0,0,0,20,0.13376106194690265
4702,éOâYåhëæ,3,32,8,10,6,0.1434375,0,1,4,3,0,0,0,0,0,0,0.13376106194690265
4702,éOâYåhëæ,4,39,10,8,6,0.11641025641025642,0,2,4,4,0,0,0,0,0,0,0.13376106194690265
4702,éOâYåhëæ,5,38,8,7,3,0.12842105263157894,0,0,3,5,0,0,0,0,0,0,0.13376106194690265
4702,éOâYåhëæ,6,37,4,4,9,0.13675675675675678,0,0,1,3,0,0,0,0,0,0,0.13376106194690265
4703,êXâió≤,1,48,32,4,6,0.12604166666666666,31,0,0,0,1,0,3,7,3,0,0.13642857142857143
4703,êXâió≤,2,39,7,13,10,0.13999999999999999,1,4,2,0,0,0,0,0,0,18,0.13642857142857143
4703,êXâió≤,3,34,8,6,7,0.11852941176470588,0,1,4,3,0,0,0,0,0,0,0.13642857142857143
4703,êXâió≤,4,35,4,9,7,0.124,0,0,4,0,0,0,0,0,0,0,0.13642857142857143
4703,êXâió≤,5,30,2,8,6,0.14433333333333334,0,0,0,1,1,0,0,0,0,0,0.13642857142857143
4703,êXâió≤,6,38,0,6,12,0.16710526315789476,0,0,0,0,0,0,0,0,0,0,0.13642857142857143
4704,âÕñÏëÂ,1,45,30,10,1,0.12777777777777777,26,1,0,0,3,0,3,4,7,0,0.1608230452674897
4704,âÕñÏëÂ,2,37,5,14,6,0.1810810810810811,0,4,1,0,0,0,0,0,0,21,0.1608230452674897
4704,âÕñÏëÂ,3,44,9,10,14,0.15227272727272728,0,1,2,3,3,0,0,0,0,0,0.1608230452674897
4704,âÕñÏëÂ,4,43,5,14,5,0.1697674418604651,0,1,1,3,0,0,0,0,0,0,0.1608230452674897
4704,âÕñÏëÂ,5,34,2,7,8,0.16794117647058823,0,0,0,2,0,0,0,0,0,0,0.1608230452674897
4704,âÕñÏëÂ,6,40,1,6,9,0.173,0,0,0,1,0,0,0,0,0,0,0.1608230452674897
4705,ãgêÏóEçÏ,1,34,19,7,4,0.12705882352941178,18,0,0,0,1,0,1,7,6,0,0.14457142857142857
4705,ãgêÏóEçÏ,2,38,7,5,7,0.1486842105263158,0,4,2,0,1,0,0,0,0,19,0.14457142857142857
4705,ãgêÏóEçÏ,3,42,5,6,8,0.14333333333333334,0,0,0,2,1,2,0,0,0,0,0.14457142857142857
4705,ãgêÏóEçÏ,4,31,3,3,4,0.13903225806451613,0,0,1,2,0,0,0,0,0,0,0.14457142857142857
4705,ãgêÏóEçÏ,5,34,1,1,4,0.15058823529411766,0,0,0,1,0,0,0,0,0,0,0.14457142857142857
4705,ãgêÏóEçÏ,6,31,0,1,1,0.15935483870967743,0,0,0,0,0,0,0,0,0,0,0.14457142857142857
4706,éOâYóméüòN,1,50,30,4,7,0.1668,30,0,0,0,0,0,2,12,3,0,0.16512000000000002
4706,éOâYóméüòN,2,41,7,13,3,0.17170731707317075,0,6,1,0,0,0,0,0,0,17,0.16512000000000002
4706,éOâYóméüòN,3,41,6,8,9,0.17146341463414635,0,0,2,2,2,0,0,0,0,0,0.16512000000000002
4706,éOâYóméüòN,4,40,4,8,9,0.1585,0,1,3,0,0,0,0,0,0,0,0.16512000000000002
4706,éOâYóméüòN,5,36,2,5,7,0.1625,0,0,0,2,0,0,0,0,0,0,0.16512000000000002
4706,éOâYóméüòN,6,42,1,6,12,0.15904761904761905,0,1,0,0,0,0,0,0,0,0,0.16512000000000002
4708,îºìcèÆñÁ,1,23,5,3,3,0.2082608695652174,5,0,0,0,0,0,4,9,4,0,0.19846153846153847
4708,îºìcèÆñÁ,2,29,1,1,7,0.2082758620689655,0,1,0,0,0,0,0,0,0,15,0.19846153846153847
4708,îºìcèÆñÁ,3,27,0,5,6,0.20925925925925928,0,0,0,0,0,0,0,0,0,0,0.19846153846153847
4708,îºìcèÆñÁ,4,28,0,4,3,0.16642857142857143,0,0,0,0,0,0,0,0,0,0,0.19846153846153847
4708,îºìcèÆñÁ,5,23,1,3,2,0.1943478260869565,0,0,0,1,0,0,0,0,0,0,0.19846153846153847
4708,îºìcèÆñÁ,6,26,0,2,5,0.2057692307692308,0,0,0,0,0,0,0,0,0,0,0.19846153846153847
4709,â™ë∫è´ñÁ,1,42,24,6,3,0.16214285714285714,21,1,0,0,2,0,5,4,8,0,0.1673529411764706
4709,â™ë∫è´ñÁ,2,35,6,8,7,0.16885714285714287,0,5,1,0,0,0,0,0,0,19,0.1673529411764706
4709,â™ë∫è´ñÁ,3,41,5,15,10,0.16731707317073172,0,1,0,3,1,0,0,0,0,0,0.1673529411764706
4709,â™ë∫è´ñÁ,4,45,6,10,11,0.16244444444444445,0,0,0,2,4,0,0,0,0,0,0.1673529411764706
4709,â™ë∫è´ñÁ,5,37,0,8,4,0.16837837837837838,0,0,0,0,0,0,0,0,0,0,0.1673529411764706
4709,â™ë∫è´ñÁ,6,38,1,0,12,0.17657894736842106,0,0,0,1,0,0,0,0,0,0,0.1673529411764706
4710,ïüìcè@ïΩ,1,59,41,11,2,0.13728813559322034,37,0,0,0,4,0,5,6,5,0,0.14721830985915493
4710,ïüìcè@ïΩ,2,44,10,13,7,0.145,0,3,5,1,0,1,0,0,0,27,0.14721830985915493
4710,ïüìcè@ïΩ,3,50,6,14,15,0.1518,0,1,1,3,0,1,0,0,0,0,0.14721830985915493
4710,ïüìcè@ïΩ,4,48,2,9,16,0.14020833333333335,0,0,1,1,0,0,0,0,0,0,0.14721830985915493
4710,ïüìcè@ïΩ,5,37,2,5,12,0.14297297297297298,0,1,0,1,0,0,0,0,0,0,0.14721830985915493
4710,ïüìcè@ïΩ,6,46,1,2,10,0.16782608695652174,0,0,0,1,0,0,0,0,0,0,0.14721830985915493
4711,ëOèoíBãg,1,32,14,9,5,0.14125000000000001,12,0,0,0,2,0,5,5,5,0,0.14397058823529413
4711,ëOèoíBãg,2,34,3,9,10,0.1388235294117647,0,2,1,0,0,0,0,0,0,23,0.14397058823529413
4711,ëOèoíBãg,3,37,4,8,2,0.14702702702702702,0,0,1,2,1,0,0,0,0,0,0.14397058823529413
4711,ëOèoíBãg,4,35,4,5,7,0.14142857142857143,0,2,2,0,0,0,0,0,0,0,0.14397058823529413
4711,ëOèoíBãg,5,35,3,4,5,0.14657142857142857,0,1,1,0,0,1,0,0,0,0,0.14397058823529413
4711,ëOèoíBãg,6,31,0,4,8,0.14870967741935484,0,0,0,0,0,0,0,0,0,0,0.14397058823529413
4713,îíê_óD,1,61,48,6,5,0.1373770491803279,46,0,0,0,2,0,3,4,6,0,0.13872852233676974
4713,îíê_óD,2,52,16,14,4,0.12769230769230772,0,10,3,0,3,0,0,0,0,27,0.13872852233676974
4713,îíê_óD,3,42,10,9,12,0.13380952380952382,0,2,1,4,3,0,0,0,0,0,0.13872852233676974
4713,îíê_óD,4,44,7,9,10,0.1640909090909091,0,4,0,2,1,0,0,0,0,0,0.13872852233676974
4713,îíê_óD,5,45,3,6,12,0.12266666666666667,0,0,2,1,0,0,0,0,0,0,0.13872852233676974
4713,îíê_óD,6,47,1,3,15,0.14872340425531916,0,0,0,0,1,0,0,0,0,0,0.13872852233676974
4714,äÏëΩê{à«ìﬁ,1,38,11,11,7,0.16973684210526316,10,0,0,0,1,0,5,15,4,0,0.18895522388059705
4714,äÏëΩê{à«ìﬁ,2,36,4,9,11,0.19111111111111112,0,2,0,0,2,0,0,0,0,14,0.18895522388059705
4714,äÏëΩê{à«ìﬁ,3,40,4,9,11,0.189,0,0,3,1,0,0,0,0,0,0,0.18895522388059705
4714,äÏëΩê{à«ìﬁ,4,34,0,2,9,0.19176470588235295,0,0,0,0,0,0,0,0,0,0,0.18895522388059705
4714,äÏëΩê{à«ìﬁ,5,25,0,4,6,0.18280000000000002,0,0,0,0,0,0,0,0,0,0,0.18895522388059705
4714,äÏëΩê{à«ìﬁ,6,28,0,1,5,0.21428571428571427,0,0,0,0,0,0,0,0,0,0,0.18895522388059705
4715,ë∫è„ó…,1,49,35,6,5,0.12877551020408162,34,0,0,0,1,0,7,2,5,0,0.12334801762114538
4715,ë∫è„ó…,2,38,6,13,3,0.12631578947368421,0,4,1,1,0,0,0,0,0,23,0.12334801762114538
4715,ë∫è„ó…,3,34,8,9,6,0.135,0,2,2,3,0,1,0,0,0,0,0.12334801762114538
4715,ë∫è„ó…,4,38,12,9,6,0.11815789473684211,0,0,6,4,2,0,0,0,0,0,0.12334801762114538
4715,ë∫è„ó…,5,31,4,3,4,0.11612903225806452,0,1,0,3,0,0,0,0,0,0,0.12334801762114538
4715,ë∫è„ó…,6,37,0,3,6,0.11378378378378379,0,0,0,0,0,0,0,0,0,0,0.12334801762114538
4718,ñkêÏëæàÍ,1,46,22,3,8,0.16869565217391305,19,0,0,0,3,0,0,13,5,0,0.153099173553719
4718,ñkêÏëæàÍ,2,41,9,17,7,0.1480487804878049,0,5,0,0,3,1,0,0,0,20,0.153099173553719
4718,ñkêÏëæàÍ,3,38,4,12,10,0.14684210526315788,0,0,1,3,0,0,0,0,0,0,0.153099173553719
4718,ñkêÏëæàÍ,4,40,6,7,11,0.14350000000000002,0,1,2,2,1,0,0,0,0,0,0.153099173553719
4718,ñkêÏëæàÍ,5,42,5,7,4,0.15047619047619049,0,0,1,3,1,0,0,0,0,0,0.153099173553719
4718,ñkêÏëæàÍ,6,35,1,2,12,0.15942857142857142,0,0,0,1,0,0,0,0,0,0,0.153099173553719
4719,è„ûäí®êì,1,48,44,2,0,0.14020833333333335,42,0,0,0,2,0,1,2,1,0,0.1369327731092437
4719,è„ûäí®êì,2,44,9,15,5,0.14340909090909093,0,7,2,0,0,0,0,0,0,22,0.1369327731092437
4719,è„ûäí®êì,3,38,6,18,4,0.1268421052631579,0,0,4,1,0,1,0,0,0,0,0.1369327731092437
4719,è„ûäí®êì,4,33,4,10,6,0.1303030303030303,0,0,4,0,0,0,0,0,0,0,0.1369327731092437
4719,è„ûäí®êì,5,35,3,6,8,0.14428571428571427,0,0,2,1,0,0,0,0,0,0,0.1369327731092437
4719,è„ûäí®êì,6,40,5,2,6,0.1345,0,1,3,1,0,0,0,0,0,0,0.1369327731092437
4720,êº‡Vì˙â‘ó¢,1,27,14,5,2,0.18000000000000002,13,0,0,0,1,0,2,6,3,0,0.18688888888888888
4720,êº‡Vì˙â‘ó¢,2,34,4,8,6,0.1864705882352941,0,1,1,0,2,0,0,0,0,19,0.18688888888888888
4720,êº‡Vì˙â‘ó¢,3,37,4,4,11,0.20621621621621622,0,3,1,0,0,0,0,0,0,0,0.18688888888888888
4720,êº‡Vì˙â‘ó¢,4,29,1,4,9,0.16655172413793104,0,0,1,0,0,0,0,0,0,0,0.18688888888888888
4720,êº‡Vì˙â‘ó¢,5,30,0,4,1,0.16366666666666668,0,0,0,0,0,0,0,0,0,0,0.18688888888888888
4720,êº‡Vì˙â‘ó¢,6,23,1,1,6,0.22043478260869567,0,1,0,0,0,0,0,0,0,0,0.18688888888888888
4723,éõìáãgïF,1,34,13,6,4,0.16441176470588234,12,0,0,0,0,1,9,9,2,0,0.15917391304347825
4723,éõìáãgïF,2,43,9,14,9,0.14976744186046512,0,5,3,0,1,0,0,0,0,15,0.15917391304347825
4723,éõìáãgïF,3,40,5,5,9,0.159,0,3,0,1,1,0,0,0,0,0,0.15917391304347825
4723,éõìáãgïF,4,41,4,7,14,0.1548780487804878,0,0,3,1,0,0,0,0,0,0,0.15917391304347825
4723,éõìáãgïF,5,34,4,6,11,0.15970588235294117,0,0,2,2,0,0,0,0,0,0,0.15917391304347825
4723,éõìáãgïF,6,38,1,6,5,0.16947368421052633,0,0,0,1,0,0,0,0,0,0,0.15917391304347825
4724,ãgìcóSãM,1,22,3,6,3,0.18500000000000003,3,0,0,0,0,0,7,6,2,0,0.17712820512820512
4724,ãgìcóSãM,2,35,1,7,8,0.17457142857142857,0,0,0,0,0,1,0,0,0,22,0.17712820512820512
4724,ãgìcóSãM,3,37,0,3,11,0.18027027027027026,0,0,0,0,0,0,0,0,0,0,0.17712820512820512
4724,ãgìcóSãM,4,41,0,2,9,0.18195121951219512,0,0,0,0,0,0,0,0,0,0,0.17712820512820512
4724,ãgìcóSãM,5,35,0,2,3,0.1717142857142857,0,0,0,0,0,0,0,0,0,0,0.17712820512820512
4724,ãgìcóSãM,6,25,0,0,8,0.16879999999999998,0,0,0,0,0,0,0,0,0,0,0.17712820512820512
4725,ç≤í|ëæàÍ,1,26,9,7,1,0.1946153846153846,8,0,0,0,1,0,5,6,3,0,0.1938308457711443
4725,ç≤í|ëæàÍ,2,36,7,6,6,0.19694444444444445,1,3,1,0,2,0,0,0,0,14,0.1938308457711443
4725,ç≤í|ëæàÍ,3,40,7,6,7,0.184,0,0,5,1,1,0,0,0,0,0,0.1938308457711443
4725,ç≤í|ëæàÍ,4,36,2,8,6,0.19111111111111112,0,0,1,1,0,0,0,0,0,0,0.1938308457711443
4725,ç≤í|ëæàÍ,5,33,0,6,5,0.18727272727272726,0,0,0,0,0,0,0,0,0,0,0.1938308457711443
4725,ç≤í|ëæàÍ,6,30,0,2,1,0.213,0,0,0,0,0,0,0,0,0,0,0.1938308457711443
4726,ìáìcÇ»Ç¨Ç≥,1,6,2,1,2,0.13,2,0,0,0,0,0,2,1,1,0,0.14666666666666667
4726,ìáìcÇ»Ç¨Ç≥,2,4,0,0,1,0.14750000000000002,0,0,0,0,0,0,0,0,0,2,0.14666666666666667
4726,ìáìcÇ»Ç¨Ç≥,3,4,0,1,0,0.1275,0,0,0,0,0,0,0,0,0,0,0.14666666666666667
4726,ìáìcÇ»Ç¨Ç≥,4,4,0,2,1,0.14250000000000002,0,0,0,0,0,0,0,0,0,0,0.14666666666666667
4726,ìáìcÇ»Ç¨Ç≥,5,5,1,0,1,0.14,0,0,0,0,1,0,0,0,0,0,0.14666666666666667
4726,ìáìcÇ»Ç¨Ç≥,6,4,0,0,0,0.2025,0,0,0,0,0,0,0,0,0,0,0.14666666666666667
4727,à¿ïîêTàÍ,1,25,16,3,3,0.1324,16,0,0,0,0,0,0,5,2,0,0.15465
4727,à¿ïîêTàÍ,2,39,2,11,8,0.15282051282051282,0,1,1,0,0,0,0,0,0,25,0.15465
4727,à¿ïîêTàÍ,3,39,0,5,11,0.17128205128205126,0,0,0,0,0,0,0,0,0,0,0.15465
4727,à¿ïîêTàÍ,4,38,1,8,6,0.14289473684210527,0,0,0,0,1,0,0,0,0,0,0.15465
4727,à¿ïîêTàÍ,5,35,1,2,4,0.16714285714285715,0,0,0,1,0,0,0,0,0,0,0.15465
4727,à¿ïîêTàÍ,6,24,0,0,1,0.15416666666666667,0,0,0,0,0,0,0,0,0,0,0.15465
4728,éRå˚ó∫,1,32,14,6,6,0.18625,14,0,0,0,0,0,5,7,5,0,0.19209523809523812
4728,éRå˚ó∫,2,37,5,5,10,0.20945945945945946,0,4,1,0,0,0,0,0,0,18,0.19209523809523812
4728,éRå˚ó∫,3,37,4,8,4,0.18243243243243243,0,2,1,0,1,0,0,0,0,0,0.19209523809523812
4728,éRå˚ó∫,4,36,3,4,8,0.20472222222222222,0,2,0,0,1,0,0,0,0,0,0.19209523809523812
4728,éRå˚ó∫,5,37,1,0,8,0.17567567567567569,0,0,1,0,0,0,0,0,0,0,0.19209523809523812
4728,éRå˚ó∫,6,31,1,1,6,0.1938709677419355,0,0,0,1,0,0,0,0,0,0,0.19209523809523812
4729,ç≤ì°å™éjòN,1,29,10,7,4,0.1603448275862069,10,0,0,0,0,0,5,8,3,0,0.15319444444444447
4729,ç≤ì°å™éjòN,2,42,4,10,9,0.1573809523809524,0,4,0,0,0,0,0,0,0,22,0.15319444444444447
4729,ç≤ì°å™éjòN,3,37,1,5,9,0.1502702702702703,0,0,1,0,0,0,0,0,0,0,0.15319444444444447
4729,ç≤ì°å™éjòN,4,37,5,5,6,0.1472972972972973,0,1,4,0,0,0,0,0,0,0,0.15319444444444447
4729,ç≤ì°å™éjòN,5,37,2,1,7,0.14675675675675676,0,1,0,1,0,0,0,0,0,0,0.15319444444444447
4729,ç≤ì°å™éjòN,6,34,2,1,7,0.15852941176470586,0,0,1,0,1,0,0,0,0,0,0.15319444444444447
4730,ìyâÆé¿çπäÛ,1,29,18,2,4,0.15620689655172415,16,0,0,0,2,0,3,6,0,0,0.1783695652173913
4730,ìyâÆé¿çπäÛ,2,30,5,9,9,0.17866666666666667,1,4,0,0,0,0,0,0,0,10,0.1783695652173913
4730,ìyâÆé¿çπäÛ,3,35,5,5,8,0.17,0,1,0,4,0,0,0,0,0,0,0.1783695652173913
4730,ìyâÆé¿çπäÛ,4,37,2,4,9,0.18405405405405406,0,1,0,0,1,0,0,0,0,0,0.1783695652173913
4730,ìyâÆé¿çπäÛ,5,30,1,5,6,0.18466666666666667,0,0,0,1,0,0,0,0,0,0,0.1783695652173913
4730,ìyâÆé¿çπäÛ,6,23,0,3,7,0.20130434782608694,0,0,0,0,0,0,0,0,0,0,0.1783695652173913
4731,ä‘ñÏåìóÁ,1,25,11,2,4,0.1516,11,0,0,0,0,0,1,6,3,0,0.15309278350515462
4731,ä‘ñÏåìóÁ,2,36,2,7,12,0.175,0,2,0,0,0,0,0,0,0,23,0.15309278350515462
4731,ä‘ñÏåìóÁ,3,35,5,5,6,0.17142857142857143,0,1,3,1,0,0,0,0,0,0,0.15309278350515462
4731,ä‘ñÏåìóÁ,4,40,2,10,10,0.15275,0,0,1,0,0,1,0,0,0,0,0.15309278350515462
4731,ä‘ñÏåìóÁ,5,29,3,1,6,0.11862068965517242,0,0,1,2,0,0,0,0,0,0,0.15309278350515462
4731,ä‘ñÏåìóÁ,6,29,1,1,5,0.14,0,0,1,0,0,0,0,0,0,0,0.15309278350515462
4732,ñxñ{òañÁ,1,43,28,7,3,0.12186046511627907,28,0,0,0,0,0,4,6,3,0,0.12397321428571428
4732,ñxñ{òañÁ,2,36,7,10,9,0.13722222222222225,1,5,1,0,0,0,0,0,0,18,0.12397321428571428
4732,ñxñ{òañÁ,3,35,2,7,14,0.11257142857142857,0,0,1,0,1,0,0,0,0,0,0.12397321428571428
4732,ñxñ{òañÁ,4,40,6,5,16,0.119,0,2,0,3,1,0,0,0,0,0,0.12397321428571428
4732,ñxñ{òañÁ,5,34,2,8,6,0.11676470588235295,0,1,0,0,0,1,0,0,0,0,0.12397321428571428
4732,ñxñ{òañÁ,6,36,3,5,6,0.13666666666666666,0,3,0,0,0,0,0,0,0,0,0.12397321428571428
4733,ê‘à‰ñr,1,33,22,4,2,0.14696969696969697,21,0,0,0,1,0,2,6,2,0,0.15567708333333333
4733,ê‘à‰ñr,2,39,8,9,5,0.16230769230769232,0,6,2,0,0,0,0,0,0,20,0.15567708333333333
4733,ê‘à‰ñr,3,32,3,11,5,0.1603125,0,0,3,0,0,0,0,0,0,0,0.15567708333333333
4733,ê‘à‰ñr,4,31,5,7,3,0.1474193548387097,0,0,3,2,0,0,0,0,0,0,0.15567708333333333
4733,ê‘à‰ñr,5,33,3,2,7,0.16484848484848486,0,0,2,1,0,0,0,0,0,0,0.15567708333333333
4733,ê‘à‰ñr,6,24,1,2,3,0.14875,0,0,0,1,0,0,0,0,0,0,0.15567708333333333
4734,à¿âÕì‡è´,1,65,44,12,3,0.16353846153846155,43,0,0,0,1,0,7,4,9,0,0.15808362369337978
4734,à¿âÕì‡è´,2,44,12,11,10,0.16363636363636364,0,6,5,1,0,0,0,0,0,22,0.15808362369337978
4734,à¿âÕì‡è´,3,39,11,8,8,0.14358974358974358,0,5,1,4,1,0,0,0,0,0,0.15808362369337978
4734,à¿âÕì‡è´,4,53,8,18,9,0.14094339622641508,0,1,2,4,1,0,0,0,0,0,0.15808362369337978
4734,à¿âÕì‡è´,5,37,2,9,12,0.15972972972972974,0,0,0,1,1,0,0,0,0,0,0.15808362369337978
4734,à¿âÕì‡è´,6,49,4,5,15,0.17469387755102042,0,1,0,2,1,0,0,0,0,0,0.15808362369337978
4735,äpéRóYç∆,1,28,9,6,4,0.17964285714285716,9,0,0,0,0,0,7,5,5,0,0.17186170212765958
4735,äpéRóYç∆,2,34,5,7,6,0.18764705882352942,0,4,1,0,0,0,0,0,0,14,0.17186170212765958
4735,äpéRóYç∆,3,37,3,10,4,0.16567567567567568,0,0,2,1,0,0,0,0,0,0,0.17186170212765958
4735,äpéRóYç∆,4,32,2,6,5,0.16468750000000001,0,0,1,1,0,0,0,0,0,0,0.17186170212765958
4735,äpéRóYç∆,5,30,1,4,6,0.15266666666666667,0,0,0,1,0,0,0,0,0,0,0.17186170212765958
4735,äpéRóYç∆,6,27,0,0,5,0.18222222222222223,0,0,0,0,0,0,0,0,0,0,0.17186170212765958
4736,çÇëqòaém,1,59,44,7,4,0.13050847457627118,42,0,0,0,2,0,2,8,4,0,0.12395555555555555
4736,çÇëqòaém,2,32,11,12,4,0.12687500000000002,0,9,1,0,1,0,0,0,0,11,0.12395555555555555
4736,çÇëqòaém,3,29,6,9,7,0.11137931034482759,0,2,1,3,0,0,0,0,0,0,0.12395555555555555
4736,çÇëqòaém,4,32,9,8,4,0.1,0,1,5,3,0,0,0,0,0,0,0.12395555555555555
4736,çÇëqòaém,5,31,2,5,9,0.11774193548387096,0,0,0,2,0,0,0,0,0,0,0.12395555555555555
4736,çÇëqòaém,6,42,2,3,17,0.14404761904761904,0,0,0,1,1,0,0,0,0,0,0.12395555555555555
4737,í|à‰ãMéj,1,58,49,5,2,0.14810344827586205,47,0,0,0,2,0,2,3,0,0,0.13776422764227642
4737,í|à‰ãMéj,2,44,13,14,7,0.15840909090909092,0,9,3,0,1,0,0,0,0,24,0.13776422764227642
4737,í|à‰ãMéj,3,37,11,8,6,0.1445945945945946,0,2,3,5,1,0,0,0,0,0,0.13776422764227642
4737,í|à‰ãMéj,4,34,6,12,6,0.13705882352941176,0,1,1,4,0,0,0,0,0,0,0.13776422764227642
4737,í|à‰ãMéj,5,36,9,7,6,0.11888888888888889,0,0,1,5,3,0,0,0,0,0,0.13776422764227642
4737,í|à‰ãMéj,6,37,5,4,8,0.10918918918918918,0,0,2,2,1,0,0,0,0,0,0.13776422764227642
4738,ê¥îW„ƒéq,1,51,34,3,4,0.1264705882352941,34,0,0,0,0,0,4,7,5,0,0.15391304347826085
4738,ê¥îW„ƒéq,2,44,13,15,4,0.16886363636363635,0,9,4,0,0,0,0,0,0,20,0.15391304347826085
4738,ê¥îW„ƒéq,3,43,8,11,5,0.13837209302325582,0,3,4,1,0,0,0,0,0,0,0.15391304347826085
4738,ê¥îW„ƒéq,4,40,3,10,8,0.153,0,0,1,2,0,0,0,0,0,0,0.15391304347826085
4738,ê¥îW„ƒéq,5,35,2,1,8,0.1922857142857143,0,0,0,1,1,0,0,0,0,0,0.15391304347826085
4738,ê¥îW„ƒéq,6,40,0,4,5,0.1565,0,0,0,0,0,0,0,0,0,0,0.15391304347826085
4739,íÜë∫çWï¸,1,59,43,4,1,0.158135593220339,42,0,0,0,1,0,2,13,1,0,0.14435087719298245
4739,íÜë∫çWï¸,2,48,11,13,14,0.14833333333333334,0,8,1,0,2,0,0,0,0,24,0.14435087719298245
4739,íÜë∫çWï¸,3,50,8,16,13,0.1374,0,1,2,3,2,0,0,0,0,0,0.14435087719298245
4739,íÜë∫çWï¸,4,45,5,10,15,0.12955555555555556,0,1,4,0,0,0,0,0,0,0,0.14435087719298245
4739,íÜë∫çWï¸,5,41,3,9,4,0.12853658536585366,0,0,0,2,0,1,0,0,0,0,0.14435087719298245
4739,íÜë∫çWï¸,6,42,1,3,6,0.16,0,0,0,1,0,0,0,0,0,0,0.14435087719298245
4740,‚Vì°íBäÛ,1,32,16,5,4,0.16,13,0,0,0,3,0,3,5,4,0,0.18635555555555555
4740,‚Vì°íBäÛ,2,40,3,7,7,0.17975,0,2,0,0,1,0,0,0,0,26,0.18635555555555555
4740,‚Vì°íBäÛ,3,41,2,6,5,0.1902439024390244,0,0,0,2,0,0,0,0,0,0,0.18635555555555555
4740,‚Vì°íBäÛ,4,41,0,6,8,0.1929268292682927,0,0,0,0,0,0,0,0,0,0,0.18635555555555555
4740,‚Vì°íBäÛ,5,38,1,6,7,0.18526315789473685,0,0,0,1,0,0,0,0,0,0,0.18635555555555555
4740,‚Vì°íBäÛ,6,33,0,1,1,0.2081818181818182,0,0,0,0,0,0,0,0,0,0,0.18635555555555555
4743,ñÿë∫êmãI,1,64,51,10,1,0.1190625,49,0,0,0,2,0,2,2,9,0,0.14278523489932884
4743,ñÿë∫êmãI,2,51,9,16,11,0.14980392156862746,0,6,2,0,1,0,0,0,0,25,0.14278523489932884
4743,ñÿë∫êmãI,3,49,11,15,8,0.13551020408163264,0,4,2,4,0,1,0,0,0,0,0.14278523489932884
4743,ñÿë∫êmãI,4,46,6,6,15,0.14847826086956523,0,2,1,3,0,0,0,0,0,0,0.14278523489932884
4743,ñÿë∫êmãI,5,44,4,9,10,0.14545454545454548,0,0,0,3,0,1,0,0,0,0,0.14278523489932884
4743,ñÿë∫êmãI,6,44,1,5,8,0.16863636363636364,0,0,0,1,0,0,0,0,0,0,0.14278523489932884
4744,à…ì°óÊìﬁ,1,19,6,4,5,0.19947368421052633,6,0,0,0,0,0,4,6,1,0,0.21634328358208957
4744,à…ì°óÊìﬁ,2,26,0,7,5,0.2023076923076923,0,0,0,0,0,0,0,0,0,10,0.21634328358208957
4744,à…ì°óÊìﬁ,3,21,1,2,8,0.2061904761904762,0,1,0,0,0,0,0,0,0,0,0.21634328358208957
4744,à…ì°óÊìﬁ,4,25,2,7,5,0.23440000000000003,0,0,1,0,1,0,0,0,0,0,0.21634328358208957
4744,à…ì°óÊìﬁ,5,21,1,0,1,0.2280952380952381,0,0,0,1,0,0,0,0,0,0,0.21634328358208957
4744,à…ì°óÊìﬁ,6,22,1,0,5,0.22545454545454546,0,0,0,0,1,0,0,0,0,0,0.21634328358208957
4746,ëÂì§ê∂ìcëì,1,38,23,9,3,0.1655263157894737,22,0,0,0,1,0,4,6,3,0,0.17253807106598987
4746,ëÂì§ê∂ìcëì,2,32,5,13,6,0.19125,0,4,0,0,0,1,0,0,0,18,0.17253807106598987
4746,ëÂì§ê∂ìcëì,3,37,5,7,8,0.20756756756756756,0,1,0,4,0,0,0,0,0,0,0.17253807106598987
4746,ëÂì§ê∂ìcëì,4,33,7,10,2,0.17121212121212123,0,0,2,4,0,1,0,0,0,0,0.17253807106598987
4746,ëÂì§ê∂ìcëì,5,32,5,5,7,0.139375,0,0,0,3,2,0,0,0,0,0,0.17253807106598987
4746,ëÂì§ê∂ìcëì,6,25,1,3,5,0.1516,0,1,0,0,0,0,0,0,0,0,0.17253807106598987
4747,éRåÀêMìÒ,1,21,3,6,2,0.17714285714285716,3,0,0,0,0,0,5,5,4,0,0.16488235294117648
4747,éRåÀêMìÒ,2,35,2,5,5,0.148,0,2,0,0,0,0,0,0,0,22,0.16488235294117648
4747,éRåÀêMìÒ,3,26,3,3,4,0.16192307692307692,0,1,1,1,0,0,0,0,0,0,0.16488235294117648
4747,éRåÀêMìÒ,4,31,3,1,7,0.1696774193548387,0,2,1,0,0,0,0,0,0,0,0.16488235294117648
4747,éRåÀêMìÒ,5,32,3,2,2,0.15625,0,0,0,2,1,0,0,0,0,0,0.16488235294117648
4747,éRåÀêMìÒ,6,25,1,0,2,0.1864,0,0,1,0,0,0,0,0,0,0,0.16488235294117648
4748,ìnÁ≥óYòN,1,66,51,9,2,0.14454545454545456,47,0,0,0,4,0,5,2,7,0,0.14234113712374583
4748,ìnÁ≥óYòN,2,50,13,13,9,0.1536,0,9,4,0,0,0,0,0,0,23,0.14234113712374583
4748,ìnÁ≥óYòN,3,51,15,15,6,0.12588235294117647,0,1,7,6,1,0,0,0,0,0,0.14234113712374583
4748,ìnÁ≥óYòN,4,49,7,16,7,0.15122448979591838,0,1,2,1,3,0,0,0,0,0,0.14234113712374583
4748,ìnÁ≥óYòN,5,40,5,5,9,0.14375,0,0,1,3,1,0,0,0,0,0,0.14234113712374583
4748,ìnÁ≥óYòN,6,43,2,5,18,0.133953488372093,0,0,1,1,0,0,0,0,0,0,0.14234113712374583
4750,à‰è„èÆåÂ,1,28,8,5,2,0.18107142857142858,7,0,0,0,1,0,4,9,6,0,0.17055299539170507
4750,à‰è„èÆåÂ,2,39,3,3,6,0.17025641025641025,0,0,3,0,0,0,0,0,0,19,0.17055299539170507
4750,à‰è„èÆåÂ,3,44,3,8,6,0.16704545454545452,0,0,2,0,1,0,0,0,0,0,0.17055299539170507
4750,à‰è„èÆåÂ,4,38,1,4,14,0.17526315789473684,0,1,0,0,0,0,0,0,0,0,0.17055299539170507
4750,à‰è„èÆåÂ,5,41,0,6,5,0.1578048780487805,0,0,0,0,0,0,0,0,0,0,0.17055299539170507
4750,à‰è„èÆåÂ,6,27,0,1,4,0.17851851851851852,0,0,0,0,0,0,0,0,0,0,0.17055299539170507
4752,êºîˆó∫ï„,1,21,4,5,4,0.1661904761904762,4,0,0,0,0,0,10,5,1,0,0.1702325581395349
4752,êºîˆó∫ï„,2,29,4,6,7,0.15000000000000002,0,2,0,0,2,0,0,0,0,16,0.1702325581395349
4752,êºîˆó∫ï„,3,33,1,3,2,0.15787878787878787,0,0,0,1,0,0,0,0,0,0,0.1702325581395349
4752,êºîˆó∫ï„,4,28,0,0,8,0.15785714285714286,0,0,0,0,0,0,0,0,0,0,0.1702325581395349
4752,êºîˆó∫ï„,5,30,1,0,7,0.18166666666666667,0,0,0,0,1,0,0,0,0,0,0.1702325581395349
4752,êºîˆó∫ï„,6,31,0,1,1,0.20516129032258065,0,0,0,0,0,0,0,0,0,0,0.1702325581395349
4753,êXè∆ïv,1,26,12,1,7,0.16153846153846155,10,0,0,0,2,0,5,6,2,0,0.14213541666666665
4753,êXè∆ïv,2,37,5,6,10,0.14891891891891892,0,2,3,0,0,0,0,0,0,19,0.14213541666666665
4753,êXè∆ïv,3,34,6,4,3,0.14411764705882354,0,0,4,2,0,0,0,0,0,0,0.14213541666666665
4753,êXè∆ïv,4,32,4,4,6,0.1246875,0,0,3,0,1,0,0,0,0,0,0.14213541666666665
4753,êXè∆ïv,5,31,4,2,6,0.1503225806451613,0,0,3,1,0,0,0,0,0,0,0.14213541666666665
4753,êXè∆ïv,6,32,1,2,2,0.1259375,0,0,0,1,0,0,0,0,0,0,0.14213541666666665
4754,èºîˆè[,1,55,44,7,1,0.1481818181818182,43,0,0,0,1,0,2,4,3,0,0.14563636363636362
4754,èºîˆè[,2,48,9,14,6,0.12979166666666667,1,4,3,1,0,0,0,0,0,29,0.14563636363636362
4754,èºîˆè[,3,44,10,12,8,0.14068181818181819,0,2,2,5,1,0,0,0,0,0,0.14563636363636362
4754,èºîˆè[,4,43,7,7,11,0.1386046511627907,0,1,3,2,1,0,0,0,0,0,0.14563636363636362
4754,èºîˆè[,5,40,2,5,10,0.144,0,0,1,1,0,0,0,0,0,0,0.14563636363636362
4754,èºîˆè[,6,45,0,3,9,0.17244444444444443,0,0,0,0,0,0,0,0,0,0,0.14563636363636362
4757,éRìcóSñÁ,1,60,46,6,4,0.13783333333333334,46,0,0,0,0,0,3,6,3,0,0.14217543859649123
4757,éRìcóSñÁ,2,44,8,14,3,0.13749999999999998,0,4,2,1,1,0,0,0,0,25,0.14217543859649123
4757,éRìcóSñÁ,3,49,6,11,17,0.14673469387755103,0,2,1,1,2,0,0,0,0,0,0.14217543859649123
4757,éRìcóSñÁ,4,50,6,13,5,0.1434,0,3,0,2,1,0,0,0,0,0,0.14217543859649123
4757,éRìcóSñÁ,5,44,8,8,9,0.1465909090909091,0,0,1,7,0,0,0,0,0,0,0.14217543859649123
4757,éRìcóSñÁ,6,38,4,7,9,0.14184210526315788,0,1,0,2,1,0,0,0,0,0,0.14217543859649123
4758,ïxä~óÌâ¡,1,17,13,1,2,0.13411764705882354,11,0,0,0,1,1,2,2,0,0,0.16365853658536583
4758,ïxä~óÌâ¡,2,20,3,3,7,0.1735,0,0,2,0,1,0,0,0,0,10,0.16365853658536583
4758,ïxä~óÌâ¡,3,27,5,6,7,0.13296296296296295,0,1,2,2,0,0,0,0,0,0,0.16365853658536583
4758,ïxä~óÌâ¡,4,24,4,4,4,0.15416666666666667,0,2,0,2,0,0,0,0,0,0,0.16365853658536583
4758,ïxä~óÌâ¡,5,20,2,4,6,0.192,0,0,0,2,0,0,0,0,0,0,0.16365853658536583
4758,ïxä~óÌâ¡,6,15,0,3,5,0.21666666666666667,0,0,0,0,0,0,0,0,0,0,0.16365853658536583
4759,ç°êÚóFå·,1,67,53,11,1,0.13567164179104477,52,0,0,0,1,0,2,5,7,0,0.16087591240875912
4759,ç°êÚóFå·,2,44,9,16,9,0.17909090909090908,1,5,1,0,2,0,0,0,0,23,0.16087591240875912
4759,ç°êÚóFå·,3,38,13,7,9,0.16131578947368422,0,3,0,9,1,0,0,0,0,0,0.16087591240875912
4759,ç°êÚóFå·,4,42,4,14,9,0.17785714285714285,0,2,0,2,0,0,0,0,0,0,0.16087591240875912
4759,ç°êÚóFå·,5,38,7,7,7,0.17,0,1,0,5,1,0,0,0,0,0,0.16087591240875912
4759,ç°êÚóFå·,6,45,2,11,13,0.15666666666666668,0,1,0,0,1,0,0,0,0,0,0.16087591240875912
4760,éRçËåS,1,61,48,9,2,0.1219672131147541,48,0,0,0,0,0,2,4,6,0,0.1243344709897611
4760,éRçËåS,2,48,7,18,11,0.13104166666666667,0,4,3,0,0,0,0,0,0,29,0.1243344709897611
4760,éRçËåS,3,46,9,17,12,0.12869565217391304,0,1,2,4,2,0,0,0,0,0,0.1243344709897611
4760,éRçËåS,4,51,12,13,11,0.11509803921568627,0,2,6,3,1,0,0,0,0,0,0.1243344709897611
4760,éRçËåS,5,47,3,13,10,0.1225531914893617,0,0,1,2,0,0,0,0,0,0,0.1243344709897611
4760,éRçËåS,6,40,6,4,7,0.12875,0,0,1,5,0,0,0,0,0,0,0.1243344709897611
4761,éRìcçWëÂ,1,23,18,1,2,0.12217391304347826,17,0,0,0,1,0,1,1,3,0,0.13206666666666667
4761,éRìcçWëÂ,2,29,4,7,8,0.13241379310344828,0,2,1,1,0,0,0,0,0,16,0.13206666666666667
4761,éRìcçWëÂ,3,21,8,4,2,0.13095238095238096,0,1,2,4,1,0,0,0,0,0,0.13206666666666667
4761,éRìcçWëÂ,4,30,8,3,5,0.12433333333333334,0,4,1,3,0,0,0,0,0,0,0.13206666666666667
4761,éRìcçWëÂ,5,27,2,6,4,0.12962962962962962,0,0,0,1,1,0,0,0,0,0,0.13206666666666667
4761,éRìcçWëÂ,6,20,1,3,5,0.159,0,0,0,1,0,0,0,0,0,0,0.13206666666666667
4762,ì°å¥å[éjòN,1,60,50,6,0,0.1215,46,0,0,0,4,0,5,1,4,0,0.11476190476190477
4762,ì°å¥å[éjòN,2,41,10,11,11,0.12121951219512195,0,5,4,1,0,0,0,0,0,20,0.11476190476190477
4762,ì°å¥å[éjòN,3,41,7,11,10,0.1102439024390244,0,0,2,5,0,0,0,0,0,0,0.11476190476190477
4762,ì°å¥å[éjòN,4,47,7,13,3,0.10489361702127659,0,2,4,1,0,0,0,0,0,0,0.11476190476190477
4762,ì°å¥å[éjòN,5,41,4,5,12,0.11853658536585367,0,0,0,4,0,0,0,0,0,0,0.11476190476190477
4762,ì°å¥å[éjòN,6,43,6,8,4,0.11069767441860465,0,0,3,2,1,0,0,0,0,0,0.11476190476190477
4764,è¨íróÁîT,1,15,7,4,2,0.13133333333333336,7,0,0,0,0,0,2,4,1,0,0.166986301369863
4764,è¨íróÁîT,2,29,5,5,3,0.15827586206896552,0,2,2,0,1,0,0,0,0,13,0.166986301369863
4764,è¨íróÁîT,3,29,3,9,7,0.16758620689655174,0,1,2,0,0,0,0,0,0,0,0.166986301369863
4764,è¨íróÁîT,4,25,4,4,5,0.1852,0,0,3,1,0,0,0,0,0,0,0.166986301369863
4764,è¨íróÁîT,5,24,0,2,6,0.16958333333333334,0,0,0,0,0,0,0,0,0,0,0.166986301369863
4764,è¨íróÁîT,6,24,1,2,5,0.1775,0,0,0,1,0,0,0,0,0,0,0.166986301369863
4765,ñÏìcïîçGéq,1,23,7,2,3,0.14217391304347826,6,0,0,0,1,0,6,3,5,0,0.14243421052631577
4765,ñÏìcïîçGéq,2,23,5,4,3,0.14043478260869566,0,1,3,0,1,0,0,0,0,12,0.14243421052631577
4765,ñÏìcïîçGéq,3,29,5,9,6,0.14241379310344826,0,0,4,1,0,0,0,0,0,0,0.14243421052631577
4765,ñÏìcïîçGéq,4,31,2,4,7,0.15161290322580645,0,0,0,2,0,0,0,0,0,0,0.14243421052631577
4765,ñÏìcïîçGéq,5,21,1,1,0,0.13095238095238096,0,0,1,0,0,0,0,0,0,0,0.14243421052631577
4765,ñÏìcïîçGéq,6,25,1,1,2,0.14279999999999998,0,0,0,1,0,0,0,0,0,0,0.14243421052631577
4766,êŒà‰çFîV,1,24,8,6,3,0.15375,8,0,0,0,0,0,4,7,2,0,0.12979695431472082
4766,êŒà‰çFîV,2,42,9,12,5,0.13214285714285715,0,5,3,0,1,0,0,0,0,25,0.12979695431472082
4766,êŒà‰çFîV,3,36,2,5,9,0.1575,0,0,0,2,0,0,0,0,0,0,0.12979695431472082
4766,êŒà‰çFîV,4,34,5,5,2,0.10735294117647058,0,0,2,2,1,0,0,0,0,0,0.12979695431472082
4766,êŒà‰çFîV,5,32,2,1,3,0.1196875,0,0,1,1,0,0,0,0,0,0,0.12979695431472082
4766,êŒà‰çFîV,6,29,0,1,2,0.1096551724137931,0,0,0,0,0,0,0,0,0,0,0.12979695431472082
4769,înèÍçÑ,1,41,22,9,3,0.1048780487804878,21,0,0,0,1,0,5,6,4,0,0.12297169811320754
4769,înèÍçÑ,2,33,7,12,4,0.12636363636363637,0,5,1,0,1,0,0,0,0,15,0.12297169811320754
4769,înèÍçÑ,3,34,1,11,11,0.10882352941176471,0,0,1,0,0,0,0,0,0,0,0.12297169811320754
4769,înèÍçÑ,4,36,9,3,10,0.14222222222222222,0,2,4,2,1,0,0,0,0,0,0.12297169811320754
4769,înèÍçÑ,5,38,4,8,9,0.13421052631578947,0,2,1,1,0,0,0,0,0,0,0.12297169811320754
4769,înèÍçÑ,6,30,1,4,7,0.12266666666666667,0,1,0,0,0,0,0,0,0,0,0.12297169811320754
4771,â∫éõèGòa,1,41,31,4,1,0.15292682926829268,30,0,0,0,1,0,2,2,6,0,0.1450980392156863
4771,â∫éõèGòa,2,35,8,15,6,0.14685714285714285,1,5,2,0,0,0,0,0,0,21,0.1450980392156863
4771,â∫éõèGòa,3,31,5,8,10,0.13774193548387098,0,1,1,3,0,0,0,0,0,0,0.1450980392156863
4771,â∫éõèGòa,4,31,2,12,6,0.1267741935483871,0,0,1,0,1,0,0,0,0,0,0.1450980392156863
4771,â∫éõèGòa,5,34,0,8,14,0.15911764705882353,0,0,0,0,0,0,0,0,0,0,0.1450980392156863
4771,â∫éõèGòa,6,32,0,5,10,0.143125,0,0,0,0,0,0,0,0,0,0,0.1450980392156863
4772,êŒä€äCìn,1,59,42,9,5,0.10271186440677967,40,0,0,0,2,0,8,3,5,0,0.10963855421686747
4772,êŒä€äCìn,2,41,5,13,13,0.12317073170731707,0,4,0,0,1,0,0,0,0,29,0.10963855421686747
4772,êŒä€äCìn,3,33,2,10,8,0.09424242424242424,0,0,0,1,1,0,0,0,0,0,0.10963855421686747
4772,êŒä€äCìn,4,40,12,8,6,0.093,0,1,5,4,1,1,0,0,0,0,0.10963855421686747
4772,êŒä€äCìn,5,32,8,5,5,0.11031250000000001,0,0,0,7,1,0,0,0,0,0,0.10963855421686747
4772,êŒä€äCìn,6,44,3,6,8,0.1325,0,0,0,3,0,0,0,0,0,0,0.10963855421686747
4773,íÜêÏÇËÇ»,1,53,28,12,2,0.1739622641509434,26,0,0,0,2,0,6,8,6,0,0.17370786516853934
4773,íÜêÏÇËÇ»,2,47,4,14,11,0.1772340425531915,0,1,3,0,0,0,0,0,0,26,0.17370786516853934
4773,íÜêÏÇËÇ»,3,49,10,13,9,0.17897959183673467,0,3,2,2,2,1,0,0,0,0,0.17370786516853934
4773,íÜêÏÇËÇ»,4,40,8,7,11,0.16525,0,1,4,3,0,0,0,0,0,0,0.17370786516853934
4773,íÜêÏÇËÇ»,5,41,0,10,11,0.16658536585365855,0,0,0,0,0,0,0,0,0,0,0.17370786516853934
4773,íÜêÏÇËÇ»,6,37,1,3,8,0.17891891891891892,0,0,0,0,1,0,0,0,0,0,0.17370786516853934
4775,êÁótê^ñÌ,1,11,7,1,1,0.16181818181818183,7,0,0,0,0,0,0,3,0,0,0.18000000000000002
4775,êÁótê^ñÌ,2,11,1,0,3,0.1709090909090909,0,0,0,0,1,0,0,0,0,4,0.18000000000000002
4775,êÁótê^ñÌ,3,15,1,1,2,0.18000000000000002,0,0,0,0,1,0,0,0,0,0,0.18000000000000002
4775,êÁótê^ñÌ,4,9,0,0,3,0.1511111111111111,0,0,0,0,0,0,0,0,0,0,0.18000000000000002
4775,êÁótê^ñÌ,5,15,0,2,2,0.192,0,0,0,0,0,0,0,0,0,0,0.18000000000000002
4775,êÁótê^ñÌ,6,12,0,0,2,0.21166666666666667,0,0,0,0,0,0,0,0,0,0,0.18000000000000002
4776,í|ìcòaç∆,1,57,43,9,1,0.1307017543859649,42,0,0,0,1,0,5,1,6,0,0.15803846153846154
4776,í|ìcòaç∆,2,45,8,16,8,0.14755555555555555,0,4,1,1,2,0,0,0,0,27,0.15803846153846154
4776,í|ìcòaç∆,3,33,9,10,6,0.1478787878787879,0,0,5,3,1,0,0,0,0,0,0.15803846153846154
4776,í|ìcòaç∆,4,44,7,15,13,0.15477272727272728,0,1,5,1,0,0,0,0,0,0,0.15803846153846154
4776,í|ìcòaç∆,5,37,3,4,9,0.1891891891891892,0,0,0,3,0,0,0,0,0,0,0.15803846153846154
4776,í|ìcòaç∆,6,44,0,7,7,0.18886363636363637,0,0,0,0,0,0,0,0,0,0,0.15803846153846154
4778,íÁå[ï„,1,44,26,9,5,0.14977272727272728,26,0,0,0,0,0,7,3,7,0,0.16540983606557377
4778,íÁå[ï„,2,41,6,8,6,0.16219512195121952,1,4,1,0,0,0,0,0,0,24,0.16540983606557377
4778,íÁå[ï„,3,42,8,8,6,0.17095238095238094,1,2,1,4,0,0,0,0,0,0,0.16540983606557377
4778,íÁå[ï„,4,41,0,8,8,0.16365853658536586,0,0,0,0,0,0,0,0,0,0,0.16540983606557377
4778,íÁå[ï„,5,37,1,4,8,0.18027027027027026,0,0,0,1,0,0,0,0,0,0,0.16540983606557377
4778,íÁå[ï„,6,39,0,6,7,0.16820512820512823,0,0,0,0,0,0,0,0,0,0,0.16540983606557377
4779,à…ëqåı,1,26,11,6,3,0.12769230769230772,11,0,0,0,0,0,4,2,8,0,0.1463131313131313
4779,à…ëqåı,2,36,1,8,6,0.1425,0,1,0,0,0,0,0,0,0,18,0.1463131313131313
4779,à…ëqåı,3,38,2,2,8,0.14368421052631578,0,0,2,0,0,0,0,0,0,0,0.1463131313131313
4779,à…ëqåı,4,34,1,3,9,0.14823529411764705,0,0,1,0,0,0,0,0,0,0,0.1463131313131313
4779,à…ëqåı,5,30,0,2,6,0.163,0,0,0,0,0,0,0,0,0,0,0.1463131313131313
4779,à…ëqåı,6,34,1,0,8,0.15088235294117647,0,0,0,1,0,0,0,0,0,0,0.1463131313131313
4780,É}ÉCÉPÉãìcë„,1,20,5,5,3,0.1845,5,0,0,0,0,0,4,3,6,0,0.16341666666666665
4780,É}ÉCÉPÉãìcë„,2,20,1,2,1,0.158,0,1,0,0,0,0,0,0,0,10,0.16341666666666665
4780,É}ÉCÉPÉãìcë„,3,22,0,5,4,0.17545454545454545,0,0,0,0,0,0,0,0,0,0,0.16341666666666665
4780,É}ÉCÉPÉãìcë„,4,22,1,3,2,0.16090909090909092,0,0,1,0,0,0,0,0,0,0,0.16341666666666665
4780,É}ÉCÉPÉãìcë„,5,21,1,3,0,0.15285714285714286,0,0,0,0,1,0,0,0,0,0,0.16341666666666665
4780,É}ÉCÉPÉãìcë„,6,15,0,1,3,0.14333333333333334,0,0,0,0,0,0,0,0,0,0,0.16341666666666665
4781,êºä⁄â ó¢,1,24,5,8,5,0.1875,5,0,0,0,0,0,4,6,3,0,0.19256281407035175
4781,êºä⁄â ó¢,2,29,0,10,7,0.20793103448275863,0,0,0,0,0,0,0,0,0,12,0.19256281407035175
4781,êºä⁄â ó¢,3,38,2,7,8,0.19421052631578947,0,1,0,1,0,0,0,0,0,0,0.19256281407035175
4781,êºä⁄â ó¢,4,34,0,0,11,0.17500000000000002,0,0,0,0,0,0,0,0,0,0,0.19256281407035175
4781,êºä⁄â ó¢,5,37,0,1,6,0.19972972972972972,0,0,0,0,0,0,0,0,0,0,0.19256281407035175
4781,êºä⁄â ó¢,6,37,0,1,10,0.1910810810810811,0,0,0,0,0,0,0,0,0,0,0.19256281407035175
4782,ïlçËèÄñÁ,1,48,28,6,5,0.15395833333333334,25,0,1,0,2,0,4,11,4,0,0.15625498007968128
4782,ïlçËèÄñÁ,2,37,13,6,5,0.15756756756756757,0,9,2,2,0,0,0,0,0,17,0.15625498007968128
4782,ïlçËèÄñÁ,3,48,5,8,10,0.14416666666666667,0,1,3,0,1,0,0,0,0,0,0.15625498007968128
4782,ïlçËèÄñÁ,4,40,6,9,6,0.1625,0,1,2,1,2,0,0,0,0,0,0.15625498007968128
4782,ïlçËèÄñÁ,5,36,1,6,4,0.1511111111111111,0,0,0,0,1,0,0,0,0,0,0.15625498007968128
4782,ïlçËèÄñÁ,6,42,0,3,8,0.16999999999999998,0,0,0,0,0,0,0,0,0,0,0.15625498007968128
4784,å¸à‰ìcê^ãI,1,26,9,9,6,0.17076923076923078,9,0,0,0,0,0,5,9,2,0,0.17789473684210527
4784,å¸à‰ìcê^ãI,2,33,4,5,8,0.1621212121212121,0,2,2,0,0,0,0,0,0,17,0.17789473684210527
4784,å¸à‰ìcê^ãI,3,31,1,5,9,0.18096774193548387,0,0,1,0,0,0,0,0,0,0,0.17789473684210527
4784,å¸à‰ìcê^ãI,4,29,0,6,3,0.16689655172413792,0,0,0,0,0,0,0,0,0,0,0.17789473684210527
4784,å¸à‰ìcê^ãI,5,26,1,1,4,0.18384615384615385,0,0,0,1,0,0,0,0,0,0,0.17789473684210527
4784,å¸à‰ìcê^ãI,6,26,0,2,3,0.2076923076923077,0,0,0,0,0,0,0,0,0,0,0.17789473684210527
4785,ñÿî¶èÉñÁ,1,19,1,6,1,0.17789473684210524,1,0,0,0,0,0,5,6,5,0,0.18994413407821228
4785,ñÿî¶èÉñÁ,2,36,0,9,8,0.17555555555555558,0,0,0,0,0,0,0,0,0,20,0.18994413407821228
4785,ñÿî¶èÉñÁ,3,34,3,5,10,0.19088235294117648,0,0,0,3,0,0,0,0,0,0,0.18994413407821228
4785,ñÿî¶èÉñÁ,4,34,2,5,5,0.17470588235294118,0,0,0,1,0,1,0,0,0,0,0.18994413407821228
4785,ñÿî¶èÉñÁ,5,32,1,4,3,0.19875,0,0,0,1,0,0,0,0,0,0,0.18994413407821228
4785,ñÿî¶èÉñÁ,6,24,0,0,5,0.22958333333333333,0,0,0,0,0,0,0,0,0,0,0.18994413407821228
4786,ç≤ì°îéó∫,1,59,45,5,2,0.13050847457627118,42,0,0,0,3,0,6,0,7,0,0.12987903225806452
4786,ç≤ì°îéó∫,2,46,13,13,11,0.13043478260869565,0,7,5,0,1,0,0,0,0,23,0.12987903225806452
4786,ç≤ì°îéó∫,3,35,6,7,7,0.13714285714285715,0,0,2,3,1,0,0,0,0,0,0.12987903225806452
4786,ç≤ì°îéó∫,4,38,6,12,5,0.1276315789473684,0,3,1,2,0,0,0,0,0,0,0.12987903225806452
4786,ç≤ì°îéó∫,5,36,3,4,9,0.13361111111111112,0,0,0,3,0,0,0,0,0,0,0.12987903225806452
4786,ç≤ì°îéó∫,6,34,3,8,6,0.11911764705882352,0,0,2,1,0,0,0,0,0,0,0.12987903225806452
4787,í≈ñºñL,1,37,31,1,2,0.13675675675675675,30,0,0,0,1,0,1,2,2,0,0.1367914438502674
4787,í≈ñºñL,2,28,9,9,3,0.13607142857142857,0,6,3,0,0,0,0,0,0,11,0.1367914438502674
4787,í≈ñºñL,3,29,7,9,4,0.13448275862068965,0,0,5,2,0,0,0,0,0,0,0.1367914438502674
4787,í≈ñºñL,4,32,7,6,7,0.126875,0,1,4,1,1,0,0,0,0,0,0.1367914438502674
4787,í≈ñºñL,5,27,1,6,4,0.13777777777777778,0,0,0,0,0,1,0,0,0,0,0.1367914438502674
4787,í≈ñºñL,6,34,1,3,8,0.14794117647058824,0,0,0,1,0,0,0,0,0,0,0.1367914438502674
4788,è¨írìNñÁ,1,63,41,10,6,0.14507936507936509,40,0,0,0,1,0,6,5,8,0,0.13529824561403508
4788,è¨írìNñÁ,2,46,9,9,14,0.12782608695652173,0,2,6,0,1,0,0,0,0,25,0.13529824561403508
4788,è¨írìNñÁ,3,43,5,11,9,0.13930232558139535,0,0,4,1,0,0,0,0,0,0,0.13529824561403508
4788,è¨írìNñÁ,4,48,12,11,16,0.12041666666666667,0,2,5,4,1,0,0,0,0,0,0.13529824561403508
4788,è¨írìNñÁ,5,45,4,12,6,0.12866666666666668,0,1,1,1,1,0,0,0,0,0,0.13529824561403508
4788,è¨írìNñÁ,6,40,2,3,10,0.14950000000000002,0,2,0,0,0,0,0,0,0,0,0.13529824561403508
4789,å√âÍíqîV,1,30,14,4,4,0.15966666666666668,13,1,0,0,0,0,4,5,4,0,0.15364130434782608
4789,å√âÍíqîV,2,29,4,7,4,0.17655172413793105,0,1,3,0,0,0,0,0,0,18,0.15364130434782608
4789,å√âÍíqîV,3,28,1,2,8,0.1432142857142857,0,0,0,0,1,0,0,0,0,0,0.15364130434782608
4789,å√âÍíqîV,4,30,5,3,4,0.15033333333333332,0,1,2,2,0,0,0,0,0,0,0.15364130434782608
4789,å√âÍíqîV,5,36,0,3,9,0.13666666666666666,0,0,0,0,0,0,0,0,0,0,0.15364130434782608
4789,å√âÍíqîV,6,31,1,2,3,0.15870967741935485,0,0,1,0,0,0,0,0,0,0,0.15364130434782608
4790,ñˆì‡åhëæ,1,46,27,8,4,0.1284782608695652,24,0,0,0,3,0,6,4,7,0,0.159662447257384
4790,ñˆì‡åhëæ,2,40,7,13,9,0.1585,0,3,3,0,1,0,0,0,0,20,0.159662447257384
4790,ñˆì‡åhëæ,3,35,12,10,4,0.16028571428571428,0,2,6,3,1,0,0,0,0,0,0.159662447257384
4790,ñˆì‡åhëæ,4,39,5,11,7,0.16230769230769232,0,1,0,2,2,0,0,0,0,0,0.159662447257384
4790,ñˆì‡åhëæ,5,35,4,10,6,0.18714285714285714,0,0,0,3,0,1,0,0,0,0,0.159662447257384
4790,ñˆì‡åhëæ,6,42,1,3,9,0.16904761904761903,0,0,0,1,0,0,0,0,0,0,0.159662447257384
4791,çï‡VÇﬂÇÆÇ›,1,32,13,6,4,0.1471875,11,0,0,0,2,0,4,6,5,0,0.15973799126637553
4791,çï‡VÇﬂÇÆÇ›,2,49,7,14,9,0.16510204081632654,0,7,0,0,0,0,0,0,0,25,0.15973799126637553
4791,çï‡VÇﬂÇÆÇ›,3,44,5,11,6,0.155,0,1,3,1,0,0,0,0,0,0,0.15973799126637553
4791,çï‡VÇﬂÇÆÇ›,4,39,8,11,4,0.13897435897435897,0,0,4,1,2,1,0,0,0,0,0.15973799126637553
4791,çï‡VÇﬂÇÆÇ›,5,35,1,6,4,0.17342857142857143,0,0,0,1,0,0,0,0,0,0,0.15973799126637553
4791,çï‡VÇﬂÇÆÇ›,6,30,1,1,5,0.18233333333333332,0,0,0,1,0,0,0,0,0,0,0.15973799126637553
4792,êôë∫å´ñÁ,1,28,14,4,5,0.15142857142857144,13,0,0,0,1,0,8,4,0,0,0.1736898395721925
4792,êôë∫å´ñÁ,2,33,3,5,5,0.16787878787878788,0,1,1,0,0,1,0,0,0,11,0.1736898395721925
4792,êôë∫å´ñÁ,3,31,2,9,3,0.1638709677419355,0,0,0,2,0,0,0,0,0,0,0.1736898395721925
4792,êôë∫å´ñÁ,4,30,1,9,2,0.18733333333333332,0,0,0,0,1,0,0,0,0,0,0.1736898395721925
4792,êôë∫å´ñÁ,5,35,0,1,6,0.18457142857142858,0,0,0,0,0,0,0,0,0,0,0.1736898395721925
4792,êôë∫å´ñÁ,6,30,0,2,3,0.18466666666666667,0,0,0,0,0,0,0,0,0,0,0.1736898395721925
4793,ã‡éqñG,1,44,25,9,4,0.14727272727272728,23,0,0,0,2,0,3,7,7,0,0.1566393442622951
4793,ã‡éqñG,2,41,6,11,9,0.15829268292682927,0,5,0,1,0,0,0,0,0,22,0.1566393442622951
4793,ã‡éqñG,3,44,4,13,7,0.16022727272727272,0,0,0,4,0,0,0,0,0,0,0.1566393442622951
4793,ã‡éqñG,4,37,2,13,7,0.15324324324324323,0,1,0,1,0,0,0,0,0,0,0.1566393442622951
4793,ã‡éqñG,5,34,2,5,9,0.15382352941176472,0,1,0,1,0,0,0,0,0,0,0.1566393442622951
4793,ã‡éqñG,6,44,0,3,9,0.1659090909090909,0,0,0,0,0,0,0,0,0,0,0.1566393442622951
4794,òaìcëÒñÁ,1,74,52,7,5,0.12189189189189188,50,0,0,0,2,0,9,5,7,0,0.12588996763754046
4794,òaìcëÒñÁ,2,56,14,12,6,0.14464285714285713,0,5,6,0,3,0,0,0,0,28,0.12588996763754046
4794,òaìcëÒñÁ,3,41,14,9,9,0.13097560975609757,0,3,8,2,1,0,0,0,0,0,0.12588996763754046
4794,òaìcëÒñÁ,4,48,16,9,8,0.11625,0,0,11,4,0,1,0,0,0,0,0.12588996763754046
4794,òaìcëÒñÁ,5,41,4,8,8,0.1273170731707317,0,0,3,1,0,0,0,0,0,0,0.12588996763754046
4794,òaìcëÒñÁ,6,49,3,10,7,0.11448979591836736,0,0,3,0,0,0,0,0,0,0,0.12588996763754046
4796,ètâÄå˜ëæ,1,59,43,6,3,0.1388135593220339,42,0,0,0,1,0,2,8,3,0,0.1480223880597015
4796,ètâÄå˜ëæ,2,45,19,6,7,0.14466666666666667,0,12,4,2,0,1,0,0,0,22,0.1480223880597015
4796,ètâÄå˜ëæ,3,48,9,21,4,0.15895833333333334,0,1,1,6,1,0,0,0,0,0,0.1480223880597015
4796,ètâÄå˜ëæ,4,40,8,6,8,0.16125,0,0,4,4,0,0,0,0,0,0,0.1480223880597015
4796,ètâÄå˜ëæ,5,35,3,9,11,0.14685714285714288,0,0,0,3,0,0,0,0,0,0,0.1480223880597015
4796,ètâÄå˜ëæ,6,41,0,10,9,0.1402439024390244,0,0,0,0,0,0,0,0,0,0,0.1480223880597015
4797,íÜéRè´,1,41,28,6,3,0.13121951219512196,28,0,0,0,0,0,5,4,3,0,0.13691176470588234
4797,íÜéRè´,2,32,8,6,10,0.1390625,0,3,4,0,1,0,0,0,0,13,0.13691176470588234
4797,íÜéRè´,3,30,2,6,6,0.11633333333333334,0,0,0,2,0,0,0,0,0,0,0.13691176470588234
4797,íÜéRè´,4,29,5,5,4,0.1382758620689655,0,2,3,0,0,0,0,0,0,0,0.13691176470588234
4797,íÜéRè´,5,35,2,3,2,0.14314285714285713,0,0,1,1,0,0,0,0,0,0,0.13691176470588234
4797,íÜéRè´,6,37,2,2,8,0.15108108108108106,0,1,1,0,0,0,0,0,0,0,0.13691176470588234
4798,ïlêÊê^îÕ,1,50,31,8,4,0.137,28,0,0,0,3,0,4,7,6,0,0.1476706827309237
4798,ïlêÊê^îÕ,2,41,11,11,8,0.13365853658536586,0,6,2,0,3,0,0,0,0,20,0.1476706827309237
4798,ïlêÊê^îÕ,3,41,7,6,13,0.14585365853658538,0,1,3,3,0,0,0,0,0,0,0.1476706827309237
4798,ïlêÊê^îÕ,4,44,6,11,12,0.14181818181818182,0,0,3,2,1,0,0,0,0,0,0.1476706827309237
4798,ïlêÊê^îÕ,5,34,4,9,9,0.14823529411764705,0,0,0,3,1,0,0,0,0,0,0.1476706827309237
4798,ïlêÊê^îÕ,6,39,1,1,11,0.1841025641025641,0,0,0,1,0,0,0,0,0,0,0.1476706827309237
4800,è¨éõåùêl,1,11,2,0,3,0.1509090909090909,2,0,0,0,0,0,5,3,1,0,0.18333333333333332
4800,è¨éõåùêl,2,14,0,1,1,0.14642857142857144,0,0,0,0,0,0,0,0,0,8,0.18333333333333332
4800,è¨éõåùêl,3,17,0,0,1,0.19294117647058823,0,0,0,0,0,0,0,0,0,0,0.18333333333333332
4800,è¨éõåùêl,4,12,1,0,0,0.22833333333333336,0,0,0,1,0,0,0,0,0,0,0.18333333333333332
4800,è¨éõåùêl,5,12,0,0,1,0.1925,0,0,0,0,0,0,0,0,0,0,0.18333333333333332
4800,è¨éõåùêl,6,15,0,0,1,0.18733333333333332,0,0,0,0,0,0,0,0,0,0,0.18333333333333332
4803,î—ìcèØå·,1,19,6,1,1,0.1531578947368421,6,0,0,0,0,0,4,7,2,0,0.18048913043478262
4803,î—ìcèØå·,2,42,1,7,9,0.17404761904761906,0,1,0,0,0,0,0,0,0,29,0.18048913043478262
4803,î—ìcèØå·,3,34,0,5,9,0.1761764705882353,0,0,0,0,0,0,0,0,0,0,0.18048913043478262
4803,î—ìcèØå·,4,31,1,1,7,0.18258064516129033,0,0,0,1,0,0,0,0,0,0,0.18048913043478262
4803,î—ìcèØå·,5,35,4,0,3,0.17085714285714287,0,0,0,4,0,0,0,0,0,0,0.18048913043478262
4803,î—ìcèØå·,6,23,0,1,1,0.23304347826086957,0,0,0,0,0,0,0,0,0,0,0.18048913043478262
4804,çÇìcÇ–Ç©ÇÈ,1,45,29,6,5,0.1768888888888889,29,0,0,0,0,0,2,6,5,0,0.1934010152284264
4804,çÇìcÇ–Ç©ÇÈ,2,30,8,9,4,0.20533333333333334,0,3,4,0,1,0,0,0,0,15,0.1934010152284264
4804,çÇìcÇ–Ç©ÇÈ,3,30,7,10,1,0.19566666666666668,0,0,3,4,0,0,0,0,0,0,0.1934010152284264
4804,çÇìcÇ–Ç©ÇÈ,4,30,3,3,8,0.19833333333333333,0,0,2,1,0,0,0,0,0,0,0.1934010152284264
4804,çÇìcÇ–Ç©ÇÈ,5,29,3,5,7,0.1917241379310345,0,0,1,2,0,0,0,0,0,0,0.1934010152284264
4804,çÇìcÇ–Ç©ÇÈ,6,33,0,8,5,0.2,0,0,0,0,0,0,0,0,0,0,0.1934010152284264
4808,èºîˆëÒ,1,52,37,8,3,0.15211538461538462,37,0,0,0,0,0,3,4,8,0,0.163579766536965
4808,èºîˆëÒ,2,44,12,9,10,0.1481818181818182,0,4,8,0,0,0,0,0,0,17,0.163579766536965
4808,èºîˆëÒ,3,45,12,8,8,0.15644444444444444,0,2,3,6,1,0,0,0,0,0,0.163579766536965
4808,èºîˆëÒ,4,41,7,7,11,0.1624390243902439,0,1,3,3,0,0,0,0,0,0,0.163579766536965
4808,èºîˆëÒ,5,39,4,5,10,0.16487179487179487,0,0,0,1,3,0,0,0,0,0,0.163579766536965
4808,èºîˆëÒ,6,36,3,5,0,0.20777777777777778,0,0,1,2,0,0,0,0,0,0,0.163579766536965
4809,äOçËåÂ,1,37,22,4,1,0.15216216216216216,19,0,0,0,3,0,3,7,4,0,0.15364444444444444
4809,äOçËåÂ,2,43,6,9,9,0.16093023255813954,0,5,0,0,1,0,0,0,0,24,0.15364444444444444
4809,äOçËåÂ,3,42,6,7,13,0.17214285714285715,0,0,1,5,0,0,0,0,0,0,0.15364444444444444
4809,äOçËåÂ,4,39,4,8,12,0.1392307692307692,0,1,2,1,0,0,0,0,0,0,0.15364444444444444
4809,äOçËåÂ,5,38,2,5,11,0.14289473684210527,0,0,0,2,0,0,0,0,0,0,0.15364444444444444
4809,äOçËåÂ,6,26,1,3,6,0.15115384615384617,0,0,0,1,0,0,0,0,0,0,0.15364444444444444
4811,å¸à‰ìcóCãI,1,43,20,11,5,0.14186046511627906,19,0,0,0,1,0,9,6,7,0,0.15933070866141733
4811,å¸à‰ìcóCãI,2,45,2,11,9,0.1491111111111111,0,2,0,0,0,0,0,0,0,30,0.15933070866141733
4811,å¸à‰ìcóCãI,3,42,3,7,6,0.15523809523809526,0,0,2,1,0,0,0,0,0,0,0.15933070866141733
4811,å¸à‰ìcóCãI,4,40,4,7,8,0.14750000000000002,0,0,4,0,0,0,0,0,0,0,0.15933070866141733
4811,å¸à‰ìcóCãI,5,45,2,1,8,0.18244444444444446,0,0,0,2,0,0,0,0,0,0,0.15933070866141733
4811,å¸à‰ìcóCãI,6,39,1,4,5,0.18025641025641026,0,0,1,0,0,0,0,0,0,0,0.15933070866141733
4812,êºñÏóYãM,1,30,25,2,0,0.14233333333333334,24,0,0,0,1,0,0,3,2,0,0.13946153846153844
4812,êºñÏóYãM,2,22,8,4,7,0.1481818181818182,0,8,0,0,0,0,0,0,0,10,0.13946153846153844
4812,êºñÏóYãM,3,17,7,2,2,0.13999999999999999,0,1,3,3,0,0,0,0,0,0,0.13946153846153844
4812,êºñÏóYãM,4,14,4,5,1,0.10785714285714286,0,0,3,1,0,0,0,0,0,0,0.13946153846153844
4812,êºñÏóYãM,5,20,6,2,1,0.135,0,0,3,2,1,0,0,0,0,0,0.13946153846153844
4812,êºñÏóYãM,6,27,2,2,8,0.14851851851851852,0,1,0,1,0,0,0,0,0,0,0.13946153846153844
4813,ã{ì‡íºç∆,1,28,10,6,4,0.1692857142857143,8,0,0,0,1,1,8,4,3,0,0.18266009852216747
4813,ã{ì‡íºç∆,2,36,3,5,5,0.1827777777777778,0,3,0,0,0,0,0,0,0,17,0.18266009852216747
4813,ã{ì‡íºç∆,3,39,1,4,6,0.20128205128205126,0,0,1,0,0,0,0,0,0,0,0.18266009852216747
4813,ã{ì‡íºç∆,4,34,3,5,4,0.17529411764705882,0,0,3,0,0,0,0,0,0,0,0.18266009852216747
4813,ã{ì‡íºç∆,5,35,3,1,7,0.17314285714285715,0,0,1,2,0,0,0,0,0,0,0.18266009852216747
4813,ã{ì‡íºç∆,6,31,1,3,4,0.19,0,0,0,0,1,0,0,0,0,0,0.18266009852216747
4815,ïöìáóSâÓ,1,29,12,6,7,0.18758620689655173,10,0,0,0,2,0,6,4,4,0,0.18117073170731707
4815,ïöìáóSâÓ,2,38,2,7,5,0.18842105263157896,0,1,0,0,1,0,0,0,0,20,0.18117073170731707
4815,ïöìáóSâÓ,3,35,5,9,6,0.1862857142857143,0,1,3,0,1,0,0,0,0,0,0.18117073170731707
4815,ïöìáóSâÓ,4,38,2,3,4,0.19052631578947368,0,1,0,1,0,0,0,0,0,0,0.18117073170731707
4815,ïöìáóSâÓ,5,38,2,4,4,0.17394736842105263,0,1,0,1,0,0,0,0,0,0,0.18117073170731707
4815,ïöìáóSâÓ,6,27,1,2,2,0.15444444444444444,0,0,0,1,0,0,0,0,0,0,0.18117073170731707
4816,ë∫èºèCìÒ,1,44,35,2,1,0.14613636363636362,31,0,0,0,4,0,8,0,1,0,0.13878504672897196
4816,ë∫èºèCìÒ,2,33,6,5,14,0.13818181818181818,0,4,2,0,0,0,0,0,0,15,0.13878504672897196
4816,ë∫èºèCìÒ,3,37,7,13,4,0.13756756756756755,0,0,5,0,2,0,0,0,0,0,0.13878504672897196
4816,ë∫èºèCìÒ,4,29,4,8,5,0.1482758620689655,0,1,3,0,0,0,0,0,0,0,0.13878504672897196
4816,ë∫èºèCìÒ,5,30,4,5,3,0.13466666666666666,0,0,3,1,0,0,0,0,0,0,0.13878504672897196
4816,ë∫èºèCìÒ,6,41,3,6,11,0.12878048780487805,0,0,1,2,0,0,0,0,0,0,0.13878504672897196
4817,ìnÁ≥óÉ,1,42,17,15,3,0.13595238095238096,17,0,0,0,0,0,5,7,11,0,0.14560483870967741
4817,ìnÁ≥óÉ,2,47,8,11,12,0.14638297872340425,0,5,3,0,0,0,0,0,0,23,0.14560483870967741
4817,ìnÁ≥óÉ,3,43,9,12,8,0.13581395348837208,0,2,2,4,1,0,0,0,0,0,0.14560483870967741
4817,ìnÁ≥óÉ,4,34,4,5,11,0.125,0,0,2,2,0,0,0,0,0,0,0.14560483870967741
4817,ìnÁ≥óÉ,5,39,1,9,7,0.13512820512820514,0,0,1,0,0,0,0,0,0,0,0.14560483870967741
4817,ìnÁ≥óÉ,6,43,1,3,11,0.18976744186046512,0,0,0,1,0,0,0,0,0,0,0.14560483870967741
4818,ïöå©èrâÓ,1,20,16,1,1,0.0965,16,0,0,0,0,0,1,1,2,0,0.11870229007633588
4818,ïöå©èrâÓ,2,22,5,8,3,0.14136363636363636,0,2,1,0,2,0,0,0,0,7,0.11870229007633588
4818,ïöå©èrâÓ,3,26,0,4,7,0.1126923076923077,0,0,0,0,0,0,0,0,0,0,0.11870229007633588
4818,ïöå©èrâÓ,4,19,4,3,3,0.1363157894736842,0,2,2,0,0,0,0,0,0,0,0.11870229007633588
4818,ïöå©èrâÓ,5,22,2,3,2,0.12045454545454545,0,0,1,1,0,0,0,0,0,0,0.11870229007633588
4818,ïöå©èrâÓ,6,22,0,3,2,0.10636363636363635,0,0,0,0,0,0,0,0,0,0,0.11870229007633588
4819,ñIê{êêê∂,1,49,33,7,4,0.1389795918367347,32,0,0,0,1,0,2,14,0,0,0.1631726907630522
4819,ñIê{êêê∂,2,44,10,10,14,0.1765909090909091,0,3,7,0,0,0,0,0,0,12,0.1631726907630522
4819,ñIê{êêê∂,3,44,3,8,11,0.17954545454545456,0,0,2,1,0,0,0,0,0,0,0.1631726907630522
4819,ñIê{êêê∂,4,38,7,10,8,0.1539473684210526,0,2,2,2,1,0,0,0,0,0,0.1631726907630522
4819,ñIê{êêê∂,5,37,1,4,8,0.17405405405405405,0,0,0,1,0,0,0,0,0,0,0.1631726907630522
4819,ñIê{êêê∂,6,37,0,4,5,0.1583783783783784,0,0,0,0,0,0,0,0,0,0,0.1631726907630522
4821,ç»íπêWñÁ,1,27,10,4,4,0.17814814814814817,9,0,0,0,1,0,1,9,2,0,0.18897560975609756
4821,ç»íπêWñÁ,2,41,3,16,9,0.19658536585365854,0,2,0,0,1,0,0,0,0,24,0.18897560975609756
4821,ç»íπêWñÁ,3,34,3,7,8,0.20529411764705885,0,0,2,0,1,0,0,0,0,0,0.18897560975609756
4821,ç»íπêWñÁ,4,35,2,7,9,0.1862857142857143,0,1,1,0,0,0,0,0,0,0,0.18897560975609756
4821,ç»íπêWñÁ,5,36,2,8,10,0.1813888888888889,0,0,0,2,0,0,0,0,0,0,0.18897560975609756
4821,ç»íπêWñÁ,6,32,1,4,9,0.1825,0,0,1,0,0,0,0,0,0,0,0.18897560975609756
4822,ïSïê„ƒ,1,40,15,10,6,0.16399999999999998,14,0,0,0,1,0,8,5,9,0,0.183625
4822,ïSïê„ƒ,2,41,4,12,9,0.17780487804878048,1,0,1,0,1,1,0,0,0,24,0.183625
4822,ïSïê„ƒ,3,40,4,10,7,0.1715,0,0,3,1,0,0,0,0,0,0,0.183625
4822,ïSïê„ƒ,4,39,4,3,7,0.18743589743589745,0,2,1,1,0,0,0,0,0,0,0.183625
4822,ïSïê„ƒ,5,39,5,5,5,0.20102564102564102,0,0,1,3,0,1,0,0,0,0,0.183625
4822,ïSïê„ƒ,6,41,0,2,6,0.2002439024390244,0,0,0,0,0,0,0,0,0,0,0.183625
4823,íÜë∫ìçâ¿,1,3,0,2,0,0.13,0,0,0,0,0,0,2,1,0,0,0.125
4823,íÜë∫ìçâ¿,2,1,0,0,0,0.17,0,0,0,0,0,0,0,0,0,1,0.125
4823,íÜë∫ìçâ¿,3,1,1,0,0,0.08,0,0,1,0,0,0,0,0,0,0,0.125
4823,íÜë∫ìçâ¿,4,1,0,0,0,0.1,0,0,0,0,0,0,0,0,0,0,0.125
4823,íÜë∫ìçâ¿,5,1,0,0,1,0.11,0,0,0,0,0,0,0,0,0,0,0.125
4823,íÜë∫ìçâ¿,6,3,0,0,1,0.13333333333333333,0,0,0,0,0,0,0,0,0,0,0.125
4824,èºà‰ç^ñÌ,1,60,46,4,4,0.14049999999999999,46,0,0,0,0,0,2,10,2,0,0.1374712643678161
4824,èºà‰ç^ñÌ,2,47,19,12,6,0.12106382978723405,0,11,6,0,2,0,0,0,0,21,0.1374712643678161
4824,èºà‰ç^ñÌ,3,39,6,13,6,0.1394871794871795,0,1,1,4,0,0,0,0,0,0,0.1374712643678161
4824,èºà‰ç^ñÌ,4,35,4,6,9,0.11914285714285715,0,1,2,1,0,0,0,0,0,0,0.1374712643678161
4824,èºà‰ç^ñÌ,5,35,2,11,4,0.13114285714285714,0,0,1,1,0,0,0,0,0,0,0.1374712643678161
4824,èºà‰ç^ñÌ,6,45,0,2,13,0.168,0,0,0,0,0,0,0,0,0,0,0.1374712643678161
4825,ëqéù‰ªÅX,1,9,9,0,0,0.12222222222222223,9,0,0,0,0,0,0,0,0,0,0.11629032258064516
4825,ëqéù‰ªÅX,2,12,0,7,2,0.125,0,0,0,0,0,0,0,0,0,8,0.11629032258064516
4825,ëqéù‰ªÅX,3,11,3,3,2,0.09727272727272727,0,0,2,1,0,0,0,0,0,0,0.11629032258064516
4825,ëqéù‰ªÅX,4,12,4,4,0,0.10666666666666667,0,1,1,2,0,0,0,0,0,0,0.11629032258064516
4825,ëqéù‰ªÅX,5,9,3,3,0,0.14444444444444446,0,0,0,2,1,0,0,0,0,0,0.11629032258064516
4825,ëqéù‰ªÅX,6,9,2,1,1,0.10666666666666666,0,1,0,1,0,0,0,0,0,0,0.11629032258064516
4826,à‰è„àÍãP,1,63,52,6,3,0.12603174603174605,50,0,0,0,2,0,1,0,6,0,0.12792079207920792
4826,à‰è„àÍãP,2,48,9,20,11,0.135625,0,4,4,0,1,0,0,0,0,24,0.12792079207920792
4826,à‰è„àÍãP,3,55,8,13,12,0.12654545454545454,0,0,3,4,1,0,0,0,0,0,0.12792079207920792
4826,à‰è„àÍãP,4,52,8,10,13,0.12865384615384617,0,4,2,2,0,0,0,0,0,0,0.12792079207920792
4826,à‰è„àÍãP,5,44,7,5,14,0.12431818181818181,0,0,1,5,1,0,0,0,0,0,0.12792079207920792
4826,à‰è„àÍãP,6,41,3,5,13,0.12658536585365854,0,2,0,1,0,0,0,0,0,0,0.12792079207920792
4828,èºéRè´å·,1,52,39,7,2,0.10788461538461538,38,0,0,0,1,0,5,1,2,0,0.12947368421052632
4828,èºéRè´å·,2,44,7,14,7,0.13363636363636364,0,4,3,0,0,0,0,0,0,21,0.12947368421052632
4828,èºéRè´å·,3,59,6,14,13,0.1235593220338983,0,0,1,4,1,0,0,0,0,0,0.12947368421052632
4828,èºéRè´å·,4,42,6,8,8,0.12071428571428572,0,1,3,2,0,0,0,0,0,0,0.12947368421052632
4828,èºéRè´å·,5,46,10,2,15,0.135,0,0,3,6,0,1,0,0,0,0,0.12947368421052632
4828,èºéRè´å·,6,42,0,1,7,0.16285714285714287,0,0,0,0,0,0,0,0,0,0,0.12947368421052632
4831,âHñÏíºñÁ,1,37,26,6,1,0.11594594594594594,25,0,0,0,1,0,3,2,5,0,0.12504950495049505
4831,âHñÏíºñÁ,2,33,5,8,6,0.12,0,4,1,0,0,0,0,0,0,17,0.12504950495049505
4831,âHñÏíºñÁ,3,30,2,6,9,0.116,0,0,1,1,0,0,0,0,0,0,0.12504950495049505
4831,âHñÏíºñÁ,4,35,2,7,14,0.11885714285714286,0,0,1,1,0,0,0,0,0,0,0.12504950495049505
4831,âHñÏíºñÁ,5,35,2,7,4,0.12628571428571428,0,0,0,2,0,0,0,0,0,0,0.12504950495049505
4831,âHñÏíºñÁ,6,32,0,1,9,0.1546875,0,0,0,0,0,0,0,0,0,0,0.12504950495049505
4832,å†ì°èråı,1,44,25,12,5,0.13954545454545456,24,0,0,0,1,0,5,9,5,0,0.13642857142857143
4832,å†ì°èråı,2,31,10,10,8,0.14451612903225808,0,6,3,1,0,0,0,0,0,14,0.13642857142857143
4832,å†ì°èråı,3,31,8,11,5,0.1329032258064516,0,2,0,6,0,0,0,0,0,0,0.13642857142857143
4832,å†ì°èråı,4,31,13,4,10,0.12225806451612903,0,2,5,3,3,0,0,0,0,0,0.13642857142857143
4832,å†ì°èråı,5,35,6,6,9,0.12285714285714285,0,0,0,6,0,0,0,0,0,0,0.13642857142857143
4832,å†ì°èråı,6,38,3,10,8,0.1531578947368421,0,0,0,3,0,0,0,0,0,0,0.13642857142857143
4834,ïlñ{óTå»,1,33,19,3,1,0.17575757575757575,19,0,0,0,0,0,2,6,5,0,0.17779116465863454
4834,ïlñ{óTå»,2,50,4,10,12,0.1928,1,3,0,0,0,0,0,0,0,27,0.17779116465863454
4834,ïlñ{óTå»,3,39,1,6,9,0.18717948717948718,0,0,1,0,0,0,0,0,0,0,0.17779116465863454
4834,ïlñ{óTå»,4,44,1,2,11,0.16886363636363638,0,0,1,0,0,0,0,0,0,0,0.17779116465863454
4834,ïlñ{óTå»,5,46,0,3,9,0.1706521739130435,0,0,0,0,0,0,0,0,0,0,0.17779116465863454
4834,ïlñ{óTå»,6,37,0,2,3,0.16891891891891891,0,0,0,0,0,0,0,0,0,0,0.17779116465863454
4835,ã¥ñ{ñæ,1,29,8,6,6,0.17793103448275863,7,0,0,0,1,0,5,10,4,0,0.1718340611353712
4835,ã¥ñ{ñæ,2,45,5,14,12,0.15888888888888889,0,4,0,1,0,0,0,0,0,30,0.1718340611353712
4835,ã¥ñ{ñæ,3,41,6,1,13,0.15585365853658537,0,1,0,4,1,0,0,0,0,0,0.1718340611353712
4835,ã¥ñ{ñæ,4,45,1,8,6,0.18511111111111112,0,0,1,0,0,0,0,0,0,0,0.1718340611353712
4835,ã¥ñ{ñæ,5,38,2,4,8,0.16921052631578948,0,0,1,1,0,0,0,0,0,0,0.1718340611353712
4835,ã¥ñ{ñæ,6,31,1,2,1,0.19,0,0,0,0,0,1,0,0,0,0,0.1718340611353712
4836,ëÂíJåíëæ,1,24,8,5,7,0.1625,8,0,0,0,0,0,2,7,7,0,0.16663101604278074
4836,ëÂíJåíëæ,2,37,4,5,5,0.18135135135135136,0,3,1,0,0,0,0,0,0,24,0.16663101604278074
4836,ëÂíJåíëæ,3,35,1,7,8,0.162,0,0,0,0,1,0,0,0,0,0,0.16663101604278074
4836,ëÂíJåíëæ,4,35,5,8,7,0.1737142857142857,0,0,2,2,1,0,0,0,0,0,0.16663101604278074
4836,ëÂíJåíëæ,5,34,2,2,10,0.17,0,0,0,2,0,0,0,0,0,0,0.16663101604278074
4836,ëÂíJåíëæ,6,22,0,1,6,0.13727272727272727,0,0,0,0,0,0,0,0,0,0,0.16663101604278074
4837,éà‰ózóS,1,22,9,3,3,0.17272727272727273,8,0,0,0,1,0,4,4,2,0,0.1750887573964497
4837,éà‰ózóS,2,32,3,4,8,0.1740625,0,3,0,0,0,0,0,0,0,15,0.1750887573964497
4837,éà‰ózóS,3,31,3,4,5,0.14483870967741935,0,0,1,2,0,0,0,0,0,0,0.1750887573964497
4837,éà‰ózóS,4,25,2,4,1,0.1824,0,0,1,1,0,0,0,0,0,0,0.1750887573964497
4837,éà‰ózóS,5,32,1,4,8,0.18031250000000001,0,0,0,1,0,0,0,0,0,0,0.1750887573964497
4837,éà‰ózóS,6,27,0,0,3,0.2,0,0,0,0,0,0,0,0,0,0,0.1750887573964497
4839,élã{ó^ä∞,1,47,29,9,1,0.13531914893617022,29,0,0,0,0,0,5,6,5,0,0.133671875
4839,élã{ó^ä∞,2,44,11,11,6,0.13818181818181818,0,9,1,0,1,0,0,0,0,23,0.133671875
4839,élã{ó^ä∞,3,46,8,11,11,0.13652173913043478,0,1,6,1,0,0,0,0,0,0,0.133671875
4839,élã{ó^ä∞,4,43,5,9,8,0.13651162790697674,0,0,2,2,1,0,0,0,0,0,0.133671875
4839,élã{ó^ä∞,5,38,1,11,7,0.12736842105263158,0,0,0,1,0,0,0,0,0,0,0.133671875
4839,élã{ó^ä∞,6,38,2,1,7,0.12605263157894736,0,0,2,0,0,0,0,0,0,0,0.133671875
4840,óÈñÿèG‰ù,1,29,14,3,5,0.14724137931034484,11,0,0,0,2,1,4,5,3,0,0.16921182266009852
4840,óÈñÿèG‰ù,2,38,6,7,8,0.16078947368421054,0,1,5,0,0,0,0,0,0,17,0.16921182266009852
4840,óÈñÿèG‰ù,3,34,2,5,6,0.17529411764705882,0,1,1,0,0,0,0,0,0,0,0.16921182266009852
4840,óÈñÿèG‰ù,4,31,0,4,6,0.1667741935483871,0,0,0,0,0,0,0,0,0,0,0.16921182266009852
4840,óÈñÿèG‰ù,5,43,3,2,15,0.1713953488372093,0,1,0,2,0,0,0,0,0,0,0.16921182266009852
4840,óÈñÿèG‰ù,6,28,0,1,4,0.19535714285714287,0,0,0,0,0,0,0,0,0,0,0.16921182266009852
4842,éRâ∫çVëÂ,1,25,12,5,3,0.15600000000000003,12,0,0,0,0,0,4,4,3,0,0.17396551724137932
4842,éRâ∫çVëÂ,2,28,3,6,5,0.18928571428571428,0,2,0,0,1,0,0,0,0,19,0.17396551724137932
4842,éRâ∫çVëÂ,3,30,2,7,9,0.16133333333333333,0,0,1,1,0,0,0,0,0,0,0.17396551724137932
4842,éRâ∫çVëÂ,4,29,0,3,10,0.17517241379310344,0,0,0,0,0,0,0,0,0,0,0.17396551724137932
4842,éRâ∫çVëÂ,5,32,2,6,7,0.1653125,0,1,1,0,0,0,0,0,0,0,0.17396551724137932
4842,éRâ∫çVëÂ,6,30,1,1,10,0.19533333333333333,0,0,0,0,0,1,0,0,0,0,0.17396551724137932
4843,ê[îˆîbåb,1,29,11,3,2,0.20206896551724138,11,0,0,0,0,0,4,11,2,0,0.17148837209302326
4843,ê[îˆîbåb,2,41,0,8,4,0.1731707317073171,0,0,0,0,0,0,0,0,0,24,0.17148837209302326
4843,ê[îˆîbåb,3,39,8,7,7,0.14051282051282052,0,0,6,1,1,0,0,0,0,0,0.17148837209302326
4843,ê[îˆîbåb,4,38,4,6,5,0.18,0,0,2,2,0,0,0,0,0,0,0.17148837209302326
4843,ê[îˆîbåb,5,38,3,6,11,0.15789473684210525,0,0,1,2,0,0,0,0,0,0,0.17148837209302326
4843,ê[îˆîbåb,6,30,2,1,3,0.18633333333333332,0,0,0,2,0,0,0,0,0,0,0.17148837209302326
4844,ë∫è„ìﬁï‰,1,19,3,5,2,0.20210526315789473,3,0,0,0,0,0,6,8,2,0,0.1971186440677966
4844,ë∫è„ìﬁï‰,2,34,5,3,7,0.16411764705882353,0,3,2,0,0,0,0,0,0,15,0.1971186440677966
4844,ë∫è„ìﬁï‰,3,34,1,4,2,0.18029411764705883,0,0,0,1,0,0,0,0,0,0,0.1971186440677966
4844,ë∫è„ìﬁï‰,4,30,2,4,9,0.1686666666666667,0,0,1,0,1,0,0,0,0,0,0.1971186440677966
4844,ë∫è„ìﬁï‰,5,32,0,2,3,0.230625,0,0,0,0,0,0,0,0,0,0,0.1971186440677966
4844,ë∫è„ìﬁï‰,6,28,0,0,4,0.24642857142857144,0,0,0,0,0,0,0,0,0,0,0.1971186440677966
4845,ëOìcé—äÛ,1,43,29,4,5,0.13651162790697674,27,0,0,0,2,0,4,7,3,0,0.15305825242718446
4845,ëOìcé—äÛ,2,41,9,9,9,0.15000000000000002,0,7,2,0,0,0,0,0,0,17,0.15305825242718446
4845,ëOìcé—äÛ,3,28,6,7,5,0.15964285714285714,0,1,4,0,1,0,0,0,0,0,0.15305825242718446
4845,ëOìcé—äÛ,4,32,8,8,5,0.1325,0,2,3,2,1,0,0,0,0,0,0.15305825242718446
4845,ëOìcé—äÛ,5,28,3,5,5,0.16357142857142856,0,0,1,2,0,0,0,0,0,0,0.15305825242718446
4845,ëOìcé—äÛ,6,34,0,3,4,0.18294117647058822,0,0,0,0,0,0,0,0,0,0,0.15305825242718446
4846,ç≤ì°èxâÓ,1,30,19,2,3,0.16066666666666668,18,0,0,0,1,0,3,5,2,0,0.15359447004608295
4846,ç≤ì°èxâÓ,2,43,9,14,8,0.14372093023255814,0,5,1,1,1,1,0,0,0,24,0.15359447004608295
4846,ç≤ì°èxâÓ,3,40,4,9,6,0.13525,0,0,1,2,0,1,0,0,0,0,0.15359447004608295
4846,ç≤ì°èxâÓ,4,32,1,3,6,0.1596875,0,0,1,0,0,0,0,0,0,0,0.15359447004608295
4846,ç≤ì°èxâÓ,5,39,0,4,4,0.15743589743589745,0,0,0,0,0,0,0,0,0,0,0.15359447004608295
4846,ç≤ì°èxâÓ,6,33,0,2,1,0.17181818181818181,0,0,0,0,0,0,0,0,0,0,0.15359447004608295
4847,ç≤ì°ó≤ëæòY,1,62,48,9,2,0.12774193548387097,45,0,0,0,3,0,8,3,2,0,0.13977695167286247
4847,ç≤ì°ó≤ëæòY,2,44,11,14,7,0.14681818181818182,0,7,3,1,0,0,0,0,0,16,0.13977695167286247
4847,ç≤ì°ó≤ëæòY,3,43,11,12,6,0.1288372093023256,0,3,4,1,3,0,0,0,0,0,0.13977695167286247
4847,ç≤ì°ó≤ëæòY,4,41,10,10,5,0.12463414634146343,0,1,4,3,2,0,0,0,0,0,0.13977695167286247
4847,ç≤ì°ó≤ëæòY,5,37,8,5,6,0.1483783783783784,0,0,4,4,0,0,0,0,0,0,0.13977695167286247
4847,ç≤ì°ó≤ëæòY,6,42,2,5,13,0.16857142857142857,0,1,1,0,0,0,0,0,0,0,0.13977695167286247
4848,íáíJÈDêm,1,61,47,4,6,0.12360655737704918,44,0,0,0,3,0,5,5,4,0,0.14371647509578545
4848,íáíJÈDêm,2,44,11,15,8,0.14477272727272728,0,8,2,0,1,0,0,0,0,23,0.14371647509578545
4848,íáíJÈDêm,3,41,9,11,8,0.12682926829268293,0,1,5,2,1,0,0,0,0,0,0.14371647509578545
4848,íáíJÈDêm,4,37,7,10,6,0.15324324324324323,0,1,3,3,0,0,0,0,0,0,0.14371647509578545
4848,íáíJÈDêm,5,40,6,10,7,0.162,0,2,1,2,1,0,0,0,0,0,0.14371647509578545
4848,íáíJÈDêm,6,38,3,3,7,0.16447368421052633,0,0,1,2,0,0,0,0,0,0,0.14371647509578545
4850,ñÏíÜàÍïΩ,1,45,29,8,2,0.12022222222222223,29,0,0,0,0,0,3,4,9,0,0.11135746606334841
4850,ñÏíÜàÍïΩ,2,38,6,17,5,0.11578947368421054,0,4,1,0,1,0,0,0,0,26,0.11135746606334841
4850,ñÏíÜàÍïΩ,3,31,5,13,5,0.10935483870967742,0,1,1,2,1,0,0,0,0,0,0.11135746606334841
4850,ñÏíÜàÍïΩ,4,36,7,10,7,0.09222222222222222,0,1,5,1,0,0,0,0,0,0,0.11135746606334841
4850,ñÏíÜàÍïΩ,5,34,1,9,9,0.12264705882352941,0,0,0,1,0,0,0,0,0,0,0.11135746606334841
4850,ñÏíÜàÍïΩ,6,37,5,4,6,0.10594594594594595,0,2,1,2,0,0,0,0,0,0,0.11135746606334841
4851,ä÷ç_ç∆,1,57,50,3,2,0.1212280701754386,46,0,0,0,4,0,4,2,1,0,0.14259541984732824
4851,ä÷ç_ç∆,2,43,14,10,7,0.14697674418604653,1,10,1,1,1,0,0,0,0,22,0.14259541984732824
4851,ä÷ç_ç∆,3,38,5,15,7,0.15,0,0,3,1,1,0,0,0,0,0,0.14259541984732824
4851,ä÷ç_ç∆,4,40,6,9,10,0.153,0,3,0,2,1,0,0,0,0,0,0.14259541984732824
4851,ä÷ç_ç∆,5,41,6,9,9,0.13560975609756099,0,0,0,5,1,0,0,0,0,0,0.14259541984732824
4851,ä÷ç_ç∆,6,43,3,12,12,0.1569767441860465,0,1,0,2,0,0,0,0,0,0,0.14259541984732824
4852,êÏå¥óSñæ,1,46,30,6,4,0.17369565217391306,30,0,0,0,0,0,3,4,6,0,0.16774999999999998
4852,êÏå¥óSñæ,2,43,8,12,10,0.16534883720930232,0,5,2,0,1,0,0,0,0,23,0.16774999999999998
4852,êÏå¥óSñæ,3,31,4,8,9,0.17516129032258063,0,0,0,4,0,0,0,0,0,0,0.16774999999999998
4852,êÏå¥óSñæ,4,42,3,9,10,0.1542857142857143,0,0,0,3,0,0,0,0,0,0,0.16774999999999998
4852,êÏå¥óSñæ,5,42,6,3,14,0.16238095238095238,0,1,0,3,1,1,0,0,0,0,0.16774999999999998
4852,êÏå¥óSñæ,6,36,3,4,6,0.1786111111111111,0,1,1,1,0,0,0,0,0,0,0.16774999999999998
4853,ëOå¥ç∆,1,35,17,4,6,0.16971428571428573,17,0,0,0,0,0,2,11,1,0,0.1931320754716981
4853,ëOå¥ç∆,2,51,7,10,9,0.183921568627451,0,4,3,0,0,0,0,0,0,24,0.1931320754716981
4853,ëOå¥ç∆,3,54,3,10,10,0.19833333333333336,0,0,3,0,0,0,0,0,0,0,0.1931320754716981
4853,ëOå¥ç∆,4,46,2,10,5,0.1958695652173913,0,0,1,1,0,0,0,0,0,0,0.1931320754716981
4853,ëOå¥ç∆,5,46,2,5,7,0.19456521739130436,0,0,0,2,0,0,0,0,0,0,0.1931320754716981
4853,ëOå¥ç∆,6,33,0,2,4,0.2178787878787879,0,0,0,0,0,0,0,0,0,0,0.1931320754716981
4855,ç]ì™å´ëæ,1,2,1,0,1,0.08499999999999999,1,0,0,0,0,0,0,1,0,0,0.18214285714285713
4855,ç]ì™å´ëæ,2,3,0,0,1,0.18333333333333335,0,0,0,0,0,0,0,0,0,1,0.18214285714285713
4855,ç]ì™å´ëæ,3,2,1,0,0,0.22,0,0,0,1,0,0,0,0,0,0,0.18214285714285713
4855,ç]ì™å´ëæ,4,1,0,0,0,0.13,0,0,0,0,0,0,0,0,0,0,0.18214285714285713
4855,ç]ì™å´ëæ,5,4,0,0,0,0.21,0,0,0,0,0,0,0,0,0,0,0.18214285714285713
4855,ç]ì™å´ëæ,6,2,0,0,0,0.21000000000000002,0,0,0,0,0,0,0,0,0,0,0.18214285714285713
4856,ñLìcåíémòY,1,64,51,5,1,0.133125,50,0,0,0,1,0,3,5,4,0,0.14386617100371749
4856,ñLìcåíémòY,2,44,13,13,8,0.1559090909090909,0,7,3,1,1,1,0,0,0,23,0.14386617100371749
4856,ñLìcåíémòY,3,38,9,10,5,0.14210526315789473,0,0,2,7,0,0,0,0,0,0,0.14386617100371749
4856,ñLìcåíémòY,4,46,7,11,10,0.14782608695652175,0,0,4,1,1,1,0,0,0,0,0.14386617100371749
4856,ñLìcåíémòY,5,37,4,6,10,0.1354054054054054,0,1,0,3,0,0,0,0,0,0,0.14386617100371749
4856,ñLìcåíémòY,6,40,3,5,8,0.15275,0,0,0,3,0,0,0,0,0,0,0.14386617100371749
4857,â¡ì°„ƒîn,1,29,19,4,2,0.15448275862068964,18,0,0,0,1,0,2,2,6,0,0.1864705882352941
4857,â¡ì°„ƒîn,2,33,9,8,4,0.1781818181818182,0,3,4,0,2,0,0,0,0,16,0.1864705882352941
4857,â¡ì°„ƒîn,3,26,3,9,6,0.1853846153846154,0,0,0,2,1,0,0,0,0,0,0.1864705882352941
4857,â¡ì°„ƒîn,4,26,6,3,8,0.195,0,1,1,4,0,0,0,0,0,0,0.1864705882352941
4857,â¡ì°„ƒîn,5,30,3,5,8,0.20733333333333331,0,0,0,2,1,0,0,0,0,0,0.1864705882352941
4857,â¡ì°„ƒîn,6,26,2,3,5,0.20115384615384618,0,0,0,1,1,0,0,0,0,0,0.1864705882352941
4861,ìcíÜçGé˜,1,34,17,8,5,0.17852941176470588,15,0,1,0,1,0,7,4,3,0,0.17233333333333334
4861,ìcíÜçGé˜,2,50,4,16,12,0.1852,0,1,3,0,0,0,0,0,0,26,0.17233333333333334
4861,ìcíÜçGé˜,3,36,5,6,7,0.165,0,0,3,2,0,0,0,0,0,0,0.17233333333333334
4861,ìcíÜçGé˜,4,40,5,7,8,0.16399999999999998,0,2,2,1,0,0,0,0,0,0,0.17233333333333334
4861,ìcíÜçGé˜,5,43,2,4,10,0.1727906976744186,0,0,0,0,2,0,0,0,0,0,0.17233333333333334
4861,ìcíÜçGé˜,6,37,2,2,7,0.16486486486486485,0,0,1,1,0,0,0,0,0,0,0.17233333333333334
4863,éOâYóTãM,1,25,7,7,4,0.1832,7,0,0,0,0,0,7,9,2,0,0.15915254237288137
4863,éOâYóTãM,2,32,3,6,4,0.14,0,0,2,0,1,0,0,0,0,18,0.15915254237288137
4863,éOâYóTãM,3,27,2,3,6,0.17370370370370372,0,0,1,1,0,0,0,0,0,0,0.15915254237288137
4863,éOâYóTãM,4,30,1,6,9,0.16533333333333333,0,0,0,1,0,0,0,0,0,0,0.15915254237288137
4863,éOâYóTãM,5,35,2,6,5,0.14942857142857144,0,0,2,0,0,0,0,0,0,0,0.15915254237288137
4863,éOâYóTãM,6,28,0,4,5,0.15107142857142858,0,0,0,0,0,0,0,0,0,0,0.15915254237288137
4864,è¨êÏì˙ãIëæ,1,25,10,6,3,0.1508,10,0,0,0,0,0,5,6,3,0,0.14774869109947644
4864,è¨êÏì˙ãIëæ,2,33,5,9,6,0.15969696969696967,0,4,0,0,1,0,0,0,0,22,0.14774869109947644
4864,è¨êÏì˙ãIëæ,3,37,2,2,7,0.1362162162162162,0,0,2,0,0,0,0,0,0,0,0.14774869109947644
4864,è¨êÏì˙ãIëæ,4,31,1,3,4,0.14483870967741935,0,0,0,1,0,0,0,0,0,0,0.14774869109947644
4864,è¨êÏì˙ãIëæ,5,33,0,1,4,0.14696969696969697,0,0,0,0,0,0,0,0,0,0,0.14774869109947644
4864,è¨êÏì˙ãIëæ,6,32,1,0,9,0.15,0,0,0,1,0,0,0,0,0,0,0.14774869109947644
4865,óßãÔåhéi,1,17,5,5,3,0.14235294117647057,5,0,0,0,0,0,4,4,3,0,0.16483870967741937
4865,óßãÔåhéi,2,23,1,3,1,0.16695652173913042,0,1,0,0,0,0,0,0,0,12,0.16483870967741937
4865,óßãÔåhéi,3,23,3,2,5,0.1708695652173913,0,0,0,1,2,0,0,0,0,0,0.16483870967741937
4865,óßãÔåhéi,4,20,0,3,6,0.149,0,0,0,0,0,0,0,0,0,0,0.16483870967741937
4865,óßãÔåhéi,5,24,1,3,3,0.17125,0,0,0,1,0,0,0,0,0,0,0.16483870967741937
4865,óßãÔåhéi,6,17,0,0,1,0.18588235294117647,0,0,0,0,0,0,0,0,0,0,0.16483870967741937
4866,ã¥ñ{âpàÍ,1,34,12,4,9,0.13323529411764706,11,0,0,0,0,1,9,8,4,0,0.1511570247933884
4866,ã¥ñ{âpàÍ,2,44,4,13,8,0.1465909090909091,0,3,1,0,0,0,0,0,0,28,0.1511570247933884
4866,ã¥ñ{âpàÍ,3,42,2,10,7,0.15761904761904763,0,0,1,1,0,0,0,0,0,0,0.1511570247933884
4866,ã¥ñ{âpàÍ,4,40,2,6,7,0.16425,0,0,1,1,0,0,0,0,0,0,0.1511570247933884
4866,ã¥ñ{âpàÍ,5,43,5,8,2,0.1386046511627907,0,0,2,2,0,1,0,0,0,0,0.1511570247933884
4866,ã¥ñ{âpàÍ,6,39,1,2,3,0.16538461538461538,0,0,0,1,0,0,0,0,0,0,0.1511570247933884
4871,ãeírçGéu,1,31,13,7,3,0.15548387096774194,13,0,0,0,0,0,7,2,6,0,0.16598173515981735
4871,ãeírçGéu,2,40,4,11,8,0.17925,0,3,0,0,0,1,0,0,0,26,0.16598173515981735
4871,ãeírçGéu,3,41,3,4,12,0.16170731707317074,0,0,2,1,0,0,0,0,0,0,0.16598173515981735
4871,ãeírçGéu,4,39,3,3,8,0.1835897435897436,0,1,2,0,0,0,0,0,0,0,0.16598173515981735
4871,ãeírçGéu,5,36,1,2,8,0.15722222222222224,0,0,0,1,0,0,0,0,0,0,0.16598173515981735
4871,ãeírçGéu,6,32,0,0,6,0.1534375,0,0,0,0,0,0,0,0,0,0,0.16598173515981735
4872,éRâ∫ó¨êS,1,20,3,4,4,0.1525,3,0,0,0,0,0,5,9,3,0,0.1695031055900621
4872,éRâ∫ó¨êS,2,28,4,6,4,0.1542857142857143,0,3,1,0,0,0,0,0,0,16,0.1695031055900621
4872,éRâ∫ó¨êS,3,31,3,7,2,0.16580645161290322,0,0,2,0,1,0,0,0,0,0,0.1695031055900621
4872,éRâ∫ó¨êS,4,29,2,2,9,0.17310344827586208,0,0,2,0,0,0,0,0,0,0,0.1695031055900621
4872,éRâ∫ó¨êS,5,30,0,1,4,0.16966666666666666,0,0,0,0,0,0,0,0,0,0,0.1695031055900621
4872,éRâ∫ó¨êS,6,23,0,0,2,0.20304347826086958,0,0,0,0,0,0,0,0,0,0,0.1695031055900621
4873,äóå¥åíëæ,1,28,14,3,5,0.20857142857142857,13,0,0,0,1,0,2,7,4,0,0.2125870646766169
4873,äóå¥åíëæ,2,34,4,7,7,0.19147058823529411,0,2,1,0,1,0,0,0,0,17,0.2125870646766169
4873,äóå¥åíëæ,3,44,4,14,12,0.20204545454545456,0,2,2,0,0,0,0,0,0,0,0.2125870646766169
4873,äóå¥åíëæ,4,33,3,7,11,0.19999999999999998,1,1,0,0,1,0,0,0,0,0,0.2125870646766169
4873,äóå¥åíëæ,5,32,1,5,6,0.255,0,0,0,0,1,0,0,0,0,0,0.2125870646766169
4873,äóå¥åíëæ,6,30,1,1,6,0.22433333333333336,0,1,0,0,0,0,0,0,0,0,0.2125870646766169
4874,írìcìﬁí√î¸,1,26,4,8,4,0.14923076923076922,4,0,0,0,0,0,6,9,5,0,0.14765060240963856
4874,írìcìﬁí√î¸,2,34,3,6,7,0.16029411764705884,0,3,0,0,0,0,0,0,0,21,0.14765060240963856
4874,írìcìﬁí√î¸,3,31,3,6,7,0.12548387096774194,0,1,2,0,0,0,0,0,0,0,0.14765060240963856
4874,írìcìﬁí√î¸,4,29,2,4,2,0.15379310344827585,0,1,1,0,0,0,0,0,0,0,0.14765060240963856
4874,írìcìﬁí√î¸,5,23,0,5,3,0.1552173913043478,0,0,0,0,0,0,0,0,0,0,0.14765060240963856
4874,írìcìﬁí√î¸,6,23,2,3,5,0.1417391304347826,1,0,0,0,1,0,0,0,0,0,0.14765060240963856
4875,ëÂíÀçNâÎ,1,31,13,6,4,0.14580645161290323,12,0,0,0,1,0,9,6,2,0,0.16425837320574163
4875,ëÂíÀçNâÎ,2,38,5,9,10,0.16763157894736844,1,4,0,0,0,0,0,0,0,17,0.16425837320574163
4875,ëÂíÀçNâÎ,3,40,4,6,9,0.16125,0,1,3,0,0,0,0,0,0,0,0.16425837320574163
4875,ëÂíÀçNâÎ,4,37,3,6,11,0.1637837837837838,0,2,0,1,0,0,0,0,0,0,0.16425837320574163
4875,ëÂíÀçNâÎ,5,36,0,2,5,0.16694444444444445,0,0,0,0,0,0,0,0,0,0,0.16425837320574163
4875,ëÂíÀçNâÎ,6,27,0,0,3,0.18222222222222223,0,0,0,0,0,0,0,0,0,0,0.16425837320574163
4876,î~ñÿåhëæ,1,34,22,2,2,0.16,21,0,0,0,1,0,3,1,6,0,0.17565022421524665
4876,î~ñÿåhëæ,2,39,4,10,4,0.18717948717948718,0,4,0,0,0,0,0,0,0,20,0.17565022421524665
4876,î~ñÿåhëæ,3,38,1,13,6,0.16526315789473686,0,0,0,1,0,0,0,0,0,0,0.17565022421524665
4876,î~ñÿåhëæ,4,44,3,9,5,0.18363636363636363,0,0,3,0,0,0,0,0,0,0,0.17565022421524665
4876,î~ñÿåhëæ,5,38,3,5,4,0.185,0,0,0,3,0,0,0,0,0,0,0.17565022421524665
4876,î~ñÿåhëæ,6,30,0,0,2,0.168,0,0,0,0,0,0,0,0,0,0,0.17565022421524665
4877,óÈíJàÍïΩ,1,35,17,6,3,0.16371428571428573,17,0,0,0,0,0,6,5,5,0,0.15285
4877,óÈíJàÍïΩ,2,31,8,7,5,0.1396774193548387,1,3,2,0,2,0,0,0,0,20,0.15285
4877,óÈíJàÍïΩ,3,34,8,10,2,0.13441176470588237,0,1,3,2,1,1,0,0,0,0,0.15285
4877,óÈíJàÍïΩ,4,31,9,4,8,0.15516129032258064,0,0,6,3,0,0,0,0,0,0,0.15285
4877,óÈíJàÍïΩ,5,36,5,6,6,0.15361111111111111,0,0,1,3,1,0,0,0,0,0,0.15285
4877,óÈíJàÍïΩ,6,33,3,3,5,0.1696969696969697,0,0,1,2,0,0,0,0,0,0,0.15285
4878,êºâ™àÁñ¢,1,23,10,3,3,0.14217391304347826,10,0,0,0,0,0,4,4,0,0,0.1618238993710692
4878,êºâ™àÁñ¢,2,30,1,4,6,0.16666666666666666,0,0,1,0,0,0,0,0,0,12,0.1618238993710692
4878,êºâ™àÁñ¢,3,30,3,4,8,0.15333333333333332,0,1,1,1,0,0,0,0,0,0,0.1618238993710692
4878,êºâ™àÁñ¢,4,26,1,3,6,0.19153846153846155,0,0,0,1,0,0,0,0,0,0,0.1618238993710692
4878,êºâ™àÁñ¢,5,25,0,1,1,0.16,0,0,0,0,0,0,0,0,0,0,0.1618238993710692
4878,êºâ™àÁñ¢,6,25,0,0,6,0.1552,0,0,0,0,0,0,0,0,0,0,0.1618238993710692
4879,éRçËìSïΩ,1,30,12,7,3,0.16666666666666666,12,0,0,0,0,0,3,10,4,0,0.15714975845410628
4879,éRçËìSïΩ,2,36,6,11,3,0.15638888888888888,0,5,1,0,0,0,0,0,0,19,0.15714975845410628
4879,éRçËìSïΩ,3,35,3,6,11,0.16914285714285715,0,0,3,0,0,0,0,0,0,0,0.15714975845410628
4879,éRçËìSïΩ,4,26,3,4,8,0.13192307692307692,0,0,0,2,1,0,0,0,0,0,0.15714975845410628
4879,éRçËìSïΩ,5,40,5,3,6,0.143,0,0,0,4,1,0,0,0,0,0,0.15714975845410628
4879,éRçËìSïΩ,6,40,2,1,9,0.17075,0,0,0,1,1,0,0,0,0,0,0.15714975845410628
4880,‡VçËóYç∆,1,30,13,7,4,0.16166666666666668,13,0,0,0,0,0,3,5,7,0,0.16243902439024388
4880,‡VçËóYç∆,2,35,3,9,9,0.18657142857142858,0,1,2,0,0,0,0,0,0,22,0.16243902439024388
4880,‡VçËóYç∆,3,38,4,9,11,0.15447368421052632,0,0,1,3,0,0,0,0,0,0,0.16243902439024388
4880,‡VçËóYç∆,4,36,1,7,8,0.15833333333333333,0,1,0,0,0,0,0,0,0,0,0.16243902439024388
4880,‡VçËóYç∆,5,36,2,4,8,0.16055555555555556,0,0,1,0,1,0,0,0,0,0,0.16243902439024388
4880,‡VçËóYç∆,6,30,0,3,2,0.15233333333333335,0,0,0,0,0,0,0,0,0,0,0.16243902439024388
4881,íhè´ëæ,1,10,2,1,2,0.162,2,0,0,0,0,0,3,3,1,0,0.181875
4881,íhè´ëæ,2,23,0,3,2,0.1773913043478261,0,0,0,0,0,0,0,0,0,18,0.181875
4881,íhè´ëæ,3,21,0,5,1,0.17476190476190476,0,0,0,0,0,0,0,0,0,0,0.181875
4881,íhè´ëæ,4,21,1,2,4,0.20380952380952383,0,1,0,0,0,0,0,0,0,0,0.181875
4881,íhè´ëæ,5,19,1,2,1,0.17421052631578948,0,0,0,0,1,0,0,0,0,0,0.181875
4881,íhè´ëæ,6,18,0,0,2,0.18944444444444444,0,0,0,0,0,0,0,0,0,0,0.181875
4882,ëÎêÏêÁàÀ,1,13,4,1,2,0.25923076923076926,4,0,0,0,0,0,1,4,3,0,0.2302608695652174
4882,ëÎêÏêÁàÀ,2,23,0,5,5,0.24434782608695652,0,0,0,0,0,0,0,0,0,12,0.2302608695652174
4882,ëÎêÏêÁàÀ,3,22,2,1,5,0.22636363636363638,0,0,0,1,0,1,0,0,0,0,0.2302608695652174
4882,ëÎêÏêÁàÀ,4,22,1,3,3,0.21500000000000002,0,0,0,0,1,0,0,0,0,0,0.2302608695652174
4882,ëÎêÏêÁàÀ,5,17,0,2,3,0.20941176470588235,0,0,0,0,0,0,0,0,0,0,0.2302608695652174
4882,ëÎêÏêÁàÀ,6,18,0,0,4,0.23444444444444443,0,0,0,0,0,0,0,0,0,0,0.2302608695652174
4883,â™ïîëÂãP,1,30,18,1,3,0.112,18,0,0,0,0,0,1,10,0,0,0.14411764705882352
4883,â™ïîëÂãP,2,30,4,8,9,0.1686666666666667,0,1,2,0,1,0,0,0,0,11,0.14411764705882352
4883,â™ïîëÂãP,3,31,3,11,5,0.12032258064516128,0,0,2,1,0,0,0,0,0,0,0.14411764705882352
4883,â™ïîëÂãP,4,33,2,10,10,0.14909090909090908,0,2,0,0,0,0,0,0,0,0,0.14411764705882352
4883,â™ïîëÂãP,5,29,4,8,8,0.14206896551724138,0,0,0,3,1,0,0,0,0,0,0.14411764705882352
4883,â™ïîëÂãP,6,34,2,3,6,0.16941176470588235,0,0,0,1,1,0,0,0,0,0,0.14411764705882352
4884,èüâYê^îø,1,46,31,9,3,0.15021739130434783,30,0,0,0,0,1,1,5,8,0,0.13348
4884,èüâYê^îø,2,44,9,15,9,0.12295454545454546,0,5,4,0,0,0,0,0,0,24,0.13348
4884,èüâYê^îø,3,41,11,6,8,0.12243902439024391,0,3,3,3,2,0,0,0,0,0,0.13348
4884,èüâYê^îø,4,36,9,5,7,0.1313888888888889,0,2,6,1,0,0,0,0,0,0,0.13348
4884,èüâYê^îø,5,49,1,11,5,0.12693877551020408,0,0,0,1,0,0,0,0,0,0,0.13348
4884,èüâYê^îø,6,34,3,3,5,0.14941176470588236,0,0,0,3,0,0,0,0,0,0,0.13348
4886,ì¸äCä],1,46,36,4,2,0.15717391304347827,35,0,0,0,1,0,1,3,5,0,0.16057142857142856
4886,ì¸äCä],2,35,7,11,5,0.1605714285714286,0,5,1,1,0,0,0,0,0,21,0.16057142857142856
4886,ì¸äCä],3,33,9,10,7,0.1575757575757576,0,0,2,6,1,0,0,0,0,0,0.16057142857142856
4886,ì¸äCä],4,37,7,18,5,0.15297297297297296,0,0,6,1,0,0,0,0,0,0,0.16057142857142856
4886,ì¸äCä],5,30,1,5,9,0.17033333333333334,0,0,0,1,0,0,0,0,0,0,0.16057142857142856
4886,ì¸äCä],6,29,0,3,6,0.16896551724137931,0,0,0,0,0,0,0,0,0,0,0.16057142857142856
4887,ïx‡VóSçÏ,1,39,27,2,4,0.12333333333333335,26,0,0,0,1,0,3,5,4,0,0.12982758620689655
4887,ïx‡VóSçÏ,2,40,10,10,8,0.14725,0,5,2,0,3,0,0,0,0,17,0.12982758620689655
4887,ïx‡VóSçÏ,3,34,9,8,9,0.12764705882352942,0,1,3,4,1,0,0,0,0,0,0.12982758620689655
4887,ïx‡VóSçÏ,4,37,6,6,8,0.11432432432432434,0,0,5,0,1,0,0,0,0,0,0.12982758620689655
4887,ïx‡VóSçÏ,5,35,6,3,5,0.10742857142857143,0,0,4,2,0,0,0,0,0,0,0.12982758620689655
4887,ïx‡VóSçÏ,6,47,0,3,6,0.15085106382978722,0,0,0,0,0,0,0,0,0,0,0.12982758620689655
4888,ã‡éôó≤ëæ,1,42,28,5,1,0.1573809523809524,26,0,0,0,2,0,5,1,7,0,0.1660323886639676
4888,ã‡éôó≤ëæ,2,44,15,8,5,0.17227272727272727,4,7,4,0,0,0,0,0,0,13,0.1660323886639676
4888,ã‡éôó≤ëæ,3,42,5,11,2,0.16999999999999998,2,2,0,0,1,0,0,0,0,0,0.1660323886639676
4888,ã‡éôó≤ëæ,4,40,8,6,8,0.16075,0,5,0,2,1,0,0,0,0,0,0.1660323886639676
4888,ã‡éôó≤ëæ,5,43,3,8,12,0.17395348837209304,0,0,0,3,0,0,0,0,0,0,0.1660323886639676
4888,ã‡éôó≤ëæ,6,36,2,1,8,0.1602777777777778,1,0,0,1,0,0,0,0,0,0,0.1660323886639676
4889,å„ì°ê∑ñÁ,1,34,23,3,5,0.12470588235294118,22,0,0,0,1,0,2,5,2,0,0.13
4889,å„ì°ê∑ñÁ,2,30,8,5,2,0.14,0,3,4,1,0,0,0,0,0,16,0.13
4889,å„ì°ê∑ñÁ,3,33,3,7,5,0.1484848484848485,0,0,0,3,0,0,0,0,0,0,0.13
4889,å„ì°ê∑ñÁ,4,32,2,7,6,0.09531250000000001,0,0,1,1,0,0,0,0,0,0,0.13
4889,å„ì°ê∑ñÁ,5,33,5,9,4,0.12272727272727273,0,0,0,5,0,0,0,0,0,0,0.13
4889,å„ì°ê∑ñÁ,6,36,1,3,2,0.14722222222222223,0,0,0,1,0,0,0,0,0,0,0.13
4890,êŒêÏó»,1,34,23,3,3,0.14088235294117646,22,0,0,0,1,0,2,2,3,0,0.14236453201970445
4890,êŒêÏó»,2,35,4,9,8,0.15400000000000003,0,2,2,0,0,0,0,0,0,17,0.14236453201970445
4890,êŒêÏó»,3,36,5,8,5,0.14388888888888887,0,1,1,1,2,0,0,0,0,0,0.14236453201970445
4890,êŒêÏó»,4,37,2,8,6,0.14513513513513515,0,1,1,0,0,0,0,0,0,0,0.14236453201970445
4890,êŒêÏó»,5,30,0,6,4,0.1436666666666667,0,0,0,0,0,0,0,0,0,0,0.14236453201970445
4890,êŒêÏó»,6,31,0,1,5,0.12451612903225806,0,0,0,0,0,0,0,0,0,0,0.14236453201970445
4891,éõìáî¸ó¢,1,40,18,8,6,0.15475,16,0,0,0,2,0,10,5,5,0,0.16141025641025641
4891,éõìáî¸ó¢,2,41,4,11,10,0.16073170731707317,0,1,3,0,0,0,0,0,0,13,0.16141025641025641
4891,éõìáî¸ó¢,3,41,9,7,9,0.13756097560975608,0,0,6,1,2,0,0,0,0,0,0.16141025641025641
4891,éõìáî¸ó¢,4,40,7,3,11,0.17775,0,0,4,2,1,0,0,0,0,0,0.16141025641025641
4891,éõìáî¸ó¢,5,41,1,4,8,0.16902439024390242,0,0,0,1,0,0,0,0,0,0,0.16141025641025641
4891,éõìáî¸ó¢,6,31,2,2,7,0.17129032258064517,0,0,1,1,0,0,0,0,0,0,0.16141025641025641
4892,éƒìcíºç∆,1,27,16,4,1,0.1611111111111111,16,0,0,0,0,0,1,3,5,0,0.1824
4892,éƒìcíºç∆,2,44,6,13,8,0.17295454545454547,0,4,0,0,2,0,0,0,0,30,0.1824
4892,éƒìcíºç∆,3,40,9,9,6,0.16525,0,1,4,2,2,0,0,0,0,0,0.1824
4892,éƒìcíºç∆,4,44,2,10,8,0.18727272727272729,0,0,1,1,0,0,0,0,0,0,0.1824
4892,éƒìcíºç∆,5,38,0,1,9,0.19605263157894737,0,0,0,0,0,0,0,0,0,0,0.1824
4892,éƒìcíºç∆,6,32,1,1,7,0.211875,0,0,0,0,1,0,0,0,0,0,0.1824
4893,ìnÁ≥ê^ìﬁî¸,1,28,11,8,1,0.1542857142857143,11,0,0,0,0,0,6,6,3,0,0.15207650273224044
4893,ìnÁ≥ê^ìﬁî¸,2,36,5,7,6,0.15805555555555556,0,4,1,0,0,0,0,0,0,15,0.15207650273224044
4893,ìnÁ≥ê^ìﬁî¸,3,37,5,9,6,0.13891891891891892,0,0,3,1,1,0,0,0,0,0,0.15207650273224044
4893,ìnÁ≥ê^ìﬁî¸,4,27,3,0,5,0.16814814814814816,0,0,3,0,0,0,0,0,0,0,0.15207650273224044
4893,ìnÁ≥ê^ìﬁî¸,5,28,0,5,8,0.14392857142857143,0,0,0,0,0,0,0,0,0,0,0.15207650273224044
4893,ìnÁ≥ê^ìﬁî¸,6,27,0,1,7,0.15222222222222223,0,0,0,0,0,0,0,0,0,0,0.15207650273224044
4894,å¥ë∫ëÒñÁ,1,33,14,7,4,0.15393939393939393,14,0,0,0,0,0,5,7,6,0,0.1597520661157025
4894,å¥ë∫ëÒñÁ,2,46,4,10,7,0.16065217391304348,0,3,0,0,0,1,0,0,0,23,0.1597520661157025
4894,å¥ë∫ëÒñÁ,3,44,4,12,8,0.1490909090909091,0,1,1,2,0,0,0,0,0,0,0.1597520661157025
4894,å¥ë∫ëÒñÁ,4,41,6,2,13,0.14609756097560977,0,0,4,2,0,0,0,0,0,0,0.1597520661157025
4894,å¥ë∫ëÒñÁ,5,40,3,6,8,0.16175,0,1,2,0,0,0,0,0,0,0,0.1597520661157025
4894,å¥ë∫ëÒñÁ,6,38,0,3,6,0.1886842105263158,0,0,0,0,0,0,0,0,0,0,0.1597520661157025
4895,ñÂä‘óYëÂ,1,35,19,4,4,0.1482857142857143,16,0,0,0,3,0,2,9,2,0,0.1574137931034483
4895,ñÂä‘óYëÂ,2,38,2,6,10,0.1736842105263158,0,1,1,0,0,0,0,0,0,22,0.1574137931034483
4895,ñÂä‘óYëÂ,3,44,0,6,14,0.14045454545454544,0,0,0,0,0,0,0,0,0,0,0.1574137931034483
4895,ñÂä‘óYëÂ,4,36,2,2,7,0.1663888888888889,0,0,1,0,1,0,0,0,0,0,0.1574137931034483
4895,ñÂä‘óYëÂ,5,42,1,6,8,0.15857142857142859,0,0,0,1,0,0,0,0,0,0,0.1574137931034483
4895,ñÂä‘óYëÂ,6,37,2,2,5,0.15945945945945947,0,1,0,1,0,0,0,0,0,0,0.1574137931034483
4896,â‘ñ{çÑ,1,26,8,6,1,0.16115384615384618,8,0,0,0,0,0,6,6,3,0,0.18797872340425534
4896,â‘ñ{çÑ,2,36,3,4,2,0.19555555555555557,0,2,1,0,0,0,0,0,0,14,0.18797872340425534
4896,â‘ñ{çÑ,3,40,5,7,10,0.17175,0,0,3,0,2,0,0,0,0,0,0.18797872340425534
4896,â‘ñ{çÑ,4,33,1,4,7,0.17363636363636364,0,0,0,1,0,0,0,0,0,0,0.18797872340425534
4896,â‘ñ{çÑ,5,29,1,2,4,0.1917241379310345,0,0,1,0,0,0,0,0,0,0,0.18797872340425534
4896,â‘ñ{çÑ,6,24,0,0,4,0.24791666666666667,0,0,0,0,0,0,0,0,0,0,0.18797872340425534
4897,ê[å©àüóRî¸,1,5,4,1,0,0.13,3,0,0,0,1,0,0,0,0,0,0.16894736842105262
4897,ê[å©àüóRî¸,2,3,1,1,0,0.21,0,1,0,0,0,0,0,0,0,1,0.16894736842105262
4897,ê[å©àüóRî¸,3,4,1,1,1,0.1525,0,0,1,0,0,0,0,0,0,0,0.16894736842105262
4897,ê[å©àüóRî¸,4,4,0,0,2,0.1925,0,0,0,0,0,0,0,0,0,0,0.16894736842105262
4897,ê[å©àüóRî¸,5,2,0,1,1,0.14500000000000002,0,0,0,0,0,0,0,0,0,0,0.16894736842105262
4897,ê[å©àüóRî¸,6,1,0,0,0,0.26,0,0,0,0,0,0,0,0,0,0,0.16894736842105262
4898,ãeínåhâÓ,1,14,7,1,1,0.18214285714285713,7,0,0,0,0,0,5,1,1,0,0.17614814814814816
4898,ãeínåhâÓ,2,20,2,3,4,0.17350000000000002,0,1,1,0,0,0,0,0,0,10,0.17614814814814816
4898,ãeínåhâÓ,3,26,3,1,4,0.15961538461538463,0,0,2,0,1,0,0,0,0,0,0.17614814814814816
4898,ãeínåhâÓ,4,24,3,3,4,0.15708333333333332,0,0,3,0,0,0,0,0,0,0,0.17614814814814816
4898,ãeínåhâÓ,5,23,1,2,5,0.14652173913043479,0,0,0,0,1,0,0,0,0,0,0.17614814814814816
4898,ãeínåhâÓ,6,28,0,0,4,0.23107142857142857,0,0,0,0,0,0,0,0,0,0,0.17614814814814816
4899,êËïîàÍê^,1,27,13,2,4,0.13962962962962963,13,0,0,0,0,0,6,4,4,0,0.18057416267942586
4899,êËïîàÍê^,2,36,4,11,6,0.18638888888888888,0,3,1,0,0,0,0,0,0,20,0.18057416267942586
4899,êËïîàÍê^,3,37,4,4,6,0.15702702702702703,0,1,2,0,1,0,0,0,0,0,0.18057416267942586
4899,êËïîàÍê^,4,39,4,2,1,0.21307692307692308,0,0,1,3,0,0,0,0,0,0,0.18057416267942586
4899,êËïîàÍê^,5,38,2,4,3,0.18026315789473682,0,0,2,0,0,0,0,0,0,0,0.18057416267942586
4899,êËïîàÍê^,6,32,1,1,2,0.1965625,0,0,0,0,1,0,0,0,0,0,0.18057416267942586
4900,íÜìcó[ãM,1,41,27,7,3,0.16365853658536586,26,0,0,0,1,0,1,8,3,0,0.15511811023622046
4900,íÜìcó[ãM,2,48,12,18,4,0.15520833333333334,0,8,4,0,0,0,0,0,0,22,0.15511811023622046
4900,íÜìcó[ãM,3,45,2,13,7,0.15511111111111112,0,0,1,1,0,0,0,0,0,0,0.15511811023622046
4900,íÜìcó[ãM,4,44,4,10,9,0.15818181818181817,0,1,1,2,0,0,0,0,0,0,0.15511811023622046
4900,íÜìcó[ãM,5,42,1,5,11,0.14142857142857143,0,0,1,0,0,0,0,0,0,0,0.15511811023622046
4900,íÜìcó[ãM,6,34,1,1,4,0.15764705882352942,0,0,0,1,0,0,0,0,0,0,0.15511811023622046
4902,éRêÏóYëÂ,1,35,20,4,3,0.16171428571428573,19,0,0,0,1,0,7,3,5,0,0.17204444444444444
4902,éRêÏóYëÂ,2,42,6,6,10,0.18785714285714286,0,1,4,0,1,0,0,0,0,19,0.17204444444444444
4902,éRêÏóYëÂ,3,39,6,8,6,0.16897435897435897,0,0,4,2,0,0,0,0,0,0,0.17204444444444444
4902,éRêÏóYëÂ,4,32,4,5,7,0.14625,0,0,4,0,0,0,0,0,0,0,0.17204444444444444
4902,éRêÏóYëÂ,5,41,6,3,9,0.1782926829268293,0,1,3,1,1,0,0,0,0,0,0.17204444444444444
4902,éRêÏóYëÂ,6,36,2,1,5,0.1827777777777778,0,0,2,0,0,0,0,0,0,0,0.17204444444444444
4903,ãgìcóΩëæòN,1,48,33,7,3,0.13333333333333333,32,0,0,0,1,0,2,9,1,0,0.15980694980694982
4903,ãgìcóΩëæòN,2,49,14,12,6,0.1769387755102041,1,8,2,0,2,1,0,0,0,24,0.15980694980694982
4903,ãgìcóΩëæòN,3,43,11,11,5,0.1758139534883721,0,1,2,8,0,0,0,0,0,0,0.15980694980694982
4903,ãgìcóΩëæòN,4,36,7,8,7,0.16472222222222221,0,1,2,4,0,0,0,0,0,0,0.15980694980694982
4903,ãgìcóΩëæòN,5,41,9,7,7,0.15073170731707317,0,0,1,6,2,0,0,0,0,0,0.15980694980694982
4903,ãgìcóΩëæòN,6,42,2,7,9,0.15833333333333335,0,0,0,2,0,0,0,0,0,0,0.15980694980694982
4904,èºñ{àÍãB,1,37,24,5,1,0.15270270270270273,23,0,0,0,1,0,2,7,3,0,0.16560975609756098
4904,èºñ{àÍãB,2,49,9,15,14,0.1553061224489796,0,6,2,0,1,0,0,0,0,24,0.16560975609756098
4904,èºñ{àÍãB,3,41,7,7,7,0.16829268292682928,0,0,3,2,2,0,0,0,0,0,0.16560975609756098
4904,èºñ{àÍãB,4,36,2,10,8,0.15583333333333335,0,1,1,0,0,0,0,0,0,0,0.16560975609756098
4904,èºñ{àÍãB,5,51,1,8,8,0.1627450980392157,0,0,0,1,0,0,0,0,0,0,0.16560975609756098
4904,èºñ{àÍãB,6,32,0,4,7,0.2084375,0,0,0,0,0,0,0,0,0,0,0.16560975609756098
4905,ìyà‰èÀåﬁ,1,32,16,7,4,0.15375,16,0,0,0,0,0,2,5,4,0,0.17630081300813008
4905,ìyà‰èÀåﬁ,2,46,6,9,7,0.14369565217391306,0,6,0,0,0,0,0,0,0,30,0.17630081300813008
4905,ìyà‰èÀåﬁ,3,45,2,13,11,0.16377777777777777,0,1,0,0,1,0,0,0,0,0,0.17630081300813008
4905,ìyà‰èÀåﬁ,4,43,1,8,6,0.18790697674418605,0,0,1,0,0,0,0,0,0,0,0.17630081300813008
4905,ìyà‰èÀåﬁ,5,44,0,1,8,0.20113636363636364,0,0,0,0,0,0,0,0,0,0,0.17630081300813008
4905,ìyà‰èÀåﬁ,6,36,0,3,5,0.20944444444444443,0,0,0,0,0,0,0,0,0,0,0.17630081300813008
4906,óÈñÿâÎäÛ,1,37,17,7,6,0.1672972972972973,17,0,0,0,0,0,4,3,7,0,0.15364055299539173
4906,óÈñÿâÎäÛ,2,35,7,11,7,0.1482857142857143,0,2,4,1,0,0,0,0,0,22,0.15364055299539173
4906,óÈñÿâÎäÛ,3,37,6,6,11,0.13675675675675678,0,0,2,4,0,0,0,0,0,0,0.15364055299539173
4906,óÈñÿâÎäÛ,4,34,2,6,10,0.1288235294117647,0,0,1,0,1,0,0,0,0,0,0.15364055299539173
4906,óÈñÿâÎäÛ,5,39,4,7,4,0.16179487179487181,0,0,1,3,0,0,0,0,0,0,0.15364055299539173
4906,óÈñÿâÎäÛ,6,35,0,4,3,0.17742857142857144,0,0,0,0,0,0,0,0,0,0,0.15364055299539173
4907,è¨írèCïΩ,1,41,30,2,6,0.12951219512195122,28,0,0,0,2,0,2,4,1,0,0.14043269230769231
4907,è¨írèCïΩ,2,34,10,10,7,0.13411764705882354,0,3,6,0,1,0,0,0,0,18,0.14043269230769231
4907,è¨írèCïΩ,3,29,5,11,4,0.16344827586206898,0,1,1,3,0,0,0,0,0,0,0.14043269230769231
4907,è¨írèCïΩ,4,37,14,8,6,0.1272972972972973,0,4,6,3,0,1,0,0,0,0,0.14043269230769231
4907,è¨írèCïΩ,5,32,4,8,5,0.1571875,0,0,2,1,1,0,0,0,0,0,0.14043269230769231
4907,è¨írèCïΩ,6,35,7,10,6,0.13885714285714287,0,0,3,3,1,0,0,0,0,0,0.14043269230769231
4908,è„ìcó¥êØ,1,45,34,4,1,0.11977777777777777,30,0,0,0,4,0,0,5,5,0,0.13324873096446702
4908,è„ìcó¥êØ,2,29,8,8,2,0.1206896551724138,0,7,0,0,1,0,0,0,0,15,0.13324873096446702
4908,è„ìcó¥êØ,3,29,11,3,6,0.1382758620689655,1,1,3,6,0,0,0,0,0,0,0.13324873096446702
4908,è„ìcó¥êØ,4,33,5,5,9,0.13454545454545455,0,2,0,3,0,0,0,0,0,0,0.13324873096446702
4908,è„ìcó¥êØ,5,28,7,6,4,0.1435714285714286,0,0,0,6,1,0,0,0,0,0,0.13324873096446702
4908,è„ìcó¥êØ,6,33,4,3,7,0.14818181818181816,0,2,1,1,0,0,0,0,0,0,0.13324873096446702
4909,ñ˜ì‡êêäÛ,1,34,15,9,5,0.14323529411764707,14,0,0,0,1,0,5,8,2,0,0.15615
4909,ñ˜ì‡êêäÛ,2,37,3,12,3,0.15567567567567567,0,2,1,0,0,0,0,0,0,17,0.15615
4909,ñ˜ì‡êêäÛ,3,34,4,7,10,0.16294117647058823,0,1,1,1,1,0,0,0,0,0,0.15615
4909,ñ˜ì‡êêäÛ,4,32,2,1,3,0.1590625,1,0,0,1,0,0,0,0,0,0,0.15615
4909,ñ˜ì‡êêäÛ,5,35,1,5,7,0.1482857142857143,0,0,1,0,0,0,0,0,0,0,0.15615
4909,ñ˜ì‡êêäÛ,6,28,1,2,7,0.17071428571428574,0,0,0,0,1,0,0,0,0,0,0.15615
4910,íÜë∫ë◊ïΩ,1,42,29,5,4,0.14642857142857144,27,0,0,0,2,0,1,4,6,0,0.1676851851851852
4910,íÜë∫ë◊ïΩ,2,35,9,10,6,0.16457142857142856,1,4,4,0,0,0,0,0,0,19,0.1676851851851852
4910,íÜë∫ë◊ïΩ,3,34,2,13,8,0.16088235294117648,0,0,0,1,1,0,0,0,0,0,0.1676851851851852
4910,íÜë∫ë◊ïΩ,4,35,5,9,7,0.16885714285714287,0,2,0,3,0,0,0,0,0,0,0.1676851851851852
4910,íÜë∫ë◊ïΩ,5,28,0,9,6,0.17964285714285716,0,0,0,0,0,0,0,0,0,0,0.1676851851851852
4910,íÜë∫ë◊ïΩ,6,42,2,6,11,0.1880952380952381,0,0,0,1,1,0,0,0,0,0,0.1676851851851852
4911,ï–â™ëÂín,1,24,8,5,2,0.14208333333333334,8,0,0,0,0,0,5,5,5,0,0.14482412060301508
4911,ï–â™ëÂín,2,33,3,6,7,0.14969696969696972,0,2,0,0,1,0,0,0,0,16,0.14482412060301508
4911,ï–â™ëÂín,3,40,3,5,7,0.13075,0,0,0,3,0,0,0,0,0,0,0.14482412060301508
4911,ï–â™ëÂín,4,39,2,4,11,0.14615384615384616,0,1,0,1,0,0,0,0,0,0,0.14482412060301508
4911,ï–â™ëÂín,5,36,0,5,8,0.13583333333333336,0,0,0,0,0,0,0,0,0,0,0.14482412060301508
4911,ï–â™ëÂín,6,27,1,1,1,0.17222222222222225,0,0,0,1,0,0,0,0,0,0,0.14482412060301508
4912,íÜéRè´ëæ,1,17,7,5,3,0.1535294117647059,7,0,0,0,0,0,4,3,1,0,0.16341880341880344
4912,íÜéRè´ëæ,2,23,1,7,5,0.14652173913043479,0,0,1,0,0,0,0,0,0,14,0.16341880341880344
4912,íÜéRè´ëæ,3,21,3,3,5,0.18333333333333335,0,0,2,0,1,0,0,0,0,0,0.16341880341880344
4912,íÜéRè´ëæ,4,19,1,1,6,0.17157894736842105,0,0,0,1,0,0,0,0,0,0,0.16341880341880344
4912,íÜéRè´ëæ,5,18,2,2,0,0.14,0,0,0,2,0,0,0,0,0,0,0.16341880341880344
4912,íÜéRè´ëæ,6,19,1,2,4,0.18473684210526314,0,0,0,1,0,0,0,0,0,0,0.16341880341880344
4914,ãgìcóTïΩ,1,62,55,4,1,0.1185483870967742,51,0,0,0,3,1,2,4,1,0,0.1359683794466403
4914,ãgìcóTïΩ,2,37,11,6,10,0.14891891891891892,0,8,1,0,2,0,0,0,0,16,0.1359683794466403
4914,ãgìcóTïΩ,3,39,11,10,12,0.13743589743589743,0,1,2,7,1,0,0,0,0,0,0.1359683794466403
4914,ãgìcóTïΩ,4,40,8,7,14,0.139,0,2,3,2,1,0,0,0,0,0,0.1359683794466403
4914,ãgìcóTïΩ,5,39,4,11,9,0.14769230769230768,0,0,0,2,2,0,0,0,0,0,0.1359683794466403
4914,ãgìcóTïΩ,6,36,3,8,7,0.135,0,1,0,2,0,0,0,0,0,0,0.1359683794466403
4917,ä‚ã¥óTîn,1,29,12,2,5,0.18,12,0,0,0,0,0,2,6,7,0,0.16911016949152544
4917,ä‚ã¥óTîn,2,48,1,11,13,0.1825,0,0,0,0,1,0,0,0,0,28,0.16911016949152544
4917,ä‚ã¥óTîn,3,39,3,3,8,0.1635897435897436,0,0,0,2,0,1,0,0,0,0,0.16911016949152544
4917,ä‚ã¥óTîn,4,45,1,4,7,0.16599999999999998,0,0,0,0,1,0,0,0,0,0,0.16911016949152544
4917,ä‚ã¥óTîn,5,44,0,2,9,0.14886363636363636,0,0,0,0,0,0,0,0,0,0,0.16911016949152544
4917,ä‚ã¥óTîn,6,31,0,1,3,0.17838709677419357,0,0,0,0,0,0,0,0,0,0,0.16911016949152544
4918,êÏìáëÒòY,1,29,10,3,7,0.17517241379310344,9,0,0,0,1,0,6,8,4,0,0.16201005025125628
4918,êÏìáëÒòY,2,35,2,5,6,0.14685714285714288,0,1,1,0,0,0,0,0,0,20,0.16201005025125628
4918,êÏìáëÒòY,3,36,3,5,13,0.13055555555555556,0,0,0,1,1,1,0,0,0,0,0.16201005025125628
4918,êÏìáëÒòY,4,33,4,2,6,0.17212121212121212,0,4,0,0,0,0,0,0,0,0,0.16201005025125628
4918,êÏìáëÒòY,5,37,1,3,3,0.16270270270270268,0,0,0,1,0,0,0,0,0,0,0.16201005025125628
4918,êÏìáëÒòY,6,29,0,2,5,0.19379310344827586,0,0,0,0,0,0,0,0,0,0,0.16201005025125628
4919,ãgìc„ƒåÂ,1,34,18,8,5,0.1188235294117647,17,0,0,0,1,0,5,4,3,0,0.14053097345132745
4919,ãgìc„ƒåÂ,2,39,4,10,9,0.14435897435897435,0,3,0,0,0,1,0,0,0,22,0.14053097345132745
4919,ãgìc„ƒåÂ,3,41,2,11,8,0.13902439024390245,0,0,0,2,0,0,0,0,0,0,0.14053097345132745
4919,ãgìc„ƒåÂ,4,41,2,8,6,0.1473170731707317,0,2,0,0,0,0,0,0,0,0,0.14053097345132745
4919,ãgìc„ƒåÂ,5,38,2,6,6,0.13421052631578947,0,0,0,2,0,0,0,0,0,0,0.14053097345132745
4919,ãgìc„ƒåÂ,6,33,0,1,5,0.1590909090909091,0,0,0,0,0,0,0,0,0,0,0.14053097345132745
4924,íÜñkó¡,1,21,5,5,4,0.1542857142857143,4,0,0,0,1,0,8,4,1,0,0.16424460431654678
4924,íÜñkó¡,2,27,3,1,8,0.15555555555555556,0,1,1,0,1,0,0,0,0,13,0.16424460431654678
4924,íÜñkó¡,3,24,1,3,2,0.13375,0,0,1,0,0,0,0,0,0,0,0.16424460431654678
4924,íÜñkó¡,4,21,0,3,3,0.15666666666666668,0,0,0,0,0,0,0,0,0,0,0.16424460431654678
4924,íÜñkó¡,5,22,0,4,1,0.1459090909090909,0,0,0,0,0,0,0,0,0,0,0.16424460431654678
4924,íÜñkó¡,6,24,0,0,1,0.2366666666666667,0,0,0,0,0,0,0,0,0,0,0.16424460431654678
4925,êXóIãH,1,29,14,4,3,0.14689655172413793,14,0,0,0,0,0,2,4,7,0,0.1311063829787234
4925,êXóIãH,2,47,5,16,14,0.14723404255319147,0,2,2,0,0,1,0,0,0,28,0.1311063829787234
4925,êXóIãH,3,41,9,9,10,0.12926829268292683,0,0,5,4,0,0,0,0,0,0,0.1311063829787234
4925,êXóIãH,4,41,4,10,6,0.1075609756097561,0,1,2,0,1,0,0,0,0,0,0.1311063829787234
4925,êXóIãH,5,41,2,8,12,0.12902439024390244,0,0,0,1,1,0,0,0,0,0,0.1311063829787234
4925,êXóIãH,6,36,3,6,7,0.12861111111111112,0,0,0,2,1,0,0,0,0,0,0.1311063829787234
4926,ãgêÏãMêm,1,47,31,9,3,0.12914893617021278,29,0,0,0,2,0,4,3,7,0,0.14115577889447237
4926,ãgêÏãMêm,2,32,7,12,5,0.14125000000000001,0,4,3,0,0,0,0,0,0,20,0.14115577889447237
4926,ãgêÏãMêm,3,31,5,10,4,0.14161290322580647,0,1,2,1,1,0,0,0,0,0,0.14115577889447237
4926,ãgêÏãMêm,4,31,10,13,1,0.13806451612903226,0,1,3,4,2,0,0,0,0,0,0.14115577889447237
4926,ãgêÏãMêm,5,27,8,5,5,0.15037037037037038,0,0,4,4,0,0,0,0,0,0,0.14115577889447237
4926,ãgêÏãMêm,6,31,1,5,9,0.15387096774193548,0,0,1,0,0,0,0,0,0,0,0.14115577889447237
4927,ä÷ñÏï∂,1,62,36,12,4,0.16564516129032258,33,0,0,0,3,0,9,9,5,0,0.16172549019607843
4927,ä÷ñÏï∂,2,32,7,8,7,0.15937500000000002,0,4,2,0,0,1,0,0,0,16,0.16172549019607843
4927,ä÷ñÏï∂,3,40,8,9,10,0.16875,0,2,4,1,1,0,0,0,0,0,0.16172549019607843
4927,ä÷ñÏï∂,4,37,5,12,7,0.16513513513513514,0,1,3,0,0,1,0,0,0,0,0.16172549019607843
4927,ä÷ñÏï∂,5,37,2,4,9,0.14054054054054055,0,1,0,1,0,0,0,0,0,0,0.16172549019607843
4927,ä÷ñÏï∂,6,47,0,7,7,0.16617021276595745,0,0,0,0,0,0,0,0,0,0,0.16172549019607843
4928,åIèÈè†,1,33,24,4,3,0.13636363636363635,24,0,0,0,0,0,4,1,1,0,0.1583243243243243
4928,åIèÈè†,2,33,12,6,4,0.17848484848484847,0,9,1,1,1,0,0,0,0,11,0.1583243243243243
4928,åIèÈè†,3,28,8,4,4,0.15607142857142858,0,0,2,5,1,0,0,0,0,0,0.1583243243243243
4928,åIèÈè†,4,30,12,6,4,0.1673333333333333,0,3,1,3,4,1,0,0,0,0,0.1583243243243243
4928,åIèÈè†,5,26,3,6,3,0.1423076923076923,0,0,0,2,1,0,0,0,0,0,0.1583243243243243
4928,åIèÈè†,6,35,2,8,7,0.166,0,0,0,2,0,0,0,0,0,0,0.1583243243243243
4929,î~ì‡ó[ãMìﬁ,1,3,0,1,0,0.15,0,0,0,0,0,0,1,2,0,0,0.18888888888888888
4929,î~ì‡ó[ãMìﬁ,2,4,0,0,0,0.28500000000000003,0,0,0,0,0,0,0,0,0,0,0.18888888888888888
4929,î~ì‡ó[ãMìﬁ,3,3,0,0,0,0.15333333333333332,0,0,0,0,0,0,0,0,0,0,0.18888888888888888
4929,î~ì‡ó[ãMìﬁ,4,4,0,0,2,0.13999999999999999,0,0,0,0,0,0,0,0,0,0,0.18888888888888888
4929,î~ì‡ó[ãMìﬁ,5,2,0,0,1,0.19,0,0,0,0,0,0,0,0,0,0,0.18888888888888888
4929,î~ì‡ó[ãMìﬁ,6,2,0,0,1,0.20500000000000002,0,0,0,0,0,0,0,0,0,0,0.18888888888888888
4930,ç≤ì°óI,1,35,27,3,2,0.138,25,0,0,0,2,0,3,3,2,0,0.14536796536796537
4930,ç≤ì°óI,2,43,4,15,9,0.16279069767441862,0,3,1,0,0,0,0,0,0,18,0.14536796536796537
4930,ç≤ì°óI,3,37,5,13,9,0.14162162162162162,0,1,3,1,0,0,0,0,0,0,0.14536796536796537
4930,ç≤ì°óI,4,44,3,9,6,0.13886363636363638,0,0,3,0,0,0,0,0,0,0,0.14536796536796537
4930,ç≤ì°óI,5,36,2,4,10,0.14305555555555557,0,0,2,0,0,0,0,0,0,0,0.14536796536796537
4930,ç≤ì°óI,6,36,6,3,6,0.14583333333333334,0,0,4,0,2,0,0,0,0,0,0.14536796536796537
4931,ñÿíJå´ëæ,1,56,34,13,4,0.14785714285714285,30,0,0,0,4,0,2,9,10,0,0.16356401384083047
4931,ñÿíJå´ëæ,2,47,9,20,9,0.15723404255319148,0,8,1,0,0,0,0,0,0,25,0.16356401384083047
4931,ñÿíJå´ëæ,3,47,8,7,14,0.1572340425531915,0,1,4,3,0,0,0,0,0,0,0.16356401384083047
4931,ñÿíJå´ëæ,4,44,3,5,18,0.15886363636363637,0,1,0,2,0,0,0,0,0,0,0.16356401384083047
4931,ñÿíJå´ëæ,5,45,5,5,10,0.18,0,0,0,5,0,0,0,0,0,0,0.16356401384083047
4931,ñÿíJå´ëæ,6,50,0,6,14,0.1824,0,0,0,0,0,0,0,0,0,0,0.16356401384083047
4932,êVäJçq,1,54,36,9,3,0.12833333333333335,36,0,0,0,0,0,5,5,6,0,0.14089494163424124
4932,êVäJçq,2,44,13,10,4,0.14772727272727273,1,8,0,1,2,1,0,0,0,21,0.14089494163424124
4932,êVäJçq,3,34,11,6,5,0.14029411764705885,0,0,4,6,1,0,0,0,0,0,0.14089494163424124
4932,êVäJçq,4,43,8,8,7,0.14255813953488372,0,1,4,3,0,0,0,0,0,0,0.14089494163424124
4932,êVäJçq,5,38,11,7,10,0.13052631578947368,0,2,2,7,0,0,0,0,0,0,0.14089494163424124
4932,êVäJçq,6,44,2,5,10,0.15727272727272726,0,0,1,0,1,0,0,0,0,0,0.14089494163424124
4933,î¬ã¥ò–â‰,1,33,21,6,1,0.1387878787878788,19,0,0,0,2,0,3,5,2,0,0.15093922651933703
4933,î¬ã¥ò–â‰,2,30,6,3,7,0.14066666666666666,0,4,2,0,0,0,0,0,0,12,0.15093922651933703
4933,î¬ã¥ò–â‰,3,30,4,5,10,0.13166666666666668,0,0,2,2,0,0,0,0,0,0,0.15093922651933703
4933,î¬ã¥ò–â‰,4,35,6,4,8,0.15257142857142858,0,2,2,2,0,0,0,0,0,0,0.15093922651933703
4933,î¬ã¥ò–â‰,5,27,0,3,7,0.16777777777777778,0,0,0,0,0,0,0,0,0,0,0.15093922651933703
4933,î¬ã¥ò–â‰,6,26,2,7,6,0.18076923076923077,0,0,2,0,0,0,0,0,0,0,0.15093922651933703
4934,ç≤ÅXñÿ„ƒìl,1,57,35,10,6,0.13403508771929826,33,0,0,0,2,0,5,5,8,0,0.15455223880597016
4934,ç≤ÅXñÿ„ƒìl,2,49,10,16,12,0.14816326530612245,0,4,4,0,1,1,0,0,0,21,0.15455223880597016
4934,ç≤ÅXñÿ„ƒìl,3,44,6,14,11,0.18454545454545454,0,0,4,2,0,0,0,0,0,0,0.15455223880597016
4934,ç≤ÅXñÿ„ƒìl,4,37,7,12,10,0.15108108108108106,0,3,2,2,0,0,0,0,0,0,0.15455223880597016
4934,ç≤ÅXñÿ„ƒìl,5,41,0,11,11,0.16170731707317074,0,0,0,0,0,0,0,0,0,0,0.15455223880597016
4934,ç≤ÅXñÿ„ƒìl,6,40,1,5,7,0.1545,0,1,0,0,0,0,0,0,0,0,0.15455223880597016
4936,åÀï~çWî¸,1,28,16,4,5,0.16464285714285715,14,0,0,0,2,0,5,3,3,0,0.15954314720812182
4936,åÀï~çWî¸,2,34,5,8,9,0.14529411764705882,0,5,0,0,0,0,0,0,0,24,0.15954314720812182
4936,åÀï~çWî¸,3,39,9,11,6,0.16589743589743589,0,1,6,1,1,0,0,0,0,0,0.15954314720812182
4936,åÀï~çWî¸,4,33,4,4,8,0.13515151515151516,0,0,2,1,1,0,0,0,0,0,0.15954314720812182
4936,åÀï~çWî¸,5,37,1,7,9,0.16405405405405407,0,0,0,0,1,0,0,0,0,0,0.15954314720812182
4936,åÀï~çWî¸,6,26,0,2,4,0.18769230769230769,0,0,0,0,0,0,0,0,0,0,0.15954314720812182
4938,è¨à∞ÇÈÇËâÿ,1,24,15,3,2,0.16541666666666668,13,0,0,0,2,0,2,4,3,0,0.17761363636363636
4938,è¨à∞ÇÈÇËâÿ,2,28,3,6,7,0.17464285714285713,0,1,2,0,0,0,0,0,0,17,0.17761363636363636
4938,è¨à∞ÇÈÇËâÿ,3,33,9,6,6,0.15818181818181817,0,0,7,1,1,0,0,0,0,0,0.17761363636363636
4938,è¨à∞ÇÈÇËâÿ,4,39,0,7,11,0.18076923076923077,0,0,0,0,0,0,0,0,0,0,0.17761363636363636
4938,è¨à∞ÇÈÇËâÿ,5,26,0,3,6,0.1853846153846154,0,0,0,0,0,0,0,0,0,0,0.17761363636363636
4938,è¨à∞ÇÈÇËâÿ,6,26,0,3,5,0.20423076923076924,0,0,0,0,0,0,0,0,0,0,0.17761363636363636
4939,ã{îVå¥ãPãI,1,42,30,7,2,0.13023809523809524,29,0,0,0,1,0,2,1,8,0,0.13558252427184467
4939,ã{îVå¥ãPãI,2,37,10,12,8,0.13783783783783785,1,4,1,1,2,1,0,0,0,21,0.13558252427184467
4939,ã{îVå¥ãPãI,3,28,5,7,2,0.135,0,0,2,1,2,0,0,0,0,0,0.13558252427184467
4939,ã{îVå¥ãPãI,4,28,5,4,7,0.12535714285714286,0,2,2,0,1,0,0,0,0,0,0.13558252427184467
4939,ã{îVå¥ãPãI,5,37,9,8,5,0.1254054054054054,0,0,1,7,1,0,0,0,0,0,0.13558252427184467
4939,ã{îVå¥ãPãI,6,34,1,7,7,0.15970588235294117,0,0,0,1,0,0,0,0,0,0,0.13558252427184467
4940,îíêŒóLî¸,1,14,5,2,2,0.20357142857142857,4,0,0,0,1,0,3,5,1,0,0.19042857142857142
4940,îíêŒóLî¸,2,12,0,0,3,0.19166666666666665,0,0,0,0,0,0,0,0,0,4,0.19042857142857142
4940,îíêŒóLî¸,3,13,0,4,1,0.14923076923076925,0,0,0,0,0,0,0,0,0,0,0.19042857142857142
4940,îíêŒóLî¸,4,9,0,0,2,0.1411111111111111,0,0,0,0,0,0,0,0,0,0,0.19042857142857142
4940,îíêŒóLî¸,5,11,0,0,2,0.1827272727272727,0,0,0,0,0,0,0,0,0,0,0.19042857142857142
4940,îíêŒóLî¸,6,11,0,0,2,0.2690909090909091,0,0,0,0,0,0,0,0,0,0,0.19042857142857142
4941,ë∑çËïSê¢,1,37,13,8,6,0.20783783783783785,11,0,0,0,2,0,8,4,11,0,0.17458762886597937
4941,ë∑çËïSê¢,2,31,2,10,5,0.1706451612903226,0,1,1,0,0,0,0,0,0,15,0.17458762886597937
4941,ë∑çËïSê¢,3,39,4,8,2,0.1605128205128205,0,0,1,2,1,0,0,0,0,0,0.17458762886597937
4941,ë∑çËïSê¢,4,33,1,4,7,0.1715151515151515,0,0,0,1,0,0,0,0,0,0,0.17458762886597937
4941,ë∑çËïSê¢,5,29,2,4,3,0.1686206896551724,0,0,0,0,2,0,0,0,0,0,0.17458762886597937
4941,ë∑çËïSê¢,6,25,0,2,2,0.1632,0,0,0,0,0,0,0,0,0,0,0.17458762886597937
4942,éƒìcï¸ç∆,1,30,12,5,5,0.16266666666666665,12,0,0,0,0,0,5,7,5,0,0.1627777777777778
4942,éƒìcï¸ç∆,2,40,3,7,9,0.178,0,2,1,0,0,0,0,0,0,21,0.1627777777777778
4942,éƒìcï¸ç∆,3,41,3,8,5,0.16658536585365855,0,0,1,1,1,0,0,0,0,0,0.1627777777777778
4942,éƒìcï¸ç∆,4,38,4,4,13,0.1586842105263158,0,1,2,1,0,0,0,0,0,0,0.1627777777777778
4942,éƒìcï¸ç∆,5,36,1,1,13,0.14305555555555557,0,0,1,0,0,0,0,0,0,0,0.1627777777777778
4942,éƒìcï¸ç∆,6,31,1,3,8,0.16612903225806452,0,0,0,1,0,0,0,0,0,0,0.1627777777777778
4943,î™ñÿé°é˜,1,30,18,6,2,0.13866666666666666,17,0,0,0,1,0,3,6,2,0,0.15301136363636364
4943,î™ñÿé°é˜,2,31,3,5,12,0.15225806451612903,0,2,1,0,0,0,0,0,0,15,0.15301136363636364
4943,î™ñÿé°é˜,3,31,2,9,4,0.13870967741935483,0,0,1,1,0,0,0,0,0,0,0.15301136363636364
4943,î™ñÿé°é˜,4,27,3,4,1,0.14962962962962964,0,1,1,1,0,0,0,0,0,0,0.15301136363636364
4943,î™ñÿé°é˜,5,30,3,1,7,0.158,0,0,1,1,1,0,0,0,0,0,0.15301136363636364
4943,î™ñÿé°é˜,6,27,0,4,9,0.18407407407407406,0,0,0,0,0,0,0,0,0,0,0.15301136363636364
4944,ìcë„íBñÁ,1,18,4,4,3,0.1461111111111111,3,0,1,0,0,0,5,7,2,0,0.1628985507246377
4944,ìcë„íBñÁ,2,29,4,4,4,0.17448275862068968,0,3,1,0,0,0,0,0,0,15,0.1628985507246377
4944,ìcë„íBñÁ,3,21,1,5,3,0.13857142857142857,0,0,1,0,0,0,0,0,0,0,0.1628985507246377
4944,ìcë„íBñÁ,4,21,1,2,2,0.16095238095238096,0,0,1,0,0,0,0,0,0,0,0.1628985507246377
4944,ìcë„íBñÁ,5,24,1,1,0,0.17125,0,0,0,1,0,0,0,0,0,0,0.1628985507246377
4944,ìcë„íBñÁ,6,25,0,1,3,0.17559999999999998,0,0,0,0,0,0,0,0,0,0,0.1628985507246377
4945,è„ë∫çGëæ,1,18,7,1,1,0.1927777777777778,6,0,0,0,1,0,2,5,3,0,0.1590566037735849
4945,è„ë∫çGëæ,2,25,2,4,7,0.158,0,2,0,0,0,0,0,0,0,14,0.1590566037735849
4945,è„ë∫çGëæ,3,26,4,7,7,0.1423076923076923,0,0,0,2,2,0,0,0,0,0,0.1590566037735849
4945,è„ë∫çGëæ,4,26,1,2,7,0.1546153846153846,0,0,1,0,0,0,0,0,0,0,0.1590566037735849
4945,è„ë∫çGëæ,5,38,1,6,8,0.15447368421052632,0,0,0,1,0,0,0,0,0,0,0.1590566037735849
4945,è„ë∫çGëæ,6,26,0,2,6,0.16461538461538464,0,0,0,0,0,0,0,0,0,0,0.1590566037735849
4946,ëDâzåíå·,1,14,7,2,1,0.12642857142857142,6,0,0,0,1,0,1,4,1,0,0.15879432624113476
4946,ëDâzåíå·,2,24,1,7,2,0.18041666666666667,0,0,1,0,0,0,0,0,0,14,0.15879432624113476
4946,ëDâzåíå·,3,30,0,5,6,0.18733333333333332,0,0,0,0,0,0,0,0,0,0,0.15879432624113476
4946,ëDâzåíå·,4,30,1,5,3,0.14933333333333335,0,0,1,0,0,0,0,0,0,0,0.15879432624113476
4946,ëDâzåíå·,5,23,0,3,3,0.1382608695652174,0,0,0,0,0,0,0,0,0,0,0.15879432624113476
4946,ëDâzåíå·,6,20,0,2,3,0.15050000000000002,0,0,0,0,0,0,0,0,0,0,0.15879432624113476
4947,ä‘íÎçÿìE,1,31,9,7,6,0.18903225806451615,9,0,0,0,0,0,5,11,4,0,0.18259574468085107
4947,ä‘íÎçÿìE,2,48,6,8,18,0.20791666666666667,0,3,2,0,1,0,0,0,0,21,0.18259574468085107
4947,ä‘íÎçÿìE,3,43,2,7,12,0.18441860465116278,0,0,0,0,2,0,0,0,0,0,0.18259574468085107
4947,ä‘íÎçÿìE,4,42,1,2,12,0.1842857142857143,0,0,1,0,0,0,0,0,0,0,0.18259574468085107
4947,ä‘íÎçÿìE,5,38,1,4,9,0.16605263157894737,0,0,0,1,0,0,0,0,0,0,0.18259574468085107
4947,ä‘íÎçÿìE,6,33,1,2,4,0.15424242424242424,0,0,1,0,0,0,0,0,0,0,0.18259574468085107
4948,ñÿèÍóIâÓ,1,45,20,14,4,0.13844444444444445,19,0,0,0,1,0,12,8,4,0,0.15845238095238096
4948,ñÿèÍóIâÓ,2,37,5,5,7,0.14351351351351352,0,2,3,0,0,0,0,0,0,17,0.15845238095238096
4948,ñÿèÍóIâÓ,3,47,2,15,11,0.15829787234042553,0,1,1,0,0,0,0,0,0,0,0.15845238095238096
4948,ñÿèÍóIâÓ,4,39,2,8,6,0.16538461538461538,0,0,0,1,1,0,0,0,0,0,0.15845238095238096
4948,ñÿèÍóIâÓ,5,40,4,3,12,0.17099999999999999,0,0,1,3,0,0,0,0,0,0,0.15845238095238096
4948,ñÿèÍóIâÓ,6,44,0,3,6,0.1740909090909091,0,0,0,0,0,0,0,0,0,0,0.15845238095238096
4949,â°ìcãMñû,1,50,36,4,4,0.13140000000000002,35,0,0,0,1,0,5,3,3,0,0.1495330739299611
4949,â°ìcãMñû,2,40,5,16,4,0.14950000000000002,1,3,0,0,1,0,0,0,0,19,0.1495330739299611
4949,â°ìcãMñû,3,46,7,15,6,0.1491304347826087,0,3,1,2,1,0,0,0,0,0,0.1495330739299611
4949,â°ìcãMñû,4,40,7,11,8,0.16025,0,2,4,0,1,0,0,0,0,0,0.1495330739299611
4949,â°ìcãMñû,5,37,3,8,8,0.14270270270270272,0,0,1,1,1,0,0,0,0,0,0.1495330739299611
4949,â°ìcãMñû,6,44,0,8,10,0.1665909090909091,0,0,0,0,0,0,0,0,0,0,0.1495330739299611
4950,çÇâ™ó≥ñÁ,1,49,34,5,5,0.14591836734693878,33,0,0,0,1,0,5,5,3,0,0.1609349593495935
4950,çÇâ™ó≥ñÁ,2,37,5,7,2,0.15756756756756757,0,5,0,0,0,0,0,0,0,19,0.1609349593495935
4950,çÇâ™ó≥ñÁ,3,40,5,16,7,0.149,0,1,1,3,0,0,0,0,0,0,0.1609349593495935
4950,çÇâ™ó≥ñÁ,4,44,7,7,11,0.15113636363636365,0,1,4,2,0,0,0,0,0,0,0.1609349593495935
4950,çÇâ™ó≥ñÁ,5,37,2,6,9,0.18216216216216216,0,0,0,2,0,0,0,0,0,0,0.1609349593495935
4950,çÇâ™ó≥ñÁ,6,39,1,2,4,0.18615384615384614,0,0,0,1,0,0,0,0,0,0,0.1609349593495935
4951,êVìcómàÍ,1,18,7,4,3,0.16777777777777778,6,0,0,0,1,0,1,5,4,0,0.13435714285714284
4951,êVìcómàÍ,2,26,3,11,6,0.12153846153846154,0,2,1,0,0,0,0,0,0,15,0.13435714285714284
4951,êVìcómàÍ,3,24,1,9,10,0.13166666666666668,0,1,0,0,0,0,0,0,0,0,0.13435714285714284
4951,êVìcómàÍ,4,27,0,7,10,0.12222222222222223,0,0,0,0,0,0,0,0,0,0,0.13435714285714284
4951,êVìcómàÍ,5,25,1,4,6,0.14,0,0,0,1,0,0,0,0,0,0,0.13435714285714284
4951,êVìcómàÍ,6,20,0,2,2,0.1335,0,0,0,0,0,0,0,0,0,0,0.13435714285714284
4952,ãgïêê^ñÁ,1,17,7,3,2,0.1735294117647059,7,0,0,0,0,0,2,3,2,0,0.1667605633802817
4952,ãgïêê^ñÁ,2,26,3,1,7,0.15192307692307694,0,3,0,0,0,0,0,0,0,14,0.1667605633802817
4952,ãgïêê^ñÁ,3,23,2,2,4,0.16304347826086957,0,0,0,1,1,0,0,0,0,0,0.1667605633802817
4952,ãgïêê^ñÁ,4,29,1,5,4,0.16448275862068965,0,0,1,0,0,0,0,0,0,0,0.1667605633802817
4952,ãgïêê^ñÁ,5,23,1,1,0,0.1482608695652174,0,0,1,0,0,0,0,0,0,0,0.1667605633802817
4952,ãgïêê^ñÁ,6,24,0,1,0,0.2020833333333333,0,0,0,0,0,0,0,0,0,0,0.1667605633802817
4953,îˆè„âÎñÁ,1,55,39,5,3,0.15690909090909091,37,0,0,0,2,0,6,7,3,0,0.15275261324041814
4953,îˆè„âÎñÁ,2,48,12,12,5,0.14708333333333334,0,9,0,0,3,0,0,0,0,18,0.15275261324041814
4953,îˆè„âÎñÁ,3,49,12,13,7,0.16244897959183674,0,3,5,4,0,0,0,0,0,0,0.15275261324041814
4953,îˆè„âÎñÁ,4,49,6,12,11,0.14285714285714285,0,2,1,2,1,0,0,0,0,0,0.15275261324041814
4953,îˆè„âÎñÁ,5,41,6,9,13,0.13585365853658538,0,0,3,2,0,1,0,0,0,0,0.15275261324041814
4953,îˆè„âÎñÁ,6,45,2,7,10,0.16933333333333334,0,0,0,1,1,0,0,0,0,0,0.15275261324041814
4954,ì‡éRèsï„,1,12,3,3,5,0.1525,3,0,0,0,0,0,3,2,2,0,0.14243243243243242
4954,ì‡éRèsï„,2,14,3,4,1,0.14214285714285715,0,3,0,0,0,0,0,0,0,6,0.14243243243243242
4954,ì‡éRèsï„,3,16,1,4,5,0.139375,0,1,0,0,0,0,0,0,0,0,0.14243243243243242
4954,ì‡éRèsï„,4,13,0,3,1,0.13,0,0,0,0,0,0,0,0,0,0,0.14243243243243242
4954,ì‡éRèsï„,5,9,1,0,0,0.14777777777777779,0,0,0,0,1,0,0,0,0,0,0.14243243243243242
4954,ì‡éRèsï„,6,10,0,1,3,0.147,0,0,0,0,0,0,0,0,0,0,0.14243243243243242
4956,Íéì°ëÂè´,1,21,6,5,2,0.1457142857142857,5,0,0,0,1,0,4,6,3,0,0.1733125
4956,Íéì°ëÂè´,2,29,0,6,5,0.17379310344827587,0,0,0,0,0,0,0,0,0,22,0.1733125
4956,Íéì°ëÂè´,3,26,3,4,4,0.16807692307692307,0,1,2,0,0,0,0,0,0,0,0.1733125
4956,Íéì°ëÂè´,4,31,0,7,7,0.17903225806451611,0,0,0,0,0,0,0,0,0,0,0.1733125
4956,Íéì°ëÂè´,5,24,0,3,3,0.17333333333333334,0,0,0,0,0,0,0,0,0,0,0.1733125
4956,Íéì°ëÂè´,6,29,0,2,2,0.19137931034482758,0,0,0,0,0,0,0,0,0,0,0.1733125
4957,í|îVì‡ã…,1,27,15,6,0,0.1462962962962963,15,0,0,0,0,0,1,7,3,0,0.16792079207920793
4957,í|îVì‡ã…,2,29,8,9,4,0.1603448275862069,0,6,0,1,1,0,0,0,0,11,0.16792079207920793
4957,í|îVì‡ã…,3,34,4,10,9,0.15588235294117647,0,1,0,2,1,0,0,0,0,0,0.16792079207920793
4957,í|îVì‡ã…,4,34,2,4,8,0.1776470588235294,0,1,0,1,0,0,0,0,0,0,0.16792079207920793
4957,í|îVì‡ã…,5,43,2,5,8,0.16697674418604652,0,0,0,1,1,0,0,0,0,0,0.16792079207920793
4957,í|îVì‡ã…,6,35,1,1,4,0.19428571428571428,0,0,0,1,0,0,0,0,0,0,0.16792079207920793
4958,çaå˚äCã`ñÁ,1,55,32,11,3,0.14745454545454545,29,0,0,0,3,0,3,8,10,0,0.1447674418604651
4958,çaå˚äCã`ñÁ,2,43,6,12,14,0.16395348837209303,0,4,2,0,0,0,0,0,0,25,0.1447674418604651
4958,çaå˚äCã`ñÁ,3,43,4,11,18,0.14046511627906977,0,1,2,1,0,0,0,0,0,0,0.1447674418604651
4958,çaå˚äCã`ñÁ,4,47,9,9,11,0.13148936170212766,0,3,3,3,0,0,0,0,0,0,0.1447674418604651
4958,çaå˚äCã`ñÁ,5,34,4,6,8,0.1361764705882353,0,0,1,3,0,0,0,0,0,0,0.1447674418604651
4958,çaå˚äCã`ñÁ,6,36,2,3,16,0.14833333333333332,0,1,1,0,0,0,0,0,0,0,0.1447674418604651
4959,à‰è„íâê≠,1,65,50,8,5,0.15153846153846154,50,0,0,0,0,0,5,5,2,0,0.1548473282442748
4959,à‰è„íâê≠,2,45,14,16,5,0.15666666666666668,0,3,6,0,4,1,0,0,0,20,0.1548473282442748
4959,à‰è„íâê≠,3,33,10,8,5,0.16,0,0,6,2,2,0,0,0,0,0,0.1548473282442748
4959,à‰è„íâê≠,4,44,8,10,13,0.14931818181818182,0,3,5,0,0,0,0,0,0,0,0.1548473282442748
4959,à‰è„íâê≠,5,39,8,2,10,0.14743589743589744,0,1,2,4,1,0,0,0,0,0,0.1548473282442748
4959,à‰è„íâê≠,6,36,4,8,10,0.16861111111111113,0,2,1,1,0,0,0,0,0,0,0.1548473282442748
4960,çïñÏå≥äÓ,1,61,39,12,3,0.16377049180327868,38,0,0,0,1,0,5,5,8,0,0.15410071942446044
4960,çïñÏå≥äÓ,2,50,12,16,14,0.1616,0,6,5,0,1,0,0,0,0,23,0.15410071942446044
4960,çïñÏå≥äÓ,3,40,12,9,6,0.1625,0,2,4,6,0,0,0,0,0,0,0.15410071942446044
4960,çïñÏå≥äÓ,4,42,12,7,5,0.13642857142857143,0,3,4,5,0,0,0,0,0,0,0.15410071942446044
4960,çïñÏå≥äÓ,5,43,7,9,11,0.13767441860465116,0,0,1,6,0,0,0,0,0,0,0.15410071942446044
4960,çïñÏå≥äÓ,6,42,1,6,12,0.15761904761904763,0,0,0,1,0,0,0,0,0,0,0.15410071942446044
4961,êºã¥ìﬁñ¢,1,48,37,5,0,0.1366666666666667,34,0,1,0,2,0,3,2,5,0,0.1441125541125541
4961,êºã¥ìﬁñ¢,2,37,12,11,5,0.12945945945945947,0,7,4,1,0,0,0,0,0,19,0.1441125541125541
4961,êºã¥ìﬁñ¢,3,37,8,11,4,0.12054054054054054,0,1,4,1,1,1,0,0,0,0,0.1441125541125541
4961,êºã¥ìﬁñ¢,4,42,6,6,10,0.14952380952380953,0,1,2,3,0,0,0,0,0,0,0.1441125541125541
4961,êºã¥ìﬁñ¢,5,30,2,8,4,0.162,0,0,0,1,1,0,0,0,0,0,0.1441125541125541
4961,êºã¥ìﬁñ¢,6,37,5,6,6,0.17135135135135135,0,0,0,3,2,0,0,0,0,0,0.1441125541125541
4962,î®ó≥ê∂,1,40,23,7,6,0.153,23,0,0,0,0,0,5,5,6,0,0.16131086142322099
4962,î®ó≥ê∂,2,54,9,13,3,0.16092592592592592,2,3,4,0,0,0,0,0,0,26,0.16131086142322099
4962,î®ó≥ê∂,3,41,8,9,11,0.16560975609756098,0,0,3,5,0,0,0,0,0,0,0.16131086142322099
4962,î®ó≥ê∂,4,42,4,6,8,0.1611904761904762,0,0,2,1,1,0,0,0,0,0,0.16131086142322099
4962,î®ó≥ê∂,5,53,2,11,9,0.15037735849056602,0,0,1,1,0,0,0,0,0,0,0.16131086142322099
4962,î®ó≥ê∂,6,37,0,4,12,0.1818918918918919,0,0,0,0,0,0,0,0,0,0,0.16131086142322099
4963,õâêXî¸óS,1,46,31,4,1,0.1391304347826087,29,0,0,0,2,0,2,10,2,0,0.14759090909090908
4963,õâêXî¸óS,2,37,13,8,5,0.14486486486486488,0,13,0,0,0,0,0,0,0,16,0.14759090909090908
4963,õâêXî¸óS,3,34,9,12,5,0.14382352941176468,0,0,8,0,1,0,0,0,0,0,0.14759090909090908
4963,õâêXî¸óS,4,32,5,10,10,0.1403125,0,1,1,1,1,1,0,0,0,0,0.14759090909090908
4963,õâêXî¸óS,5,29,3,10,5,0.14689655172413793,0,0,1,2,0,0,0,0,0,0,0.14759090909090908
4963,õâêXî¸óS,6,42,3,6,9,0.16833333333333333,0,1,0,1,1,0,0,0,0,0,0.14759090909090908
4964,ìyâÆìÏ,1,25,17,2,2,0.1604,15,0,0,0,2,0,1,2,4,0,0.1535294117647059
4964,ìyâÆìÏ,2,17,2,6,3,0.15058823529411766,0,1,1,0,0,0,0,0,0,12,0.1535294117647059
4964,ìyâÆìÏ,3,20,5,5,2,0.14200000000000002,0,0,3,0,1,1,0,0,0,0,0.1535294117647059
4964,ìyâÆìÏ,4,21,3,4,4,0.16428571428571428,0,2,1,0,0,0,0,0,0,0,0.1535294117647059
4964,ìyâÆìÏ,5,19,2,3,0,0.14315789473684212,0,0,1,1,0,0,0,0,0,0,0.1535294117647059
4964,ìyâÆìÏ,6,17,2,3,5,0.15823529411764706,0,0,0,1,1,0,0,0,0,0,0.1535294117647059
4965,ïüâ™êÚêÖ,1,18,5,4,1,0.1627777777777778,5,0,0,0,0,0,5,5,3,0,0.1802836879432624
4965,ïüâ™êÚêÖ,2,26,3,8,3,0.195,0,1,1,0,1,0,0,0,0,19,0.1802836879432624
4965,ïüâ™êÚêÖ,3,23,3,2,6,0.1791304347826087,0,1,2,0,0,0,0,0,0,0,0.1802836879432624
4965,ïüâ™êÚêÖ,4,25,5,2,2,0.16240000000000002,0,0,5,0,0,0,0,0,0,0,0.1802836879432624
4965,ïüâ™êÚêÖ,5,25,0,4,5,0.184,0,0,0,0,0,0,0,0,0,0,0.1802836879432624
4965,ïüâ™êÚêÖ,6,24,0,1,4,0.19333333333333333,0,0,0,0,0,0,0,0,0,0,0.1802836879432624
4966,ìcêÏëÂãM,1,31,17,6,5,0.15193548387096775,16,0,0,0,1,0,1,3,8,0,0.1443258426966292
4966,ìcêÏëÂãM,2,30,3,13,3,0.14533333333333334,0,3,0,0,0,0,0,0,0,21,0.1443258426966292
4966,ìcêÏëÂãM,3,31,6,7,6,0.1664516129032258,0,2,4,0,0,0,0,0,0,0,0.1443258426966292
4966,ìcêÏëÂãM,4,27,1,7,8,0.13296296296296295,0,0,0,0,1,0,0,0,0,0,0.1443258426966292
4966,ìcêÏëÂãM,5,24,1,3,4,0.12333333333333334,0,0,0,1,0,0,0,0,0,0,0.1443258426966292
4966,ìcêÏëÂãM,6,35,0,2,4,0.1402857142857143,0,0,0,0,0,0,0,0,0,0,0.1443258426966292
4967,íÜë∫ä@ê∂,1,44,30,6,3,0.13749999999999998,30,0,0,0,0,0,5,5,4,0,0.138
4967,íÜë∫ä@ê∂,2,45,12,10,8,0.14022222222222222,0,7,2,1,2,0,0,0,0,20,0.138
4967,íÜë∫ä@ê∂,3,43,8,9,11,0.13627906976744186,0,0,3,4,1,0,0,0,0,0,0.138
4967,íÜë∫ä@ê∂,4,37,4,10,5,0.1437837837837838,0,1,2,1,0,0,0,0,0,0,0.138
4967,íÜë∫ä@ê∂,5,43,6,7,11,0.133953488372093,0,0,0,4,2,0,0,0,0,0,0.138
4967,íÜë∫ä@ê∂,6,38,3,6,6,0.1368421052631579,0,0,0,1,2,0,0,0,0,0,0.138
4969,í¨ìcü©äÛ,1,30,16,5,3,0.168,15,0,0,0,1,0,5,5,3,0,0.1686046511627907
4969,í¨ìcü©äÛ,2,39,6,7,10,0.16128205128205128,0,3,3,0,0,0,0,0,0,19,0.1686046511627907
4969,í¨ìcü©äÛ,3,37,0,6,7,0.14783783783783783,0,0,0,0,0,0,0,0,0,0,0.1686046511627907
4969,í¨ìcü©äÛ,4,41,3,3,7,0.1675609756097561,0,0,1,1,1,0,0,0,0,0,0.1686046511627907
4969,í¨ìcü©äÛ,5,35,1,1,8,0.18371428571428572,0,0,0,1,0,0,0,0,0,0,0.1686046511627907
4969,í¨ìcü©äÛ,6,33,0,2,5,0.18636363636363637,0,0,0,0,0,0,0,0,0,0,0.1686046511627907
4970,à‰í¨ë◊,1,6,2,1,1,0.15833333333333333,2,0,0,0,0,0,3,1,0,0,0.1611764705882353
4970,à‰í¨ë◊,2,17,0,1,0,0.16294117647058823,0,0,0,0,0,0,0,0,0,7,0.1611764705882353
4970,à‰í¨ë◊,3,10,0,0,0,0.138,0,0,0,0,0,0,0,0,0,0,0.1611764705882353
4970,à‰í¨ë◊,4,10,0,1,0,0.14,0,0,0,0,0,0,0,0,0,0,0.1611764705882353
4970,à‰í¨ë◊,5,14,0,0,1,0.16142857142857145,0,0,0,0,0,0,0,0,0,0,0.1611764705882353
4970,à‰í¨ë◊,6,11,0,0,0,0.2,0,0,0,0,0,0,0,0,0,0,0.1611764705882353
4973,åIå¥íºñÁ,1,27,16,4,2,0.15666666666666668,16,0,0,0,0,0,2,5,4,0,0.18694444444444444
4973,åIå¥íºñÁ,2,31,4,8,5,0.19064516129032258,0,3,0,0,1,0,0,0,0,14,0.18694444444444444
4973,åIå¥íºñÁ,3,41,3,10,10,0.20170731707317072,0,0,3,0,0,0,0,0,0,0,0.18694444444444444
4973,åIå¥íºñÁ,4,28,3,2,10,0.1757142857142857,0,1,0,2,0,0,0,0,0,0,0.18694444444444444
4973,åIå¥íºñÁ,5,29,0,5,9,0.18724137931034482,0,0,0,0,0,0,0,0,0,0,0.18694444444444444
4973,åIå¥íºñÁ,6,24,0,0,3,0.20375,0,0,0,0,0,0,0,0,0,0,0.18694444444444444
4974,à¿à‰êêãI,1,31,12,3,5,0.19903225806451613,12,0,0,0,0,0,3,13,3,0,0.16834905660377358
4974,à¿à‰êêãI,2,40,5,10,10,0.1815,0,2,2,1,0,0,0,0,0,18,0.16834905660377358
4974,à¿à‰êêãI,3,37,3,5,9,0.16486486486486485,0,1,0,0,1,1,0,0,0,0,0.16834905660377358
4974,à¿à‰êêãI,4,39,7,3,8,0.13564102564102565,0,1,4,2,0,0,0,0,0,0,0.16834905660377358
4974,à¿à‰êêãI,5,34,4,2,8,0.17441176470588235,0,1,3,0,0,0,0,0,0,0,0.16834905660377358
4974,à¿à‰êêãI,6,31,0,5,2,0.15935483870967743,0,0,0,0,0,0,0,0,0,0,0.16834905660377358
4976,ã‡éRóßé˜,1,38,16,8,6,0.1586842105263158,15,0,0,0,1,0,11,6,4,0,0.163584229390681
4976,ã‡éRóßé˜,2,57,12,9,11,0.16719298245614034,0,9,2,0,1,0,0,0,0,23,0.163584229390681
4976,ã‡éRóßé˜,3,49,8,9,10,0.15326530612244899,0,0,3,5,0,0,0,0,0,0,0.163584229390681
4976,ã‡éRóßé˜,4,53,9,6,11,0.1509433962264151,0,1,6,2,0,0,0,0,0,0,0.163584229390681
4976,ã‡éRóßé˜,5,44,4,4,11,0.16431818181818184,0,0,0,4,0,0,0,0,0,0,0.163584229390681
4976,ã‡éRóßé˜,6,38,2,1,4,0.1931578947368421,0,0,1,0,1,0,0,0,0,0,0.163584229390681
4977,înñÏós,1,40,25,7,4,0.15175,23,0,0,0,2,0,3,4,3,0,0.14715481171548117
4977,înñÏós,2,38,4,8,7,0.15473684210526314,0,2,2,0,0,0,0,0,0,23,0.14715481171548117
4977,înñÏós,3,48,9,17,7,0.14416666666666667,0,2,2,5,0,0,0,0,0,0,0.14715481171548117
4977,înñÏós,4,35,7,9,9,0.15114285714285713,1,0,4,1,1,0,0,0,0,0,0.14715481171548117
4977,înñÏós,5,41,4,4,16,0.13682926829268294,0,1,1,2,0,0,0,0,0,0,0.14715481171548117
4977,înñÏós,6,37,2,4,9,0.14594594594594595,0,0,0,2,0,0,0,0,0,0,0.14715481171548117
4978,éRìcòaç≤,1,19,8,5,1,0.14,8,0,0,0,0,0,2,4,3,0,0.17554140127388534
4978,éRìcòaç≤,2,28,2,2,5,0.16071428571428573,0,2,0,0,0,0,0,0,0,15,0.17554140127388534
4978,éRìcòaç≤,3,29,1,4,2,0.18586206896551724,1,0,0,0,0,0,0,0,0,0,0.17554140127388534
4978,éRìcòaç≤,4,26,1,4,3,0.20807692307692308,0,1,0,0,0,0,0,0,0,0,0.17554140127388534
4978,éRìcòaç≤,5,29,0,4,6,0.17448275862068965,0,0,0,0,0,0,0,0,0,0,0.17554140127388534
4978,éRìcòaç≤,6,26,0,0,4,0.17461538461538462,0,0,0,0,0,0,0,0,0,0,0.17554140127388534
4979,íÜñÏñ≤ìl,1,27,12,7,3,0.13444444444444445,12,0,0,0,0,0,3,6,3,0,0.1575
4979,íÜñÏñ≤ìl,2,32,4,8,4,0.1653125,0,2,2,0,0,0,0,0,0,15,0.1575
4979,íÜñÏñ≤ìl,3,37,4,8,8,0.14756756756756756,0,0,3,1,0,0,0,0,0,0,0.1575
4979,íÜñÏñ≤ìl,4,34,3,7,6,0.14676470588235294,0,1,1,1,0,0,0,0,0,0,0.1575
4979,íÜñÏñ≤ìl,5,29,0,3,8,0.16931034482758622,0,0,0,0,0,0,0,0,0,0,0.1575
4979,íÜñÏñ≤ìl,6,29,1,1,2,0.18379310344827587,0,0,0,0,1,0,0,0,0,0,0.1575
4980,ç≤ÅXñÿäÆëæ,1,51,35,7,1,0.13294117647058823,33,0,0,0,2,0,2,5,6,0,0.15666666666666668
4980,ç≤ÅXñÿäÆëæ,2,33,10,7,7,0.1621212121212121,0,4,0,1,4,1,0,0,0,14,0.15666666666666668
4980,ç≤ÅXñÿäÆëæ,3,41,10,7,8,0.1497560975609756,0,1,2,6,1,0,0,0,0,0,0.15666666666666668
4980,ç≤ÅXñÿäÆëæ,4,36,2,13,5,0.16861111111111113,0,1,0,1,0,0,0,0,0,0,0.15666666666666668
4980,ç≤ÅXñÿäÆëæ,5,34,3,4,10,0.1535294117647059,0,0,0,2,1,0,0,0,0,0,0.15666666666666668
4980,ç≤ÅXñÿäÆëæ,6,42,2,10,9,0.18023809523809525,0,1,1,0,0,0,0,0,0,0,0.15666666666666668
4981,ñqéRì÷ñÁ,1,39,20,9,3,0.14076923076923079,18,0,0,0,2,0,0,11,8,0,0.15739130434782608
4981,ñqéRì÷ñÁ,2,39,6,11,8,0.1523076923076923,0,5,1,0,0,0,0,0,0,18,0.15739130434782608
4981,ñqéRì÷ñÁ,3,32,3,7,5,0.1525,0,1,0,2,0,0,0,0,0,0,0.15739130434782608
4981,ñqéRì÷ñÁ,4,35,1,8,9,0.15914285714285714,0,1,0,0,0,0,0,0,0,0,0.15739130434782608
4981,ñqéRì÷ñÁ,5,31,2,5,7,0.15741935483870967,0,1,0,1,0,0,0,0,0,0,0.15739130434782608
4981,ñqéRì÷ñÁ,6,31,0,6,3,0.18774193548387097,0,0,0,0,0,0,0,0,0,0,0.15739130434782608
4982,íÜë∫è´ó≤,1,21,10,2,2,0.15142857142857144,9,0,0,0,1,0,5,2,2,0,0.15375
4982,íÜë∫è´ó≤,2,35,3,4,5,0.162,0,2,1,0,0,0,0,0,0,21,0.15375
4982,íÜë∫è´ó≤,3,30,1,3,7,0.15766666666666668,0,1,0,0,0,0,0,0,0,0,0.15375
4982,íÜë∫è´ó≤,4,24,1,3,2,0.13541666666666666,0,0,1,0,0,0,0,0,0,0,0.15375
4982,íÜë∫è´ó≤,5,33,0,3,8,0.16727272727272727,0,0,0,0,0,0,0,0,0,0,0.15375
4982,íÜë∫è´ó≤,6,25,0,2,4,0.1392,0,0,0,0,0,0,0,0,0,0,0.15375
4983,ëOìcìƒç∆,1,58,47,4,4,0.155,44,0,0,0,3,0,4,4,2,0,0.16904059040590408
4983,ëOìcìƒç∆,2,43,10,14,5,0.16279069767441862,0,7,1,1,1,0,0,0,0,19,0.16904059040590408
4983,ëOìcìƒç∆,3,48,17,9,11,0.17041666666666666,0,2,1,13,1,0,0,0,0,0,0.16904059040590408
4983,ëOìcìƒç∆,4,46,11,7,10,0.17804347826086955,0,3,1,5,2,0,0,0,0,0,0.16904059040590408
4983,ëOìcìƒç∆,5,39,8,6,10,0.17333333333333334,0,0,0,5,3,0,0,0,0,0,0.16904059040590408
4983,ëOìcìƒç∆,6,37,4,6,7,0.18081081081081082,0,1,0,1,2,0,0,0,0,0,0.16904059040590408
4984,êXâ∫à§óú,1,21,15,2,1,0.16857142857142857,13,0,0,0,2,0,1,2,2,0,0.19496503496503495
4984,êXâ∫à§óú,2,29,3,7,5,0.21586206896551724,0,1,2,0,0,0,0,0,0,16,0.19496503496503495
4984,êXâ∫à§óú,3,29,1,7,6,0.2024137931034483,0,0,1,0,0,0,0,0,0,0,0.19496503496503495
4984,êXâ∫à§óú,4,27,3,3,4,0.17148148148148148,0,0,1,2,0,0,0,0,0,0,0.19496503496503495
4984,êXâ∫à§óú,5,25,0,2,6,0.21400000000000002,0,0,0,0,0,0,0,0,0,0,0.19496503496503495
4984,êXâ∫à§óú,6,12,0,3,4,0.18583333333333332,0,0,0,0,0,0,0,0,0,0,0.19496503496503495
4985,à‰ñ{èπñÁ,1,61,46,5,3,0.13655737704918033,46,0,0,0,0,0,6,4,5,0,0.14830935251798563
4985,à‰ñ{èπñÁ,2,45,9,17,8,0.14288888888888887,0,6,2,1,0,0,0,0,0,25,0.14830935251798563
4985,à‰ñ{èπñÁ,3,46,9,15,10,0.13695652173913042,0,4,1,4,0,0,0,0,0,0,0.14830935251798563
4985,à‰ñ{èπñÁ,4,47,7,11,8,0.14723404255319147,0,2,2,3,0,0,0,0,0,0,0.14830935251798563
4985,à‰ñ{èπñÁ,5,36,5,10,11,0.16527777777777777,0,0,0,4,1,0,0,0,0,0,0.14830935251798563
4985,à‰ñ{èπñÁ,6,43,0,5,7,0.1697674418604651,0,0,0,0,0,0,0,0,0,0,0.14830935251798563
4986,êºéRóSäÛ,1,8,3,1,1,0.16625,3,0,0,0,0,0,1,2,2,0,0.17019607843137255
4986,êºéRóSäÛ,2,8,0,1,3,0.15125,0,0,0,0,0,0,0,0,0,5,0.17019607843137255
4986,êºéRóSäÛ,3,8,2,1,2,0.14125000000000001,0,0,2,0,0,0,0,0,0,0,0.17019607843137255
4986,êºéRóSäÛ,4,7,0,0,1,0.19714285714285715,0,0,0,0,0,0,0,0,0,0,0.17019607843137255
4986,êºéRóSäÛ,5,9,0,1,1,0.1811111111111111,0,0,0,0,0,0,0,0,0,0,0.17019607843137255
4986,êºéRóSäÛ,6,11,0,0,1,0.18181818181818182,0,0,0,0,0,0,0,0,0,0,0.17019607843137255
4987,ìáëqìs,1,22,5,6,0,0.1981818181818182,4,0,0,0,1,0,3,11,2,0,0.18586666666666665
4987,ìáëqìs,2,26,5,4,6,0.1903846153846154,0,4,1,0,0,0,0,0,0,10,0.18586666666666665
4987,ìáëqìs,3,34,1,7,2,0.16911764705882354,0,1,0,0,0,0,0,0,0,0,0.18586666666666665
4987,ìáëqìs,4,22,0,3,2,0.1640909090909091,0,0,0,0,0,0,0,0,0,0,0.18586666666666665
4987,ìáëqìs,5,24,0,1,2,0.20791666666666667,0,0,0,0,0,0,0,0,0,0,0.18586666666666665
4987,ìáëqìs,6,22,0,0,0,0.1918181818181818,0,0,0,0,0,0,0,0,0,0,0.18586666666666665
4988,ñ¥ìcèßëæ,1,25,13,5,2,0.1492,13,0,0,0,0,0,3,5,4,0,0.1334920634920635
4988,ñ¥ìcèßëæ,2,30,1,7,3,0.12033333333333333,0,0,1,0,0,0,0,0,0,19,0.1334920634920635
4988,ñ¥ìcèßëæ,3,40,3,12,8,0.132,0,0,0,1,2,0,0,0,0,0,0.1334920634920635
4988,ñ¥ìcèßëæ,4,30,5,4,1,0.13,0,1,1,2,1,0,0,0,0,0,0.1334920634920635
4988,ñ¥ìcèßëæ,5,36,3,1,6,0.1388888888888889,0,0,1,2,0,0,0,0,0,0,0.1334920634920635
4988,ñ¥ìcèßëæ,6,28,0,4,2,0.1325,0,0,0,0,0,0,0,0,0,0,0.1334920634920635
4989,êŒå¥óÉ,1,32,20,6,2,0.1328125,18,0,0,0,1,1,2,3,6,0,0.14609467455621303
4989,êŒå¥óÉ,2,21,1,6,5,0.1319047619047619,0,1,0,0,0,0,0,0,0,18,0.14609467455621303
4989,êŒå¥óÉ,3,30,4,11,8,0.157,0,0,1,3,0,0,0,0,0,0,0.14609467455621303
4989,êŒå¥óÉ,4,34,4,6,11,0.15294117647058825,0,0,1,2,1,0,0,0,0,0,0.14609467455621303
4989,êŒå¥óÉ,5,25,2,7,8,0.1476,0,0,0,2,0,0,0,0,0,0,0.14609467455621303
4989,êŒå¥óÉ,6,27,1,1,5,0.15074074074074076,0,1,0,0,0,0,0,0,0,0,0.14609467455621303
4990,ìcíÜîééq,1,3,0,0,0,0.3433333333333333,0,0,0,0,0,0,0,0,3,0,0.23217391304347826
4990,ìcíÜîééq,2,10,0,0,0,0.24100000000000002,0,0,0,0,0,0,0,0,0,3,0.23217391304347826
4990,ìcíÜîééq,3,9,0,0,0,0.21333333333333332,0,0,0,0,0,0,0,0,0,0,0.23217391304347826
4990,ìcíÜîééq,4,11,0,0,1,0.2590909090909091,0,0,0,0,0,0,0,0,0,0,0.23217391304347826
4990,ìcíÜîééq,5,8,0,0,0,0.1775,0,0,0,0,0,0,0,0,0,0,0.23217391304347826
4990,ìcíÜîééq,6,5,0,0,0,0.21000000000000002,0,0,0,0,0,0,0,0,0,0,0.23217391304347826
4991,è@çsé°ç∆,1,53,29,15,3,0.15584905660377357,28,0,0,0,1,0,7,11,4,0,0.17746376811594206
4991,è@çsé°ç∆,2,42,8,11,12,0.18833333333333332,1,5,0,0,1,1,0,0,0,20,0.17746376811594206
4991,è@çsé°ç∆,3,51,10,9,11,0.1719607843137255,0,1,2,7,0,0,0,0,0,0,0.17746376811594206
4991,è@çsé°ç∆,4,46,4,9,16,0.1658695652173913,1,1,0,1,1,0,0,0,0,0,0.17746376811594206
4991,è@çsé°ç∆,5,45,0,10,14,0.19688888888888886,0,0,0,0,0,0,0,0,0,0,0.17746376811594206
4991,è@çsé°ç∆,6,39,2,6,8,0.1935897435897436,1,0,0,0,1,0,0,0,0,0,0.17746376811594206
4992,úAê£ìƒç∆,1,29,18,3,0,0.13862068965517244,18,0,0,0,0,0,3,4,1,0,0.1563888888888889
4992,úAê£ìƒç∆,2,35,6,4,7,0.14885714285714285,0,4,1,1,0,0,0,0,0,14,0.1563888888888889
4992,úAê£ìƒç∆,3,32,2,3,9,0.1571875,0,0,1,0,0,1,0,0,0,0,0.1563888888888889
4992,úAê£ìƒç∆,4,26,3,3,4,0.14769230769230768,0,1,0,2,0,0,0,0,0,0,0.1563888888888889
4992,úAê£ìƒç∆,5,32,4,4,4,0.1678125,0,1,0,3,0,0,0,0,0,0,0.1563888888888889
4992,úAê£ìƒç∆,6,26,0,3,2,0.18,0,0,0,0,0,0,0,0,0,0,0.1563888888888889
4993,â∫ñÏãûçÅ,1,4,1,1,1,0.145,1,0,0,0,0,0,1,2,0,0,0.19555555555555557
4993,â∫ñÏãûçÅ,2,9,0,0,3,0.20444444444444446,0,0,0,0,0,0,0,0,0,4,0.19555555555555557
4993,â∫ñÏãûçÅ,3,6,0,0,2,0.23666666666666666,0,0,0,0,0,0,0,0,0,0,0.19555555555555557
4993,â∫ñÏãûçÅ,4,6,0,0,0,0.15666666666666665,0,0,0,0,0,0,0,0,0,0,0.19555555555555557
4993,â∫ñÏãûçÅ,5,6,0,0,0,0.15833333333333333,0,0,0,0,0,0,0,0,0,0,0.19555555555555557
4993,â∫ñÏãûçÅ,6,5,0,0,0,0.262,0,0,0,0,0,0,0,0,0,0,0.19555555555555557
4994,éRñ{óúçÿ,1,18,6,6,5,0.16611111111111113,6,0,0,0,0,0,1,5,4,0,0.19039682539682543
4994,éRñ{óúçÿ,2,23,5,3,5,0.18956521739130436,0,4,0,0,1,0,0,0,0,10,0.19039682539682543
4994,éRñ{óúçÿ,3,23,2,9,6,0.17,0,1,0,0,1,0,0,0,0,0,0.19039682539682543
4994,éRñ{óúçÿ,4,22,1,5,7,0.20454545454545456,0,1,0,0,0,0,0,0,0,0,0.19039682539682543
4994,éRñ{óúçÿ,5,19,2,4,6,0.2031578947368421,0,0,1,1,0,0,0,0,0,0,0.19039682539682543
4994,éRñ{óúçÿ,6,21,0,1,4,0.2080952380952381,0,0,0,0,0,0,0,0,0,0,0.19039682539682543
4995,ìcÁ≥ó∫ë†,1,33,20,2,3,0.17424242424242425,19,0,0,0,1,0,3,4,4,0,0.1948768472906404
4995,ìcÁ≥ó∫ë†,2,35,2,5,6,0.19371428571428573,0,0,2,0,0,0,0,0,0,23,0.1948768472906404
4995,ìcÁ≥ó∫ë†,3,39,0,5,10,0.18923076923076923,0,0,0,0,0,0,0,0,0,0,0.1948768472906404
4995,ìcÁ≥ó∫ë†,4,32,1,3,5,0.183125,0,0,0,1,0,0,0,0,0,0,0.1948768472906404
4995,ìcÁ≥ó∫ë†,5,33,1,1,3,0.1987878787878788,0,0,1,0,0,0,0,0,0,0,0.1948768472906404
4995,ìcÁ≥ó∫ë†,6,31,0,2,5,0.23322580645161292,0,0,0,0,0,0,0,0,0,0,0.1948768472906404
4997,‡_çËéıó¢ñÓ,1,7,0,0,0,0.22571428571428573,0,0,0,0,0,0,2,3,1,0,0.19211538461538463
4997,‡_çËéıó¢ñÓ,2,9,0,0,2,0.22666666666666668,0,0,0,0,0,0,0,0,0,4,0.19211538461538463
4997,‡_çËéıó¢ñÓ,3,12,0,0,0,0.21083333333333334,0,0,0,0,0,0,0,0,0,0,0.19211538461538463
4997,‡_çËéıó¢ñÓ,4,8,1,0,0,0.15250000000000002,0,0,1,0,0,0,0,0,0,0,0.19211538461538463
4997,‡_çËéıó¢ñÓ,5,9,0,0,0,0.1711111111111111,0,0,0,0,0,0,0,0,0,0,0.19211538461538463
4997,‡_çËéıó¢ñÓ,6,7,0,0,0,0.1542857142857143,0,0,0,0,0,0,0,0,0,0,0.19211538461538463
4998,íÜë∫Ç©Ç»Ç¶,1,12,5,2,0,0.11916666666666666,4,0,0,0,0,1,1,3,2,0,0.15012987012987014
4998,íÜë∫Ç©Ç»Ç¶,2,12,4,2,1,0.16,0,4,0,0,0,0,0,0,0,5,0.15012987012987014
4998,íÜë∫Ç©Ç»Ç¶,3,15,0,1,4,0.158,0,0,0,0,0,0,0,0,0,0,0.15012987012987014
4998,íÜë∫Ç©Ç»Ç¶,4,14,1,5,1,0.15,0,0,0,1,0,0,0,0,0,0,0.15012987012987014
4998,íÜë∫Ç©Ç»Ç¶,5,13,0,0,3,0.1676923076923077,0,0,0,0,0,0,0,0,0,0,0.15012987012987014
4998,íÜë∫Ç©Ç»Ç¶,6,11,0,0,1,0.14181818181818182,0,0,0,0,0,0,0,0,0,0,0.15012987012987014
5000,â™ñ{„ƒëæòY,1,23,11,4,1,0.1534782608695652,11,0,0,0,0,0,4,5,0,0,0.14024038461538463
5000,â™ñ{„ƒëæòY,2,45,5,7,8,0.1262222222222222,0,3,1,0,1,0,0,0,0,28,0.14024038461538463
5000,â™ñ{„ƒëæòY,3,35,2,5,9,0.1362857142857143,0,1,0,1,0,0,0,0,0,0,0.14024038461538463
5000,â™ñ{„ƒëæòY,4,38,2,6,8,0.14947368421052631,0,0,0,0,1,1,0,0,0,0,0.14024038461538463
5000,â™ñ{„ƒëæòY,5,34,1,0,8,0.13852941176470587,0,0,0,1,0,0,0,0,0,0,0.14024038461538463
5000,â™ñ{„ƒëæòY,6,33,0,0,6,0.14545454545454545,0,0,0,0,0,0,0,0,0,0,0.14024038461538463
5002,è„ìcåíëæ,1,53,30,14,4,0.15358490566037736,27,0,0,0,3,0,7,4,8,0,0.15782918149466194
5002,è„ìcåíëæ,2,46,9,12,11,0.18282608695652175,1,6,1,0,1,0,0,0,0,24,0.15782918149466194
5002,è„ìcåíëæ,3,42,9,8,11,0.1730952380952381,0,1,5,3,0,0,0,0,0,0,0.15782918149466194
5002,è„ìcåíëæ,4,54,8,13,16,0.14240740740740743,0,0,5,2,1,0,0,0,0,0,0.15782918149466194
5002,è„ìcåíëæ,5,44,5,9,6,0.14068181818181819,0,0,1,3,1,0,0,0,0,0,0.15782918149466194
5002,è„ìcåíëæ,6,42,1,2,4,0.15833333333333335,0,0,0,1,0,0,0,0,0,0,0.15782918149466194
5003,óàìcàﬂêD,1,23,10,5,3,0.1882608695652174,10,0,0,0,0,0,2,6,4,0,0.18946341463414637
5003,óàìcàﬂêD,2,43,2,6,9,0.18883720930232556,0,1,1,0,0,0,0,0,0,23,0.18946341463414637
5003,óàìcàﬂêD,3,40,4,10,6,0.17725,0,1,2,1,0,0,0,0,0,0,0.18946341463414637
5003,óàìcàﬂêD,4,39,1,2,7,0.18435897435897436,0,0,0,1,0,0,0,0,0,0,0.18946341463414637
5003,óàìcàﬂêD,5,33,0,5,4,0.1993939393939394,0,0,0,0,0,0,0,0,0,0,0.18946341463414637
5003,óàìcàﬂêD,6,27,1,1,1,0.2048148148148148,0,0,1,0,0,0,0,0,0,0,0.18946341463414637
5004,âÕñÏéÂé˜,1,32,13,7,5,0.1484375,13,0,0,0,0,0,4,6,6,0,0.13816143497757846
5004,âÕñÏéÂé˜,2,42,9,11,10,0.13452380952380955,0,5,3,1,0,0,0,0,0,20,0.13816143497757846
5004,âÕñÏéÂé˜,3,42,5,11,7,0.12904761904761905,0,0,4,1,0,0,0,0,0,0,0.13816143497757846
5004,âÕñÏéÂé˜,4,43,8,4,8,0.13093023255813954,0,0,4,3,1,0,0,0,0,0,0.13816143497757846
5004,âÕñÏéÂé˜,5,32,3,6,4,0.135625,0,0,2,1,0,0,0,0,0,0,0.13816143497757846
5004,âÕñÏéÂé˜,6,32,1,4,5,0.15687500000000001,0,0,0,1,0,0,0,0,0,0,0.13816143497757846
5005,êŒìcãMóm,1,46,23,10,7,0.14326086956521739,22,0,0,0,1,0,4,7,8,0,0.12687258687258687
5005,êŒìcãMóm,2,43,5,12,7,0.14395348837209304,0,3,1,0,1,0,0,0,0,21,0.12687258687258687
5005,êŒìcãMóm,3,43,5,16,8,0.1241860465116279,0,0,2,1,1,1,0,0,0,0,0.12687258687258687
5005,êŒìcãMóm,4,45,7,10,9,0.10266666666666667,0,1,4,2,0,0,0,0,0,0,0.12687258687258687
5005,êŒìcãMóm,5,43,3,5,8,0.1288372093023256,0,0,1,1,1,0,0,0,0,0,0.12687258687258687
5005,êŒìcãMóm,6,39,0,5,5,0.11743589743589744,0,0,0,0,0,0,0,0,0,0,0.12687258687258687
5006,ãvï€å¥èGêl,1,21,9,3,3,0.16,8,0,0,0,1,0,1,4,6,0,0.16616216216216217
5006,ãvï€å¥èGêl,2,37,3,4,1,0.16432432432432434,0,0,2,0,0,1,0,0,0,20,0.16616216216216217
5006,ãvï€å¥èGêl,3,34,2,4,5,0.18735294117647058,0,0,1,1,0,0,0,0,0,0,0.16616216216216217
5006,ãvï€å¥èGêl,4,36,3,1,9,0.1627777777777778,0,0,1,2,0,0,0,0,0,0,0.16616216216216217
5006,ãvï€å¥èGêl,5,34,1,3,3,0.15264705882352939,0,0,0,1,0,0,0,0,0,0,0.16616216216216217
5006,ãvï€å¥èGêl,6,23,0,1,3,0.16869565217391305,0,0,0,0,0,0,0,0,0,0,0.16616216216216217
5007,ãﬂì°óYàÍòY,1,30,7,4,3,0.19333333333333333,7,0,0,0,0,0,5,8,7,0,0.1813302752293578
5007,ãﬂì°óYàÍòY,2,39,2,4,5,0.20487179487179488,0,1,0,0,1,0,0,0,0,19,0.1813302752293578
5007,ãﬂì°óYàÍòY,3,35,3,7,10,0.17085714285714287,0,0,0,0,3,0,0,0,0,0,0.1813302752293578
5007,ãﬂì°óYàÍòY,4,46,1,7,5,0.17021739130434782,0,0,0,1,0,0,0,0,0,0,0.1813302752293578
5007,ãﬂì°óYàÍòY,5,34,0,4,4,0.17176470588235293,0,0,0,0,0,0,0,0,0,0,0.1813302752293578
5007,ãﬂì°óYàÍòY,6,34,1,4,7,0.17911764705882352,0,0,0,0,1,0,0,0,0,0,0.1813302752293578
5008,âHñÏó»,1,25,7,8,6,0.1328,7,0,0,0,0,0,5,4,6,0,0.13989583333333333
5008,âHñÏó»,2,38,2,11,8,0.14263157894736841,0,2,0,0,0,0,0,0,0,22,0.13989583333333333
5008,âHñÏó»,3,35,3,7,7,0.13714285714285715,0,0,0,3,0,0,0,0,0,0,0.13989583333333333
5008,âHñÏó»,4,32,4,2,8,0.1296875,0,0,0,3,0,1,0,0,0,0,0.13989583333333333
5008,âHñÏó»,5,35,1,1,6,0.13914285714285715,0,0,0,1,0,0,0,0,0,0,0.13989583333333333
5008,âHñÏó»,6,27,0,2,3,0.15925925925925924,0,0,0,0,0,0,0,0,0,0,0.13989583333333333
5009,ëÂâÍó¥îVâÓ,1,29,10,7,6,0.1493103448275862,10,0,0,0,0,0,7,7,4,0,0.15623809523809526
5009,ëÂâÍó¥îVâÓ,2,39,2,11,9,0.16128205128205128,0,1,1,0,0,0,0,0,0,21,0.15623809523809526
5009,ëÂâÍó¥îVâÓ,3,37,6,8,6,0.13999999999999999,0,0,2,2,1,1,0,0,0,0,0.15623809523809526
5009,ëÂâÍó¥îVâÓ,4,37,4,9,6,0.18135135135135136,0,2,1,1,0,0,0,0,0,0,0.15623809523809526
5009,ëÂâÍó¥îVâÓ,5,31,1,4,5,0.1367741935483871,0,0,0,1,0,0,0,0,0,0,0.15623809523809526
5009,ëÂâÍó¥îVâÓ,6,37,0,0,3,0.1637837837837838,0,0,0,0,0,0,0,0,0,0,0.15623809523809526
5010,âFóØìc„ƒïΩ,1,32,20,3,6,0.15125,18,0,0,0,2,0,3,3,4,0,0.15544554455445544
5010,âFóØìc„ƒïΩ,2,37,3,12,6,0.16513513513513514,0,2,0,0,1,0,0,0,0,18,0.15544554455445544
5010,âFóØìc„ƒïΩ,3,37,4,13,9,0.1391891891891892,0,2,1,0,1,0,0,0,0,0,0.15544554455445544
5010,âFóØìc„ƒïΩ,4,36,7,5,8,0.15638888888888888,0,1,6,0,0,0,0,0,0,0,0.15544554455445544
5010,âFóØìc„ƒïΩ,5,33,0,7,6,0.16272727272727272,0,0,0,0,0,0,0,0,0,0,0.15544554455445544
5010,âFóØìc„ƒïΩ,6,27,0,0,4,0.15925925925925924,0,0,0,0,0,0,0,0,0,0,0.15544554455445544
5011,çÇñÿå\ëÂ,1,11,4,2,2,0.1290909090909091,4,0,0,0,0,0,2,1,3,0,0.1572916666666667
5011,çÇñÿå\ëÂ,2,33,3,2,3,0.17696969696969697,0,1,2,0,0,0,0,0,0,18,0.1572916666666667
5011,çÇñÿå\ëÂ,3,30,1,3,4,0.14966666666666667,0,1,0,0,0,0,0,0,0,0,0.1572916666666667
5011,çÇñÿå\ëÂ,4,22,0,4,1,0.13,0,0,0,0,0,0,0,0,0,0,0.1572916666666667
5011,çÇñÿå\ëÂ,5,29,1,0,2,0.15413793103448276,0,0,0,1,0,0,0,0,0,0,0.1572916666666667
5011,çÇñÿå\ëÂ,6,19,0,0,2,0.18789473684210525,0,0,0,0,0,0,0,0,0,0,0.1572916666666667
5012,â¡ëqò–ê™,1,38,21,6,3,0.15657894736842107,20,0,0,0,1,0,5,6,4,0,0.14835555555555557
5012,â¡ëqò–ê™,2,37,12,8,6,0.12162162162162163,0,7,5,0,0,0,0,0,0,12,0.14835555555555557
5012,â¡ëqò–ê™,3,34,2,6,6,0.1388235294117647,0,0,0,2,0,0,0,0,0,0,0.14835555555555557
5012,â¡ëqò–ê™,4,40,3,6,8,0.14950000000000002,0,1,1,1,0,0,0,0,0,0,0.14835555555555557
5012,â¡ëqò–ê™,5,38,3,3,11,0.1636842105263158,0,0,0,3,0,0,0,0,0,0,0.14835555555555557
5012,â¡ëqò–ê™,6,38,2,3,6,0.1581578947368421,0,0,0,2,0,0,0,0,0,0,0.14835555555555557
5013,éRâ∫âƒóÈ,1,35,16,4,3,0.17657142857142857,15,0,1,0,0,0,2,13,3,0,0.15966804979253113
5013,éRâ∫âƒóÈ,2,47,10,7,6,0.14297872340425533,0,5,3,0,2,0,0,0,0,18,0.15966804979253113
5013,éRâ∫âƒóÈ,3,46,9,7,11,0.1617391304347826,0,0,6,1,2,0,0,0,0,0,0.15966804979253113
5013,éRâ∫âƒóÈ,4,42,8,5,6,0.1561904761904762,0,0,7,1,0,0,0,0,0,0,0.15966804979253113
5013,éRâ∫âƒóÈ,5,39,7,1,3,0.16333333333333333,0,0,5,1,1,0,0,0,0,0,0.15966804979253113
5013,éRâ∫âƒóÈ,6,32,2,2,7,0.1628125,0,0,1,1,0,0,0,0,0,0,0.15966804979253113
5014,äÅéRó¡ìl,1,31,14,5,3,0.12483870967741936,12,0,0,0,2,0,4,9,2,0,0.13108597285067872
5014,äÅéRó¡ìl,2,40,4,9,9,0.12025,0,3,0,0,0,1,0,0,0,21,0.13108597285067872
5014,äÅéRó¡ìl,3,44,4,8,12,0.13045454545454546,0,0,0,4,0,0,0,0,0,0,0.13108597285067872
5014,äÅéRó¡ìl,4,32,5,2,8,0.1409375,0,0,2,3,0,0,0,0,0,0,0.13108597285067872
5014,äÅéRó¡ìl,5,39,1,8,7,0.13794871794871794,0,0,0,1,0,0,0,0,0,0,0.13108597285067872
5014,äÅéRó¡ìl,6,35,0,2,8,0.13314285714285715,0,0,0,0,0,0,0,0,0,0,0.13108597285067872
5015,çÇã¥ó≥ñÓ,1,32,23,4,1,0.1190625,23,0,0,0,0,0,2,3,3,0,0.14785
5015,çÇã¥ó≥ñÓ,2,32,7,12,3,0.1390625,0,4,3,0,0,0,0,0,0,16,0.14785
5015,çÇã¥ó≥ñÓ,3,31,6,14,4,0.14193548387096774,0,0,4,0,2,0,0,0,0,0,0.14785
5015,çÇã¥ó≥ñÓ,4,34,6,10,3,0.15382352941176472,0,2,1,1,1,1,0,0,0,0,0.14785
5015,çÇã¥ó≥ñÓ,5,33,1,7,5,0.14696969696969697,0,0,0,1,0,0,0,0,0,0,0.14785
5015,çÇã¥ó≥ñÓ,6,38,2,6,9,0.17973684210526317,0,0,0,1,1,0,0,0,0,0,0.14785
5016,ã{ìcó¥în,1,49,34,9,2,0.12204081632653062,34,0,0,0,0,0,3,4,6,0,0.14187250996015935
5016,ã{ìcó¥în,2,43,10,17,5,0.12837209302325583,1,3,6,0,0,0,0,0,0,29,0.14187250996015935
5016,ã{ìcó¥în,3,43,7,14,5,0.1486046511627907,0,1,2,4,0,0,0,0,0,0,0.14187250996015935
5016,ã{ìcó¥în,4,40,5,10,12,0.153,0,0,2,2,1,0,0,0,0,0,0.14187250996015935
5016,ã{ìcó¥în,5,40,3,5,11,0.15025,0,0,1,2,0,0,0,0,0,0,0.14187250996015935
5016,ã{ìcó¥în,6,36,1,3,7,0.15527777777777776,0,0,0,1,0,0,0,0,0,0,0.14187250996015935
5017,‡VìcèÆñÁ,1,38,28,5,4,0.1542105263157895,27,0,0,0,1,0,2,6,2,0,0.15015463917525773
5017,‡VìcèÆñÁ,2,35,10,10,4,0.14571428571428574,0,6,2,0,2,0,0,0,0,17,0.15015463917525773
5017,‡VìcèÆñÁ,3,27,6,9,4,0.15777777777777777,0,2,0,4,0,0,0,0,0,0,0.15015463917525773
5017,‡VìcèÆñÁ,4,32,5,7,9,0.1540625,0,2,2,1,0,0,0,0,0,0,0.15015463917525773
5017,‡VìcèÆñÁ,5,31,3,11,4,0.13935483870967744,0,0,1,2,0,0,0,0,0,0,0.15015463917525773
5017,‡VìcèÆñÁ,6,31,0,10,7,0.1503225806451613,0,0,0,0,0,0,0,0,0,0,0.15015463917525773
5018,í|â∫ëÂé˜,1,39,26,6,5,0.14717948717948717,24,0,0,0,2,0,2,5,5,0,0.16398437500000002
5018,í|â∫ëÂé˜,2,45,5,14,8,0.152,0,3,2,0,0,0,0,0,0,23,0.16398437500000002
5018,í|â∫ëÂé˜,3,42,13,11,9,0.15261904761904763,0,2,6,5,0,0,0,0,0,0,0.16398437500000002
5018,í|â∫ëÂé˜,4,52,9,11,11,0.18173076923076922,0,0,4,4,0,1,0,0,0,0,0.16398437500000002
5018,í|â∫ëÂé˜,5,41,5,4,8,0.17390243902439023,0,0,3,2,0,0,0,0,0,0,0.16398437500000002
5018,í|â∫ëÂé˜,6,37,1,1,10,0.17324324324324325,0,0,0,0,1,0,0,0,0,0,0.16398437500000002
5019,éƒìcïSåb,1,34,16,10,6,0.17705882352941174,15,0,0,0,0,1,5,7,4,0,0.1819617224880383
5019,éƒìcïSåb,2,35,4,3,8,0.17285714285714285,0,2,2,0,0,0,0,0,0,12,0.1819617224880383
5019,éƒìcïSåb,3,41,2,7,10,0.18707317073170732,0,1,1,0,0,0,0,0,0,0,0.1819617224880383
5019,éƒìcïSåb,4,35,1,8,7,0.17942857142857144,0,0,0,1,0,0,0,0,0,0,0.1819617224880383
5019,éƒìcïSåb,5,33,1,5,7,0.17666666666666667,0,0,0,0,1,0,0,0,0,0,0.1819617224880383
5019,éƒìcïSåb,6,31,1,3,6,0.1993548387096774,0,0,1,0,0,0,0,0,0,0,0.1819617224880383
5020,ã{ë∫óEç∆,1,26,9,7,3,0.15307692307692308,8,0,0,0,0,1,10,3,3,0,0.16126984126984129
5020,ã{ë∫óEç∆,2,33,1,3,4,0.17424242424242425,0,0,1,0,0,0,0,0,0,21,0.16126984126984129
5020,ã{ë∫óEç∆,3,39,6,12,7,0.1394871794871795,0,0,4,1,1,0,0,0,0,0,0.16126984126984129
5020,ã{ë∫óEç∆,4,34,1,6,3,0.15235294117647058,0,0,1,0,0,0,0,0,0,0,0.16126984126984129
5020,ã{ë∫óEç∆,5,37,1,3,2,0.18675675675675676,0,0,0,1,0,0,0,0,0,0,0.16126984126984129
5020,ã{ë∫óEç∆,6,20,1,1,1,0.161,0,0,1,0,0,0,0,0,0,0,0.16126984126984129
5022,à…ì°èÆëø,1,22,8,5,3,0.1659090909090909,8,0,0,0,0,0,6,6,1,0,0.17574712643678161
5022,à…ì°èÆëø,2,32,2,5,5,0.1921875,0,1,1,0,0,0,0,0,0,16,0.17574712643678161
5022,à…ì°èÆëø,3,29,2,2,7,0.16896551724137931,0,1,0,1,0,0,0,0,0,0,0.17574712643678161
5022,à…ì°èÆëø,4,35,1,8,4,0.1662857142857143,0,0,1,0,0,0,0,0,0,0,0.17574712643678161
5022,à…ì°èÆëø,5,30,0,1,4,0.16999999999999998,0,0,0,0,0,0,0,0,0,0,0.17574712643678161
5022,à…ì°èÆëø,6,26,1,1,5,0.19076923076923077,0,1,0,0,0,0,0,0,0,0,0.17574712643678161
5023,ãvâièÀïΩ,1,37,22,7,3,0.1437837837837838,20,0,0,0,2,0,5,5,3,0,0.1544495412844037
5023,ãvâièÀïΩ,2,37,8,7,7,0.14054054054054055,1,6,1,0,0,0,0,0,0,17,0.1544495412844037
5023,ãvâièÀïΩ,3,42,4,8,11,0.1473809523809524,0,1,2,0,1,0,0,0,0,0,0.1544495412844037
5023,ãvâièÀïΩ,4,33,5,5,5,0.15121212121212121,0,2,1,1,1,0,0,0,0,0,0.1544495412844037
5023,ãvâièÀïΩ,5,36,2,3,9,0.1525,0,0,1,1,0,0,0,0,0,0,0.1544495412844037
5023,ãvâièÀïΩ,6,33,1,3,5,0.19636363636363638,0,1,0,0,0,0,0,0,0,0,0.1544495412844037
5025,àæìcèÀ,1,15,8,3,2,0.14866666666666667,7,0,1,0,0,0,0,4,2,0,0.14798387096774196
5025,àæìcèÀ,2,26,3,6,2,0.15692307692307692,0,3,0,0,0,0,0,0,0,16,0.14798387096774196
5025,àæìcèÀ,3,19,4,4,2,0.11894736842105262,0,1,1,2,0,0,0,0,0,0,0.14798387096774196
5025,àæìcèÀ,4,18,0,0,1,0.14222222222222222,0,0,0,0,0,0,0,0,0,0,0.14798387096774196
5025,àæìcèÀ,5,23,0,3,4,0.13695652173913042,0,0,0,0,0,0,0,0,0,0,0.14798387096774196
5025,àæìcèÀ,6,23,0,1,0,0.17695652173913046,0,0,0,0,0,0,0,0,0,0,0.14798387096774196
5026,à¿âÕì‡åí,1,47,36,6,1,0.13957446808510637,32,0,0,0,3,1,2,3,4,0,0.14148717948717948
5026,à¿âÕì‡åí,2,32,13,10,4,0.12562500000000001,1,7,5,0,0,0,0,0,0,15,0.14148717948717948
5026,à¿âÕì‡åí,3,29,8,7,5,0.14241379310344826,1,0,3,4,0,0,0,0,0,0,0.14148717948717948
5026,à¿âÕì‡åí,4,31,5,6,9,0.13709677419354838,0,1,2,2,0,0,0,0,0,0,0.14148717948717948
5026,à¿âÕì‡åí,5,28,8,4,6,0.15607142857142858,0,1,1,5,1,0,0,0,0,0,0.14148717948717948
5026,à¿âÕì‡åí,6,28,3,8,5,0.15214285714285714,0,1,0,0,2,0,0,0,0,0,0.14148717948717948
5027,èdïyóEç∆,1,21,8,7,4,0.15809523809523812,7,0,0,0,1,0,9,1,0,0,0.17153284671532848
5027,èdïyóEç∆,2,25,5,8,4,0.166,0,4,1,0,0,0,0,0,0,13,0.17153284671532848
5027,èdïyóEç∆,3,28,3,6,7,0.15392857142857141,0,1,2,0,0,0,0,0,0,0,0.17153284671532848
5027,èdïyóEç∆,4,25,0,4,3,0.18600000000000003,0,0,0,0,0,0,0,0,0,0,0.17153284671532848
5027,èdïyóEç∆,5,19,1,1,3,0.19,0,1,0,0,0,0,0,0,0,0,0.17153284671532848
5027,èdïyóEç∆,6,19,0,2,3,0.18210526315789474,0,0,0,0,0,0,0,0,0,0,0.17153284671532848
5028,å¥ìcçÀàÍòY,1,51,36,8,1,0.13372549019607843,33,0,0,0,3,0,5,7,3,0,0.14614349775784755
5028,å¥ìcçÀàÍòY,2,34,7,10,3,0.15176470588235294,0,6,1,0,0,0,0,0,0,13,0.14614349775784755
5028,å¥ìcçÀàÍòY,3,40,14,11,9,0.154,0,1,10,2,1,0,0,0,0,0,0.14614349775784755
5028,å¥ìcçÀàÍòY,4,36,9,10,11,0.1388888888888889,0,1,5,1,1,1,0,0,0,0,0.14614349775784755
5028,å¥ìcçÀàÍòY,5,30,5,6,7,0.14800000000000002,0,0,3,1,1,0,0,0,0,0,0.14614349775784755
5028,å¥ìcçÀàÍòY,6,32,2,5,9,0.1565625,0,0,1,1,0,0,0,0,0,0,0.14614349775784755
5029,íÜó∫ëæ,1,42,28,4,3,0.1319047619047619,28,0,0,0,0,0,4,4,5,0,0.13267676767676767
5029,íÜó∫ëæ,2,29,9,4,3,0.12689655172413794,0,3,4,0,2,0,0,0,0,15,0.13267676767676767
5029,íÜó∫ëæ,3,33,8,8,9,0.11545454545454546,0,1,3,2,1,1,0,0,0,0,0.13267676767676767
5029,íÜó∫ëæ,4,29,4,7,2,0.12310344827586207,0,0,2,2,0,0,0,0,0,0,0.13267676767676767
5029,íÜó∫ëæ,5,26,0,5,7,0.1253846153846154,0,0,0,0,0,0,0,0,0,0,0.13267676767676767
5029,íÜó∫ëæ,6,39,4,6,8,0.16435897435897437,0,1,1,2,0,0,0,0,0,0,0.13267676767676767
5030,ã‡éqêÁï‰,1,15,1,5,3,0.19533333333333333,1,0,0,0,0,0,2,10,2,0,0.1964423076923077
5030,ã‡éqêÁï‰,2,24,0,2,3,0.19125,0,0,0,0,0,0,0,0,0,11,0.1964423076923077
5030,ã‡éqêÁï‰,3,22,1,1,2,0.18363636363636363,0,1,0,0,0,0,0,0,0,0,0.1964423076923077
5030,ã‡éqêÁï‰,4,16,1,3,1,0.19875,0,0,1,0,0,0,0,0,0,0,0.1964423076923077
5030,ã‡éqêÁï‰,5,15,0,0,0,0.188,0,0,0,0,0,0,0,0,0,0,0.1964423076923077
5030,ã‡éqêÁï‰,6,12,0,0,1,0.23916666666666667,0,0,0,0,0,0,0,0,0,0,0.1964423076923077
5031,ìnï”ãÛàÀ,1,16,7,3,2,0.196875,6,0,0,0,1,0,2,5,2,0,0.1856338028169014
5031,ìnï”ãÛàÀ,2,30,2,6,5,0.19833333333333333,0,1,1,0,0,0,0,0,0,18,0.1856338028169014
5031,ìnï”ãÛàÀ,3,30,0,4,10,0.19899999999999998,0,0,0,0,0,0,0,0,0,0,0.1856338028169014
5031,ìnï”ãÛàÀ,4,26,1,5,1,0.1803846153846154,0,1,0,0,0,0,0,0,0,0,0.1856338028169014
5031,ìnï”ãÛàÀ,5,23,1,1,6,0.14565217391304347,0,0,1,0,0,0,0,0,0,0,0.1856338028169014
5031,ìnï”ãÛàÀ,6,17,1,2,4,0.19117647058823528,0,0,0,1,0,0,0,0,0,0,0.1856338028169014
5032,íJå˚ímóD,1,26,16,4,0,0.14,16,0,0,0,0,0,1,5,4,0,0.16896551724137931
5032,íJå˚ímóD,2,27,6,6,3,0.13074074074074074,0,5,0,1,0,0,0,0,0,12,0.16896551724137931
5032,íJå˚ímóD,3,30,2,4,6,0.18033333333333335,0,0,2,0,0,0,0,0,0,0,0.16896551724137931
5032,íJå˚ímóD,4,33,1,5,4,0.19606060606060605,0,0,0,1,0,0,0,0,0,0,0.16896551724137931
5032,íJå˚ímóD,5,28,2,1,10,0.17250000000000001,0,0,0,2,0,0,0,0,0,0,0.16896551724137931
5032,íJå˚ímóD,6,30,1,0,7,0.18400000000000002,0,0,0,0,1,0,0,0,0,0,0.16896551724137931
5033,ì°å¥çFìl,1,26,11,4,2,0.1473076923076923,10,0,0,0,1,0,6,4,3,0,0.18908163265306124
5033,ì°å¥çFìl,2,41,2,8,8,0.19,0,2,0,0,0,0,0,0,0,22,0.18908163265306124
5033,ì°å¥çFìl,3,34,2,3,4,0.18382352941176472,0,0,2,0,0,0,0,0,0,0,0.18908163265306124
5033,ì°å¥çFìl,4,31,1,1,5,0.16870967741935486,0,0,0,1,0,0,0,0,0,0,0.18908163265306124
5033,ì°å¥çFìl,5,33,1,6,2,0.19606060606060605,0,1,0,0,0,0,0,0,0,0,0.18908163265306124
5033,ì°å¥çFìl,6,31,0,1,4,0.24161290322580645,0,0,0,0,0,0,0,0,0,0,0.18908163265306124
5034,é·ó—ã`êl,1,46,34,3,4,0.12630434782608696,31,0,0,0,3,0,2,6,4,0,0.136875
5034,é·ó—ã`êl,2,38,9,9,7,0.14631578947368423,0,1,5,0,3,0,0,0,0,14,0.136875
5034,é·ó—ã`êl,3,38,9,14,8,0.13157894736842105,0,0,5,3,1,0,0,0,0,0,0.136875
5034,é·ó—ã`êl,4,43,10,11,11,0.1286046511627907,0,0,6,4,0,0,0,0,0,0,0.136875
5034,é·ó—ã`êl,5,36,3,7,8,0.14305555555555557,0,0,0,2,0,1,0,0,0,0,0.136875
5034,é·ó—ã`êl,6,39,3,5,8,0.14871794871794872,0,0,2,1,0,0,0,0,0,0,0.136875
5035,üNà‰óD,1,14,4,1,0,0.19,4,0,0,0,0,0,5,4,1,0,0.17981818181818182
5035,üNà‰óD,2,21,3,3,5,0.1657142857142857,0,1,1,0,0,1,0,0,0,12,0.17981818181818182
5035,üNà‰óD,3,19,1,1,5,0.16157894736842104,0,0,0,1,0,0,0,0,0,0,0.17981818181818182
5035,üNà‰óD,4,18,2,0,1,0.1938888888888889,0,0,2,0,0,0,0,0,0,0,0.17981818181818182
5035,üNà‰óD,5,19,1,3,2,0.16947368421052633,0,0,0,1,0,0,0,0,0,0,0.17981818181818182
5035,üNà‰óD,6,19,0,1,1,0.20315789473684212,0,0,0,0,0,0,0,0,0,0,0.17981818181818182
5036,ïüìc„ƒå·,1,33,16,11,1,0.16303030303030303,15,0,0,0,1,0,7,3,6,0,0.15751054852320676
5036,ïüìc„ƒå·,2,43,4,13,10,0.1644186046511628,0,0,3,0,1,0,0,0,0,29,0.15751054852320676
5036,ïüìc„ƒå·,3,47,4,11,5,0.15042553191489363,0,1,0,2,1,0,0,0,0,0,0.15751054852320676
5036,ïüìc„ƒå·,4,43,8,10,7,0.1413953488372093,0,0,7,0,1,0,0,0,0,0,0.15751054852320676
5036,ïüìc„ƒå·,5,42,4,6,6,0.1657142857142857,0,0,0,4,0,0,0,0,0,0,0.15751054852320676
5036,ïüìc„ƒå·,6,29,1,1,3,0.16448275862068965,0,1,0,0,0,0,0,0,0,0,0.15751054852320676
5037,ìcì™å’êe,1,53,40,5,2,0.14943396226415095,34,0,0,0,5,1,3,6,3,0,0.15729411764705883
5037,ìcì™å’êe,2,42,8,10,10,0.1519047619047619,0,4,3,0,1,0,0,0,0,23,0.15729411764705883
5037,ìcì™å’êe,3,46,8,14,6,0.15304347826086956,0,1,3,3,1,0,0,0,0,0,0.15729411764705883
5037,ìcì™å’êe,4,44,5,12,12,0.1575,0,2,2,0,1,0,0,0,0,0,0.15729411764705883
5037,ìcì™å’êe,5,28,2,4,11,0.1417857142857143,0,0,0,2,0,0,0,0,0,0,0.15729411764705883
5037,ìcì™å’êe,6,42,1,7,5,0.18738095238095237,0,0,0,1,0,0,0,0,0,0,0.15729411764705883
5038,ã‡ìcíqîé,1,33,19,8,0,0.16333333333333333,18,0,0,0,1,0,4,3,3,0,0.1742857142857143
5038,ã‡ìcíqîé,2,30,3,11,5,0.1436666666666667,0,3,0,0,0,0,0,0,0,16,0.1742857142857143
5038,ã‡ìcíqîé,3,38,4,9,10,0.17105263157894737,0,1,1,2,0,0,0,0,0,0,0.1742857142857143
5038,ã‡ìcíqîé,4,32,7,5,4,0.15375,0,2,4,1,0,0,0,0,0,0,0.1742857142857143
5038,ã‡ìcíqîé,5,32,0,5,12,0.1953125,0,0,0,0,0,0,0,0,0,0,0.1742857142857143
5038,ã‡ìcíqîé,6,31,0,3,5,0.21903225806451612,0,0,0,0,0,0,0,0,0,0,0.1742857142857143
5039,ëqìcñŒè´,1,24,8,5,2,0.16833333333333333,8,0,0,0,0,0,5,6,5,0,0.1669945355191257
5039,ëqìcñŒè´,2,36,2,4,10,0.18833333333333335,0,2,0,0,0,0,0,0,0,14,0.1669945355191257
5039,ëqìcñŒè´,3,31,3,6,5,0.18451612903225806,0,2,0,0,1,0,0,0,0,0,0.1669945355191257
5039,ëqìcñŒè´,4,35,3,4,5,0.14914285714285713,0,1,2,0,0,0,0,0,0,0,0.1669945355191257
5039,ëqìcñŒè´,5,34,3,3,2,0.14058823529411765,0,1,1,1,0,0,0,0,0,0,0.1669945355191257
5039,ëqìcñŒè´,6,23,2,5,2,0.17478260869565218,0,1,1,0,0,0,0,0,0,0,0.1669945355191257
5041,çrñqì‚çπ,1,25,12,4,4,0.1508,12,0,0,0,0,0,3,3,4,0,0.16468750000000001
5041,çrñqì‚çπ,2,34,6,6,2,0.1373529411764706,0,1,4,0,1,0,0,0,0,17,0.16468750000000001
5041,çrñqì‚çπ,3,34,3,1,10,0.17500000000000002,0,0,2,0,1,0,0,0,0,0,0.16468750000000001
5041,çrñqì‚çπ,4,32,6,2,10,0.148125,0,0,6,0,0,0,0,0,0,0,0.16468750000000001
5041,çrñqì‚çπ,5,33,1,3,7,0.1903030303030303,0,0,1,0,0,0,0,0,0,0,0.16468750000000001
5041,çrñqì‚çπ,6,34,4,1,3,0.1826470588235294,0,0,4,0,0,0,0,0,0,0,0.16468750000000001
5042,î®ìcëøàÍ,1,57,45,3,5,0.12421052631578948,44,0,0,0,1,0,4,3,4,0,0.1201171875
5042,î®ìcëøàÍ,2,44,9,14,7,0.14113636363636364,0,6,2,0,1,0,0,0,0,23,0.1201171875
5042,î®ìcëøàÍ,3,39,6,15,9,0.09871794871794871,0,0,2,4,0,0,0,0,0,0,0.1201171875
5042,î®ìcëøàÍ,4,44,8,11,8,0.11659090909090909,0,3,2,3,0,0,0,0,0,0,0.1201171875
5042,î®ìcëøàÍ,5,36,5,11,5,0.10305555555555555,0,1,1,1,2,0,0,0,0,0,0.1201171875
5042,î®ìcëøàÍ,6,36,4,2,8,0.1325,0,1,0,2,1,0,0,0,0,0,0.1201171875
5043,íÜë∫ì˙å¸,1,51,38,4,3,0.1507843137254902,35,0,0,0,3,0,4,5,4,0,0.15220883534136545
5043,íÜë∫ì˙å¸,2,45,13,11,5,0.15488888888888888,0,8,3,1,1,0,0,0,0,24,0.15220883534136545
5043,íÜë∫ì˙å¸,3,39,8,12,8,0.14384615384615385,0,0,1,6,1,0,0,0,0,0,0.15220883534136545
5043,íÜë∫ì˙å¸,4,38,5,11,3,0.15578947368421053,0,1,2,2,0,0,0,0,0,0,0.15220883534136545
5043,íÜë∫ì˙å¸,5,36,5,9,5,0.1527777777777778,0,1,1,2,1,0,0,0,0,0,0.15220883534136545
5043,íÜë∫ì˙å¸,6,40,3,8,7,0.15525,0,0,1,2,0,0,0,0,0,0,0.15220883534136545
5044,ìnÁ≥åí,1,27,15,7,0,0.14962962962962964,13,0,1,0,1,0,2,5,3,0,0.16590673575129536
5044,ìnÁ≥åí,2,28,6,10,4,0.1275,0,4,1,1,0,0,0,0,0,13,0.16590673575129536
5044,ìnÁ≥åí,3,35,4,8,9,0.16657142857142856,0,0,1,3,0,0,0,0,0,0,0.16590673575129536
5044,ìnÁ≥åí,4,34,10,5,3,0.12970588235294117,0,0,7,3,0,0,0,0,0,0,0.16590673575129536
5044,ìnÁ≥åí,5,36,1,2,4,0.1963888888888889,0,0,1,0,0,0,0,0,0,0,0.16590673575129536
5044,ìnÁ≥åí,6,33,1,1,5,0.21515151515151518,0,0,0,1,0,0,0,0,0,0,0.16590673575129536
5045,ïΩêÏçÅêD,1,48,30,8,5,0.16645833333333335,28,0,0,0,2,0,7,7,3,0,0.18204918032786885
5045,ïΩêÏçÅêD,2,39,9,8,7,0.15461538461538463,0,4,5,0,0,0,0,0,0,22,0.18204918032786885
5045,ïΩêÏçÅêD,3,37,8,7,7,0.17027027027027025,0,0,5,3,0,0,0,0,0,0,0.18204918032786885
5045,ïΩêÏçÅêD,4,42,3,6,8,0.19571428571428573,0,1,1,1,0,0,0,0,0,0,0.18204918032786885
5045,ïΩêÏçÅêD,5,35,1,3,5,0.20285714285714287,0,0,0,1,0,0,0,0,0,0,0.18204918032786885
5045,ïΩêÏçÅêD,6,43,0,8,3,0.2041860465116279,0,0,0,0,0,0,0,0,0,0,0.18204918032786885
5046,èºéRóTäÓ,1,21,7,3,5,0.13523809523809524,6,0,0,0,1,0,6,6,2,0,0.16087912087912087
5046,èºéRóTäÓ,2,36,1,3,4,0.1947222222222222,0,1,0,0,0,0,0,0,0,21,0.16087912087912087
5046,èºéRóTäÓ,3,40,5,5,6,0.15425,0,1,1,2,1,0,0,0,0,0,0.16087912087912087
5046,èºéRóTäÓ,4,32,4,4,6,0.1615625,0,1,0,2,1,0,0,0,0,0,0.16087912087912087
5046,èºéRóTäÓ,5,31,0,4,3,0.15096774193548387,0,0,0,0,0,0,0,0,0,0,0.16087912087912087
5046,èºéRóTäÓ,6,22,0,2,2,0.155,0,0,0,0,0,0,0,0,0,0,0.16087912087912087
5047,ö†ï™è´ëæòY,1,35,22,7,0,0.15171428571428572,21,0,0,0,1,0,2,4,6,0,0.1550462962962963
5047,ö†ï™è´ëæòY,2,39,9,10,8,0.13743589743589743,0,5,3,1,0,0,0,0,0,16,0.1550462962962963
5047,ö†ï™è´ëæòY,3,39,6,11,10,0.12948717948717947,0,3,3,0,0,0,0,0,0,0,0.1550462962962963
5047,ö†ï™è´ëæòY,4,38,2,6,8,0.1618421052631579,0,2,0,0,0,0,0,0,0,0,0.1550462962962963
5047,ö†ï™è´ëæòY,5,28,1,3,4,0.17607142857142857,0,0,0,1,0,0,0,0,0,0,0.1550462962962963
5047,ö†ï™è´ëæòY,6,37,1,2,9,0.18081081081081082,0,0,1,0,0,0,0,0,0,0,0.1550462962962963
5048,·¡íπçNëæ,1,20,10,4,1,0.1715,9,0,0,0,1,0,3,5,2,0,0.1752
5048,·¡íπçNëæ,2,35,3,9,9,0.16371428571428573,0,2,1,0,0,0,0,0,0,23,0.1752
5048,·¡íπçNëæ,3,33,2,6,4,0.16606060606060608,0,0,1,1,0,0,0,0,0,0,0.1752
5048,·¡íπçNëæ,4,31,1,3,8,0.17129032258064514,0,1,0,0,0,0,0,0,0,0,0.1752
5048,·¡íπçNëæ,5,27,0,3,5,0.17851851851851852,0,0,0,0,0,0,0,0,0,0,0.1752
5048,·¡íπçNëæ,6,29,0,2,6,0.20310344827586208,0,0,0,0,0,0,0,0,0,0,0.1752
5049,èºà‰óFëø,1,36,22,9,3,0.1597222222222222,21,1,0,0,0,0,3,2,6,0,0.16827433628318583
5049,èºà‰óFëø,2,43,12,14,4,0.16232558139534883,0,7,3,2,0,0,0,0,0,20,0.16827433628318583
5049,èºà‰óFëø,3,39,6,11,8,0.14794871794871797,0,0,1,5,0,0,0,0,0,0,0.16827433628318583
5049,èºà‰óFëø,4,42,9,5,11,0.17047619047619048,0,0,5,2,2,0,0,0,0,0,0.16827433628318583
5049,èºà‰óFëø,5,34,1,7,3,0.18058823529411763,0,0,0,1,0,0,0,0,0,0,0.16827433628318583
5049,èºà‰óFëø,6,32,1,5,5,0.1946875,0,0,0,1,0,0,0,0,0,0,0.16827433628318583
5050,ñÿâ∫óYâÓ,1,27,17,5,4,0.1325925925925926,16,0,0,0,1,0,2,1,5,0,0.15010928961748632
5050,ñÿâ∫óYâÓ,2,30,4,8,2,0.15533333333333335,0,4,0,0,0,0,0,0,0,18,0.15010928961748632
5050,ñÿâ∫óYâÓ,3,33,7,9,5,0.13090909090909092,0,1,0,4,2,0,0,0,0,0,0.15010928961748632
5050,ñÿâ∫óYâÓ,4,35,6,7,10,0.1514285714285714,0,2,1,3,0,0,0,0,0,0,0.15010928961748632
5050,ñÿâ∫óYâÓ,5,31,1,6,7,0.15225806451612903,0,0,0,1,0,0,0,0,0,0,0.15010928961748632
5050,ñÿâ∫óYâÓ,6,27,0,5,1,0.1811111111111111,0,0,0,0,0,0,0,0,0,0,0.15010928961748632
5051,èºñ{èÉïΩ,1,48,35,6,5,0.149375,33,0,0,0,2,0,4,4,4,0,0.16261467889908257
5051,èºñ{èÉïΩ,2,35,6,16,8,0.15857142857142856,0,3,2,0,1,0,0,0,0,20,0.16261467889908257
5051,èºñ{èÉïΩ,3,34,8,7,5,0.16294117647058823,0,0,3,3,2,0,0,0,0,0,0.16261467889908257
5051,èºñ{èÉïΩ,4,34,6,11,7,0.15558823529411764,0,1,3,2,0,0,0,0,0,0,0.16261467889908257
5051,èºñ{èÉïΩ,5,34,2,13,6,0.16647058823529412,0,1,0,1,0,0,0,0,0,0,0.16261467889908257
5051,èºñ{èÉïΩ,6,33,2,6,8,0.1890909090909091,0,0,0,1,1,0,0,0,0,0,0.16261467889908257
5053,éRå˚çLé˜,1,20,10,4,1,0.1615,10,0,0,0,0,0,3,4,3,0,0.18609271523178808
5053,éRå˚çLé˜,2,26,3,3,4,0.16538461538461538,0,2,1,0,0,0,0,0,0,11,0.18609271523178808
5053,éRå˚çLé˜,3,30,5,9,5,0.18333333333333332,0,2,2,1,0,0,0,0,0,0,0.18609271523178808
5053,éRå˚çLé˜,4,28,1,5,5,0.18821428571428572,0,1,0,0,0,0,0,0,0,0,0.18609271523178808
5053,éRå˚çLé˜,5,21,1,0,4,0.2180952380952381,0,0,0,1,0,0,0,0,0,0,0.18609271523178808
5053,éRå˚çLé˜,6,26,0,2,3,0.20076923076923076,0,0,0,0,0,0,0,0,0,0,0.18609271523178808
5054,ç≤ÅXñÿëÂâÕ,1,32,16,2,3,0.1271875,15,0,0,0,1,0,3,8,4,0,0.14482456140350877
5054,ç≤ÅXñÿëÂâÕ,2,40,6,7,6,0.164,0,2,3,1,0,0,0,0,0,18,0.14482456140350877
5054,ç≤ÅXñÿëÂâÕ,3,42,3,11,11,0.14166666666666666,0,0,1,0,1,1,0,0,0,0,0.14482456140350877
5054,ç≤ÅXñÿëÂâÕ,4,45,7,7,13,0.14777777777777779,0,0,3,3,1,0,0,0,0,0,0.14482456140350877
5054,ç≤ÅXñÿëÂâÕ,5,40,1,7,10,0.14625000000000002,0,0,1,0,0,0,0,0,0,0,0.14482456140350877
5054,ç≤ÅXñÿëÂâÕ,6,29,1,2,5,0.13586206896551725,0,0,0,1,0,0,0,0,0,0,0.14482456140350877
5055,·¡íπèÕëæ,1,45,22,10,6,0.1348888888888889,20,0,0,0,1,1,9,7,4,0,0.15450980392156863
5055,·¡íπèÕëæ,2,44,9,14,8,0.15113636363636365,0,6,3,0,0,0,0,0,0,25,0.15450980392156863
5055,·¡íπèÕëæ,3,42,3,7,11,0.15857142857142859,0,2,0,1,0,0,0,0,0,0,0.15450980392156863
5055,·¡íπèÕëæ,4,48,7,7,12,0.16166666666666665,0,2,2,2,1,0,0,0,0,0,0.15450980392156863
5055,·¡íπèÕëæ,5,38,3,1,6,0.14684210526315788,0,0,0,3,0,0,0,0,0,0,0.15450980392156863
5055,·¡íπèÕëæ,6,38,1,2,8,0.17578947368421055,0,0,0,1,0,0,0,0,0,0,0.15450980392156863
5056,êºâ™ê¨î¸,1,30,19,3,5,0.13499999999999998,19,0,0,0,0,0,2,8,1,0,0.13426573426573427
5056,êºâ™ê¨î¸,2,20,4,6,3,0.14450000000000002,0,1,3,0,0,0,0,0,0,12,0.13426573426573427
5056,êºâ™ê¨î¸,3,20,4,3,6,0.129,0,2,2,0,0,0,0,0,0,0,0.13426573426573427
5056,êºâ™ê¨î¸,4,24,0,4,3,0.1325,0,0,0,0,0,0,0,0,0,0,0.13426573426573427
5056,êºâ™ê¨î¸,5,23,2,5,3,0.14304347826086958,0,0,0,2,0,0,0,0,0,0,0.13426573426573427
5056,êºâ™ê¨î¸,6,26,0,3,3,0.12346153846153846,0,0,0,0,0,0,0,0,0,0,0.13426573426573427
5057,è„ìcé—ìﬁ,1,38,33,2,0,0.1368421052631579,33,0,0,0,0,0,2,2,0,0,0.14875647668393782
5057,è„ìcé—ìﬁ,2,31,6,9,2,0.1570967741935484,0,3,3,0,0,0,0,0,0,16,0.14875647668393782
5057,è„ìcé—ìﬁ,3,31,4,8,7,0.13129032258064516,0,0,3,0,1,0,0,0,0,0,0.14875647668393782
5057,è„ìcé—ìﬁ,4,36,4,5,8,0.15361111111111111,0,0,2,1,0,1,0,0,0,0,0.14875647668393782
5057,è„ìcé—ìﬁ,5,25,1,8,0,0.1612,0,0,1,0,0,0,0,0,0,0,0.14875647668393782
5057,è„ìcé—ìﬁ,6,32,2,1,7,0.1565625,0,0,0,2,0,0,0,0,0,0,0.14875647668393782
5058,ëOå¥ëÂìπ,1,34,21,4,3,0.17323529411764704,19,0,0,0,2,0,1,5,4,0,0.171010101010101
5058,ëOå¥ëÂìπ,2,32,8,9,6,0.1859375,0,6,0,0,2,0,0,0,0,15,0.171010101010101
5058,ëOå¥ëÂìπ,3,34,7,11,7,0.1723529411764706,0,0,4,3,0,0,0,0,0,0,0.171010101010101
5058,ëOå¥ëÂìπ,4,28,2,10,5,0.14250000000000002,0,0,0,1,1,0,0,0,0,0,0.171010101010101
5058,ëOå¥ëÂìπ,5,33,5,9,7,0.16515151515151516,0,0,0,3,2,0,0,0,0,0,0.171010101010101
5058,ëOå¥ëÂìπ,6,37,2,2,15,0.18162162162162163,0,0,1,0,1,0,0,0,0,0,0.171010101010101
5059,ïyìcèÀ,1,8,2,0,0,0.1475,2,0,0,0,0,0,0,1,4,0,0.1468235294117647
5059,ïyìcèÀ,2,14,1,3,0,0.14857142857142858,0,0,0,0,1,0,0,0,0,7,0.1468235294117647
5059,ïyìcèÀ,3,18,0,2,4,0.13555555555555554,0,0,0,0,0,0,0,0,0,0,0.1468235294117647
5059,ïyìcèÀ,4,12,0,1,0,0.15416666666666667,0,0,0,0,0,0,0,0,0,0,0.1468235294117647
5059,ïyìcèÀ,5,18,0,1,2,0.15388888888888888,0,0,0,0,0,0,0,0,0,0,0.1468235294117647
5059,ïyìcèÀ,6,15,0,0,2,0.14400000000000002,0,0,0,0,0,0,0,0,0,0,0.1468235294117647
5060,êîå¥ä@,1,31,16,6,2,0.16096774193548388,16,0,0,0,0,0,2,7,6,0,0.17275229357798166
5060,êîå¥ä@,2,37,1,8,9,0.16837837837837838,0,1,0,0,0,0,0,0,0,24,0.17275229357798166
5060,êîå¥ä@,3,38,5,3,10,0.17815789473684213,0,0,3,2,0,0,0,0,0,0,0.17275229357798166
5060,êîå¥ä@,4,40,7,7,7,0.1595,0,2,4,0,1,0,0,0,0,0,0.17275229357798166
5060,êîå¥ä@,5,36,2,3,6,0.18527777777777776,0,0,0,2,0,0,0,0,0,0,0.17275229357798166
5060,êîå¥ä@,6,36,1,1,7,0.18388888888888888,0,0,1,0,0,0,0,0,0,0,0.17275229357798166
5061,íÜë∫èxïΩ,1,18,3,3,3,0.17666666666666667,3,0,0,0,0,0,5,7,2,0,0.16743362831858408
5061,íÜë∫èxïΩ,2,22,2,3,2,0.1659090909090909,0,2,0,0,0,0,0,0,0,12,0.16743362831858408
5061,íÜë∫èxïΩ,3,19,3,4,3,0.16,0,1,1,1,0,0,0,0,0,0,0.16743362831858408
5061,íÜë∫èxïΩ,4,17,0,1,3,0.16588235294117645,0,0,0,0,0,0,0,0,0,0,0.16743362831858408
5061,íÜë∫èxïΩ,5,19,3,2,2,0.15842105263157893,0,0,0,2,1,0,0,0,0,0,0.16743362831858408
5061,íÜë∫èxïΩ,6,18,0,0,3,0.1788888888888889,0,0,0,0,0,0,0,0,0,0,0.16743362831858408
5063,ëÂíÀâÎé°,1,19,12,1,2,0.14368421052631578,11,0,0,0,1,0,2,2,1,0,0.1683108108108108
5063,ëÂíÀâÎé°,2,26,3,4,5,0.20500000000000002,0,2,1,0,0,0,0,0,0,10,0.1683108108108108
5063,ëÂíÀâÎé°,3,25,5,5,4,0.1628,0,0,2,3,0,0,0,0,0,0,0.1683108108108108
5063,ëÂíÀâÎé°,4,23,2,1,7,0.1473913043478261,0,0,1,0,0,1,0,0,0,0,0.1683108108108108
5063,ëÂíÀâÎé°,5,28,2,1,9,0.15857142857142859,0,0,1,0,0,1,0,0,0,0,0.1683108108108108
5063,ëÂíÀâÎé°,6,27,0,3,6,0.18333333333333335,0,0,0,0,0,0,0,0,0,0,0.1683108108108108
5064,ïiêÏìÒêÁ„ƒ,1,27,11,2,7,0.1537037037037037,11,0,0,0,0,0,3,7,1,0,0.16118556701030928
5064,ïiêÏìÒêÁ„ƒ,2,36,7,10,7,0.17055555555555554,0,4,2,0,1,0,0,0,0,20,0.16118556701030928
5064,ïiêÏìÒêÁ„ƒ,3,33,5,8,10,0.14363636363636365,0,0,1,4,0,0,0,0,0,0,0.16118556701030928
5064,ïiêÏìÒêÁ„ƒ,4,35,4,8,7,0.15657142857142858,0,1,1,2,0,0,0,0,0,0,0.16118556701030928
5064,ïiêÏìÒêÁ„ƒ,5,35,0,9,9,0.17200000000000001,0,0,0,0,0,0,0,0,0,0,0.16118556701030928
5064,ïiêÏìÒêÁ„ƒ,6,28,1,2,7,0.1692857142857143,0,0,0,1,0,0,0,0,0,0,0.16118556701030928
5065,à…ãvä‘ózóD,1,20,5,6,3,0.152,5,0,0,0,0,0,7,3,1,0,0.15374193548387097
5065,à…ãvä‘ózóD,2,26,3,8,4,0.17076923076923078,0,2,0,1,0,0,0,0,0,15,0.15374193548387097
5065,à…ãvä‘ózóD,3,25,1,5,1,0.1628,0,0,1,0,0,0,0,0,0,0,0.15374193548387097
5065,à…ãvä‘ózóD,4,26,2,4,3,0.13884615384615384,0,0,0,2,0,0,0,0,0,0,0.15374193548387097
5065,à…ãvä‘ózóD,5,27,3,4,3,0.1448148148148148,0,1,0,2,0,0,0,0,0,0,0.15374193548387097
5065,à…ãvä‘ózóD,6,31,0,6,7,0.15354838709677418,0,0,0,0,0,0,0,0,0,0,0.15374193548387097
5066,óÈñÿçFñæ,1,45,22,6,4,0.16622222222222224,21,0,0,0,1,0,6,9,8,0,0.17112033195020748
5066,óÈñÿçFñæ,2,33,2,11,6,0.1706060606060606,0,2,0,0,0,0,0,0,0,17,0.17112033195020748
5066,óÈñÿçFñæ,3,40,3,13,5,0.19125,0,0,1,1,1,0,0,0,0,0,0.17112033195020748
5066,óÈñÿçFñæ,4,46,4,8,12,0.1658695652173913,0,1,1,2,0,0,0,0,0,0,0.17112033195020748
5066,óÈñÿçFñæ,5,42,5,7,6,0.16952380952380952,0,0,0,4,1,0,0,0,0,0,0.17112033195020748
5066,óÈñÿçFñæ,6,35,2,2,9,0.16371428571428573,0,0,0,2,0,0,0,0,0,0,0.17112033195020748
5067,éRìcê^êπ,1,31,13,7,1,0.14838709677419354,12,0,0,0,1,0,6,7,4,0,0.17527027027027028
5067,éRìcê^êπ,2,42,0,8,5,0.17357142857142857,0,0,0,0,0,0,0,0,0,23,0.17527027027027028
5067,éRìcê^êπ,3,46,6,9,8,0.16630434782608697,0,1,4,1,0,0,0,0,0,0,0.17527027027027028
5067,éRìcê^êπ,4,34,4,2,3,0.19176470588235295,0,0,3,1,0,0,0,0,0,0,0.17527027027027028
5067,éRìcê^êπ,5,38,3,5,5,0.16473684210526315,0,0,0,3,0,0,0,0,0,0,0.17527027027027028
5067,éRìcê^êπ,6,31,0,1,1,0.21258064516129033,0,0,0,0,0,0,0,0,0,0,0.17527027027027028
5068,ëOìcü‰,1,51,44,4,2,0.12372549019607844,40,0,1,0,2,1,4,2,1,0,0.14542510121457491
5068,ëOìcü‰,2,48,14,8,8,0.15875,0,5,7,0,2,0,0,0,0,23,0.14542510121457491
5068,ëOìcü‰,3,41,12,18,3,0.13146341463414635,0,1,7,2,2,0,0,0,0,0,0.14542510121457491
5068,ëOìcü‰,4,38,8,9,8,0.14789473684210527,0,1,5,2,0,0,0,0,0,0,0.14542510121457491
5068,ëOìcü‰,5,34,5,4,10,0.16147058823529412,0,2,3,0,0,0,0,0,0,0,0.14542510121457491
5068,ëOìcü‰,6,35,4,3,9,0.15685714285714286,0,0,2,2,0,0,0,0,0,0,0.14542510121457491
5069,éRçËè¨ótâπ,1,27,11,10,3,0.16407407407407407,11,0,0,0,0,0,2,4,5,0,0.14528409090909092
5069,éRçËè¨ótâπ,2,36,8,11,5,0.12222222222222223,1,2,4,0,0,1,0,0,0,20,0.14528409090909092
5069,éRçËè¨ótâπ,3,34,8,7,3,0.15058823529411766,0,1,5,1,0,1,0,0,0,0,0.14528409090909092
5069,éRçËè¨ótâπ,4,28,3,2,5,0.1475,0,1,2,0,0,0,0,0,0,0,0.14528409090909092
5069,éRçËè¨ótâπ,5,26,1,2,4,0.1426923076923077,0,0,0,1,0,0,0,0,0,0,0.14528409090909092
5069,éRçËè¨ótâπ,6,25,0,4,6,0.1512,0,0,0,0,0,0,0,0,0,0,0.14528409090909092
5070,íÜìáçq,1,32,19,5,1,0.1625,19,0,0,0,0,0,4,3,5,0,0.17829268292682926
5070,íÜìáçq,2,33,0,2,8,0.18151515151515152,0,0,0,0,0,0,0,0,0,23,0.17829268292682926
5070,íÜìáçq,3,36,1,3,8,0.17916666666666667,0,0,0,1,0,0,0,0,0,0,0.17829268292682926
5070,íÜìáçq,4,36,2,5,5,0.17416666666666666,0,1,1,0,0,0,0,0,0,0,0.17829268292682926
5070,íÜìáçq,5,33,0,3,3,0.16818181818181818,0,0,0,0,0,0,0,0,0,0,0.17829268292682926
5070,íÜìáçq,6,35,0,1,1,0.20257142857142857,0,0,0,0,0,0,0,0,0,0,0.17829268292682926
5071,ñÏå©éRëÒå»,1,13,6,1,2,0.13,5,0,0,0,1,0,4,2,1,0,0.16483333333333333
5071,ñÏå©éRëÒå»,2,23,4,6,4,0.16304347826086957,0,1,1,0,2,0,0,0,0,10,0.16483333333333333
5071,ñÏå©éRëÒå»,3,23,3,3,6,0.16652173913043478,0,0,2,0,1,0,0,0,0,0,0.16483333333333333
5071,ñÏå©éRëÒå»,4,19,2,3,3,0.16210526315789475,0,0,2,0,0,0,0,0,0,0,0.16483333333333333
5071,ñÏå©éRëÒå»,5,19,1,0,0,0.16736842105263158,0,0,0,1,0,0,0,0,0,0,0.16483333333333333
5071,ñÏå©éRëÒå»,6,23,0,0,3,0.18478260869565216,0,0,0,0,0,0,0,0,0,0,0.16483333333333333
5073,è„å¥åíéüòY,1,22,7,4,1,0.1809090909090909,6,0,0,0,1,0,4,8,2,0,0.1625531914893617
5073,è„å¥åíéüòY,2,37,5,4,11,0.1681081081081081,0,5,0,0,0,0,0,0,0,25,0.1625531914893617
5073,è„å¥åíéüòY,3,33,1,7,5,0.1621212121212121,0,0,1,0,0,0,0,0,0,0,0.1625531914893617
5073,è„å¥åíéüòY,4,35,2,5,8,0.1754285714285714,0,0,0,1,1,0,0,0,0,0,0.1625531914893617
5073,è„å¥åíéüòY,5,35,0,3,5,0.14314285714285713,0,0,0,0,0,0,0,0,0,0,0.1625531914893617
5073,è„å¥åíéüòY,6,26,1,1,4,0.14846153846153845,0,0,0,1,0,0,0,0,0,0,0.1625531914893617
5074,ëÂ‡VêΩñÁ,1,23,7,5,4,0.16434782608695653,7,0,0,0,0,0,4,5,5,0,0.17911917098445596
5074,ëÂ‡VêΩñÁ,2,37,2,8,5,0.17972972972972973,0,2,0,0,0,0,0,0,0,20,0.17911917098445596
5074,ëÂ‡VêΩñÁ,3,34,0,3,11,0.18323529411764708,0,0,0,0,0,0,0,0,0,0,0.17911917098445596
5074,ëÂ‡VêΩñÁ,4,34,1,2,6,0.18352941176470589,0,0,0,1,0,0,0,0,0,0,0.17911917098445596
5074,ëÂ‡VêΩñÁ,5,40,3,4,5,0.18425,0,0,0,2,0,1,0,0,0,0,0.17911917098445596
5074,ëÂ‡VêΩñÁ,6,25,0,1,2,0.172,0,0,0,0,0,0,0,0,0,0,0.17911917098445596
5075,íÜìáèGé°,1,49,39,6,2,0.15489795918367347,33,0,0,0,5,1,3,1,6,0,0.15995744680851065
5075,íÜìáèGé°,2,43,9,17,5,0.17883720930232558,0,5,2,0,2,0,0,0,0,19,0.15995744680851065
5075,íÜìáèGé°,3,34,9,7,9,0.14823529411764705,0,3,2,3,1,0,0,0,0,0,0.15995744680851065
5075,íÜìáèGé°,4,33,7,10,7,0.1575757575757576,0,1,3,1,2,0,0,0,0,0,0.15995744680851065
5075,íÜìáèGé°,5,35,4,9,9,0.15942857142857142,0,0,1,1,2,0,0,0,0,0,0.15995744680851065
5075,íÜìáèGé°,6,41,2,10,12,0.15829268292682927,0,0,0,1,0,1,0,0,0,0,0.15995744680851065
5076,êŒå¥åı,1,21,10,3,2,0.16904761904761903,10,0,0,0,0,0,1,2,7,0,0.20173184357541898
5076,êŒå¥åı,2,32,6,5,5,0.1909375,0,1,3,0,2,0,0,0,0,16,0.20173184357541898
5076,êŒå¥åı,3,27,5,3,3,0.18259259259259258,0,1,4,0,0,0,0,0,0,0,0.20173184357541898
5076,êŒå¥åı,4,33,2,7,5,0.21151515151515152,0,0,1,0,1,0,0,0,0,0,0.20173184357541898
5076,êŒå¥åı,5,35,0,3,4,0.22685714285714287,0,0,0,0,0,0,0,0,0,0,0.20173184357541898
5076,êŒå¥åı,6,31,1,2,2,0.21290322580645163,0,0,0,1,0,0,0,0,0,0,0.20173184357541898
5077,ëÍëÚõ√,1,12,2,1,4,0.1825,2,0,0,0,0,0,1,5,1,0,0.15347368421052632
5077,ëÍëÚõ√,2,18,2,4,3,0.14055555555555557,0,2,0,0,0,0,0,0,0,10,0.15347368421052632
5077,ëÍëÚõ√,3,19,0,1,1,0.17105263157894737,0,0,0,0,0,0,0,0,0,0,0.15347368421052632
5077,ëÍëÚõ√,4,19,0,1,3,0.12105263157894736,0,0,0,0,0,0,0,0,0,0,0.15347368421052632
5077,ëÍëÚõ√,5,15,1,2,1,0.15466666666666665,0,0,0,1,0,0,0,0,0,0,0.15347368421052632
5077,ëÍëÚõ√,6,12,0,0,2,0.16583333333333333,0,0,0,0,0,0,0,0,0,0,0.15347368421052632
5078,éRêÏîgâ≥,1,3,0,0,2,0.19333333333333336,0,0,0,0,0,0,1,1,1,0,0.222
5078,éRêÏîgâ≥,2,2,0,2,0,0.265,0,0,0,0,0,0,0,0,0,1,0.222
5078,éRêÏîgâ≥,3,2,0,0,0,0.195,0,0,0,0,0,0,0,0,0,0,0.222
5078,éRêÏîgâ≥,4,2,0,0,1,0.185,0,0,0,0,0,0,0,0,0,0,0.222
5078,éRêÏîgâ≥,5,3,0,0,1,0.2866666666666667,0,0,0,0,0,0,0,0,0,0,0.222
5078,éRêÏîgâ≥,6,3,0,0,0,0.19999999999999998,0,0,0,0,0,0,0,0,0,0,0.222
5079,ëÂêŒê^âõ,1,29,9,1,3,0.19551724137931034,9,0,0,0,0,0,6,12,1,0,0.19944700460829493
5079,ëÂêŒê^âõ,2,46,1,8,13,0.19999999999999998,0,0,1,0,0,0,0,0,0,26,0.19944700460829493
5079,ëÂêŒê^âõ,3,44,3,6,12,0.19568181818181818,0,0,3,0,0,0,0,0,0,0,0.19944700460829493
5079,ëÂêŒê^âõ,4,35,1,5,7,0.18742857142857142,0,0,0,1,0,0,0,0,0,0,0.19944700460829493
5079,ëÂêŒê^âõ,5,35,1,4,5,0.21714285714285714,0,0,0,0,1,0,0,0,0,0,0.19944700460829493
5079,ëÂêŒê^âõ,6,28,0,3,5,0.20142857142857143,0,0,0,0,0,0,0,0,0,0,0.19944700460829493
5081,é¬å¥îÚ„ƒ,1,27,6,6,4,0.16407407407407407,6,0,0,0,0,0,8,8,5,0,0.16653266331658292
5081,é¬å¥îÚ„ƒ,2,36,8,7,5,0.18638888888888888,1,4,2,0,1,0,0,0,0,19,0.16653266331658292
5081,é¬å¥îÚ„ƒ,3,42,3,8,10,0.16499999999999998,0,0,1,1,0,1,0,0,0,0,0.16653266331658292
5081,é¬å¥îÚ„ƒ,4,38,3,8,10,0.16499999999999998,0,1,0,2,0,0,0,0,0,0,0.16653266331658292
5081,é¬å¥îÚ„ƒ,5,32,4,4,7,0.1596875,0,0,0,4,0,0,0,0,0,0,0.16653266331658292
5081,é¬å¥îÚ„ƒ,6,24,1,1,4,0.15375,0,0,0,1,0,0,0,0,0,0,0.16653266331658292
5082,àÍêFóΩâÎ,1,25,7,5,4,0.2004,7,0,0,0,0,0,7,4,4,0,0.2065934065934066
5082,àÍêFóΩâÎ,2,33,6,9,3,0.1878787878787879,0,5,1,0,0,0,0,0,0,16,0.2065934065934066
5082,àÍêFóΩâÎ,3,38,5,7,5,0.2031578947368421,0,0,3,2,0,0,0,0,0,0,0.2065934065934066
5082,àÍêFóΩâÎ,4,31,2,4,5,0.21516129032258063,0,0,1,1,0,0,0,0,0,0,0.2065934065934066
5082,àÍêFóΩâÎ,5,29,2,3,2,0.2072413793103448,0,0,0,2,0,0,0,0,0,0,0.2065934065934066
5082,àÍêFóΩâÎ,6,26,0,1,6,0.23038461538461538,0,0,0,0,0,0,0,0,0,0,0.2065934065934066
5083,ñˆê£ä≤ëæ,1,27,9,7,3,0.1885185185185185,9,0,0,0,0,0,2,9,3,0,0.1527403846153846
5083,ñˆê£ä≤ëæ,2,41,2,14,8,0.16926829268292684,0,2,0,0,0,0,0,0,0,24,0.1527403846153846
5083,ñˆê£ä≤ëæ,3,38,3,8,6,0.14421052631578948,0,0,0,3,0,0,0,0,0,0,0.1527403846153846
5083,ñˆê£ä≤ëæ,4,37,3,4,7,0.14945945945945946,0,0,2,1,0,0,0,0,0,0,0.1527403846153846
5083,ñˆê£ä≤ëæ,5,37,3,4,5,0.15675675675675677,0,0,0,3,0,0,0,0,0,0,0.1527403846153846
5083,ñˆê£ä≤ëæ,6,28,2,1,4,0.10464285714285715,0,0,2,0,0,0,0,0,0,0,0.1527403846153846
5084,ññâiòañÁ,1,59,47,6,3,0.13322033898305086,47,0,0,0,0,0,3,3,4,0,0.13431372549019607
5084,ññâiòañÁ,2,46,10,14,7,0.135,0,6,3,0,1,0,0,0,0,27,0.13431372549019607
5084,ññâiòañÁ,3,35,9,13,3,0.132,0,2,3,2,2,0,0,0,0,0,0.13431372549019607
5084,ññâiòañÁ,4,40,10,8,14,0.13425,0,4,3,2,1,0,0,0,0,0,0.13431372549019607
5084,ññâiòañÁ,5,36,6,9,6,0.135,0,0,1,4,1,0,0,0,0,0,0.13431372549019607
5084,ññâiòañÁ,6,39,7,0,12,0.13666666666666666,0,3,0,3,1,0,0,0,0,0,0.13431372549019607
5085,íÜë∫âhé°,1,26,5,5,5,0.16038461538461538,5,0,0,0,0,0,11,5,2,0,0.19141361256544503
5085,íÜë∫âhé°,2,30,3,6,5,0.182,0,2,0,0,1,0,0,0,0,13,0.19141361256544503
5085,íÜë∫âhé°,3,32,0,6,4,0.1921875,0,0,0,0,0,0,0,0,0,0,0.19141361256544503
5085,íÜë∫âhé°,4,33,0,2,7,0.1996969696969697,0,0,0,0,0,0,0,0,0,0,0.19141361256544503
5085,íÜë∫âhé°,5,31,3,2,9,0.19806451612903225,0,0,0,2,1,0,0,0,0,0,0.19141361256544503
5085,íÜë∫âhé°,6,39,0,2,6,0.20641025641025643,0,0,0,0,0,0,0,0,0,0,0.19141361256544503
5086,ñ{ë∫ëÂ,1,31,12,6,3,0.15870967741935485,12,0,0,0,0,0,7,6,5,0,0.16423529411764706
5086,ñ{ë∫ëÂ,2,30,2,4,4,0.17600000000000002,0,0,1,0,1,0,0,0,0,20,0.16423529411764706
5086,ñ{ë∫ëÂ,3,27,5,9,3,0.1362962962962963,0,1,4,0,0,0,0,0,0,0,0.16423529411764706
5086,ñ{ë∫ëÂ,4,28,2,8,4,0.1464285714285714,0,0,1,1,0,0,0,0,0,0,0.16423529411764706
5086,ñ{ë∫ëÂ,5,24,0,2,3,0.18666666666666668,0,0,0,0,0,0,0,0,0,0,0.16423529411764706
5086,ñ{ë∫ëÂ,6,30,0,0,2,0.182,0,0,0,0,0,0,0,0,0,0,0.16423529411764706
5087,ç≤ì°çq,1,43,29,6,4,0.17116279069767443,27,0,1,0,1,0,4,4,5,0,0.1882857142857143
5087,ç≤ì°çq,2,47,9,12,8,0.19425531914893618,0,5,4,0,0,0,0,0,0,23,0.1882857142857143
5087,ç≤ì°çq,3,31,8,6,9,0.16903225806451613,0,1,3,3,1,0,0,0,0,0,0.1882857142857143
5087,ç≤ì°çq,4,39,7,8,9,0.18205128205128207,0,2,3,1,1,0,0,0,0,0,0.1882857142857143
5087,ç≤ì°çq,5,46,6,5,12,0.20956521739130435,0,0,1,4,0,1,0,0,0,0,0.1882857142857143
5087,ç≤ì°çq,6,39,2,5,9,0.19641025641025642,0,1,0,1,0,0,0,0,0,0,0.1882857142857143
5088,çÇì≤élãG,1,41,28,4,3,0.16463414634146342,28,0,0,0,0,0,2,6,3,0,0.16620000000000001
5088,çÇì≤élãG,2,28,7,2,8,0.17071428571428574,0,3,4,0,0,0,0,0,0,14,0.16620000000000001
5088,çÇì≤élãG,3,37,4,6,13,0.1564864864864865,0,0,1,2,1,0,0,0,0,0,0.16620000000000001
5088,çÇì≤élãG,4,36,7,7,11,0.1638888888888889,0,2,3,1,1,0,0,0,0,0,0.16620000000000001
5088,çÇì≤élãG,5,24,2,4,4,0.15458333333333332,0,0,0,2,0,0,0,0,0,0,0.16620000000000001
5088,çÇì≤élãG,6,34,0,3,4,0.18558823529411766,0,0,0,0,0,0,0,0,0,0,0.16620000000000001
5089,ëOìc„ƒ,1,43,27,9,4,0.12976744186046513,25,0,0,0,2,0,4,7,4,0,0.15308457711442786
5089,ëOìc„ƒ,2,32,4,7,9,0.1303125,0,2,0,1,1,0,0,0,0,21,0.15308457711442786
5089,ëOìc„ƒ,3,32,12,7,5,0.1415625,0,4,3,4,1,0,0,0,0,0,0.15308457711442786
5089,ëOìc„ƒ,4,35,6,6,7,0.16971428571428573,0,1,2,2,1,0,0,0,0,0,0.15308457711442786
5089,ëOìc„ƒ,5,28,1,11,9,0.17071428571428574,0,1,0,0,0,0,0,0,0,0,0.15308457711442786
5089,ëOìc„ƒ,6,31,1,2,10,0.18612903225806454,0,0,0,1,0,0,0,0,0,0,0.15308457711442786
5090,ê∂ï˚ñıàü,1,35,16,10,2,0.14942857142857144,14,0,0,0,2,0,6,7,4,0,0.1638785046728972
5090,ê∂ï˚ñıàü,2,36,4,7,7,0.15583333333333335,0,2,2,0,0,0,0,0,0,16,0.1638785046728972
5090,ê∂ï˚ñıàü,3,41,4,12,4,0.15341463414634146,0,0,4,0,0,0,0,0,0,0,0.1638785046728972
5090,ê∂ï˚ñıàü,4,35,3,3,7,0.1677142857142857,0,0,3,0,0,0,0,0,0,0,0.1638785046728972
5090,ê∂ï˚ñıàü,5,35,0,4,6,0.16085714285714287,0,0,0,0,0,0,0,0,0,0,0.1638785046728972
5090,ê∂ï˚ñıàü,6,32,1,2,2,0.20125,0,0,1,0,0,0,0,0,0,0,0.1638785046728972
5091,à◊ñ{íqñÁ,1,24,16,3,2,0.14208333333333334,15,0,0,0,1,0,2,2,1,0,0.1561267605633803
5091,à◊ñ{íqñÁ,2,24,9,2,5,0.16708333333333333,0,4,2,1,2,0,0,0,0,6,0.1561267605633803
5091,à◊ñ{íqñÁ,3,21,2,3,7,0.15142857142857144,0,0,1,1,0,0,0,0,0,0,0.1561267605633803
5091,à◊ñ{íqñÁ,4,27,3,7,5,0.1611111111111111,0,0,2,1,0,0,0,0,0,0,0.1561267605633803
5091,à◊ñ{íqñÁ,5,21,3,2,5,0.14904761904761904,0,0,1,2,0,0,0,0,0,0,0.1561267605633803
5091,à◊ñ{íqñÁ,6,25,0,4,8,0.1636,0,0,0,0,0,0,0,0,0,0,0.1561267605633803
5092,é¬å¥ùÓñÌ,1,34,21,8,1,0.12735294117647059,20,0,0,0,1,0,1,6,4,0,0.14282407407407408
5092,é¬å¥ùÓñÌ,2,33,3,8,7,0.16151515151515153,0,0,3,0,0,0,0,0,0,17,0.14282407407407408
5092,é¬å¥ùÓñÌ,3,37,5,7,8,0.16864864864864865,0,0,4,1,0,0,0,0,0,0,0.14282407407407408
5092,é¬å¥ùÓñÌ,4,40,4,3,11,0.14150000000000001,0,0,3,1,0,0,0,0,0,0,0.14282407407407408
5092,é¬å¥ùÓñÌ,5,35,1,3,5,0.13,0,0,1,0,0,0,0,0,0,0,0.14282407407407408
5092,é¬å¥ùÓñÌ,6,37,2,1,10,0.1281081081081081,0,0,1,0,1,0,0,0,0,0,0.14282407407407408
5093,âYñÏäC,1,21,15,0,1,0.14761904761904762,15,0,0,0,0,0,2,2,1,0,0.16023809523809524
5093,âYñÏäC,2,30,4,7,7,0.15166666666666667,0,1,3,0,0,0,0,0,0,10,0.16023809523809524
5093,âYñÏäC,3,30,3,9,4,0.12966666666666668,0,0,2,1,0,0,0,0,0,0,0.16023809523809524
5093,âYñÏäC,4,28,0,6,5,0.16964285714285715,0,0,0,0,0,0,0,0,0,0,0.16023809523809524
5093,âYñÏäC,5,26,2,6,5,0.16076923076923075,0,0,0,2,0,0,0,0,0,0,0.16023809523809524
5093,âYñÏäC,6,33,1,0,8,0.19545454545454546,0,0,0,0,1,0,0,0,0,0,0.16023809523809524
5095,è¨å¥ëèè´,1,32,21,3,3,0.136875,18,0,0,0,2,1,1,6,2,0,0.14258064516129032
5095,è¨å¥ëèè´,2,36,2,17,7,0.13333333333333333,0,2,0,0,0,0,0,0,0,23,0.14258064516129032
5095,è¨å¥ëèè´,3,28,1,5,10,0.1392857142857143,0,1,0,0,0,0,0,0,0,0,0.14258064516129032
5095,è¨å¥ëèè´,4,27,1,6,7,0.14925925925925926,0,0,0,0,0,1,0,0,0,0,0.14258064516129032
5095,è¨å¥ëèè´,5,32,5,7,4,0.1446875,0,2,0,2,0,1,0,0,0,0,0.14258064516129032
5095,è¨å¥ëèè´,6,31,0,3,8,0.15419354838709678,0,0,0,0,0,0,0,0,0,0,0.14258064516129032
5096,è„å¥õ√,1,33,20,4,4,0.12757575757575756,19,0,0,0,1,0,5,5,3,0,0.12970149253731345
5096,è„å¥õ√,2,34,3,9,5,0.13941176470588235,0,0,2,1,0,0,0,0,0,21,0.12970149253731345
5096,è„å¥õ√,3,31,6,7,7,0.11838709677419354,0,0,5,1,0,0,0,0,0,0,0.12970149253731345
5096,è„å¥õ√,4,37,3,6,11,0.13135135135135137,0,0,2,0,1,0,0,0,0,0,0.12970149253731345
5096,è„å¥õ√,5,35,3,6,2,0.126,0,0,0,3,0,0,0,0,0,0,0.12970149253731345
5096,è„å¥õ√,6,31,1,4,4,0.13483870967741934,0,1,0,0,0,0,0,0,0,0,0.12970149253731345
5098,ëÂç]èÉ,1,22,9,5,3,0.1409090909090909,9,0,0,0,0,0,3,3,3,0,0.15494444444444444
5098,ëÂç]èÉ,2,32,5,9,7,0.16875,1,2,2,0,0,0,0,0,0,18,0.15494444444444444
5098,ëÂç]èÉ,3,33,3,5,6,0.12787878787878787,0,1,1,0,1,0,0,0,0,0,0.15494444444444444
5098,ëÂç]èÉ,4,28,3,4,4,0.15357142857142855,0,0,0,2,1,0,0,0,0,0,0.15494444444444444
5098,ëÂç]èÉ,5,31,2,2,3,0.16129032258064516,0,0,0,2,0,0,0,0,0,0,0.15494444444444444
5098,ëÂç]èÉ,6,34,0,2,4,0.1726470588235294,0,0,0,0,0,0,0,0,0,0,0.15494444444444444
5099,å¥ìcèrñ@,1,3,0,0,0,0.14,0,0,0,0,0,0,1,2,0,0,0.11833333333333333
5099,å¥ìcèrñ@,2,1,0,0,0,0.08,0,0,0,0,0,0,0,0,0,0,0.11833333333333333
5099,å¥ìcèrñ@,3,2,0,0,1,0.045,0,0,0,0,0,0,0,0,0,0,0.11833333333333333
5099,å¥ìcèrñ@,4,3,0,0,0,0.13333333333333333,0,0,0,0,0,0,0,0,0,0,0.11833333333333333
5099,å¥ìcèrñ@,5,2,0,0,0,0.145,0,0,0,0,0,0,0,0,0,0,0.11833333333333333
5099,å¥ìcèrñ@,6,1,0,0,0,0.14,0,0,0,0,0,0,0,0,0,0,0.11833333333333333
5100,åIå¥àÍîn,1,22,5,3,3,0.17772727272727273,5,0,0,0,0,0,6,5,2,0,0.16131578947368422
5100,åIå¥àÍîn,2,28,1,3,3,0.16071428571428573,0,0,0,1,0,0,0,0,0,12,0.16131578947368422
5100,åIå¥àÍîn,3,25,4,3,5,0.15360000000000001,0,0,4,0,0,0,0,0,0,0,0.16131578947368422
5100,åIå¥àÍîn,4,26,2,5,4,0.14961538461538462,0,0,2,0,0,0,0,0,0,0,0.16131578947368422
5100,åIå¥àÍîn,5,25,0,1,2,0.1632,0,0,0,0,0,0,0,0,0,0,0.16131578947368422
5100,åIå¥àÍîn,6,26,0,0,5,0.16538461538461538,0,0,0,0,0,0,0,0,0,0,0.16131578947368422
5101,ï\åíëæ,1,6,2,1,1,0.10666666666666667,2,0,0,0,0,0,2,2,0,0,0.20385714285714285
5101,ï\åíëæ,2,16,1,1,1,0.233125,0,0,1,0,0,0,0,0,0,5,0.20385714285714285
5101,ï\åíëæ,3,10,0,2,0,0.187,0,0,0,0,0,0,0,0,0,0,0.20385714285714285
5101,ï\åíëæ,4,14,0,0,1,0.20357142857142857,0,0,0,0,0,0,0,0,0,0,0.20385714285714285
5101,ï\åíëæ,5,15,1,0,1,0.19866666666666666,0,0,0,1,0,0,0,0,0,0,0.20385714285714285
5101,ï\åíëæ,6,9,0,0,1,0.24444444444444446,0,0,0,0,0,0,0,0,0,0,0.20385714285714285
5102,å¥ìcóYéü,1,27,13,5,2,0.16444444444444445,13,0,0,0,0,0,2,6,3,0,0.19673366834170852
5102,å¥ìcóYéü,2,38,4,10,8,0.17526315789473684,0,2,1,0,1,0,0,0,0,20,0.19673366834170852
5102,å¥ìcóYéü,3,35,6,13,7,0.19314285714285714,0,0,3,3,0,0,0,0,0,0,0.19673366834170852
5102,å¥ìcóYéü,4,32,3,5,8,0.226875,0,0,2,1,0,0,0,0,0,0,0.19673366834170852
5102,å¥ìcóYéü,5,38,2,2,10,0.19815789473684212,0,0,0,2,0,0,0,0,0,0,0.19673366834170852
5102,å¥ìcóYéü,6,29,0,1,3,0.22413793103448276,0,0,0,0,0,0,0,0,0,0,0.19673366834170852
5103,é≈ìcãûâÓ,1,24,8,2,3,0.1829166666666667,8,0,0,0,0,0,3,8,3,0,0.17087248322147652
5103,é≈ìcãûâÓ,2,24,0,1,5,0.17666666666666667,0,0,0,0,0,0,0,0,0,9,0.17087248322147652
5103,é≈ìcãûâÓ,3,34,2,4,4,0.15970588235294117,0,0,1,1,0,0,0,0,0,0,0.17087248322147652
5103,é≈ìcãûâÓ,4,23,0,2,8,0.14478260869565218,0,0,0,0,0,0,0,0,0,0,0.17087248322147652
5103,é≈ìcãûâÓ,5,24,2,2,1,0.18875,0,0,0,2,0,0,0,0,0,0,0.17087248322147652
5103,é≈ìcãûâÓ,6,20,0,0,2,0.177,0,0,0,0,0,0,0,0,0,0,0.17087248322147652
5104,éRìcè‰,1,30,21,2,5,0.175,18,0,0,0,2,1,1,3,3,0,0.17314917127071824
5104,éRìcè‰,2,32,6,9,4,0.1609375,1,4,1,0,0,0,0,0,0,16,0.17314917127071824
5104,éRìcè‰,3,28,5,6,6,0.16428571428571428,0,1,3,0,1,0,0,0,0,0,0.17314917127071824
5104,éRìcè‰,4,25,1,8,7,0.1512,0,0,0,0,0,1,0,0,0,0,0.17314917127071824
5104,éRìcè‰,5,33,1,7,9,0.1715151515151515,0,0,0,1,0,0,0,0,0,0,0.17314917127071824
5104,éRìcè‰,6,33,4,1,6,0.2090909090909091,0,0,0,4,0,0,0,0,0,0,0.17314917127071824
5105,ïxìcèöê∂,1,33,12,10,5,0.19393939393939394,8,0,0,0,4,0,3,13,4,0,0.17131687242798355
5105,ïxìcèöê∂,2,49,7,13,12,0.19,0,6,0,0,1,0,0,0,0,27,0.17131687242798355
5105,ïxìcèöê∂,3,46,3,12,7,0.1806521739130435,0,1,0,2,0,0,0,0,0,0,0.17131687242798355
5105,ïxìcèöê∂,4,39,4,7,6,0.1535897435897436,0,0,1,2,1,0,0,0,0,0,0.17131687242798355
5105,ïxìcèöê∂,5,44,4,10,8,0.15204545454545457,0,1,0,2,1,0,0,0,0,0,0.17131687242798355
5105,ïxìcèöê∂,6,32,1,4,6,0.1540625,0,1,0,0,0,0,0,0,0,0,0.17131687242798355
5106,éRçËèÀ,1,37,21,4,3,0.19675675675675677,20,0,0,0,1,0,8,3,3,0,0.18177884615384615
5106,éRçËèÀ,2,39,2,8,9,0.19025641025641024,0,2,0,0,0,0,0,0,0,20,0.18177884615384615
5106,éRçËèÀ,3,38,5,9,5,0.17657894736842106,0,2,2,1,0,0,0,0,0,0,0.18177884615384615
5106,éRçËèÀ,4,31,3,3,9,0.1696774193548387,0,1,1,1,0,0,0,0,0,0,0.18177884615384615
5106,éRçËèÀ,5,26,1,4,5,0.17115384615384616,0,0,0,1,0,0,0,0,0,0,0.18177884615384615
5106,éRçËèÀ,6,37,0,3,4,0.18081081081081082,0,0,0,0,0,0,0,0,0,0,0.18177884615384615
5107,èºñ{ê^çL,1,15,3,2,4,0.12666666666666665,3,0,0,0,0,0,2,8,1,0,0.16634328358208955
5107,èºñ{ê^çL,2,27,0,4,6,0.16037037037037039,0,0,0,0,0,0,0,0,0,12,0.16634328358208955
5107,èºñ{ê^çL,3,25,3,2,3,0.1576,0,0,2,1,0,0,0,0,0,0,0.16634328358208955
5107,èºñ{ê^çL,4,23,2,0,3,0.19608695652173913,0,0,2,0,0,0,0,0,0,0,0.16634328358208955
5107,èºñ{ê^çL,5,24,0,1,5,0.1729166666666667,0,0,0,0,0,0,0,0,0,0,0.16634328358208955
5107,èºñ{ê^çL,6,20,0,0,3,0.173,0,0,0,0,0,0,0,0,0,0,0.16634328358208955
5109,êÏçËíqñ´,1,34,10,10,6,0.15970588235294117,9,0,0,0,1,0,6,8,5,0,0.14748858447488583
5109,êÏçËíqñ´,2,41,4,11,6,0.14902439024390246,0,4,0,0,0,0,0,0,0,21,0.14748858447488583
5109,êÏçËíqñ´,3,38,5,4,8,0.1486842105263158,0,0,2,2,1,0,0,0,0,0,0.14748858447488583
5109,êÏçËíqñ´,4,34,4,6,7,0.115,0,0,2,2,0,0,0,0,0,0,0.14748858447488583
5109,êÏçËíqñ´,5,34,2,7,3,0.13794117647058823,0,0,0,2,0,0,0,0,0,0,0.14748858447488583
5109,êÏçËíqñ´,6,38,0,5,6,0.1713157894736842,0,0,0,0,0,0,0,0,0,0,0.14748858447488583
5110,êôéRäÏàÍ,1,33,16,7,2,0.16363636363636364,16,0,0,0,0,0,4,4,3,0,0.1687866108786611
5110,êôéRäÏàÍ,2,49,5,14,5,0.17979591836734696,1,1,3,0,0,0,0,0,0,29,0.1687866108786611
5110,êôéRäÏàÍ,3,39,4,9,4,0.14307692307692307,0,1,2,1,0,0,0,0,0,0,0.1687866108786611
5110,êôéRäÏàÍ,4,41,3,6,11,0.1702439024390244,0,0,2,0,1,0,0,0,0,0,0.1687866108786611
5110,êôéRäÏàÍ,5,42,3,3,10,0.18261904761904763,0,0,0,3,0,0,0,0,0,0,0.1687866108786611
5110,êôéRäÏàÍ,6,35,1,0,5,0.1685714285714286,0,0,0,1,0,0,0,0,0,0,0.1687866108786611
5111,éOë∫äxêl,1,54,29,9,7,0.15703703703703706,28,0,0,0,1,0,3,16,4,0,0.14294117647058824
5111,éOë∫äxêl,2,40,4,6,12,0.15275,0,1,3,0,0,0,0,0,0,21,0.14294117647058824
5111,éOë∫äxêl,3,51,2,16,13,0.1415686274509804,0,0,2,0,0,0,0,0,0,0,0.14294117647058824
5111,éOë∫äxêl,4,48,7,10,10,0.13229166666666667,0,3,2,2,0,0,0,0,0,0,0.14294117647058824
5111,éOë∫äxêl,5,32,0,9,9,0.14125,0,0,0,0,0,0,0,0,0,0,0.14294117647058824
5111,éOë∫äxêl,6,47,1,9,15,0.13191489361702127,0,0,1,0,0,0,0,0,0,0,0.14294117647058824
5112,çªí∑ímãP,1,48,34,5,4,0.14604166666666665,33,0,0,0,1,0,2,8,3,0,0.16056910569105692
5112,çªí∑ímãP,2,45,12,8,8,0.15644444444444444,0,4,7,0,0,1,0,0,0,16,0.16056910569105692
5112,çªí∑ímãP,3,38,5,12,7,0.1626315789473684,0,1,1,3,0,0,0,0,0,0,0.16056910569105692
5112,çªí∑ímãP,4,40,11,9,7,0.14975,0,2,3,5,1,0,0,0,0,0,0.16056910569105692
5112,çªí∑ímãP,5,38,4,6,10,0.17210526315789473,0,1,1,1,1,0,0,0,0,0,0.16056910569105692
5112,çªí∑ímãP,6,37,1,2,12,0.18216216216216216,0,0,0,1,0,0,0,0,0,0,0.16056910569105692
5113,çïñæâ‘ñ≤,1,8,5,0,0,0.15875,5,0,0,0,0,0,2,0,1,0,0.1923287671232877
5113,çïñæâ‘ñ≤,2,11,0,2,2,0.16363636363636364,0,0,0,0,0,0,0,0,0,8,0.1923287671232877
5113,çïñæâ‘ñ≤,3,16,0,2,1,0.18375,0,0,0,0,0,0,0,0,0,0,0.1923287671232877
5113,çïñæâ‘ñ≤,4,16,0,0,1,0.20125,0,0,0,0,0,0,0,0,0,0,0.1923287671232877
5113,çïñæâ‘ñ≤,5,13,0,0,0,0.1846153846153846,0,0,0,0,0,0,0,0,0,0,0.1923287671232877
5113,çïñæâ‘ñ≤,6,9,0,0,0,0.2677777777777778,0,0,0,0,0,0,0,0,0,0,0.1923287671232877
5114,è¨ó—çFè≤,1,24,10,5,4,0.13958333333333334,9,0,0,0,1,0,5,1,5,0,0.16121827411167514
5114,è¨ó—çFè≤,2,39,6,13,11,0.15512820512820513,0,5,0,1,0,0,0,0,0,23,0.16121827411167514
5114,è¨ó—çFè≤,3,34,6,8,6,0.15941176470588236,0,0,1,5,0,0,0,0,0,0,0.16121827411167514
5114,è¨ó—çFè≤,4,38,6,2,4,0.1655263157894737,0,2,0,4,0,0,0,0,0,0,0.16121827411167514
5114,è¨ó—çFè≤,5,35,0,10,6,0.16457142857142856,0,0,0,0,0,0,0,0,0,0,0.16121827411167514
5114,è¨ó—çFè≤,6,27,0,3,3,0.1811111111111111,0,0,0,0,0,0,0,0,0,0,0.16121827411167514
5115,çÅêÏÈDëæ,1,37,21,7,5,0.14054054054054055,21,0,0,0,0,0,5,5,4,0,0.14765765765765768
5115,çÅêÏÈDëæ,2,37,7,8,7,0.15621621621621623,0,5,1,0,1,0,0,0,0,16,0.14765765765765768
5115,çÅêÏÈDëæ,3,32,4,7,6,0.16125,0,0,1,2,1,0,0,0,0,0,0.14765765765765768
5115,çÅêÏÈDëæ,4,43,7,7,9,0.1486046511627907,0,0,3,4,0,0,0,0,0,0,0.14765765765765768
5115,çÅêÏÈDëæ,5,34,2,5,6,0.14029411764705885,0,0,1,1,0,0,0,0,0,0,0.14765765765765768
5115,çÅêÏÈDëæ,6,39,3,0,10,0.14051282051282052,0,0,3,0,0,0,0,0,0,0,0.14765765765765768
5116,ã‡éqéµäC,1,5,2,0,0,0.16,2,0,0,0,0,0,0,2,1,0,0.17520833333333333
5116,ã‡éqéµäC,2,9,0,0,1,0.17444444444444446,0,0,0,0,0,0,0,0,0,5,0.17520833333333333
5116,ã‡éqéµäC,3,8,0,1,0,0.1825,0,0,0,0,0,0,0,0,0,0,0.17520833333333333
5116,ã‡éqéµäC,4,9,0,1,1,0.17777777777777778,0,0,0,0,0,0,0,0,0,0,0.17520833333333333
5116,ã‡éqéµäC,5,9,0,0,0,0.18666666666666665,0,0,0,0,0,0,0,0,0,0,0.17520833333333333
5116,ã‡éqéµäC,6,8,0,0,0,0.1625,0,0,0,0,0,0,0,0,0,0,0.17520833333333333
5117,ïyñºçòìçìﬁ,1,12,3,2,1,0.22666666666666666,3,0,0,0,0,0,3,4,1,0,0.1927049180327869
5117,ïyñºçòìçìﬁ,2,25,0,4,4,0.218,0,0,0,0,0,0,0,0,0,14,0.1927049180327869
5117,ïyñºçòìçìﬁ,3,20,3,4,2,0.1715,0,0,2,1,0,0,0,0,0,0,0.1927049180327869
5117,ïyñºçòìçìﬁ,4,20,1,1,5,0.178,0,0,1,0,0,0,0,0,0,0,0.1927049180327869
5117,ïyñºçòìçìﬁ,5,20,0,1,1,0.188,0,0,0,0,0,0,0,0,0,0,0.1927049180327869
5117,ïyñºçòìçìﬁ,6,25,0,1,4,0.18359999999999999,0,0,0,0,0,0,0,0,0,0,0.1927049180327869
5118,ñÏìcÇ»Ç√Ç´,1,15,7,3,2,0.18066666666666667,4,0,0,0,2,1,5,3,0,0,0.1891089108910891
5118,ñÏìcÇ»Ç√Ç´,2,19,1,7,3,0.18421052631578946,0,1,0,0,0,0,0,0,0,11,0.1891089108910891
5118,ñÏìcÇ»Ç√Ç´,3,20,4,2,6,0.1795,0,1,0,3,0,0,0,0,0,0,0.1891089108910891
5118,ñÏìcÇ»Ç√Ç´,4,18,1,5,5,0.20166666666666666,0,0,0,1,0,0,0,0,0,0,0.1891089108910891
5118,ñÏìcÇ»Ç√Ç´,5,16,0,2,1,0.22125,0,0,0,0,0,0,0,0,0,0,0.1891089108910891
5118,ñÏìcÇ»Ç√Ç´,6,13,0,1,4,0.16384615384615384,0,0,0,0,0,0,0,0,0,0,0.1891089108910891
5120,éRñ{ñ´ëæòN,1,21,13,5,1,0.15428571428571428,13,0,0,0,0,0,1,6,1,0,0.17152866242038217
5120,éRñ{ñ´ëæòN,2,28,3,8,5,0.15607142857142858,0,3,0,0,0,0,0,0,0,18,0.17152866242038217
5120,éRñ{ñ´ëæòN,3,22,3,7,4,0.16272727272727272,0,0,0,3,0,0,0,0,0,0,0.17152866242038217
5120,éRñ{ñ´ëæòN,4,25,2,2,3,0.1708,0,1,1,0,0,0,0,0,0,0,0.17152866242038217
5120,éRñ{ñ´ëæòN,5,33,1,7,9,0.17484848484848486,0,0,0,1,0,0,0,0,0,0,0.17152866242038217
5120,éRñ{ñ´ëæòN,6,28,0,1,2,0.20357142857142857,0,0,0,0,0,0,0,0,0,0,0.17152866242038217
5121,íËèºóEé˜,1,56,42,5,7,0.11607142857142858,42,0,0,0,0,0,5,3,5,0,0.13036885245901642
5121,íËèºóEé˜,2,42,13,13,4,0.13404761904761905,1,4,6,0,2,0,0,0,0,19,0.13036885245901642
5121,íËèºóEé˜,3,39,10,8,12,0.128974358974359,0,0,7,3,0,0,0,0,0,0,0.13036885245901642
5121,íËèºóEé˜,4,37,7,4,7,0.13675675675675678,1,1,2,0,3,0,0,0,0,0,0.13036885245901642
5121,íËèºóEé˜,5,30,1,5,6,0.13333333333333333,0,0,0,1,0,0,0,0,0,0,0.13036885245901642
5121,íËèºóEé˜,6,40,4,4,12,0.13974999999999999,0,0,2,1,1,0,0,0,0,0,0.13036885245901642
5122,ëäîn„ƒ,1,25,8,2,6,0.1532,8,0,0,0,0,0,7,6,4,0,0.16892045454545454
5122,ëäîn„ƒ,2,30,2,4,5,0.14566666666666667,0,1,1,0,0,0,0,0,0,14,0.16892045454545454
5122,ëäîn„ƒ,3,34,1,8,4,0.14088235294117646,0,0,1,0,0,0,0,0,0,0,0.16892045454545454
5122,ëäîn„ƒ,4,31,2,2,5,0.1774193548387097,0,0,2,0,0,0,0,0,0,0,0.16892045454545454
5122,ëäîn„ƒ,5,27,1,3,1,0.17629629629629628,0,0,0,1,0,0,0,0,0,0,0.16892045454545454
5122,ëäîn„ƒ,6,29,1,1,3,0.22344827586206897,0,0,1,0,0,0,0,0,0,0,0.16892045454545454
5123,ïüéRåbó¢ìﬁ,1,13,6,2,2,0.1853846153846154,6,0,0,0,0,0,3,2,1,0,0.1702608695652174
5123,ïüéRåbó¢ìﬁ,2,29,1,5,4,0.14758620689655172,0,0,1,0,0,0,0,0,0,18,0.1702608695652174
5123,ïüéRåbó¢ìﬁ,3,19,1,4,4,0.14368421052631578,0,0,1,0,0,0,0,0,0,0,0.1702608695652174
5123,ïüéRåbó¢ìﬁ,4,16,0,1,3,0.15625,0,0,0,0,0,0,0,0,0,0,0.1702608695652174
5123,ïüéRåbó¢ìﬁ,5,21,0,0,2,0.21142857142857144,0,0,0,0,0,0,0,0,0,0,0.1702608695652174
5123,ïüéRåbó¢ìﬁ,6,17,1,1,0,0.18941176470588236,0,0,0,0,1,0,0,0,0,0,0.1702608695652174
5124,è„ëÎà∫ñÁ,1,27,10,8,1,0.13777777777777778,10,0,0,0,0,0,8,4,4,0,0.14848780487804877
5124,è„ëÎà∫ñÁ,2,36,2,6,7,0.16527777777777777,0,2,0,0,0,0,0,0,0,17,0.14848780487804877
5124,è„ëÎà∫ñÁ,3,35,1,6,8,0.16028571428571428,0,0,1,0,0,0,0,0,0,0,0.14848780487804877
5124,è„ëÎà∫ñÁ,4,37,5,2,7,0.14189189189189189,0,0,4,0,1,0,0,0,0,0,0.14848780487804877
5124,è„ëÎà∫ñÁ,5,36,1,2,5,0.1311111111111111,0,0,0,1,0,0,0,0,0,0,0.14848780487804877
5124,è„ëÎà∫ñÁ,6,34,1,1,3,0.1526470588235294,0,0,0,1,0,0,0,0,0,0,0.14848780487804877
5125,çÇà‰óYäÓ,1,49,30,5,6,0.1583673469387755,28,0,0,0,2,0,4,7,4,0,0.16163424124513617
5125,çÇà‰óYäÓ,2,47,9,18,6,0.15680851063829787,0,5,3,0,1,0,0,0,0,18,0.16163424124513617
5125,çÇà‰óYäÓ,3,40,5,8,14,0.14625000000000002,0,1,2,2,0,0,0,0,0,0,0.16163424124513617
5125,çÇà‰óYäÓ,4,41,4,6,13,0.1726829268292683,0,2,1,1,0,0,0,0,0,0,0.16163424124513617
5125,çÇà‰óYäÓ,5,37,1,9,6,0.15945945945945947,0,0,0,1,0,0,0,0,0,0,0.16163424124513617
5125,çÇà‰óYäÓ,6,43,0,3,10,0.17627906976744187,0,0,0,0,0,0,0,0,0,0,0.16163424124513617
5126,éRâ∫ëÂãP,1,40,20,10,1,0.15425,18,0,0,0,2,0,8,5,6,0,0.15891774891774893
5126,éRâ∫ëÂãP,2,37,7,9,12,0.1581081081081081,1,3,1,0,1,1,0,0,0,19,0.15891774891774893
5126,éRâ∫ëÂãP,3,37,5,9,7,0.1608108108108108,0,0,5,0,0,0,0,0,0,0,0.15891774891774893
5126,éRâ∫ëÂãP,4,42,8,7,9,0.1473809523809524,0,3,3,1,1,0,0,0,0,0,0.15891774891774893
5126,éRâ∫ëÂãP,5,34,6,9,4,0.15529411764705883,0,1,0,3,2,0,0,0,0,0,0.15891774891774893
5126,éRâ∫ëÂãP,6,41,0,5,3,0.1773170731707317,0,0,0,0,0,0,0,0,0,0,0.15891774891774893
5127,è¿ìcëÂìs,1,34,15,4,6,0.18382352941176472,15,0,0,0,0,0,8,7,3,0,0.18508771929824563
5127,è¿ìcëÂìs,2,41,4,11,11,0.17682926829268292,0,3,1,0,0,0,0,0,0,24,0.18508771929824563
5127,è¿ìcëÂìs,3,42,1,7,11,0.16285714285714287,0,1,0,0,0,0,0,0,0,0,0.18508771929824563
5127,è¿ìcëÂìs,4,44,2,8,12,0.16636363636363638,0,0,2,0,0,0,0,0,0,0,0.18508771929824563
5127,è¿ìcëÂìs,5,35,0,5,8,0.20800000000000002,0,0,0,0,0,0,0,0,0,0,0.18508771929824563
5127,è¿ìcëÂìs,6,32,1,3,4,0.226875,0,0,0,1,0,0,0,0,0,0,0.18508771929824563
5128,íÿà‰ëuóC,1,8,3,1,1,0.23625000000000002,3,0,0,0,0,0,1,1,2,0,0.1811627906976744
5128,íÿà‰ëuóC,2,17,0,1,3,0.22941176470588234,0,0,0,0,0,0,0,0,0,11,0.1811627906976744
5128,íÿà‰ëuóC,3,19,1,6,1,0.1563157894736842,0,0,0,0,1,0,0,0,0,0,0.1811627906976744
5128,íÿà‰ëuóC,4,18,0,0,2,0.14055555555555557,0,0,0,0,0,0,0,0,0,0,0.1811627906976744
5128,íÿà‰ëuóC,5,14,0,4,2,0.17714285714285713,0,0,0,0,0,0,0,0,0,0,0.1811627906976744
5128,íÿà‰ëuóC,6,10,0,0,1,0.181,0,0,0,0,0,0,0,0,0,0,0.1811627906976744
5129,éRå˚ê^äÏéq,1,33,14,5,1,0.19090909090909092,12,0,0,0,2,0,1,12,2,0,0.17511737089201876
5129,éRå˚ê^äÏéq,2,42,7,8,8,0.18261904761904763,0,6,1,0,0,0,0,0,0,21,0.17511737089201876
5129,éRå˚ê^äÏéq,3,41,6,9,11,0.18195121951219512,0,2,3,0,1,0,0,0,0,0,0.17511737089201876
5129,éRå˚ê^äÏéq,4,34,6,8,9,0.14970588235294116,0,2,2,1,1,0,0,0,0,0,0.17511737089201876
5129,éRå˚ê^äÏéq,5,32,3,6,8,0.1721875,0,1,0,1,1,0,0,0,0,0,0.17511737089201876
5129,éRå˚ê^äÏéq,6,31,0,2,9,0.16999999999999998,0,0,0,0,0,0,0,0,0,0,0.17511737089201876
5130,è„ñÏëÒîn,1,31,13,6,0,0.17516129032258063,13,0,0,0,0,0,2,10,3,0,0.18384955752212387
5130,è„ñÏëÒîn,2,44,2,7,3,0.19431818181818183,0,2,0,0,0,0,0,0,0,25,0.18384955752212387
5130,è„ñÏëÒîn,3,44,4,5,11,0.17522727272727273,0,1,0,3,0,0,0,0,0,0,0.18384955752212387
5130,è„ñÏëÒîn,4,40,3,5,6,0.1805,0,2,0,0,1,0,0,0,0,0,0.18384955752212387
5130,è„ñÏëÒîn,5,37,1,3,7,0.17945945945945946,0,0,1,0,0,0,0,0,0,0,0.18384955752212387
5130,è„ñÏëÒîn,6,30,1,1,4,0.2,0,0,0,0,0,1,0,0,0,0,0.18384955752212387
5131,ç]ì°ì÷çG,1,13,2,3,2,0.16692307692307692,2,0,0,0,0,0,1,5,3,0,0.18067164179104478
5131,ç]ì°ì÷çG,2,26,1,6,5,0.1853846153846154,0,1,0,0,0,0,0,0,0,17,0.18067164179104478
5131,ç]ì°ì÷çG,3,27,1,1,3,0.16962962962962963,0,0,1,0,0,0,0,0,0,0,0.18067164179104478
5131,ç]ì°ì÷çG,4,22,1,1,2,0.1990909090909091,0,1,0,0,0,0,0,0,0,0,0.18067164179104478
5131,ç]ì°ì÷çG,5,23,0,0,4,0.16521739130434782,0,0,0,0,0,0,0,0,0,0,0.18067164179104478
5131,ç]ì°ì÷çG,6,23,0,0,3,0.19391304347826085,0,0,0,0,0,0,0,0,0,0,0.18067164179104478
5132,íÜñÏäÛàÍ,1,31,16,6,1,0.1761290322580645,12,0,0,0,4,0,5,5,2,0,0.16189573459715642
5132,íÜñÏäÛàÍ,2,40,9,14,7,0.156,0,3,2,1,3,0,0,0,0,21,0.16189573459715642
5132,íÜñÏäÛàÍ,3,27,5,4,5,0.1474074074074074,0,0,2,3,0,0,0,0,0,0,0.16189573459715642
5132,íÜñÏäÛàÍ,4,31,5,9,2,0.13935483870967744,0,1,2,0,2,0,0,0,0,0,0.16189573459715642
5132,íÜñÏäÛàÍ,5,41,0,8,12,0.1678048780487805,0,0,0,0,0,0,0,0,0,0,0.16189573459715642
5132,íÜñÏäÛàÍ,6,41,2,3,8,0.17756097560975612,0,0,0,2,0,0,0,0,0,0,0.16189573459715642
5133,ñxâzóYãM,1,30,10,6,2,0.15266666666666667,10,0,0,0,0,0,5,8,6,0,0.16790243902439025
5133,ñxâzóYãM,2,37,0,10,6,0.16405405405405407,0,0,0,0,0,0,0,0,0,22,0.16790243902439025
5133,ñxâzóYãM,3,43,8,5,7,0.1541860465116279,0,0,3,3,2,0,0,0,0,0,0.16790243902439025
5133,ñxâzóYãM,4,34,2,4,10,0.17441176470588235,0,1,1,0,0,0,0,0,0,0,0.16790243902439025
5133,ñxâzóYãM,5,31,3,5,5,0.16322580645161291,0,1,1,1,0,0,0,0,0,0,0.16790243902439025
5133,ñxâzóYãM,6,30,0,3,9,0.20500000000000002,0,0,0,0,0,0,0,0,0,0,0.16790243902439025
5134,ëÂå¥èÀèπ,1,31,16,5,3,0.13645161290322583,14,0,0,0,2,0,5,8,2,0,0.13582568807339448
5134,ëÂå¥èÀèπ,2,33,8,10,7,0.12393939393939393,0,6,2,0,0,0,0,0,0,16,0.13582568807339448
5134,ëÂå¥èÀèπ,3,40,7,8,9,0.13075,0,2,0,4,1,0,0,0,0,0,0.13582568807339448
5134,ëÂå¥èÀèπ,4,33,9,1,7,0.1293939393939394,0,0,2,5,2,0,0,0,0,0,0.13582568807339448
5134,ëÂå¥èÀèπ,5,37,2,2,8,0.14135135135135135,0,0,0,2,0,0,0,0,0,0,0.13582568807339448
5134,ëÂå¥èÀèπ,6,44,2,4,13,0.1490909090909091,0,0,0,2,0,0,0,0,0,0,0.13582568807339448
5135,íáçqëæ,1,33,15,7,3,0.1509090909090909,14,0,0,0,1,0,2,13,2,0,0.16434977578475335
5135,íáçqëæ,2,39,3,10,7,0.17384615384615384,0,1,2,0,0,0,0,0,0,22,0.16434977578475335
5135,íáçqëæ,3,48,4,12,9,0.16520833333333332,0,1,1,2,0,0,0,0,0,0,0.16434977578475335
5135,íáçqëæ,4,42,6,8,10,0.14952380952380953,0,3,1,0,2,0,0,0,0,0,0.16434977578475335
5135,íáçqëæ,5,31,2,5,9,0.1635483870967742,0,0,0,2,0,0,0,0,0,0,0.16434977578475335
5135,íáçqëæ,6,30,2,2,7,0.187,0,0,0,1,1,0,0,0,0,0,0.16434977578475335
5136,‡_ñÏìlîn,1,59,44,5,6,0.11949152542372882,44,0,0,0,0,0,7,5,3,0,0.12730290456431534
5136,‡_ñÏìlîn,2,40,7,10,8,0.141,1,2,2,1,1,0,0,0,0,18,0.12730290456431534
5136,‡_ñÏìlîn,3,34,4,9,5,0.10882352941176471,0,1,1,2,0,0,0,0,0,0,0.12730290456431534
5136,‡_ñÏìlîn,4,37,7,6,11,0.1272972972972973,0,1,3,1,1,1,0,0,0,0,0.12730290456431534
5136,‡_ñÏìlîn,5,30,3,6,5,0.11800000000000001,0,1,1,1,0,0,0,0,0,0,0.12730290456431534
5136,‡_ñÏìlîn,6,41,1,4,9,0.1473170731707317,0,0,0,1,0,0,0,0,0,0,0.12730290456431534
5137,êÏå¥ó¡,1,27,14,7,1,0.16703703703703704,12,0,0,0,2,0,4,3,3,0,0.16057894736842107
5137,êÏå¥ó¡,2,33,3,4,8,0.1709090909090909,0,1,2,0,0,0,0,0,0,21,0.16057894736842107
5137,êÏå¥ó¡,3,37,4,6,5,0.16621621621621624,0,1,1,1,0,1,0,0,0,0,0.16057894736842107
5137,êÏå¥ó¡,4,26,5,3,3,0.11846153846153847,0,1,4,0,0,0,0,0,0,0,0.16057894736842107
5137,êÏå¥ó¡,5,36,2,5,7,0.14388888888888887,0,0,1,1,0,0,0,0,0,0,0.16057894736842107
5137,êÏå¥ó¡,6,31,1,2,4,0.19193548387096776,0,0,1,0,0,0,0,0,0,0,0.16057894736842107
5138,ë∫ñ{ëÂê¨,1,12,1,2,3,0.18500000000000003,1,0,0,0,0,0,4,6,0,0,0.17762295081967214
5138,ë∫ñ{ëÂê¨,2,25,0,1,4,0.17800000000000002,0,0,0,0,0,0,0,0,0,9,0.17762295081967214
5138,ë∫ñ{ëÂê¨,3,22,1,1,4,0.16954545454545455,0,0,0,1,0,0,0,0,0,0,0.17762295081967214
5138,ë∫ñ{ëÂê¨,4,19,0,1,1,0.16789473684210526,0,0,0,0,0,0,0,0,0,0,0.17762295081967214
5138,ë∫ñ{ëÂê¨,5,23,0,1,2,0.15913043478260872,0,0,0,0,0,0,0,0,0,0,0.17762295081967214
5138,ë∫ñ{ëÂê¨,6,21,0,0,0,0.21047619047619048,0,0,0,0,0,0,0,0,0,0,0.17762295081967214
5139,ëÂèÍçPãG,1,24,16,3,0,0.12,15,0,0,0,1,0,3,3,2,0,0.15301886792452832
5139,ëÂèÍçPãG,2,21,6,4,4,0.1461904761904762,1,2,1,0,2,0,0,0,0,9,0.15301886792452832
5139,ëÂèÍçPãG,3,29,8,4,9,0.1472413793103448,0,1,1,4,2,0,0,0,0,0,0.15301886792452832
5139,ëÂèÍçPãG,4,28,4,10,5,0.15785714285714286,0,0,2,2,0,0,0,0,0,0,0.15301886792452832
5139,ëÂèÍçPãG,5,28,4,3,6,0.16357142857142856,0,0,2,0,2,0,0,0,0,0,0.15301886792452832
5139,ëÂèÍçPãG,6,29,1,5,7,0.17620689655172414,0,0,0,1,0,0,0,0,0,0,0.15301886792452832
5140,ãgìcç îT,1,20,5,3,3,0.201,4,0,0,0,1,0,4,8,2,0,0.2012244897959184
5140,ãgìcç îT,2,27,4,8,2,0.19296296296296298,0,2,1,0,0,1,0,0,0,12,0.2012244897959184
5140,ãgìcç îT,3,29,2,2,9,0.20655172413793105,0,1,0,1,0,0,0,0,0,0,0.2012244897959184
5140,ãgìcç îT,4,29,0,5,1,0.2072413793103448,0,0,0,0,0,0,0,0,0,0,0.2012244897959184
5140,ãgìcç îT,5,23,1,1,5,0.19217391304347825,0,0,1,0,0,0,0,0,0,0,0.2012244897959184
5140,ãgìcç îT,6,19,0,2,3,0.20684210526315788,0,0,0,0,0,0,0,0,0,0,0.2012244897959184
5141,ëÂ‡Vïóà®,1,51,34,8,2,0.12372549019607844,32,0,0,0,2,0,5,6,5,0,0.1223728813559322
5141,ëÂ‡Vïóà®,2,38,14,14,4,0.14473684210526316,0,9,3,0,2,0,0,0,0,15,0.1223728813559322
5141,ëÂ‡Vïóà®,3,36,9,12,5,0.12361111111111112,0,2,3,3,1,0,0,0,0,0,0.1223728813559322
5141,ëÂ‡Vïóà®,4,32,8,9,5,0.1075,0,1,6,1,0,0,0,0,0,0,0.1223728813559322
5141,ëÂ‡Vïóà®,5,37,4,10,7,0.10918918918918918,0,0,2,2,0,0,0,0,0,0,0.1223728813559322
5141,ëÂ‡Vïóà®,6,42,4,14,7,0.12238095238095237,0,1,0,2,1,0,0,0,0,0,0.1223728813559322
5142,èÌèZò@,1,71,56,11,3,0.14816901408450703,54,0,0,0,2,0,6,4,2,0,0.15455479452054796
5142,èÌèZò@,2,48,13,11,9,0.17458333333333334,0,4,6,0,3,0,0,0,0,22,0.15455479452054796
5142,èÌèZò@,3,49,13,14,11,0.14122448979591837,0,1,3,6,3,0,0,0,0,0,0.15455479452054796
5142,èÌèZò@,4,44,7,10,16,0.13977272727272727,0,2,1,4,0,0,0,0,0,0,0.15455479452054796
5142,èÌèZò@,5,39,3,6,11,0.15769230769230771,0,0,1,2,0,0,0,0,0,0,0.15455479452054796
5142,èÌèZò@,6,41,2,5,7,0.17097560975609755,0,1,0,1,0,0,0,0,0,0,0.15455479452054796
5143,èÌî’äCêS,1,17,2,1,5,0.24411764705882355,2,0,0,0,0,0,0,10,5,0,0.21414012738853502
5143,èÌî’äCêS,2,33,4,4,3,0.21151515151515152,0,3,1,0,0,0,0,0,0,15,0.21414012738853502
5143,èÌî’äCêS,3,30,2,4,6,0.20800000000000002,0,1,0,1,0,0,0,0,0,0,0.21414012738853502
5143,èÌî’äCêS,4,26,0,1,5,0.23423076923076921,0,0,0,0,0,0,0,0,0,0,0.21414012738853502
5143,èÌî’äCêS,5,28,0,2,5,0.18321428571428572,0,0,0,0,0,0,0,0,0,0,0.21414012738853502
5143,èÌî’äCêS,6,23,0,1,3,0.21869565217391304,0,0,0,0,0,0,0,0,0,0,0.21414012738853502
5144,íÜîˆç çÅ,1,14,2,4,3,0.20142857142857143,2,0,0,0,0,0,4,4,0,0,0.1858677685950413
5144,íÜîˆç çÅ,2,23,1,4,4,0.16869565217391305,0,0,1,0,0,0,0,0,0,15,0.1858677685950413
5144,íÜîˆç çÅ,3,26,1,2,7,0.1776923076923077,0,0,0,1,0,0,0,0,0,0,0.1858677685950413
5144,íÜîˆç çÅ,4,16,1,1,2,0.1825,0,0,0,0,1,0,0,0,0,0,0.1858677685950413
5144,íÜîˆç çÅ,5,23,0,2,3,0.19999999999999998,0,0,0,0,0,0,0,0,0,0,0.1858677685950413
5144,íÜîˆç çÅ,6,19,0,1,2,0.19210526315789472,0,0,0,0,0,0,0,0,0,0,0.1858677685950413
5145,ìáêÏäCãP,1,45,31,6,3,0.13866666666666666,30,0,0,0,1,0,4,5,4,0,0.15447257383966245
5145,ìáêÏäCãP,2,34,9,10,4,0.14235294117647057,2,4,3,0,0,0,0,0,0,16,0.15447257383966245
5145,ìáêÏäCãP,3,43,4,9,10,0.1330232558139535,0,1,3,0,0,0,0,0,0,0,0.15447257383966245
5145,ìáêÏäCãP,4,47,7,10,8,0.16574468085106384,0,1,2,4,0,0,0,0,0,0,0.15447257383966245
5145,ìáêÏäCãP,5,29,1,6,6,0.16413793103448276,0,0,0,0,1,0,0,0,0,0,0.15447257383966245
5145,ìáêÏäCãP,6,39,4,6,4,0.18615384615384614,0,0,0,3,1,0,0,0,0,0,0.15447257383966245
5146,ñÏìcç â¡,1,36,17,10,5,0.15194444444444444,16,0,0,0,1,0,8,5,3,0,0.16784037558685447
5146,ñÏìcç â¡,2,45,7,10,12,0.16844444444444445,0,7,0,0,0,0,0,0,0,20,0.16784037558685447
5146,ñÏìcç â¡,3,30,0,5,10,0.164,0,0,0,0,0,0,0,0,0,0,0.16784037558685447
5146,ñÏìcç â¡,4,40,3,9,12,0.19575,0,0,2,1,0,0,0,0,0,0,0.16784037558685447
5146,ñÏìcç â¡,5,30,2,3,3,0.17333333333333334,0,0,1,1,0,0,0,0,0,0,0.16784037558685447
5146,ñÏìcç â¡,6,32,0,5,4,0.1484375,0,0,0,0,0,0,0,0,0,0,0.16784037558685447
5147,ìcíÜóEï„,1,27,9,8,4,0.1262962962962963,9,0,0,0,0,0,9,3,3,0,0.12818181818181817
5147,ìcíÜóEï„,2,38,1,7,3,0.14578947368421052,0,0,0,0,1,0,0,0,0,23,0.12818181818181817
5147,ìcíÜóEï„,3,35,3,3,8,0.12571428571428572,0,1,1,0,1,0,0,0,0,0,0.12818181818181817
5147,ìcíÜóEï„,4,32,12,5,3,0.103125,0,0,11,1,0,0,0,0,0,0,0.12818181818181817
5147,ìcíÜóEï„,5,31,1,3,3,0.12064516129032259,0,0,0,1,0,0,0,0,0,0,0.12818181818181817
5147,ìcíÜóEï„,6,35,1,3,4,0.14257142857142857,0,0,1,0,0,0,0,0,0,0,0.12818181818181817
5148,èºñ{óÂ,1,24,7,3,8,0.18791666666666665,7,0,0,0,0,0,2,10,3,0,0.1900581395348837
5148,èºñ{óÂ,2,33,5,8,6,0.1784848484848485,0,2,3,0,0,0,0,0,0,14,0.1900581395348837
5148,èºñ{óÂ,3,34,3,4,12,0.19852941176470587,0,0,3,0,0,0,0,0,0,0,0.1900581395348837
5148,èºñ{óÂ,4,27,6,7,4,0.1888888888888889,0,2,3,0,1,0,0,0,0,0,0.1900581395348837
5148,èºñ{óÂ,5,30,0,1,8,0.183,0,0,0,0,0,0,0,0,0,0,0.1900581395348837
5148,èºñ{óÂ,6,24,0,1,0,0.20625000000000002,0,0,0,0,0,0,0,0,0,0,0.1900581395348837
5150,ç‚ñ{óYãI,1,38,22,6,4,0.16131578947368422,20,0,0,0,2,0,4,5,6,0,0.15119469026548674
5150,ç‚ñ{óYãI,2,34,13,8,4,0.14676470588235294,0,5,6,0,2,0,0,0,0,12,0.15119469026548674
5150,ç‚ñ{óYãI,3,45,8,9,11,0.16577777777777777,0,0,4,4,0,0,0,0,0,0,0.15119469026548674
5150,ç‚ñ{óYãI,4,38,9,5,4,0.14578947368421052,0,2,6,1,0,0,0,0,0,0,0.15119469026548674
5150,ç‚ñ{óYãI,5,38,4,7,6,0.14342105263157895,0,0,2,2,0,0,0,0,0,0,0.15119469026548674
5150,ç‚ñ{óYãI,6,33,5,7,3,0.13939393939393938,0,0,1,3,1,0,0,0,0,0,0.15119469026548674
5151,éRâ∫ìﬁèè,1,13,5,2,2,0.21307692307692308,5,0,0,0,0,0,2,3,3,0,0.22565656565656567
5151,éRâ∫ìﬁèè,2,20,2,3,3,0.2145,0,0,1,0,0,1,0,0,0,15,0.22565656565656567
5151,éRâ∫ìﬁèè,3,19,0,3,2,0.21473684210526317,0,0,0,0,0,0,0,0,0,0,0.22565656565656567
5151,éRâ∫ìﬁèè,4,19,0,0,5,0.2131578947368421,0,0,0,0,0,0,0,0,0,0,0.22565656565656567
5151,éRâ∫ìﬁèè,5,15,0,1,1,0.24733333333333332,0,0,0,0,0,0,0,0,0,0,0.22565656565656567
5151,éRâ∫ìﬁèè,6,13,0,0,2,0.2646153846153846,0,0,0,0,0,0,0,0,0,0,0.22565656565656567
5152,ä€éRóSñÁ,1,17,6,0,5,0.1623529411764706,6,0,0,0,0,0,1,4,6,0,0.20373134328358208
5152,ä€éRóSñÁ,2,25,1,6,6,0.2024,0,1,0,0,0,0,0,0,0,10,0.20373134328358208
5152,ä€éRóSñÁ,3,25,3,5,5,0.17400000000000002,0,1,0,2,0,0,0,0,0,0,0.20373134328358208
5152,ä€éRóSñÁ,4,25,0,1,3,0.1916,0,0,0,0,0,0,0,0,0,0,0.20373134328358208
5152,ä€éRóSñÁ,5,21,0,0,4,0.22523809523809527,0,0,0,0,0,0,0,0,0,0,0.20373134328358208
5152,ä€éRóSñÁ,6,21,0,0,1,0.2671428571428572,0,0,0,0,0,0,0,0,0,0,0.20373134328358208
5153,ç≤ì°ÇŸÇÃÇ©,1,20,3,4,4,0.20099999999999998,3,0,0,0,0,0,7,5,3,0,0.1738372093023256
5153,ç≤ì°ÇŸÇÃÇ©,2,36,2,3,9,0.16555555555555557,0,1,1,0,0,0,0,0,0,19,0.1738372093023256
5153,ç≤ì°ÇŸÇÃÇ©,3,30,1,3,7,0.178,0,0,1,0,0,0,0,0,0,0,0.1738372093023256
5153,ç≤ì°ÇŸÇÃÇ©,4,39,2,1,6,0.18000000000000002,0,0,1,0,1,0,0,0,0,0,0.1738372093023256
5153,ç≤ì°ÇŸÇÃÇ©,5,26,0,2,5,0.15846153846153846,0,0,0,0,0,0,0,0,0,0,0.1738372093023256
5153,ç≤ì°ÇŸÇÃÇ©,6,21,0,0,3,0.1638095238095238,0,0,0,0,0,0,0,0,0,0,0.1738372093023256
5154,ë∫èºâhëæ,1,23,5,7,3,0.17260869565217393,5,0,0,0,0,0,5,9,3,0,0.1648469387755102
5154,ë∫èºâhëæ,2,37,2,8,10,0.18324324324324326,0,2,0,0,0,0,0,0,0,20,0.1648469387755102
5154,ë∫èºâhëæ,3,40,6,7,5,0.14425,0,0,5,0,1,0,0,0,0,0,0.1648469387755102
5154,ë∫èºâhëæ,4,35,4,3,4,0.15514285714285714,0,1,3,0,0,0,0,0,0,0,0.1648469387755102
5154,ë∫èºâhëæ,5,34,1,2,5,0.1776470588235294,0,0,0,1,0,0,0,0,0,0,0.1648469387755102
5154,ë∫èºâhëæ,6,27,1,1,8,0.16,0,0,1,0,0,0,0,0,0,0,0.1648469387755102
5155,ì‡éRéµäC,1,5,1,0,1,0.184,1,0,0,0,0,0,2,2,0,0,0.16599999999999998
5155,ì‡éRéµäC,2,9,1,1,1,0.1622222222222222,0,1,0,0,0,0,0,0,0,5,0.16599999999999998
5155,ì‡éRéµäC,3,8,0,2,1,0.145,0,0,0,0,0,0,0,0,0,0,0.16599999999999998
5155,ì‡éRéµäC,4,8,0,0,1,0.22375,0,0,0,0,0,0,0,0,0,0,0.16599999999999998
5155,ì‡éRéµäC,5,9,0,1,1,0.1111111111111111,0,0,0,0,0,0,0,0,0,0,0.16599999999999998
5155,ì‡éRéµäC,6,6,0,0,0,0.19000000000000003,0,0,0,0,0,0,0,0,0,0,0.16599999999999998
5156,ç‚ñÏÇ≥Ç≠ÇÁ,1,32,17,4,3,0.181875,17,0,0,0,0,0,5,8,2,0,0.1752803738317757
5156,ç‚ñÏÇ≥Ç≠ÇÁ,2,39,5,6,6,0.20025641025641028,0,3,2,0,0,0,0,0,0,20,0.1752803738317757
5156,ç‚ñÏÇ≥Ç≠ÇÁ,3,38,4,7,9,0.1805263157894737,0,2,2,0,0,0,0,0,0,0,0.1752803738317757
5156,ç‚ñÏÇ≥Ç≠ÇÁ,4,36,3,3,5,0.15861111111111112,0,1,1,1,0,0,0,0,0,0,0.1752803738317757
5156,ç‚ñÏÇ≥Ç≠ÇÁ,5,37,3,9,10,0.1535135135135135,0,0,0,3,0,0,0,0,0,0,0.1752803738317757
5156,ç‚ñÏÇ≥Ç≠ÇÁ,6,32,1,1,4,0.1759375,0,0,0,1,0,0,0,0,0,0,0.1752803738317757
5157,ésêÏåíëæ,1,35,16,3,4,0.16,15,0,0,0,1,0,7,7,4,0,0.16851528384279477
5157,ésêÏåíëæ,2,41,4,3,10,0.18146341463414636,0,2,1,0,1,0,0,0,0,24,0.16851528384279477
5157,ésêÏåíëæ,3,48,3,7,9,0.17958333333333334,0,1,0,2,0,0,0,0,0,0,0.16851528384279477
5157,ésêÏåíëæ,4,40,3,2,9,0.161,0,0,1,2,0,0,0,0,0,0,0.16851528384279477
5157,ésêÏåíëæ,5,33,2,2,4,0.1687878787878788,0,0,1,1,0,0,0,0,0,0,0.16851528384279477
5157,ésêÏåíëæ,6,32,0,0,5,0.15375,0,0,0,0,0,0,0,0,0,0,0.16851528384279477
5158,ã{òeó…ëæ,1,24,15,2,0,0.14083333333333334,14,0,0,0,1,0,1,3,1,0,0.1540909090909091
5158,ã{òeó…ëæ,2,36,8,4,8,0.15944444444444444,0,4,4,0,0,0,0,0,0,19,0.1540909090909091
5158,ã{òeó…ëæ,3,34,3,7,7,0.14088235294117646,0,0,2,1,0,0,0,0,0,0,0.1540909090909091
5158,ã{òeó…ëæ,4,36,5,4,7,0.14055555555555557,0,1,4,0,0,0,0,0,0,0,0.1540909090909091
5158,ã{òeó…ëæ,5,34,3,5,6,0.15882352941176472,0,1,0,2,0,0,0,0,0,0,0.1540909090909091
5158,ã{òeó…ëæ,6,34,3,3,2,0.18058823529411766,0,0,0,3,0,0,0,0,0,0,0.1540909090909091
5159,ä}ä‘åõç∆,1,7,2,1,1,0.18,1,0,0,0,1,0,2,2,0,0,0.16560975609756098
5159,ä}ä‘åõç∆,2,7,1,1,1,0.17714285714285713,0,1,0,0,0,0,0,0,0,3,0.16560975609756098
5159,ä}ä‘åõç∆,3,8,0,1,0,0.17875000000000002,0,0,0,0,0,0,0,0,0,0,0.16560975609756098
5159,ä}ä‘åõç∆,4,7,0,0,1,0.14857142857142858,0,0,0,0,0,0,0,0,0,0,0.16560975609756098
5159,ä}ä‘åõç∆,5,6,0,0,0,0.135,0,0,0,0,0,0,0,0,0,0,0.16560975609756098
5159,ä}ä‘åõç∆,6,6,0,1,0,0.16833333333333333,0,0,0,0,0,0,0,0,0,0,0.16560975609756098
5160,ì°êXó§ìl,1,33,16,7,1,0.1296969696969697,16,0,0,0,0,0,6,5,3,0,0.1464516129032258
5160,ì°êXó§ìl,2,41,4,7,9,0.13975609756097562,0,3,1,0,0,0,0,0,0,25,0.1464516129032258
5160,ì°êXó§ìl,3,39,2,13,10,0.15384615384615385,0,0,1,1,0,0,0,0,0,0,0.1464516129032258
5160,ì°êXó§ìl,4,37,2,5,4,0.1483783783783784,0,0,1,1,0,0,0,0,0,0,0.1464516129032258
5160,ì°êXó§ìl,5,34,0,8,7,0.15,0,0,0,0,0,0,0,0,0,0,0.1464516129032258
5160,ì°êXó§ìl,6,33,0,1,4,0.15696969696969695,0,0,0,0,0,0,0,0,0,0,0.1464516129032258
5161,ìoã îπïS,1,47,31,7,2,0.13872340425531915,31,0,0,0,0,0,3,7,2,0,0.132880658436214
5161,ìoã îπïS,2,42,11,10,9,0.13238095238095238,0,9,2,0,0,0,0,0,0,18,0.132880658436214
5161,ìoã îπïS,3,40,7,8,7,0.136,0,1,3,2,1,0,0,0,0,0,0.132880658436214
5161,ìoã îπïS,4,40,8,8,8,0.12825,0,1,6,0,1,0,0,0,0,0,0.132880658436214
5161,ìoã îπïS,5,40,6,8,4,0.13,0,0,5,0,0,1,0,0,0,0,0.132880658436214
5161,ìoã îπïS,6,34,2,4,7,0.13058823529411767,0,0,1,1,0,0,0,0,0,0,0.132880658436214
5162,èºîˆóÂé¿,1,18,5,3,2,0.18166666666666667,5,0,0,0,0,0,4,5,3,0,0.16312925170068027
5162,èºîˆóÂé¿,2,27,2,4,3,0.17296296296296296,0,1,1,0,0,0,0,0,0,15,0.16312925170068027
5162,èºîˆóÂé¿,3,29,2,5,4,0.14896551724137932,0,0,1,1,0,0,0,0,0,0,0.16312925170068027
5162,èºîˆóÂé¿,4,23,0,2,6,0.14652173913043479,0,0,0,0,0,0,0,0,0,0,0.16312925170068027
5162,èºîˆóÂé¿,5,25,0,2,3,0.1648,0,0,0,0,0,0,0,0,0,0,0.16312925170068027
5162,èºîˆóÂé¿,6,25,0,0,5,0.16920000000000002,0,0,0,0,0,0,0,0,0,0,0.16312925170068027
5163,ê¥êÖà§äC,1,30,21,6,1,0.17666666666666667,17,1,0,0,2,1,0,4,5,0,0.18040609137055838
5163,ê¥êÖà§äC,2,34,6,10,6,0.19999999999999998,0,3,2,0,1,0,0,0,0,17,0.18040609137055838
5163,ê¥êÖà§äC,3,32,8,6,8,0.145625,0,1,4,1,2,0,0,0,0,0,0.18040609137055838
5163,ê¥êÖà§äC,4,36,6,10,11,0.1936111111111111,0,1,4,0,0,1,0,0,0,0,0.18040609137055838
5163,ê¥êÖà§äC,5,33,1,10,6,0.17636363636363636,0,0,1,0,0,0,0,0,0,0,0.18040609137055838
5163,ê¥êÖà§äC,6,32,1,5,9,0.1871875,0,0,0,1,0,0,0,0,0,0,0.18040609137055838
5164,êXìcóúåŒ,1,10,2,2,1,0.211,2,0,0,0,0,0,2,5,1,0,0.230126582278481
5164,êXìcóúåŒ,2,18,0,0,1,0.22,0,0,0,0,0,0,0,0,0,9,0.230126582278481
5164,êXìcóúåŒ,3,15,1,1,0,0.21133333333333332,0,0,0,1,0,0,0,0,0,0,0.230126582278481
5164,êXìcóúåŒ,4,13,0,0,0,0.26153846153846155,0,0,0,0,0,0,0,0,0,0,0.230126582278481
5164,êXìcóúåŒ,5,12,0,0,1,0.22999999999999998,0,0,0,0,0,0,0,0,0,0,0.230126582278481
5164,êXìcóúåŒ,6,11,0,1,0,0.25272727272727274,0,0,0,0,0,0,0,0,0,0,0.230126582278481
5165,è¨ó—à§é¿,1,32,7,5,8,0.20375,6,0,0,0,1,0,6,10,5,0,0.17991967871485942
5165,è¨ó—à§é¿,2,43,4,6,8,0.19744186046511628,0,1,1,0,1,1,0,0,0,17,0.17991967871485942
5165,è¨ó—à§é¿,3,43,2,7,13,0.14581395348837212,0,1,0,0,0,1,0,0,0,0,0.17991967871485942
5165,è¨ó—à§é¿,4,49,5,4,11,0.18612244897959182,0,3,1,1,0,0,0,0,0,0,0.17991967871485942
5165,è¨ó—à§é¿,5,38,0,4,9,0.1718421052631579,0,0,0,0,0,0,0,0,0,0,0.17991967871485942
5165,è¨ó—à§é¿,6,44,0,1,9,0.17886363636363636,0,0,0,0,0,0,0,0,0,0,0.17991967871485942
5166,íáìπëÂï„,1,43,30,5,6,0.13604651162790699,29,0,0,0,1,0,4,2,6,0,0.16896713615023476
5166,íáìπëÂï„,2,33,7,12,4,0.1618181818181818,0,3,3,0,0,1,0,0,0,18,0.16896713615023476
5166,íáìπëÂï„,3,30,6,6,8,0.17033333333333334,0,2,3,1,0,0,0,0,0,0,0.16896713615023476
5166,íáìπëÂï„,4,35,5,10,8,0.14314285714285713,0,1,3,1,0,0,0,0,0,0,0.16896713615023476
5166,íáìπëÂï„,5,31,1,7,6,0.20258064516129032,0,0,0,1,0,0,0,0,0,0,0.16896713615023476
5166,íáìπëÂï„,6,41,1,5,9,0.20487804878048782,0,0,1,0,0,0,0,0,0,0,0.16896713615023476
5167,è¨êÏó≥ëæòN,1,21,7,3,3,0.15761904761904763,6,0,0,0,1,0,4,7,2,0,0.1553763440860215
5167,è¨êÏó≥ëæòN,2,36,3,5,4,0.14583333333333334,0,1,1,0,0,1,0,0,0,21,0.1553763440860215
5167,è¨êÏó≥ëæòN,3,37,1,6,8,0.16621621621621624,0,0,1,0,0,0,0,0,0,0,0.1553763440860215
5167,è¨êÏó≥ëæòN,4,34,3,1,3,0.135,0,0,2,0,1,0,0,0,0,0,0.1553763440860215
5167,è¨êÏó≥ëæòN,5,29,2,2,3,0.16517241379310346,0,0,0,2,0,0,0,0,0,0,0.1553763440860215
5167,è¨êÏó≥ëæòN,6,29,0,0,3,0.16586206896551725,0,0,0,0,0,0,0,0,0,0,0.1553763440860215
5168,írìcÇ»Ç»,1,2,0,0,1,0.22,0,0,0,0,0,0,0,1,1,0,0.211875
5168,írìcÇ»Ç»,2,1,0,0,1,0.01,0,0,0,0,0,0,0,0,0,0,0.211875
5168,írìcÇ»Ç»,3,5,0,1,0,0.248,0,0,0,0,0,0,0,0,0,0,0.211875
5168,írìcÇ»Ç»,4,6,0,0,0,0.24833333333333332,0,0,0,0,0,0,0,0,0,0,0.211875
5168,írìcÇ»Ç»,5,7,0,0,0,0.22428571428571428,0,0,0,0,0,0,0,0,0,0,0.211875
5168,írìcÇ»Ç»,6,11,0,0,0,0.18454545454545457,0,0,0,0,0,0,0,0,0,0,0.211875
5169,ñxñ{„ƒëæ,1,9,0,3,3,0.20111111111111113,0,0,0,0,0,0,0,5,1,0,0.1677142857142857
5169,ñxñ{„ƒëæ,2,13,0,2,2,0.19538461538461538,0,0,0,0,0,0,0,0,0,8,0.1677142857142857
5169,ñxñ{„ƒëæ,3,11,0,0,3,0.18454545454545457,0,0,0,0,0,0,0,0,0,0,0.1677142857142857
5169,ñxñ{„ƒëæ,4,12,0,0,2,0.13916666666666666,0,0,0,0,0,0,0,0,0,0,0.1677142857142857
5169,ñxñ{„ƒëæ,5,17,1,2,1,0.14411764705882354,0,0,0,1,0,0,0,0,0,0,0.1677142857142857
5169,ñxñ{„ƒëæ,6,8,0,1,1,0.155,0,0,0,0,0,0,0,0,0,0,0.1677142857142857
5170,ç≤ì°ëæó∫,1,24,9,3,3,0.1525,9,0,0,0,0,0,1,8,1,0,0.1550485436893204
5170,ç≤ì°ëæó∫,2,39,1,8,8,0.1564102564102564,0,0,0,0,1,0,0,0,0,28,0.1550485436893204
5170,ç≤ì°ëæó∫,3,37,2,8,9,0.13,0,0,0,2,0,0,0,0,0,0,0.1550485436893204
5170,ç≤ì°ëæó∫,4,38,1,5,6,0.15052631578947367,0,1,0,0,0,0,0,0,0,0,0.1550485436893204
5170,ç≤ì°ëæó∫,5,32,1,2,8,0.1771875,0,0,0,1,0,0,0,0,0,0,0.1550485436893204
5170,ç≤ì°ëæó∫,6,36,1,1,5,0.16611111111111113,0,0,1,0,0,0,0,0,0,0,0.1550485436893204
5171,ê¥êÖñ¢óB,1,18,5,4,4,0.10944444444444444,4,0,0,0,1,0,6,4,1,0,0.1636764705882353
5171,ê¥êÖñ¢óB,2,23,2,5,2,0.14347826086956522,0,1,0,1,0,0,0,0,0,13,0.1636764705882353
5171,ê¥êÖñ¢óB,3,28,2,5,4,0.18035714285714285,0,0,2,0,0,0,0,0,0,0,0.1636764705882353
5171,ê¥êÖñ¢óB,4,23,3,2,3,0.1634782608695652,0,0,2,1,0,0,0,0,0,0,0.1636764705882353
5171,ê¥êÖñ¢óB,5,21,0,2,2,0.17095238095238094,0,0,0,0,0,0,0,0,0,0,0.1636764705882353
5171,ê¥êÖñ¢óB,6,23,1,1,1,0.19956521739130434,0,0,1,0,0,0,0,0,0,0,0.1636764705882353
5172,ìcë∫åc,1,27,11,4,2,0.17407407407407408,11,0,0,0,0,0,6,5,4,0,0.17831730769230772
5172,ìcë∫åc,2,42,7,7,8,0.17833333333333334,0,4,2,0,1,0,0,0,0,17,0.17831730769230772
5172,ìcë∫åc,3,39,4,11,3,0.17743589743589744,0,0,4,0,0,0,0,0,0,0,0.17831730769230772
5172,ìcë∫åc,4,37,4,6,10,0.17108108108108108,0,0,0,3,1,0,0,0,0,0,0.17831730769230772
5172,ìcë∫åc,5,34,1,7,6,0.17823529411764705,0,0,0,0,1,0,0,0,0,0,0.17831730769230772
5172,ìcë∫åc,6,29,1,4,11,0.19275862068965516,0,0,0,1,0,0,0,0,0,0,0.17831730769230772
5173,íJå˚â¿ò@,1,21,10,4,0,0.19857142857142857,10,0,0,0,0,0,2,8,1,0,0.18354285714285712
5173,íJå˚â¿ò@,2,34,8,8,3,0.18735294117647058,0,6,2,0,0,0,0,0,0,15,0.18354285714285712
5173,íJå˚â¿ò@,3,28,4,5,4,0.16428571428571428,0,1,3,0,0,0,0,0,0,0,0.18354285714285712
5173,íJå˚â¿ò@,4,33,3,2,7,0.16757575757575757,0,1,1,1,0,0,0,0,0,0,0.18354285714285712
5173,íJå˚â¿ò@,5,31,2,0,6,0.19806451612903228,0,0,0,2,0,0,0,0,0,0,0.18354285714285712
5173,íJå˚â¿ò@,6,28,1,0,1,0.18964285714285714,0,0,0,0,0,1,0,0,0,0,0.18354285714285712
5174,êÏà‰ñG,1,42,29,6,2,0.13785714285714284,28,0,0,0,1,0,4,4,2,0,0.15924050632911393
5174,êÏà‰ñG,2,42,7,13,4,0.1711904761904762,0,2,3,2,0,0,0,0,0,22,0.15924050632911393
5174,êÏà‰ñG,3,43,10,9,9,0.15976744186046513,0,0,7,3,0,0,0,0,0,0,0.15924050632911393
5174,êÏà‰ñG,4,40,2,8,7,0.16899999999999998,0,1,0,1,0,0,0,0,0,0,0.15924050632911393
5174,êÏà‰ñG,5,36,3,6,8,0.16472222222222221,0,0,1,2,0,0,0,0,0,0,0.15924050632911393
5174,êÏà‰ñG,6,34,2,3,10,0.15294117647058825,0,0,0,2,0,0,0,0,0,0,0.15924050632911393
5175,ìáçËè‰àÍòN,1,17,5,2,3,0.20588235294117646,5,0,0,0,0,0,4,7,1,0,0.2010625
5175,ìáçËè‰àÍòN,2,28,3,5,6,0.18392857142857144,0,1,2,0,0,0,0,0,0,12,0.2010625
5175,ìáçËè‰àÍòN,3,32,1,3,7,0.19,0,0,0,1,0,0,0,0,0,0,0.2010625
5175,ìáçËè‰àÍòN,4,33,2,6,7,0.18636363636363637,0,0,0,1,1,0,0,0,0,0,0.2010625
5175,ìáçËè‰àÍòN,5,28,1,3,2,0.21107142857142858,0,0,0,1,0,0,0,0,0,0,0.2010625
5175,ìáçËè‰àÍòN,6,22,0,0,5,0.24454545454545454,0,0,0,0,0,0,0,0,0,0,0.2010625
5176,êŒëqëÒî¸,1,4,0,0,0,0.3575,0,0,0,0,0,0,0,4,0,0,0.178125
5176,êŒëqëÒî¸,2,7,0,1,0,0.1742857142857143,0,0,0,0,0,0,0,0,0,5,0.178125
5176,êŒëqëÒî¸,3,3,1,0,1,0.08666666666666667,0,0,1,0,0,0,0,0,0,0,0.178125
5176,êŒëqëÒî¸,4,5,0,0,0,0.17200000000000001,0,0,0,0,0,0,0,0,0,0,0.178125
5176,êŒëqëÒî¸,5,7,0,2,0,0.13142857142857142,0,0,0,0,0,0,0,0,0,0,0.178125
5176,êŒëqëÒî¸,6,6,0,0,2,0.16833333333333333,0,0,0,0,0,0,0,0,0,0,0.178125
5177,èºà‰ä—ëæ,1,16,2,4,1,0.161875,2,0,0,0,0,0,2,11,1,0,0.18576923076923077
5177,èºà‰ä—ëæ,2,37,2,8,6,0.1635135135135135,0,2,0,0,0,0,0,0,0,20,0.18576923076923077
5177,èºà‰ä—ëæ,3,39,0,3,5,0.19435897435897437,0,0,0,0,0,0,0,0,0,0,0.18576923076923077
5177,èºà‰ä—ëæ,4,29,1,1,4,0.18896551724137933,0,1,0,0,0,0,0,0,0,0,0.18576923076923077
5177,èºà‰ä—ëæ,5,39,0,1,5,0.1994871794871795,0,0,0,0,0,0,0,0,0,0,0.18576923076923077
5177,èºà‰ä—ëæ,6,22,0,0,3,0.1968181818181818,0,0,0,0,0,0,0,0,0,0,0.18576923076923077
5178,ê¨íÂó‘ïΩ,1,22,2,9,4,0.1409090909090909,2,0,0,0,0,0,7,10,1,0,0.1847752808988764
5178,ê¨íÂó‘ïΩ,2,32,1,4,4,0.18562499999999998,0,1,0,0,0,0,0,0,0,16,0.1847752808988764
5178,ê¨íÂó‘ïΩ,3,36,1,2,3,0.17416666666666666,0,1,0,0,0,0,0,0,0,0,0.1847752808988764
5178,ê¨íÂó‘ïΩ,4,30,0,2,8,0.179,0,0,0,0,0,0,0,0,0,0,0.1847752808988764
5178,ê¨íÂó‘ïΩ,5,33,0,0,4,0.1903030303030303,0,0,0,0,0,0,0,0,0,0,0.1847752808988764
5178,ê¨íÂó‘ïΩ,6,25,0,1,2,0.2372,0,0,0,0,0,0,0,0,0,0,0.1847752808988764
5179,ì°ñ{å≥ãP,1,17,5,1,2,0.18294117647058822,5,0,0,0,0,0,2,5,5,0,0.16830882352941176
5179,ì°ñ{å≥ãP,2,24,2,0,5,0.16208333333333333,0,1,1,0,0,0,0,0,0,12,0.16830882352941176
5179,ì°ñ{å≥ãP,3,24,1,6,3,0.20208333333333336,0,0,0,1,0,0,0,0,0,0,0.16830882352941176
5179,ì°ñ{å≥ãP,4,21,0,3,1,0.15,0,0,0,0,0,0,0,0,0,0,0.16830882352941176
5179,ì°ñ{å≥ãP,5,27,0,1,3,0.16703703703703704,0,0,0,0,0,0,0,0,0,0,0.16830882352941176
5179,ì°ñ{å≥ãP,6,23,0,1,2,0.14695652173913043,0,0,0,0,0,0,0,0,0,0,0.16830882352941176
5180,ì°ñ{é—ñÌçÅ,1,4,0,0,1,0.27,0,0,0,0,0,0,0,4,0,0,0.21022727272727273
5180,ì°ñ{é—ñÌçÅ,2,9,0,1,2,0.14,0,0,0,0,0,0,0,0,0,5,0.21022727272727273
5180,ì°ñ{é—ñÌçÅ,3,6,0,0,1,0.17833333333333334,0,0,0,0,0,0,0,0,0,0,0.21022727272727273
5180,ì°ñ{é—ñÌçÅ,4,7,0,1,0,0.21428571428571427,0,0,0,0,0,0,0,0,0,0,0.21022727272727273
5180,ì°ñ{é—ñÌçÅ,5,8,0,1,0,0.27875,0,0,0,0,0,0,0,0,0,0,0.21022727272727273
5180,ì°ñ{é—ñÌçÅ,6,10,0,1,0,0.211,0,0,0,0,0,0,0,0,0,0,0.21022727272727273
5181,êXíqç∆,1,28,14,5,4,0.1667857142857143,13,0,0,0,1,0,5,6,3,0,0.15816831683168317
5181,êXíqç∆,2,42,6,12,4,0.155,0,4,0,0,2,0,0,0,0,21,0.15816831683168317
5181,êXíqç∆,3,36,6,4,8,0.1663888888888889,0,0,2,3,0,1,0,0,0,0,0.15816831683168317
5181,êXíqç∆,4,32,3,5,7,0.14375,0,0,2,1,0,0,0,0,0,0,0.15816831683168317
5181,êXíqç∆,5,36,2,5,7,0.1513888888888889,0,0,0,2,0,0,0,0,0,0,0.15816831683168317
5181,êXíqç∆,6,28,1,3,4,0.16892857142857146,0,0,0,1,0,0,0,0,0,0,0.15816831683168317
5182,ã{çËà¿ìﬁ,1,22,6,8,3,0.165,6,0,0,0,0,0,5,8,2,0,0.166
5182,ã{çËà¿ìﬁ,2,38,2,6,5,0.18210526315789474,0,1,1,0,0,0,0,0,0,16,0.166
5182,ã{çËà¿ìﬁ,3,35,2,3,3,0.1657142857142857,0,1,1,0,0,0,0,0,0,0,0.166
5182,ã{çËà¿ìﬁ,4,29,3,1,5,0.15896551724137933,0,1,2,0,0,0,0,0,0,0,0.166
5182,ã{çËà¿ìﬁ,5,29,0,3,4,0.14551724137931032,0,0,0,0,0,0,0,0,0,0,0.166
5182,ã{çËà¿ìﬁ,6,32,0,1,2,0.1728125,0,0,0,0,0,0,0,0,0,0,0.166
5183,íÜñÏçFìÒ,1,18,4,5,2,0.17333333333333334,4,0,0,0,0,0,7,2,3,0,0.17019736842105262
5183,íÜñÏçFìÒ,2,24,3,5,3,0.16833333333333333,0,1,2,0,0,0,0,0,0,8,0.17019736842105262
5183,íÜñÏçFìÒ,3,28,4,5,4,0.17535714285714285,0,1,1,2,0,0,0,0,0,0,0.17019736842105262
5183,íÜñÏçFìÒ,4,25,4,2,3,0.1716,0,0,3,1,0,0,0,0,0,0,0.17019736842105262
5183,íÜñÏçFìÒ,5,28,0,1,4,0.17642857142857143,0,0,0,0,0,0,0,0,0,0,0.17019736842105262
5183,íÜñÏçFìÒ,6,29,0,0,4,0.15758620689655173,0,0,0,0,0,0,0,0,0,0,0.17019736842105262
5184,î—íÀãø,1,11,4,0,1,0.16454545454545455,4,0,0,0,0,0,4,1,1,0,0.1839473684210526
5184,î—íÀãø,2,18,1,2,2,0.20333333333333334,0,0,1,0,0,0,0,0,0,7,0.1839473684210526
5184,î—íÀãø,3,16,2,1,1,0.1875,0,1,0,0,0,1,0,0,0,0,0.1839473684210526
5184,î—íÀãø,4,23,1,2,1,0.1743478260869565,0,0,1,0,0,0,0,0,0,0,0.1839473684210526
5184,î—íÀãø,5,21,0,1,2,0.1719047619047619,0,0,0,0,0,0,0,0,0,0,0.1839473684210526
5184,î—íÀãø,6,25,0,2,0,0.19519999999999998,0,0,0,0,0,0,0,0,0,0,0.1839473684210526
5185,â¡ì°óDñÌ,1,31,14,7,2,0.12483870967741936,13,0,0,0,1,0,3,5,6,0,0.1633031674208145
5185,â¡ì°óDñÌ,2,37,3,10,6,0.16945945945945948,0,2,1,0,0,0,0,0,0,13,0.1633031674208145
5185,â¡ì°óDñÌ,3,35,3,11,6,0.152,0,1,2,0,0,0,0,0,0,0,0.1633031674208145
5185,â¡ì°óDñÌ,4,42,1,13,11,0.15714285714285714,0,0,0,0,1,0,0,0,0,0,0.1633031674208145
5185,â¡ì°óDñÌ,5,41,2,2,15,0.19,0,0,0,2,0,0,0,0,0,0,0.1633031674208145
5185,â¡ì°óDñÌ,6,35,1,1,6,0.1782857142857143,0,0,1,0,0,0,0,0,0,0,0.1633031674208145
5186,âìì°å\å·,1,27,15,2,1,0.13925925925925928,15,0,0,0,0,0,2,3,3,0,0.16908212560386474
5186,âìì°å\å·,2,34,2,7,5,0.15411764705882353,0,1,0,0,1,0,0,0,0,21,0.16908212560386474
5186,âìì°å\å·,3,29,1,5,4,0.19,0,0,0,1,0,0,0,0,0,0,0.16908212560386474
5186,âìì°å\å·,4,45,2,7,7,0.17822222222222223,0,0,2,0,0,0,0,0,0,0,0.16908212560386474
5186,âìì°å\å·,5,34,1,2,7,0.1488235294117647,0,0,1,0,0,0,0,0,0,0,0.16908212560386474
5186,âìì°å\å·,6,38,0,2,2,0.195,0,0,0,0,0,0,0,0,0,0,0.16908212560386474
5187,è¨ç‚ïóëæ,1,25,13,4,0,0.1516,11,0,0,0,2,0,3,3,4,0,0.17666666666666667
5187,è¨ç‚ïóëæ,2,37,8,7,5,0.18135135135135136,0,6,1,0,1,0,0,0,0,15,0.17666666666666667
5187,è¨ç‚ïóëæ,3,39,3,4,9,0.18871794871794872,0,0,1,1,1,0,0,0,0,0,0.17666666666666667
5187,è¨ç‚ïóëæ,4,42,1,2,12,0.18857142857142856,0,0,1,0,0,0,0,0,0,0,0.17666666666666667
5187,è¨ç‚ïóëæ,5,35,2,2,9,0.1605714285714286,0,0,1,1,0,0,0,0,0,0,0.17666666666666667
5187,è¨ç‚ïóëæ,6,29,0,1,4,0.1782758620689655,0,0,0,0,0,0,0,0,0,0,0.17666666666666667
5188,ïêà‰‰ªó¢â¿,1,32,16,2,3,0.23375,16,0,0,0,0,0,6,7,2,0,0.19517073170731705
5188,ïêà‰‰ªó¢â¿,2,39,6,7,7,0.21384615384615385,0,3,2,0,1,0,0,0,0,17,0.19517073170731705
5188,ïêà‰‰ªó¢â¿,3,37,7,8,8,0.16594594594594594,0,1,6,0,0,0,0,0,0,0,0.19517073170731705
5188,ïêà‰‰ªó¢â¿,4,32,2,7,4,0.1703125,0,0,0,1,0,1,0,0,0,0,0.19517073170731705
5188,ïêà‰‰ªó¢â¿,5,36,4,3,2,0.18833333333333335,0,0,1,2,1,0,0,0,0,0,0.19517073170731705
5188,ïêà‰‰ªó¢â¿,6,29,0,2,7,0.2006896551724138,0,0,0,0,0,0,0,0,0,0,0.19517073170731705
5189,ì°å¥ëÅçÿ,1,16,6,3,2,0.201875,6,0,0,0,0,0,1,8,1,0,0.20797297297297299
5189,ì°å¥ëÅçÿ,2,26,6,4,5,0.19153846153846155,0,4,2,0,0,0,0,0,0,10,0.20797297297297299
5189,ì°å¥ëÅçÿ,3,27,3,3,8,0.20925925925925928,0,0,0,2,1,0,0,0,0,0,0.20797297297297299
5189,ì°å¥ëÅçÿ,4,27,1,2,4,0.20777777777777778,0,1,0,0,0,0,0,0,0,0,0.20797297297297299
5189,ì°å¥ëÅçÿ,5,29,1,3,4,0.21448275862068963,0,1,0,0,0,0,0,0,0,0,0.20797297297297299
5189,ì°å¥ëÅçÿ,6,23,1,4,2,0.22130434782608696,0,1,0,0,0,0,0,0,0,0,0.20797297297297299
5190,ëÂåéóVâÎ,1,22,8,5,4,0.15272727272727274,8,0,0,0,0,0,7,3,4,0,0.17939759036144579
5190,ëÂåéóVâÎ,2,34,3,2,11,0.15382352941176472,0,0,2,0,1,0,0,0,0,18,0.17939759036144579
5190,ëÂåéóVâÎ,3,31,1,6,9,0.17193548387096774,0,0,1,0,0,0,0,0,0,0,0.17939759036144579
5190,ëÂåéóVâÎ,4,24,3,6,2,0.19958333333333333,0,1,1,1,0,0,0,0,0,0,0.17939759036144579
5190,ëÂåéóVâÎ,5,30,0,1,4,0.19233333333333336,0,0,0,0,0,0,0,0,0,0,0.17939759036144579
5190,ëÂåéóVâÎ,6,25,0,1,1,0.212,0,0,0,0,0,0,0,0,0,0,0.17939759036144579
5191,îÚìcç]å»,1,53,39,7,4,0.12509433962264152,37,0,0,0,2,0,2,7,5,0,0.13101626016260162
5191,îÚìcç]å»,2,42,11,7,7,0.13452380952380955,0,6,5,0,0,0,0,0,0,23,0.13101626016260162
5191,îÚìcç]å»,3,42,15,8,6,0.1376190476190476,0,2,9,3,1,0,0,0,0,0,0.13101626016260162
5191,îÚìcç]å»,4,38,6,6,9,0.11973684210526316,0,0,5,0,1,0,0,0,0,0,0.13101626016260162
5191,îÚìcç]å»,5,31,2,12,6,0.13516129032258065,0,0,2,0,0,0,0,0,0,0,0.13101626016260162
5191,îÚìcç]å»,6,40,5,8,9,0.13574999999999998,0,1,1,2,1,0,0,0,0,0,0.13101626016260162
5192,íÜîˆóDçÅ,1,11,1,2,1,0.20909090909090908,1,0,0,0,0,0,1,7,2,0,0.17342657342657344
5192,íÜîˆóDçÅ,2,25,2,6,1,0.1572,0,0,1,0,1,0,0,0,0,10,0.17342657342657344
5192,íÜîˆóDçÅ,3,22,0,2,3,0.17863636363636365,0,0,0,0,0,0,0,0,0,0,0.17342657342657344
5192,íÜîˆóDçÅ,4,27,0,3,2,0.15703703703703706,0,0,0,0,0,0,0,0,0,0,0.17342657342657344
5192,íÜîˆóDçÅ,5,25,0,2,4,0.1672,0,0,0,0,0,0,0,0,0,0,0.17342657342657344
5192,íÜîˆóDçÅ,6,33,0,1,5,0.18848484848484848,0,0,0,0,0,0,0,0,0,0,0.17342657342657344
5193,ïƒä€îTäG,1,20,11,4,2,0.151,10,0,0,0,1,0,3,4,1,0,0.1674269005847953
5193,ïƒä€îTäG,2,30,5,13,4,0.15833333333333333,0,1,4,0,0,0,0,0,0,14,0.1674269005847953
5193,ïƒä€îTäG,3,29,6,11,4,0.1503448275862069,0,1,5,0,0,0,0,0,0,0,0.1674269005847953
5193,ïƒä€îTäG,4,30,4,3,8,0.19633333333333333,0,0,2,1,1,0,0,0,0,0,0.1674269005847953
5193,ïƒä€îTäG,5,29,1,2,10,0.15275862068965515,0,0,0,0,1,0,0,0,0,0,0.1674269005847953
5193,ïƒä€îTäG,6,33,1,1,7,0.18727272727272726,0,1,0,0,0,0,0,0,0,0,0.1674269005847953
5194,ëÂãvï€óCçÅ,1,33,10,4,5,0.1784848484848485,10,0,0,0,0,0,2,12,5,0,0.16702702702702701
5194,ëÂãvï€óCçÅ,2,41,3,8,5,0.17365853658536587,0,0,1,0,1,1,0,0,0,21,0.16702702702702701
5194,ëÂãvï€óCçÅ,3,44,4,7,8,0.15818181818181817,0,0,1,2,1,0,0,0,0,0,0.16702702702702701
5194,ëÂãvï€óCçÅ,4,37,1,6,5,0.18378378378378377,0,0,0,1,0,0,0,0,0,0,0.16702702702702701
5194,ëÂãvï€óCçÅ,5,35,2,2,6,0.14314285714285713,0,0,0,2,0,0,0,0,0,0,0.16702702702702701
5194,ëÂãvï€óCçÅ,6,32,0,1,2,0.165625,0,0,0,0,0,0,0,0,0,0,0.16702702702702701
5195,ñkë∫îJÅX,1,24,8,6,3,0.15083333333333335,8,0,0,0,0,0,4,6,4,0,0.1505945945945946
5195,ñkë∫îJÅX,2,37,1,8,9,0.15243243243243243,0,0,1,0,0,0,0,0,0,24,0.1505945945945946
5195,ñkë∫îJÅX,3,37,2,8,11,0.13837837837837838,0,0,2,0,0,0,0,0,0,0,0.1505945945945946
5195,ñkë∫îJÅX,4,28,2,3,6,0.15392857142857144,0,0,1,1,0,0,0,0,0,0,0.1505945945945946
5195,ñkë∫îJÅX,5,32,1,1,3,0.15125,0,0,1,0,0,0,0,0,0,0,0.1505945945945946
5195,ñkë∫îJÅX,6,27,1,2,0,0.16037037037037039,0,0,1,0,0,0,0,0,0,0,0.1505945945945946
5196,òkïîëæãÛäC,1,32,18,5,4,0.149375,17,0,0,0,1,0,4,6,2,0,0.14556701030927835
5196,òkïîëæãÛäC,2,30,6,9,2,0.16266666666666665,0,1,5,0,0,0,0,0,0,13,0.14556701030927835
5196,òkïîëæãÛäC,3,34,9,4,7,0.13647058823529412,0,0,2,5,2,0,0,0,0,0,0.14556701030927835
5196,òkïîëæãÛäC,4,35,11,4,5,0.132,0,0,8,1,2,0,0,0,0,0,0.14556701030927835
5196,òkïîëæãÛäC,5,26,6,6,3,0.14846153846153845,0,1,3,1,1,0,0,0,0,0,0.14556701030927835
5196,òkïîëæãÛäC,6,37,3,4,10,0.14756756756756756,0,0,2,0,1,0,0,0,0,0,0.14556701030927835
5197,íÜñÏêmè∆,1,36,25,5,3,0.1575,25,0,0,0,0,0,6,2,3,0,0.1317910447761194
5197,íÜñÏêmè∆,2,35,4,9,12,0.1422857142857143,0,2,1,1,0,0,0,0,0,23,0.1317910447761194
5197,íÜñÏêmè∆,3,36,9,9,4,0.1163888888888889,0,1,3,4,1,0,0,0,0,0,0.1317910447761194
5197,íÜñÏêmè∆,4,33,9,10,6,0.1112121212121212,0,0,6,2,1,0,0,0,0,0,0.1317910447761194
5197,íÜñÏêmè∆,5,30,2,3,9,0.126,0,0,0,2,0,0,0,0,0,0,0.1317910447761194
5197,íÜñÏêmè∆,6,31,2,5,10,0.13548387096774195,0,1,0,1,0,0,0,0,0,0,0.1317910447761194
5198,âúë∫ñæì˙çÅ,1,22,7,3,5,0.1863636363636364,7,0,0,0,0,0,5,7,1,0,0.18957894736842107
5198,âúë∫ñæì˙çÅ,2,41,3,7,6,0.1951219512195122,0,2,1,0,0,0,0,0,0,25,0.18957894736842107
5198,âúë∫ñæì˙çÅ,3,36,2,6,5,0.16805555555555554,0,0,1,0,1,0,0,0,0,0,0.18957894736842107
5198,âúë∫ñæì˙çÅ,4,30,5,3,4,0.18966666666666668,0,1,3,1,0,0,0,0,0,0,0.18957894736842107
5198,âúë∫ñæì˙çÅ,5,35,2,2,6,0.19142857142857142,0,0,0,2,0,0,0,0,0,0,0.18957894736842107
5198,âúë∫ñæì˙çÅ,6,26,1,1,2,0.2107692307692308,0,0,1,0,0,0,0,0,0,0,0.18957894736842107
5199,êÇêÖóI,1,18,7,6,1,0.1511111111111111,6,0,0,0,1,0,2,5,3,0,0.14503311258278145
5199,êÇêÖóI,2,32,4,7,4,0.15812500000000002,0,0,4,0,0,0,0,0,0,12,0.14503311258278145
5199,êÇêÖóI,3,23,1,5,7,0.14173913043478262,0,0,1,0,0,0,0,0,0,0,0.14503311258278145
5199,êÇêÖóI,4,28,3,5,4,0.1382142857142857,0,1,2,0,0,0,0,0,0,0,0.14503311258278145
5199,êÇêÖóI,5,23,3,1,6,0.12565217391304348,0,0,2,0,1,0,0,0,0,0,0.14503311258278145
5199,êÇêÖóI,6,27,0,2,4,0.15185185185185185,0,0,0,0,0,0,0,0,0,0,0.14503311258278145
5200,ìõà‰î¸ã’,1,8,0,1,1,0.21375,0,0,0,0,0,0,0,6,1,0,0.20453703703703704
5200,ìõà‰î¸ã’,2,24,0,3,3,0.22083333333333333,0,0,0,0,0,0,0,0,0,11,0.20453703703703704
5200,ìõà‰î¸ã’,3,21,1,1,2,0.1842857142857143,0,0,0,0,0,1,0,0,0,0,0.20453703703703704
5200,ìõà‰î¸ã’,4,18,0,1,2,0.20277777777777778,0,0,0,0,0,0,0,0,0,0,0.20453703703703704
5200,ìõà‰î¸ã’,5,18,1,0,0,0.20444444444444443,0,0,0,1,0,0,0,0,0,0,0.20453703703703704
5200,ìõà‰î¸ã’,6,19,0,0,1,0.20421052631578948,0,0,0,0,0,0,0,0,0,0,0.20453703703703704
5201,ë∫è„è@ëæòY,1,31,17,6,0,0.13870967741935483,14,0,0,0,3,0,3,4,5,0,0.164
5201,ë∫è„è@ëæòY,2,31,5,6,5,0.15451612903225806,0,4,1,0,0,0,0,0,0,17,0.164
5201,ë∫è„è@ëæòY,3,40,6,13,6,0.1595,0,0,5,1,0,0,0,0,0,0,0.164
5201,ë∫è„è@ëæòY,4,29,3,7,2,0.1782758620689655,0,0,3,0,0,0,0,0,0,0,0.164
5201,ë∫è„è@ëæòY,5,29,0,8,3,0.16620689655172416,0,0,0,0,0,0,0,0,0,0,0.164
5201,ë∫è„è@ëæòY,6,30,1,5,4,0.19,0,0,0,1,0,0,0,0,0,0,0.164
5202,ã{çËÇ¬ÇÆÇ›,1,8,1,1,2,0.13875,1,0,0,0,0,0,1,4,0,0,0.1669736842105263
5202,ã{çËÇ¬ÇÆÇ›,2,12,2,2,1,0.18916666666666668,0,1,1,0,0,0,0,0,0,7,0.1669736842105263
5202,ã{çËÇ¬ÇÆÇ›,3,12,1,2,5,0.08833333333333333,0,1,0,0,0,0,0,0,0,0,0.1669736842105263
5202,ã{çËÇ¬ÇÆÇ›,4,17,1,2,4,0.2023529411764706,0,0,1,0,0,0,0,0,0,0,0.1669736842105263
5202,ã{çËÇ¬ÇÆÇ›,5,12,0,0,2,0.18416666666666667,0,0,0,0,0,0,0,0,0,0,0.1669736842105263
5202,ã{çËÇ¬ÇÆÇ›,6,15,1,1,1,0.17333333333333334,0,0,0,0,1,0,0,0,0,0,0.1669736842105263
5203,ê_ó¢ã’âπ,1,25,10,4,5,0.16879999999999998,9,0,1,0,0,0,6,6,2,0,0.14928251121076233
5203,ê_ó¢ã’âπ,2,44,7,11,5,0.17727272727272728,0,5,1,0,1,0,0,0,0,24,0.14928251121076233
5203,ê_ó¢ã’âπ,3,43,2,7,8,0.146046511627907,0,1,1,0,0,0,0,0,0,0,0.14928251121076233
5203,ê_ó¢ã’âπ,4,39,0,8,7,0.1358974358974359,0,0,0,0,0,0,0,0,0,0,0.14928251121076233
5203,ê_ó¢ã’âπ,5,38,1,4,4,0.14,0,0,0,1,0,0,0,0,0,0,0.14928251121076233
5203,ê_ó¢ã’âπ,6,34,0,6,4,0.1285294117647059,0,0,0,0,0,0,0,0,0,0,0.14928251121076233
5204,âFåbóLçÅ,1,15,2,5,1,0.15733333333333333,2,0,0,0,0,0,3,8,0,0,0.15591999999999998
5204,âFåbóLçÅ,2,25,2,4,2,0.1656,0,2,0,0,0,0,0,0,0,13,0.15591999999999998
5204,âFåbóLçÅ,3,23,3,3,5,0.14043478260869566,0,1,2,0,0,0,0,0,0,0,0.15591999999999998
5204,âFåbóLçÅ,4,23,1,0,5,0.1491304347826087,0,0,1,0,0,0,0,0,0,0,0.15591999999999998
5204,âFåbóLçÅ,5,21,1,2,2,0.15285714285714286,0,0,0,0,1,0,0,0,0,0,0.15591999999999998
5204,âFåbóLçÅ,6,18,0,0,3,0.17333333333333334,0,0,0,0,0,0,0,0,0,0,0.15591999999999998
5205,åYïîàüó¢é—,1,36,22,7,3,0.14166666666666666,22,0,0,0,0,0,4,5,3,0,0.1616901408450704
5205,åYïîàüó¢é—,2,35,9,8,8,0.15571428571428572,0,5,3,1,0,0,0,0,0,15,0.1616901408450704
5205,åYïîàüó¢é—,3,39,2,14,12,0.15282051282051282,0,0,1,1,0,0,0,0,0,0,0.1616901408450704
5205,åYïîàüó¢é—,4,36,6,8,8,0.19527777777777777,0,0,2,3,1,0,0,0,0,0,0.1616901408450704
5205,åYïîàüó¢é—,5,30,2,4,4,0.15733333333333333,0,0,0,1,0,1,0,0,0,0,0.1616901408450704
5205,åYïîàüó¢é—,6,37,0,2,8,0.16702702702702701,0,0,0,0,0,0,0,0,0,0,0.1616901408450704
5206,î~å¥èÀïΩ,1,25,12,5,0,0.1192,12,0,0,0,0,0,5,3,1,0,0.15349593495934957
5206,î~å¥èÀïΩ,2,43,5,6,1,0.1513953488372093,0,4,1,0,0,0,0,0,0,21,0.15349593495934957
5206,î~å¥èÀïΩ,3,39,3,9,9,0.13717948717948716,1,1,1,0,0,0,0,0,0,0,0.15349593495934957
5206,î~å¥èÀïΩ,4,37,4,6,3,0.13513513513513514,0,0,3,0,1,0,0,0,0,0,0.15349593495934957
5206,î~å¥èÀïΩ,5,52,2,1,7,0.16153846153846155,0,0,1,0,1,0,0,0,0,0,0.15349593495934957
5206,î~å¥èÀïΩ,6,50,1,2,4,0.19039999999999999,0,0,0,1,0,0,0,0,0,0,0.15349593495934957
5207,çÇéRåhåÂ,1,15,4,2,3,0.192,3,0,0,0,1,0,3,2,4,0,0.16964912280701755
5207,çÇéRåhåÂ,2,35,2,3,5,0.1842857142857143,0,1,1,0,0,0,0,0,0,23,0.16964912280701755
5207,çÇéRåhåÂ,3,29,1,5,4,0.16931034482758622,0,0,1,0,0,0,0,0,0,0,0.16964912280701755
5207,çÇéRåhåÂ,4,30,4,2,3,0.16,0,2,2,0,0,0,0,0,0,0,0.16964912280701755
5207,çÇéRåhåÂ,5,35,1,1,4,0.17,0,0,1,0,0,0,0,0,0,0,0.16964912280701755
5207,çÇéRåhåÂ,6,27,1,1,5,0.14888888888888888,0,0,1,0,0,0,0,0,0,0,0.16964912280701755
5208,âÆó«ó¥ãI,1,18,5,0,4,0.16333333333333333,5,0,0,0,0,0,3,8,1,0,0.16335078534031414
5208,âÆó«ó¥ãI,2,30,2,5,4,0.15,0,0,1,0,0,1,0,0,0,17,0.16335078534031414
5208,âÆó«ó¥ãI,3,34,3,1,5,0.12264705882352941,0,1,0,0,2,0,0,0,0,0,0.16335078534031414
5208,âÆó«ó¥ãI,4,27,1,3,4,0.1437037037037037,0,0,1,0,0,0,0,0,0,0,0.16335078534031414
5208,âÆó«ó¥ãI,5,35,1,1,2,0.17971428571428572,0,0,0,1,0,0,0,0,0,0,0.16335078534031414
5208,âÆó«ó¥ãI,6,47,0,1,1,0.20042553191489362,0,0,0,0,0,0,0,0,0,0,0.16335078534031414
5209,è¨ñÏãûïΩ,1,11,1,2,1,0.16818181818181818,1,0,0,0,0,0,5,3,1,0,0.16583333333333333
5209,è¨ñÏãûïΩ,2,24,0,1,2,0.16208333333333333,0,0,0,0,0,0,0,0,0,14,0.16583333333333333
5209,è¨ñÏãûïΩ,3,26,1,1,9,0.14115384615384616,0,0,0,0,0,1,0,0,0,0,0.16583333333333333
5209,è¨ñÏãûïΩ,4,21,1,4,3,0.19666666666666666,0,0,1,0,0,0,0,0,0,0,0.16583333333333333
5209,è¨ñÏãûïΩ,5,21,0,0,0,0.16714285714285715,0,0,0,0,0,0,0,0,0,0,0.16583333333333333
5209,è¨ñÏãûïΩ,6,29,0,2,3,0.16689655172413792,0,0,0,0,0,0,0,0,0,0,0.16583333333333333
5210,ì°à‰åˆêl,1,30,17,4,3,0.16733333333333336,17,0,0,0,0,0,2,6,3,0,0.1550592885375494
5210,ì°à‰åˆêl,2,54,3,20,5,0.15814814814814818,0,3,0,0,0,0,0,0,0,40,0.1550592885375494
5210,ì°à‰åˆêl,3,50,3,7,14,0.1558,0,0,1,2,0,0,0,0,0,0,0.1550592885375494
5210,ì°à‰åˆêl,4,43,1,9,12,0.16,0,0,1,0,0,0,0,0,0,0,0.1550592885375494
5210,ì°à‰åˆêl,5,42,1,4,17,0.14952380952380953,0,0,0,1,0,0,0,0,0,0,0.1550592885375494
5210,ì°à‰åˆêl,6,34,3,2,6,0.1388235294117647,0,0,0,3,0,0,0,0,0,0,0.1550592885375494
5211,çÇà‰èxñÌ,1,11,2,0,4,0.20727272727272725,1,0,0,0,1,0,1,6,1,0,0.1996
5211,çÇà‰èxñÌ,2,25,1,1,1,0.1856,0,1,0,0,0,0,0,0,0,13,0.1996
5211,çÇà‰èxñÌ,3,22,1,1,3,0.16772727272727272,0,0,0,0,1,0,0,0,0,0,0.1996
5211,çÇà‰èxñÌ,4,18,0,2,3,0.18722222222222223,0,0,0,0,0,0,0,0,0,0,0.1996
5211,çÇà‰èxñÌ,5,34,1,2,2,0.19117647058823528,0,0,0,1,0,0,0,0,0,0,0.1996
5211,çÇà‰èxñÌ,6,40,0,1,0,0.23650000000000002,0,0,0,0,0,0,0,0,0,0,0.1996
5212,êºêÏëÒóò,1,20,11,3,3,0.14550000000000002,10,0,0,0,1,0,1,4,2,0,0.16776119402985074
5212,êºêÏëÒóò,2,39,2,5,9,0.17435897435897435,0,0,1,1,0,0,0,0,0,21,0.16776119402985074
5212,êºêÏëÒóò,3,40,2,3,9,0.15,0,1,1,0,0,0,0,0,0,0,0.16776119402985074
5212,êºêÏëÒóò,4,33,2,5,9,0.16151515151515153,0,0,1,0,0,1,0,0,0,0,0.16776119402985074
5212,êºêÏëÒóò,5,37,0,4,3,0.17864864864864866,0,0,0,0,0,0,0,0,0,0,0.16776119402985074
5212,êºêÏëÒóò,6,32,0,2,5,0.1896875,0,0,0,0,0,0,0,0,0,0,0.16776119402985074
5213,ìíü«ãIçÅ,1,34,14,8,2,0.1623529411764706,14,0,0,0,0,0,6,10,2,0,0.18068669527896997
5213,ìíü«ãIçÅ,2,48,7,10,8,0.18416666666666667,0,2,5,0,0,0,0,0,0,24,0.18068669527896997
5213,ìíü«ãIçÅ,3,42,5,6,12,0.17142857142857143,0,1,2,1,1,0,0,0,0,0,0.18068669527896997
5213,ìíü«ãIçÅ,4,41,3,8,7,0.19756097560975608,0,1,1,0,0,1,0,0,0,0,0.18068669527896997
5213,ìíü«ãIçÅ,5,40,2,5,7,0.1755,0,0,0,2,0,0,0,0,0,0,0.18068669527896997
5213,ìíü«ãIçÅ,6,28,1,1,5,0.19357142857142856,0,0,0,1,0,0,0,0,0,0,0.18068669527896997
5214,ìcíÜçGìT,1,25,6,5,2,0.19920000000000002,6,0,0,0,0,0,3,9,2,0,0.19909502262443438
5214,ìcíÜçGìT,2,46,1,5,9,0.21391304347826087,0,1,0,0,0,0,0,0,0,23,0.19909502262443438
5214,ìcíÜçGìT,3,40,2,8,3,0.18625,0,1,0,1,0,0,0,0,0,0,0.19909502262443438
5214,ìcíÜçGìT,4,44,1,5,11,0.18204545454545454,0,0,0,1,0,0,0,0,0,0,0.19909502262443438
5214,ìcíÜçGìT,5,40,1,1,7,0.22149999999999997,0,0,0,0,1,0,0,0,0,0,0.19909502262443438
5214,ìcíÜçGìT,6,26,0,2,0,0.18692307692307694,0,0,0,0,0,0,0,0,0,0,0.19909502262443438
5215,êŒä€è¨ñä,1,6,0,1,3,0.125,0,0,0,0,0,0,1,3,1,0,0.15203389830508476
5215,êŒä€è¨ñä,2,9,1,3,2,0.12222222222222223,0,1,0,0,0,0,0,0,0,3,0.15203389830508476
5215,êŒä€è¨ñä,3,11,2,3,3,0.16727272727272727,0,0,1,0,1,0,0,0,0,0,0.15203389830508476
5215,êŒä€è¨ñä,4,12,0,0,1,0.16666666666666666,0,0,0,0,0,0,0,0,0,0,0.15203389830508476
5215,êŒä€è¨ñä,5,10,0,1,0,0.209,0,0,0,0,0,0,0,0,0,0,0.15203389830508476
5215,êŒä€è¨ñä,6,11,0,0,1,0.10818181818181817,0,0,0,0,0,0,0,0,0,0,0.15203389830508476
5216,í∑íJêÏê∞ç∆,1,38,20,5,3,0.2055263157894737,19,0,0,0,1,0,1,10,5,0,0.1706986899563319
5216,í∑íJêÏê∞ç∆,2,38,5,5,10,0.20105263157894737,0,4,1,0,0,0,0,0,0,18,0.1706986899563319
5216,í∑íJêÏê∞ç∆,3,46,10,9,8,0.17304347826086958,0,0,4,5,0,1,0,0,0,0,0.1706986899563319
5216,í∑íJêÏê∞ç∆,4,40,9,7,7,0.12825,0,1,5,1,2,0,0,0,0,0,0.1706986899563319
5216,í∑íJêÏê∞ç∆,5,37,4,4,8,0.14594594594594595,0,0,2,1,1,0,0,0,0,0,0.1706986899563319
5216,í∑íJêÏê∞ç∆,6,30,0,0,4,0.1716666666666667,0,0,0,0,0,0,0,0,0,0,0.1706986899563319
5217,ì°å¥ï…ê∂,1,67,52,8,3,0.12850746268656715,51,0,0,0,1,0,4,3,6,0,0.13769516728624534
5217,ì°å¥ï…ê∂,2,44,14,17,3,0.135,0,11,1,0,2,0,0,0,0,22,0.13769516728624534
5217,ì°å¥ï…ê∂,3,41,8,11,9,0.1495121951219512,0,4,3,1,0,0,0,0,0,0,0.13769516728624534
5217,ì°å¥ï…ê∂,4,43,8,8,15,0.13232558139534883,0,2,6,0,0,0,0,0,0,0,0.13769516728624534
5217,ì°å¥ï…ê∂,5,32,5,3,7,0.143125,0,0,0,4,1,0,0,0,0,0,0.13769516728624534
5217,ì°å¥ï…ê∂,6,42,4,13,9,0.145,0,0,1,0,2,1,0,0,0,0,0.13769516728624534
5218,éRìcóùâõ,1,29,18,3,2,0.14620689655172414,17,0,0,0,1,0,1,6,4,0,0.15077669902912622
5218,éRìcóùâõ,2,38,7,6,9,0.14394736842105263,0,5,2,0,0,0,0,0,0,18,0.15077669902912622
5218,éRìcóùâõ,3,37,3,9,10,0.11864864864864864,0,0,1,1,1,0,0,0,0,0,0.15077669902912622
5218,éRìcóùâõ,4,36,3,9,9,0.14527777777777778,0,0,0,2,1,0,0,0,0,0,0.15077669902912622
5218,éRìcóùâõ,5,33,0,2,11,0.16787878787878788,0,0,0,0,0,0,0,0,0,0,0.15077669902912622
5218,éRìcóùâõ,6,33,1,1,6,0.1875757575757576,0,1,0,0,0,0,0,0,0,0,0.15077669902912622
5219,êXå˚òaãI,1,18,5,2,3,0.20944444444444443,5,0,0,0,0,0,2,6,3,0,0.185
5219,êXå˚òaãI,2,27,2,6,3,0.19592592592592592,0,2,0,0,0,0,0,0,0,16,0.185
5219,êXå˚òaãI,3,24,1,6,5,0.15791666666666668,0,0,0,0,1,0,0,0,0,0,0.185
5219,êXå˚òaãI,4,26,1,5,2,0.16115384615384618,0,0,1,0,0,0,0,0,0,0,0.185
5219,êXå˚òaãI,5,23,0,2,2,0.1856521739130435,0,0,0,0,0,0,0,0,0,0,0.185
5219,êXå˚òaãI,6,32,0,1,4,0.20125,0,0,0,0,0,0,0,0,0,0,0.185
5220,ê¬ñÿò@,1,25,12,5,3,0.1816,11,0,0,0,1,0,2,5,4,0,0.16398809523809524
5220,ê¬ñÿò@,2,35,10,10,8,0.15857142857142856,0,1,8,0,1,0,0,0,0,14,0.16398809523809524
5220,ê¬ñÿò@,3,28,8,7,4,0.19142857142857145,0,0,5,2,1,0,0,0,0,0,0.16398809523809524
5220,ê¬ñÿò@,4,27,4,4,5,0.15851851851851853,0,0,1,3,0,0,0,0,0,0,0.16398809523809524
5220,ê¬ñÿò@,5,27,1,0,9,0.13481481481481483,0,0,0,1,0,0,0,0,0,0,0.16398809523809524
5220,ê¬ñÿò@,6,26,2,3,4,0.16076923076923075,0,0,1,0,1,0,0,0,0,0,0.16398809523809524
5221,í|ä‘ó≤ùÓ,1,35,22,6,2,0.1625714285714286,22,0,0,0,0,0,4,6,1,0,0.17755102040816326
5221,í|ä‘ó≤ùÓ,2,34,3,13,5,0.20852941176470588,0,2,1,0,0,0,0,0,0,21,0.17755102040816326
5221,í|ä‘ó≤ùÓ,3,29,7,8,5,0.15551724137931033,0,2,3,2,0,0,0,0,0,0,0.17755102040816326
5221,í|ä‘ó≤ùÓ,4,27,4,4,4,0.1837037037037037,0,1,1,2,0,0,0,0,0,0,0.17755102040816326
5221,í|ä‘ó≤ùÓ,5,35,2,5,10,0.1682857142857143,0,0,0,2,0,0,0,0,0,0,0.17755102040816326
5221,í|ä‘ó≤ùÓ,6,36,2,3,10,0.185,0,0,0,2,0,0,0,0,0,0,0.17755102040816326
5222,í√ìcó§„ƒ,1,27,17,6,3,0.1766666666666667,17,0,0,0,0,0,4,3,2,0,0.1611520737327189
5222,í√ìcó§„ƒ,2,23,4,3,5,0.14130434782608695,0,1,2,0,1,0,0,0,0,9,0.1611520737327189
5222,í√ìcó§„ƒ,3,48,3,14,12,0.16083333333333333,0,1,0,1,1,0,0,0,0,0,0.1611520737327189
5222,í√ìcó§„ƒ,4,48,5,10,13,0.154375,0,0,4,1,0,0,0,0,0,0,0.1611520737327189
5222,í√ìcó§„ƒ,5,34,1,3,8,0.1635294117647059,0,0,0,1,0,0,0,0,0,0,0.1611520737327189
5222,í√ìcó§„ƒ,6,37,0,3,14,0.16918918918918918,0,0,0,0,0,0,0,0,0,0,0.1611520737327189
5223,êXê¥óF„ƒ,1,23,9,5,2,0.18434782608695652,8,0,0,0,1,0,4,8,1,0,0.1945922746781116
5223,êXê¥óF„ƒ,2,51,3,9,6,0.19411764705882353,0,3,0,0,0,0,0,0,0,29,0.1945922746781116
5223,êXê¥óF„ƒ,3,41,1,4,5,0.20926829268292682,0,0,0,1,0,0,0,0,0,0,0.1945922746781116
5223,êXê¥óF„ƒ,4,44,1,4,4,0.21,0,1,0,0,0,0,0,0,0,0,0.1945922746781116
5223,êXê¥óF„ƒ,5,44,3,0,5,0.1625,0,0,0,2,0,1,0,0,0,0,0.1945922746781116
5223,êXê¥óF„ƒ,6,30,0,0,3,0.20766666666666664,0,0,0,0,0,0,0,0,0,0,0.1945922746781116
5224,êºâ™å∞êS,1,40,24,6,2,0.1545,22,0,0,0,2,0,3,9,3,0,0.15575342465753425
5224,êºâ™å∞êS,2,37,8,11,6,0.14270270270270272,0,8,0,0,0,0,0,0,0,18,0.15575342465753425
5224,êºâ™å∞êS,3,37,3,11,13,0.1464864864864865,0,0,0,1,2,0,0,0,0,0,0.15575342465753425
5224,êºâ™å∞êS,4,38,4,9,13,0.1455263157894737,0,2,0,2,0,0,0,0,0,0,0.15575342465753425
5224,êºâ™å∞êS,5,32,1,4,14,0.1521875,0,0,0,1,0,0,0,0,0,0,0.15575342465753425
5224,êºâ™å∞êS,6,35,1,4,15,0.19514285714285715,0,0,0,0,1,0,0,0,0,0,0.15575342465753425
5225,ç÷ì°Í£,1,17,1,1,0,0.1823529411764706,1,0,0,0,0,0,2,9,4,0,0.20183333333333334
5225,ç÷ì°Í£,2,21,0,0,0,0.22142857142857145,0,0,0,0,0,0,0,0,0,5,0.20183333333333334
5225,ç÷ì°Í£,3,21,0,0,0,0.22904761904761908,0,0,0,0,0,0,0,0,0,0,0.20183333333333334
5225,ç÷ì°Í£,4,17,0,1,0,0.1976470588235294,0,0,0,0,0,0,0,0,0,0,0.20183333333333334
5225,ç÷ì°Í£,5,25,0,0,1,0.184,0,0,0,0,0,0,0,0,0,0,0.20183333333333334
5225,ç÷ì°Í£,6,19,0,0,0,0.19473684210526318,0,0,0,0,0,0,0,0,0,0,0.20183333333333334
5226,ì°ìcèróS,1,35,27,4,0,0.13657142857142857,27,0,0,0,0,0,0,4,4,0,0.15348958333333332
5226,ì°ìcèróS,2,34,3,10,8,0.1652941176470588,0,0,3,0,0,0,0,0,0,22,0.15348958333333332
5226,ì°ìcèróS,3,35,8,14,6,0.1382857142857143,0,4,3,1,0,0,0,0,0,0,0.15348958333333332
5226,ì°ìcèróS,4,33,8,7,5,0.15303030303030302,0,2,3,1,2,0,0,0,0,0,0.15348958333333332
5226,ì°ìcèróS,5,30,3,9,3,0.165,0,0,1,1,1,0,0,0,0,0,0.15348958333333332
5226,ì°ìcèróS,6,25,1,2,4,0.16920000000000002,0,1,0,0,0,0,0,0,0,0,0.15348958333333332
5227,êÏå¥à§ñ¢,1,17,5,1,2,0.1735294117647059,5,0,0,0,0,0,5,6,0,0,0.18503144654088052
5227,êÏå¥à§ñ¢,2,31,1,4,5,0.18516129032258066,0,1,0,0,0,0,0,0,0,18,0.18503144654088052
5227,êÏå¥à§ñ¢,3,31,0,4,5,0.15677419354838712,0,0,0,0,0,0,0,0,0,0,0.18503144654088052
5227,êÏå¥à§ñ¢,4,27,1,1,2,0.19740740740740742,0,0,1,0,0,0,0,0,0,0,0.18503144654088052
5227,êÏå¥à§ñ¢,5,28,2,2,0,0.18892857142857142,0,0,0,1,1,0,0,0,0,0,0.18503144654088052
5227,êÏå¥à§ñ¢,6,25,0,0,2,0.21,0,0,0,0,0,0,0,0,0,0,0.18503144654088052
5228,é·ó—é˜óñ,1,42,29,4,4,0.1580952380952381,28,0,0,0,1,0,1,7,4,0,0.14985981308411214
5228,é·ó—é˜óñ,2,31,8,9,4,0.16032258064516128,0,5,3,0,0,0,0,0,0,18,0.14985981308411214
5228,é·ó—é˜óñ,3,44,9,9,10,0.14272727272727273,0,1,3,3,2,0,0,0,0,0,0.14985981308411214
5228,é·ó—é˜óñ,4,37,4,8,9,0.1464864864864865,0,1,0,3,0,0,0,0,0,0,0.14985981308411214
5228,é·ó—é˜óñ,5,32,2,5,8,0.1415625,0,1,0,0,0,1,0,0,0,0,0.14985981308411214
5228,é·ó—é˜óñ,6,28,1,3,4,0.15107142857142858,0,0,0,0,1,0,0,0,0,0,0.14985981308411214
5229,ãgêÏê∞êl,1,33,14,9,2,0.1715151515151515,14,0,0,0,0,0,13,3,3,0,0.1659274193548387
5229,ãgêÏê∞êl,2,45,7,8,7,0.17422222222222222,0,3,3,1,0,0,0,0,0,24,0.1659274193548387
5229,ãgêÏê∞êl,3,45,5,11,6,0.1948888888888889,0,0,2,1,2,0,0,0,0,0,0.1659274193548387
5229,ãgêÏê∞êl,4,44,6,6,7,0.1481818181818182,0,0,5,0,1,0,0,0,0,0,0.1659274193548387
5229,ãgêÏê∞êl,5,46,0,10,7,0.14217391304347826,0,0,0,0,0,0,0,0,0,0,0.1659274193548387
5229,ãgêÏê∞êl,6,35,2,5,3,0.1662857142857143,0,0,2,0,0,0,0,0,0,0,0.1659274193548387
5230,êŒå¥ì‚é—,1,16,4,1,1,0.18875,4,0,0,0,0,0,0,8,2,0,0.16736526946107785
5230,êŒå¥ì‚é—,2,34,1,6,4,0.17647058823529413,0,1,0,0,0,0,0,0,0,15,0.16736526946107785
5230,êŒå¥ì‚é—,3,35,0,2,3,0.18914285714285714,0,0,0,0,0,0,0,0,0,0,0.16736526946107785
5230,êŒå¥ì‚é—,4,24,0,1,0,0.14541666666666667,0,0,0,0,0,0,0,0,0,0,0.16736526946107785
5230,êŒå¥ì‚é—,5,32,0,2,5,0.14656249999999998,0,0,0,0,0,0,0,0,0,0,0.16736526946107785
5230,êŒå¥ì‚é—,6,26,1,2,0,0.15884615384615383,0,0,0,1,0,0,0,0,0,0,0.16736526946107785
5231,éõìcãÛéç,1,15,5,2,3,0.15333333333333332,3,0,0,0,2,0,1,5,3,0,0.21068493150684933
5231,éõìcãÛéç,2,23,3,6,4,0.20260869565217393,0,2,0,0,1,0,0,0,0,9,0.21068493150684933
5231,éõìcãÛéç,3,18,1,5,2,0.20166666666666666,0,0,0,1,0,0,0,0,0,0,0.21068493150684933
5231,éõìcãÛéç,4,26,2,1,5,0.2203846153846154,0,0,1,1,0,0,0,0,0,0,0.21068493150684933
5231,éõìcãÛéç,5,31,0,3,3,0.2232258064516129,0,0,0,0,0,0,0,0,0,0,0.21068493150684933
5231,éõìcãÛéç,6,33,1,2,4,0.2278787878787879,0,0,0,1,0,0,0,0,0,0,0.21068493150684933
5232,û‡éRëÒîn,1,29,11,6,2,0.15586206896551727,10,0,0,0,1,0,4,9,2,0,0.13598984771573602
5232,û‡éRëÒîn,2,39,1,6,7,0.14461538461538462,0,0,1,0,0,0,0,0,0,23,0.13598984771573602
5232,û‡éRëÒîn,3,30,2,4,10,0.14,0,0,1,0,1,0,0,0,0,0,0.13598984771573602
5232,û‡éRëÒîn,4,30,3,6,2,0.12866666666666668,0,0,2,1,0,0,0,0,0,0,0.13598984771573602
5232,û‡éRëÒîn,5,41,3,4,7,0.12536585365853659,0,0,0,2,1,0,0,0,0,0,0.13598984771573602
5232,û‡éRëÒîn,6,28,0,0,4,0.12250000000000001,0,0,0,0,0,0,0,0,0,0,0.13598984771573602
5234,íÀâzäCìl,1,34,19,7,2,0.15294117647058825,18,0,0,0,1,0,4,7,2,0,0.1570995670995671
5234,íÀâzäCìl,2,39,9,8,7,0.16589743589743589,0,6,2,0,1,0,0,0,0,15,0.1570995670995671
5234,íÀâzäCìl,3,48,9,10,14,0.14229166666666668,0,3,4,1,1,0,0,0,0,0,0.1570995670995671
5234,íÀâzäCìl,4,40,9,6,5,0.1565,0,1,6,1,1,0,0,0,0,0,0.1570995670995671
5234,íÀâzäCìl,5,37,6,6,7,0.16135135135135134,0,1,3,2,0,0,0,0,0,0,0.1570995670995671
5234,íÀâzäCìl,6,33,3,3,2,0.1684848484848485,0,0,1,0,2,0,0,0,0,0,0.1570995670995671
5235,ä‚ìcóΩ,1,13,2,1,3,0.17846153846153848,2,0,0,0,0,0,3,6,0,0,0.2023529411764706
5235,ä‚ìcóΩ,2,24,1,1,0,0.22791666666666666,0,0,1,0,0,0,0,0,0,11,0.2023529411764706
5235,ä‚ìcóΩ,3,28,1,0,2,0.20321428571428574,0,0,1,0,0,0,0,0,0,0,0.2023529411764706
5235,ä‚ìcóΩ,4,32,0,0,0,0.2159375,0,0,0,0,0,0,0,0,0,0,0.2023529411764706
5235,ä‚ìcóΩ,5,29,1,0,0,0.16931034482758622,0,0,0,1,0,0,0,0,0,0,0.2023529411764706
5235,ä‚ìcóΩ,6,27,0,0,0,0.20962962962962964,0,0,0,0,0,0,0,0,0,0,0.2023529411764706
5236,è¨ã{ó¡âÎ,2,1,0,0,0,0.16,0,0,0,0,0,0,0,0,0,0,0.16565420560747665
5236,è¨ã{ó¡âÎ,3,9,1,0,1,0.2,0,0,1,0,0,0,0,0,0,0,0.16565420560747665
5236,è¨ã{ó¡âÎ,4,57,2,5,6,0.18350877192982457,0,1,1,0,0,0,0,0,0,0,0.16565420560747665
5236,è¨ã{ó¡âÎ,5,73,1,1,10,0.15397260273972602,0,0,0,1,0,0,0,0,0,0,0.16565420560747665
5236,è¨ã{ó¡âÎ,6,74,1,1,4,0.15932432432432433,0,0,0,1,0,0,0,0,0,0,0.16565420560747665
5237,âièºó«ã≥,1,7,3,1,1,0.13857142857142857,2,0,0,0,1,0,1,0,2,0,0.1737888198757764
5237,âièºó«ã≥,2,20,0,4,3,0.1895,0,0,0,0,0,0,0,0,0,9,0.1737888198757764
5237,âièºó«ã≥,3,31,5,5,3,0.16,0,1,2,1,1,0,0,0,0,0,0.1737888198757764
5237,âièºó«ã≥,4,28,1,2,7,0.1567857142857143,0,1,0,0,0,0,0,0,0,0,0.1737888198757764
5237,âièºó«ã≥,5,37,1,2,4,0.16891891891891891,0,0,1,0,0,0,0,0,0,0,0.1737888198757764
5237,âièºó«ã≥,6,38,0,1,3,0.2005263157894737,0,0,0,0,0,0,0,0,0,0,0.1737888198757764
5238,ç˘ñÿçÅå·,1,10,4,1,0,0.21400000000000002,4,0,0,0,0,0,2,3,1,0,0.17150753768844224
5238,ç˘ñÿçÅå·,2,14,2,4,1,0.18,0,0,1,0,1,0,0,0,0,5,0.17150753768844224
5238,ç˘ñÿçÅå·,3,13,1,3,1,0.16846153846153847,0,0,1,0,0,0,0,0,0,0,0.17150753768844224
5238,ç˘ñÿçÅå·,4,58,2,13,6,0.1417241379310345,0,0,1,1,0,0,0,0,0,0,0.17150753768844224
5238,ç˘ñÿçÅå·,5,52,3,3,7,0.1798076923076923,0,0,0,3,0,0,0,0,0,0,0.17150753768844224
5238,ç˘ñÿçÅå·,6,52,1,2,3,0.18673076923076926,0,1,0,0,0,0,0,0,0,0,0.17150753768844224
5239,è„ñÏèré˜,1,14,4,3,3,0.1457142857142857,4,0,0,0,0,0,3,3,3,0,0.16142045454545453
5239,è„ñÏèré˜,2,27,0,6,3,0.17444444444444443,0,0,0,0,0,0,0,0,0,13,0.16142045454545453
5239,è„ñÏèré˜,3,23,1,3,6,0.16043478260869565,0,0,1,0,0,0,0,0,0,0,0.16142045454545453
5239,è„ñÏèré˜,4,39,2,5,8,0.1764102564102564,0,0,1,0,1,0,0,0,0,0,0.16142045454545453
5239,è„ñÏèré˜,5,34,2,4,4,0.15411764705882353,0,0,0,2,0,0,0,0,0,0,0.16142045454545453
5239,è„ñÏèré˜,6,39,1,0,6,0.15000000000000002,0,0,0,1,0,0,0,0,0,0,0.16142045454545453
5240,çÇã¥ó¥é°,1,18,5,2,1,0.22055555555555556,4,0,0,0,1,0,1,6,3,0,0.17204968944099377
5240,çÇã¥ó¥é°,2,31,1,5,2,0.15516129032258066,0,0,1,0,0,0,0,0,0,23,0.17204968944099377
5240,çÇã¥ó¥é°,3,30,3,5,6,0.15533333333333335,0,0,0,2,1,0,0,0,0,0,0.17204968944099377
5240,çÇã¥ó¥é°,4,28,1,2,2,0.18178571428571427,0,0,0,1,0,0,0,0,0,0,0.17204968944099377
5240,çÇã¥ó¥é°,5,25,1,2,6,0.1752,0,0,0,1,0,0,0,0,0,0,0.17204968944099377
5240,çÇã¥ó¥é°,6,29,1,0,3,0.16517241379310346,0,0,0,0,0,1,0,0,0,0,0.17204968944099377
5241,ñÂìcûx,1,36,15,5,6,0.17333333333333334,15,0,0,0,0,0,2,15,3,0,0.17032388663967613
5241,ñÂìcûx,2,43,7,10,4,0.1816279069767442,0,3,4,0,0,0,0,0,0,19,0.17032388663967613
5241,ñÂìcûx,3,40,5,9,6,0.15525,0,0,1,1,3,0,0,0,0,0,0.17032388663967613
5241,ñÂìcûx,4,44,2,4,10,0.1759090909090909,0,1,0,0,1,0,0,0,0,0,0.17032388663967613
5241,ñÂìcûx,5,44,2,3,9,0.16272727272727272,0,0,0,2,0,0,0,0,0,0,0.17032388663967613
5241,ñÂìcûx,6,40,1,2,3,0.17275000000000001,0,0,0,1,0,0,0,0,0,0,0.17032388663967613
5242,çÇéRçOìl,1,15,4,1,0,0.14400000000000002,4,0,0,0,0,0,1,5,0,0,0.1894701986754967
5242,çÇéRçOìl,2,25,1,2,2,0.1648,0,1,0,0,0,0,0,0,0,17,0.1894701986754967
5242,çÇéRçOìl,3,26,0,3,4,0.2030769230769231,0,0,0,0,0,0,0,0,0,0,0.1894701986754967
5242,çÇéRçOìl,4,28,0,2,2,0.16107142857142856,0,0,0,0,0,0,0,0,0,0,0.1894701986754967
5242,çÇéRçOìl,5,28,0,0,1,0.22357142857142856,0,0,0,0,0,0,0,0,0,0,0.1894701986754967
5242,çÇéRçOìl,6,29,0,0,1,0.21655172413793106,0,0,0,0,0,0,0,0,0,0,0.1894701986754967
5243,éOînêíéj,1,35,13,4,1,0.168,12,0,0,0,1,0,5,8,6,0,0.16236162361623616
5243,éOînêíéj,2,51,8,9,8,0.15529411764705883,0,7,1,0,0,0,0,0,0,27,0.16236162361623616
5243,éOînêíéj,3,58,8,11,8,0.15379310344827585,0,0,4,1,1,2,0,0,0,0,0.16236162361623616
5243,éOînêíéj,4,45,4,4,12,0.16422222222222221,0,1,2,0,1,0,0,0,0,0,0.16236162361623616
5243,éOînêíéj,5,45,1,4,8,0.16733333333333333,0,0,1,0,0,0,0,0,0,0,0.16236162361623616
5243,éOînêíéj,6,37,1,2,8,0.1718918918918919,0,0,0,0,0,1,0,0,0,0,0.16236162361623616
5244,çïìcçÑ,1,10,5,3,0,0.134,5,0,0,0,0,0,2,2,0,0,0.1580281690140845
5244,çïìcçÑ,2,19,2,2,4,0.14368421052631578,0,2,0,0,0,0,0,0,0,11,0.1580281690140845
5244,çïìcçÑ,3,27,3,0,2,0.15444444444444444,0,1,1,0,0,1,0,0,0,0,0.1580281690140845
5244,çïìcçÑ,4,24,0,0,2,0.16166666666666665,0,0,0,0,0,0,0,0,0,0,0.1580281690140845
5244,çïìcçÑ,5,26,0,1,1,0.17384615384615382,0,0,0,0,0,0,0,0,0,0,0.1580281690140845
5244,çïìcçÑ,6,36,0,0,1,0.1611111111111111,0,0,0,0,0,0,0,0,0,0,0.1580281690140845
5245,ëqïxëÂêΩ,1,8,1,2,0,0.21375000000000002,1,0,0,0,0,0,3,2,1,0,0.22485507246376812
5245,ëqïxëÂêΩ,2,13,1,1,4,0.18615384615384614,0,1,0,0,0,0,0,0,0,9,0.22485507246376812
5245,ëqïxëÂêΩ,3,13,1,1,3,0.2,0,0,1,0,0,0,0,0,0,0,0.22485507246376812
5245,ëqïxëÂêΩ,4,20,1,1,1,0.1945,0,0,1,0,0,0,0,0,0,0,0.22485507246376812
5245,ëqïxëÂêΩ,5,30,1,3,0,0.22533333333333333,0,0,0,0,1,0,0,0,0,0,0.22485507246376812
5245,ëqïxëÂêΩ,6,54,0,0,0,0.25277777777777777,0,0,0,0,0,0,0,0,0,0,0.22485507246376812
5246,ìÌè´ëæòY,1,21,8,2,3,0.18619047619047618,6,0,0,0,2,0,3,7,2,0,0.17327272727272727
5246,ìÌè´ëæòY,2,25,3,2,7,0.15560000000000002,0,3,0,0,0,0,0,0,0,8,0.17327272727272727
5246,ìÌè´ëæòY,3,35,6,4,7,0.17,0,0,4,1,1,0,0,0,0,0,0.17327272727272727
5246,ìÌè´ëæòY,4,32,5,1,5,0.14875,0,0,2,3,0,0,0,0,0,0,0.17327272727272727
5246,ìÌè´ëæòY,5,29,3,2,4,0.19689655172413792,0,0,1,2,0,0,0,0,0,0,0.17327272727272727
5246,ìÌè´ëæòY,6,23,0,0,4,0.19,0,0,0,0,0,0,0,0,0,0,0.17327272727272727
5247,ëÂêXóÉ,1,15,5,1,0,0.16,5,0,0,0,0,0,0,8,2,0,0.1998947368421053
5247,ëÂêXóÉ,2,25,1,0,4,0.2328,0,1,0,0,0,0,0,0,0,12,0.1998947368421053
5247,ëÂêXóÉ,3,25,0,3,3,0.1816,0,0,0,0,0,0,0,0,0,0,0.1998947368421053
5247,ëÂêXóÉ,4,45,1,2,5,0.2197777777777778,0,0,0,1,0,0,0,0,0,0,0.1998947368421053
5247,ëÂêXóÉ,5,46,0,2,3,0.19391304347826085,0,0,0,0,0,0,0,0,0,0,0.1998947368421053
5247,ëÂêXóÉ,6,34,0,0,2,0.1885294117647059,0,0,0,0,0,0,0,0,0,0,0.1998947368421053
5248,ñ{ìcà§,1,21,7,1,1,0.2042857142857143,7,0,0,0,0,0,0,11,3,0,0.18474285714285713
5248,ñ{ìcà§,2,27,1,3,5,0.1637037037037037,0,0,1,0,0,0,0,0,0,16,0.18474285714285713
5248,ñ{ìcà§,3,28,3,8,2,0.16285714285714284,0,1,1,0,1,0,0,0,0,0,0.18474285714285713
5248,ñ{ìcà§,4,31,0,5,6,0.19451612903225807,0,0,0,0,0,0,0,0,0,0,0.18474285714285713
5248,ñ{ìcà§,5,35,1,3,3,0.172,0,0,0,0,1,0,0,0,0,0,0.18474285714285713
5248,ñ{ìcà§,6,33,0,3,3,0.2124242424242424,0,0,0,0,0,0,0,0,0,0,0.18474285714285713
5249,éOñÿê∞ìl,1,20,6,5,2,0.1595,4,0,0,0,2,0,5,6,1,0,0.15872549019607846
5249,éOñÿê∞ìl,2,36,0,9,4,0.18055555555555555,0,0,0,0,0,0,0,0,0,19,0.15872549019607846
5249,éOñÿê∞ìl,3,30,1,4,7,0.14400000000000002,0,0,0,0,1,0,0,0,0,0,0.15872549019607846
5249,éOñÿê∞ìl,4,41,6,3,3,0.15390243902439027,0,0,1,2,3,0,0,0,0,0,0.15872549019607846
5249,éOñÿê∞ìl,5,39,2,1,4,0.17076923076923078,0,0,0,1,1,0,0,0,0,0,0.15872549019607846
5249,éOñÿê∞ìl,6,38,0,2,6,0.14210526315789473,0,0,0,0,0,0,0,0,0,0,0.15872549019607846
5250,ìàìcóLó¢,1,3,0,0,1,0.2333333333333333,0,0,0,0,0,0,0,2,0,0,0.19479166666666667
5250,ìàìcóLó¢,2,3,1,0,0,0.2333333333333333,0,0,0,0,1,0,0,0,0,1,0.19479166666666667
5250,ìàìcóLó¢,3,23,0,2,5,0.20478260869565218,0,0,0,0,0,0,0,0,0,0,0.19479166666666667
5250,ìàìcóLó¢,4,32,2,0,2,0.2125,0,0,1,1,0,0,0,0,0,0,0.19479166666666667
5250,ìàìcóLó¢,5,37,0,3,3,0.17486486486486486,0,0,0,0,0,0,0,0,0,0,0.19479166666666667
5250,ìàìcóLó¢,6,46,0,1,1,0.1884782608695652,0,0,0,0,0,0,0,0,0,0,0.19479166666666667
5251,è¿ìcéµâÿ,1,8,1,1,1,0.19375,1,0,0,0,0,0,2,3,0,0,0.19581005586592176
5251,è¿ìcéµâÿ,2,13,0,1,3,0.2076923076923077,0,0,0,0,0,0,0,0,0,5,0.19581005586592176
5251,è¿ìcéµâÿ,3,22,0,0,2,0.21181818181818182,0,0,0,0,0,0,0,0,0,0,0.19581005586592176
5251,è¿ìcéµâÿ,4,39,0,1,1,0.20743589743589744,0,0,0,0,0,0,0,0,0,0,0.19581005586592176
5251,è¿ìcéµâÿ,5,46,0,0,1,0.1897826086956522,0,0,0,0,0,0,0,0,0,0,0.19581005586592176
5251,è¿ìcéµâÿ,6,51,0,1,1,0.18274509803921568,0,0,0,0,0,0,0,0,0,0,0.19581005586592176
5252,çrñÿÈDìl,1,28,11,8,2,0.12535714285714286,10,0,0,0,1,0,6,3,6,0,0.1517695473251029
5252,çrñÿÈDìl,2,48,5,6,10,0.16166666666666665,0,2,1,0,2,0,0,0,0,23,0.1517695473251029
5252,çrñÿÈDìl,3,50,6,5,14,0.15460000000000002,0,0,4,2,0,0,0,0,0,0,0.1517695473251029
5252,çrñÿÈDìl,4,36,4,1,3,0.15444444444444447,0,0,2,2,0,0,0,0,0,0,0.1517695473251029
5252,çrñÿÈDìl,5,48,1,6,5,0.14708333333333334,0,0,0,1,0,0,0,0,0,0,0.1517695473251029
5252,çrñÿÈDìl,6,33,1,1,7,0.1593939393939394,0,0,0,1,0,0,0,0,0,0,0.1517695473251029
5253,ì°à‰ëæâÎ,1,16,2,1,3,0.165,1,0,0,0,1,0,4,6,2,0,0.1805820105820106
5253,ì°à‰ëæâÎ,2,27,1,3,1,0.2011111111111111,0,1,0,0,0,0,0,0,0,10,0.1805820105820106
5253,ì°à‰ëæâÎ,3,29,3,2,4,0.16137931034482758,0,0,2,1,0,0,0,0,0,0,0.1805820105820106
5253,ì°à‰ëæâÎ,4,36,2,2,1,0.16138888888888892,0,0,1,1,0,0,0,0,0,0,0.1805820105820106
5253,ì°à‰ëæâÎ,5,39,0,0,4,0.2117948717948718,0,0,0,0,0,0,0,0,0,0,0.1805820105820106
5253,ì°à‰ëæâÎ,6,42,0,2,2,0.17404761904761903,0,0,0,0,0,0,0,0,0,0,0.1805820105820106
5254,âHìcî‹äÛ,1,11,1,4,2,0.20545454545454545,1,0,0,0,0,0,3,2,4,0,0.18822085889570553
5254,âHìcî‹äÛ,2,18,1,2,4,0.14722222222222223,0,0,1,0,0,0,0,0,0,9,0.18822085889570553
5254,âHìcî‹äÛ,3,34,1,4,3,0.20470588235294118,0,0,0,1,0,0,0,0,0,0,0.18822085889570553
5254,âHìcî‹äÛ,4,34,0,2,1,0.16588235294117645,0,0,0,0,0,0,0,0,0,0,0.18822085889570553
5254,âHìcî‹äÛ,5,31,1,3,2,0.20451612903225805,0,0,0,1,0,0,0,0,0,0,0.18822085889570553
5254,âHìcî‹äÛ,6,35,0,1,4,0.19514285714285715,0,0,0,0,0,0,0,0,0,0,0.18822085889570553
5255,ì°å¥êÂìÒ,1,18,10,4,3,0.1627777777777778,10,0,0,0,0,0,1,5,2,0,0.15945812807881773
5255,ì°å¥êÂìÒ,2,31,6,5,5,0.20516129032258065,0,4,2,0,0,0,0,0,0,12,0.15945812807881773
5255,ì°å¥êÂìÒ,3,30,4,7,5,0.15633333333333335,0,0,1,3,0,0,0,0,0,0,0.15945812807881773
5255,ì°å¥êÂìÒ,4,42,5,5,10,0.16642857142857143,0,2,1,0,2,0,0,0,0,0,0.15945812807881773
5255,ì°å¥êÂìÒ,5,46,6,4,7,0.13804347826086955,0,1,1,4,0,0,0,0,0,0,0.15945812807881773
5255,ì°å¥êÂìÒ,6,36,2,4,6,0.14027777777777778,0,0,1,1,0,0,0,0,0,0,0.15945812807881773
5256,íÜéR„ƒëæ,1,36,22,4,3,0.15805555555555556,18,0,0,0,4,0,4,6,4,0,0.14777327935222673
5256,íÜéR„ƒëæ,2,50,10,11,7,0.163,0,5,4,1,0,0,0,0,0,23,0.14777327935222673
5256,íÜéR„ƒëæ,3,53,12,18,7,0.1437735849056604,1,0,4,5,1,1,0,0,0,0,0.14777327935222673
5256,íÜéR„ƒëæ,4,44,6,2,10,0.13272727272727272,0,0,2,4,0,0,0,0,0,0,0.14777327935222673
5256,íÜéR„ƒëæ,5,36,5,6,11,0.14416666666666667,0,1,1,3,0,0,0,0,0,0,0.14777327935222673
5256,íÜéR„ƒëæ,6,28,0,3,7,0.1432142857142857,0,0,0,0,0,0,0,0,0,0,0.14777327935222673
5257,êºä€ò–ëæòN,1,23,11,5,4,0.16956521739130434,10,0,0,0,1,0,7,4,1,0,0.16515625
5257,êºä€ò–ëæòN,2,26,7,5,3,0.1757692307692308,0,7,0,0,0,0,0,0,0,11,0.16515625
5257,êºä€ò–ëæòN,3,26,6,4,8,0.17846153846153845,0,0,1,5,0,0,0,0,0,0,0.16515625
5257,êºä€ò–ëæòN,4,42,4,6,11,0.15880952380952382,0,1,2,1,0,0,0,0,0,0,0.16515625
5257,êºä€ò–ëæòN,5,37,2,7,8,0.15432432432432433,0,0,0,2,0,0,0,0,0,0,0.16515625
5257,êºä€ò–ëæòN,6,38,3,4,6,0.1636842105263158,0,0,0,2,0,1,0,0,0,0,0.16515625
5258,íáñ{èw,1,13,5,2,2,0.20153846153846156,4,0,0,0,1,0,0,6,0,0,0.192890625
5258,íáñ{èw,2,26,1,3,6,0.19884615384615384,0,0,0,0,1,0,0,0,0,15,0.192890625
5258,íáñ{èw,3,23,2,3,2,0.17565217391304347,0,0,1,0,1,0,0,0,0,0,0.192890625
5258,íáñ{èw,4,19,1,0,3,0.1836842105263158,0,0,1,0,0,0,0,0,0,0,0.192890625
5258,íáñ{èw,5,24,1,1,5,0.19874999999999998,0,0,0,1,0,0,0,0,0,0,0.192890625
5258,íáñ{èw,6,23,0,1,1,0.19999999999999998,0,0,0,0,0,0,0,0,0,0,0.192890625
5259,ñÏìcè∏å·,1,17,1,1,3,0.16470588235294117,1,0,0,0,0,0,6,8,1,0,0.17046874999999997
5259,ñÏìcè∏å·,2,32,0,2,3,0.153125,0,0,0,0,0,0,0,0,0,18,0.17046874999999997
5259,ñÏìcè∏å·,3,34,0,0,5,0.16970588235294118,0,0,0,0,0,0,0,0,0,0,0.17046874999999997
5259,ñÏìcè∏å·,4,39,2,1,4,0.16384615384615386,0,0,1,1,0,0,0,0,0,0,0.17046874999999997
5259,ñÏìcè∏å·,5,38,0,0,1,0.17684210526315788,0,0,0,0,0,0,0,0,0,0,0.17046874999999997
5259,ñÏìcè∏å·,6,32,0,0,0,0.1921875,0,0,0,0,0,0,0,0,0,0,0.17046874999999997
5260,ç≤ÅXñÿäCê¨,1,1,0,0,0,0.22,0,0,0,0,0,0,0,1,0,0,0.17
5260,ç≤ÅXñÿäCê¨,3,1,0,0,0,0.15,0,0,0,0,0,0,0,0,0,0,0.17
5260,ç≤ÅXñÿäCê¨,6,1,0,0,0,0.14,0,0,0,0,0,0,0,0,0,0,0.17
5261,â™í®óS,1,7,2,1,0,0.19,1,0,0,0,1,0,1,2,2,0,0.18460000000000001
5261,â™í®óS,2,28,5,1,3,0.16071428571428573,0,5,0,0,0,0,0,0,0,15,0.18460000000000001
5261,â™í®óS,3,35,6,3,0,0.1562857142857143,0,1,4,0,1,0,0,0,0,0,0.18460000000000001
5261,â™í®óS,4,43,1,4,7,0.19139534883720932,0,0,1,0,0,0,0,0,0,0,0.18460000000000001
5261,â™í®óS,5,46,3,3,4,0.1926086956521739,0,0,2,1,0,0,0,0,0,0,0.18460000000000001
5261,â™í®óS,6,41,0,2,3,0.2080487804878049,0,0,0,0,0,0,0,0,0,0,0.18460000000000001
5262,óÈñÿèÕéi,1,20,1,3,2,0.1665,0,0,0,0,1,0,5,11,2,0,0.18142857142857144
5262,óÈñÿèÕéi,2,26,0,2,8,0.1546153846153846,0,0,0,0,0,0,0,0,0,15,0.18142857142857144
5262,óÈñÿèÕéi,3,28,1,0,8,0.155,0,0,0,0,0,1,0,0,0,0,0.18142857142857144
5262,óÈñÿèÕéi,4,28,1,3,2,0.1907142857142857,0,0,0,0,1,0,0,0,0,0,0.18142857142857144
5262,óÈñÿèÕéi,5,32,1,2,4,0.198125,0,0,0,1,0,0,0,0,0,0,0.18142857142857144
5262,óÈñÿèÕéi,6,34,0,0,3,0.20911764705882355,0,0,0,0,0,0,0,0,0,0,0.18142857142857144
5263,â‘ìcäMê¨,1,10,5,1,2,0.154,5,0,0,0,0,0,3,1,1,0,0.16203125000000002
5263,â‘ìcäMê¨,2,21,2,4,5,0.17476190476190476,0,2,0,0,0,0,0,0,0,15,0.16203125000000002
5263,â‘ìcäMê¨,3,19,2,3,4,0.15052631578947367,0,0,2,0,0,0,0,0,0,0,0.16203125000000002
5263,â‘ìcäMê¨,4,24,1,3,8,0.15041666666666667,0,0,0,1,0,0,0,0,0,0,0.16203125000000002
5263,â‘ìcäMê¨,5,27,0,3,3,0.15703703703703706,0,0,0,0,0,0,0,0,0,0,0.16203125000000002
5263,â‘ìcäMê¨,6,27,0,3,1,0.17851851851851852,0,0,0,0,0,0,0,0,0,0,0.16203125000000002
5264,ìoÇ›Ç–â ,1,9,5,1,0,0.15777777777777777,5,0,0,0,0,0,0,4,0,0,0.18797169811320755
5264,ìoÇ›Ç–â ,2,12,2,2,1,0.14666666666666667,0,2,0,0,0,0,0,0,0,8,0.18797169811320755
5264,ìoÇ›Ç–â ,3,40,5,5,4,0.20825,0,0,3,1,1,0,0,0,0,0,0.18797169811320755
5264,ìoÇ›Ç–â ,4,51,2,8,6,0.18784313725490195,0,0,1,0,1,0,0,0,0,0,0.18797169811320755
5264,ìoÇ›Ç–â ,5,49,0,4,6,0.19836734693877553,0,0,0,0,0,0,0,0,0,0,0.18797169811320755
5264,ìoÇ›Ç–â ,6,51,1,0,4,0.1772549019607843,0,0,1,0,0,0,0,0,0,0,0.18797169811320755
5265,ëÂúAçÁãG,1,7,1,2,0,0.1957142857142857,1,0,0,0,0,0,1,2,3,0,0.1798237885462555
5265,ëÂúAçÁãG,2,11,0,1,3,0.1809090909090909,0,0,0,0,0,0,0,0,0,4,0.1798237885462555
5265,ëÂúAçÁãG,3,14,0,1,1,0.19785714285714287,0,0,0,0,0,0,0,0,0,0,0.1798237885462555
5265,ëÂúAçÁãG,4,69,3,1,12,0.17724637681159422,0,0,1,2,0,0,0,0,0,0,0.1798237885462555
5265,ëÂúAçÁãG,5,61,0,2,3,0.17491803278688525,0,0,0,0,0,0,0,0,0,0,0.1798237885462555
5265,ëÂúAçÁãG,6,65,0,2,2,0.1813846153846154,0,0,0,0,0,0,0,0,0,0,0.1798237885462555
5266,êŒìcóEìl,1,13,4,2,1,0.1423076923076923,4,0,0,0,0,0,3,4,1,0,0.18767045454545456
5266,êŒìcóEìl,2,22,1,2,1,0.1731818181818182,0,1,0,0,0,0,0,0,0,9,0.18767045454545456
5266,êŒìcóEìl,3,22,0,0,3,0.20227272727272727,0,0,0,0,0,0,0,0,0,0,0.18767045454545456
5266,êŒìcóEìl,4,36,2,3,3,0.19416666666666668,0,1,0,1,0,0,0,0,0,0,0.18767045454545456
5266,êŒìcóEìl,5,44,2,1,1,0.17272727272727273,0,0,0,2,0,0,0,0,0,0,0.18767045454545456
5266,êŒìcóEìl,6,39,0,0,1,0.21358974358974359,0,0,0,0,0,0,0,0,0,0,0.18767045454545456
5267,êŒñ{óTïê,1,46,34,2,3,0.1482608695652174,30,0,0,0,4,0,1,8,3,0,0.13257383966244726
5267,êŒñ{óTïê,2,41,9,9,8,0.1348780487804878,0,7,2,0,0,0,0,0,0,24,0.13257383966244726
5267,êŒñ{óTïê,3,48,12,15,8,0.125,0,2,2,7,0,1,0,0,0,0,0.13257383966244726
5267,êŒñ{óTïê,4,36,3,6,11,0.13249999999999998,0,2,0,1,0,0,0,0,0,0,0.13257383966244726
5267,êŒñ{óTïê,5,32,7,6,6,0.1121875,0,0,0,6,0,1,0,0,0,0,0.13257383966244726
5267,êŒñ{óTïê,6,34,3,5,3,0.13852941176470587,0,0,1,1,0,1,0,0,0,0,0.13257383966244726
5268,éRñ{çKñÁ,1,7,0,1,0,0.19428571428571426,0,0,0,0,0,0,1,4,2,0,0.2015432098765432
5268,éRñ{çKñÁ,2,13,1,2,0,0.21846153846153846,0,0,1,0,0,0,0,0,0,6,0.2015432098765432
5268,éRñ{çKñÁ,3,19,0,2,1,0.1668421052631579,0,0,0,0,0,0,0,0,0,0,0.2015432098765432
5268,éRñ{çKñÁ,4,29,0,0,1,0.18827586206896552,0,0,0,0,0,0,0,0,0,0,0.2015432098765432
5268,éRñ{çKñÁ,5,44,1,1,1,0.205,0,1,0,0,0,0,0,0,0,0,0.2015432098765432
5268,éRñ{çKñÁ,6,50,1,1,1,0.21600000000000003,0,0,0,1,0,0,0,0,0,0,0.2015432098765432
5269,éRå˚çWï¸,1,31,12,6,1,0.17387096774193547,11,0,0,0,1,0,8,3,5,0,0.15999999999999998
5269,éRå˚çWï¸,2,51,5,5,4,0.1568627450980392,0,2,1,0,2,0,0,0,0,26,0.15999999999999998
5269,éRå˚çWï¸,3,38,8,6,5,0.16631578947368422,0,2,2,2,1,1,0,0,0,0,0.15999999999999998
5269,éRå˚çWï¸,4,35,2,3,5,0.14942857142857144,0,1,1,0,0,0,0,0,0,0,0.15999999999999998
5269,éRå˚çWï¸,5,43,1,6,3,0.16116279069767442,0,0,0,1,0,0,0,0,0,0,0.15999999999999998
5269,éRå˚çWï¸,6,34,3,3,2,0.15441176470588236,0,0,0,2,1,0,0,0,0,0,0.15999999999999998
5270,è¨ã å[ëæ,1,14,5,0,1,0.14928571428571427,3,0,0,0,1,1,0,7,1,0,0.15533333333333335
5270,è¨ã å[ëæ,2,29,1,4,4,0.14586206896551726,0,1,0,0,0,0,0,0,0,17,0.15533333333333335
5270,è¨ã å[ëæ,3,24,1,1,4,0.15166666666666667,0,0,0,1,0,0,0,0,0,0,0.15533333333333335
5270,è¨ã å[ëæ,4,36,2,4,3,0.1736111111111111,0,0,2,0,0,0,0,0,0,0,0.15533333333333335
5270,è¨ã å[ëæ,5,35,0,0,5,0.15371428571428572,0,0,0,0,0,0,0,0,0,0,0.15533333333333335
5270,è¨ã å[ëæ,6,42,0,2,2,0.15166666666666667,0,0,0,0,0,0,0,0,0,0,0.15533333333333335
5271,êôéRëæóz,1,13,2,6,0,0.16923076923076924,1,0,0,0,1,0,2,6,0,0,0.16182857142857143
5271,êôéRëæóz,2,26,2,5,2,0.15923076923076923,0,1,0,0,1,0,0,0,0,14,0.16182857142857143
5271,êôéRëæóz,3,27,0,1,5,0.1625925925925926,0,0,0,0,0,0,0,0,0,0,0.16182857142857143
5271,êôéRëæóz,4,36,2,1,3,0.1497222222222222,0,0,2,0,0,0,0,0,0,0,0.16182857142857143
5271,êôéRëæóz,5,32,0,1,3,0.1484375,0,0,0,0,0,0,0,0,0,0,0.16182857142857143
5271,êôéRëæóz,6,41,0,1,1,0.18170731707317073,0,0,0,0,0,0,0,0,0,0,0.16182857142857143
5272,èºìcê^é¿,1,13,4,1,0,0.2053846153846154,4,0,0,0,0,0,2,4,2,0,0.1723076923076923
5272,èºìcê^é¿,2,18,2,3,2,0.15611111111111112,0,0,2,0,0,0,0,0,0,7,0.1723076923076923
5272,èºìcê^é¿,3,21,0,2,0,0.21571428571428572,0,0,0,0,0,0,0,0,0,0,0.1723076923076923
5272,èºìcê^é¿,4,32,1,2,2,0.161875,0,0,1,0,0,0,0,0,0,0,0.1723076923076923
5272,èºìcê^é¿,5,26,0,0,1,0.17346153846153844,0,0,0,0,0,0,0,0,0,0,0.1723076923076923
5272,èºìcê^é¿,6,33,0,0,2,0.14969696969696972,0,0,0,0,0,0,0,0,0,0,0.1723076923076923
5273,éRâ∫ëÒñ§,1,12,3,0,2,0.2041666666666667,3,0,0,0,0,0,2,4,3,0,0.18351515151515152
5273,éRâ∫ëÒñ§,2,27,0,1,1,0.1937037037037037,0,0,0,0,0,0,0,0,0,13,0.18351515151515152
5273,éRâ∫ëÒñ§,3,22,0,6,7,0.14863636363636365,0,0,0,0,0,0,0,0,0,0,0.18351515151515152
5273,éRâ∫ëÒñ§,4,35,0,2,6,0.2082857142857143,0,0,0,0,0,0,0,0,0,0,0.18351515151515152
5273,éRâ∫ëÒñ§,5,41,1,3,7,0.1834146341463415,0,0,0,1,0,0,0,0,0,0,0.18351515151515152
5273,éRâ∫ëÒñ§,6,28,1,1,4,0.16142857142857142,0,0,0,1,0,0,0,0,0,0,0.18351515151515152
5274,èÈä‘ê∑èç,1,12,3,2,1,0.20083333333333334,2,0,0,0,1,0,0,5,2,0,0.1852147239263804
5274,èÈä‘ê∑èç,2,18,3,2,3,0.21166666666666667,0,2,1,0,0,0,0,0,0,10,0.1852147239263804
5274,èÈä‘ê∑èç,3,20,3,4,2,0.1665,0,0,0,2,1,0,0,0,0,0,0.1852147239263804
5274,èÈä‘ê∑èç,4,40,2,3,5,0.16975,0,0,1,0,0,1,0,0,0,0,0.1852147239263804
5274,èÈä‘ê∑èç,5,37,2,3,1,0.20243243243243245,0,0,0,1,1,0,0,0,0,0,0.1852147239263804
5274,èÈä‘ê∑èç,6,36,1,5,4,0.17666666666666667,0,0,0,1,0,0,0,0,0,0,0.1852147239263804
5275,èºìcè~ïΩ,1,5,1,0,0,0.182,1,0,0,0,0,0,2,1,1,0,0.1701595744680851
5275,èºìcè~ïΩ,2,12,1,3,2,0.2125,0,0,1,0,0,0,0,0,0,5,0.1701595744680851
5275,èºìcè~ïΩ,3,12,1,3,2,0.1975,0,0,0,0,1,0,0,0,0,0,0.1701595744680851
5275,èºìcè~ïΩ,4,46,3,2,3,0.17630434782608695,0,0,1,1,1,0,0,0,0,0,0.1701595744680851
5275,èºìcè~ïΩ,5,52,5,5,4,0.1601923076923077,0,0,0,2,3,0,0,0,0,0,0.1701595744680851
5275,èºìcè~ïΩ,6,61,3,1,5,0.15934426229508197,0,1,1,1,0,0,0,0,0,0,0.1701595744680851
5276,ëÂìáó≤îTâÓ,1,21,7,4,3,0.16476190476190475,7,0,0,0,0,0,1,7,5,0,0.16782608695652174
5276,ëÂìáó≤îTâÓ,2,37,1,11,7,0.1583783783783784,0,0,1,0,0,0,0,0,0,20,0.16782608695652174
5276,ëÂìáó≤îTâÓ,3,30,4,6,9,0.18533333333333332,0,1,2,0,1,0,0,0,0,0,0.16782608695652174
5276,ëÂìáó≤îTâÓ,4,44,1,3,9,0.17545454545454545,0,1,0,0,0,0,0,0,0,0,0.16782608695652174
5276,ëÂìáó≤îTâÓ,5,42,1,3,10,0.16428571428571428,0,0,1,0,0,0,0,0,0,0,0.16782608695652174
5276,ëÂìáó≤îTâÓ,6,33,0,2,4,0.15878787878787878,0,0,0,0,0,0,0,0,0,0,0.16782608695652174
5277,à‰è„ñ¢ìs,1,15,3,1,2,0.22000000000000003,3,0,0,0,0,0,4,3,4,0,0.1823931623931624
5277,à‰è„ñ¢ìs,2,26,3,6,7,0.17807692307692308,0,2,1,0,0,0,0,0,0,16,0.1823931623931624
5277,à‰è„ñ¢ìs,3,43,2,5,3,0.19,0,0,1,1,0,0,0,0,0,0,0.1823931623931624
5277,à‰è„ñ¢ìs,4,53,3,7,8,0.1728301886792453,0,0,3,0,0,0,0,0,0,0,0.1823931623931624
5277,à‰è„ñ¢ìs,5,52,2,4,4,0.16365384615384615,0,0,0,2,0,0,0,0,0,0,0.1823931623931624
5277,à‰è„ñ¢ìs,6,45,0,1,5,0.198,0,0,0,0,0,0,0,0,0,0,0.1823931623931624
5278,ìcíÜèxï∫,1,16,8,3,3,0.168125,7,1,0,0,0,0,1,3,1,0,0.16253246753246753
5278,ìcíÜèxï∫,2,28,5,8,4,0.16071428571428573,0,3,2,0,0,0,0,0,0,18,0.16253246753246753
5278,ìcíÜèxï∫,3,28,6,6,5,0.17285714285714285,0,1,1,4,0,0,0,0,0,0,0.16253246753246753
5278,ìcíÜèxï∫,4,24,4,5,4,0.16833333333333333,0,1,2,0,1,0,0,0,0,0,0.16253246753246753
5278,ìcíÜèxï∫,5,32,3,6,2,0.134375,0,0,0,2,0,1,0,0,0,0,0.16253246753246753
5278,ìcíÜèxï∫,6,26,0,2,3,0.17923076923076925,0,0,0,0,0,0,0,0,0,0,0.16253246753246753
5279,êŒìn„ƒàÍòY,1,33,16,8,4,0.14484848484848487,16,0,0,0,0,0,6,5,4,0,0.1423963133640553
5279,êŒìn„ƒàÍòY,2,39,2,10,12,0.14871794871794872,0,2,0,0,0,0,0,0,0,23,0.1423963133640553
5279,êŒìn„ƒàÍòY,3,44,10,12,8,0.1456818181818182,0,2,6,1,1,0,0,0,0,0,0.1423963133640553
5279,êŒìn„ƒàÍòY,4,36,6,5,7,0.13555555555555554,0,1,1,4,0,0,0,0,0,0,0.1423963133640553
5279,êŒìn„ƒàÍòY,5,35,2,5,9,0.13942857142857143,0,0,1,0,1,0,0,0,0,0,0.1423963133640553
5279,êŒìn„ƒàÍòY,6,30,0,5,2,0.13833333333333334,0,0,0,0,0,0,0,0,0,0,0.1423963133640553
5280,úAê£Í£,1,9,3,3,1,0.2222222222222222,3,0,0,0,0,0,1,4,1,0,0.2288888888888889
5280,úAê£Í£,2,13,2,3,1,0.18692307692307694,0,2,0,0,0,0,0,0,0,6,0.2288888888888889
5280,úAê£Í£,3,10,0,2,5,0.21600000000000003,0,0,0,0,0,0,0,0,0,0,0.2288888888888889
5280,úAê£Í£,4,53,2,11,13,0.2392452830188679,0,1,0,1,0,0,0,0,0,0,0.2288888888888889
5280,úAê£Í£,5,58,1,5,14,0.22827586206896552,0,0,0,1,0,0,0,0,0,0,0.2288888888888889
5280,úAê£Í£,6,55,1,6,6,0.23290909090909093,0,0,0,0,1,0,0,0,0,0,0.2288888888888889
5281,à‰è„óyî‹,1,26,10,5,5,0.15346153846153848,10,0,0,0,0,0,2,11,2,0,0.15046511627906978
5281,à‰è„óyî‹,2,28,3,5,3,0.13892857142857143,0,1,1,0,0,1,0,0,0,15,0.15046511627906978
5281,à‰è„óyî‹,3,38,5,5,9,0.15842105263157896,0,0,2,2,1,0,0,0,0,0,0.15046511627906978
5281,à‰è„óyî‹,4,46,2,5,15,0.15,0,1,1,0,0,0,0,0,0,0,0.15046511627906978
5281,à‰è„óyî‹,5,38,2,4,9,0.1423684210526316,0,0,1,1,0,0,0,0,0,0,0.15046511627906978
5281,à‰è„óyî‹,6,39,1,0,10,0.15743589743589742,0,0,0,1,0,0,0,0,0,0,0.15046511627906978
5282,íÜñ{ëÂé˜,1,7,4,1,1,0.18285714285714286,4,0,0,0,0,0,1,0,2,0,0.1679527559055118
5282,íÜñ{ëÂé˜,2,11,0,2,1,0.18454545454545457,0,0,0,0,0,0,0,0,0,3,0.1679527559055118
5282,íÜñ{ëÂé˜,3,17,1,2,2,0.17470588235294118,0,0,1,0,0,0,0,0,0,0,0.1679527559055118
5282,íÜñ{ëÂé˜,4,31,2,1,5,0.14709677419354839,0,0,1,0,1,0,0,0,0,0,0.1679527559055118
5282,íÜñ{ëÂé˜,5,30,0,2,3,0.1716666666666667,0,0,0,0,0,0,0,0,0,0,0.1679527559055118
5282,íÜñ{ëÂé˜,6,31,1,1,2,0.17225806451612902,0,0,1,0,0,0,0,0,0,0,0.1679527559055118
5283,êAñÿî¸îø,1,4,1,0,0,0.1625,1,0,0,0,0,0,0,1,2,0,0.18703389830508474
5283,êAñÿî¸îø,2,5,0,0,1,0.318,0,0,0,0,0,0,0,0,0,2,0.18703389830508474
5283,êAñÿî¸îø,3,5,0,0,1,0.142,0,0,0,0,0,0,0,0,0,0,0.18703389830508474
5283,êAñÿî¸îø,4,28,2,2,0,0.1807142857142857,0,1,1,0,0,0,0,0,0,0,0.18703389830508474
5283,êAñÿî¸îø,5,33,0,0,1,0.17,0,0,0,0,0,0,0,0,0,0,0.18703389830508474
5283,êAñÿî¸îø,6,43,0,1,2,0.19651162790697674,0,0,0,0,0,0,0,0,0,0,0.18703389830508474
5284,â√éËä°ìOç∆,4,44,1,3,1,0.15840909090909092,0,0,0,1,0,0,0,0,0,0,0.16619883040935673
5284,â√éËä°ìOç∆,5,49,1,0,1,0.15510204081632653,0,0,0,1,0,0,0,0,0,0,0.16619883040935673
5284,â√éËä°ìOç∆,6,78,0,2,3,0.17756410256410257,0,0,0,0,0,0,0,0,0,0,0.16619883040935673
5285,é·ó—óÌ,1,3,0,0,0,0.19999999999999998,0,0,0,0,0,0,0,1,2,0,0.18322751322751324
5285,é·ó—óÌ,2,5,0,0,0,0.194,0,0,0,0,0,0,0,0,0,2,0.18322751322751324
5285,é·ó—óÌ,3,5,0,1,0,0.15,0,0,0,0,0,0,0,0,0,0,0.18322751322751324
5285,é·ó—óÌ,4,54,2,1,6,0.16648148148148148,0,0,1,1,0,0,0,0,0,0,0.18322751322751324
5285,é·ó—óÌ,5,57,1,1,3,0.19403508771929825,0,0,0,1,0,0,0,0,0,0,0.18322751322751324
5285,é·ó—óÌ,6,65,0,2,4,0.1886153846153846,0,0,0,0,0,0,0,0,0,0,0.18322751322751324
5286,ç‚à‰ü‰ç∆,1,15,5,1,0,0.18133333333333332,5,0,0,0,0,0,1,5,3,0,0.15100558659217878
5286,ç‚à‰ü‰ç∆,2,23,2,2,7,0.16652173913043478,0,2,0,0,0,0,0,0,0,14,0.15100558659217878
5286,ç‚à‰ü‰ç∆,3,23,3,2,3,0.15347826086956523,0,0,2,1,0,0,0,0,0,0,0.15100558659217878
5286,ç‚à‰ü‰ç∆,4,36,1,2,5,0.14194444444444446,0,0,1,0,0,0,0,0,0,0,0.15100558659217878
5286,ç‚à‰ü‰ç∆,5,36,0,2,6,0.1488888888888889,0,0,0,0,0,0,0,0,0,0,0.15100558659217878
5286,ç‚à‰ü‰ç∆,6,46,0,2,6,0.1408695652173913,0,0,0,0,0,0,0,0,0,0,0.15100558659217878
5287,ëÍëÚêDîJ,1,9,0,0,3,0.1311111111111111,0,0,0,0,0,0,2,4,1,0,0.17048387096774195
5287,ëÍëÚêDîJ,2,12,0,3,1,0.17666666666666667,0,0,0,0,0,0,0,0,0,7,0.17048387096774195
5287,ëÍëÚêDîJ,3,14,1,0,4,0.13785714285714284,0,1,0,0,0,0,0,0,0,0,0.17048387096774195
5287,ëÍëÚêDîJ,4,51,3,3,7,0.17941176470588235,0,1,1,0,1,0,0,0,0,0,0.17048387096774195
5287,ëÍëÚêDîJ,5,48,1,3,5,0.18312499999999998,0,0,0,0,1,0,0,0,0,0,0.17048387096774195
5287,ëÍëÚêDîJ,6,52,0,0,1,0.16423076923076924,0,0,0,0,0,0,0,0,0,0,0.17048387096774195
5288,îˆìπâ¿ó@,1,2,0,0,0,0.32,0,0,0,0,0,0,0,2,0,0,0.20755555555555555
5288,îˆìπâ¿ó@,2,4,0,0,0,0.225,0,0,0,0,0,0,0,0,0,3,0.20755555555555555
5288,îˆìπâ¿ó@,3,2,0,0,0,0.295,0,0,0,0,0,0,0,0,0,0,0.20755555555555555
5288,îˆìπâ¿ó@,4,22,0,0,0,0.20772727272727273,0,0,0,0,0,0,0,0,0,0,0.20755555555555555
5288,îˆìπâ¿ó@,5,28,0,4,2,0.17250000000000001,0,0,0,0,0,0,0,0,0,0,0.20755555555555555
5288,îˆìπâ¿ó@,6,32,0,0,0,0.2234375,0,0,0,0,0,0,0,0,0,0,0.20755555555555555
5289,íœò“ãI,1,7,2,2,0,0.15571428571428572,2,0,0,0,0,0,2,3,0,0,0.17206422018348622
5289,íœò“ãI,2,13,1,0,2,0.1992307692307692,0,0,0,0,1,0,0,0,0,9,0.17206422018348622
5289,íœò“ãI,3,14,0,0,4,0.20357142857142857,0,0,0,0,0,0,0,0,0,0,0.17206422018348622
5289,íœò“ãI,4,52,3,4,17,0.15769230769230771,0,1,0,1,1,0,0,0,0,0,0.17206422018348622
5289,íœò“ãI,5,73,1,8,15,0.17328767123287672,0,0,0,0,1,0,0,0,0,0,0.17206422018348622
5289,íœò“ãI,6,59,2,2,12,0.1716949152542373,0,0,0,1,1,0,0,0,0,0,0.17206422018348622
5290,ç‚ñ{àÍê^,1,5,1,0,0,0.146,0,0,0,0,1,0,1,2,1,0,0.16873737373737377
5290,ç‚ñ{àÍê^,2,11,0,1,0,0.15818181818181817,0,0,0,0,0,0,0,0,0,5,0.16873737373737377
5290,ç‚ñ{àÍê^,3,8,0,2,0,0.19875,0,0,0,0,0,0,0,0,0,0,0.16873737373737377
5290,ç‚ñ{àÍê^,4,62,0,1,6,0.15677419354838712,0,0,0,0,0,0,0,0,0,0,0.16873737373737377
5290,ç‚ñ{àÍê^,5,54,0,1,3,0.16462962962962965,0,0,0,0,0,0,0,0,0,0,0.16873737373737377
5290,ç‚ñ{àÍê^,6,58,0,1,0,0.18517241379310345,0,0,0,0,0,0,0,0,0,0,0.16873737373737377
5291,éOõ∏Ç±Ç±ÇÎ,3,2,0,0,0,0.19,0,0,0,0,0,0,0,0,0,0,0.21503355704697985
5291,éOõ∏Ç±Ç±ÇÎ,4,38,0,2,4,0.22421052631578947,0,0,0,0,0,0,0,0,0,0,0.21503355704697985
5291,éOõ∏Ç±Ç±ÇÎ,5,50,2,1,1,0.18600000000000003,0,0,0,2,0,0,0,0,0,0,0.21503355704697985
5291,éOõ∏Ç±Ç±ÇÎ,6,59,0,0,1,0.23457627118644067,0,0,0,0,0,0,0,0,0,0,0.21503355704697985
5292,ç≤ì°âEãû,1,15,1,1,4,0.2753333333333333,1,0,0,0,0,0,3,8,2,0,0.20365168539325842
5292,ç≤ì°âEãû,2,26,0,2,5,0.20692307692307693,0,0,0,0,0,0,0,0,0,9,0.20365168539325842
5292,ç≤ì°âEãû,3,19,1,1,1,0.1931578947368421,0,0,1,0,0,0,0,0,0,0,0.20365168539325842
5292,ç≤ì°âEãû,4,40,2,1,1,0.1965,0,0,2,0,0,0,0,0,0,0,0.20365168539325842
5292,ç≤ì°âEãû,5,41,0,3,5,0.18560975609756097,0,0,0,0,0,0,0,0,0,0,0.20365168539325842
5292,ç≤ì°âEãû,6,37,0,2,2,0.20540540540540542,0,0,0,0,0,0,0,0,0,0,0.20365168539325842
5293,·¡çËïêë†,1,7,4,0,0,0.19428571428571426,4,0,0,0,0,0,0,2,1,0,0.17407643312101911
5293,·¡çËïêë†,2,14,0,1,2,0.17071428571428574,0,0,0,0,0,0,0,0,0,4,0.17407643312101911
5293,·¡çËïêë†,3,22,2,1,2,0.15681818181818183,0,0,1,1,0,0,0,0,0,0,0.17407643312101911
5293,·¡çËïêë†,4,37,1,1,4,0.17405405405405405,0,0,0,1,0,0,0,0,0,0,0.17407643312101911
5293,·¡çËïêë†,5,40,1,1,3,0.17450000000000002,0,1,0,0,0,0,0,0,0,0,0.17407643312101911
5293,·¡çËïêë†,6,37,1,2,0,0.18135135135135136,0,0,0,1,0,0,0,0,0,0,0.17407643312101911
5294,ñLìcèÀê∂,1,8,1,0,1,0.17250000000000001,1,0,0,0,0,0,2,3,2,0,0.16597989949748745
5294,ñLìcèÀê∂,2,20,2,3,0,0.1755,0,1,1,0,0,0,0,0,0,10,0.16597989949748745
5294,ñLìcèÀê∂,3,29,1,5,3,0.1396551724137931,0,0,1,0,0,0,0,0,0,0,0.16597989949748745
5294,ñLìcèÀê∂,4,50,1,5,1,0.163,0,0,1,0,0,0,0,0,0,0,0.16597989949748745
5294,ñLìcèÀê∂,5,46,0,1,4,0.1758695652173913,0,0,0,0,0,0,0,0,0,0,0.16597989949748745
5294,ñLìcèÀê∂,6,46,0,1,2,0.1706521739130435,0,0,0,0,0,0,0,0,0,0,0.16597989949748745
5295,ìcè„Í£,1,4,0,0,0,0.355,0,0,0,0,0,0,0,2,2,0,0.2106878306878307
5295,ìcè„Í£,2,5,0,0,0,0.242,0,0,0,0,0,0,0,0,0,4,0.2106878306878307
5295,ìcè„Í£,3,13,1,0,1,0.20846153846153845,0,0,0,0,0,1,0,0,0,0,0.2106878306878307
5295,ìcè„Í£,4,45,0,0,6,0.19755555555555557,0,0,0,0,0,0,0,0,0,0,0.2106878306878307
5295,ìcè„Í£,5,58,0,3,3,0.21655172413793106,0,0,0,0,0,0,0,0,0,0,0.2106878306878307
5295,ìcè„Í£,6,64,1,1,3,0.20359375,0,1,0,0,0,0,0,0,0,0,0.2106878306878307
5296,âiìcäy,3,13,0,2,2,0.23076923076923078,0,0,0,0,0,0,0,0,0,0,0.21128865979381445
5296,âiìcäy,4,49,3,4,2,0.20673469387755103,0,1,0,2,0,0,0,0,0,0,0.21128865979381445
5296,âiìcäy,5,57,0,2,4,0.2242105263157895,0,0,0,0,0,0,0,0,0,0,0.21128865979381445
5296,âiìcäy,6,75,0,2,3,0.20106666666666667,0,0,0,0,0,0,0,0,0,0,0.21128865979381445
5297,ìÏç îJ,4,38,0,1,1,0.19263157894736843,0,0,0,0,0,0,0,0,0,0,0.18942857142857145
5297,ìÏç îJ,5,73,0,0,0,0.18342465753424658,0,0,0,0,0,0,0,0,0,0,0.18942857142857145
5297,ìÏç îJ,6,99,0,0,1,0.19262626262626262,0,0,0,0,0,0,0,0,0,0,0.18942857142857145
5298,êÖíJóùêl,1,20,12,4,1,0.157,11,0,0,0,1,0,1,3,3,0,0.15470588235294117
5298,êÖíJóùêl,2,25,2,7,2,0.1684,0,1,1,0,0,0,0,0,0,16,0.15470588235294117
5298,êÖíJóùêl,3,22,2,6,3,0.1859090909090909,0,0,0,0,2,0,0,0,0,0,0.15470588235294117
5298,êÖíJóùêl,4,27,5,6,2,0.17074074074074075,0,2,2,1,0,0,0,0,0,0,0.15470588235294117
5298,êÖíJóùêl,5,47,8,5,9,0.1397872340425532,0,0,2,5,1,0,0,0,0,0,0.15470588235294117
5298,êÖíJóùêl,6,63,4,5,15,0.1419047619047619,0,2,1,1,0,0,0,0,0,0,0.15470588235294117
5299,êºä€ì÷äÓ,1,7,3,0,2,0.17857142857142858,3,0,0,0,0,0,1,2,0,0,0.17905000000000001
5299,êºä€ì÷äÓ,2,12,0,2,5,0.13999999999999999,0,0,0,0,0,0,0,0,0,7,0.17905000000000001
5299,êºä€ì÷äÓ,3,15,2,4,0,0.1753333333333333,0,0,0,0,2,0,0,0,0,0,0.17905000000000001
5299,êºä€ì÷äÓ,4,52,4,8,9,0.17865384615384616,0,1,1,0,2,0,0,0,0,0,0.17905000000000001
5299,êºä€ì÷äÓ,5,54,2,6,12,0.18333333333333335,0,0,1,0,1,0,0,0,0,0,0.17905000000000001
5299,êºä€ì÷äÓ,6,60,2,5,9,0.18433333333333335,0,0,0,1,1,0,0,0,0,0,0.17905000000000001
5300,â°ìcäCêl,1,2,1,0,0,0.055,1,0,0,0,0,0,0,1,0,0,0.18406417112299467
5300,â°ìcäCêl,2,2,0,0,0,0.225,0,0,0,0,0,0,0,0,0,0,0.18406417112299467
5300,â°ìcäCêl,3,2,0,1,0,0.05500000000000001,0,0,0,0,0,0,0,0,0,0,0.18406417112299467
5300,â°ìcäCêl,4,49,1,1,2,0.21020408163265308,0,0,1,0,0,0,0,0,0,0,0.18406417112299467
5300,â°ìcäCêl,5,57,0,2,0,0.19070175438596493,0,0,0,0,0,0,0,0,0,0,0.18406417112299467
5300,â°ìcäCêl,6,75,1,0,3,0.16773333333333335,0,0,0,1,0,0,0,0,0,0,0.18406417112299467
5301,ä‚â∫çIìl,1,7,0,0,1,0.19714285714285712,0,0,0,0,0,0,0,6,0,0,0.18402654867256638
5301,ä‚â∫çIìl,2,13,1,1,3,0.18153846153846154,0,0,1,0,0,0,0,0,0,5,0.18402654867256638
5301,ä‚â∫çIìl,3,13,2,0,0,0.18076923076923077,0,0,2,0,0,0,0,0,0,0,0.18402654867256638
5301,ä‚â∫çIìl,4,49,2,3,10,0.18469387755102043,0,1,1,0,0,0,0,0,0,0,0.18402654867256638
5301,ä‚â∫çIìl,5,64,2,1,7,0.17375000000000002,0,0,1,1,0,0,0,0,0,0,0.18402654867256638
5301,ä‚â∫çIìl,6,80,1,4,9,0.191625,0,0,0,1,0,0,0,0,0,0,0.18402654867256638
5302,èHññê`åÂ,1,3,2,0,0,0.14666666666666667,2,0,0,0,0,0,0,1,0,0,0.2329245283018868
5302,èHññê`åÂ,2,5,0,0,0,0.23800000000000004,0,0,0,0,0,0,0,0,0,2,0.2329245283018868
5302,èHññê`åÂ,3,5,0,0,0,0.268,0,0,0,0,0,0,0,0,0,0,0.2329245283018868
5302,èHññê`åÂ,4,15,0,1,2,0.18133333333333335,0,0,0,0,0,0,0,0,0,0,0.2329245283018868
5302,èHññê`åÂ,5,33,0,0,1,0.24454545454545457,0,0,0,0,0,0,0,0,0,0,0.2329245283018868
5302,èHññê`åÂ,6,45,1,1,2,0.24288888888888888,0,0,1,0,0,0,0,0,0,0,0.2329245283018868
5303,ìyà‰ï‡ñ≤,1,19,10,4,2,0.12631578947368421,9,0,0,0,1,0,3,5,0,0,0.16261780104712042
5303,ìyà‰ï‡ñ≤,2,26,2,6,3,0.15923076923076923,0,2,0,0,0,0,0,0,0,14,0.16261780104712042
5303,ìyà‰ï‡ñ≤,3,26,3,2,6,0.14692307692307693,0,0,1,1,1,0,0,0,0,0,0.16261780104712042
5303,ìyà‰ï‡ñ≤,4,46,3,4,9,0.1839130434782609,0,2,1,0,0,0,0,0,0,0,0.16261780104712042
5303,ìyà‰ï‡ñ≤,5,38,2,7,5,0.1542105263157895,0,0,0,1,1,0,0,0,0,0,0.16261780104712042
5303,ìyà‰ï‡ñ≤,6,36,0,0,8,0.17722222222222223,0,0,0,0,0,0,0,0,0,0,0.16261780104712042
5304,à‰ìcó¡âÓ,4,4,0,0,1,0.17,0,0,0,0,0,0,0,0,0,0,0.22720588235294117
5304,à‰ìcó¡âÓ,5,22,0,0,0,0.18772727272727271,0,0,0,0,0,0,0,0,0,0,0.22720588235294117
5304,à‰ìcó¡âÓ,6,42,0,0,0,0.25333333333333335,0,0,0,0,0,0,0,0,0,0,0.22720588235294117
5305,à…ì°ûx,1,2,0,0,0,0.185,0,0,0,0,0,0,0,1,0,0,0.18988571428571427
5305,à…ì°ûx,2,4,0,0,0,0.1375,0,0,0,0,0,0,0,0,0,2,0.18988571428571427
5305,à…ì°ûx,3,6,0,0,0,0.22666666666666666,0,0,0,0,0,0,0,0,0,0,0.18988571428571427
5305,à…ì°ûx,4,42,0,0,0,0.17857142857142858,0,0,0,0,0,0,0,0,0,0,0.18988571428571427
5305,à…ì°ûx,5,52,0,0,1,0.19653846153846155,0,0,0,0,0,0,0,0,0,0,0.18988571428571427
5305,à…ì°ûx,6,69,0,0,1,0.1917391304347826,0,0,0,0,0,0,0,0,0,0,0.18988571428571427
5306,âÕì‡óIóòà«,1,4,0,0,1,0.2,0,0,0,0,0,0,1,3,0,0,0.18836956521739132
5306,âÕì‡óIóòà«,2,5,0,0,0,0.176,0,0,0,0,0,0,0,0,0,4,0.18836956521739132
5306,âÕì‡óIóòà«,3,9,0,0,2,0.18888888888888888,0,0,0,0,0,0,0,0,0,0,0.18836956521739132
5306,âÕì‡óIóòà«,4,40,1,3,2,0.1695,0,0,1,0,0,0,0,0,0,0,0.18836956521739132
5306,âÕì‡óIóòà«,5,58,0,1,5,0.19793103448275862,0,0,0,0,0,0,0,0,0,0,0.18836956521739132
5306,âÕì‡óIóòà«,6,68,1,0,0,0.19147058823529411,0,0,1,0,0,0,0,0,0,0,0.18836956521739132
5307,ïxâiâƒç∆êl,1,14,3,5,0,0.13142857142857142,3,0,0,0,0,0,1,6,3,0,0.17505555555555558
5307,ïxâiâƒç∆êl,2,26,1,2,4,0.18346153846153848,0,1,0,0,0,0,0,0,0,13,0.17505555555555558
5307,ïxâiâƒç∆êl,3,31,5,2,8,0.16741935483870968,0,1,3,1,0,0,0,0,0,0,0.17505555555555558
5307,ïxâiâƒç∆êl,4,31,1,3,3,0.19225806451612903,0,1,0,0,0,0,0,0,0,0,0.17505555555555558
5307,ïxâiâƒç∆êl,5,30,0,1,4,0.19066666666666665,0,0,0,0,0,0,0,0,0,0,0.17505555555555558
5307,ïxâiâƒç∆êl,6,48,1,0,5,0.16729166666666664,0,0,0,1,0,0,0,0,0,0,0.17505555555555558
5308,ì°êXëÒäC,1,1,0,0,0,0.23,0,0,0,0,0,0,0,1,0,0,0.19291925465838508
5308,ì°êXëÒäC,2,6,0,2,0,0.19499999999999998,0,0,0,0,0,0,0,0,0,2,0.19291925465838508
5308,ì°êXëÒäC,3,14,1,2,0,0.1842857142857143,0,0,1,0,0,0,0,0,0,0,0.19291925465838508
5308,ì°êXëÒäC,4,39,0,1,5,0.1971794871794872,0,0,0,0,0,0,0,0,0,0,0.19291925465838508
5308,ì°êXëÒäC,5,42,0,2,4,0.19499999999999998,0,0,0,0,0,0,0,0,0,0,0.19291925465838508
5308,ì°êXëÒäC,6,59,1,1,1,0.18983050847457625,0,0,0,1,0,0,0,0,0,0,0.19291925465838508
5309,êXóYóò,4,14,0,0,0,0.185,0,0,0,0,0,0,0,0,0,0,0.1612857142857143
5309,êXóYóò,5,46,0,0,3,0.15760869565217392,0,0,0,0,0,0,0,0,0,0,0.1612857142857143
5309,êXóYóò,6,80,0,0,1,0.15925,0,0,0,0,0,0,0,0,0,0,0.1612857142857143
5310,ìyâÆóñ,4,26,0,3,3,0.24192307692307694,0,0,0,0,0,0,0,0,0,0,0.23141666666666666
5310,ìyâÆóñ,5,37,1,2,0,0.20756756756756756,0,0,0,0,1,0,0,0,0,0,0.23141666666666666
5310,ìyâÆóñ,6,57,0,1,2,0.24210526315789474,0,0,0,0,0,0,0,0,0,0,0.23141666666666666
5311,è¨ó—ãûïΩ,3,1,0,0,0,0.23,0,0,0,0,0,0,0,0,0,0,0.1790909090909091
5311,è¨ó—ãûïΩ,4,39,1,1,2,0.18256410256410258,0,0,1,0,0,0,0,0,0,0,0.1790909090909091
5311,è¨ó—ãûïΩ,5,58,0,1,6,0.18310344827586206,0,0,0,0,0,0,0,0,0,0,0.1790909090909091
5311,è¨ó—ãûïΩ,6,89,1,5,5,0.17438202247191012,0,0,1,0,0,0,0,0,0,0,0.1790909090909091
5312,êÏï”äsêl,4,11,0,0,2,0.17272727272727273,0,0,0,0,0,0,0,0,0,0,0.18703947368421053
5312,êÏï”äsêl,5,48,0,0,2,0.17854166666666668,0,0,0,0,0,0,0,0,0,0,0.18703947368421053
5312,êÏï”äsêl,6,93,0,0,5,0.19311827956989247,0,0,0,0,0,0,0,0,0,0,0.18703947368421053
5313,óÈñÿóBâõ,4,9,1,0,1,0.14666666666666664,0,0,1,0,0,0,0,0,0,0,0.171523178807947
5313,óÈñÿóBâõ,5,52,0,2,5,0.16692307692307692,0,0,0,0,0,0,0,0,0,0,0.171523178807947
5313,óÈñÿóBâõ,6,90,1,6,5,0.17666666666666667,0,0,0,1,0,0,0,0,0,0,0.171523178807947
5314,íÜë]ó⁄âÿ,4,23,0,0,0,0.20478260869565218,0,0,0,0,0,0,0,0,0,0,0.22495934959349595
5314,íÜë]ó⁄âÿ,5,40,0,0,1,0.23325,0,0,0,0,0,0,0,0,0,0,0.22495934959349595
5314,íÜë]ó⁄âÿ,6,60,0,0,0,0.22716666666666668,0,0,0,0,0,0,0,0,0,0,0.22495934959349595
5315,êÛà‰óÉ,1,6,0,0,1,0.205,0,0,0,0,0,0,1,4,1,0,0.18424242424242424
5315,êÛà‰óÉ,2,9,0,0,0,0.16333333333333336,0,0,0,0,0,0,0,0,0,5,0.18424242424242424
5315,êÛà‰óÉ,3,8,1,0,1,0.13624999999999998,0,0,1,0,0,0,0,0,0,0,0.18424242424242424
5315,êÛà‰óÉ,4,26,1,0,0,0.17730769230769233,0,0,1,0,0,0,0,0,0,0,0.18424242424242424
5315,êÛà‰óÉ,5,51,0,0,1,0.18823529411764706,0,0,0,0,0,0,0,0,0,0,0.18424242424242424
5315,êÛà‰óÉ,6,65,0,1,1,0.19076923076923077,0,0,0,0,0,0,0,0,0,0,0.18424242424242424
5316,ë∫èºè´ïΩ,4,42,3,6,9,0.14238095238095239,0,1,0,2,0,0,0,0,0,0,0.16415094339622643
5316,ë∫èºè´ïΩ,5,52,1,1,11,0.15153846153846154,0,0,1,0,0,0,0,0,0,0,0.16415094339622643
5316,ë∫èºè´ïΩ,6,65,0,1,3,0.18830769230769231,0,0,0,0,0,0,0,0,0,0,0.16415094339622643
5317,í∑îˆñGâ¡,2,2,0,0,0,0.315,0,0,0,0,0,0,0,0,0,0,0.2234466019417476
5317,í∑îˆñGâ¡,3,6,0,0,2,0.2466666666666667,0,0,0,0,0,0,0,0,0,0,0.2234466019417476
5317,í∑îˆñGâ¡,4,61,1,6,11,0.22213114754098362,0,0,0,1,0,0,0,0,0,0,0.2234466019417476
5317,í∑îˆñGâ¡,5,63,1,2,6,0.20285714285714285,0,0,0,1,0,0,0,0,0,0,0.2234466019417476
5317,í∑îˆñGâ¡,6,74,0,4,8,0.2377027027027027,0,0,0,0,0,0,0,0,0,0,0.2234466019417476
5318,âÕì‡àÍîn,4,42,1,1,2,0.1935714285714286,0,0,1,0,0,0,0,0,0,0,0.18532934131736525
5318,âÕì‡àÍîn,5,53,0,0,4,0.19773584905660377,0,0,0,0,0,0,0,0,0,0,0.18532934131736525
5318,âÕì‡àÍîn,6,72,0,0,3,0.1713888888888889,0,0,0,0,0,0,0,0,0,0,0.18532934131736525
5319,ãﬂì°ÈDìl,4,37,1,1,3,0.19378378378378378,0,0,1,0,0,0,0,0,0,0,0.20059880239520958
5319,ãﬂì°ÈDìl,5,53,1,2,2,0.18735849056603773,0,0,0,1,0,0,0,0,0,0,0.20059880239520958
5319,ãﬂì°ÈDìl,6,77,1,4,2,0.21298701298701297,0,0,1,0,0,0,0,0,0,0,0.20059880239520958
5320,ä‚çËóÌéq,4,24,0,0,0,0.17250000000000001,0,0,0,0,0,0,0,0,0,0,0.1851219512195122
5320,ä‚çËóÌéq,5,56,0,0,1,0.17982142857142858,0,0,0,0,0,0,0,0,0,0,0.1851219512195122
5320,ä‚çËóÌéq,6,84,0,0,1,0.19226190476190474,0,0,0,0,0,0,0,0,0,0,0.1851219512195122
5321,àÍêFÈDãP,1,6,0,3,0,0.225,0,0,0,0,0,0,3,2,1,0,0.19479041916167666
5321,àÍêFÈDãP,2,7,1,2,2,0.16428571428571428,0,1,0,0,0,0,0,0,0,2,0.19479041916167666
5321,àÍêFÈDãP,3,12,1,2,3,0.16916666666666666,0,0,1,0,0,0,0,0,0,0,0.19479041916167666
5321,àÍêFÈDãP,4,33,0,3,6,0.16424242424242425,0,0,0,0,0,0,0,0,0,0,0.19479041916167666
5321,àÍêFÈDãP,5,48,2,7,7,0.19187500000000002,0,0,0,1,1,0,0,0,0,0,0.19479041916167666
5321,àÍêFÈDãP,6,61,0,0,5,0.21918032786885247,0,0,0,0,0,0,0,0,0,0,0.19479041916167666
5322,ç™ä›ê^óD,4,17,1,0,0,0.20470588235294118,0,0,1,0,0,0,0,0,0,0,0.18508196721311476
5322,ç™ä›ê^óD,5,43,0,0,0,0.17325581395348838,0,0,0,0,0,0,0,0,0,0,0.18508196721311476
5322,ç™ä›ê^óD,6,62,0,1,0,0.1879032258064516,0,0,0,0,0,0,0,0,0,0,0.18508196721311476
5323,çÅêÏózëæ,1,4,1,1,1,0.0875,1,0,0,0,0,0,2,1,0,0,0.16868263473053893
5323,çÅêÏózëæ,2,11,0,1,2,0.18,0,0,0,0,0,0,0,0,0,6,0.16868263473053893
5323,çÅêÏózëæ,3,8,1,1,1,0.2,0,0,0,1,0,0,0,0,0,0,0.16868263473053893
5323,çÅêÏózëæ,4,36,1,6,3,0.1788888888888889,0,1,0,0,0,0,0,0,0,0,0.16868263473053893
5323,çÅêÏózëæ,5,51,1,5,7,0.16,0,0,1,0,0,0,0,0,0,0,0.16868263473053893
5323,çÅêÏózëæ,6,57,2,3,3,0.16912280701754387,0,0,0,1,0,1,0,0,0,0,0.16868263473053893
5324,î®ìcäÛçÁ,4,21,0,0,1,0.1895238095238095,0,0,0,0,0,0,0,0,0,0,0.2107878787878788
5324,î®ìcäÛçÁ,5,56,0,0,1,0.19053571428571428,0,0,0,0,0,0,0,0,0,0,0.2107878787878788
5324,î®ìcäÛçÁ,6,88,0,0,0,0.22874999999999998,0,0,0,0,0,0,0,0,0,0,0.2107878787878788
5325,‡FêÏâƒ,4,17,1,1,4,0.1535294117647059,0,0,1,0,0,0,0,0,0,0,0.16454545454545455
5325,‡FêÏâƒ,5,55,0,1,2,0.1750909090909091,0,0,0,0,0,0,0,0,0,0,0.16454545454545455
5325,‡FêÏâƒ,6,93,2,3,11,0.1603225806451613,0,0,0,2,0,0,0,0,0,0,0.16454545454545455
5326,éOõ∏Ç≥ÇÁÇÁ,4,27,0,0,6,0.18740740740740738,0,0,0,0,0,0,0,0,0,0,0.17936842105263157
5326,éOõ∏Ç≥ÇÁÇÁ,5,62,1,1,2,0.1753225806451613,0,0,0,1,0,0,0,0,0,0,0.17936842105263157
5326,éOõ∏Ç≥ÇÁÇÁ,6,101,1,1,1,0.1797029702970297,0,0,0,1,0,0,0,0,0,0,0.17936842105263157
5327,êºìcòaâ¡,4,19,0,0,0,0.22526315789473686,0,0,0,0,0,0,0,0,0,0,0.24707692307692306
5327,êºìcòaâ¡,5,49,0,0,0,0.23938775510204083,0,0,0,0,0,0,0,0,0,0,0.24707692307692306
5327,êºìcòaâ¡,6,62,0,0,1,0.25983870967741934,0,0,0,0,0,0,0,0,0,0,0.24707692307692306
5328,à‰è„ådêl,4,39,0,1,2,0.15871794871794873,0,0,0,0,0,0,0,0,0,0,0.178562874251497
5328,à‰è„ådêl,5,50,0,0,2,0.1788,0,0,0,0,0,0,0,0,0,0,0.178562874251497
5328,à‰è„ådêl,6,78,0,0,0,0.18833333333333332,0,0,0,0,0,0,0,0,0,0,0.178562874251497
5329,ã‡éqó¥ìl,4,40,1,1,7,0.18225,0,0,1,0,0,0,0,0,0,0,0.17386666666666664
5329,ã‡éqó¥ìl,5,48,1,4,4,0.181875,0,0,0,1,0,0,0,0,0,0,0.17386666666666664
5329,ã‡éqó¥ìl,6,62,2,5,10,0.16225806451612904,0,0,0,2,0,0,0,0,0,0,0.17386666666666664
5330,à¿âÕì‡óÈîVâÓ,1,4,0,0,0,0.22749999999999998,0,0,0,0,0,0,1,2,1,0,0.16805128205128206
5330,à¿âÕì‡óÈîVâÓ,2,10,0,1,1,0.195,0,0,0,0,0,0,0,0,0,5,0.16805128205128206
5330,à¿âÕì‡óÈîVâÓ,3,9,0,1,3,0.15555555555555556,0,0,0,0,0,0,0,0,0,0,0.16805128205128206
5330,à¿âÕì‡óÈîVâÓ,4,39,5,4,6,0.16025641025641027,0,0,2,2,1,0,0,0,0,0,0.16805128205128206
5330,à¿âÕì‡óÈîVâÓ,5,57,5,5,13,0.1531578947368421,0,0,0,5,0,0,0,0,0,0,0.16805128205128206
5330,à¿âÕì‡óÈîVâÓ,6,76,1,5,6,0.17802631578947367,0,1,0,0,0,0,0,0,0,0,0.16805128205128206
5331,ç≤ì°âiåÊ,1,8,3,0,1,0.18,2,0,0,0,1,0,0,3,2,0,0.13
5331,ç≤ì°âiåÊ,2,11,1,1,0,0.19727272727272727,0,0,1,0,0,0,0,0,0,3,0.13
5331,ç≤ì°âiåÊ,3,9,1,0,0,0.15666666666666665,0,0,1,0,0,0,0,0,0,0,0.13
5331,ç≤ì°âiåÊ,4,29,2,3,2,0.11862068965517242,0,0,2,0,0,0,0,0,0,0,0.13
5331,ç≤ì°âiåÊ,5,41,1,1,3,0.1226829268292683,0,0,0,1,0,0,0,0,0,0,0.13
5331,ç≤ì°âiåÊ,6,65,1,4,8,0.11846153846153847,0,0,0,1,0,0,0,0,0,0,0.13
5332,ë∫èºóyãP,1,4,1,0,1,0.16749999999999998,1,0,0,0,0,0,3,0,0,0,0.16735714285714284
5332,ë∫èºóyãP,2,6,0,1,1,0.16,0,0,0,0,0,0,0,0,0,3,0.16735714285714284
5332,ë∫èºóyãP,3,11,0,3,2,0.14727272727272728,0,0,0,0,0,0,0,0,0,0,0.16735714285714284
5332,ë∫èºóyãP,4,25,0,2,4,0.1632,0,0,0,0,0,0,0,0,0,0,0.16735714285714284
5332,ë∫èºóyãP,5,37,1,0,1,0.17675675675675676,0,0,0,1,0,0,0,0,0,0,0.16735714285714284
5332,ë∫èºóyãP,6,57,0,1,4,0.16771929824561405,0,0,0,0,0,0,0,0,0,0,0.16735714285714284
5333,éRâ∫íqå»,4,34,0,1,1,0.20352941176470588,0,0,0,0,0,0,0,0,0,0,0.20086206896551725
5333,éRâ∫íqå»,5,63,2,2,8,0.1934920634920635,0,0,0,1,1,0,0,0,0,0,0.20086206896551725
5333,éRâ∫íqå»,6,77,1,0,4,0.2057142857142857,0,0,0,1,0,0,0,0,0,0,0.20086206896551725
5334,ä~ótêVêS,4,35,0,2,1,0.22714285714285715,0,0,0,0,0,0,0,0,0,0,0.22137931034482758
5334,ä~ótêVêS,5,69,0,0,4,0.21521739130434783,0,0,0,0,0,0,0,0,0,0,0.22137931034482758
5334,ä~ótêVêS,6,99,0,0,3,0.22363636363636363,0,0,0,0,0,0,0,0,0,0,0.22137931034482758
5335,êXózëΩ,4,25,1,2,2,0.20879999999999999,0,0,0,1,0,0,0,0,0,0,0.19538461538461538
5335,êXózëΩ,5,66,0,5,3,0.19454545454545455,0,0,0,0,0,0,0,0,0,0,0.19538461538461538
5335,êXózëΩ,6,104,0,4,3,0.1926923076923077,0,0,0,0,0,0,0,0,0,0,0.19538461538461538
5336,ê£êÏëÂín,4,33,0,0,0,0.243030303030303,0,0,0,0,0,0,0,0,0,0,0.22849397590361445
5336,ê£êÏëÂín,5,50,0,0,0,0.2284,0,0,0,0,0,0,0,0,0,0,0.22849397590361445
5336,ê£êÏëÂín,6,83,0,0,0,0.22277108433734943,0,0,0,0,0,0,0,0,0,0,0.22849397590361445
5337,èoî®çFê¨,3,2,1,0,0,0.11,0,0,1,0,0,0,0,0,0,0,0.18276073619631902
5337,èoî®çFê¨,4,21,1,1,0,0.1457142857142857,0,0,0,1,0,0,0,0,0,0,0.18276073619631902
5337,èoî®çFê¨,5,46,1,1,4,0.1865217391304348,0,0,0,1,0,0,0,0,0,0,0.18276073619631902
5337,èoî®çFê¨,6,94,2,0,1,0.19074468085106383,0,0,0,1,1,0,0,0,0,0,0.18276073619631902
5338,çÅåéëÂãP,4,9,0,0,0,0.14777777777777779,0,0,0,0,0,0,0,0,0,0,0.19504347826086957
5338,çÅåéëÂãP,5,42,0,1,1,0.2016666666666667,0,0,0,0,0,0,0,0,0,0,0.19504347826086957
5338,çÅåéëÂãP,6,64,0,1,4,0.19734375,0,0,0,0,0,0,0,0,0,0,0.19504347826086957
5339,êŒà‰êLí∑,4,8,0,1,1,0.17875,0,0,0,0,0,0,0,0,0,0,0.1528448275862069
5339,êŒà‰êLí∑,5,41,1,6,5,0.15024390243902438,0,1,0,0,0,0,0,0,0,0,0.1528448275862069
5339,êŒà‰êLí∑,6,67,0,3,4,0.15134328358208957,0,0,0,0,0,0,0,0,0,0,0.1528448275862069
5340,îÛç]à‰ïë,4,5,0,0,0,0.142,0,0,0,0,0,0,0,0,0,0,0.21685714285714286
5340,îÛç]à‰ïë,5,56,0,0,3,0.2294642857142857,0,0,0,0,0,0,0,0,0,0,0.21685714285714286
5340,îÛç]à‰ïë,6,79,0,3,1,0.21265822784810126,0,0,0,0,0,0,0,0,0,0,0.21685714285714286
5341,éRìπÊxñÁ,5,23,0,0,1,0.17782608695652175,0,0,0,0,0,0,0,0,0,0,0.19710843373493975
5341,éRìπÊxñÁ,6,60,0,0,3,0.2045,0,0,0,0,0,0,0,0,0,0,0.19710843373493975
5342,å¥ë∫ïSìﬂ,4,8,0,0,1,0.1625,0,0,0,0,0,0,0,0,0,0,0.2
5342,å¥ë∫ïSìﬂ,5,39,0,1,0,0.19692307692307695,0,0,0,0,0,0,0,0,0,0,0.2
5342,å¥ë∫ïSìﬂ,6,66,0,0,1,0.20636363636363636,0,0,0,0,0,0,0,0,0,0,0.2
5343,è¨ó—óÁâõ,4,4,0,0,0,0.165,0,0,0,0,0,0,0,0,0,0,0.1764035087719298
5343,è¨ó—óÁâõ,5,38,0,0,0,0.1857894736842105,0,0,0,0,0,0,0,0,0,0,0.1764035087719298
5343,è¨ó—óÁâõ,6,72,0,1,2,0.17208333333333334,0,0,0,0,0,0,0,0,0,0,0.1764035087719298
5344,íJå˚èÂ,4,13,0,1,0,0.1123076923076923,0,0,0,0,0,0,0,0,0,0,0.15214285714285716
5344,íJå˚èÂ,5,42,1,1,0,0.1561904761904762,0,0,1,0,0,0,0,0,0,0,0.15214285714285716
5344,íJå˚èÂ,6,71,0,0,2,0.15704225352112677,0,0,0,0,0,0,0,0,0,0,0.15214285714285716
5345,ñqë∫èrãP,4,14,0,0,0,0.20357142857142857,0,0,0,0,0,0,0,0,0,0,0.2392982456140351
5345,ñqë∫èrãP,5,44,0,0,1,0.24181818181818182,0,0,0,0,0,0,0,0,0,0,0.2392982456140351
5345,ñqë∫èrãP,6,56,0,0,0,0.24625000000000002,0,0,0,0,0,0,0,0,0,0,0.2392982456140351
5346,íÜë∫ñ‰ó[óú,4,11,0,0,0,0.20272727272727273,0,0,0,0,0,0,0,0,0,0,0.218125
5346,íÜë∫ñ‰ó[óú,5,36,0,0,1,0.21166666666666667,0,0,0,0,0,0,0,0,0,0,0.218125
5346,íÜë∫ñ‰ó[óú,6,49,0,0,0,0.2263265306122449,0,0,0,0,0,0,0,0,0,0,0.218125
5347,à‰‡Vêπìﬁ,4,6,0,0,0,0.22166666666666668,0,0,0,0,0,0,0,0,0,0,0.23796610169491528
5347,à‰‡Vêπìﬁ,5,39,0,0,0,0.2512820512820513,0,0,0,0,0,0,0,0,0,0,0.23796610169491528
5347,à‰‡Vêπìﬁ,6,73,0,0,0,0.2321917808219178,0,0,0,0,0,0,0,0,0,0,0.23796610169491528
5348,è¨ó—ä√îJ,4,3,0,0,0,0.13333333333333333,0,0,0,0,0,0,0,0,0,0,0.16136842105263158
5348,è¨ó—ä√îJ,5,33,0,0,1,0.15363636363636365,0,0,0,0,0,0,0,0,0,0,0.16136842105263158
5348,è¨ó—ä√îJ,6,59,0,1,3,0.1671186440677966,0,0,0,0,0,0,0,0,0,0,0.16136842105263158
5349,ã{çËëtñÅ,4,11,0,0,0,0.2545454545454545,0,0,0,0,0,0,0,0,0,0,0.2329268292682927
5349,ã{çËëtñÅ,5,24,0,0,0,0.24958333333333335,0,0,0,0,0,0,0,0,0,0,0.2329268292682927
5349,ã{çËëtñÅ,6,47,0,0,1,0.2193617021276596,0,0,0,0,0,0,0,0,0,0,0.2329268292682927
5350,ñ‘ë„ó«âË,4,5,0,0,2,0.266,0,0,0,0,0,0,0,0,0,0,0.19636363636363638
5350,ñ‘ë„ó«âË,5,37,1,2,4,0.19594594594594594,0,0,0,1,0,0,0,0,0,0,0.19636363636363638
5350,ñ‘ë„ó«âË,6,57,0,1,3,0.19052631578947368,0,0,0,0,0,0,0,0,0,0,0.19636363636363638
5351,Íéì°óı,4,4,0,1,0,0.1075,0,0,0,0,0,0,0,0,0,0,0.16113043478260872
5351,Íéì°óı,5,44,0,1,2,0.1531818181818182,0,0,0,0,0,0,0,0,0,0,0.16113043478260872
5351,Íéì°óı,6,67,0,0,7,0.16955223880597015,0,0,0,0,0,0,0,0,0,0,0.16113043478260872
5352,êºâ™ëìéu,4,3,0,0,0,0.23666666666666666,0,0,0,0,0,0,0,0,0,0,0.2111111111111111
5352,êºâ™ëìéu,5,40,0,0,4,0.21775000000000003,0,0,0,0,0,0,0,0,0,0,0.2111111111111111
5352,êºâ™ëìéu,6,74,0,3,2,0.2064864864864865,0,0,0,0,0,0,0,0,0,0,0.2111111111111111
5353,ëêêÏësó«,4,4,0,0,0,0.235,0,0,0,0,0,0,0,0,0,0,0.18557692307692308
5353,ëêêÏësó«,5,31,0,0,0,0.15741935483870967,0,0,0,0,0,0,0,0,0,0,0.18557692307692308
5353,ëêêÏësó«,6,69,0,1,1,0.19536231884057972,0,0,0,0,0,0,0,0,0,0,0.18557692307692308
5354,ìnÁ≤óYìl,4,3,0,0,0,0.08666666666666667,0,0,0,0,0,0,0,0,0,0,0.18365079365079365
5354,ìnÁ≤óYìl,5,16,0,0,0,0.18375,0,0,0,0,0,0,0,0,0,0,0.18365079365079365
5354,ìnÁ≤óYìl,6,44,0,0,0,0.19022727272727272,0,0,0,0,0,0,0,0,0,0,0.18365079365079365
5355,îãå¥è‰ëæòN,4,11,0,0,1,0.18454545454545454,0,0,0,0,0,0,0,0,0,0,0.18728813559322036
5355,îãå¥è‰ëæòN,5,39,1,0,3,0.19743589743589743,0,0,0,1,0,0,0,0,0,0,0.18728813559322036
5355,îãå¥è‰ëæòN,6,68,0,0,1,0.18191176470588236,0,0,0,0,0,0,0,0,0,0,0.18728813559322036
5356,í∑íJêÏíg,4,6,0,0,0,0.16,0,0,0,0,0,0,0,0,0,0,0.14150000000000001
5356,í∑íJêÏíg,5,30,0,0,3,0.146,0,0,0,0,0,0,0,0,0,0,0.14150000000000001
5356,í∑íJêÏíg,6,64,1,2,6,0.13765625,0,0,0,0,1,0,0,0,0,0,0.14150000000000001
5357,ìcíÜê£ó¢ìﬁ,4,3,0,0,0,0.2833333333333333,0,0,0,0,0,0,0,0,0,0,0.22844444444444442
5357,ìcíÜê£ó¢ìﬁ,5,32,0,0,0,0.23875,0,0,0,0,0,0,0,0,0,0,0.22844444444444442
5357,ìcíÜê£ó¢ìﬁ,6,55,0,0,1,0.21945454545454546,0,0,0,0,0,0,0,0,0,0,0.22844444444444442
5358,ëùñ{à«éÏ,4,6,0,0,1,0.20833333333333334,0,0,0,0,0,0,0,0,0,0,0.22556701030927834
5358,ëùñ{à«éÏ,5,26,0,0,2,0.23153846153846153,0,0,0,0,0,0,0,0,0,0,0.22556701030927834
5358,ëùñ{à«éÏ,6,65,0,1,0,0.22476923076923075,0,0,0,0,0,0,0,0,0,0,0.22556701030927834
5359,ç≤ì°ê¢ìﬂ,4,16,0,1,0,0.23,0,0,0,0,0,0,0,0,0,0,0.201900826446281
5359,ç≤ì°ê¢ìﬂ,5,40,1,1,0,0.18675,0,0,1,0,0,0,0,0,0,0,0.201900826446281
5359,ç≤ì°ê¢ìﬂ,6,65,0,0,5,0.2043076923076923,0,0,0,0,0,0,0,0,0,0,0.201900826446281
5360,çÇñÿ‰ùîí,4,10,0,0,0,0.22200000000000003,0,0,0,0,0,0,0,0,0,0,0.21185185185185185
5360,çÇñÿ‰ùîí,5,27,0,0,0,0.18925925925925927,0,0,0,0,0,0,0,0,0,0,0.21185185185185185
5360,çÇñÿ‰ùîí,6,44,0,0,2,0.22340909090909092,0,0,0,0,0,0,0,0,0,0,0.21185185185185185
5361,êAí|óÊìﬁ,4,3,0,0,0,0.18333333333333335,0,0,0,0,0,0,0,0,0,0,0.22948275862068968
5361,êAí|óÊìﬁ,5,41,0,0,0,0.22,0,0,0,0,0,0,0,0,0,0,0.22948275862068968
5361,êAí|óÊìﬁ,6,72,0,0,0,0.23680555555555557,0,0,0,0,0,0,0,0,0,0,0.22948275862068968
5362,íÜìàê¢ìﬁ,4,2,0,0,0,0.14500000000000002,0,0,0,0,0,0,0,0,0,0,0.23942307692307693
5362,íÜìàê¢ìﬁ,5,37,0,0,1,0.26594594594594595,0,0,0,0,0,0,0,0,0,0,0.23942307692307693
5362,íÜìàê¢ìﬁ,6,65,0,0,0,0.22723076923076924,0,0,0,0,0,0,0,0,0,0,0.23942307692307693
5363,éRñ{äMóß,5,14,0,0,0,0.23785714285714285,0,0,0,0,0,0,0,0,0,0,0.24425
5363,éRñ{äMóß,6,26,0,0,0,0.2476923076923077,0,0,0,0,0,0,0,0,0,0,0.24425
5364,ã‡éqóÂâõ,4,2,0,0,0,0.245,0,0,0,0,0,0,0,0,0,0,0.19806451612903228
5364,ã‡éqóÂâõ,5,10,0,0,0,0.175,0,0,0,0,0,0,0,0,0,0,0.19806451612903228
5364,ã‡éqóÂâõ,6,19,0,0,0,0.20526315789473684,0,0,0,0,0,0,0,0,0,0,0.19806451612903228
5365,êŒë∫ì˙ìﬁìﬂ,5,12,0,0,0,0.21833333333333335,0,0,0,0,0,0,0,0,0,0,0.23314285714285715
5365,êŒë∫ì˙ìﬁìﬂ,6,23,0,1,0,0.2408695652173913,0,0,0,0,0,0,0,0,0,0,0.23314285714285715
5366,âñìàë◊ãÛ,4,3,0,0,0,0.19000000000000003,0,0,0,0,0,0,0,0,0,0,0.2432142857142857
5366,âñìàë◊ãÛ,5,7,0,0,0,0.22571428571428573,0,0,0,0,0,0,0,0,0,0,0.2432142857142857
5366,âñìàë◊ãÛ,6,18,0,0,0,0.2588888888888889,0,0,0,0,0,0,0,0,0,0,0.2432142857142857
5367,ê‘èºçÁçÅ,4,1,0,0,0,0.1,0,0,0,0,0,0,0,0,0,0,0.20655172413793105
5367,ê‘èºçÁçÅ,5,10,0,0,0,0.20299999999999999,0,0,0,0,0,0,0,0,0,0,0.20655172413793105
5367,ê‘èºçÁçÅ,6,18,0,0,0,0.21444444444444447,0,0,0,0,0,0,0,0,0,0,0.20655172413793105
5368,ã{çËêSîVâÓ,4,3,0,0,0,0.20666666666666667,0,0,0,0,0,0,0,0,0,0,0.16875
5368,ã{çËêSîVâÓ,5,13,0,0,1,0.15846153846153846,0,0,0,0,0,0,0,0,0,0,0.16875
5368,ã{çËêSîVâÓ,6,24,1,1,1,0.16958333333333334,0,0,1,0,0,0,0,0,0,0,0.16875
5369,â™çËì‚ëø,5,9,0,0,0,0.22555555555555554,0,0,0,0,0,0,0,0,0,0,0.2234375
5369,â™çËì‚ëø,6,23,0,1,0,0.22260869565217392,0,0,0,0,0,0,0,0,0,0,0.2234375
5370,ì˙åGà©,4,3,0,0,0,0.22,0,0,0,0,0,0,0,0,0,0,0.2525
5370,ì˙åGà©,5,10,0,0,0,0.246,0,0,0,0,0,0,0,0,0,0,0.2525
5370,ì˙åGà©,6,27,0,0,0,0.25851851851851854,0,0,0,0,0,0,0,0,0,0,0.2525
5371,ëÅêÏÈDëæ,4,2,0,0,0,0.28,0,0,0,0,0,0,0,0,0,0,0.2034375
5371,ëÅêÏÈDëæ,5,14,0,0,0,0.20642857142857143,0,0,0,0,0,0,0,0,0,0,0.2034375
5371,ëÅêÏÈDëæ,6,16,0,0,0,0.19125,0,0,0,0,0,0,0,0,0,0,0.2034375
5372,è„â™çIëø,5,12,0,0,0,0.1925,0,0,0,0,0,0,0,0,0,0,0.19
5372,è„â™çIëø,6,22,0,0,0,0.18863636363636366,0,0,0,0,0,0,0,0,0,0,0.19
5373,êzñKóÊìﬁ,5,11,0,0,0,0.19727272727272727,0,0,0,0,0,0,0,0,0,0,0.22470588235294117
5373,êzñKóÊìﬁ,6,23,0,0,0,0.23782608695652172,0,0,0,0,0,0,0,0,0,0,0.22470588235294117
5374,ñÿéRëÂêπ,4,2,0,0,0,0.21,0,0,0,0,0,0,0,0,0,0,0.20535714285714285
5374,ñÿéRëÂêπ,5,10,0,0,0,0.166,0,0,0,0,0,0,0,0,0,0,0.20535714285714285
5374,ñÿéRëÂêπ,6,16,0,0,0,0.229375,0,0,0,0,0,0,0,0,0,0,0.20535714285714285
5375,èØìáèÅê¨,5,13,0,0,0,0.21076923076923076,0,0,0,0,0,0,0,0,0,0,0.21088235294117647
5375,èØìáèÅê¨,6,21,0,0,0,0.21095238095238095,0,0,0,0,0,0,0,0,0,0,0.21088235294117647
5376,ãgìcàÍêS,4,2,0,0,0,0.165,0,0,0,0,0,0,0,0,0,0,0.17565217391304347
5376,ãgìcàÍêS,5,15,0,0,1,0.19066666666666665,0,0,0,0,0,0,0,0,0,0,0.17565217391304347
5376,ãgìcàÍêS,6,29,0,1,1,0.1686206896551724,0,0,0,0,0,0,0,0,0,0,0.17565217391304347
5377,íπãèíÀó‰â§,5,7,0,0,0,0.16285714285714287,0,0,0,0,0,0,0,0,0,0,0.16904761904761903
5377,íπãèíÀó‰â§,6,14,0,0,1,0.17214285714285715,0,0,0,0,0,0,0,0,0,0,0.16904761904761903
5378,óÈñÿåãïΩëæ,4,2,0,0,0,0.245,0,0,0,0,0,0,0,0,0,0,0.2232258064516129
5378,óÈñÿåãïΩëæ,5,12,0,0,0,0.21583333333333332,0,0,0,0,0,0,0,0,0,0,0.2232258064516129
5378,óÈñÿåãïΩëæ,6,17,0,0,0,0.22588235294117645,0,0,0,0,0,0,0,0,0,0,0.2232258064516129
5379,úAïîëÂñæ,4,1,0,0,0,0.26,0,0,0,0,0,0,0,0,0,0,0.23172413793103447
5379,úAïîëÂñæ,5,7,0,0,0,0.22571428571428573,0,0,0,0,0,0,0,0,0,0,0.23172413793103447
5379,úAïîëÂñæ,6,21,0,0,0,0.23238095238095238,0,0,0,0,0,0,0,0,0,0,0.23172413793103447
5380,ñÏìcàüåŒ,5,9,0,0,0,0.2288888888888889,0,0,0,0,0,0,0,0,0,0,0.24666666666666667
5380,ñÏìcàüåŒ,6,18,0,0,0,0.25555555555555554,0,0,0,0,0,0,0,0,0,0,0.24666666666666667
5381,óLéRñ],5,8,0,0,0,0.22375,0,0,0,0,0,0,0,0,0,0,0.17923076923076925
5381,óLéRñ],6,18,0,0,0,0.15944444444444444,0,0,0,0,0,0,0,0,0,0,0.17923076923076925
5382,éRâ∫êSàÍ,4,4,0,0,0,0.1925,0,0,0,0,0,0,0,0,0,0,0.21441176470588236
5382,éRâ∫êSàÍ,5,9,0,0,0,0.21555555555555558,0,0,0,0,0,0,0,0,0,0,0.21441176470588236
5382,éRâ∫êSàÍ,6,21,0,0,1,0.2180952380952381,0,0,0,0,0,0,0,0,0,0,0.21441176470588236
5383,íÜë∫ïñ,4,2,0,0,1,0.31,0,0,0,0,0,0,0,0,0,0,0.22357142857142856
5383,íÜë∫ïñ,5,9,0,0,0,0.20444444444444443,0,0,0,0,0,0,0,0,0,0,0.22357142857142856
5383,íÜë∫ïñ,6,17,0,0,0,0.2235294117647059,0,0,0,0,0,0,0,0,0,0,0.22357142857142856
5384,î™åÀóÆïñ,5,10,0,0,0,0.209,0,0,0,0,0,0,0,0,0,0,0.26
5384,î™åÀóÆïñ,6,22,0,0,0,0.28318181818181815,0,0,0,0,0,0,0,0,0,0,0.26
5385,óÈñÿïAâÓ,4,1,0,0,0,0.08,0,0,0,0,0,0,0,0,0,0,0.19128205128205128
5385,óÈñÿïAâÓ,5,14,0,0,0,0.18785714285714286,0,0,0,0,0,0,0,0,0,0,0.19128205128205128
5385,óÈñÿïAâÓ,6,24,0,0,0,0.19791666666666666,0,0,0,0,0,0,0,0,0,0,0.19128205128205128
5386,ïƒã óòëÂåÂ,4,1,0,0,0,0.16,0,0,0,0,0,0,0,0,0,0,0.19899999999999998
5386,ïƒã óòëÂåÂ,5,8,0,0,0,0.21875,0,0,0,0,0,0,0,0,0,0,0.19899999999999998
5386,ïƒã óòëÂåÂ,6,21,0,0,0,0.1933333333333333,0,0,0,0,0,0,0,0,0,0,0.19899999999999998
5387,åÀìcäCçÁâπ,4,1,0,0,0,0.34,0,0,0,0,0,0,0,0,0,0,0.24558823529411763
5387,åÀìcäCçÁâπ,5,11,0,0,0,0.22454545454545452,0,0,0,0,0,0,0,0,0,0,0.24558823529411763
5387,åÀìcäCçÁâπ,6,22,0,0,0,0.25181818181818183,0,0,0,0,0,0,0,0,0,0,0.24558823529411763
5388,ç≤ñÏóDìs,5,12,0,1,0,0.16333333333333333,0,0,0,0,0,0,0,0,0,0,0.19733333333333333
5388,ç≤ñÏóDìs,6,18,0,0,0,0.22,0,0,0,0,0,0,0,0,0,0,0.19733333333333333
5389,åbó«ã’î¸,5,8,0,0,0,0.1625,0,0,0,0,0,0,0,0,0,0,0.20705882352941177
5389,åbó«ã’î¸,6,26,0,0,0,0.22076923076923077,0,0,0,0,0,0,0,0,0,0,0.20705882352941177
5390,çÇã¥ó¡âƒ,5,10,0,0,0,0.20600000000000002,0,0,0,0,0,0,0,0,0,0,0.2096875
5390,çÇã¥ó¡âƒ,6,22,0,0,0,0.2113636363636364,0,0,0,0,0,0,0,0,0,0,0.2096875
5391,èoï‰òaå€,4,1,0,0,0,0.15,0,0,0,0,0,0,0,0,0,0,0.22441176470588234
5391,èoï‰òaå€,5,12,0,0,0,0.24416666666666667,0,0,0,0,0,0,0,0,0,0,0.22441176470588234
5391,èoï‰òaå€,6,21,0,0,0,0.21666666666666665,0,0,0,0,0,0,0,0,0,0,0.22441176470588234
