ìoò^î‘çÜ,ëIéËñº,í¯î‘,èoëñêî,èüóòâÒêî,2íÖâÒêî,3íÖâÒêî,ïΩãœST,ì¶Ç∞,ç∑Çµ,Ç‹Ç≠ÇË,Ç‹Ç≠ÇËç∑Çµ,î≤Ç´,åbÇ‹ÇÍ,ç∑Ç≥ÇÍ,Ç‹Ç≠ÇÁÇÍ,Ç‹Ç≠ÇËç∑Ç≥ÇÍ,ì¶Çµ,ëSëÃïΩãœST
2014,çÇíÀê¥àÍ,1,34,10,9,7,0.15441176470588236,8,0,0,0,2,0,8,7,5,0,0.16564356435643565
2014,çÇíÀê¥àÍ,2,40,5,9,4,0.1675,0,4,1,0,0,0,0,0,0,17,0.16564356435643565
2014,çÇíÀê¥àÍ,3,34,5,8,4,0.16147058823529412,0,1,3,0,0,1,0,0,0,0,0.16564356435643565
2014,çÇíÀê¥àÍ,4,31,1,5,7,0.17451612903225808,0,0,1,0,0,0,0,0,0,0,0.16564356435643565
2014,çÇíÀê¥àÍ,5,33,1,2,5,0.15606060606060607,0,0,1,0,0,0,0,0,0,0,0.16564356435643565
2014,çÇíÀê¥àÍ,6,30,1,1,3,0.182,0,0,1,0,0,0,0,0,0,0,0.16564356435643565
2538,çÇã¥ìÒòN,1,33,2,10,6,0.1706060606060606,1,0,0,0,1,0,11,13,4,0,0.19990384615384615
2538,çÇã¥ìÒòN,2,39,2,8,5,0.1817948717948718,0,1,1,0,0,0,0,0,0,20,0.19990384615384615
2538,çÇã¥ìÒòN,3,38,1,9,9,0.21736842105263157,0,0,1,0,0,0,0,0,0,0,0.19990384615384615
2538,çÇã¥ìÒòN,4,38,0,6,7,0.1986842105263158,0,0,0,0,0,0,0,0,0,0,0.19990384615384615
2538,çÇã¥ìÒòN,5,37,0,3,9,0.2118918918918919,0,0,0,0,0,0,0,0,0,0,0.19990384615384615
2538,çÇã¥ìÒòN,6,23,0,0,3,0.22652173913043477,0,0,0,0,0,0,0,0,0,0,0.19990384615384615
2841,ãgìcñ´,1,9,1,5,1,0.13666666666666666,1,0,0,0,0,0,5,0,1,0,0.18956521739130436
2841,ãgìcñ´,2,10,1,2,4,0.205,0,0,0,0,1,0,0,0,0,6,0.18956521739130436
2841,ãgìcñ´,3,6,1,1,1,0.18000000000000002,0,0,1,0,0,0,0,0,0,0,0.18956521739130436
2841,ãgìcñ´,4,8,1,2,1,0.19375,0,0,1,0,0,0,0,0,0,0,0.18956521739130436
2841,ãgìcñ´,5,9,0,1,2,0.20666666666666667,0,0,0,0,0,0,0,0,0,0,0.18956521739130436
2841,ãgìcñ´,6,4,0,1,1,0.2375,0,0,0,0,0,0,0,0,0,0,0.18956521739130436
2844,ìcíÜêLìÒ,1,20,9,4,0,0.17550000000000002,9,0,0,0,0,0,3,5,3,0,0.19
2844,ìcíÜêLìÒ,2,20,2,3,5,0.1695,0,2,0,0,0,0,0,0,0,12,0.19
2844,ìcíÜêLìÒ,3,23,1,0,7,0.1947826086956522,0,1,0,0,0,0,0,0,0,0,0.19
2844,ìcíÜêLìÒ,4,23,0,2,7,0.1926086956521739,0,0,0,0,0,0,0,0,0,0,0.19
2844,ìcíÜêLìÒ,5,15,0,0,2,0.1753333333333333,0,0,0,0,0,0,0,0,0,0,0.19
2844,ìcíÜêLìÒ,6,23,0,1,2,0.22260869565217392,0,0,0,0,0,0,0,0,0,0,0.19
2876,óÈñÿçKïv,1,31,11,8,5,0.13903225806451613,11,0,0,0,0,0,6,6,8,0,0.17185393258426968
2876,óÈñÿçKïv,2,41,3,6,9,0.1719512195121951,1,2,0,0,0,0,0,0,0,19,0.17185393258426968
2876,óÈñÿçKïv,3,29,3,4,4,0.16379310344827586,2,0,1,0,0,0,0,0,0,0,0.17185393258426968
2876,óÈñÿçKïv,4,28,0,5,3,0.1875,0,0,0,0,0,0,0,0,0,0,0.17185393258426968
2876,óÈñÿçKïv,5,31,6,3,2,0.17096774193548386,1,3,0,0,1,1,0,0,0,0,0.17185393258426968
2876,óÈñÿçKïv,6,18,1,2,2,0.21833333333333335,1,0,0,0,0,0,0,0,0,0,0.17185393258426968
2878,ïxéRçOçK,1,52,25,12,10,0.16634615384615387,23,0,0,0,2,0,8,8,5,0,0.178955223880597
2878,ïxéRçOçK,2,49,5,10,16,0.1977551020408163,0,4,1,0,0,0,0,0,0,24,0.178955223880597
2878,ïxéRçOçK,3,44,6,9,11,0.18636363636363634,0,3,0,3,0,0,0,0,0,0,0.178955223880597
2878,ïxéRçOçK,4,37,7,6,11,0.1572972972972973,0,3,4,0,0,0,0,0,0,0,0.178955223880597
2878,ïxéRçOçK,5,43,3,6,8,0.16930232558139535,0,0,0,3,0,0,0,0,0,0,0.178955223880597
2878,ïxéRçOçK,6,43,2,4,9,0.19348837209302328,0,0,1,1,0,0,0,0,0,0,0.178955223880597
2903,éRçËãB,1,34,14,5,5,0.1847058823529412,14,0,0,0,0,0,3,11,5,0,0.17281553398058253
2903,éRçËãB,2,42,3,12,8,0.16833333333333333,0,2,0,0,0,1,0,0,0,21,0.17281553398058253
2903,éRçËãB,3,38,2,3,13,0.1626315789473684,0,1,0,1,0,0,0,0,0,0,0.17281553398058253
2903,éRçËãB,4,29,3,6,3,0.1610344827586207,0,1,2,0,0,0,0,0,0,0,0.17281553398058253
2903,éRçËãB,5,36,0,3,5,0.17444444444444446,0,0,0,0,0,0,0,0,0,0,0.17281553398058253
2903,éRçËãB,6,27,0,2,3,0.18962962962962962,0,0,0,0,0,0,0,0,0,0,0.17281553398058253
2912,îˆçËìSñÁ,1,23,11,3,1,0.17,11,0,0,0,0,0,6,1,2,0,0.17956521739130435
2912,îˆçËìSñÁ,2,29,0,2,3,0.17586206896551723,0,0,0,0,0,0,0,0,0,22,0.17956521739130435
2912,îˆçËìSñÁ,3,34,1,4,4,0.18382352941176472,0,0,1,0,0,0,0,0,0,0,0.17956521739130435
2912,îˆçËìSñÁ,4,27,1,2,2,0.18074074074074073,0,0,1,0,0,0,0,0,0,0,0.17956521739130435
2912,îˆçËìSñÁ,5,24,1,0,3,0.1725,0,1,0,0,0,0,0,0,0,0,0.17956521739130435
2912,îˆçËìSñÁ,6,24,0,1,1,0.19291666666666665,0,0,0,0,0,0,0,0,0,0,0.17956521739130435
2930,êVó«àÍãK,1,28,11,5,4,0.18,11,0,0,0,0,0,5,9,2,0,0.1960294117647059
2930,êVó«àÍãK,2,22,2,5,4,0.17454545454545456,2,0,0,0,0,0,0,0,0,9,0.1960294117647059
2930,êVó«àÍãK,3,26,1,6,5,0.17884615384615385,0,0,1,0,0,0,0,0,0,0,0.1960294117647059
2930,êVó«àÍãK,4,23,1,3,7,0.24478260869565216,0,0,1,0,0,0,0,0,0,0,0.1960294117647059
2930,êVó«àÍãK,5,22,0,1,3,0.19636363636363638,0,0,0,0,0,0,0,0,0,0,0.1960294117647059
2930,êVó«àÍãK,6,15,0,3,2,0.21200000000000002,0,0,0,0,0,0,0,0,0,0,0.1960294117647059
3020,é·èóà‰ê≥,1,8,0,2,3,0.19875,0,0,0,0,0,0,1,3,3,0,0.2152777777777778
3020,é·èóà‰ê≥,2,6,0,0,0,0.21166666666666667,0,0,0,0,0,0,0,0,0,1,0.2152777777777778
3020,é·èóà‰ê≥,3,8,0,0,3,0.2225,0,0,0,0,0,0,0,0,0,0,0.2152777777777778
3020,é·èóà‰ê≥,4,6,0,0,0,0.24,0,0,0,0,0,0,0,0,0,0,0.2152777777777778
3020,é·èóà‰ê≥,5,5,0,0,0,0.19,0,0,0,0,0,0,0,0,0,0,0.2152777777777778
3020,é·èóà‰ê≥,6,3,0,0,0,0.24,0,0,0,0,0,0,0,0,0,0,0.2152777777777778
3022,êºéRè∏àÍ,1,56,31,14,5,0.14267857142857143,30,0,0,0,1,0,4,11,7,0,0.16193181818181818
3022,êºéRè∏àÍ,2,47,9,15,8,0.14446808510638298,0,9,0,0,0,0,0,0,0,26,0.16193181818181818
3022,êºéRè∏àÍ,3,35,6,8,9,0.17114285714285715,0,0,2,2,2,0,0,0,0,0,0.16193181818181818
3022,êºéRè∏àÍ,4,40,4,9,15,0.159,0,1,1,2,0,0,0,0,0,0,0.16193181818181818
3022,êºéRè∏àÍ,5,47,1,8,8,0.18978723404255318,0,0,1,0,0,0,0,0,0,0,0.16193181818181818
3022,êºéRè∏àÍ,6,39,2,6,7,0.1717948717948718,0,0,1,1,0,0,0,0,0,0,0.16193181818181818
3024,êºìáã`ë•,1,63,39,14,4,0.1684126984126984,37,0,0,0,2,0,4,13,5,0,0.16974820143884892
3024,êºìáã`ë•,2,50,4,25,4,0.15380000000000002,1,2,1,0,0,0,0,0,0,32,0.16974820143884892
3024,êºìáã`ë•,3,46,9,16,7,0.1623913043478261,3,2,2,1,1,0,0,0,0,0,0.16974820143884892
3024,êºìáã`ë•,4,40,13,11,6,0.16625,3,6,3,0,1,0,0,0,0,0,0.16974820143884892
3024,êºìáã`ë•,5,41,9,11,2,0.17756097560975612,1,5,3,0,0,0,0,0,0,0,0.16974820143884892
3024,êºìáã`ë•,6,38,8,11,4,0.19710526315789476,2,3,1,0,1,1,0,0,0,0,0.16974820143884892
3025,éRå˚ìNé°,1,23,8,6,2,0.1943478260869565,8,0,0,0,0,0,3,8,3,0,0.21386666666666665
3025,éRå˚ìNé°,2,25,2,2,3,0.192,0,2,0,0,0,0,0,0,0,15,0.21386666666666665
3025,éRå˚ìNé°,3,28,1,4,2,0.22249999999999998,0,0,0,1,0,0,0,0,0,0,0.21386666666666665
3025,éRå˚ìNé°,4,27,1,3,4,0.2174074074074074,0,0,0,1,0,0,0,0,0,0,0.21386666666666665
3025,éRå˚ìNé°,5,22,0,0,1,0.21954545454545454,0,0,0,0,0,0,0,0,0,0,0.21386666666666665
3025,éRå˚ìNé°,6,25,0,0,1,0.2352,0,0,0,0,0,0,0,0,0,0,0.21386666666666665
3036,ãgñ{ê≥è∫,1,20,5,4,4,0.176,3,0,0,0,2,0,3,5,5,0,0.1798
3036,ãgñ{ê≥è∫,2,28,2,5,6,0.17535714285714285,0,1,0,1,0,0,0,0,0,15,0.1798
3036,ãgñ{ê≥è∫,3,25,3,3,6,0.1832,0,0,1,1,1,0,0,0,0,0,0.1798
3036,ãgñ{ê≥è∫,4,25,2,3,2,0.15839999999999999,0,0,2,0,0,0,0,0,0,0,0.1798
3036,ãgñ{ê≥è∫,5,23,0,0,1,0.1826086956521739,0,0,0,0,0,0,0,0,0,0,0.1798
3036,ãgñ{ê≥è∫,6,29,0,1,4,0.19999999999999998,0,0,0,0,0,0,0,0,0,0,0.1798
3044,éOëÓé¢ém,1,20,4,8,2,0.16699999999999998,4,0,0,0,0,0,3,8,4,0,0.17385620915032682
3044,éOëÓé¢ém,2,31,4,6,8,0.16129032258064516,0,4,0,0,0,0,0,0,0,14,0.17385620915032682
3044,éOëÓé¢ém,3,30,0,6,6,0.1716666666666667,0,0,0,0,0,0,0,0,0,0,0.17385620915032682
3044,éOëÓé¢ém,4,24,1,5,4,0.16125,0,0,0,0,1,0,0,0,0,0,0.17385620915032682
3044,éOëÓé¢ém,5,25,2,0,3,0.1832,0,0,1,1,0,0,0,0,0,0,0.17385620915032682
3044,éOëÓé¢ém,6,23,0,0,3,0.20260869565217393,0,0,0,0,0,0,0,0,0,0,0.17385620915032682
3051,éRå˚èrâp,1,21,4,6,1,0.16428571428571428,3,0,0,0,1,0,4,6,5,0,0.17633986928104575
3051,éRå˚èrâp,2,27,0,3,5,0.1937037037037037,0,0,0,0,0,0,0,0,0,14,0.17633986928104575
3051,éRå˚èrâp,3,26,4,3,3,0.17461538461538462,0,0,2,2,0,0,0,0,0,0,0.17633986928104575
3051,éRå˚èrâp,4,31,1,5,4,0.17838709677419357,0,1,0,0,0,0,0,0,0,0,0.17633986928104575
3051,éRå˚èrâp,5,26,0,1,4,0.175,0,0,0,0,0,0,0,0,0,0,0.17633986928104575
3051,éRå˚èrâp,6,22,0,2,0,0.16727272727272727,0,0,0,0,0,0,0,0,0,0,0.17633986928104575
3054,ñkêÏçKìT,1,45,27,6,7,0.15666666666666668,27,0,0,0,0,0,8,8,2,0,0.15852813852813852
3054,ñkêÏçKìT,2,41,8,11,11,0.13634146341463416,0,3,4,0,1,0,0,0,0,20,0.15852813852813852
3054,ñkêÏçKìT,3,37,7,10,7,0.15027027027027026,0,1,4,1,1,0,0,0,0,0,0.15852813852813852
3054,ñkêÏçKìT,4,36,6,10,5,0.16361111111111112,0,0,3,3,0,0,0,0,0,0,0.15852813852813852
3054,ñkêÏçKìT,5,37,2,3,8,0.16702702702702701,0,0,0,2,0,0,0,0,0,0,0.15852813852813852
3054,ñkêÏçKìT,6,35,0,5,5,0.1814285714285714,0,0,0,0,0,0,0,0,0,0,0.15852813852813852
3065,ëùìcçOäÏ,1,28,3,2,10,0.2060714285714286,1,0,0,0,2,0,4,17,4,0,0.23010526315789473
3065,ëùìcçOäÏ,2,38,0,9,9,0.2563157894736842,0,0,0,0,0,0,0,0,0,14,0.23010526315789473
3065,ëùìcçOäÏ,3,37,1,4,8,0.21054054054054056,0,0,1,0,0,0,0,0,0,0,0.23010526315789473
3065,ëùìcçOäÏ,4,30,1,1,6,0.22533333333333333,0,1,0,0,0,0,0,0,0,0,0.23010526315789473
3065,ëùìcçOäÏ,5,32,0,3,6,0.2253125,0,0,0,0,0,0,0,0,0,0,0.23010526315789473
3065,ëùìcçOäÏ,6,25,0,1,4,0.258,0,0,0,0,0,0,0,0,0,0,0.23010526315789473
3066,ìcíÜíËóY,1,28,2,5,1,0.18785714285714286,2,0,0,0,0,0,5,11,8,0,0.19847457627118645
3066,ìcíÜíËóY,2,32,2,5,10,0.195625,0,1,1,0,0,0,0,0,0,18,0.19847457627118645
3066,ìcíÜíËóY,3,37,1,3,6,0.1935135135135135,0,0,1,0,0,0,0,0,0,0,0.19847457627118645
3066,ìcíÜíËóY,4,31,2,5,3,0.19838709677419356,0,0,0,2,0,0,0,0,0,0,0.19847457627118645
3066,ìcíÜíËóY,5,27,0,0,5,0.20222222222222222,0,0,0,0,0,0,0,0,0,0,0.19847457627118645
3066,ìcíÜíËóY,6,22,0,1,4,0.22,0,0,0,0,0,0,0,0,0,0,0.19847457627118645
3070,éRé∫ìWçO,1,31,21,4,2,0.13548387096774195,19,0,0,0,2,0,2,6,2,0,0.15186046511627907
3070,éRé∫ìWçO,2,33,5,14,5,0.15484848484848485,0,3,1,0,1,0,0,0,0,18,0.15186046511627907
3070,éRé∫ìWçO,3,28,6,4,5,0.15214285714285714,0,1,1,3,1,0,0,0,0,0,0.15186046511627907
3070,éRé∫ìWçO,4,21,0,5,7,0.15047619047619049,0,0,0,0,0,0,0,0,0,0,0.15186046511627907
3070,éRé∫ìWçO,5,30,3,8,7,0.13633333333333333,0,1,1,0,1,0,0,0,0,0,0.15186046511627907
3070,éRé∫ìWçO,6,29,4,5,7,0.18275862068965518,0,2,0,0,0,2,0,0,0,0,0.15186046511627907
3072,êºìcñı,1,36,13,10,4,0.15861111111111112,13,0,0,0,0,0,5,8,5,0,0.16753424657534247
3072,êºìcñı,2,48,4,7,7,0.16666666666666666,2,2,0,0,0,0,0,0,0,27,0.16753424657534247
3072,êºìcñı,3,33,2,2,4,0.16303030303030303,0,0,1,1,0,0,0,0,0,0,0.16753424657534247
3072,êºìcñı,4,36,3,6,4,0.17777777777777778,1,0,0,0,1,1,0,0,0,0,0.16753424657534247
3072,êºìcñı,5,36,2,7,7,0.16972222222222222,0,2,0,0,0,0,0,0,0,0,0.16753424657534247
3072,êºìcñı,6,30,4,2,2,0.16966666666666666,0,2,0,1,1,0,0,0,0,0,0.16753424657534247
3075,íÜë∫óTè´,1,57,27,16,3,0.15070175438596492,26,0,0,0,1,0,11,12,5,0,0.14707236842105265
3075,íÜë∫óTè´,2,51,8,11,13,0.15019607843137256,1,5,2,0,0,0,0,0,0,22,0.14707236842105265
3075,íÜë∫óTè´,3,57,5,13,12,0.14175438596491227,0,2,2,1,0,0,0,0,0,0,0.14707236842105265
3075,íÜë∫óTè´,4,50,10,8,7,0.1358,0,0,6,4,0,0,0,0,0,0,0.14707236842105265
3075,íÜë∫óTè´,5,47,3,8,4,0.1474468085106383,0,0,3,0,0,0,0,0,0,0,0.14707236842105265
3075,íÜë∫óTè´,6,42,3,4,7,0.15857142857142859,0,1,2,0,0,0,0,0,0,0,0.14707236842105265
3079,êVínâÎóm,1,20,7,4,0,0.2,6,0,0,0,1,0,0,4,7,0,0.17727272727272728
3079,êVínâÎóm,2,25,2,5,7,0.1684,0,0,2,0,0,0,0,0,0,10,0.17727272727272728
3079,êVínâÎóm,3,25,1,2,3,0.1784,0,0,0,1,0,0,0,0,0,0,0.17727272727272728
3079,êVínâÎóm,4,21,3,5,2,0.16523809523809524,0,0,1,2,0,0,0,0,0,0,0.17727272727272728
3079,êVínâÎóm,5,20,1,5,1,0.178,0,0,1,0,0,0,0,0,0,0,0.17727272727272728
3079,êVínâÎóm,6,21,0,2,3,0.1761904761904762,0,0,0,0,0,0,0,0,0,0,0.17727272727272728
3081,â™ñ{êTé°,1,30,22,2,2,0.16,20,0,0,0,2,0,0,3,2,0,0.17807486631016042
3081,â™ñ{êTé°,2,37,6,10,5,0.19702702702702704,0,6,0,0,0,0,0,0,0,20,0.17807486631016042
3081,â™ñ{êTé°,3,36,3,11,9,0.18333333333333332,0,1,2,0,0,0,0,0,0,0,0.17807486631016042
3081,â™ñ{êTé°,4,27,7,5,2,0.16296296296296298,0,1,2,4,0,0,0,0,0,0,0.17807486631016042
3081,â™ñ{êTé°,5,33,0,3,6,0.1781818181818182,0,0,0,0,0,0,0,0,0,0,0.17807486631016042
3081,â™ñ{êTé°,6,24,1,3,1,0.18041666666666667,0,0,0,1,0,0,0,0,0,0,0.17807486631016042
3105,ì‡éRï∂ìT,1,36,20,5,4,0.14222222222222222,20,0,0,0,0,0,6,4,3,0,0.16812785388127854
3105,ì‡éRï∂ìT,2,38,7,10,8,0.19,0,5,2,0,0,0,0,0,0,18,0.16812785388127854
3105,ì‡éRï∂ìT,3,38,2,9,9,0.16736842105263158,0,0,2,0,0,0,0,0,0,0,0.16812785388127854
3105,ì‡éRï∂ìT,4,41,2,2,8,0.16365853658536586,0,0,0,2,0,0,0,0,0,0,0.16812785388127854
3105,ì‡éRï∂ìT,5,35,3,6,2,0.17114285714285715,0,0,1,2,0,0,0,0,0,0,0.16812785388127854
3105,ì‡éRï∂ìT,6,31,0,3,7,0.17483870967741935,0,0,0,0,0,0,0,0,0,0,0.16812785388127854
3107,ïΩâ™èdìT,1,40,18,8,4,0.18975,17,0,0,0,1,0,7,8,5,0,0.18740425531914892
3107,ïΩâ™èdìT,2,44,6,7,11,0.20590909090909093,0,4,2,0,0,0,0,0,0,23,0.18740425531914892
3107,ïΩâ™èdìT,3,40,6,2,8,0.184,0,2,3,1,0,0,0,0,0,0,0.18740425531914892
3107,ïΩâ™èdìT,4,38,0,5,10,0.17578947368421052,0,0,0,0,0,0,0,0,0,0,0.18740425531914892
3107,ïΩâ™èdìT,5,42,1,4,3,0.17357142857142857,0,0,1,0,0,0,0,0,0,0,0.18740425531914892
3107,ïΩâ™èdìT,6,31,0,1,4,0.19548387096774195,0,0,0,0,0,0,0,0,0,0,0.18740425531914892
3122,çÇéRìNñÁ,1,29,9,7,4,0.14793103448275863,9,0,0,0,0,0,10,8,0,0,0.16397058823529412
3122,çÇéRìNñÁ,2,38,3,5,7,0.16657894736842105,0,2,0,0,1,0,0,0,0,18,0.16397058823529412
3122,çÇéRìNñÁ,3,37,0,3,4,0.15783783783783784,0,0,0,0,0,0,0,0,0,0,0.16397058823529412
3122,çÇéRìNñÁ,4,39,0,4,4,0.15769230769230771,0,0,0,0,0,0,0,0,0,0,0.16397058823529412
3122,çÇéRìNñÁ,5,33,0,1,1,0.17333333333333334,0,0,0,0,0,0,0,0,0,0,0.16397058823529412
3122,çÇéRìNñÁ,6,28,0,1,3,0.18285714285714286,0,0,0,0,0,0,0,0,0,0,0.16397058823529412
3123,íÜêºçGï∂,1,28,4,10,2,0.15571428571428572,4,0,0,0,0,0,4,8,9,0,0.17451612903225808
3123,íÜêºçGï∂,2,33,3,6,8,0.19424242424242424,0,3,0,0,0,0,0,0,0,15,0.17451612903225808
3123,íÜêºçGï∂,3,38,2,0,10,0.17078947368421052,0,1,0,1,0,0,0,0,0,0,0.17451612903225808
3123,íÜêºçGï∂,4,30,0,2,7,0.14933333333333335,0,0,0,0,0,0,0,0,0,0,0.17451612903225808
3123,íÜêºçGï∂,5,29,0,2,5,0.18620689655172415,0,0,0,0,0,0,0,0,0,0,0.17451612903225808
3123,íÜêºçGï∂,6,28,1,1,4,0.19,0,1,0,0,0,0,0,0,0,0,0.17451612903225808
3141,éRóàòaêl,1,33,11,8,4,0.17666666666666667,10,0,1,0,0,0,6,8,3,0,0.18077720207253886
3141,éRóàòaêl,2,38,3,9,4,0.1889473684210526,0,2,1,0,0,0,0,0,0,22,0.18077720207253886
3141,éRóàòaêl,3,37,1,5,6,0.17243243243243242,0,1,0,0,0,0,0,0,0,0,0.18077720207253886
3141,éRóàòaêl,4,28,2,1,5,0.1742857142857143,0,1,0,1,0,0,0,0,0,0,0.18077720207253886
3141,éRóàòaêl,5,33,1,7,2,0.1778787878787879,0,0,0,1,0,0,0,0,0,0,0.18077720207253886
3141,éRóàòaêl,6,24,0,1,0,0.19791666666666666,0,0,0,0,0,0,0,0,0,0,0.18077720207253886
3142,êºñŒìoéq,1,2,0,1,0,0.325,0,0,0,0,0,0,1,1,0,0,0.20285714285714287
3142,êºñŒìoéq,2,1,0,0,1,0.17,0,0,0,0,0,0,0,0,0,0,0.20285714285714287
3142,êºñŒìoéq,3,2,0,0,1,0.15000000000000002,0,0,0,0,0,0,0,0,0,0,0.20285714285714287
3142,êºñŒìoéq,4,1,0,0,0,0.16,0,0,0,0,0,0,0,0,0,0,0.20285714285714287
3142,êºñŒìoéq,6,1,0,0,0,0.14,0,0,0,0,0,0,0,0,0,0,0.20285714285714287
3151,óéçáåhàÍ,1,25,9,6,3,0.1728,9,0,0,0,0,0,1,7,6,0,0.1725
3151,óéçáåhàÍ,2,34,3,7,10,0.1511764705882353,0,2,1,0,0,0,0,0,0,22,0.1725
3151,óéçáåhàÍ,3,33,2,7,5,0.14242424242424243,0,1,0,0,1,0,0,0,0,0,0.1725
3151,óéçáåhàÍ,4,29,1,2,5,0.19793103448275862,0,0,0,1,0,0,0,0,0,0,0.1725
3151,óéçáåhàÍ,5,33,1,2,4,0.18515151515151515,0,0,0,1,0,0,0,0,0,0,0.1725
3151,óéçáåhàÍ,6,22,1,0,1,0.19772727272727272,0,0,0,1,0,0,0,0,0,0,0.1725
3153,ëOêÏó≥éü,1,5,0,3,1,0.154,0,0,0,0,0,0,1,4,0,0,0.21500000000000002
3153,ëOêÏó≥éü,2,6,0,0,1,0.205,0,0,0,0,0,0,0,0,0,4,0.21500000000000002
3153,ëOêÏó≥éü,3,4,0,0,0,0.225,0,0,0,0,0,0,0,0,0,0,0.21500000000000002
3153,ëOêÏó≥éü,4,7,0,0,0,0.20714285714285713,0,0,0,0,0,0,0,0,0,0,0.21500000000000002
3153,ëOêÏó≥éü,5,6,0,0,0,0.2683333333333333,0,0,0,0,0,0,0,0,0,0,0.21500000000000002
3153,ëOêÏó≥éü,6,6,0,0,0,0.225,0,0,0,0,0,0,0,0,0,0,0.21500000000000002
3156,ã‡éqó«è∫,1,36,17,11,2,0.14305555555555557,17,0,0,0,0,0,5,6,6,0,0.1628181818181818
3156,ã‡éqó«è∫,2,39,7,9,6,0.17384615384615384,3,3,1,0,0,0,0,0,0,14,0.1628181818181818
3156,ã‡éqó«è∫,3,37,5,8,4,0.15594594594594596,0,0,0,3,2,0,0,0,0,0,0.1628181818181818
3156,ã‡éqó«è∫,4,44,4,8,9,0.16363636363636364,0,3,0,1,0,0,0,0,0,0,0.1628181818181818
3156,ã‡éqó«è∫,5,30,1,3,4,0.18166666666666667,0,0,1,0,0,0,0,0,0,0,0.1628181818181818
3156,ã‡éqó«è∫,6,34,3,6,4,0.16088235294117648,0,1,0,1,1,0,0,0,0,0,0.1628181818181818
3158,ìáêÏåıíj,1,51,32,10,3,0.16607843137254905,30,0,0,0,2,0,6,5,8,0,0.16414342629482073
3158,ìáêÏåıíj,2,39,7,11,7,0.158974358974359,0,5,1,0,1,0,0,0,0,19,0.16414342629482073
3158,ìáêÏåıíj,3,45,7,11,11,0.16377777777777777,0,0,4,2,1,0,0,0,0,0,0.16414342629482073
3158,ìáêÏåıíj,4,40,3,7,11,0.15575,0,0,3,0,0,0,0,0,0,0,0.16414342629482073
3158,ìáêÏåıíj,5,42,2,3,11,0.16428571428571428,0,0,1,1,0,0,0,0,0,0,0.16414342629482073
3158,ìáêÏåıíj,6,34,1,1,8,0.1773529411764706,0,0,0,1,0,0,0,0,0,0,0.16414342629482073
3159,ç]å˚çWê∂,1,53,36,13,1,0.13528301886792451,34,0,0,0,2,0,5,5,4,0,0.14980295566502463
3159,ç]å˚çWê∂,2,33,5,12,6,0.15303030303030302,1,3,0,0,1,0,0,0,0,16,0.14980295566502463
3159,ç]å˚çWê∂,3,36,10,10,8,0.15916666666666668,4,3,2,0,1,0,0,0,0,0,0.14980295566502463
3159,ç]å˚çWê∂,4,27,6,7,3,0.14407407407407408,2,3,0,0,1,0,0,0,0,0,0.14980295566502463
3159,ç]å˚çWê∂,5,23,6,4,5,0.16086956521739132,0,5,0,0,1,0,0,0,0,0,0.14980295566502463
3159,ç]å˚çWê∂,6,31,8,10,3,0.1570967741935484,2,3,2,0,1,0,0,0,0,0,0.14980295566502463
3161,å√èÍãPã`,1,42,14,14,4,0.16714285714285715,14,0,0,0,0,0,9,8,6,0,0.18398305084745764
3161,å√èÍãPã`,2,44,8,12,8,0.1715909090909091,1,7,0,0,0,0,0,0,0,23,0.18398305084745764
3161,å√èÍãPã`,3,43,4,10,9,0.19139534883720932,1,1,0,2,0,0,0,0,0,0,0.18398305084745764
3161,å√èÍãPã`,4,39,3,10,11,0.18076923076923077,1,1,1,0,0,0,0,0,0,0,0.18398305084745764
3161,å√èÍãPã`,5,32,2,6,7,0.1865625,0,2,0,0,0,0,0,0,0,0,0.18398305084745764
3161,å√èÍãPã`,6,36,1,4,9,0.21111111111111114,0,0,1,0,0,0,0,0,0,0,0.18398305084745764
3164,êXòeìO,1,19,6,1,2,0.2563157894736842,5,0,0,0,1,0,2,8,2,0,0.21209302325581394
3164,êXòeìO,2,25,3,4,4,0.188,0,3,0,0,0,0,0,0,0,11,0.21209302325581394
3164,êXòeìO,3,22,2,2,4,0.1990909090909091,0,0,2,0,0,0,0,0,0,0,0.21209302325581394
3164,êXòeìO,4,23,2,4,4,0.1865217391304348,0,0,2,0,0,0,0,0,0,0,0.21209302325581394
3164,êXòeìO,5,19,1,3,2,0.21631578947368424,0,0,0,1,0,0,0,0,0,0,0.21209302325581394
3164,êXòeìO,6,21,0,0,2,0.23857142857142857,0,0,0,0,0,0,0,0,0,0,0.21209302325581394
3175,ìnï”êÁëê,1,36,11,4,7,0.1713888888888889,11,0,0,0,0,0,8,14,2,0,0.15622807017543858
3175,ìnï”êÁëê,2,39,3,17,11,0.1417948717948718,0,1,1,0,0,1,0,0,0,24,0.15622807017543858
3175,ìnï”êÁëê,3,49,5,12,15,0.1546938775510204,0,2,1,2,0,0,0,0,0,0,0.15622807017543858
3175,ìnï”êÁëê,4,40,4,7,9,0.14550000000000002,0,1,3,0,0,0,0,0,0,0,0.15622807017543858
3175,ìnï”êÁëê,5,31,0,7,5,0.16,0,0,0,0,0,0,0,0,0,0,0.15622807017543858
3175,ìnï”êÁëê,6,33,1,3,9,0.16848484848484846,0,1,0,0,0,0,0,0,0,0,0.15622807017543858
3176,í∑íJêÏäﬁ,1,16,1,6,3,0.16125,1,0,0,0,0,0,2,7,4,0,0.18245901639344264
3176,í∑íJêÏäﬁ,2,23,3,9,5,0.17521739130434782,0,2,1,0,0,0,0,0,0,14,0.18245901639344264
3176,í∑íJêÏäﬁ,3,24,1,2,7,0.18375,0,0,1,0,0,0,0,0,0,0,0.18245901639344264
3176,í∑íJêÏäﬁ,4,22,0,1,4,0.1731818181818182,0,0,0,0,0,0,0,0,0,0,0.18245901639344264
3176,í∑íJêÏäﬁ,5,21,0,5,4,0.18285714285714286,0,0,0,0,0,0,0,0,0,0,0.18245901639344264
3176,í∑íJêÏäﬁ,6,16,0,0,0,0.224375,0,0,0,0,0,0,0,0,0,0,0.18245901639344264
3177,ã{ñ{ãIî¸,1,37,4,5,12,0.20108108108108108,4,0,0,0,0,0,13,13,4,0,0.21560386473429952
3177,ã{ñ{ãIî¸,2,43,3,5,8,0.20837209302325582,0,3,0,0,0,0,0,0,0,19,0.21560386473429952
3177,ã{ñ{ãIî¸,3,33,3,3,4,0.20757575757575755,0,0,1,1,1,0,0,0,0,0,0.21560386473429952
3177,ã{ñ{ãIî¸,4,31,0,2,9,0.22096774193548385,0,0,0,0,0,0,0,0,0,0,0.21560386473429952
3177,ã{ñ{ãIî¸,5,34,1,0,6,0.22088235294117647,0,0,1,0,0,0,0,0,0,0,0.21560386473429952
3177,ã{ñ{ãIî¸,6,29,0,1,4,0.24206896551724139,0,0,0,0,0,0,0,0,0,0,0.21560386473429952
3182,ãvï€ìcî¸ãI,1,24,0,4,4,0.22333333333333336,0,0,0,0,0,0,4,15,4,0,0.22137681159420292
3182,ãvï€ìcî¸ãI,2,25,2,4,2,0.20400000000000001,0,2,0,0,0,0,0,0,0,14,0.22137681159420292
3182,ãvï€ìcî¸ãI,3,22,1,2,4,0.21227272727272728,0,1,0,0,0,0,0,0,0,0,0.22137681159420292
3182,ãvï€ìcî¸ãI,4,25,0,0,3,0.22,0,0,0,0,0,0,0,0,0,0,0.22137681159420292
3182,ãvï€ìcî¸ãI,5,20,0,0,2,0.2325,0,0,0,0,0,0,0,0,0,0,0.22137681159420292
3182,ãvï€ìcî¸ãI,6,22,0,1,1,0.23954545454545453,0,0,0,0,0,0,0,0,0,0,0.22137681159420292
3186,â´åÂ,1,31,11,9,2,0.17838709677419357,11,0,0,0,0,0,6,3,9,0,0.18590090090090092
3186,â´åÂ,2,42,7,6,5,0.18452380952380953,0,2,4,0,1,0,0,0,0,16,0.18590090090090092
3186,â´åÂ,3,40,2,5,13,0.1925,0,0,0,1,1,0,0,0,0,0,0.18590090090090092
3186,â´åÂ,4,41,2,2,8,0.1875609756097561,0,0,2,0,0,0,0,0,0,0,0.18590090090090092
3186,â´åÂ,5,35,1,5,7,0.1802857142857143,0,0,1,0,0,0,0,0,0,0,0.18590090090090092
3186,â´åÂ,6,33,3,0,3,0.1906060606060606,0,0,2,0,0,1,0,0,0,0,0.18590090090090092
3187,é¬å¥èrïv,4,1,0,0,0,0.25,0,0,0,0,0,0,0,0,0,0,0.25
3188,ì˙çÇàÌéq,1,60,40,11,7,0.1485,40,0,0,0,0,0,8,10,1,0,0.16543859649122805
3188,ì˙çÇàÌéq,2,46,7,20,12,0.14521739130434783,0,5,0,0,2,0,0,0,0,24,0.16543859649122805
3188,ì˙çÇàÌéq,3,49,1,12,14,0.16285714285714287,0,1,0,0,0,0,0,0,0,0,0.16543859649122805
3188,ì˙çÇàÌéq,4,52,3,13,13,0.17750000000000002,0,2,0,0,1,0,0,0,0,0,0.16543859649122805
3188,ì˙çÇàÌéq,5,36,1,8,12,0.1622222222222222,0,0,0,0,0,1,0,0,0,0,0.16543859649122805
3188,ì˙çÇàÌéq,6,42,0,4,15,0.20261904761904762,0,0,0,0,0,0,0,0,0,0,0.16543859649122805
3202,éOïió≤ç_,1,32,12,6,3,0.1903125,11,0,0,0,1,0,4,9,4,0,0.19901041666666666
3202,éOïió≤ç_,2,35,1,7,7,0.20885714285714288,0,0,1,0,0,0,0,0,0,19,0.19901041666666666
3202,éOïió≤ç_,3,34,5,3,6,0.19411764705882353,0,0,1,4,0,0,0,0,0,0,0.19901041666666666
3202,éOïió≤ç_,4,27,0,2,5,0.18037037037037038,0,0,0,0,0,0,0,0,0,0,0.19901041666666666
3202,éOïió≤ç_,5,31,1,3,7,0.19000000000000003,0,1,0,0,0,0,0,0,0,0,0.19901041666666666
3202,éOïió≤ç_,6,33,0,1,2,0.22575757575757577,0,0,0,0,0,0,0,0,0,0,0.19901041666666666
3207,ìcë∫î¸òa,1,30,9,6,4,0.187,9,0,0,0,0,0,8,10,2,0,0.18036649214659686
3207,ìcë∫î¸òa,2,35,2,10,9,0.1842857142857143,0,0,2,0,0,0,0,0,0,15,0.18036649214659686
3207,ìcë∫î¸òa,3,35,0,6,4,0.18085714285714286,0,0,0,0,0,0,0,0,0,0,0.18036649214659686
3207,ìcë∫î¸òa,4,31,3,3,3,0.15774193548387097,0,0,1,2,0,0,0,0,0,0,0.18036649214659686
3207,ìcë∫î¸òa,5,33,4,3,2,0.17424242424242425,0,0,1,2,1,0,0,0,0,0,0.18036649214659686
3207,ìcë∫î¸òa,6,27,0,0,5,0.20074074074074075,0,0,0,0,0,0,0,0,0,0,0.18036649214659686
3211,ñkêÏïqçO,1,28,5,9,4,0.18321428571428572,4,0,0,0,1,0,8,11,4,0,0.18064039408866997
3211,ñkêÏïqçO,2,35,4,8,7,0.2002857142857143,0,3,1,0,0,0,0,0,0,21,0.18064039408866997
3211,ñkêÏïqçO,3,38,4,4,8,0.19026315789473686,0,0,0,2,0,2,0,0,0,0,0.18064039408866997
3211,ñkêÏïqçO,4,38,0,6,10,0.1628947368421053,0,0,0,0,0,0,0,0,0,0,0.18064039408866997
3211,ñkêÏïqçO,5,34,1,2,5,0.16588235294117645,0,0,0,1,0,0,0,0,0,0,0.18064039408866997
3211,ñkêÏïqçO,6,30,0,3,7,0.18233333333333332,0,0,0,0,0,0,0,0,0,0,0.18064039408866997
3212,ãTñ{óEé˜,1,31,11,8,5,0.18516129032258066,11,0,0,0,0,0,9,5,2,0,0.18587939698492464
3212,ãTñ{óEé˜,2,36,3,11,7,0.1611111111111111,0,2,1,0,0,0,0,0,0,20,0.18587939698492464
3212,ãTñ{óEé˜,3,29,3,9,6,0.18448275862068964,0,1,1,0,1,0,0,0,0,0,0.18587939698492464
3212,ãTñ{óEé˜,4,37,1,7,5,0.15702702702702703,0,0,0,1,0,0,0,0,0,0,0.18587939698492464
3212,ãTñ{óEé˜,5,30,0,6,5,0.17633333333333334,0,0,0,0,0,0,0,0,0,0,0.18587939698492464
3212,ãTñ{óEé˜,6,36,0,5,5,0.25,0,0,0,0,0,0,0,0,0,0,0.18587939698492464
3220,ìÒã¥äw,1,29,13,9,3,0.16551724137931034,12,0,0,0,1,0,10,6,0,0,0.18694736842105264
3220,ìÒã¥äw,2,33,1,5,6,0.20696969696969697,0,1,0,0,0,0,0,0,0,16,0.18694736842105264
3220,ìÒã¥äw,3,32,1,6,8,0.1865625,0,0,0,1,0,0,0,0,0,0,0.18694736842105264
3220,ìÒã¥äw,4,32,0,3,4,0.19375,0,0,0,0,0,0,0,0,0,0,0.18694736842105264
3220,ìÒã¥äw,5,33,0,1,4,0.1781818181818182,0,0,0,0,0,0,0,0,0,0,0.18694736842105264
3220,ìÒã¥äw,6,31,0,3,2,0.18838709677419355,0,0,0,0,0,0,0,0,0,0,0.18694736842105264
3224,åIéRî…óm,1,33,12,9,5,0.1596969696969697,12,0,0,0,0,0,4,11,4,0,0.16135021097046415
3224,åIéRî…óm,2,49,1,12,9,0.15612244897959185,0,0,0,0,1,0,0,0,0,23,0.16135021097046415
3224,åIéRî…óm,3,41,3,8,7,0.1475609756097561,0,1,2,0,0,0,0,0,0,0,0.16135021097046415
3224,åIéRî…óm,4,40,5,6,6,0.15425,0,0,5,0,0,0,0,0,0,0,0.16135021097046415
3224,åIéRî…óm,5,38,3,3,7,0.17526315789473684,0,0,2,1,0,0,0,0,0,0,0.16135021097046415
3224,åIéRî…óm,6,36,3,2,7,0.1788888888888889,0,0,0,2,1,0,0,0,0,0,0.16135021097046415
3226,âYìcêMã`,1,35,12,7,2,0.1722857142857143,11,0,0,0,1,0,8,11,2,0,0.16705069124423963
3226,âYìcêMã`,2,39,2,10,8,0.18717948717948718,0,2,0,0,0,0,0,0,0,23,0.16705069124423963
3226,âYìcêMã`,3,36,4,6,6,0.16666666666666666,0,1,1,1,1,0,0,0,0,0,0.16705069124423963
3226,âYìcêMã`,4,36,4,4,6,0.16583333333333333,0,2,0,2,0,0,0,0,0,0,0.16705069124423963
3226,âYìcêMã`,5,37,3,6,4,0.1535135135135135,0,0,1,2,0,0,0,0,0,0,0.16705069124423963
3226,âYìcêMã`,6,34,2,1,3,0.15500000000000003,0,0,0,2,0,0,0,0,0,0,0.16705069124423963
3227,í∑â™ñŒàÍ,1,36,21,5,2,0.18888888888888888,20,0,0,0,1,0,4,5,5,0,0.17386138613861385
3227,í∑â™ñŒàÍ,2,38,3,7,9,0.20105263157894737,1,1,0,0,1,0,0,0,0,19,0.17386138613861385
3227,í∑â™ñŒàÍ,3,36,2,8,12,0.16805555555555554,0,0,1,0,1,0,0,0,0,0,0.17386138613861385
3227,í∑â™ñŒàÍ,4,27,4,4,4,0.1548148148148148,0,0,1,2,1,0,0,0,0,0,0.17386138613861385
3227,í∑â™ñŒàÍ,5,31,4,5,4,0.1503225806451613,0,0,1,3,0,0,0,0,0,0,0.17386138613861385
3227,í∑â™ñŒàÍ,6,34,1,5,3,0.17029411764705882,0,0,1,0,0,0,0,0,0,0,0.17386138613861385
3231,ãgìcó≤ã`,1,31,16,4,3,0.1703225806451613,16,0,0,0,0,0,8,5,1,0,0.18797872340425534
3231,ãgìcó≤ã`,2,37,3,5,9,0.19216216216216217,0,2,1,0,0,0,0,0,0,14,0.18797872340425534
3231,ãgìcó≤ã`,3,28,3,3,4,0.1789285714285714,0,0,0,2,1,0,0,0,0,0,0.18797872340425534
3231,ãgìcó≤ã`,4,31,0,7,1,0.18064516129032257,0,0,0,0,0,0,0,0,0,0,0.18797872340425534
3231,ãgìcó≤ã`,5,28,0,6,4,0.17821428571428571,0,0,0,0,0,0,0,0,0,0,0.18797872340425534
3231,ãgìcó≤ã`,6,33,1,2,3,0.22272727272727272,1,0,0,0,0,0,0,0,0,0,0.18797872340425534
3232,éRêÏî¸óRãI,1,51,36,7,5,0.13392156862745097,33,0,0,0,3,0,6,4,2,0,0.15684466019417476
3232,éRêÏî¸óRãI,2,32,4,9,1,0.1671875,2,1,1,0,0,0,0,0,0,16,0.15684466019417476
3232,éRêÏî¸óRãI,3,33,7,8,4,0.14606060606060606,0,1,3,1,2,0,0,0,0,0,0.15684466019417476
3232,éRêÏî¸óRãI,4,31,4,8,9,0.17290322580645162,0,0,2,0,0,2,0,0,0,0,0.15684466019417476
3232,éRêÏî¸óRãI,5,28,3,5,8,0.16,0,2,0,1,0,0,0,0,0,0,0.15684466019417476
3232,éRêÏî¸óRãI,6,31,1,6,9,0.1764516129032258,0,0,1,0,0,0,0,0,0,0,0.15684466019417476
3233,è¨î®é¿ê¨,1,48,24,9,5,0.1375,24,0,0,0,0,0,8,7,5,0,0.15907749077490774
3233,è¨î®é¿ê¨,2,50,2,17,18,0.16079999999999997,0,2,0,0,0,0,0,0,0,28,0.15907749077490774
3233,è¨î®é¿ê¨,3,44,1,13,11,0.16454545454545455,0,0,0,0,1,0,0,0,0,0,0.15907749077490774
3233,è¨î®é¿ê¨,4,50,7,11,12,0.15839999999999999,0,4,2,1,0,0,0,0,0,0,0.15907749077490774
3233,è¨î®é¿ê¨,5,38,4,2,11,0.1718421052631579,0,1,0,2,1,0,0,0,0,0,0.15907749077490774
3233,è¨î®é¿ê¨,6,41,0,4,8,0.1653658536585366,0,0,0,0,0,0,0,0,0,0,0.15907749077490774
3243,ç≤ñÏó≤êm,1,22,8,1,2,0.1968181818181818,8,0,0,0,0,0,7,2,1,0,0.19430769230769232
3243,ç≤ñÏó≤êm,2,22,1,2,4,0.19863636363636364,0,1,0,0,0,0,0,0,0,10,0.19430769230769232
3243,ç≤ñÏó≤êm,3,28,1,4,7,0.17928571428571427,0,0,1,0,0,0,0,0,0,0,0.19430769230769232
3243,ç≤ñÏó≤êm,4,23,0,7,2,0.18869565217391304,0,0,0,0,0,0,0,0,0,0,0.19430769230769232
3243,ç≤ñÏó≤êm,5,21,0,2,2,0.2138095238095238,0,0,0,0,0,0,0,0,0,0,0.19430769230769232
3243,ç≤ñÏó≤êm,6,14,0,1,1,0.19357142857142856,0,0,0,0,0,0,0,0,0,0,0.19430769230769232
3246,êØñÏê≠ïF,1,19,5,4,2,0.18210526315789474,5,0,0,0,0,0,9,4,1,0,0.17863309352517986
3246,êØñÏê≠ïF,2,26,4,0,9,0.2119230769230769,1,1,2,0,0,0,0,0,0,12,0.17863309352517986
3246,êØñÏê≠ïF,3,27,2,5,8,0.16444444444444445,0,0,2,0,0,0,0,0,0,0,0.17863309352517986
3246,êØñÏê≠ïF,4,17,2,1,3,0.17705882352941177,0,0,0,2,0,0,0,0,0,0,0.17863309352517986
3246,êØñÏê≠ïF,5,23,1,0,5,0.17391304347826086,0,0,0,0,1,0,0,0,0,0,0.17863309352517986
3246,êØñÏê≠ïF,6,27,0,2,4,0.16333333333333333,0,0,0,0,0,0,0,0,0,0,0.17863309352517986
3251,ïΩêŒòaíj,1,56,32,12,6,0.18571428571428572,29,0,0,0,3,0,7,11,6,0,0.19380794701986756
3251,ïΩêŒòaíj,2,57,12,11,7,0.18719298245614036,0,8,3,0,1,0,0,0,0,25,0.19380794701986756
3251,ïΩêŒòaíj,3,52,7,10,9,0.19884615384615384,0,1,2,3,1,0,0,0,0,0,0.19380794701986756
3251,ïΩêŒòaíj,4,49,2,15,9,0.1920408163265306,0,0,1,1,0,0,0,0,0,0,0.19380794701986756
3251,ïΩêŒòaíj,5,47,1,10,10,0.19595744680851065,0,0,1,0,0,0,0,0,0,0,0.19380794701986756
3251,ïΩêŒòaíj,6,41,4,2,17,0.2073170731707317,0,0,1,3,0,0,0,0,0,0,0.19380794701986756
3254,ñˆ‡VêÁèt,1,9,0,0,1,0.19333333333333333,0,0,0,0,0,0,2,4,1,0,0.19636363636363638
3254,ñˆ‡VêÁèt,2,8,0,1,0,0.215,0,0,0,0,0,0,0,0,0,4,0.19636363636363638
3254,ñˆ‡VêÁèt,3,8,0,0,1,0.18125,0,0,0,0,0,0,0,0,0,0,0.19636363636363638
3254,ñˆ‡VêÁèt,4,6,0,1,0,0.16,0,0,0,0,0,0,0,0,0,0,0.19636363636363638
3254,ñˆ‡VêÁèt,5,7,1,0,0,0.22,0,0,1,0,0,0,0,0,0,0,0.19636363636363638
3254,ñˆ‡VêÁèt,6,6,0,0,0,0.205,0,0,0,0,0,0,0,0,0,0,0.19636363636363638
3256,éOäpìNíj,1,55,34,11,6,0.12545454545454546,30,0,1,0,3,0,10,5,5,0,0.1434351145038168
3256,éOäpìNíj,2,43,9,12,8,0.14116279069767443,0,5,2,0,1,1,0,0,0,23,0.1434351145038168
3256,éOäpìNíj,3,42,9,10,6,0.13380952380952382,0,2,5,2,0,0,0,0,0,0,0.1434351145038168
3256,éOäpìNíj,4,43,9,8,9,0.1472093023255814,0,0,2,5,2,0,0,0,0,0,0.1434351145038168
3256,éOäpìNíj,5,43,5,7,7,0.1544186046511628,0,0,1,3,1,0,0,0,0,0,0.1434351145038168
3256,éOäpìNíj,6,36,5,3,12,0.16722222222222224,0,1,1,2,1,0,0,0,0,0,0.1434351145038168
3257,ìcì™é¿,1,48,39,6,1,0.10229166666666667,39,0,0,0,0,0,4,2,2,0,0.12408653846153846
3257,ìcì™é¿,2,33,8,10,2,0.12363636363636364,1,2,5,0,0,0,0,0,0,17,0.12408653846153846
3257,ìcì™é¿,3,38,7,6,4,0.125,1,1,5,0,0,0,0,0,0,0,0.12408653846153846
3257,ìcì™é¿,4,31,9,5,5,0.12774193548387097,0,3,5,1,0,0,0,0,0,0,0.12408653846153846
3257,ìcì™é¿,5,29,7,4,2,0.1406896551724138,0,1,5,0,1,0,0,0,0,0,0.12408653846153846
3257,ìcì™é¿,6,29,9,5,2,0.13896551724137932,0,2,7,0,0,0,0,0,0,0,0.12408653846153846
3261,ëÂêÏñŒé¿,1,18,5,3,2,0.19722222222222224,4,0,0,0,1,0,7,2,3,0,0.19392857142857142
3261,ëÂêÏñŒé¿,2,16,0,2,0,0.20375000000000001,0,0,0,0,0,0,0,0,0,8,0.19392857142857142
3261,ëÂêÏñŒé¿,3,19,0,1,2,0.19105263157894736,0,0,0,0,0,0,0,0,0,0,0.19392857142857142
3261,ëÂêÏñŒé¿,4,22,0,1,3,0.1781818181818182,0,0,0,0,0,0,0,0,0,0,0.19392857142857142
3261,ëÂêÏñŒé¿,5,16,0,2,3,0.168125,0,0,0,0,0,0,0,0,0,0,0.19392857142857142
3261,ëÂêÏñŒé¿,6,21,0,0,0,0.22238095238095237,0,0,0,0,0,0,0,0,0,0,0.19392857142857142
3265,ç°ë∫í®çF,1,48,23,11,5,0.16375,22,0,0,0,1,0,7,9,8,0,0.1548290598290598
3265,ç°ë∫í®çF,2,42,6,17,7,0.1707142857142857,2,2,2,0,0,0,0,0,0,19,0.1548290598290598
3265,ç°ë∫í®çF,3,40,10,8,9,0.15025,4,4,1,0,1,0,0,0,0,0,0.1548290598290598
3265,ç°ë∫í®çF,4,33,7,12,6,0.15181818181818182,0,5,2,0,0,0,0,0,0,0,0.1548290598290598
3265,ç°ë∫í®çF,5,38,8,13,4,0.13842105263157894,2,3,2,0,1,0,0,0,0,0,0.1548290598290598
3265,ç°ë∫í®çF,6,33,4,10,4,0.14909090909090908,1,2,1,0,0,0,0,0,0,0,0.1548290598290598
3268,êXó≥ñÁ,1,41,20,9,6,0.13926829268292684,19,0,0,0,0,1,5,4,6,0,0.1676326530612245
3268,êXó≥ñÁ,2,51,8,16,8,0.16647058823529412,0,2,4,0,2,0,0,0,0,26,0.1676326530612245
3268,êXó≥ñÁ,3,44,7,7,16,0.1740909090909091,0,0,6,1,0,0,0,0,0,0,0.1676326530612245
3268,êXó≥ñÁ,4,36,2,5,4,0.19111111111111112,0,0,0,0,2,0,0,0,0,0,0.1676326530612245
3268,êXó≥ñÁ,5,34,3,6,9,0.17029411764705882,0,0,1,1,1,0,0,0,0,0,0.1676326530612245
3268,êXó≥ñÁ,6,39,3,3,8,0.1676923076923077,1,0,2,0,0,0,0,0,0,0,0.1676326530612245
3273,êŒìcçã,1,40,14,7,6,0.16725,14,0,0,0,0,0,8,11,5,0,0.1645967741935484
3273,êŒìcçã,2,42,3,9,9,0.1630952380952381,0,2,1,0,0,0,0,0,0,32,0.1645967741935484
3273,êŒìcçã,3,42,4,8,11,0.14761904761904762,0,0,1,2,1,0,0,0,0,0,0.1645967741935484
3273,êŒìcçã,4,47,4,3,8,0.1895744680851064,0,0,2,2,0,0,0,0,0,0,0.1645967741935484
3273,êŒìcçã,5,38,0,8,4,0.14921052631578946,0,0,0,0,0,0,0,0,0,0,0.1645967741935484
3273,êŒìcçã,6,39,3,2,9,0.16666666666666666,0,0,1,1,1,0,0,0,0,0,0.1645967741935484
3277,‚Vì°óE,1,38,14,12,2,0.17868421052631578,13,0,0,0,1,0,8,6,8,0,0.17591549295774647
3277,‚Vì°óE,2,37,0,11,4,0.16837837837837838,0,0,0,0,0,0,0,0,0,25,0.17591549295774647
3277,‚Vì°óE,3,36,2,7,4,0.17,0,0,2,0,0,0,0,0,0,0,0.17591549295774647
3277,‚Vì°óE,4,35,1,2,10,0.19028571428571428,0,0,1,0,0,0,0,0,0,0,0.17591549295774647
3277,‚Vì°óE,5,35,2,4,6,0.16028571428571428,0,1,0,1,0,0,0,0,0,0,0.17591549295774647
3277,‚Vì°óE,6,32,0,1,7,0.18937500000000002,0,0,0,0,0,0,0,0,0,0,0.17591549295774647
3280,ä_ì‡ê¥î¸,1,22,5,7,3,0.1709090909090909,5,0,0,0,0,0,9,5,2,0,0.19756578947368422
3280,ä_ì‡ê¥î¸,2,27,3,5,4,0.18222222222222223,0,1,2,0,0,0,0,0,0,16,0.19756578947368422
3280,ä_ì‡ê¥î¸,3,28,0,6,5,0.19285714285714287,0,0,0,0,0,0,0,0,0,0,0.19756578947368422
3280,ä_ì‡ê¥î¸,4,27,0,3,3,0.1962962962962963,0,0,0,0,0,0,0,0,0,0,0.19756578947368422
3280,ä_ì‡ê¥î¸,5,29,0,3,8,0.1893103448275862,0,0,0,0,0,0,0,0,0,0,0.19756578947368422
3280,ä_ì‡ê¥î¸,6,19,0,0,1,0.2715789473684211,0,0,0,0,0,0,0,0,0,0,0.19756578947368422
3282,írñ{ãPñæ,1,36,24,7,3,0.16444444444444445,23,0,0,0,1,0,4,5,2,0,0.1952542372881356
3282,írñ{ãPñæ,2,42,4,13,9,0.20380952380952383,1,3,0,0,0,0,0,0,0,24,0.1952542372881356
3282,írñ{ãPñæ,3,45,4,11,13,0.19933333333333333,0,0,1,3,0,0,0,0,0,0,0.1952542372881356
3282,írñ{ãPñæ,4,36,0,10,10,0.18305555555555555,0,0,0,0,0,0,0,0,0,0,0.1952542372881356
3282,írñ{ãPñæ,5,42,2,2,4,0.20976190476190476,0,0,0,2,0,0,0,0,0,0,0.1952542372881356
3282,írñ{ãPñæ,6,35,0,3,7,0.20657142857142857,0,0,0,0,0,0,0,0,0,0,0.1952542372881356
3283,åEìcçDçO,1,25,10,4,2,0.1744,10,0,0,0,0,0,9,3,2,0,0.18005586592178768
3283,åEìcçDçO,2,34,1,8,4,0.17941176470588238,0,1,0,0,0,0,0,0,0,19,0.18005586592178768
3283,åEìcçDçO,3,37,4,6,4,0.1810810810810811,0,0,3,1,0,0,0,0,0,0,0.18005586592178768
3283,åEìcçDçO,4,33,2,5,2,0.17848484848484847,0,0,1,1,0,0,0,0,0,0,0.18005586592178768
3283,åEìcçDçO,5,25,2,2,2,0.1616,0,0,2,0,0,0,0,0,0,0,0.18005586592178768
3283,åEìcçDçO,6,25,0,0,2,0.20559999999999998,0,0,0,0,0,0,0,0,0,0,0.18005586592178768
3284,ìnÁ≤êLëæòY,1,51,36,7,2,0.1419607843137255,34,0,0,0,2,0,5,7,2,0,0.17834710743801654
3284,ìnÁ≤êLëæòY,2,43,5,9,12,0.18255813953488373,0,2,1,0,2,0,0,0,0,19,0.17834710743801654
3284,ìnÁ≤êLëæòY,3,37,7,7,8,0.1881081081081081,0,2,0,5,0,0,0,0,0,0,0.17834710743801654
3284,ìnÁ≤êLëæòY,4,36,5,3,8,0.17305555555555557,0,0,3,2,0,0,0,0,0,0,0.17834710743801654
3284,ìnÁ≤êLëæòY,5,40,0,11,12,0.192,0,0,0,0,0,0,0,0,0,0,0.17834710743801654
3284,ìnÁ≤êLëæòY,6,35,2,6,12,0.2057142857142857,0,0,0,0,1,1,0,0,0,0,0.17834710743801654
3286,ç‚ìåñû,1,29,13,6,4,0.13344827586206898,12,0,0,0,1,0,6,3,7,0,0.15443820224719101
3286,ç‚ìåñû,2,33,2,10,5,0.15272727272727274,0,2,0,0,0,0,0,0,0,18,0.15443820224719101
3286,ç‚ìåñû,3,34,4,8,7,0.13411764705882354,0,1,0,1,2,0,0,0,0,0,0.15443820224719101
3286,ç‚ìåñû,4,24,2,2,6,0.15,0,0,1,0,1,0,0,0,0,0,0.15443820224719101
3286,ç‚ìåñû,5,29,1,1,5,0.17793103448275863,0,0,0,1,0,0,0,0,0,0,0.15443820224719101
3286,ç‚ìåñû,6,29,0,0,3,0.18137931034482757,0,0,0,0,0,0,0,0,0,0,0.15443820224719101
3289,çÇã¥è~î¸,1,34,10,4,5,0.1973529411764706,10,0,0,0,0,0,12,6,4,0,0.1931308411214953
3289,çÇã¥è~î¸,2,41,3,8,6,0.1853658536585366,0,1,2,0,0,0,0,0,0,24,0.1931308411214953
3289,çÇã¥è~î¸,3,38,4,12,6,0.19210526315789472,0,1,2,0,1,0,0,0,0,0,0.1931308411214953
3289,çÇã¥è~î¸,4,34,5,4,9,0.1623529411764706,0,3,2,0,0,0,0,0,0,0,0.1931308411214953
3289,çÇã¥è~î¸,5,32,2,3,6,0.1890625,0,0,2,0,0,0,0,0,0,0,0.1931308411214953
3289,çÇã¥è~î¸,6,35,0,1,4,0.23285714285714287,0,0,0,0,0,0,0,0,0,0,0.1931308411214953
3290,ëqíJòaêM,1,29,17,4,2,0.1724137931034483,17,0,0,0,0,0,1,3,8,0,0.17686274509803923
3290,ëqíJòaêM,2,29,2,10,3,0.1717241379310345,0,2,0,0,0,0,0,0,0,21,0.17686274509803923
3290,ëqíJòaêM,3,25,2,7,6,0.17600000000000002,0,1,0,0,1,0,0,0,0,0,0.17686274509803923
3290,ëqíJòaêM,4,22,1,4,5,0.17500000000000002,0,1,0,0,0,0,0,0,0,0,0.17686274509803923
3290,ëqíJòaêM,5,23,1,4,1,0.16347826086956524,0,1,0,0,0,0,0,0,0,0,0.17686274509803923
3290,ëqíJòaêM,6,25,2,2,5,0.2028,0,0,1,0,1,0,0,0,0,0,0.17686274509803923
3293,ã{ì‡óRãIâp,1,38,10,10,4,0.16342105263157894,9,0,0,0,1,0,12,7,6,0,0.18246636771300448
3293,ã{ì‡óRãIâp,2,39,1,7,7,0.1894871794871795,0,0,0,0,1,0,0,0,0,25,0.18246636771300448
3293,ã{ì‡óRãIâp,3,44,3,6,10,0.17886363636363636,0,1,2,0,0,0,0,0,0,0,0.18246636771300448
3293,ã{ì‡óRãIâp,4,34,0,5,8,0.1711764705882353,0,0,0,0,0,0,0,0,0,0,0.18246636771300448
3293,ã{ì‡óRãIâp,5,39,0,2,12,0.20974358974358973,0,0,0,0,0,0,0,0,0,0,0.18246636771300448
3293,ã{ì‡óRãIâp,6,29,0,1,4,0.18,0,0,0,0,0,0,0,0,0,0,0.18246636771300448
3294,ñÏíÜã`ê∂,1,35,12,9,3,0.15257142857142858,11,0,0,0,1,0,4,6,9,0,0.14954773869346735
3294,ñÏíÜã`ê∂,2,29,4,5,7,0.17034482758620692,0,2,2,0,0,0,0,0,0,10,0.14954773869346735
3294,ñÏíÜã`ê∂,3,36,2,5,3,0.15416666666666667,0,0,0,1,1,0,0,0,0,0,0.14954773869346735
3294,ñÏíÜã`ê∂,4,32,1,4,6,0.1334375,0,0,0,1,0,0,0,0,0,0,0.14954773869346735
3294,ñÏíÜã`ê∂,5,35,1,4,2,0.1382857142857143,0,0,0,1,0,0,0,0,0,0,0.14954773869346735
3294,ñÏíÜã`ê∂,6,32,2,3,6,0.150625,0,2,0,0,0,0,0,0,0,0,0.14954773869346735
3295,‡_ë∫ñFçG,1,30,9,8,6,0.15200000000000002,8,0,0,0,0,1,8,5,6,0,0.16080246913580248
3295,‡_ë∫ñFçG,2,25,1,7,4,0.1516,0,0,1,0,0,0,0,0,0,15,0.16080246913580248
3295,‡_ë∫ñFçG,3,33,2,8,7,0.1693939393939394,0,2,0,0,0,0,0,0,0,0,0.16080246913580248
3295,‡_ë∫ñFçG,4,24,1,4,4,0.15375,0,0,0,1,0,0,0,0,0,0,0.16080246913580248
3295,‡_ë∫ñFçG,5,30,1,4,6,0.1756666666666667,0,0,0,1,0,0,0,0,0,0,0.16080246913580248
3295,‡_ë∫ñFçG,6,20,0,4,3,0.1575,0,0,0,0,0,0,0,0,0,0,0.16080246913580248
3297,ì°ä€åıàÍ,1,53,32,7,7,0.1620754716981132,28,0,0,0,4,0,5,9,5,0,0.17919847328244276
3297,ì°ä€åıàÍ,2,51,5,7,16,0.19529411764705884,0,3,2,0,0,0,0,0,0,30,0.17919847328244276
3297,ì°ä€åıàÍ,3,42,3,7,12,0.1769047619047619,0,0,1,2,0,0,0,0,0,0,0.17919847328244276
3297,ì°ä€åıàÍ,4,41,7,6,8,0.18658536585365854,0,2,4,0,1,0,0,0,0,0,0.17919847328244276
3297,ì°ä€åıàÍ,5,40,3,9,9,0.1655,0,0,2,1,0,0,0,0,0,0,0.17919847328244276
3297,ì°ä€åıàÍ,6,35,4,7,3,0.19142857142857142,0,0,0,4,0,0,0,0,0,0,0.17919847328244276
3300,êÏçËíqçK,1,55,34,12,2,0.1650909090909091,33,1,0,0,0,0,6,7,5,0,0.171501976284585
3300,êÏçËíqçK,2,43,8,12,11,0.16488372093023254,0,6,1,0,0,1,0,0,0,26,0.171501976284585
3300,êÏçËíqçK,3,41,6,8,11,0.17731707317073173,0,0,0,5,1,0,0,0,0,0,0.171501976284585
3300,êÏçËíqçK,4,36,2,12,6,0.15055555555555555,0,1,0,1,0,0,0,0,0,0,0.171501976284585
3300,êÏçËíqçK,5,39,0,6,10,0.18102564102564103,0,0,0,0,0,0,0,0,0,0,0.171501976284585
3300,êÏçËíqçK,6,39,1,2,6,0.19153846153846152,0,0,0,0,1,0,0,0,0,0,0.171501976284585
3302,íJêÏó¢ç],1,39,28,5,2,0.15487179487179487,28,0,0,0,0,0,1,5,5,0,0.1737735849056604
3302,íJêÏó¢ç],2,37,7,13,1,0.16594594594594597,0,2,5,0,0,0,0,0,0,18,0.1737735849056604
3302,íJêÏó¢ç],3,37,6,9,6,0.16675675675675675,1,1,3,1,0,0,0,0,0,0,0.1737735849056604
3302,íJêÏó¢ç],4,37,7,4,8,0.17945945945945949,0,0,5,2,0,0,0,0,0,0,0.1737735849056604
3302,íJêÏó¢ç],5,30,3,6,4,0.19133333333333333,0,0,1,2,0,0,0,0,0,0,0.1737735849056604
3302,íJêÏó¢ç],6,32,4,3,3,0.1909375,0,0,3,1,0,0,0,0,0,0,0.1737735849056604
3303,ìnï”ñL,1,51,25,15,6,0.18352941176470586,23,0,0,0,2,0,5,8,10,0,0.17958490566037738
3303,ìnï”ñL,2,45,10,8,9,0.17244444444444443,0,8,1,0,1,0,0,0,0,19,0.17958490566037738
3303,ìnï”ñL,3,51,9,10,9,0.18058823529411766,0,1,3,4,1,0,0,0,0,0,0.17958490566037738
3303,ìnï”ñL,4,42,2,7,16,0.17095238095238097,0,1,1,0,0,0,0,0,0,0,0.17958490566037738
3303,ìnï”ñL,5,33,1,7,11,0.19272727272727275,0,0,0,0,1,0,0,0,0,0,0.17958490566037738
3303,ìnï”ñL,6,43,0,6,7,0.17953488372093024,0,0,0,0,0,0,0,0,0,0,0.17958490566037738
3304,âGñÏå´ëæ,1,58,37,10,5,0.16706896551724137,37,0,0,0,0,0,7,7,7,0,0.1715862068965517
3304,âGñÏå´ëæ,2,49,9,16,11,0.1640816326530612,0,6,1,0,2,0,0,0,0,23,0.1715862068965517
3304,âGñÏå´ëæ,3,48,8,10,7,0.16958333333333334,0,3,2,3,0,0,0,0,0,0,0.1715862068965517
3304,âGñÏå´ëæ,4,43,4,13,8,0.1713953488372093,0,1,0,1,2,0,0,0,0,0,0.1715862068965517
3304,âGñÏå´ëæ,5,51,2,7,8,0.1674509803921569,0,0,0,2,0,0,0,0,0,0,0.1715862068965517
3304,âGñÏå´ëæ,6,41,1,5,6,0.19463414634146342,0,1,0,0,0,0,0,0,0,0,0.1715862068965517
3305,è¨ñÏêMé˜,1,25,8,5,5,0.1772,8,0,0,0,0,0,6,3,7,0,0.17010752688172043
3305,è¨ñÏêMé˜,2,38,5,8,8,0.17868421052631578,0,4,1,0,0,0,0,0,0,25,0.17010752688172043
3305,è¨ñÏêMé˜,3,34,3,6,6,0.19470588235294117,0,0,2,1,0,0,0,0,0,0,0.17010752688172043
3305,è¨ñÏêMé˜,4,30,2,6,4,0.16066666666666668,0,0,1,1,0,0,0,0,0,0,0.17010752688172043
3305,è¨ñÏêMé˜,5,33,0,3,6,0.13787878787878788,0,0,0,0,0,0,0,0,0,0,0.17010752688172043
3305,è¨ñÏêMé˜,6,26,0,2,2,0.17038461538461538,0,0,0,0,0,0,0,0,0,0,0.17010752688172043
3306,ïêìcê≥ãI,1,28,7,5,3,0.14785714285714288,7,0,0,0,0,0,7,9,5,0,0.16158823529411767
3306,ïêìcê≥ãI,2,30,1,1,11,0.16666666666666666,0,0,1,0,0,0,0,0,0,15,0.16158823529411767
3306,ïêìcê≥ãI,3,31,5,7,1,0.16903225806451613,0,1,1,2,1,0,0,0,0,0,0.16158823529411767
3306,ïêìcê≥ãI,4,27,0,5,3,0.1559259259259259,0,0,0,0,0,0,0,0,0,0,0.16158823529411767
3306,ïêìcê≥ãI,5,27,1,2,5,0.1511111111111111,0,0,1,0,0,0,0,0,0,0,0.16158823529411767
3306,ïêìcê≥ãI,6,27,0,1,5,0.17777777777777778,0,0,0,0,0,0,0,0,0,0,0.16158823529411767
3307,è„ëÎòaë•,1,33,20,5,3,0.15242424242424243,20,0,0,0,0,0,4,2,6,0,0.15646706586826348
3307,è„ëÎòaë•,2,30,5,10,3,0.14133333333333334,0,4,1,0,0,0,0,0,0,16,0.15646706586826348
3307,è„ëÎòaë•,3,30,3,10,5,0.15433333333333332,1,0,1,0,1,0,0,0,0,0,0.15646706586826348
3307,è„ëÎòaë•,4,27,6,4,6,0.15925925925925924,0,0,5,1,0,0,0,0,0,0,0.15646706586826348
3307,è„ëÎòaë•,5,24,5,3,3,0.17208333333333334,0,1,3,1,0,0,0,0,0,0,0.15646706586826348
3307,è„ëÎòaë•,6,23,6,5,1,0.16521739130434782,0,3,2,1,0,0,0,0,0,0,0.15646706586826348
3310,ã‡‡VàÍóm,1,21,1,3,5,0.19571428571428573,1,0,0,0,0,0,4,9,4,0,0.20734848484848487
3310,ã‡‡VàÍóm,2,28,0,2,12,0.1875,0,0,0,0,0,0,0,0,0,20,0.20734848484848487
3310,ã‡‡VàÍóm,3,24,0,0,5,0.24083333333333334,0,0,0,0,0,0,0,0,0,0,0.20734848484848487
3310,ã‡‡VàÍóm,4,22,0,1,1,0.20272727272727273,0,0,0,0,0,0,0,0,0,0,0.20734848484848487
3310,ã‡‡VàÍóm,5,20,0,1,3,0.20600000000000002,0,0,0,0,0,0,0,0,0,0,0.20734848484848487
3310,ã‡‡VàÍóm,6,17,0,0,1,0.21470588235294116,0,0,0,0,0,0,0,0,0,0,0.20734848484848487
3313,ñ{ãgê≥é˜,1,33,14,5,7,0.16393939393939394,13,0,0,0,1,0,7,5,2,0,0.1730232558139535
3313,ñ{ãgê≥é˜,2,43,6,10,9,0.18558139534883722,0,4,2,0,0,0,0,0,0,28,0.1730232558139535
3313,ñ{ãgê≥é˜,3,37,1,6,7,0.15945945945945947,0,0,0,1,0,0,0,0,0,0,0.1730232558139535
3313,ñ{ãgê≥é˜,4,36,2,0,10,0.17,0,1,1,0,0,0,0,0,0,0,0.1730232558139535
3313,ñ{ãgê≥é˜,5,38,0,4,8,0.17263157894736844,0,0,0,0,0,0,0,0,0,0,0.1730232558139535
3313,ñ{ãgê≥é˜,6,28,0,1,7,0.18678571428571428,0,0,0,0,0,0,0,0,0,0,0.1730232558139535
3315,çLê£êπêm,1,26,14,4,1,0.15923076923076923,14,0,0,0,0,0,1,8,1,0,0.1950887573964497
3315,çLê£êπêm,2,28,1,2,9,0.17607142857142857,0,1,0,0,0,0,0,0,0,17,0.1950887573964497
3315,çLê£êπêm,3,29,4,6,6,0.17862068965517242,0,2,2,0,0,0,0,0,0,0,0.1950887573964497
3315,çLê£êπêm,4,24,2,4,3,0.21791666666666668,0,1,0,1,0,0,0,0,0,0,0.1950887573964497
3315,çLê£êπêm,5,28,2,3,4,0.20500000000000002,0,1,0,1,0,0,0,0,0,0,0.1950887573964497
3315,çLê£êπêm,6,34,0,2,6,0.22794117647058823,0,0,0,0,0,0,0,0,0,0,0.1950887573964497
3319,éRçËã`ñæ,1,49,31,11,3,0.14408163265306123,31,0,0,0,0,0,4,10,4,0,0.14606271777003485
3319,éRçËã`ñæ,2,61,14,19,14,0.1480327868852459,0,9,5,0,0,0,0,0,0,31,0.14606271777003485
3319,éRçËã`ñæ,3,43,5,12,12,0.14465116279069767,0,1,1,3,0,0,0,0,0,0,0.14606271777003485
3319,éRçËã`ñæ,4,48,7,8,12,0.1325,0,1,3,3,0,0,0,0,0,0,0.14606271777003485
3319,éRçËã`ñæ,5,47,1,5,15,0.14212765957446807,0,0,0,1,0,0,0,0,0,0,0.14606271777003485
3319,éRçËã`ñæ,6,39,0,6,15,0.16846153846153847,0,0,0,0,0,0,0,0,0,0,0.14606271777003485
3327,ñÏí∑ê£ê≥çF,1,39,19,12,4,0.15794871794871795,17,0,0,0,2,0,4,6,6,0,0.17872727272727273
3327,ñÏí∑ê£ê≥çF,2,40,7,9,10,0.18575,0,5,2,0,0,0,0,0,0,25,0.17872727272727273
3327,ñÏí∑ê£ê≥çF,3,38,2,6,8,0.1792105263157895,0,2,0,0,0,0,0,0,0,0,0.17872727272727273
3327,ñÏí∑ê£ê≥çF,4,40,2,3,13,0.16825,1,1,0,0,0,0,0,0,0,0,0.17872727272727273
3327,ñÏí∑ê£ê≥çF,5,33,2,5,8,0.18454545454545454,0,1,1,0,0,0,0,0,0,0,0.17872727272727273
3327,ñÏí∑ê£ê≥çF,6,30,2,1,7,0.2033333333333333,0,1,1,0,0,0,0,0,0,0,0.17872727272727273
3331,êVî¸åbàÍ,1,48,26,8,7,0.14625000000000002,25,1,0,0,0,0,5,6,10,0,0.15204255319148938
3331,êVî¸åbàÍ,2,37,9,10,9,0.13513513513513514,0,6,2,0,0,1,0,0,0,17,0.15204255319148938
3331,êVî¸åbàÍ,3,42,6,11,14,0.13999999999999999,0,0,1,4,1,0,0,0,0,0,0.15204255319148938
3331,êVî¸åbàÍ,4,40,7,7,10,0.1595,0,1,4,1,1,0,0,0,0,0,0.15204255319148938
3331,êVî¸åbàÍ,5,36,1,6,12,0.1597222222222222,0,0,0,1,0,0,0,0,0,0,0.15204255319148938
3331,êVî¸åbàÍ,6,32,3,5,3,0.178125,0,0,2,0,0,1,0,0,0,0,0.15204255319148938
3333,ä€îˆã`çF,1,66,41,12,7,0.14303030303030304,39,0,0,0,2,0,7,6,9,0,0.1562207357859532
3333,ä€îˆã`çF,2,50,6,16,9,0.14800000000000002,0,6,0,0,0,0,0,0,0,33,0.1562207357859532
3333,ä€îˆã`çF,3,49,5,17,7,0.1389795918367347,0,2,2,1,0,0,0,0,0,0,0.1562207357859532
3333,ä€îˆã`çF,4,49,6,11,14,0.16387755102040816,0,1,3,2,0,0,0,0,0,0,0.1562207357859532
3333,ä€îˆã`çF,5,45,4,10,12,0.17355555555555557,0,1,1,2,0,0,0,0,0,0,0.1562207357859532
3333,ä€îˆã`çF,6,40,0,7,13,0.1805,0,0,0,0,0,0,0,0,0,0,0.1562207357859532
3334,äpÇ–Ç∆Ç›,1,48,24,8,4,0.208125,23,0,0,0,0,1,5,8,6,0,0.19532188841201717
3334,äpÇ–Ç∆Ç›,2,45,5,14,8,0.20022222222222222,0,1,1,0,3,0,0,0,0,23,0.19532188841201717
3334,äpÇ–Ç∆Ç›,3,42,1,15,10,0.19,0,1,0,0,0,0,0,0,0,0,0.19532188841201717
3334,äpÇ–Ç∆Ç›,4,34,1,7,7,0.18382352941176472,0,0,1,0,0,0,0,0,0,0,0.19532188841201717
3334,äpÇ–Ç∆Ç›,5,29,1,3,9,0.18586206896551724,0,0,1,0,0,0,0,0,0,0,0.19532188841201717
3334,äpÇ–Ç∆Ç›,6,35,0,3,10,0.19685714285714284,0,0,0,0,0,0,0,0,0,0,0.19532188841201717
3338,èoñ{ê≥îé,1,21,4,2,4,0.1842857142857143,3,0,0,0,1,0,3,7,4,0,0.17627737226277373
3338,èoñ{ê≥îé,2,27,5,3,4,0.18925925925925927,0,3,0,0,1,1,0,0,0,14,0.17627737226277373
3338,èoñ{ê≥îé,3,26,0,6,3,0.17153846153846153,0,0,0,0,0,0,0,0,0,0,0.17627737226277373
3338,èoñ{ê≥îé,4,21,0,1,3,0.1919047619047619,0,0,0,0,0,0,0,0,0,0,0.17627737226277373
3338,èoñ{ê≥îé,5,21,1,0,1,0.17047619047619048,0,1,0,0,0,0,0,0,0,0,0.17627737226277373
3338,èoñ{ê≥îé,6,21,0,4,0,0.14761904761904762,0,0,0,0,0,0,0,0,0,0,0.17627737226277373
3339,êÚãÔñ§,1,21,7,4,3,0.14666666666666667,7,0,0,0,0,0,3,5,1,0,0.1848965517241379
3339,êÚãÔñ§,2,28,2,2,4,0.18857142857142858,0,2,0,0,0,0,0,0,0,15,0.1848965517241379
3339,êÚãÔñ§,3,25,1,3,4,0.18719999999999998,0,0,0,1,0,0,0,0,0,0,0.1848965517241379
3339,êÚãÔñ§,4,24,1,1,2,0.19583333333333333,0,1,0,0,0,0,0,0,0,0,0.1848965517241379
3339,êÚãÔñ§,5,23,1,2,3,0.1873913043478261,0,0,0,1,0,0,0,0,0,0,0.1848965517241379
3339,êÚãÔñ§,6,24,0,3,2,0.19833333333333333,0,0,0,0,0,0,0,0,0,0,0.1848965517241379
3340,írìcóãëæ,1,39,6,11,7,0.19384615384615386,4,0,0,0,2,0,12,10,8,0,0.1917699115044248
3340,írìcóãëæ,2,43,3,6,11,0.19046511627906976,0,2,1,0,0,0,0,0,0,22,0.1917699115044248
3340,írìcóãëæ,3,38,4,3,11,0.1805263157894737,0,1,0,2,1,0,0,0,0,0,0.1917699115044248
3340,írìcóãëæ,4,35,0,2,5,0.174,0,0,0,0,0,0,0,0,0,0,0.1917699115044248
3340,írìcóãëæ,5,39,1,4,4,0.19666666666666666,0,0,1,0,0,0,0,0,0,0,0.1917699115044248
3340,írìcóãëæ,6,32,0,1,1,0.21781250000000002,0,0,0,0,0,0,0,0,0,0,0.1917699115044248
3346,ã{ñ{óTîV,1,28,15,3,2,0.1357142857142857,15,0,0,0,0,0,3,6,3,0,0.15818627450980394
3346,ã{ñ{óTîV,2,34,1,9,6,0.165,0,1,0,0,0,0,0,0,0,18,0.15818627450980394
3346,ã{ñ{óTîV,3,43,3,11,9,0.14,0,0,2,1,0,0,0,0,0,0,0.15818627450980394
3346,ã{ñ{óTîV,4,34,4,2,4,0.16411764705882353,0,1,2,1,0,0,0,0,0,0,0.15818627450980394
3346,ã{ñ{óTîV,5,31,0,2,2,0.1470967741935484,0,0,0,0,0,0,0,0,0,0,0.15818627450980394
3346,ã{ñ{óTîV,6,34,0,1,6,0.19705882352941176,0,0,0,0,0,0,0,0,0,0,0.15818627450980394
3347,ñÓå„çÑ,1,45,26,6,5,0.17577777777777778,22,0,0,0,4,0,7,2,4,0,0.1740329218106996
3347,ñÓå„çÑ,2,41,4,11,13,0.16195121951219513,0,4,0,0,0,0,0,0,0,21,0.1740329218106996
3347,ñÓå„çÑ,3,48,4,12,13,0.16125,0,0,0,3,1,0,0,0,0,0,0.1740329218106996
3347,ñÓå„çÑ,4,36,1,3,5,0.17555555555555558,0,0,1,0,0,0,0,0,0,0,0.1740329218106996
3347,ñÓå„çÑ,5,38,3,5,13,0.18342105263157893,0,1,0,2,0,0,0,0,0,0,0.1740329218106996
3347,ñÓå„çÑ,6,35,1,3,8,0.19171428571428573,0,0,0,1,0,0,0,0,0,0,0.1740329218106996
3349,ãgìcàÍòY,1,53,36,10,1,0.13924528301886793,34,0,1,0,1,0,5,5,5,0,0.140982905982906
3349,ãgìcàÍòY,2,35,10,9,5,0.15942857142857142,3,4,3,0,0,0,0,0,0,14,0.140982905982906
3349,ãgìcàÍòY,3,41,8,16,8,0.12292682926829268,0,3,1,3,1,0,0,0,0,0,0.140982905982906
3349,ãgìcàÍòY,4,37,4,7,6,0.12945945945945947,0,1,1,0,2,0,0,0,0,0,0.140982905982906
3349,ãgìcàÍòY,5,30,3,8,2,0.14400000000000002,0,2,0,0,1,0,0,0,0,0,0.140982905982906
3349,ãgìcàÍòY,6,38,4,3,14,0.15473684210526314,0,1,1,2,0,0,0,0,0,0,0.140982905982906
3350,ì°ñ{â¿éj,1,49,29,13,3,0.12918367346938775,26,0,0,0,3,0,10,4,4,0,0.1485546875
3350,ì°ñ{â¿éj,2,42,5,15,8,0.1530952380952381,0,4,1,0,0,0,0,0,0,22,0.1485546875
3350,ì°ñ{â¿éj,3,46,5,11,13,0.14326086956521739,0,1,0,3,0,1,0,0,0,0,0.1485546875
3350,ì°ñ{â¿éj,4,41,3,9,12,0.13658536585365852,0,0,2,1,0,0,0,0,0,0,0.1485546875
3350,ì°ñ{â¿éj,5,36,0,7,6,0.15388888888888888,0,0,0,0,0,0,0,0,0,0,0.1485546875
3350,ì°ñ{â¿éj,6,42,0,2,10,0.17952380952380953,0,0,0,0,0,0,0,0,0,0,0.1485546875
3352,è¨êÏçWéi,2,1,0,0,0,0.21,0,0,0,0,0,0,0,0,0,0,0.1445
3352,è¨êÏçWéi,3,3,0,0,0,0.13999999999999999,0,0,0,0,0,0,0,0,0,0,0.1445
3352,è¨êÏçWéi,4,15,0,1,5,0.12266666666666667,0,0,0,0,0,0,0,0,0,0,0.1445
3352,è¨êÏçWéi,5,72,0,12,25,0.14666666666666667,0,0,0,0,0,0,0,0,0,0,0.1445
3352,è¨êÏçWéi,6,169,3,19,41,0.14520710059171596,0,2,1,0,0,0,0,0,0,0,0.1445
3353,ëOìcåıè∫,1,19,5,3,5,0.18210526315789474,5,0,0,0,0,0,4,8,2,0,0.17675438596491228
3353,ëOìcåıè∫,2,21,2,3,5,0.1895238095238095,0,1,0,1,0,0,0,0,0,14,0.17675438596491228
3353,ëOìcåıè∫,3,22,3,5,1,0.14227272727272727,0,1,1,1,0,0,0,0,0,0,0.17675438596491228
3353,ëOìcåıè∫,4,22,1,2,5,0.17772727272727273,0,0,1,0,0,0,0,0,0,0,0.17675438596491228
3353,ëOìcåıè∫,5,19,0,2,1,0.19789473684210526,0,0,0,0,0,0,0,0,0,0,0.17675438596491228
3353,ëOìcåıè∫,6,11,0,0,2,0.17363636363636364,0,0,0,0,0,0,0,0,0,0,0.17675438596491228
3355,ã¥íJìcâ¿êD,1,21,3,1,8,0.19428571428571428,3,0,0,0,0,0,2,12,1,0,0.2439285714285714
3355,ã¥íJìcâ¿êD,2,33,0,6,8,0.2515151515151515,0,0,0,0,0,0,0,0,0,22,0.2439285714285714
3355,ã¥íJìcâ¿êD,3,25,0,2,7,0.24359999999999998,0,0,0,0,0,0,0,0,0,0,0.2439285714285714
3355,ã¥íJìcâ¿êD,4,20,0,2,2,0.2435,0,0,0,0,0,0,0,0,0,0,0.2439285714285714
3355,ã¥íJìcâ¿êD,5,25,0,2,5,0.25920000000000004,0,0,0,0,0,0,0,0,0,0,0.2439285714285714
3355,ã¥íJìcâ¿êD,6,16,0,1,5,0.270625,0,0,0,0,0,0,0,0,0,0,0.2439285714285714
3357,ïüìáózéq,1,33,13,9,5,0.20575757575757575,12,0,0,0,1,0,7,7,5,0,0.1978743961352657
3357,ïüìáózéq,2,40,3,10,7,0.19125,0,2,1,0,0,0,0,0,0,26,0.1978743961352657
3357,ïüìáózéq,3,37,1,5,13,0.1927027027027027,0,0,1,0,0,0,0,0,0,0,0.1978743961352657
3357,ïüìáózéq,4,32,1,2,7,0.1896875,0,0,0,1,0,0,0,0,0,0,0.1978743961352657
3357,ïüìáózéq,5,36,1,1,4,0.19333333333333333,0,0,0,0,1,0,0,0,0,0,0.1978743961352657
3357,ïüìáózéq,6,29,0,1,7,0.2193103448275862,0,0,0,0,0,0,0,0,0,0,0.1978743961352657
3361,â™ïîç_,1,31,11,7,8,0.14903225806451614,9,0,0,0,2,0,9,6,3,0,0.18141414141414142
3361,â™ïîç_,2,34,7,8,1,0.17411764705882352,0,7,0,0,0,0,0,0,0,13,0.18141414141414142
3361,â™ïîç_,3,36,0,2,12,0.18388888888888888,0,0,0,0,0,0,0,0,0,0,0.18141414141414142
3361,â™ïîç_,4,37,2,3,10,0.18837837837837837,0,1,1,0,0,0,0,0,0,0,0.18141414141414142
3361,â™ïîç_,5,30,2,2,1,0.195,0,0,1,1,0,0,0,0,0,0,0.18141414141414142
3361,â™ïîç_,6,30,1,2,4,0.198,0,0,0,1,0,0,0,0,0,0,0.18141414141414142
3362,ä‘ìàêméu,1,46,22,13,7,0.17043478260869566,22,0,0,0,0,0,5,10,9,0,0.18585774058577406
3362,ä‘ìàêméu,2,40,1,15,7,0.1895,0,1,0,0,0,0,0,0,0,23,0.18585774058577406
3362,ä‘ìàêméu,3,41,5,12,7,0.1702439024390244,0,1,4,0,0,0,0,0,0,0,0.18585774058577406
3362,ä‘ìàêméu,4,43,3,8,11,0.19999999999999998,0,2,1,0,0,0,0,0,0,0,0.18585774058577406
3362,ä‘ìàêméu,5,37,7,6,8,0.19594594594594594,0,4,2,0,1,0,0,0,0,0,0.18585774058577406
3362,ä‘ìàêméu,6,32,5,11,3,0.1928125,0,3,1,0,1,0,0,0,0,0,0.18585774058577406
3370,íÿì‡é¿,1,28,6,8,4,0.18035714285714285,6,0,0,0,0,0,6,8,1,0,0.17821621621621622
3370,íÿì‡é¿,2,35,2,6,8,0.1862857142857143,0,1,1,0,0,0,0,0,0,23,0.17821621621621622
3370,íÿì‡é¿,3,36,0,5,5,0.18444444444444444,0,0,0,0,0,0,0,0,0,0,0.17821621621621622
3370,íÿì‡é¿,4,29,1,3,5,0.15517241379310345,0,0,0,1,0,0,0,0,0,0,0.17821621621621622
3370,íÿì‡é¿,5,30,0,1,5,0.17600000000000002,0,0,0,0,0,0,0,0,0,0,0.17821621621621622
3370,íÿì‡é¿,6,27,0,1,2,0.18444444444444447,0,0,0,0,0,0,0,0,0,0,0.17821621621621622
3372,â¡ì°âÎîV,1,22,3,10,1,0.1918181818181818,3,0,0,0,0,0,7,3,7,0,0.20447761194029854
3372,â¡ì°âÎîV,2,22,0,4,2,0.225,0,0,0,0,0,0,0,0,0,9,0.20447761194029854
3372,â¡ì°âÎîV,3,25,1,1,2,0.2048,0,0,0,1,0,0,0,0,0,0,0.20447761194029854
3372,â¡ì°âÎîV,4,20,1,1,1,0.192,0,0,1,0,0,0,0,0,0,0,0.20447761194029854
3372,â¡ì°âÎîV,5,23,1,4,3,0.19608695652173913,0,0,0,1,0,0,0,0,0,0,0.20447761194029854
3372,â¡ì°âÎîV,6,22,0,1,3,0.21636363636363634,0,0,0,0,0,0,0,0,0,0,0.20447761194029854
3377,íÀìcèCìÒ,1,24,3,6,2,0.2020833333333333,3,0,0,0,0,0,8,8,2,0,0.17904458598726114
3377,íÀìcèCìÒ,2,30,2,5,7,0.19066666666666665,0,2,0,0,0,0,0,0,0,14,0.17904458598726114
3377,íÀìcèCìÒ,3,31,1,4,3,0.16,0,0,0,1,0,0,0,0,0,0,0.17904458598726114
3377,íÀìcèCìÒ,4,24,0,4,6,0.16625,0,0,0,0,0,0,0,0,0,0,0.17904458598726114
3377,íÀìcèCìÒ,5,25,2,2,7,0.1824,0,1,0,1,0,0,0,0,0,0,0.17904458598726114
3377,íÀìcèCìÒ,6,23,0,1,1,0.17521739130434782,0,0,0,0,0,0,0,0,0,0,0.17904458598726114
3381,ëÍëÚñFçs,1,33,10,9,5,0.15333333333333335,10,0,0,0,0,0,8,6,4,0,0.15081218274111677
3381,ëÍëÚñFçs,2,36,1,3,12,0.14,0,0,0,0,1,0,0,0,0,24,0.15081218274111677
3381,ëÍëÚñFçs,3,37,2,6,8,0.15486486486486487,0,0,1,1,0,0,0,0,0,0,0.15081218274111677
3381,ëÍëÚñFçs,4,34,5,5,7,0.13558823529411765,0,0,4,1,0,0,0,0,0,0,0.15081218274111677
3381,ëÍëÚñFçs,5,29,4,2,6,0.14379310344827587,0,0,3,1,0,0,0,0,0,0,0.15081218274111677
3381,ëÍëÚñFçs,6,28,3,1,5,0.18214285714285713,0,0,2,1,0,0,0,0,0,0,0.15081218274111677
3382,ä‚íJê^,1,11,1,1,3,0.1690909090909091,1,0,0,0,0,0,3,3,3,0,0.19333333333333333
3382,ä‚íJê^,2,11,0,0,1,0.18999999999999997,0,0,0,0,0,0,0,0,0,4,0.19333333333333333
3382,ä‚íJê^,3,11,1,2,0,0.18999999999999997,0,1,0,0,0,0,0,0,0,0,0.19333333333333333
3382,ä‚íJê^,4,9,1,2,2,0.1811111111111111,0,0,1,0,0,0,0,0,0,0,0.19333333333333333
3382,ä‚íJê^,5,10,0,0,1,0.193,0,0,0,0,0,0,0,0,0,0,0.19333333333333333
3382,ä‚íJê^,6,11,0,0,3,0.23454545454545456,0,0,0,0,0,0,0,0,0,0,0.19333333333333333
3385,ìnÁ≥ñrçL,1,31,14,7,2,0.1474193548387097,12,0,0,0,2,0,4,7,5,0,0.16524064171122996
3385,ìnÁ≥ñrçL,2,36,3,15,7,0.17944444444444443,0,2,1,0,0,0,0,0,0,16,0.16524064171122996
3385,ìnÁ≥ñrçL,3,31,4,8,6,0.16225806451612904,0,0,0,4,0,0,0,0,0,0,0.16524064171122996
3385,ìnÁ≥ñrçL,4,34,9,3,7,0.16264705882352942,0,2,5,2,0,0,0,0,0,0,0.16524064171122996
3385,ìnÁ≥ñrçL,5,29,6,2,7,0.15586206896551727,0,0,3,3,0,0,0,0,0,0,0.16524064171122996
3385,ìnÁ≥ñrçL,6,26,2,1,4,0.18423076923076923,0,1,0,0,1,0,0,0,0,0,0.16524064171122996
3388,ç°ä_åıëæòY,1,51,35,7,4,0.16333333333333333,34,0,0,0,1,0,5,4,3,0,0.17649532710280375
3388,ç°ä_åıëæòY,2,40,9,11,10,0.17925,0,7,0,1,1,0,0,0,0,24,0.17649532710280375
3388,ç°ä_åıëæòY,3,29,10,6,5,0.18793103448275864,0,1,7,2,0,0,0,0,0,0,0.17649532710280375
3388,ç°ä_åıëæòY,4,34,10,8,6,0.15941176470588236,0,1,6,2,1,0,0,0,0,0,0.17649532710280375
3388,ç°ä_åıëæòY,5,29,6,7,8,0.18275862068965518,0,1,2,3,0,0,0,0,0,0,0.17649532710280375
3388,ç°ä_åıëæòY,6,31,5,6,9,0.19677419354838707,0,0,2,0,3,0,0,0,0,0,0.17649532710280375
3392,è¨êXêMóY,1,37,10,11,6,0.18027027027027026,9,0,0,0,1,0,13,9,4,0,0.1910945273631841
3392,è¨êXêMóY,2,30,3,9,4,0.2033333333333333,0,3,0,0,0,0,0,0,0,18,0.1910945273631841
3392,è¨êXêMóY,3,30,0,3,6,0.19766666666666666,0,0,0,0,0,0,0,0,0,0,0.1910945273631841
3392,è¨êXêMóY,4,36,0,7,8,0.18333333333333332,0,0,0,0,0,0,0,0,0,0,0.1910945273631841
3392,è¨êXêMóY,5,35,1,4,2,0.1897142857142857,0,1,0,0,0,0,0,0,0,0,0.1910945273631841
3392,è¨êXêMóY,6,33,1,1,3,0.19606060606060605,0,1,0,0,0,0,0,0,0,0,0.1910945273631841
3400,îÛç]à‰úƒóS,1,1,0,0,0,0.36,0,0,0,0,0,0,0,1,0,0,0.1688888888888889
3400,îÛç]à‰úƒóS,3,1,0,0,0,0.16,0,0,0,0,0,0,0,0,0,0,0.1688888888888889
3400,îÛç]à‰úƒóS,4,3,0,0,2,0.19666666666666666,0,0,0,0,0,0,0,0,0,0,0.1688888888888889
3400,îÛç]à‰úƒóS,5,3,0,0,1,0.10999999999999999,0,0,0,0,0,0,0,0,0,0,0.1688888888888889
3400,îÛç]à‰úƒóS,6,1,0,0,0,0.08,0,0,0,0,0,0,0,0,0,0,0.1688888888888889
3401,è„ìcó≤èÕ,1,44,23,5,8,0.16863636363636364,20,0,0,0,3,0,4,10,4,0,0.18244444444444444
3401,è„ìcó≤èÕ,2,46,5,12,14,0.1656521739130435,0,3,1,0,1,0,0,0,0,30,0.18244444444444444
3401,è„ìcó≤èÕ,3,48,7,13,14,0.17916666666666667,0,1,4,2,0,0,0,0,0,0,0.18244444444444444
3401,è„ìcó≤èÕ,4,51,3,16,11,0.19098039215686274,0,0,1,2,0,0,0,0,0,0,0.18244444444444444
3401,è„ìcó≤èÕ,5,37,0,4,10,0.19135135135135134,0,0,0,0,0,0,0,0,0,0,0.18244444444444444
3401,è„ìcó≤èÕ,6,44,1,6,8,0.2,0,0,0,1,0,0,0,0,0,0,0.18244444444444444
3406,íÜó¢âpïv,1,42,22,10,3,0.14309523809523808,21,0,0,0,1,0,8,4,7,0,0.16864628820960698
3406,íÜó¢âpïv,2,44,5,13,10,0.1690909090909091,0,4,1,0,0,0,0,0,0,22,0.16864628820960698
3406,íÜó¢âpïv,3,31,2,10,8,0.16580645161290322,0,0,1,1,0,0,0,0,0,0,0.16864628820960698
3406,íÜó¢âpïv,4,37,3,6,10,0.1781081081081081,0,0,1,1,1,0,0,0,0,0,0.16864628820960698
3406,íÜó¢âpïv,5,42,0,5,12,0.16666666666666666,0,0,0,0,0,0,0,0,0,0,0.16864628820960698
3406,íÜó¢âpïv,6,33,0,2,7,0.19515151515151516,0,0,0,0,0,0,0,0,0,0,0.16864628820960698
3411,írè„ó≤çs,1,27,9,6,4,0.16481481481481483,9,0,0,0,0,0,9,2,5,0,0.1778
3411,írè„ó≤çs,2,37,3,6,7,0.18567567567567567,0,0,2,0,1,0,0,0,0,21,0.1778
3411,írè„ó≤çs,3,38,0,2,13,0.19052631578947368,0,0,0,0,0,0,0,0,0,0,0.1778
3411,írè„ó≤çs,4,37,1,0,8,0.14891891891891892,0,0,1,0,0,0,0,0,0,0,0.1778
3411,írè„ó≤çs,5,29,0,1,5,0.19413793103448276,0,0,0,0,0,0,0,0,0,0,0.1778
3411,írè„ó≤çs,6,32,1,0,4,0.183125,0,0,1,0,0,0,0,0,0,0,0.1778
3412,óÈñÿîé,1,45,27,5,4,0.15733333333333333,26,0,0,0,1,0,3,10,3,0,0.16924302788844622
3412,óÈñÿîé,2,42,8,15,4,0.1811904761904762,0,5,2,0,1,0,0,0,0,21,0.16924302788844622
3412,óÈñÿîé,3,43,6,13,10,0.18976744186046512,0,0,2,4,0,0,0,0,0,0,0.16924302788844622
3412,óÈñÿîé,4,47,8,10,14,0.16276595744680852,0,2,1,3,2,0,0,0,0,0,0.16924302788844622
3412,óÈñÿîé,5,36,8,6,9,0.1638888888888889,0,1,1,6,0,0,0,0,0,0,0.16924302788844622
3412,óÈñÿîé,6,38,1,7,8,0.16,0,0,0,1,0,0,0,0,0,0,0.16924302788844622
3414,â¡ê£íqçG,1,49,26,14,5,0.11204081632653062,26,0,0,0,0,0,7,4,9,0,0.1509375
3414,â¡ê£íqçG,2,39,4,13,7,0.16487179487179487,0,4,0,0,0,0,0,0,0,22,0.1509375
3414,â¡ê£íqçG,3,50,4,8,13,0.15780000000000002,0,1,2,1,0,0,0,0,0,0,0.1509375
3414,â¡ê£íqçG,4,39,2,13,6,0.1582051282051282,0,2,0,0,0,0,0,0,0,0,0.1509375
3414,â¡ê£íqçG,5,41,1,4,10,0.14878048780487804,0,0,0,1,0,0,0,0,0,0,0.1509375
3414,â¡ê£íqçG,6,38,0,4,8,0.17263157894736844,0,0,0,0,0,0,0,0,0,0,0.1509375
3415,èºà‰î…,1,61,45,8,5,0.16,43,0,0,0,2,0,3,4,5,0,0.1669918699186992
3415,èºà‰î…,2,42,10,14,6,0.1554761904761905,0,6,3,0,1,0,0,0,0,29,0.1669918699186992
3415,èºà‰î…,3,39,8,10,18,0.1646153846153846,0,0,3,3,2,0,0,0,0,0,0.1669918699186992
3415,èºà‰î…,4,36,1,4,16,0.16666666666666666,0,0,1,0,0,0,0,0,0,0,0.1669918699186992
3415,èºà‰î…,5,33,5,6,6,0.17575757575757575,0,0,2,3,0,0,0,0,0,0,0.1669918699186992
3415,èºà‰î…,6,35,4,7,10,0.18771428571428572,0,1,2,0,0,1,0,0,0,0,0.1669918699186992
3419,åIå¥å™é°,1,29,7,7,5,0.17551724137931035,6,0,0,0,1,0,5,7,6,0,0.214375
3419,åIå¥å™é°,2,32,3,5,11,0.2034375,0,1,2,0,0,0,0,0,0,18,0.214375
3419,åIå¥å™é°,3,35,1,2,5,0.20685714285714285,0,0,1,0,0,0,0,0,0,0,0.214375
3419,åIå¥å™é°,4,40,4,1,12,0.22349999999999998,0,1,1,2,0,0,0,0,0,0,0.214375
3419,åIå¥å™é°,5,32,0,1,6,0.2278125,0,0,0,0,0,0,0,0,0,0,0.214375
3419,åIå¥å™é°,6,40,0,1,3,0.238,0,0,0,0,0,0,0,0,0,0,0.214375
3422,ïûïîçKíj,1,56,39,10,4,0.15321428571428572,35,0,0,0,4,0,9,2,5,0,0.15516363636363636
3422,ïûïîçKíj,2,46,4,18,10,0.15304347826086956,0,1,2,0,1,0,0,0,0,25,0.15516363636363636
3422,ïûïîçKíj,3,51,10,15,10,0.14862745098039215,0,2,5,2,1,0,0,0,0,0,0.15516363636363636
3422,ïûïîçKíj,4,43,12,10,11,0.1472093023255814,0,2,7,2,1,0,0,0,0,0,0.15516363636363636
3422,ïûïîçKíj,5,43,3,9,10,0.16116279069767442,0,0,1,2,0,0,0,0,0,0,0.15516363636363636
3422,ïûïîçKíj,6,36,7,5,6,0.1725,0,1,2,2,2,0,0,0,0,0,0.15516363636363636
3424,èºâYìw,1,1,0,0,0,0.2,0,0,0,0,0,0,0,0,1,0,0.198
3424,èºâYìw,2,3,0,0,0,0.22666666666666668,0,0,0,0,0,0,0,0,0,1,0.198
3424,èºâYìw,3,1,0,0,0,0.15,0,0,0,0,0,0,0,0,0,0,0.198
3424,èºâYìw,4,2,0,0,1,0.2,0,0,0,0,0,0,0,0,0,0,0.198
3424,èºâYìw,5,3,0,0,0,0.18333333333333335,0,0,0,0,0,0,0,0,0,0,0.198
3427,ëÂâÍçLçK,1,49,33,7,1,0.1742857142857143,31,0,0,0,2,0,3,6,7,0,0.16514644351464436
3427,ëÂâÍçLçK,2,40,9,12,5,0.15725,1,6,2,0,0,0,0,0,0,25,0.16514644351464436
3427,ëÂâÍçLçK,3,46,6,8,21,0.16130434782608696,0,0,5,1,0,0,0,0,0,0,0.16514644351464436
3427,ëÂâÍçLçK,4,37,2,12,10,0.17432432432432432,0,0,0,2,0,0,0,0,0,0,0.16514644351464436
3427,ëÂâÍçLçK,5,30,2,6,6,0.15266666666666667,0,0,0,2,0,0,0,0,0,0,0.16514644351464436
3427,ëÂâÍçLçK,6,37,0,5,12,0.1672972972972973,0,0,0,0,0,0,0,0,0,0,0.16514644351464436
3430,äpïlèC,1,53,30,11,5,0.1318867924528302,30,0,0,0,0,0,3,7,10,0,0.1658098591549296
3430,äpïlèC,2,42,6,7,5,0.1626190476190476,0,3,2,0,1,0,0,0,0,19,0.1658098591549296
3430,äpïlèC,3,46,6,8,5,0.17152173913043478,0,1,3,1,1,0,0,0,0,0,0.1658098591549296
3430,äpïlèC,4,57,8,9,11,0.15999999999999998,0,1,5,2,0,0,0,0,0,0,0.1658098591549296
3430,äpïlèC,5,39,1,3,7,0.18743589743589745,0,0,0,1,0,0,0,0,0,0,0.1658098591549296
3430,äpïlèC,6,47,0,4,6,0.19042553191489361,0,0,0,0,0,0,0,0,0,0,0.1658098591549296
3432,ã{îóí®ïF,1,43,21,10,2,0.1588372093023256,20,0,0,0,1,0,8,8,2,0,0.18140077821011671
3432,ã{îóí®ïF,2,46,7,13,7,0.17,0,5,2,0,0,0,0,0,0,27,0.18140077821011671
3432,ã{îóí®ïF,3,49,4,10,6,0.16918367346938779,0,0,1,1,2,0,0,0,0,0,0.18140077821011671
3432,ã{îóí®ïF,4,37,0,6,10,0.16405405405405407,0,0,0,0,0,0,0,0,0,0,0.18140077821011671
3432,ã{îóí®ïF,5,46,0,1,5,0.20021739130434785,0,0,0,0,0,0,0,0,0,0,0.18140077821011671
3432,ã{îóí®ïF,6,36,0,0,3,0.23333333333333334,0,0,0,0,0,0,0,0,0,0,0.18140077821011671
3434,èºîˆêÈñM,1,35,13,10,3,0.19971428571428573,13,0,0,0,0,0,8,5,5,0,0.19252475247524753
3434,èºîˆêÈñM,2,32,2,5,4,0.1940625,1,0,1,0,0,0,0,0,0,16,0.19252475247524753
3434,èºîˆêÈñM,3,33,2,5,5,0.18272727272727274,0,1,1,0,0,0,0,0,0,0,0.19252475247524753
3434,èºîˆêÈñM,4,33,0,7,6,0.1912121212121212,0,0,0,0,0,0,0,0,0,0,0.19252475247524753
3434,èºîˆêÈñM,5,34,0,3,6,0.19058823529411767,0,0,0,0,0,0,0,0,0,0,0.19252475247524753
3434,èºîˆêÈñM,6,35,1,2,5,0.19628571428571429,0,0,0,1,0,0,0,0,0,0,0.19252475247524753
3435,éõìcêÁåb,1,70,45,15,6,0.15557142857142858,41,0,0,0,4,0,8,8,8,0,0.1516785714285714
3435,éõìcêÁåb,2,49,18,14,7,0.14795918367346939,0,10,6,0,2,0,0,0,0,22,0.1516785714285714
3435,éõìcêÁåb,3,42,9,10,6,0.15833333333333335,0,2,4,1,2,0,0,0,0,0,0.1516785714285714
3435,éõìcêÁåb,4,44,8,12,15,0.14772727272727273,0,0,4,2,2,0,0,0,0,0,0.1516785714285714
3435,éõìcêÁåb,5,35,4,11,9,0.13714285714285715,0,0,2,1,0,1,0,0,0,0,0.1516785714285714
3435,éõìcêÁåb,6,40,0,13,10,0.1595,0,0,0,0,0,0,0,0,0,0,0.1516785714285714
3436,îêñÏçKìÒ,1,48,27,12,4,0.139375,27,0,0,0,0,0,7,8,5,0,0.1340239043824701
3436,îêñÏçKìÒ,2,45,9,15,8,0.11888888888888888,0,5,2,1,1,0,0,0,0,28,0.1340239043824701
3436,îêñÏçKìÒ,3,41,6,12,11,0.12292682926829268,0,0,1,4,1,0,0,0,0,0,0.1340239043824701
3436,îêñÏçKìÒ,4,39,7,7,8,0.13102564102564104,0,2,3,1,1,0,0,0,0,0,0.1340239043824701
3436,îêñÏçKìÒ,5,36,4,7,7,0.13416666666666666,0,1,1,2,0,0,0,0,0,0,0.1340239043824701
3436,îêñÏçKìÒ,6,42,7,2,8,0.15761904761904763,0,2,1,4,0,0,0,0,0,0,0.1340239043824701
3439,ëÂïΩó_éjñæ,1,49,31,10,4,0.1540816326530612,27,0,0,0,4,0,5,9,2,0,0.15466165413533836
3439,ëÂïΩó_éjñæ,2,49,12,17,5,0.1416326530612245,0,7,4,0,0,1,0,0,0,21,0.15466165413533836
3439,ëÂïΩó_éjñæ,3,49,8,10,8,0.15163265306122448,0,1,4,3,0,0,0,0,0,0,0.15466165413533836
3439,ëÂïΩó_éjñæ,4,42,4,14,4,0.15714285714285717,0,1,1,2,0,0,0,0,0,0,0.15466165413533836
3439,ëÂïΩó_éjñæ,5,38,6,8,9,0.15236842105263157,0,1,0,4,1,0,0,0,0,0,0.15466165413533836
3439,ëÂïΩó_éjñæ,6,39,0,4,4,0.17512820512820512,0,0,0,0,0,0,0,0,0,0,0.15466165413533836
3441,ìyâÆëæòN,1,44,15,14,2,0.15000000000000002,15,0,0,0,0,0,7,11,8,0,0.1673061224489796
3441,ìyâÆëæòN,2,39,5,12,8,0.17307692307692307,0,4,1,0,0,0,0,0,0,24,0.1673061224489796
3441,ìyâÆëæòN,3,42,4,9,13,0.1538095238095238,0,0,3,1,0,0,0,0,0,0,0.1673061224489796
3441,ìyâÆëæòN,4,40,5,5,14,0.16525,0,2,2,0,0,1,0,0,0,0,0.1673061224489796
3441,ìyâÆëæòN,5,41,1,5,11,0.18170731707317073,0,0,1,0,0,0,0,0,0,0,0.1673061224489796
3441,ìyâÆëæòN,6,39,3,6,3,0.18256410256410258,0,1,2,0,0,0,0,0,0,0,0.1673061224489796
3442,ã{ïêâpéi,1,40,18,9,7,0.155,17,0,0,0,1,0,5,7,5,0,0.1701754385964912
3442,ã{ïêâpéi,2,38,3,14,7,0.16210526315789475,0,2,1,0,0,0,0,0,0,23,0.1701754385964912
3442,ã{ïêâpéi,3,42,2,9,15,0.15904761904761905,0,0,2,0,0,0,0,0,0,0,0.1701754385964912
3442,ã{ïêâpéi,4,34,1,5,8,0.1808823529411765,0,0,1,0,0,0,0,0,0,0,0.1701754385964912
3442,ã{ïêâpéi,5,37,0,4,12,0.1818918918918919,0,0,0,0,0,0,0,0,0,0,0.1701754385964912
3442,ã{ïêâpéi,6,37,0,3,9,0.18594594594594593,0,0,0,0,0,0,0,0,0,0,0.1701754385964912
3443,êXèHåı,1,42,22,8,6,0.1711904761904762,21,0,0,0,1,0,8,7,2,0,0.17344262295081966
3443,êXèHåı,2,41,3,13,7,0.15414634146341463,0,2,1,0,0,0,0,0,0,25,0.17344262295081966
3443,êXèHåı,3,47,7,10,4,0.17063829787234042,0,1,1,4,1,0,0,0,0,0,0.17344262295081966
3443,êXèHåı,4,41,6,8,9,0.18292682926829268,0,0,5,0,0,1,0,0,0,0,0.17344262295081966
3443,êXèHåı,5,37,2,4,9,0.18405405405405406,0,1,0,1,0,0,0,0,0,0,0.17344262295081966
3443,êXèHåı,6,36,0,6,11,0.18000000000000002,0,0,0,0,0,0,0,0,0,0,0.17344262295081966
3444,çÅåéëÂâÓ,1,27,7,4,2,0.18666666666666668,7,0,0,0,0,0,8,7,3,0,0.16673170731707318
3444,çÅåéëÂâÓ,2,39,4,7,6,0.17923076923076925,0,1,3,0,0,0,0,0,0,20,0.16673170731707318
3444,çÅåéëÂâÓ,3,43,2,5,4,0.1641860465116279,0,0,1,1,0,0,0,0,0,0,0.16673170731707318
3444,çÅåéëÂâÓ,4,33,5,1,4,0.1396969696969697,0,1,4,0,0,0,0,0,0,0,0.16673170731707318
3444,çÅåéëÂâÓ,5,30,1,2,0,0.17433333333333334,0,0,0,1,0,0,0,0,0,0,0.16673170731707318
3444,çÅåéëÂâÓ,6,33,0,1,0,0.1590909090909091,0,0,0,0,0,0,0,0,0,0,0.16673170731707318
3445,â¡ì°çÇéj,1,46,20,12,5,0.1382608695652174,19,0,0,0,1,0,11,7,6,0,0.17758620689655175
3445,â¡ì°çÇéj,2,41,3,15,6,0.19926829268292684,0,3,0,0,0,0,0,0,0,21,0.17758620689655175
3445,â¡ì°çÇéj,3,42,5,10,12,0.16976190476190475,0,0,2,0,2,1,0,0,0,0,0.17758620689655175
3445,â¡ì°çÇéj,4,36,4,11,7,0.175,0,0,3,1,0,0,0,0,0,0,0.17758620689655175
3445,â¡ì°çÇéj,5,32,2,2,10,0.20656249999999998,0,0,0,2,0,0,0,0,0,0,0.17758620689655175
3445,â¡ì°çÇéj,6,35,0,4,10,0.18942857142857142,0,0,0,0,0,0,0,0,0,0,0.17758620689655175
3448,çÇéRèGóY,1,38,11,8,2,0.1628947368421053,9,0,0,0,2,0,8,10,6,0,0.1796035242290749
3448,çÇéRèGóY,2,39,2,6,10,0.16846153846153847,0,1,0,0,1,0,0,0,0,25,0.1796035242290749
3448,çÇéRèGóY,3,40,0,8,10,0.182,0,0,0,0,0,0,0,0,0,0,0.1796035242290749
3448,çÇéRèGóY,4,39,0,4,11,0.20333333333333334,0,0,0,0,0,0,0,0,0,0,0.1796035242290749
3448,çÇéRèGóY,5,35,0,4,5,0.18485714285714286,0,0,0,0,0,0,0,0,0,0,0.1796035242290749
3448,çÇéRèGóY,6,36,1,3,3,0.17583333333333334,0,0,0,1,0,0,0,0,0,0,0.1796035242290749
3454,à‰êÏëÂçÏ,1,28,7,4,4,0.18785714285714286,7,0,0,0,0,0,9,5,5,0,0.17972067039106146
3454,à‰êÏëÂçÏ,2,31,1,6,8,0.1903225806451613,0,0,1,0,0,0,0,0,0,17,0.17972067039106146
3454,à‰êÏëÂçÏ,3,35,2,5,0,0.16971428571428573,0,0,2,0,0,0,0,0,0,0,0.17972067039106146
3454,à‰êÏëÂçÏ,4,24,1,4,8,0.1525,0,0,0,1,0,0,0,0,0,0,0.17972067039106146
3454,à‰êÏëÂçÏ,5,30,0,2,6,0.16699999999999998,0,0,0,0,0,0,0,0,0,0,0.17972067039106146
3454,à‰êÏëÂçÏ,6,31,0,0,5,0.2064516129032258,0,0,0,0,0,0,0,0,0,0,0.17972067039106146
3455,íJñ{çKéi,1,40,17,11,2,0.159,15,0,0,0,2,0,5,11,7,0,0.15846473029045643
3455,íJñ{çKéi,2,43,5,11,9,0.15186046511627907,0,4,0,1,0,0,0,0,0,27,0.15846473029045643
3455,íJñ{çKéi,3,44,3,13,10,0.16704545454545455,0,1,0,2,0,0,0,0,0,0,0.15846473029045643
3455,íJñ{çKéi,4,37,6,8,7,0.12783783783783784,0,0,4,2,0,0,0,0,0,0,0.15846473029045643
3455,íJñ{çKéi,5,43,2,10,9,0.16511627906976745,0,0,0,2,0,0,0,0,0,0,0.15846473029045643
3455,íJñ{çKéi,6,34,1,6,11,0.18,0,0,1,0,0,0,0,0,0,0,0.15846473029045643
3458,ìååíâÓ,1,26,9,5,4,0.16115384615384618,9,0,0,0,0,0,3,9,2,0,0.1619879518072289
3458,ìååíâÓ,2,32,5,9,6,0.1621875,0,5,0,0,0,0,0,0,0,18,0.1619879518072289
3458,ìååíâÓ,3,27,2,6,9,0.13185185185185186,0,1,1,0,0,0,0,0,0,0,0.1619879518072289
3458,ìååíâÓ,4,28,1,3,6,0.15892857142857145,0,1,0,0,0,0,0,0,0,0,0.1619879518072289
3458,ìååíâÓ,5,27,1,5,5,0.1637037037037037,0,0,0,1,0,0,0,0,0,0,0.1619879518072289
3458,ìååíâÓ,6,26,0,1,6,0.19538461538461538,0,0,0,0,0,0,0,0,0,0,0.1619879518072289
3459,íÜñÏòaóT,1,32,10,6,6,0.15031250000000002,9,0,0,0,1,0,7,6,4,0,0.1583613445378151
3459,íÜñÏòaóT,2,46,2,12,13,0.1791304347826087,0,1,1,0,0,0,0,0,0,29,0.1583613445378151
3459,íÜñÏòaóT,3,48,4,7,5,0.15708333333333332,0,0,3,1,0,0,0,0,0,0,0.1583613445378151
3459,íÜñÏòaóT,4,36,2,3,2,0.14805555555555555,0,1,1,0,0,0,0,0,0,0,0.1583613445378151
3459,íÜñÏòaóT,5,43,0,5,7,0.14697674418604653,0,0,0,0,0,0,0,0,0,0,0.1583613445378151
3459,íÜñÏòaóT,6,33,0,1,4,0.16515151515151516,0,0,0,0,0,0,0,0,0,0,0.1583613445378151
3461,ìnÁ≤ìNñÁ,1,28,8,8,4,0.14714285714285716,8,0,0,0,0,0,10,5,2,0,0.1700523560209424
3461,ìnÁ≤ìNñÁ,2,35,2,7,8,0.16485714285714284,1,1,0,0,0,0,0,0,0,21,0.1700523560209424
3461,ìnÁ≤ìNñÁ,3,33,1,4,6,0.1672727272727273,0,0,0,1,0,0,0,0,0,0,0.1700523560209424
3461,ìnÁ≤ìNñÁ,4,31,0,4,6,0.19064516129032258,0,0,0,0,0,0,0,0,0,0,0.1700523560209424
3461,ìnÁ≤ìNñÁ,5,31,1,2,5,0.16161290322580643,0,0,0,1,0,0,0,0,0,0,0.1700523560209424
3461,ìnÁ≤ìNñÁ,6,33,1,1,4,0.18636363636363637,0,0,0,0,0,1,0,0,0,0,0.1700523560209424
3462,í|è„ê^éi,1,33,18,5,6,0.16,14,0,0,0,3,1,3,10,0,0,0.1585786802030457
3462,í|è„ê^éi,2,30,4,8,3,0.14866666666666667,0,3,1,0,0,0,0,0,0,17,0.1585786802030457
3462,í|è„ê^éi,3,35,2,6,9,0.14942857142857144,0,0,0,2,0,0,0,0,0,0,0.1585786802030457
3462,í|è„ê^éi,4,34,1,6,9,0.16470588235294117,0,0,0,1,0,0,0,0,0,0,0.1585786802030457
3462,í|è„ê^éi,5,34,1,3,8,0.15705882352941175,0,0,0,1,0,0,0,0,0,0,0.1585786802030457
3462,í|è„ê^éi,6,31,0,0,4,0.17193548387096774,0,0,0,0,0,0,0,0,0,0,0.1585786802030457
3463,â≥í√çNéu,1,39,9,13,3,0.19256410256410256,9,0,0,0,0,0,9,8,8,0,0.18096153846153845
3463,â≥í√çNéu,2,38,3,11,7,0.17789473684210524,0,1,2,0,0,0,0,0,0,22,0.18096153846153845
3463,â≥í√çNéu,3,34,6,4,6,0.18323529411764708,0,0,3,1,2,0,0,0,0,0,0.18096153846153845
3463,â≥í√çNéu,4,31,5,4,8,0.16096774193548388,0,0,2,2,1,0,0,0,0,0,0.18096153846153845
3463,â≥í√çNéu,5,31,0,4,3,0.18258064516129033,0,0,0,0,0,0,0,0,0,0,0.18096153846153845
3463,â≥í√çNéu,6,35,0,2,6,0.18542857142857144,0,0,0,0,0,0,0,0,0,0,0.18096153846153845
3467,êXçOçs,1,44,14,9,10,0.20136363636363636,12,0,0,0,2,0,12,7,5,0,0.18152985074626865
3467,êXçOçs,2,52,3,15,8,0.17519230769230767,0,2,1,0,0,0,0,0,0,31,0.18152985074626865
3467,êXçOçs,3,43,1,11,5,0.17697674418604653,0,0,0,1,0,0,0,0,0,0,0.18152985074626865
3467,êXçOçs,4,45,1,5,7,0.1937777777777778,0,0,1,0,0,0,0,0,0,0,0.18152985074626865
3467,êXçOçs,5,48,3,4,8,0.18166666666666667,0,0,0,2,1,0,0,0,0,0,0.18152985074626865
3467,êXçOçs,6,36,0,2,4,0.15638888888888888,0,0,0,0,0,0,0,0,0,0,0.18152985074626865
3470,êVìcñFî¸,1,13,7,3,1,0.14307692307692307,7,0,0,0,0,0,3,3,0,0,0.1658904109589041
3470,êVìcñFî¸,2,13,4,3,3,0.17923076923076925,0,3,0,1,0,0,0,0,0,6,0.1658904109589041
3470,êVìcñFî¸,3,13,0,3,2,0.19769230769230772,0,0,0,0,0,0,0,0,0,0,0.1658904109589041
3470,êVìcñFî¸,4,13,1,2,1,0.1630769230769231,0,0,0,1,0,0,0,0,0,0,0.1658904109589041
3470,êVìcñFî¸,5,10,0,1,4,0.148,0,0,0,0,0,0,0,0,0,0,0.1658904109589041
3470,êVìcñFî¸,6,11,0,1,3,0.1590909090909091,0,0,0,0,0,0,0,0,0,0,0.1658904109589041
3471,ê‘ïÙòañÁ,1,25,9,5,1,0.1848,9,0,0,0,0,0,4,6,3,0,0.20472636815920398
3471,ê‘ïÙòañÁ,2,38,7,6,9,0.1892105263157895,1,6,0,0,0,0,0,0,0,19,0.20472636815920398
3471,ê‘ïÙòañÁ,3,36,0,7,7,0.22583333333333336,0,0,0,0,0,0,0,0,0,0,0.20472636815920398
3471,ê‘ïÙòañÁ,4,40,2,5,7,0.18675,0,0,2,0,0,0,0,0,0,0,0.20472636815920398
3471,ê‘ïÙòañÁ,5,37,0,1,2,0.21675675675675674,0,0,0,0,0,0,0,0,0,0,0.20472636815920398
3471,ê‘ïÙòañÁ,6,25,1,1,3,0.2288,0,1,0,0,0,0,0,0,0,0,0.20472636815920398
3473,êŒêÏê^ìÒ,1,76,41,15,5,0.12421052631578947,37,0,0,0,4,0,10,15,8,0,0.14458715596330277
3473,êŒêÏê^ìÒ,2,57,10,23,4,0.1349122807017544,5,3,1,1,0,0,0,0,0,35,0.14458715596330277
3473,êŒêÏê^ìÒ,3,56,15,9,7,0.15875,9,4,0,0,0,2,0,0,0,0,0.14458715596330277
3473,êŒêÏê^ìÒ,4,54,8,15,15,0.14777777777777779,4,2,1,0,0,1,0,0,0,0,0.14458715596330277
3473,êŒêÏê^ìÒ,5,43,11,9,8,0.16093023255813954,2,3,1,3,2,0,0,0,0,0,0.14458715596330277
3473,êŒêÏê^ìÒ,6,41,12,7,6,0.1551219512195122,0,7,1,2,2,0,0,0,0,0,0.14458715596330277
3474,èºê£çOî¸,1,27,5,11,5,0.1748148148148148,4,0,0,0,1,0,8,7,5,0,0.17976608187134505
3474,èºê£çOî¸,2,31,4,10,3,0.1570967741935484,0,2,0,0,1,1,0,0,0,20,0.17976608187134505
3474,èºê£çOî¸,3,32,3,6,10,0.204375,0,1,1,1,0,0,0,0,0,0,0.17976608187134505
3474,èºê£çOî¸,4,31,0,5,8,0.1635483870967742,0,0,0,0,0,0,0,0,0,0,0.17976608187134505
3474,èºê£çOî¸,5,27,0,3,5,0.20148148148148148,0,0,0,0,0,0,0,0,0,0,0.17976608187134505
3474,èºê£çOî¸,6,23,1,0,8,0.1782608695652174,0,0,0,1,0,0,0,0,0,0,0.17976608187134505
3475,ã¥ñ{ãvòa,1,47,23,10,6,0.16553191489361702,23,0,0,0,0,0,10,9,5,0,0.17458333333333334
3475,ã¥ñ{ãvòa,2,38,6,13,6,0.1889473684210526,0,1,4,0,1,0,0,0,0,17,0.17458333333333334
3475,ã¥ñ{ãvòa,3,42,6,10,6,0.17595238095238094,0,2,4,0,0,0,0,0,0,0,0.17458333333333334
3475,ã¥ñ{ãvòa,4,38,5,9,10,0.16736842105263158,0,1,4,0,0,0,0,0,0,0,0.17458333333333334
3475,ã¥ñ{ãvòa,5,38,3,7,8,0.15236842105263157,0,0,1,2,0,0,0,0,0,0,0.17458333333333334
3475,ã¥ñ{ãvòa,6,37,2,5,9,0.2,0,1,1,0,0,0,0,0,0,0,0.17458333333333334
3477,ãﬂì°ñ´ñÁ,1,32,5,9,7,0.161875,5,0,0,0,0,0,13,10,4,0,0.18424528301886794
3477,ãﬂì°ñ´ñÁ,2,44,3,9,7,0.17750000000000002,0,0,3,0,0,0,0,0,0,27,0.18424528301886794
3477,ãﬂì°ñ´ñÁ,3,35,3,8,8,0.2005714285714286,0,1,1,1,0,0,0,0,0,0,0.18424528301886794
3477,ãﬂì°ñ´ñÁ,4,32,0,1,12,0.1846875,0,0,0,0,0,0,0,0,0,0,0.18424528301886794
3477,ãﬂì°ñ´ñÁ,5,37,0,2,9,0.18972972972972973,0,0,0,0,0,0,0,0,0,0,0.18424528301886794
3477,ãﬂì°ñ´ñÁ,6,32,0,3,4,0.19125,0,0,0,0,0,0,0,0,0,0,0.18424528301886794
3478,ìàìcãMéx,1,18,8,3,3,0.15666666666666665,8,0,0,0,0,0,2,6,2,0,0.1762091503267974
3478,ìàìcãMéx,2,28,7,2,5,0.17071428571428574,0,6,0,0,1,0,0,0,0,14,0.1762091503267974
3478,ìàìcãMéx,3,34,1,5,5,0.16794117647058823,0,0,1,0,0,0,0,0,0,0,0.1762091503267974
3478,ìàìcãMéx,4,22,0,5,2,0.18272727272727274,0,0,0,0,0,0,0,0,0,0,0.1762091503267974
3478,ìàìcãMéx,5,24,2,1,1,0.17500000000000002,0,0,0,2,0,0,0,0,0,0,0.1762091503267974
3478,ìàìcãMéx,6,27,0,3,5,0.2011111111111111,0,0,0,0,0,0,0,0,0,0,0.1762091503267974
3482,ã‡éqñ“éu,1,39,19,5,5,0.1723076923076923,16,0,0,0,3,0,9,3,3,0,0.1684166666666667
3482,ã‡éqñ“éu,2,40,5,9,12,0.18425,0,1,3,1,0,0,0,0,0,18,0.1684166666666667
3482,ã‡éqñ“éu,3,47,7,9,13,0.1523404255319149,0,2,2,2,1,0,0,0,0,0,0.1684166666666667
3482,ã‡éqñ“éu,4,41,5,8,7,0.15487804878048783,0,0,2,3,0,0,0,0,0,0,0.1684166666666667
3482,ã‡éqñ“éu,5,37,0,2,5,0.16702702702702701,0,0,0,0,0,0,0,0,0,0,0.1684166666666667
3482,ã‡éqñ“éu,6,36,1,4,5,0.18444444444444444,0,0,0,1,0,0,0,0,0,0,0.1684166666666667
3484,é≈ìcç_é°,1,48,41,3,2,0.12770833333333334,39,0,0,0,2,0,2,1,4,0,0.15332103321033208
3484,é≈ìcç_é°,2,57,11,23,5,0.17105263157894737,0,8,3,0,0,0,0,0,0,28,0.15332103321033208
3484,é≈ìcç_é°,3,43,8,11,11,0.13604651162790696,0,3,2,2,1,0,0,0,0,0,0.15332103321033208
3484,é≈ìcç_é°,4,45,6,6,13,0.15755555555555556,0,2,2,2,0,0,0,0,0,0,0.15332103321033208
3484,é≈ìcç_é°,5,42,1,7,12,0.1473809523809524,0,0,0,1,0,0,0,0,0,0,0.15332103321033208
3484,é≈ìcç_é°,6,36,2,5,7,0.18166666666666667,0,0,0,1,1,0,0,0,0,0,0.15332103321033208
3485,í|ë∫èÀéi,1,2,0,2,0,0.21000000000000002,0,0,0,0,0,0,2,0,0,0,0.23500000000000001
3485,í|ë∫èÀéi,2,4,0,0,0,0.2,0,0,0,0,0,0,0,0,0,2,0.23500000000000001
3485,í|ë∫èÀéi,3,2,0,0,0,0.21500000000000002,0,0,0,0,0,0,0,0,0,0,0.23500000000000001
3485,í|ë∫èÀéi,4,3,0,0,0,0.23,0,0,0,0,0,0,0,0,0,0,0.23500000000000001
3485,í|ë∫èÀéi,5,4,0,0,0,0.20750000000000002,0,0,0,0,0,0,0,0,0,0,0.23500000000000001
3485,í|ë∫èÀéi,6,3,0,0,0,0.35333333333333333,0,0,0,0,0,0,0,0,0,0,0.23500000000000001
3488,ñˆìcâpñæ,1,31,11,6,8,0.14516129032258066,11,0,0,0,0,0,5,5,5,0,0.12584699453551912
3488,ñˆìcâpñæ,2,34,3,9,8,0.13294117647058826,0,0,2,0,1,0,0,0,0,13,0.12584699453551912
3488,ñˆìcâpñæ,3,32,6,8,6,0.10875,0,1,2,2,0,1,0,0,0,0,0.12584699453551912
3488,ñˆìcâpñæ,4,26,4,5,4,0.12076923076923077,0,1,2,1,0,0,0,0,0,0,0.12584699453551912
3488,ñˆìcâpñæ,5,31,0,6,4,0.11387096774193549,0,0,0,0,0,0,0,0,0,0,0.12584699453551912
3488,ñˆìcâpñæ,6,29,0,2,2,0.13310344827586207,0,0,0,0,0,0,0,0,0,0,0.12584699453551912
3489,ëÂèÍïq,1,56,30,13,4,0.16214285714285714,30,0,0,0,0,0,8,7,8,0,0.16775362318840578
3489,ëÂèÍïq,2,44,7,17,6,0.16204545454545455,1,5,1,0,0,0,0,0,0,27,0.16775362318840578
3489,ëÂèÍïq,3,46,4,7,14,0.14847826086956523,0,2,0,1,1,0,0,0,0,0,0.16775362318840578
3489,ëÂèÍïq,4,47,2,11,12,0.17382978723404255,0,1,1,0,0,0,0,0,0,0,0.16775362318840578
3489,ëÂèÍïq,5,44,4,7,9,0.16704545454545452,0,3,0,1,0,0,0,0,0,0,0.16775362318840578
3489,ëÂèÍïq,6,39,2,2,16,0.19846153846153847,0,1,0,1,0,0,0,0,0,0,0.16775362318840578
3491,ïxâiñŒ,1,27,8,5,3,0.19148148148148147,6,0,0,0,1,1,4,11,3,0,0.18514851485148515
3491,ïxâiñŒ,2,45,4,4,6,0.16155555555555556,0,3,1,0,0,0,0,0,0,23,0.18514851485148515
3491,ïxâiñŒ,3,35,0,2,9,0.168,0,0,0,0,0,0,0,0,0,0,0.18514851485148515
3491,ïxâiñŒ,4,34,0,4,6,0.1823529411764706,0,0,0,0,0,0,0,0,0,0,0.18514851485148515
3491,ïxâiñŒ,5,36,0,0,7,0.2088888888888889,0,0,0,0,0,0,0,0,0,0,0.18514851485148515
3491,ïxâiñŒ,6,25,0,1,4,0.2144,0,0,0,0,0,0,0,0,0,0,0.18514851485148515
3497,å„ì°ç_,1,33,22,4,3,0.15424242424242424,21,0,0,0,1,0,3,6,2,0,0.18507177033492822
3497,å„ì°ç_,2,39,2,6,16,0.1858974358974359,0,2,0,0,0,0,0,0,0,25,0.18507177033492822
3497,å„ì°ç_,3,35,3,5,8,0.1722857142857143,0,1,0,1,1,0,0,0,0,0,0.18507177033492822
3497,å„ì°ç_,4,30,2,4,9,0.193,0,0,1,1,0,0,0,0,0,0,0.18507177033492822
3497,å„ì°ç_,5,36,2,2,3,0.19333333333333333,0,0,0,2,0,0,0,0,0,0,0.18507177033492822
3497,å„ì°ç_,6,36,0,4,5,0.21000000000000002,0,0,0,0,0,0,0,0,0,0,0.18507177033492822
3498,îíêŒç_ìÒ,1,3,1,1,0,0.19333333333333336,1,0,0,0,0,0,1,0,0,0,0.20916666666666664
3498,îíêŒç_ìÒ,2,1,0,0,0,0.32,0,0,0,0,0,0,0,0,0,1,0.20916666666666664
3498,îíêŒç_ìÒ,3,2,0,0,0,0.175,0,0,0,0,0,0,0,0,0,0,0.20916666666666664
3498,îíêŒç_ìÒ,4,2,0,1,0,0.21,0,0,0,0,0,0,0,0,0,0,0.20916666666666664
3498,îíêŒç_ìÒ,5,1,0,0,1,0.12,0,0,0,0,0,0,0,0,0,0,0.20916666666666664
3498,îíêŒç_ìÒ,6,3,0,2,0,0.24,0,0,0,0,0,0,0,0,0,0,0.20916666666666664
3499,ésêÏìNñÁ,1,54,40,5,2,0.12277777777777778,38,0,0,0,2,0,5,4,3,0,0.1425514403292181
3499,ésêÏìNñÁ,2,37,6,10,5,0.14567567567567566,0,6,0,0,0,0,0,0,0,22,0.1425514403292181
3499,ésêÏìNñÁ,3,45,9,14,8,0.13244444444444445,0,0,5,2,2,0,0,0,0,0,0.1425514403292181
3499,ésêÏìNñÁ,4,37,3,13,5,0.13162162162162164,0,0,2,1,0,0,0,0,0,0,0.1425514403292181
3499,ésêÏìNñÁ,5,35,1,5,8,0.164,0,1,0,0,0,0,0,0,0,0,0.1425514403292181
3499,ésêÏìNñÁ,6,35,2,10,4,0.17285714285714285,0,0,0,2,0,0,0,0,0,0,0.1425514403292181
3501,êÏè„è∏ïΩ,1,37,21,10,3,0.14432432432432432,21,0,0,0,0,0,5,8,2,0,0.14802371541501977
3501,êÏè„è∏ïΩ,2,45,3,11,8,0.1602222222222222,0,2,0,0,1,0,0,0,0,27,0.14802371541501977
3501,êÏè„è∏ïΩ,3,45,3,3,11,0.1471111111111111,0,0,1,2,0,0,0,0,0,0,0.14802371541501977
3501,êÏè„è∏ïΩ,4,42,3,2,6,0.13690476190476192,0,1,2,0,0,0,0,0,0,0,0.14802371541501977
3501,êÏè„è∏ïΩ,5,45,2,7,7,0.14600000000000002,0,0,1,1,0,0,0,0,0,0,0.14802371541501977
3501,êÏè„è∏ïΩ,6,39,1,0,8,0.15282051282051282,0,0,0,1,0,0,0,0,0,0,0.14802371541501977
3502,ìnÁ≥âpéô,1,61,33,11,4,0.179672131147541,33,0,0,0,0,0,4,11,8,0,0.1761764705882353
3502,ìnÁ≥âpéô,2,52,11,16,6,0.1844230769230769,0,8,3,0,0,0,0,0,0,20,0.1761764705882353
3502,ìnÁ≥âpéô,3,50,10,10,10,0.187,0,1,6,1,2,0,0,0,0,0,0.1761764705882353
3502,ìnÁ≥âpéô,4,51,6,12,9,0.1641176470588235,0,1,2,2,0,1,0,0,0,0,0.1761764705882353
3502,ìnÁ≥âpéô,5,46,2,9,10,0.15304347826086956,0,0,0,1,1,0,0,0,0,0,0.1761764705882353
3502,ìnÁ≥âpéô,6,46,3,4,10,0.18695652173913044,0,1,1,1,0,0,0,0,0,0,0.1761764705882353
3503,ì∞å¥óméj,1,29,3,4,4,0.15896551724137933,2,0,0,0,0,1,11,5,6,0,0.1698048780487805
3503,ì∞å¥óméj,2,32,0,6,3,0.18812500000000001,0,0,0,0,0,0,0,0,0,15,0.1698048780487805
3503,ì∞å¥óméj,3,38,1,3,7,0.16657894736842105,0,0,0,0,0,1,0,0,0,0,0.1698048780487805
3503,ì∞å¥óméj,4,40,1,5,10,0.16025,0,0,1,0,0,0,0,0,0,0,0.1698048780487805
3503,ì∞å¥óméj,5,34,1,2,2,0.1738235294117647,0,0,0,1,0,0,0,0,0,0,0.1698048780487805
3503,ì∞å¥óméj,6,32,0,0,3,0.1728125,0,0,0,0,0,0,0,0,0,0,0.1698048780487805
3505,éRìcó≥àÍ,1,50,21,15,8,0.16219999999999998,20,0,0,0,1,0,7,7,13,0,0.15302919708029197
3505,éRìcó≥àÍ,2,44,10,11,10,0.14613636363636362,0,5,2,0,2,1,0,0,0,18,0.15302919708029197
3505,éRìcó≥àÍ,3,49,6,14,11,0.1346938775510204,0,3,2,1,0,0,0,0,0,0,0.15302919708029197
3505,éRìcó≥àÍ,4,51,8,14,9,0.15490196078431373,0,1,3,3,1,0,0,0,0,0,0.15302919708029197
3505,éRìcó≥àÍ,5,43,0,3,8,0.15465116279069768,0,0,0,0,0,0,0,0,0,0,0.15302919708029197
3505,éRìcó≥àÍ,6,37,1,2,11,0.16864864864864865,0,0,0,1,0,0,0,0,0,0,0.15302919708029197
3506,ã{êºê^è∫,1,19,3,2,3,0.23894736842105263,2,0,0,0,1,0,6,5,3,0,0.20992592592592593
3506,ã{êºê^è∫,2,25,1,3,4,0.19920000000000002,0,0,1,0,0,0,0,0,0,16,0.20992592592592593
3506,ã{êºê^è∫,3,26,3,2,7,0.19769230769230767,0,1,2,0,0,0,0,0,0,0,0.20992592592592593
3506,ã{êºê^è∫,4,19,0,3,5,0.19684210526315787,0,0,0,0,0,0,0,0,0,0,0.20992592592592593
3506,ã{êºê^è∫,5,22,0,1,4,0.22954545454545452,0,0,0,0,0,0,0,0,0,0,0.20992592592592593
3506,ã{êºê^è∫,6,24,0,1,3,0.20375000000000001,0,0,0,0,0,0,0,0,0,0,0.20992592592592593
3507,ì°à‰ìO,1,35,14,10,6,0.1514285714285714,14,0,0,0,0,0,12,3,6,0,0.18236607142857145
3507,ì°à‰ìO,2,41,2,8,13,0.16975609756097562,0,2,0,0,0,0,0,0,0,27,0.18236607142857145
3507,ì°à‰ìO,3,37,1,10,6,0.16756756756756758,0,1,0,0,0,0,0,0,0,0,0.18236607142857145
3507,ì°à‰ìO,4,38,0,5,12,0.19210526315789472,0,0,0,0,0,0,0,0,0,0,0.18236607142857145
3507,ì°à‰ìO,5,38,2,2,5,0.19710526315789476,0,0,0,1,1,0,0,0,0,0,0.18236607142857145
3507,ì°à‰ìO,6,35,0,3,4,0.21714285714285717,0,0,0,0,0,0,0,0,0,0,0.18236607142857145
3508,ãvïxê≠çO,1,37,12,13,3,0.18243243243243243,11,0,0,0,1,0,9,6,6,0,0.1883399209486166
3508,ãvïxê≠çO,2,50,3,11,10,0.1802,0,1,1,0,1,0,0,0,0,29,0.1883399209486166
3508,ãvïxê≠çO,3,40,4,8,11,0.146,0,0,4,0,0,0,0,0,0,0,0.1883399209486166
3508,ãvïxê≠çO,4,45,0,4,11,0.18866666666666668,0,0,0,0,0,0,0,0,0,0,0.1883399209486166
3508,ãvïxê≠çO,5,47,3,6,9,0.2076595744680851,0,0,1,2,0,0,0,0,0,0,0.1883399209486166
3508,ãvïxê≠çO,6,34,0,3,6,0.22941176470588234,0,0,0,0,0,0,0,0,0,0,0.1883399209486166
3509,ìπè„êÁâƒ,1,28,8,6,5,0.13535714285714287,8,0,0,0,0,0,9,4,5,0,0.13905555555555557
3509,ìπè„êÁâƒ,2,37,3,9,7,0.14702702702702702,0,2,1,0,0,0,0,0,0,19,0.13905555555555557
3509,ìπè„êÁâƒ,3,34,2,7,6,0.1376470588235294,0,0,2,0,0,0,0,0,0,0,0.13905555555555557
3509,ìπè„êÁâƒ,4,26,0,2,2,0.13923076923076924,0,0,0,0,0,0,0,0,0,0,0.13905555555555557
3509,ìπè„êÁâƒ,5,30,0,2,4,0.12533333333333335,0,0,0,0,0,0,0,0,0,0,0.13905555555555557
3509,ìπè„êÁâƒ,6,25,0,0,2,0.1496,0,0,0,0,0,0,0,0,0,0,0.13905555555555557
3514,éRàÍìSñÁ,1,54,44,4,3,0.12000000000000001,43,0,0,0,1,0,4,3,2,0,0.1483859649122807
3514,éRàÍìSñÁ,2,55,10,19,8,0.14,0,3,7,0,0,0,0,0,0,29,0.1483859649122807
3514,éRàÍìSñÁ,3,44,7,10,6,0.14886363636363636,0,0,6,1,0,0,0,0,0,0,0.1483859649122807
3514,éRàÍìSñÁ,4,49,7,7,12,0.1659183673469388,0,4,3,0,0,0,0,0,0,0,0.1483859649122807
3514,éRàÍìSñÁ,5,41,4,4,10,0.15609756097560976,0,1,2,1,0,0,0,0,0,0,0.1483859649122807
3514,éRàÍìSñÁ,6,42,3,2,6,0.16738095238095238,0,0,2,1,0,0,0,0,0,0,0.1483859649122807
3516,ãgå¥êπêl,1,31,14,9,2,0.14774193548387096,14,0,0,0,0,0,5,3,5,0,0.16037383177570094
3516,ãgå¥êπêl,2,39,4,9,4,0.1458974358974359,0,4,0,0,0,0,0,0,0,21,0.16037383177570094
3516,ãgå¥êπêl,3,38,1,4,5,0.18473684210526317,0,0,0,0,1,0,0,0,0,0,0.16037383177570094
3516,ãgå¥êπêl,4,37,0,1,9,0.16972972972972974,0,0,0,0,0,0,0,0,0,0,0.16037383177570094
3516,ãgå¥êπêl,5,36,1,3,6,0.1613888888888889,0,0,0,0,1,0,0,0,0,0,0.16037383177570094
3516,ãgå¥êπêl,6,33,0,1,4,0.14969696969696972,0,0,0,0,0,0,0,0,0,0,0.16037383177570094
3517,çÇã¥åM,1,11,9,1,1,0.15454545454545454,8,0,0,0,1,0,0,0,1,0,0.16661764705882354
3517,çÇã¥åM,2,11,1,3,1,0.1409090909090909,0,0,1,0,0,0,0,0,0,9,0.16661764705882354
3517,çÇã¥åM,3,10,4,0,3,0.143,0,1,1,2,0,0,0,0,0,0,0.16661764705882354
3517,çÇã¥åM,4,9,1,2,1,0.17444444444444446,0,0,0,1,0,0,0,0,0,0,0.16661764705882354
3517,çÇã¥åM,5,14,1,3,4,0.17857142857142858,0,1,0,0,0,0,0,0,0,0,0.16661764705882354
3517,çÇã¥åM,6,13,0,2,1,0.19846153846153847,0,0,0,0,0,0,0,0,0,0,0.16661764705882354
3518,ëqìcàËî¸,1,24,13,6,0,0.19833333333333333,12,0,0,0,1,0,4,4,1,0,0.18793388429752064
3518,ëqìcàËî¸,2,22,1,6,7,0.18954545454545454,0,1,0,0,0,0,0,0,0,16,0.18793388429752064
3518,ëqìcàËî¸,3,23,3,3,6,0.16043478260869565,0,2,1,0,0,0,0,0,0,0,0.18793388429752064
3518,ëqìcàËî¸,4,19,4,2,3,0.13421052631578947,0,2,1,1,0,0,0,0,0,0,0.18793388429752064
3518,ëqìcàËî¸,5,14,0,0,5,0.21214285714285716,0,0,0,0,0,0,0,0,0,0,0.18793388429752064
3518,ëqìcàËî¸,6,19,1,2,3,0.2421052631578947,0,0,1,0,0,0,0,0,0,0,0.18793388429752064
3519,ïyìcèGçK,1,31,5,8,5,0.15806451612903227,5,0,0,0,0,0,8,3,11,0,0.1719650655021834
3519,ïyìcèGçK,2,45,5,9,8,0.1786666666666667,0,5,0,0,0,0,0,0,0,21,0.1719650655021834
3519,ïyìcèGçK,3,42,4,6,11,0.185,0,0,1,2,1,0,0,0,0,0,0.1719650655021834
3519,ïyìcèGçK,4,41,0,5,9,0.16170731707317074,0,0,0,0,0,0,0,0,0,0,0.1719650655021834
3519,ïyìcèGçK,5,37,1,3,11,0.1608108108108108,0,0,1,0,0,0,0,0,0,0,0.1719650655021834
3519,ïyìcèGçK,6,33,1,1,4,0.18454545454545454,0,1,0,0,0,0,0,0,0,0,0.1719650655021834
3522,í∑çaàÍê∂,1,46,18,14,7,0.1567391304347826,18,0,0,0,0,0,9,5,10,0,0.1697790055248619
3522,í∑çaàÍê∂,2,32,5,8,4,0.16,0,1,3,0,1,0,0,0,0,16,0.1697790055248619
3522,í∑çaàÍê∂,3,34,5,5,6,0.16823529411764704,0,0,2,2,0,1,0,0,0,0,0.1697790055248619
3522,í∑çaàÍê∂,4,23,1,1,9,0.18869565217391304,0,0,1,0,0,0,0,0,0,0,0.1697790055248619
3522,í∑çaàÍê∂,5,20,2,7,2,0.1695,0,0,1,1,0,0,0,0,0,0,0.1697790055248619
3522,í∑çaàÍê∂,6,26,3,3,4,0.1903846153846154,0,0,3,0,0,0,0,0,0,0,0.1697790055248619
3523,õêìcó∫é°,1,27,14,8,2,0.15148148148148147,13,0,0,0,1,0,3,3,7,0,0.16338235294117645
3523,õêìcó∫é°,2,35,5,9,9,0.1765714285714286,0,4,1,0,0,0,0,0,0,16,0.16338235294117645
3523,õêìcó∫é°,3,36,3,9,9,0.1597222222222222,0,1,1,1,0,0,0,0,0,0,0.16338235294117645
3523,õêìcó∫é°,4,34,3,4,7,0.1738235294117647,0,1,2,0,0,0,0,0,0,0,0.16338235294117645
3523,õêìcó∫é°,5,36,3,4,5,0.15000000000000002,0,0,2,1,0,0,0,0,0,0,0.16338235294117645
3523,õêìcó∫é°,6,36,3,2,8,0.16666666666666666,0,0,1,2,0,0,0,0,0,0,0.16338235294117645
3527,íÜìàêΩàÍòY,1,53,28,10,6,0.15339622641509434,25,0,0,0,3,0,6,8,9,0,0.16650557620817844
3527,íÜìàêΩàÍòY,2,48,6,18,7,0.16208333333333333,1,3,2,0,0,0,0,0,0,24,0.16650557620817844
3527,íÜìàêΩàÍòY,3,46,5,10,16,0.16043478260869565,0,2,1,0,2,0,0,0,0,0,0.16650557620817844
3527,íÜìàêΩàÍòY,4,42,3,8,11,0.1907142857142857,0,0,0,2,1,0,0,0,0,0,0.16650557620817844
3527,íÜìàêΩàÍòY,5,40,1,6,9,0.16475,0,0,1,0,0,0,0,0,0,0,0.16650557620817844
3527,íÜìàêΩàÍòY,6,40,1,3,9,0.17250000000000001,0,0,0,1,0,0,0,0,0,0,0.16650557620817844
3528,ä}ñÏóFãIåb,1,33,9,10,2,0.19515151515151516,8,0,0,0,1,0,6,14,4,0,0.19904522613065326
3528,ä}ñÏóFãIåb,2,39,1,7,11,0.18512820512820513,0,1,0,0,0,0,0,0,0,22,0.19904522613065326
3528,ä}ñÏóFãIåb,3,41,3,3,4,0.19999999999999998,0,1,1,0,0,1,0,0,0,0,0.19904522613065326
3528,ä}ñÏóFãIåb,4,30,1,2,5,0.21266666666666667,0,0,0,1,0,0,0,0,0,0,0.19904522613065326
3528,ä}ñÏóFãIåb,5,30,3,2,6,0.21433333333333332,0,0,2,0,1,0,0,0,0,0,0.19904522613065326
3528,ä}ñÏóFãIåb,6,26,0,1,2,0.19,0,0,0,0,0,0,0,0,0,0,0.19904522613065326
3532,éƒìcåı,1,37,19,10,3,0.15675675675675677,19,0,0,0,0,0,5,3,8,0,0.15523316062176165
3532,éƒìcåı,2,36,12,6,8,0.1525,0,8,3,1,0,0,0,0,0,19,0.15523316062176165
3532,éƒìcåı,3,34,10,10,7,0.13823529411764707,0,2,4,2,1,1,0,0,0,0,0.15523316062176165
3532,éƒìcåı,4,29,4,3,9,0.1503448275862069,0,1,2,1,0,0,0,0,0,0,0.15523316062176165
3532,éƒìcåı,5,34,4,6,7,0.16,0,1,0,2,1,0,0,0,0,0,0.15523316062176165
3532,éƒìcåı,6,23,3,4,5,0.18130434782608695,1,0,0,1,0,1,0,0,0,0,0.15523316062176165
3533,ç≤êÏê≥ìπ,1,33,8,9,4,0.20272727272727273,8,0,0,0,0,0,11,7,4,0,0.18387559808612441
3533,ç≤êÏê≥ìπ,2,35,3,9,7,0.194,0,0,1,0,2,0,0,0,0,18,0.18387559808612441
3533,ç≤êÏê≥ìπ,3,37,3,6,7,0.18378378378378377,0,0,3,0,0,0,0,0,0,0,0.18387559808612441
3533,ç≤êÏê≥ìπ,4,35,3,9,8,0.16942857142857143,0,0,2,1,0,0,0,0,0,0,0.18387559808612441
3533,ç≤êÏê≥ìπ,5,39,0,3,7,0.1646153846153846,0,0,0,0,0,0,0,0,0,0,0.18387559808612441
3533,ç≤êÏê≥ìπ,6,30,0,4,4,0.19333333333333333,0,0,0,0,0,0,0,0,0,0,0.18387559808612441
3534,ñÏ‡VëÂìÒ,1,27,17,5,1,0.1274074074074074,15,0,0,0,2,0,1,4,3,0,0.1402112676056338
3534,ñÏ‡VëÂìÒ,2,23,3,8,3,0.16391304347826088,0,2,1,0,0,0,0,0,0,11,0.1402112676056338
3534,ñÏ‡VëÂìÒ,3,25,2,7,5,0.14,0,1,0,0,0,1,0,0,0,0,0.1402112676056338
3534,ñÏ‡VëÂìÒ,4,23,4,5,4,0.11608695652173913,0,1,2,0,1,0,0,0,0,0,0.1402112676056338
3534,ñÏ‡VëÂìÒ,5,20,0,3,6,0.164,0,0,0,0,0,0,0,0,0,0,0.1402112676056338
3534,ñÏ‡VëÂìÒ,6,24,0,2,3,0.13541666666666666,0,0,0,0,0,0,0,0,0,0,0.1402112676056338
3535,ìnèCïΩ,1,20,15,2,0,0.14650000000000002,15,0,0,0,0,0,0,4,1,0,0.1883916083916084
3535,ìnèCïΩ,2,25,0,3,3,0.2052,0,0,0,0,0,0,0,0,0,16,0.1883916083916084
3535,ìnèCïΩ,3,27,2,4,5,0.18814814814814815,0,1,1,0,0,0,0,0,0,0,0.1883916083916084
3535,ìnèCïΩ,4,26,2,2,3,0.21038461538461536,0,1,1,0,0,0,0,0,0,0,0.1883916083916084
3535,ìnèCïΩ,5,23,0,1,1,0.19347826086956524,0,0,0,0,0,0,0,0,0,0,0.1883916083916084
3535,ìnèCïΩ,6,22,0,1,0,0.17636363636363636,0,0,0,0,0,0,0,0,0,0,0.1883916083916084
3536,àÍêFâÎè∫,1,30,7,6,4,0.19233333333333333,7,0,0,0,0,0,4,8,4,0,0.19121052631578947
3536,àÍêFâÎè∫,2,35,5,7,2,0.17257142857142857,0,4,1,0,0,0,0,0,0,16,0.19121052631578947
3536,àÍêFâÎè∫,3,35,2,9,9,0.19314285714285714,0,0,2,0,0,0,0,0,0,0,0.19121052631578947
3536,àÍêFâÎè∫,4,28,2,2,4,0.1875,0,0,1,0,1,0,0,0,0,0,0.19121052631578947
3536,àÍêFâÎè∫,5,33,4,1,2,0.1921212121212121,0,0,1,3,0,0,0,0,0,0,0.19121052631578947
3536,àÍêFâÎè∫,6,29,0,1,5,0.21275862068965518,0,0,0,0,0,0,0,0,0,0,0.19121052631578947
3537,ìcéRòaçL,1,15,4,4,0,0.18533333333333335,4,0,0,0,0,0,3,4,3,0,0.20552
3537,ìcéRòaçL,2,26,3,7,8,0.21076923076923076,0,1,2,0,0,0,0,0,0,10,0.20552
3537,ìcéRòaçL,3,23,0,4,2,0.22130434782608696,0,0,0,0,0,0,0,0,0,0,0.20552
3537,ìcéRòaçL,4,21,0,1,1,0.21142857142857144,0,0,0,0,0,0,0,0,0,0,0.20552
3537,ìcéRòaçL,5,24,0,1,2,0.21416666666666664,0,0,0,0,0,0,0,0,0,0,0.20552
3537,ìcéRòaçL,6,16,0,1,0,0.17250000000000001,0,0,0,0,0,0,0,0,0,0,0.20552
3538,ãeírïÙê∞,1,46,15,17,8,0.1882608695652174,14,0,0,0,1,0,10,7,12,0,0.18324894514767934
3538,ãeírïÙê∞,2,45,3,13,14,0.158,0,3,0,0,0,0,0,0,0,19,0.18324894514767934
3538,ãeírïÙê∞,3,35,4,10,8,0.17685714285714288,0,1,0,1,2,0,0,0,0,0,0.18324894514767934
3538,ãeírïÙê∞,4,33,1,5,5,0.1806060606060606,0,0,1,0,0,0,0,0,0,0,0.18324894514767934
3538,ãeírïÙê∞,5,38,2,8,12,0.19421052631578947,0,0,0,2,0,0,0,0,0,0,0.18324894514767934
3538,ãeírïÙê∞,6,40,0,4,11,0.20325000000000001,0,0,0,0,0,0,0,0,0,0,0.18324894514767934
3539,ã‡éqèáàÍ,1,43,16,12,7,0.17255813953488372,16,0,0,0,0,0,9,8,7,0,0.18121323529411765
3539,ã‡éqèáàÍ,2,50,4,14,4,0.166,1,2,1,0,0,0,0,0,0,28,0.18121323529411765
3539,ã‡éqèáàÍ,3,50,1,9,13,0.1666,0,0,0,1,0,0,0,0,0,0,0.18121323529411765
3539,ã‡éqèáàÍ,4,44,1,5,7,0.20613636363636365,0,0,0,1,0,0,0,0,0,0,0.18121323529411765
3539,ã‡éqèáàÍ,5,45,2,7,7,0.19044444444444444,0,0,1,1,0,0,0,0,0,0,0.18121323529411765
3539,ã‡éqèáàÍ,6,40,1,5,6,0.19,1,0,0,0,0,0,0,0,0,0,0.18121323529411765
3541,éOõ∏êΩéi,1,64,36,19,3,0.151875,31,0,0,0,5,0,7,11,9,0,0.1462020905923345
3541,éOõ∏êΩéi,2,47,10,14,9,0.13446808510638297,0,6,3,0,1,0,0,0,0,20,0.1462020905923345
3541,éOõ∏êΩéi,3,46,10,7,16,0.12956521739130436,0,0,4,5,1,0,0,0,0,0,0.1462020905923345
3541,éOõ∏êΩéi,4,54,8,14,15,0.13870370370370372,0,3,0,4,1,0,0,0,0,0,0.1462020905923345
3541,éOõ∏êΩéi,5,36,1,5,11,0.16972222222222222,0,0,0,1,0,0,0,0,0,0,0.1462020905923345
3541,éOõ∏êΩéi,6,40,2,4,12,0.159,0,2,0,0,0,0,0,0,0,0,0.1462020905923345
3542,ê¥êÖãIçé,1,38,13,9,4,0.15894736842105264,11,0,0,0,2,0,18,3,4,0,0.19193548387096776
3542,ê¥êÖãIçé,2,48,1,9,7,0.18958333333333333,0,0,0,0,1,0,0,0,0,28,0.19193548387096776
3542,ê¥êÖãIçé,3,45,2,6,6,0.19266666666666665,0,0,1,0,1,0,0,0,0,0,0.19193548387096776
3542,ê¥êÖãIçé,4,46,3,3,8,0.19869565217391305,0,2,0,0,1,0,0,0,0,0,0.19193548387096776
3542,ê¥êÖãIçé,5,41,2,5,6,0.20439024390243904,0,1,1,0,0,0,0,0,0,0,0.19193548387096776
3542,ê¥êÖãIçé,6,30,1,2,0,0.209,0,0,1,0,0,0,0,0,0,0,0.19193548387096776
3543,ïüìcâÎàÍ,1,37,24,5,5,0.1545945945945946,24,0,0,0,0,0,2,4,6,0,0.15254901960784314
3543,ïüìcâÎàÍ,2,35,9,8,5,0.13514285714285715,0,5,4,0,0,0,0,0,0,16,0.15254901960784314
3543,ïüìcâÎàÍ,3,37,6,10,6,0.14351351351351352,0,1,3,1,1,0,0,0,0,0,0.15254901960784314
3543,ïüìcâÎàÍ,4,37,5,7,8,0.16108108108108107,0,3,0,2,0,0,0,0,0,0,0.15254901960784314
3543,ïüìcâÎàÍ,5,30,2,6,4,0.17033333333333334,0,0,1,1,0,0,0,0,0,0,0.15254901960784314
3543,ïüìcâÎàÍ,6,28,0,2,3,0.15321428571428572,0,0,0,0,0,0,0,0,0,0,0.15254901960784314
3544,ñLìcåPñı,1,32,10,7,6,0.1740625,10,0,0,0,0,0,9,6,5,0,0.19
3544,ñLìcåPñı,2,31,2,7,7,0.1896774193548387,0,2,0,0,0,0,0,0,0,17,0.19
3544,ñLìcåPñı,3,32,2,6,5,0.18812500000000001,0,0,1,1,0,0,0,0,0,0,0.19
3544,ñLìcåPñı,4,34,2,4,3,0.19588235294117648,0,0,1,1,0,0,0,0,0,0,0.19
3544,ñLìcåPñı,5,28,1,4,5,0.19285714285714287,0,0,0,1,0,0,0,0,0,0,0.19
3544,ñLìcåPñı,6,25,0,1,4,0.20199999999999999,0,0,0,0,0,0,0,0,0,0,0.19
3546,íÜó¢èπéu,1,39,18,9,4,0.14743589743589744,18,0,0,0,0,0,6,11,1,0,0.1585377358490566
3546,íÜó¢èπéu,2,37,5,9,13,0.1672972972972973,0,1,2,0,2,0,0,0,0,15,0.1585377358490566
3546,íÜó¢èπéu,3,40,4,6,9,0.17550000000000002,0,0,2,2,0,0,0,0,0,0,0.1585377358490566
3546,íÜó¢èπéu,4,30,0,5,6,0.174,0,0,0,0,0,0,0,0,0,0,0.1585377358490566
3546,íÜó¢èπéu,5,32,2,2,5,0.1378125,0,0,0,2,0,0,0,0,0,0,0.1585377358490566
3546,íÜó¢èπéu,6,34,0,1,8,0.14764705882352944,0,0,0,0,0,0,0,0,0,0,0.1585377358490566
3548,é∫ìcë◊éj,1,44,30,8,1,0.11818181818181818,29,0,0,0,1,0,5,2,7,0,0.13540425531914893
3548,é∫ìcë◊éj,2,38,3,10,13,0.1423684210526316,0,1,2,0,0,0,0,0,0,22,0.13540425531914893
3548,é∫ìcë◊éj,3,43,5,10,8,0.12697674418604651,0,0,3,2,0,0,0,0,0,0,0.13540425531914893
3548,é∫ìcë◊éj,4,36,3,7,7,0.13861111111111113,0,1,0,2,0,0,0,0,0,0,0.13540425531914893
3548,é∫ìcë◊éj,5,34,1,2,8,0.14529411764705882,0,0,0,1,0,0,0,0,0,0,0.13540425531914893
3548,é∫ìcë◊éj,6,40,0,3,4,0.14550000000000002,0,0,0,0,0,0,0,0,0,0,0.13540425531914893
3550,ìsízê≥é°,1,57,33,7,4,0.16017543859649125,33,0,0,0,0,0,7,5,11,0,0.16364963503649635
3550,ìsízê≥é°,2,46,9,10,4,0.1491304347826087,1,5,3,0,0,0,0,0,0,22,0.16364963503649635
3550,ìsízê≥é°,3,44,7,3,10,0.15363636363636363,0,0,5,1,1,0,0,0,0,0,0.16364963503649635
3550,ìsízê≥é°,4,44,9,6,11,0.15386363636363637,0,1,5,1,2,0,0,0,0,0,0.16364963503649635
3550,ìsízê≥é°,5,40,2,8,5,0.21325,0,0,2,0,0,0,0,0,0,0,0.16364963503649635
3550,ìsízê≥é°,6,43,3,7,4,0.15790697674418605,0,0,3,0,0,0,0,0,0,0,0.16364963503649635
3551,ì°ìcî¸ë„,1,24,9,7,3,0.20791666666666667,9,0,0,0,0,0,3,6,6,0,0.20167630057803468
3551,ì°ìcî¸ë„,2,32,6,3,8,0.200625,0,1,5,0,0,0,0,0,0,15,0.20167630057803468
3551,ì°ìcî¸ë„,3,32,2,5,7,0.2125,0,0,2,0,0,0,0,0,0,0,0.20167630057803468
3551,ì°ìcî¸ë„,4,28,2,2,8,0.1907142857142857,0,2,0,0,0,0,0,0,0,0,0.20167630057803468
3551,ì°ìcî¸ë„,5,34,1,5,2,0.20794117647058824,0,0,1,0,0,0,0,0,0,0,0.20167630057803468
3551,ì°ìcî¸ë„,6,23,0,1,1,0.1856521739130435,0,0,0,0,0,0,0,0,0,0,0.20167630057803468
3553,ïΩírêméu,1,34,6,7,6,0.16588235294117648,4,0,0,0,2,0,10,10,6,0,0.18222672064777326
3553,ïΩírêméu,2,47,5,7,18,0.18829787234042553,0,3,1,0,1,0,0,0,0,27,0.18222672064777326
3553,ïΩírêméu,3,49,3,12,9,0.17448979591836736,0,1,0,2,0,0,0,0,0,0,0.18222672064777326
3553,ïΩírêméu,4,38,3,4,8,0.16605263157894737,0,1,1,1,0,0,0,0,0,0,0.18222672064777326
3553,ïΩírêméu,5,39,2,4,6,0.1971794871794872,0,0,1,1,0,0,0,0,0,0,0.18222672064777326
3553,ïΩírêméu,6,40,0,3,5,0.19924999999999998,0,0,0,0,0,0,0,0,0,0,0.18222672064777326
3554,íáå˚îéêí,1,69,53,6,8,0.15260869565217391,52,0,0,0,1,0,5,8,2,0,0.17366883116883117
3554,íáå˚îéêí,2,53,8,17,7,0.16,0,6,1,0,1,0,0,0,0,30,0.17366883116883117
3554,íáå˚îéêí,3,54,15,14,12,0.17166666666666666,0,2,4,5,4,0,0,0,0,0,0.17366883116883117
3554,íáå˚îéêí,4,45,9,10,14,0.18911111111111112,0,3,2,4,0,0,0,0,0,0,0.17366883116883117
3554,íáå˚îéêí,5,44,4,14,6,0.18522727272727274,1,0,1,2,0,0,0,0,0,0,0.17366883116883117
3554,íáå˚îéêí,6,43,6,11,10,0.1988372093023256,0,0,4,2,0,0,0,0,0,0,0.17366883116883117
3556,ìcíÜêMàÍòY,1,60,40,11,5,0.147,39,0,0,0,0,1,1,7,11,0,0.1571875
3556,ìcíÜêMàÍòY,2,41,10,15,6,0.15902439024390244,0,4,5,0,1,0,0,0,0,23,0.1571875
3556,ìcíÜêMàÍòY,3,41,10,8,12,0.1558536585365854,0,1,4,3,2,0,0,0,0,0,0.1571875
3556,ìcíÜêMàÍòY,4,47,9,14,10,0.16340425531914896,0,0,5,4,0,0,0,0,0,0,0.1571875
3556,ìcíÜêMàÍòY,5,31,2,5,12,0.1664516129032258,0,0,0,2,0,0,0,0,0,0,0.1571875
3556,ìcíÜêMàÍòY,6,36,4,10,5,0.1575,0,0,0,3,1,0,0,0,0,0,0.1571875
3557,ëæìcòaî¸,1,60,46,8,1,0.13583333333333333,46,0,0,0,0,0,2,1,7,0,0.1467857142857143
3557,ëæìcòaî¸,2,47,9,12,12,0.1427659574468085,1,3,3,0,2,0,0,0,0,29,0.1467857142857143
3557,ëæìcòaî¸,3,37,11,9,3,0.1291891891891892,0,0,6,3,2,0,0,0,0,0,0.1467857142857143
3557,ëæìcòaî¸,4,37,7,7,6,0.1581081081081081,0,0,4,2,0,1,0,0,0,0,0.1467857142857143
3557,ëæìcòaî¸,5,27,3,9,6,0.1374074074074074,0,0,1,1,1,0,0,0,0,0,0.1467857142857143
3557,ëæìcòaî¸,6,44,1,7,12,0.17704545454545453,0,0,0,1,0,0,0,0,0,0,0.1467857142857143
3558,éRñ{ç_éü,1,39,21,7,5,0.15769230769230771,20,0,0,0,1,0,5,6,5,0,0.16540284360189572
3558,éRñ{ç_éü,2,36,4,13,3,0.15916666666666668,0,3,1,0,0,0,0,0,0,23,0.16540284360189572
3558,éRñ{ç_éü,3,40,2,6,16,0.1595,1,0,0,1,0,0,0,0,0,0,0.16540284360189572
3558,éRñ{ç_éü,4,30,3,5,5,0.16,0,1,2,0,0,0,0,0,0,0,0.16540284360189572
3558,éRñ{ç_éü,5,32,2,5,2,0.1571875,0,0,0,2,0,0,0,0,0,0,0.16540284360189572
3558,éRñ{ç_éü,6,34,3,5,6,0.20029411764705882,0,2,0,1,0,0,0,0,0,0,0.16540284360189572
3559,êÖí∑è∆óY,1,24,9,2,4,0.19791666666666666,8,0,0,0,1,0,7,4,3,0,0.18511627906976744
3559,êÖí∑è∆óY,2,31,2,3,5,0.2067741935483871,0,2,0,0,0,0,0,0,0,21,0.18511627906976744
3559,êÖí∑è∆óY,3,36,1,5,7,0.19527777777777777,0,0,1,0,0,0,0,0,0,0,0.18511627906976744
3559,êÖí∑è∆óY,4,31,2,4,4,0.1693548387096774,0,1,1,0,0,0,0,0,0,0,0.18511627906976744
3559,êÖí∑è∆óY,5,25,0,7,4,0.1696,0,0,0,0,0,0,0,0,0,0,0.18511627906976744
3559,êÖí∑è∆óY,6,25,0,3,2,0.1664,0,0,0,0,0,0,0,0,0,0,0.18511627906976744
3560,ëæìcçéç∆,1,13,4,2,2,0.15384615384615385,4,0,0,0,0,0,5,2,0,0,0.17563829787234045
3560,ëæìcçéç∆,2,16,0,4,1,0.164375,0,0,0,0,0,0,0,0,0,10,0.17563829787234045
3560,ëæìcçéç∆,3,21,0,0,3,0.15571428571428572,0,0,0,0,0,0,0,0,0,0,0.17563829787234045
3560,ëæìcçéç∆,4,15,0,1,1,0.19,0,0,0,0,0,0,0,0,0,0,0.17563829787234045
3560,ëæìcçéç∆,5,15,0,1,3,0.18866666666666668,0,0,0,0,0,0,0,0,0,0,0.17563829787234045
3560,ëæìcçéç∆,6,14,1,0,1,0.2092857142857143,0,0,0,1,0,0,0,0,0,0,0.17563829787234045
3561,írìcê^é°,1,25,9,4,2,0.2008,9,0,0,0,0,0,5,5,5,0,0.20299999999999999
3561,írìcê^é°,2,34,2,4,9,0.21205882352941177,0,2,0,0,0,0,0,0,0,20,0.20299999999999999
3561,írìcê^é°,3,30,0,3,7,0.214,0,0,0,0,0,0,0,0,0,0,0.20299999999999999
3561,írìcê^é°,4,28,0,2,5,0.21642857142857144,0,0,0,0,0,0,0,0,0,0,0.20299999999999999
3561,írìcê^é°,5,25,0,3,1,0.1884,0,0,0,0,0,0,0,0,0,0,0.20299999999999999
3561,írìcê^é°,6,28,0,1,1,0.18178571428571427,0,0,0,0,0,0,0,0,0,0,0.20299999999999999
3562,éRâ∫òaïF,1,46,34,5,2,0.15782608695652173,31,0,0,0,3,0,2,3,5,0,0.1667557251908397
3562,éRâ∫òaïF,2,48,8,13,13,0.17437499999999997,0,5,2,0,1,0,0,0,0,29,0.1667557251908397
3562,éRâ∫òaïF,3,50,3,18,7,0.1566,0,0,0,3,0,0,0,0,0,0,0.1667557251908397
3562,éRâ∫òaïF,4,40,4,9,15,0.16775,0,1,1,2,0,0,0,0,0,0,0.1667557251908397
3562,éRâ∫òaïF,5,36,3,4,8,0.1663888888888889,0,0,2,1,0,0,0,0,0,0,0.1667557251908397
3562,éRâ∫òaïF,6,42,1,4,10,0.1792857142857143,0,0,0,1,0,0,0,0,0,0,0.1667557251908397
3563,íÁè∏,1,49,26,9,7,0.1795918367346939,25,0,0,0,1,0,6,8,8,0,0.16384057971014493
3563,íÁè∏,2,48,7,12,8,0.17500000000000002,2,2,1,0,2,0,0,0,0,19,0.16384057971014493
3563,íÁè∏,3,49,7,13,7,0.14979591836734693,0,4,2,0,1,0,0,0,0,0,0.16384057971014493
3563,íÁè∏,4,47,6,8,10,0.1621276595744681,1,2,2,0,0,1,0,0,0,0,0.16384057971014493
3563,íÁè∏,5,42,4,7,8,0.15642857142857144,1,1,1,0,1,0,0,0,0,0,0.16384057971014493
3563,íÁè∏,6,41,1,4,12,0.15829268292682927,0,0,1,0,0,0,0,0,0,0,0.16384057971014493
3564,åKå¥å[,1,40,21,7,2,0.14075,20,0,0,0,1,0,9,5,3,0,0.15657794676806083
3564,åKå¥å[,2,42,5,10,6,0.15,0,1,4,0,0,0,0,0,0,23,0.15657794676806083
3564,åKå¥å[,3,52,8,12,7,0.1544230769230769,0,0,5,2,1,0,0,0,0,0,0.15657794676806083
3564,åKå¥å[,4,47,6,8,8,0.16617021276595745,0,2,3,1,0,0,0,0,0,0,0.15657794676806083
3564,åKå¥å[,5,45,2,5,4,0.15555555555555556,0,0,1,1,0,0,0,0,0,0,0.15657794676806083
3564,åKå¥å[,6,37,1,5,2,0.17324324324324325,0,0,0,0,1,0,0,0,0,0,0.15657794676806083
3565,ç‚ñ{ìøçé,1,20,2,5,4,0.16899999999999998,2,0,0,0,0,0,2,8,6,0,0.19317567567567567
3565,ç‚ñ{ìøçé,2,23,0,3,6,0.19347826086956524,0,0,0,0,0,0,0,0,0,11,0.19317567567567567
3565,ç‚ñ{ìøçé,3,27,0,4,4,0.17851851851851852,0,0,0,0,0,0,0,0,0,0,0.19317567567567567
3565,ç‚ñ{ìøçé,4,22,1,3,1,0.1740909090909091,0,0,1,0,0,0,0,0,0,0,0.19317567567567567
3565,ç‚ñ{ìøçé,5,23,1,0,3,0.21086956521739128,0,1,0,0,0,0,0,0,0,0,0.19317567567567567
3565,ç‚ñ{ìøçé,6,33,0,0,3,0.22,0,0,0,0,0,0,0,0,0,0,0.19317567567567567
3566,êÏìYâpê≥,1,49,29,9,5,0.16816326530612247,28,0,0,0,1,0,7,6,7,0,0.1940073529411765
3566,êÏìYâpê≥,2,44,6,13,9,0.1918181818181818,0,4,0,0,2,0,0,0,0,20,0.1940073529411765
3566,êÏìYâpê≥,3,43,2,8,12,0.18488372093023256,0,0,2,0,0,0,0,0,0,0,0.1940073529411765
3566,êÏìYâpê≥,4,50,2,7,11,0.1704,0,1,1,0,0,0,0,0,0,0,0.1940073529411765
3566,êÏìYâpê≥,5,44,0,3,6,0.22545454545454546,0,0,0,0,0,0,0,0,0,0,0.1940073529411765
3566,êÏìYâpê≥,6,42,0,0,7,0.23095238095238094,0,0,0,0,0,0,0,0,0,0,0.1940073529411765
3567,ãgâ™êΩ,1,19,8,3,3,0.17473684210526316,8,0,0,0,0,0,2,5,2,0,0.17020689655172414
3567,ãgâ™êΩ,2,25,1,3,5,0.1632,0,1,0,0,0,0,0,0,0,17,0.17020689655172414
3567,ãgâ™êΩ,3,30,2,7,6,0.16933333333333334,0,0,1,1,0,0,0,0,0,0,0.17020689655172414
3567,ãgâ™êΩ,4,24,3,1,5,0.1525,0,2,1,0,0,0,0,0,0,0,0.17020689655172414
3567,ãgâ™êΩ,5,28,0,1,5,0.17642857142857143,0,0,0,0,0,0,0,0,0,0,0.17020689655172414
3567,ãgâ™êΩ,6,19,0,1,2,0.18947368421052632,0,0,0,0,0,0,0,0,0,0,0.17020689655172414
3568,ñÿë∫åıçG,1,46,24,9,3,0.16,23,0,0,0,1,0,8,6,6,0,0.16820833333333332
3568,ñÿë∫åıçG,2,36,2,11,8,0.17666666666666667,0,0,0,1,0,1,0,0,0,28,0.16820833333333332
3568,ñÿë∫åıçG,3,43,6,9,12,0.1572093023255814,2,0,3,1,0,0,0,0,0,0,0.16820833333333332
3568,ñÿë∫åıçG,4,48,10,10,5,0.15875,1,2,6,1,0,0,0,0,0,0,0.16820833333333332
3568,ñÿë∫åıçG,5,32,4,3,6,0.1721875,1,2,0,0,1,0,0,0,0,0,0.16820833333333332
3568,ñÿë∫åıçG,6,35,0,5,4,0.19314285714285714,0,0,0,0,0,0,0,0,0,0,0.16820833333333332
3569,ëùìcêi,1,39,15,10,5,0.1417948717948718,15,0,0,0,0,0,8,7,5,0,0.1847328244274809
3569,ëùìcêi,2,52,9,9,10,0.17134615384615384,0,4,5,0,0,0,0,0,0,26,0.1847328244274809
3569,ëùìcêi,3,51,4,6,12,0.18725490196078431,0,1,0,3,0,0,0,0,0,0,0.1847328244274809
3569,ëùìcêi,4,42,0,2,9,0.2007142857142857,0,0,0,0,0,0,0,0,0,0,0.1847328244274809
3569,ëùìcêi,5,42,1,6,4,0.18785714285714286,0,0,1,0,0,0,0,0,0,0,0.1847328244274809
3569,ëùìcêi,6,36,0,3,6,0.2247222222222222,0,0,0,0,0,0,0,0,0,0,0.1847328244274809
3571,éõñ{ïêéi,1,33,12,8,4,0.14696969696969697,10,0,1,0,1,0,9,4,6,0,0.1635135135135135
3571,éõñ{ïêéi,2,27,0,5,4,0.14777777777777779,0,0,0,0,0,0,0,0,0,15,0.1635135135135135
3571,éõñ{ïêéi,3,34,0,5,7,0.15235294117647058,0,0,0,0,0,0,0,0,0,0,0.1635135135135135
3571,éõñ{ïêéi,4,27,2,1,3,0.1562962962962963,0,0,2,0,0,0,0,0,0,0,0.1635135135135135
3571,éõñ{ïêéi,5,33,0,1,3,0.18212121212121213,0,0,0,0,0,0,0,0,0,0,0.1635135135135135
3571,éõñ{ïêéi,6,31,0,2,1,0.1935483870967742,0,0,0,0,0,0,0,0,0,0,0.1635135135135135
3572,à¿ìcê≠ïF,1,61,41,13,2,0.15524590163934426,41,0,0,0,0,0,5,5,7,0,0.18765472312703582
3572,à¿ìcê≠ïF,2,50,7,12,14,0.1884,0,3,4,0,0,0,0,0,0,27,0.18765472312703582
3572,à¿ìcê≠ïF,3,61,12,17,10,0.1739344262295082,0,1,3,7,1,0,0,0,0,0,0.18765472312703582
3572,à¿ìcê≠ïF,4,54,0,11,13,0.19092592592592594,0,0,0,0,0,0,0,0,0,0,0.18765472312703582
3572,à¿ìcê≠ïF,5,41,1,4,7,0.21146341463414633,0,0,0,1,0,0,0,0,0,0,0.18765472312703582
3572,à¿ìcê≠ïF,6,40,2,3,7,0.22825,0,2,0,0,0,0,0,0,0,0,0.18765472312703582
3573,ëOñ{ë◊òa,1,63,47,5,8,0.14952380952380953,46,0,0,0,1,0,3,5,6,0,0.16088461538461538
3573,ëOñ{ë◊òa,2,45,9,12,8,0.15733333333333333,3,4,1,0,1,0,0,0,0,23,0.16088461538461538
3573,ëOñ{ë◊òa,3,37,7,7,10,0.18351351351351353,0,4,2,1,0,0,0,0,0,0,0.16088461538461538
3573,ëOñ{ë◊òa,4,39,8,8,9,0.15205128205128204,1,2,3,1,1,0,0,0,0,0,0.16088461538461538
3573,ëOñ{ë◊òa,5,38,4,11,9,0.1486842105263158,0,1,0,1,2,0,0,0,0,0,0.16088461538461538
3573,ëOñ{ë◊òa,6,38,6,7,7,0.1831578947368421,0,4,1,1,0,0,0,0,0,0,0.16088461538461538
3574,ëÂê_çNéi,1,55,39,5,4,0.15690909090909091,38,0,0,0,1,0,3,7,5,0,0.16190114068441064
3574,ëÂê_çNéi,2,41,10,10,4,0.15634146341463415,0,3,4,0,3,0,0,0,0,20,0.16190114068441064
3574,ëÂê_çNéi,3,47,7,15,11,0.1474468085106383,0,0,5,1,1,0,0,0,0,0,0.16190114068441064
3574,ëÂê_çNéi,4,39,2,8,10,0.15948717948717947,0,2,0,0,0,0,0,0,0,0,0.16190114068441064
3574,ëÂê_çNéi,5,38,7,8,6,0.18289473684210528,1,3,1,1,1,0,0,0,0,0,0.16190114068441064
3574,ëÂê_çNéi,6,43,4,5,6,0.1730232558139535,0,3,0,1,0,0,0,0,0,0,0.16190114068441064
3576,îíêÖèüñÁ,1,74,56,10,4,0.14567567567567566,55,0,0,0,1,0,5,6,5,0,0.1779109589041096
3576,îíêÖèüñÁ,2,44,8,15,14,0.18954545454545454,1,2,2,0,2,1,0,0,0,24,0.1779109589041096
3576,îíêÖèüñÁ,3,47,9,16,12,0.19297872340425531,0,2,2,3,2,0,0,0,0,0,0.1779109589041096
3576,îíêÖèüñÁ,4,48,6,16,10,0.17500000000000002,0,2,2,2,0,0,0,0,0,0,0.1779109589041096
3576,îíêÖèüñÁ,5,35,3,6,13,0.18914285714285714,0,0,0,3,0,0,0,0,0,0,0.1779109589041096
3576,îíêÖèüñÁ,6,44,6,4,15,0.19863636363636364,0,1,2,2,1,0,0,0,0,0,0.1779109589041096
3577,å¸èäç_ìÒ,1,41,20,9,2,0.16390243902439025,20,0,0,0,0,0,6,3,5,0,0.15822429906542057
3577,å¸èäç_ìÒ,2,37,5,6,6,0.16513513513513514,0,5,0,0,0,0,0,0,0,18,0.15822429906542057
3577,å¸èäç_ìÒ,3,33,6,4,4,0.1509090909090909,0,1,3,1,1,0,0,0,0,0,0.15822429906542057
3577,å¸èäç_ìÒ,4,33,5,4,4,0.15272727272727274,0,0,5,0,0,0,0,0,0,0,0.15822429906542057
3577,å¸èäç_ìÒ,5,31,0,6,7,0.13774193548387098,0,0,0,0,0,0,0,0,0,0,0.15822429906542057
3577,å¸èäç_ìÒ,6,39,1,4,5,0.17282051282051283,0,0,1,0,0,0,0,0,0,0,0.15822429906542057
3578,âñìcóYàÍ,1,34,15,9,3,0.18,12,0,0,0,3,0,6,9,2,0,0.18221774193548387
3578,âñìcóYàÍ,2,46,3,10,11,0.18043478260869567,0,2,1,0,0,0,0,0,0,28,0.18221774193548387
3578,âñìcóYàÍ,3,43,1,16,5,0.18697674418604654,0,0,0,1,0,0,0,0,0,0,0.18221774193548387
3578,âñìcóYàÍ,4,46,1,17,9,0.18456521739130435,0,0,0,0,1,0,0,0,0,0,0.18221774193548387
3578,âñìcóYàÍ,5,45,3,6,8,0.1786666666666667,0,0,0,2,1,0,0,0,0,0,0.18221774193548387
3578,âñìcóYàÍ,6,34,0,5,4,0.1823529411764706,0,0,0,0,0,0,0,0,0,0,0.18221774193548387
3579,íÜó¢óDéq,1,58,32,17,3,0.1517241379310345,30,0,0,0,2,0,7,7,11,0,0.15623076923076923
3579,íÜó¢óDéq,2,41,12,12,7,0.1424390243902439,1,5,6,0,0,0,0,0,0,25,0.15623076923076923
3579,íÜó¢óDéq,3,46,7,11,13,0.1515217391304348,0,1,4,1,1,0,0,0,0,0,0.15623076923076923
3579,íÜó¢óDéq,4,41,3,12,6,0.1597560975609756,0,0,1,2,0,0,0,0,0,0,0.15623076923076923
3579,íÜó¢óDéq,5,39,3,5,9,0.17512820512820512,0,0,2,0,1,0,0,0,0,0,0.15623076923076923
3579,íÜó¢óDéq,6,35,1,5,4,0.16085714285714287,0,0,1,0,0,0,0,0,0,0,0.15623076923076923
3580,êÖå˚óRãI,1,36,7,15,3,0.19166666666666668,7,0,0,0,0,0,11,13,3,0,0.19255102040816327
3580,êÖå˚óRãI,2,32,0,11,6,0.164375,0,0,0,0,0,0,0,0,0,17,0.19255102040816327
3580,êÖå˚óRãI,3,34,2,7,9,0.18352941176470589,0,0,1,1,0,0,0,0,0,0,0.19255102040816327
3580,êÖå˚óRãI,4,37,1,7,9,0.20189189189189188,0,1,0,0,0,0,0,0,0,0,0.19255102040816327
3580,êÖå˚óRãI,5,27,4,5,5,0.19185185185185183,0,2,1,1,0,0,0,0,0,0,0.19255102040816327
3580,êÖå˚óRãI,6,30,0,1,4,0.223,0,0,0,0,0,0,0,0,0,0,0.19255102040816327
3581,â¡ñÿàË,1,22,8,4,1,0.2,8,0,0,0,0,0,2,10,1,0,0.19155080213903744
3581,â¡ñÿàË,2,34,2,8,6,0.1761764705882353,0,2,0,0,0,0,0,0,0,19,0.19155080213903744
3581,â¡ñÿàË,3,38,2,5,4,0.18947368421052632,0,1,1,0,0,0,0,0,0,0,0.19155080213903744
3581,â¡ñÿàË,4,36,2,5,8,0.1947222222222222,0,0,1,0,1,0,0,0,0,0,0.19155080213903744
3581,â¡ñÿàË,5,32,1,2,5,0.1928125,0,1,0,0,0,0,0,0,0,0,0.19155080213903744
3581,â¡ñÿàË,6,25,1,3,4,0.20199999999999999,0,0,0,0,1,0,0,0,0,0,0.19155080213903744
3582,ãgêÏè∫íj,1,70,52,15,2,0.14642857142857144,48,0,0,0,4,0,7,2,5,0,0.159375
3582,ãgêÏè∫íj,2,46,5,12,10,0.16,0,2,2,0,0,1,0,0,0,21,0.159375
3582,ãgêÏè∫íj,3,53,14,12,10,0.16094339622641507,0,3,3,5,3,0,0,0,0,0,0.159375
3582,ãgêÏè∫íj,4,42,7,9,7,0.1592857142857143,0,4,3,0,0,0,0,0,0,0,0.159375
3582,ãgêÏè∫íj,5,37,3,14,8,0.16918918918918918,1,1,0,1,0,0,0,0,0,0,0.159375
3582,ãgêÏè∫íj,6,40,6,7,11,0.17024999999999998,0,3,1,1,1,0,0,0,0,0,0.159375
3583,‚Vì°íqóT,1,35,12,7,5,0.15857142857142856,11,0,0,0,0,1,7,10,1,0,0.17257281553398057
3583,‚Vì°íqóT,2,40,1,7,7,0.17975000000000002,0,0,0,0,0,1,0,0,0,16,0.17257281553398057
3583,‚Vì°íqóT,3,33,3,7,2,0.16575757575757574,0,1,2,0,0,0,0,0,0,0,0.17257281553398057
3583,‚Vì°íqóT,4,31,1,4,5,0.1858064516129032,0,0,0,1,0,0,0,0,0,0,0.17257281553398057
3583,‚Vì°íqóT,5,35,2,1,4,0.1605714285714286,0,0,0,1,1,0,0,0,0,0,0.17257281553398057
3583,‚Vì°íqóT,6,32,0,1,4,0.18625,0,0,0,0,0,0,0,0,0,0,0.17257281553398057
3584,ç≤ÅXñÿâpé˜,1,36,12,13,2,0.16194444444444445,11,0,0,0,1,0,12,6,5,0,0.17388429752066115
3584,ç≤ÅXñÿâpé˜,2,44,4,12,8,0.18045454545454545,0,3,1,0,0,0,0,0,0,25,0.17388429752066115
3584,ç≤ÅXñÿâpé˜,3,44,7,15,3,0.15545454545454546,0,0,4,1,2,0,0,0,0,0,0.17388429752066115
3584,ç≤ÅXñÿâpé˜,4,41,2,4,7,0.16682926829268294,0,0,2,0,0,0,0,0,0,0,0.17388429752066115
3584,ç≤ÅXñÿâpé˜,5,42,2,2,12,0.18023809523809525,0,0,1,1,0,0,0,0,0,0,0.17388429752066115
3584,ç≤ÅXñÿâpé˜,6,35,0,1,2,0.20171428571428573,0,0,0,0,0,0,0,0,0,0,0.17388429752066115
3587,ïêìcêMàÍ,1,31,11,8,6,0.14516129032258066,10,0,0,0,1,0,5,7,6,0,0.15163461538461537
3587,ïêìcêMàÍ,2,42,2,12,6,0.16238095238095238,0,1,1,0,0,0,0,0,0,25,0.15163461538461537
3587,ïêìcêMàÍ,3,34,1,6,9,0.1288235294117647,0,0,1,0,0,0,0,0,0,0,0.15163461538461537
3587,ïêìcêMàÍ,4,35,1,6,7,0.14114285714285715,0,0,0,1,0,0,0,0,0,0,0.15163461538461537
3587,ïêìcêMàÍ,5,37,2,7,7,0.1502702702702703,0,0,0,2,0,0,0,0,0,0,0.15163461538461537
3587,ïêìcêMàÍ,6,29,0,3,1,0.18413793103448275,0,0,0,0,0,0,0,0,0,0,0.15163461538461537
3589,êºë∫èü,1,29,17,6,3,0.16551724137931034,15,0,0,0,2,0,7,2,1,0,0.16263959390862945
3589,êºë∫èü,2,36,4,15,4,0.18194444444444444,0,3,1,0,0,0,0,0,0,19,0.16263959390862945
3589,êºë∫èü,3,38,4,13,7,0.15157894736842104,0,0,4,0,0,0,0,0,0,0,0.16263959390862945
3589,êºë∫èü,4,34,5,7,7,0.12794117647058822,0,0,3,2,0,0,0,0,0,0,0.16263959390862945
3589,êºë∫èü,5,28,0,6,5,0.1575,0,0,0,0,0,0,0,0,0,0,0.16263959390862945
3589,êºë∫èü,6,32,0,2,1,0.1928125,0,0,0,0,0,0,0,0,0,0,0.16263959390862945
3590,‡_ñÏíJåõå·,1,46,36,6,2,0.14217391304347826,34,0,0,0,2,0,3,1,4,0,0.15169902912621358
3590,‡_ñÏíJåõå·,2,33,6,10,3,0.14909090909090908,0,3,2,0,1,0,0,0,0,16,0.15169902912621358
3590,‡_ñÏíJåõå·,3,32,3,11,5,0.1540625,0,1,0,1,1,0,0,0,0,0,0.15169902912621358
3590,‡_ñÏíJåõå·,4,32,4,5,7,0.1415625,0,1,2,1,0,0,0,0,0,0,0.15169902912621358
3590,‡_ñÏíJåõå·,5,30,3,4,7,0.155,0,2,0,1,0,0,0,0,0,0,0.15169902912621358
3590,‡_ñÏíJåõå·,6,33,2,6,5,0.17212121212121212,0,0,1,1,0,0,0,0,0,0,0.15169902912621358
3591,å„ì°çFã`,1,29,10,4,5,0.12379310344827586,9,0,0,0,1,0,5,3,9,0,0.18668449197860965
3591,å„ì°çFã`,2,33,3,11,5,0.19666666666666668,1,2,0,0,0,0,0,0,0,21,0.18668449197860965
3591,å„ì°çFã`,3,35,0,5,9,0.1862857142857143,0,0,0,0,0,0,0,0,0,0,0.18668449197860965
3591,å„ì°çFã`,4,31,0,4,4,0.19129032258064516,0,0,0,0,0,0,0,0,0,0,0.18668449197860965
3591,å„ì°çFã`,5,32,2,2,8,0.1953125,0,0,0,1,0,1,0,0,0,0,0.18668449197860965
3591,å„ì°çFã`,6,27,2,3,2,0.22703703703703704,0,0,0,0,2,0,0,0,0,0,0.18668449197860965
3592,ã¥ñ{åíë¢,3,2,0,0,0,0.29500000000000004,0,0,0,0,0,0,0,0,0,0,0.18
3592,ã¥ñ{åíë¢,4,1,0,0,0,0.02,0,0,0,0,0,0,0,0,0,0,0.18
3592,ã¥ñ{åíë¢,5,2,0,0,0,0.185,0,0,0,0,0,0,0,0,0,0,0.18
3592,ã¥ñ{åíë¢,6,3,0,0,1,0.15333333333333335,0,0,0,0,0,0,0,0,0,0,0.18
3593,â°à‰åıçO,1,24,6,7,3,0.14375000000000002,5,0,0,0,1,0,9,3,5,0,0.17525423728813558
3593,â°à‰åıçO,2,31,2,5,6,0.19483870967741937,0,2,0,0,0,0,0,0,0,15,0.17525423728813558
3593,â°à‰åıçO,3,31,0,4,9,0.17709677419354838,0,0,0,0,0,0,0,0,0,0,0.17525423728813558
3593,â°à‰åıçO,4,36,0,4,6,0.17083333333333334,0,0,0,0,0,0,0,0,0,0,0.17525423728813558
3593,â°à‰åıçO,5,32,0,0,8,0.16875,0,0,0,0,0,0,0,0,0,0,0.17525423728813558
3593,â°à‰åıçO,6,23,0,1,2,0.19521739130434784,0,0,0,0,0,0,0,0,0,0,0.17525423728813558
3594,íÀå¥ïêîV,1,26,4,6,5,0.17115384615384616,3,0,0,0,1,0,5,8,9,0,0.17833333333333334
3594,íÀå¥ïêîV,2,27,2,7,2,0.1611111111111111,0,1,1,0,0,0,0,0,0,11,0.17833333333333334
3594,íÀå¥ïêîV,3,25,0,1,6,0.18080000000000002,0,0,0,0,0,0,0,0,0,0,0.17833333333333334
3594,íÀå¥ïêîV,4,25,1,3,4,0.17240000000000003,0,0,1,0,0,0,0,0,0,0,0.17833333333333334
3594,íÀå¥ïêîV,5,24,0,1,2,0.18958333333333333,0,0,0,0,0,0,0,0,0,0,0.17833333333333334
3594,íÀå¥ïêîV,6,23,0,0,2,0.19869565217391305,0,0,0,0,0,0,0,0,0,0,0.17833333333333334
3596,âÕè„îNè∫,1,29,11,7,6,0.15448275862068966,11,0,0,0,0,0,3,5,5,0,0.16300518134715025
3596,âÕè„îNè∫,2,37,3,11,6,0.14459459459459462,0,3,0,0,0,0,0,0,0,22,0.16300518134715025
3596,âÕè„îNè∫,3,32,1,5,7,0.17375000000000002,0,1,0,0,0,0,0,0,0,0,0.16300518134715025
3596,âÕè„îNè∫,4,32,1,5,9,0.163125,0,0,1,0,0,0,0,0,0,0,0.16300518134715025
3596,âÕè„îNè∫,5,30,1,2,7,0.16866666666666666,0,0,0,0,1,0,0,0,0,0,0.16300518134715025
3596,âÕè„îNè∫,6,33,0,1,8,0.17545454545454545,0,0,0,0,0,0,0,0,0,0,0.16300518134715025
3600,å∫înìO,1,31,11,4,8,0.19741935483870968,10,0,0,0,1,0,5,6,6,0,0.21168141592920356
3600,å∫înìO,2,42,5,10,7,0.20714285714285713,0,5,0,0,0,0,0,0,0,23,0.21168141592920356
3600,å∫înìO,3,39,3,4,8,0.18512820512820513,0,0,1,2,0,0,0,0,0,0,0.21168141592920356
3600,å∫înìO,4,43,1,6,7,0.20209302325581394,0,1,0,0,0,0,0,0,0,0,0.21168141592920356
3600,å∫înìO,5,35,0,2,4,0.24114285714285713,0,0,0,0,0,0,0,0,0,0,0.21168141592920356
3600,å∫înìO,6,36,0,1,2,0.24083333333333334,0,0,0,0,0,0,0,0,0,0,0.21168141592920356
3602,âúïΩëÒñÁ,1,28,12,6,4,0.165,11,0,0,0,1,0,6,4,5,0,0.1609004739336493
3602,âúïΩëÒñÁ,2,41,6,9,6,0.15487804878048783,0,4,0,0,2,0,0,0,0,18,0.1609004739336493
3602,âúïΩëÒñÁ,3,40,3,7,14,0.151,0,0,0,1,2,0,0,0,0,0,0.1609004739336493
3602,âúïΩëÒñÁ,4,43,5,11,11,0.1569767441860465,0,2,1,2,0,0,0,0,0,0,0.1609004739336493
3602,âúïΩëÒñÁ,5,30,2,4,6,0.16299999999999998,0,0,1,1,0,0,0,0,0,0,0.1609004739336493
3602,âúïΩëÒñÁ,6,29,1,2,7,0.18275862068965518,0,0,0,0,1,0,0,0,0,0,0.1609004739336493
3604,ïêì°àªéq,1,32,9,8,9,0.1759375,8,0,0,0,1,0,12,6,3,0,0.1913100436681223
3604,ïêì°àªéq,2,50,1,12,4,0.2046,0,0,1,0,0,0,0,0,0,24,0.1913100436681223
3604,ïêì°àªéq,3,43,3,4,6,0.19744186046511628,0,1,1,1,0,0,0,0,0,0,0.1913100436681223
3604,ïêì°àªéq,4,36,4,2,8,0.1875,0,0,1,1,2,0,0,0,0,0,0.1913100436681223
3604,ïêì°àªéq,5,38,2,3,11,0.19921052631578948,0,1,0,1,0,0,0,0,0,0,0.1913100436681223
3604,ïêì°àªéq,6,30,0,4,3,0.1713333333333333,0,0,0,0,0,0,0,0,0,0,0.1913100436681223
3605,íÜë∫éÁê¨,1,39,21,7,5,0.1558974358974359,21,0,0,0,0,0,4,6,6,0,0.17713004484304934
3605,íÜë∫éÁê¨,2,36,1,10,12,0.18194444444444444,0,1,0,0,0,0,0,0,0,22,0.17713004484304934
3605,íÜë∫éÁê¨,3,38,2,3,7,0.1818421052631579,0,1,0,1,0,0,0,0,0,0,0.17713004484304934
3605,íÜë∫éÁê¨,4,37,1,9,5,0.16486486486486487,0,0,0,0,1,0,0,0,0,0,0.17713004484304934
3605,íÜë∫éÁê¨,5,38,0,3,4,0.18763157894736843,0,0,0,0,0,0,0,0,0,0,0.17713004484304934
3605,íÜë∫éÁê¨,6,35,0,2,4,0.1922857142857143,0,0,0,0,0,0,0,0,0,0,0.17713004484304934
3606,êÏñkç_ãM,1,56,36,11,4,0.14482142857142857,36,0,0,0,0,0,7,8,3,0,0.14615107913669065
3606,êÏñkç_ãM,2,51,10,26,7,0.126078431372549,0,5,3,0,1,1,0,0,0,30,0.14615107913669065
3606,êÏñkç_ãM,3,45,9,16,6,0.13133333333333333,0,0,3,6,0,0,0,0,0,0,0.14615107913669065
3606,êÏñkç_ãM,4,43,8,10,7,0.12837209302325583,0,1,5,2,0,0,0,0,0,0,0.14615107913669065
3606,êÏñkç_ãM,5,43,0,6,14,0.1616279069767442,0,0,0,0,0,0,0,0,0,0,0.14615107913669065
3606,êÏñkç_ãM,6,40,1,2,7,0.19275,0,0,1,0,0,0,0,0,0,0,0.14615107913669065
3607,å¥ìcíqòa,1,32,11,11,2,0.171875,11,0,0,0,0,0,8,4,5,0,0.18820627802690582
3607,å¥ìcíqòa,2,47,3,8,13,0.1768085106382979,0,3,0,0,0,0,0,0,0,28,0.18820627802690582
3607,å¥ìcíqòa,3,41,3,2,14,0.16146341463414635,0,0,3,0,0,0,0,0,0,0,0.18820627802690582
3607,å¥ìcíqòa,4,36,1,2,10,0.20166666666666666,0,0,0,1,0,0,0,0,0,0,0.18820627802690582
3607,å¥ìcíqòa,5,37,0,1,3,0.1954054054054054,0,0,0,0,0,0,0,0,0,0,0.18820627802690582
3607,å¥ìcíqòa,6,30,1,1,9,0.235,0,0,0,0,1,0,0,0,0,0,0.18820627802690582
3611,ä‚çËñFî¸,1,45,28,6,3,0.1328888888888889,28,0,0,0,0,0,3,4,5,0,0.15
3611,ä‚çËñFî¸,2,45,9,11,10,0.1491111111111111,0,3,4,0,2,0,0,0,0,27,0.15
3611,ä‚çËñFî¸,3,42,7,14,7,0.16023809523809524,0,2,3,2,0,0,0,0,0,0,0.15
3611,ä‚çËñFî¸,4,42,5,11,10,0.14476190476190476,0,2,1,2,0,0,0,0,0,0,0.15
3611,ä‚çËñFî¸,5,36,4,6,6,0.1513888888888889,0,2,1,0,1,0,0,0,0,0,0.15
3611,ä‚çËñFî¸,6,26,1,3,6,0.17115384615384616,0,0,0,1,0,0,0,0,0,0,0.15
3612,înë‹ã`ë•,1,64,42,12,6,0.1475,40,0,0,0,2,0,8,6,5,0,0.15692307692307694
3612,înë‹ã`ë•,2,51,10,20,7,0.1484313725490196,1,6,3,0,0,0,0,0,0,31,0.15692307692307694
3612,înë‹ã`ë•,3,41,8,13,8,0.15268292682926832,0,1,2,5,0,0,0,0,0,0,0.15692307692307694
3612,înë‹ã`ë•,4,52,3,10,15,0.15115384615384617,0,2,0,1,0,0,0,0,0,0,0.15692307692307694
3612,înë‹ã`ë•,5,38,6,9,7,0.1636842105263158,0,2,3,1,0,0,0,0,0,0,0.15692307692307694
3612,înë‹ã`ë•,6,40,5,8,4,0.18825,0,3,2,0,0,0,0,0,0,0,0.15692307692307694
3613,äpíJåíå·,1,64,46,10,7,0.1434375,45,0,0,0,1,0,2,6,9,0,0.15275618374558306
3613,äpíJåíå·,2,44,6,22,10,0.16136363636363635,0,4,2,0,0,0,0,0,0,25,0.15275618374558306
3613,äpíJåíå·,3,45,14,13,7,0.156,0,5,1,8,0,0,0,0,0,0,0.15275618374558306
3613,äpíJåíå·,4,40,5,3,19,0.14175,0,1,2,2,0,0,0,0,0,0,0.15275618374558306
3613,äpíJåíå·,5,42,3,8,18,0.14404761904761904,0,0,0,3,0,0,0,0,0,0,0.15275618374558306
3613,äpíJåíå·,6,48,3,6,8,0.17104166666666668,0,1,1,1,0,0,0,0,0,0,0.15275618374558306
3614,íJèüçK,1,44,14,8,7,0.1590909090909091,11,0,0,0,3,0,12,13,3,0,0.1783150183150183
3614,íJèüçK,2,51,6,11,8,0.1737254901960784,0,5,1,0,0,0,0,0,0,31,0.1783150183150183
3614,íJèüçK,3,44,4,7,9,0.19272727272727275,0,0,3,1,0,0,0,0,0,0,0.1783150183150183
3614,íJèüçK,4,39,4,6,7,0.17051282051282052,0,1,2,1,0,0,0,0,0,0,0.1783150183150183
3614,íJèüçK,5,52,2,3,9,0.1819230769230769,0,0,0,2,0,0,0,0,0,0,0.1783150183150183
3614,íJèüçK,6,43,0,0,5,0.19139534883720932,0,0,0,0,0,0,0,0,0,0,0.1783150183150183
3615,â°ìcñŒ,1,34,20,11,0,0.14088235294117646,19,0,0,0,1,0,8,3,1,0,0.16080851063829787
3615,â°ìcñŒ,2,42,6,9,6,0.13714285714285715,0,5,0,0,0,1,0,0,0,27,0.16080851063829787
3615,â°ìcñŒ,3,42,5,7,6,0.15404761904761907,0,0,0,5,0,0,0,0,0,0,0.16080851063829787
3615,â°ìcñŒ,4,38,4,2,12,0.1863157894736842,0,0,2,2,0,0,0,0,0,0,0.16080851063829787
3615,â°ìcñŒ,5,42,2,3,2,0.17261904761904762,0,0,0,1,0,1,0,0,0,0,0.16080851063829787
3615,â°ìcñŒ,6,37,0,0,4,0.17405405405405405,0,0,0,0,0,0,0,0,0,0,0.16080851063829787
3616,íÜë∫ê^,1,20,11,5,0,0.148,11,0,0,0,0,0,4,3,1,0,0.15322368421052632
3616,íÜë∫ê^,2,30,6,6,6,0.16833333333333333,0,4,1,0,1,0,0,0,0,14,0.15322368421052632
3616,íÜë∫ê^,3,28,6,8,3,0.1392857142857143,0,0,5,1,0,0,0,0,0,0,0.15322368421052632
3616,íÜë∫ê^,4,26,3,5,3,0.14807692307692308,0,0,2,1,0,0,0,0,0,0,0.15322368421052632
3616,íÜë∫ê^,5,28,0,3,4,0.1432142857142857,0,0,0,0,0,0,0,0,0,0,0.15322368421052632
3616,íÜë∫ê^,6,20,0,0,4,0.176,0,0,0,0,0,0,0,0,0,0,0.15322368421052632
3617,í|ìcçLé˜,1,22,10,6,1,0.15772727272727274,9,0,0,0,1,0,2,2,5,0,0.19179347826086957
3617,í|ìcçLé˜,2,36,4,7,3,0.19583333333333333,1,2,1,0,0,0,0,0,0,17,0.19179347826086957
3617,í|ìcçLé˜,3,36,6,2,4,0.20277777777777778,0,0,5,0,1,0,0,0,0,0,0.19179347826086957
3617,í|ìcçLé˜,4,32,4,1,4,0.1878125,0,1,3,0,0,0,0,0,0,0,0.19179347826086957
3617,í|ìcçLé˜,5,32,1,1,4,0.1796875,0,0,1,0,0,0,0,0,0,0,0.19179347826086957
3617,í|ìcçLé˜,6,26,0,0,1,0.2196153846153846,0,0,0,0,0,0,0,0,0,0,0.19179347826086957
3618,äCñÏÇ‰Ç©ÇË,1,60,40,11,2,0.15483333333333335,38,0,0,0,2,0,5,8,6,0,0.16605363984674332
3618,äCñÏÇ‰Ç©ÇË,2,46,12,11,9,0.1758695652173913,0,4,5,0,3,0,0,0,0,20,0.16605363984674332
3618,äCñÏÇ‰Ç©ÇË,3,38,9,9,11,0.145,0,1,7,1,0,0,0,0,0,0,0.16605363984674332
3618,äCñÏÇ‰Ç©ÇË,4,42,6,11,9,0.15095238095238095,0,1,2,1,2,0,0,0,0,0,0.16605363984674332
3618,äCñÏÇ‰Ç©ÇË,5,39,4,6,11,0.18000000000000002,0,0,1,3,0,0,0,0,0,0,0.16605363984674332
3618,äCñÏÇ‰Ç©ÇË,6,36,2,2,6,0.19694444444444445,0,1,0,1,0,0,0,0,0,0,0.16605363984674332
3619,í∑íJêÏè[,1,38,12,15,9,0.17657894736842106,11,0,0,0,1,0,7,7,5,0,0.19393700787401574
3619,í∑íJêÏè[,2,48,4,15,10,0.16874999999999998,0,4,0,0,0,0,0,0,0,26,0.19393700787401574
3619,í∑íJêÏè[,3,46,4,12,10,0.1976086956521739,0,1,1,1,1,0,0,0,0,0,0.19393700787401574
3619,í∑íJêÏè[,4,44,1,6,14,0.20068181818181818,0,0,1,0,0,0,0,0,0,0,0.19393700787401574
3619,í∑íJêÏè[,5,42,1,4,8,0.20857142857142857,0,0,0,1,0,0,0,0,0,0,0.19393700787401574
3619,í∑íJêÏè[,6,36,0,3,3,0.21583333333333332,0,0,0,0,0,0,0,0,0,0,0.19393700787401574
3620,êMîZóRçs,1,31,15,4,6,0.15935483870967743,13,0,0,0,1,1,3,4,8,0,0.18118942731277535
3620,êMîZóRçs,2,39,4,8,2,0.17871794871794872,0,2,2,0,0,0,0,0,0,20,0.18118942731277535
3620,êMîZóRçs,3,46,4,6,9,0.18543478260869564,0,0,2,2,0,0,0,0,0,0,0.18118942731277535
3620,êMîZóRçs,4,44,3,7,6,0.1809090909090909,0,0,3,0,0,0,0,0,0,0,0.18118942731277535
3620,êMîZóRçs,5,34,0,1,6,0.19117647058823528,0,0,0,0,0,0,0,0,0,0,0.18118942731277535
3620,êMîZóRçs,6,33,0,2,3,0.1887878787878788,0,0,0,0,0,0,0,0,0,0,0.18118942731277535
3621,ìVñÏèªïv,1,41,25,10,2,0.14097560975609758,24,0,0,0,1,0,7,4,4,0,0.15576354679802956
3621,ìVñÏèªïv,2,33,6,11,8,0.1593939393939394,0,3,3,0,0,0,0,0,0,19,0.15576354679802956
3621,ìVñÏèªïv,3,37,8,10,12,0.16135135135135134,0,0,0,6,2,0,0,0,0,0,0.15576354679802956
3621,ìVñÏèªïv,4,34,2,17,10,0.15058823529411766,0,0,1,1,0,0,0,0,0,0,0.15576354679802956
3621,ìVñÏèªïv,5,27,1,7,9,0.1325925925925926,0,0,1,0,0,0,0,0,0,0,0.15576354679802956
3621,ìVñÏèªïv,6,31,0,8,3,0.19064516129032258,0,0,0,0,0,0,0,0,0,0,0.15576354679802956
3622,éRçËíqñÁ,1,22,17,3,2,0.18999999999999997,16,0,0,0,1,0,0,2,3,0,0.1783495145631068
3622,éRçËíqñÁ,2,17,3,4,0,0.1776470588235294,1,0,2,0,0,0,0,0,0,10,0.1783495145631068
3622,éRçËíqñÁ,3,19,2,6,3,0.17894736842105263,0,1,0,1,0,0,0,0,0,0,0.1783495145631068
3622,éRçËíqñÁ,4,18,2,0,3,0.17722222222222223,0,0,1,1,0,0,0,0,0,0,0.1783495145631068
3622,éRçËíqñÁ,5,11,1,1,2,0.1690909090909091,0,0,0,1,0,0,0,0,0,0,0.1783495145631068
3622,éRçËíqñÁ,6,16,0,1,4,0.17,0,0,0,0,0,0,0,0,0,0,0.1783495145631068
3623,ê[êÏê^ìÒ,1,74,53,14,3,0.11527027027027026,49,0,0,0,4,0,7,1,12,0,0.13854671280276817
3623,ê[êÏê^ìÒ,2,43,10,22,3,0.12209302325581395,0,8,2,0,0,0,0,0,0,24,0.13854671280276817
3623,ê[êÏê^ìÒ,3,43,12,14,6,0.1369767441860465,1,0,6,2,3,0,0,0,0,0,0.13854671280276817
3623,ê[êÏê^ìÒ,4,45,10,11,5,0.15377777777777776,2,6,1,0,1,0,0,0,0,0,0.13854671280276817
3623,ê[êÏê^ìÒ,5,46,7,13,5,0.16,2,5,0,0,0,0,0,0,0,0,0.13854671280276817
3623,ê[êÏê^ìÒ,6,38,7,8,11,0.16026315789473683,2,4,0,1,0,0,0,0,0,0,0.13854671280276817
3624,ëÂêŒòaïF,1,33,9,8,7,0.15606060606060607,9,0,0,0,0,0,9,7,4,0,0.16794736842105262
3624,ëÂêŒòaïF,2,34,4,4,4,0.16411764705882353,0,3,1,0,0,0,0,0,0,15,0.16794736842105262
3624,ëÂêŒòaïF,3,34,5,3,3,0.15205882352941177,0,0,0,5,0,0,0,0,0,0,0.16794736842105262
3624,ëÂêŒòaïF,4,32,2,2,3,0.16375,0,0,0,2,0,0,0,0,0,0,0.16794736842105262
3624,ëÂêŒòaïF,5,32,1,1,3,0.18125,0,0,0,1,0,0,0,0,0,0,0.16794736842105262
3624,ëÂêŒòaïF,6,25,0,1,2,0.19879999999999998,0,0,0,0,0,0,0,0,0,0,0.16794736842105262
3626,íÜó—èGêl,1,19,6,4,0,0.13315789473684211,6,0,0,0,0,0,1,4,5,0,0.13971153846153844
3626,íÜó—èGêl,2,18,1,1,3,0.13833333333333334,0,0,1,0,0,0,0,0,0,13,0.13971153846153844
3626,íÜó—èGêl,3,18,0,3,2,0.14722222222222223,0,0,0,0,0,0,0,0,0,0,0.13971153846153844
3626,íÜó—èGêl,4,21,0,0,2,0.12047619047619049,0,0,0,0,0,0,0,0,0,0,0.13971153846153844
3626,íÜó—èGêl,5,16,1,0,2,0.153125,0,0,0,1,0,0,0,0,0,0,0.13971153846153844
3626,íÜó—èGêl,6,12,0,0,0,0.15666666666666668,0,0,0,0,0,0,0,0,0,0,0.13971153846153844
3627,à‰è„åbàÍ,1,42,22,13,3,0.16333333333333333,21,0,0,0,1,0,8,3,5,0,0.18647940074906366
3627,à‰è„åbàÍ,2,50,6,12,8,0.1796,0,5,1,0,0,0,0,0,0,31,0.18647940074906366
3627,à‰è„åbàÍ,3,50,3,11,7,0.1714,0,0,3,0,0,0,0,0,0,0,0.18647940074906366
3627,à‰è„åbàÍ,4,42,2,6,10,0.18476190476190477,0,1,1,0,0,0,0,0,0,0,0.18647940074906366
3627,à‰è„åbàÍ,5,41,1,3,9,0.21243902439024392,0,1,0,0,0,0,0,0,0,0,0.18647940074906366
3627,à‰è„åbàÍ,6,42,3,0,10,0.21214285714285713,0,0,1,2,0,0,0,0,0,0,0.18647940074906366
3629,êÛå©èπçé,1,32,21,5,0,0.1440625,21,0,0,0,0,0,2,5,3,0,0.14609375
3629,êÛå©èπçé,2,37,6,16,4,0.15567567567567567,0,5,1,0,0,0,0,0,0,23,0.14609375
3629,êÛå©èπçé,3,29,4,3,7,0.12413793103448276,0,1,1,1,1,0,0,0,0,0,0.14609375
3629,êÛå©èπçé,4,33,4,6,7,0.14515151515151514,0,1,3,0,0,0,0,0,0,0,0.14609375
3629,êÛå©èπçé,5,31,3,5,3,0.1332258064516129,0,0,1,2,0,0,0,0,0,0,0.14609375
3629,êÛå©èπçé,6,30,2,3,6,0.17200000000000001,0,0,0,2,0,0,0,0,0,0,0.14609375
3630,çïìcêΩéi,1,25,5,4,4,0.1344,5,0,0,0,0,0,5,6,7,0,0.15056818181818182
3630,çïìcêΩéi,2,35,5,10,6,0.13914285714285715,0,5,0,0,0,0,0,0,0,19,0.15056818181818182
3630,çïìcêΩéi,3,29,0,4,2,0.15620689655172415,0,0,0,0,0,0,0,0,0,0,0.15056818181818182
3630,çïìcêΩéi,4,29,1,5,6,0.1317241379310345,0,0,0,1,0,0,0,0,0,0,0.15056818181818182
3630,çïìcêΩéi,5,31,1,3,5,0.15806451612903227,0,0,1,0,0,0,0,0,0,0,0.15056818181818182
3630,çïìcêΩéi,6,27,0,1,6,0.1859259259259259,0,0,0,0,0,0,0,0,0,0,0.15056818181818182
3631,ìcìYçNâÓ,1,27,9,9,2,0.1511111111111111,9,0,0,0,0,0,4,8,3,0,0.16484848484848486
3631,ìcìYçNâÓ,2,26,4,7,8,0.16692307692307692,0,2,1,0,1,0,0,0,0,16,0.16484848484848486
3631,ìcìYçNâÓ,3,31,1,7,7,0.15903225806451612,0,0,0,1,0,0,0,0,0,0,0.16484848484848486
3631,ìcìYçNâÓ,4,27,1,6,2,0.1748148148148148,0,0,0,1,0,0,0,0,0,0,0.16484848484848486
3631,ìcìYçNâÓ,5,26,0,4,5,0.16576923076923075,0,0,0,0,0,0,0,0,0,0,0.16484848484848486
3631,ìcìYçNâÓ,6,28,1,2,3,0.17214285714285715,0,0,1,0,0,0,0,0,0,0,0.16484848484848486
3635,êŒìcê≠å·,1,60,41,9,3,0.14383333333333334,40,0,0,0,1,0,6,8,3,0,0.1545357142857143
3635,êŒìcê≠å·,2,50,14,14,10,0.1512,0,10,3,0,1,0,0,0,0,26,0.1545357142857143
3635,êŒìcê≠å·,3,43,9,10,6,0.16395348837209303,0,2,1,6,0,0,0,0,0,0,0.1545357142857143
3635,êŒìcê≠å·,4,44,7,11,8,0.14454545454545456,0,3,0,4,0,0,0,0,0,0,0.1545357142857143
3635,êŒìcê≠å·,5,41,4,6,4,0.14902439024390246,0,0,0,4,0,0,0,0,0,0,0.1545357142857143
3635,êŒìcê≠å·,6,42,4,2,10,0.18000000000000002,0,2,0,2,0,0,0,0,0,0,0.1545357142857143
3637,‚Vì°òaê≠,1,40,18,11,4,0.16575,16,0,0,0,2,0,6,6,7,0,0.18634751773049643
3637,‚Vì°òaê≠,2,57,9,11,5,0.1717543859649123,0,4,4,0,1,0,0,0,0,28,0.18634751773049643
3637,‚Vì°òaê≠,3,49,3,4,11,0.1957142857142857,0,0,0,2,1,0,0,0,0,0,0.18634751773049643
3637,‚Vì°òaê≠,4,47,3,7,10,0.19340425531914893,0,1,0,1,0,1,0,0,0,0,0.18634751773049643
3637,‚Vì°òaê≠,5,55,2,5,6,0.19345454545454546,0,0,1,1,0,0,0,0,0,0,0.18634751773049643
3637,‚Vì°òaê≠,6,34,1,4,2,0.20029411764705884,0,1,0,0,0,0,0,0,0,0,0.18634751773049643
3641,àÍê£ñæ,1,60,47,6,3,0.16933333333333334,44,0,0,0,3,0,4,4,4,0,0.16526132404181185
3641,àÍê£ñæ,2,56,13,16,13,0.17089285714285715,0,8,4,0,1,0,0,0,0,31,0.16526132404181185
3641,àÍê£ñæ,3,48,4,14,13,0.15270833333333333,0,0,3,1,0,0,0,0,0,0,0.16526132404181185
3641,àÍê£ñæ,4,39,7,7,8,0.1676923076923077,0,1,3,2,1,0,0,0,0,0,0.16526132404181185
3641,àÍê£ñæ,5,43,5,6,13,0.17046511627906977,0,1,0,4,0,0,0,0,0,0,0.16526132404181185
3641,àÍê£ñæ,6,41,3,7,3,0.15853658536585366,0,1,0,1,1,0,0,0,0,0,0.16526132404181185
3642,ëÂíÀç_ìÒ,1,25,10,3,1,0.1572,10,0,0,0,0,0,4,9,1,0,0.1793125
3642,ëÂíÀç_ìÒ,2,26,1,3,7,0.19076923076923077,0,1,0,0,0,0,0,0,0,11,0.1793125
3642,ëÂíÀç_ìÒ,3,24,3,2,1,0.18791666666666665,0,0,1,0,2,0,0,0,0,0,0.1793125
3642,ëÂíÀç_ìÒ,4,30,4,2,2,0.14533333333333334,0,0,3,1,0,0,0,0,0,0,0.1793125
3642,ëÂíÀç_ìÒ,5,29,1,1,3,0.19724137931034483,0,0,0,0,0,1,0,0,0,0,0.1793125
3642,ëÂíÀç_ìÒ,6,26,0,1,1,0.20038461538461538,0,0,0,0,0,0,0,0,0,0,0.1793125
3643,ïƒìcó≤çO,1,45,19,15,7,0.1517777777777778,19,0,0,0,0,0,14,5,5,0,0.170875
3643,ïƒìcó≤çO,2,38,3,8,7,0.16894736842105262,0,3,0,0,0,0,0,0,0,24,0.170875
3643,ïƒìcó≤çO,3,40,6,9,5,0.1835,0,3,1,1,1,0,0,0,0,0,0.170875
3643,ïƒìcó≤çO,4,42,2,4,9,0.1830952380952381,0,0,0,0,2,0,0,0,0,0,0.170875
3643,ïƒìcó≤çO,5,35,0,5,12,0.15742857142857142,0,0,0,0,0,0,0,0,0,0,0.170875
3643,ïƒìcó≤çO,6,40,0,7,8,0.1805,0,0,0,0,0,0,0,0,0,0,0.170875
3644,ñÓã¥ê¨âÓ,1,24,11,3,3,0.14458333333333334,10,0,0,0,1,0,4,3,4,0,0.1714965986394558
3644,ñÓã¥ê¨âÓ,2,26,2,7,3,0.17038461538461538,0,1,1,0,0,0,0,0,0,14,0.1714965986394558
3644,ñÓã¥ê¨âÓ,3,29,0,3,2,0.1603448275862069,0,0,0,0,0,0,0,0,0,0,0.1714965986394558
3644,ñÓã¥ê¨âÓ,4,28,2,3,4,0.17392857142857143,0,1,1,0,0,0,0,0,0,0,0.1714965986394558
3644,ñÓã¥ê¨âÓ,5,22,0,1,5,0.2,0,0,0,0,0,0,0,0,0,0,0.1714965986394558
3644,ñÓã¥ê¨âÓ,6,18,0,0,2,0.18833333333333335,0,0,0,0,0,0,0,0,0,0,0.1714965986394558
3645,ü«ìcêÁàüäÛ,1,10,6,1,1,0.152,5,0,0,0,1,0,2,0,0,0,0.1452542372881356
3645,ü«ìcêÁàüäÛ,2,11,3,2,2,0.14727272727272728,0,2,0,0,1,0,0,0,0,7,0.1452542372881356
3645,ü«ìcêÁàüäÛ,3,11,1,2,4,0.14181818181818182,0,0,0,1,0,0,0,0,0,0,0.1452542372881356
3645,ü«ìcêÁàüäÛ,4,12,4,4,0,0.13916666666666666,0,0,1,3,0,0,0,0,0,0,0.1452542372881356
3645,ü«ìcêÁàüäÛ,5,8,1,2,0,0.1525,0,0,0,0,0,1,0,0,0,0,0.1452542372881356
3645,ü«ìcêÁàüäÛ,6,7,1,1,1,0.13999999999999999,0,0,0,0,1,0,0,0,0,0,0.1452542372881356
3647,à…ì°óYìÒ,1,31,7,3,9,0.18806451612903227,7,0,0,0,0,0,9,9,5,0,0.17967441860465116
3647,à…ì°óYìÒ,2,41,3,8,11,0.1797560975609756,0,3,0,0,0,0,0,0,0,22,0.17967441860465116
3647,à…ì°óYìÒ,3,37,2,3,7,0.17729729729729732,0,0,2,0,0,0,0,0,0,0,0.17967441860465116
3647,à…ì°óYìÒ,4,38,2,5,4,0.17342105263157895,0,0,1,1,0,0,0,0,0,0,0.17967441860465116
3647,à…ì°óYìÒ,5,32,2,2,3,0.164375,0,0,1,1,0,0,0,0,0,0,0.17967441860465116
3647,à…ì°óYìÒ,6,36,0,0,4,0.195,0,0,0,0,0,0,0,0,0,0,0.17967441860465116
3652,êXâ∫óE,1,31,11,4,6,0.16322580645161291,11,0,0,0,0,0,7,6,5,0,0.1828169014084507
3652,êXâ∫óE,2,42,3,8,10,0.1757142857142857,0,0,2,0,1,0,0,0,0,23,0.1828169014084507
3652,êXâ∫óE,3,37,2,5,3,0.15162162162162163,0,0,1,1,0,0,0,0,0,0,0.1828169014084507
3652,êXâ∫óE,4,35,1,4,2,0.19914285714285715,0,0,0,1,0,0,0,0,0,0,0.1828169014084507
3652,êXâ∫óE,5,37,0,1,4,0.20486486486486485,0,0,0,0,0,0,0,0,0,0,0.1828169014084507
3652,êXâ∫óE,6,31,2,0,0,0.20451612903225805,0,0,0,1,0,1,0,0,0,0,0.1828169014084507
3653,ïiêÏå´éü,1,39,15,8,2,0.17846153846153845,14,0,0,0,1,0,7,7,5,0,0.1925764192139738
3653,ïiêÏå´éü,2,39,8,8,6,0.1864102564102564,0,4,2,0,2,0,0,0,0,13,0.1925764192139738
3653,ïiêÏå´éü,3,37,3,10,7,0.19,0,1,2,0,0,0,0,0,0,0,0.1925764192139738
3653,ïiêÏå´éü,4,40,3,6,7,0.18125,0,0,2,1,0,0,0,0,0,0,0.1925764192139738
3653,ïiêÏå´éü,5,39,1,6,5,0.21564102564102564,0,0,1,0,0,0,0,0,0,0,0.1925764192139738
3653,ïiêÏå´éü,6,35,0,2,5,0.20514285714285713,0,0,0,0,0,0,0,0,0,0,0.1925764192139738
3654,ïêìcåıéj,1,59,44,4,2,0.16983050847457626,44,0,0,0,0,0,6,6,2,0,0.172226148409894
3654,ïêìcåıéj,2,50,12,10,10,0.1686,0,5,7,0,0,0,0,0,0,24,0.172226148409894
3654,ïêìcåıéj,3,49,18,10,9,0.1836734693877551,1,0,13,3,1,0,0,0,0,0,0.172226148409894
3654,ïêìcåıéj,4,46,16,9,10,0.15369565217391304,0,2,9,3,2,0,0,0,0,0,0.172226148409894
3654,ïêìcåıéj,5,38,9,6,7,0.18157894736842106,0,0,2,5,2,0,0,0,0,0,0.172226148409894
3654,ïêìcåıéj,6,41,2,0,8,0.17853658536585368,0,0,1,1,0,0,0,0,0,0,0.172226148409894
3655,ñ{ã¥çéóm,1,51,32,7,6,0.16980392156862745,32,0,0,0,0,0,8,8,3,0,0.18992248062015504
3655,ñ{ã¥çéóm,2,42,10,13,7,0.19976190476190478,0,6,3,0,1,0,0,0,0,13,0.18992248062015504
3655,ñ{ã¥çéóm,3,41,3,11,11,0.18878048780487805,0,1,1,1,0,0,0,0,0,0,0.18992248062015504
3655,ñ{ã¥çéóm,4,44,5,6,14,0.19090909090909092,0,2,2,0,1,0,0,0,0,0,0.18992248062015504
3655,ñ{ã¥çéóm,5,41,1,9,10,0.1848780487804878,0,0,0,1,0,0,0,0,0,0,0.18992248062015504
3655,ñ{ã¥çéóm,6,39,2,4,10,0.21102564102564103,0,1,0,1,0,0,0,0,0,0,0.18992248062015504
3656,îåïÍñFçP,1,40,17,10,6,0.16999999999999998,16,0,0,0,1,0,10,6,4,0,0.159
3656,îåïÍñFçP,2,46,6,16,10,0.14891304347826087,0,5,1,0,0,0,0,0,0,23,0.159
3656,îåïÍñFçP,3,37,4,5,8,0.15162162162162163,0,0,0,3,1,0,0,0,0,0,0.159
3656,îåïÍñFçP,4,39,2,13,5,0.1630769230769231,0,0,1,1,0,0,0,0,0,0,0.159
3656,îåïÍñFçP,5,38,3,5,7,0.15342105263157896,0,0,1,2,0,0,0,0,0,0,0.159
3656,îåïÍñFçP,6,30,0,3,8,0.17066666666666666,0,0,0,0,0,0,0,0,0,0,0.159
3659,ì°ê∂óYêl,1,40,18,15,2,0.15550000000000003,18,0,0,0,0,0,13,3,5,0,0.16506726457399104
3659,ì°ê∂óYêl,2,43,6,13,8,0.16604651162790696,0,4,1,0,1,0,0,0,0,24,0.16506726457399104
3659,ì°ê∂óYêl,3,34,1,8,10,0.16911764705882354,0,0,1,0,0,0,0,0,0,0,0.16506726457399104
3659,ì°ê∂óYêl,4,43,6,7,11,0.15325581395348836,0,0,4,1,1,0,0,0,0,0,0.16506726457399104
3659,ì°ê∂óYêl,5,29,3,7,6,0.1803448275862069,0,0,1,2,0,0,0,0,0,0,0.16506726457399104
3659,ì°ê∂óYêl,6,34,0,2,11,0.17294117647058824,0,0,0,0,0,0,0,0,0,0,0.16506726457399104
3660,í∑íJêÏêeâ§,1,32,8,8,4,0.203125,8,0,0,0,0,0,6,11,6,0,0.19665158371040725
3660,í∑íJêÏêeâ§,2,40,3,1,9,0.19875,0,2,1,0,0,0,0,0,0,20,0.19665158371040725
3660,í∑íJêÏêeâ§,3,42,0,4,9,0.1719047619047619,0,0,0,0,0,0,0,0,0,0,0.19665158371040725
3660,í∑íJêÏêeâ§,4,36,2,4,10,0.17805555555555555,0,0,1,1,0,0,0,0,0,0,0.19665158371040725
3660,í∑íJêÏêeâ§,5,37,0,3,1,0.20702702702702702,0,0,0,0,0,0,0,0,0,0,0.19665158371040725
3660,í∑íJêÏêeâ§,6,34,0,0,2,0.22705882352941179,0,0,0,0,0,0,0,0,0,0,0.19665158371040725
3661,ñˆê£ãªéu,1,41,18,14,4,0.1770731707317073,18,0,0,0,0,0,11,3,6,0,0.1794186046511628
3661,ñˆê£ãªéu,2,50,1,16,15,0.1838,0,1,0,0,0,0,0,0,0,36,0.1794186046511628
3661,ñˆê£ãªéu,3,43,2,7,8,0.16744186046511628,0,1,1,0,0,0,0,0,0,0,0.1794186046511628
3661,ñˆê£ãªéu,4,41,0,2,10,0.18170731707317073,0,0,0,0,0,0,0,0,0,0,0.1794186046511628
3661,ñˆê£ãªéu,5,42,1,4,9,0.18285714285714288,0,0,0,0,1,0,0,0,0,0,0.1794186046511628
3661,ñˆê£ãªéu,6,41,2,4,6,0.18317073170731707,0,1,0,1,0,0,0,0,0,0,0.1794186046511628
3662,ëÂíÎå≥ñæ,1,57,41,13,2,0.15456140350877193,38,0,0,0,3,0,7,2,6,0,0.1515523465703971
3662,ëÂíÎå≥ñæ,2,51,7,15,7,0.1523529411764706,1,2,4,0,0,0,0,0,0,27,0.1515523465703971
3662,ëÂíÎå≥ñæ,3,46,2,14,12,0.1508695652173913,0,1,0,1,0,0,0,0,0,0,0.1515523465703971
3662,ëÂíÎå≥ñæ,4,40,4,8,6,0.15925,0,0,1,2,1,0,0,0,0,0,0.1515523465703971
3662,ëÂíÎå≥ñæ,5,41,5,3,6,0.1478048780487805,0,0,1,3,1,0,0,0,0,0,0.1515523465703971
3662,ëÂíÎå≥ñæ,6,42,0,4,7,0.14357142857142857,0,0,0,0,0,0,0,0,0,0,0.1515523465703971
3663,ñÿéRòaçK,1,39,19,8,4,0.1694871794871795,19,0,0,0,0,0,7,5,5,0,0.16685185185185183
3663,ñÿéRòaçK,2,51,4,9,10,0.1703921568627451,0,3,0,0,1,0,0,0,0,28,0.16685185185185183
3663,ñÿéRòaçK,3,52,3,14,11,0.15961538461538463,0,0,1,1,1,0,0,0,0,0,0.16685185185185183
3663,ñÿéRòaçK,4,48,4,11,10,0.166875,0,0,3,0,1,0,0,0,0,0,0.16685185185185183
3663,ñÿéRòaçK,5,46,1,8,6,0.17347826086956522,0,0,0,1,0,0,0,0,0,0,0.16685185185185183
3663,ñÿéRòaçK,6,34,1,2,3,0.16058823529411764,0,0,0,1,0,0,0,0,0,0,0.16685185185185183
3664,óÈñÿå´àÍ,1,40,23,9,3,0.13899999999999998,21,0,0,0,2,0,4,3,7,0,0.1626382978723404
3664,óÈñÿå´àÍ,2,43,7,16,8,0.15604651162790698,0,0,7,0,0,0,0,0,0,23,0.1626382978723404
3664,óÈñÿå´àÍ,3,42,3,14,7,0.15261904761904763,0,1,1,1,0,0,0,0,0,0,0.1626382978723404
3664,óÈñÿå´àÍ,4,35,5,7,5,0.16342857142857142,0,0,5,0,0,0,0,0,0,0,0.1626382978723404
3664,óÈñÿå´àÍ,5,38,1,2,5,0.1705263157894737,0,0,1,0,0,0,0,0,0,0,0.1626382978723404
3664,óÈñÿå´àÍ,6,37,0,4,2,0.19837837837837838,0,0,0,0,0,0,0,0,0,0,0.1626382978723404
3668,ésêÏñ“,1,21,2,6,6,0.16809523809523808,1,0,0,0,1,0,11,1,3,0,0.17868055555555556
3668,ésêÏñ“,2,28,0,4,5,0.20500000000000002,0,0,0,0,0,0,0,0,0,13,0.17868055555555556
3668,ésêÏñ“,3,19,1,4,3,0.16631578947368422,0,0,0,1,0,0,0,0,0,0,0.17868055555555556
3668,ésêÏñ“,4,24,2,4,6,0.18416666666666667,0,0,1,0,1,0,0,0,0,0,0.17868055555555556
3668,ésêÏñ“,5,26,0,2,4,0.15961538461538463,0,0,0,0,0,0,0,0,0,0,0.17868055555555556
3668,ésêÏñ“,6,26,0,0,1,0.18192307692307694,0,0,0,0,0,0,0,0,0,0,0.17868055555555556
3670,å√‡VêMìÒ,1,15,5,3,1,0.14666666666666667,5,0,0,0,0,0,4,6,0,0,0.16912280701754387
3670,å√‡VêMìÒ,2,22,1,4,2,0.18,0,1,0,0,0,0,0,0,0,13,0.16912280701754387
3670,å√‡VêMìÒ,3,19,1,3,1,0.1931578947368421,0,0,0,1,0,0,0,0,0,0,0.16912280701754387
3670,å√‡VêMìÒ,4,19,0,2,4,0.1542105263157895,0,0,0,0,0,0,0,0,0,0,0.16912280701754387
3670,å√‡VêMìÒ,5,18,1,1,3,0.1488888888888889,0,0,0,1,0,0,0,0,0,0,0.16912280701754387
3670,å√‡VêMìÒ,6,21,0,0,1,0.18285714285714286,0,0,0,0,0,0,0,0,0,0,0.16912280701754387
3674,ä›åbéq,1,33,17,7,1,0.12878787878787878,16,0,0,0,1,0,8,4,2,0,0.14362244897959184
3674,ä›åbéq,2,37,8,12,4,0.14324324324324325,1,2,5,0,0,0,0,0,0,22,0.14362244897959184
3674,ä›åbéq,3,33,5,11,2,0.15242424242424243,0,0,3,2,0,0,0,0,0,0,0.14362244897959184
3674,ä›åbéq,4,32,10,6,2,0.14625,0,0,6,3,1,0,0,0,0,0,0.14362244897959184
3674,ä›åbéq,5,27,2,6,5,0.14148148148148149,0,0,0,2,0,0,0,0,0,0,0.14362244897959184
3674,ä›åbéq,6,34,1,5,8,0.14911764705882355,0,0,0,0,1,0,0,0,0,0,0.14362244897959184
3679,î—ìáèπçO,1,53,42,7,3,0.13358490566037737,41,0,0,0,1,0,4,1,5,0,0.148996138996139
3679,î—ìáèπçO,2,43,4,19,5,0.1572093023255814,0,2,1,0,0,1,0,0,0,21,0.148996138996139
3679,î—ìáèπçO,3,37,6,11,10,0.15405405405405406,0,1,3,1,1,0,0,0,0,0,0.148996138996139
3679,î—ìáèπçO,4,42,1,12,9,0.15261904761904763,0,0,0,1,0,0,0,0,0,0,0.148996138996139
3679,î—ìáèπçO,5,39,5,4,13,0.1417948717948718,0,0,1,4,0,0,0,0,0,0,0.148996138996139
3679,î—ìáèπçO,6,45,2,7,12,0.158,0,0,0,1,1,0,0,0,0,0,0.148996138996139
3680,êXó—ëæ,1,30,12,6,3,0.2033333333333333,12,0,0,0,0,0,4,10,3,0,0.21336492890995262
3680,êXó—ëæ,2,38,5,6,4,0.2123684210526316,0,2,3,0,0,0,0,0,0,18,0.21336492890995262
3680,êXó—ëæ,3,38,4,5,9,0.1805263157894737,0,0,4,0,0,0,0,0,0,0,0.21336492890995262
3680,êXó—ëæ,4,34,1,3,6,0.18941176470588236,0,0,1,0,0,0,0,0,0,0,0.21336492890995262
3680,êXó—ëæ,5,37,1,4,3,0.2218918918918919,0,0,0,1,0,0,0,0,0,0,0.21336492890995262
3680,êXó—ëæ,6,34,0,0,6,0.2747058823529412,0,0,0,0,0,0,0,0,0,0,0.21336492890995262
3681,éRíJâõ,1,39,16,13,4,0.16641025641025642,16,0,0,0,0,0,6,3,7,0,0.14974358974358973
3681,éRíJâõ,2,30,6,7,9,0.13866666666666666,1,2,1,0,1,1,0,0,0,11,0.14974358974358973
3681,éRíJâõ,3,35,7,9,7,0.12828571428571428,0,3,1,3,0,0,0,0,0,0,0.14974358974358973
3681,éRíJâõ,4,26,11,7,4,0.13,0,3,3,3,2,0,0,0,0,0,0.14974358974358973
3681,éRíJâõ,5,23,4,6,7,0.14304347826086958,0,0,0,4,0,0,0,0,0,0,0.14974358974358973
3681,éRíJâõ,6,42,2,3,10,0.17595238095238094,0,0,1,1,0,0,0,0,0,0,0.14974358974358973
3682,êÿìcèÅìÒ,1,17,1,4,3,0.19764705882352943,0,0,0,0,1,0,2,8,3,0,0.17589743589743592
3682,êÿìcèÅìÒ,2,24,0,3,8,0.15666666666666665,0,0,0,0,0,0,0,0,0,13,0.17589743589743592
3682,êÿìcèÅìÒ,3,22,0,1,4,0.17,0,0,0,0,0,0,0,0,0,0,0.17589743589743592
3682,êÿìcèÅìÒ,4,17,1,1,4,0.17,0,0,0,1,0,0,0,0,0,0,0.17589743589743592
3682,êÿìcèÅìÒ,5,19,0,1,1,0.16631578947368422,0,0,0,0,0,0,0,0,0,0,0.17589743589743592
3682,êÿìcèÅìÒ,6,18,0,1,2,0.2038888888888889,0,0,0,0,0,0,0,0,0,0,0.17589743589743592
3683,è¨âHê≥çÏ,1,25,20,3,1,0.1564,19,0,1,0,0,0,2,0,3,0,0.1587425149700599
3683,è¨âHê≥çÏ,2,28,6,7,6,0.16321428571428573,0,5,1,0,0,0,0,0,0,14,0.1587425149700599
3683,è¨âHê≥çÏ,3,28,5,4,5,0.1417857142857143,0,0,1,4,0,0,0,0,0,0,0.1587425149700599
3683,è¨âHê≥çÏ,4,36,3,7,10,0.16138888888888892,0,2,0,1,0,0,0,0,0,0,0.1587425149700599
3683,è¨âHê≥çÏ,5,26,1,2,5,0.15884615384615383,0,0,1,0,0,0,0,0,0,0,0.1587425149700599
3683,è¨âHê≥çÏ,6,24,0,5,5,0.17166666666666666,0,0,0,0,0,0,0,0,0,0,0.1587425149700599
3684,ê¥êÖçUìÒ,1,44,25,11,4,0.15409090909090908,24,0,0,0,1,0,3,10,4,0,0.18969298245614036
3684,ê¥êÖçUìÒ,2,33,3,13,7,0.1684848484848485,0,3,0,0,0,0,0,0,0,22,0.18969298245614036
3684,ê¥êÖçUìÒ,3,37,3,13,9,0.1781081081081081,0,0,2,0,1,0,0,0,0,0,0.18969298245614036
3684,ê¥êÖçUìÒ,4,39,3,6,15,0.19,0,1,0,1,0,1,0,0,0,0,0.18969298245614036
3684,ê¥êÖçUìÒ,5,39,0,3,12,0.20743589743589744,0,0,0,0,0,0,0,0,0,0,0.18969298245614036
3684,ê¥êÖçUìÒ,6,36,0,2,9,0.245,0,0,0,0,0,0,0,0,0,0,0.18969298245614036
3685,çrà‰ãPîN,1,42,22,10,5,0.1580952380952381,19,0,0,0,3,0,5,6,6,0,0.15067961165048543
3685,çrà‰ãPîN,2,41,6,10,9,0.1475609756097561,0,5,0,0,1,0,0,0,0,21,0.15067961165048543
3685,çrà‰ãPîN,3,33,7,6,10,0.14424242424242423,0,0,3,3,1,0,0,0,0,0,0.15067961165048543
3685,çrà‰ãPîN,4,28,3,6,9,0.1442857142857143,0,2,1,0,0,0,0,0,0,0,0.15067961165048543
3685,çrà‰ãPîN,5,30,2,5,7,0.155,0,0,0,2,0,0,0,0,0,0,0.15067961165048543
3685,çrà‰ãPîN,6,32,2,0,6,0.153125,0,0,1,1,0,0,0,0,0,0,0.15067961165048543
3686,íπãèíÀçFîé,1,51,36,8,3,0.11686274509803922,35,0,1,0,0,0,5,5,2,0,0.1458490566037736
3686,íπãèíÀçFîé,2,40,4,11,11,0.13525,0,2,1,0,1,0,0,0,0,18,0.1458490566037736
3686,íπãèíÀçFîé,3,48,6,13,10,0.17083333333333336,0,1,3,1,1,0,0,0,0,0,0.1458490566037736
3686,íπãèíÀçFîé,4,45,10,6,7,0.13844444444444445,0,2,6,2,0,0,0,0,0,0,0.1458490566037736
3686,íπãèíÀçFîé,5,46,3,2,10,0.15173913043478263,0,0,3,0,0,0,0,0,0,0,0.1458490566037736
3686,íπãèíÀçFîé,6,35,1,4,5,0.1677142857142857,0,0,1,0,0,0,0,0,0,0,0.1458490566037736
3687,â‘ìcòañæ,1,40,21,12,3,0.14,21,0,0,0,0,0,3,8,6,0,0.16468750000000001
3687,â‘ìcòañæ,2,40,4,10,8,0.1795,0,2,0,0,2,0,0,0,0,27,0.16468750000000001
3687,â‘ìcòañæ,3,34,2,7,8,0.14529411764705882,0,0,1,0,1,0,0,0,0,0,0.16468750000000001
3687,â‘ìcòañæ,4,39,2,2,9,0.18435897435897436,0,0,2,0,0,0,0,0,0,0,0.16468750000000001
3687,â‘ìcòañæ,5,33,2,7,3,0.15818181818181817,0,0,2,0,0,0,0,0,0,0,0.16468750000000001
3687,â‘ìcòañæ,6,38,3,4,8,0.17789473684210524,0,2,0,0,1,0,0,0,0,0,0.16468750000000001
3690,âÕçáéOçO,1,36,17,5,7,0.185,13,0,0,0,4,0,1,12,5,0,0.1900888888888889
3690,âÕçáéOçO,2,39,9,8,9,0.1976923076923077,0,8,0,0,1,0,0,0,0,18,0.1900888888888889
3690,âÕçáéOçO,3,43,6,7,7,0.18325581395348836,0,1,2,2,1,0,0,0,0,0,0.1900888888888889
3690,âÕçáéOçO,4,34,6,8,5,0.18735294117647058,0,1,4,0,1,0,0,0,0,0,0.1900888888888889
3690,âÕçáéOçO,5,39,3,4,5,0.17051282051282052,0,0,0,2,1,0,0,0,0,0,0.1900888888888889
3690,âÕçáéOçO,6,34,1,2,6,0.22058823529411764,0,0,0,1,0,0,0,0,0,0,0.1900888888888889
3692,í|çòê≥é˜,1,34,7,10,6,0.14911764705882355,7,0,0,0,0,0,8,7,7,0,0.1593073593073593
3692,í|çòê≥é˜,2,42,5,7,8,0.1719047619047619,0,5,0,0,0,0,0,0,0,21,0.1593073593073593
3692,í|çòê≥é˜,3,43,2,8,10,0.14465116279069767,0,1,1,0,0,0,0,0,0,0,0.1593073593073593
3692,í|çòê≥é˜,4,42,5,7,6,0.14142857142857143,0,0,4,0,0,1,0,0,0,0,0.1593073593073593
3692,í|çòê≥é˜,5,40,1,5,2,0.15150000000000002,0,0,0,1,0,0,0,0,0,0,0.1593073593073593
3692,í|çòê≥é˜,6,30,0,0,4,0.20966666666666667,0,0,0,0,0,0,0,0,0,0,0.1593073593073593
3693,äúèÍóDéq,1,28,6,5,2,0.15928571428571428,6,0,0,0,0,0,5,5,6,0,0.18198863636363638
3693,äúèÍóDéq,2,33,3,6,5,0.18484848484848487,0,0,3,0,0,0,0,0,0,15,0.18198863636363638
3693,äúèÍóDéq,3,35,3,6,5,0.18885714285714286,0,1,1,1,0,0,0,0,0,0,0.18198863636363638
3693,äúèÍóDéq,4,30,4,3,5,0.18333333333333332,0,1,3,0,0,0,0,0,0,0,0.18198863636363638
3693,äúèÍóDéq,5,27,0,1,4,0.17814814814814817,0,0,0,0,0,0,0,0,0,0,0.18198863636363638
3693,äúèÍóDéq,6,23,0,2,1,0.19782608695652174,0,0,0,0,0,0,0,0,0,0,0.18198863636363638
3696,îíà‰óFê∞,1,38,13,8,12,0.19815789473684212,13,0,0,0,0,0,7,12,3,0,0.17726086956521742
3696,îíà‰óFê∞,2,40,7,12,12,0.17450000000000002,0,5,1,0,1,0,0,0,0,14,0.17726086956521742
3696,îíà‰óFê∞,3,43,5,7,11,0.17209302325581396,0,0,1,3,1,0,0,0,0,0,0.17726086956521742
3696,îíà‰óFê∞,4,41,5,6,8,0.17390243902439023,0,0,3,2,0,0,0,0,0,0,0.17726086956521742
3696,îíà‰óFê∞,5,35,2,4,7,0.15857142857142856,0,0,0,1,1,0,0,0,0,0,0.17726086956521742
3696,îíà‰óFê∞,6,33,0,1,13,0.18727272727272726,0,0,0,0,0,0,0,0,0,0,0.17726086956521742
3697,èüñÏó≥éi,1,9,5,1,0,0.14444444444444446,4,0,0,0,1,0,1,1,0,0,0.14551724137931032
3697,èüñÏó≥éi,2,12,2,2,2,0.12583333333333332,0,2,0,0,0,0,0,0,0,7,0.14551724137931032
3697,èüñÏó≥éi,3,11,0,1,2,0.16636363636363638,0,0,0,0,0,0,0,0,0,0,0.14551724137931032
3697,èüñÏó≥éi,4,10,1,1,1,0.123,0,0,1,0,0,0,0,0,0,0,0.14551724137931032
3697,èüñÏó≥éi,5,9,0,1,2,0.13333333333333333,0,0,0,0,0,0,0,0,0,0,0.14551724137931032
3697,èüñÏó≥éi,6,7,0,0,0,0.19571428571428573,0,0,0,0,0,0,0,0,0,0,0.14551724137931032
3698,è¨ä™ó«éä,1,8,0,1,2,0.16875,0,0,0,0,0,0,5,1,1,0,0.18350877192982457
3698,è¨ä™ó«éä,2,11,0,1,3,0.1690909090909091,0,0,0,0,0,0,0,0,0,5,0.18350877192982457
3698,è¨ä™ó«éä,3,10,0,0,2,0.19,0,0,0,0,0,0,0,0,0,0,0.18350877192982457
3698,è¨ä™ó«éä,4,9,0,0,2,0.19555555555555557,0,0,0,0,0,0,0,0,0,0,0.18350877192982457
3698,è¨ä™ó«éä,5,10,0,0,1,0.155,0,0,0,0,0,0,0,0,0,0,0.18350877192982457
3698,è¨ä™ó«éä,6,9,0,0,1,0.22666666666666668,0,0,0,0,0,0,0,0,0,0,0.18350877192982457
3699,ïxâiê≥êl,1,30,15,5,1,0.145,15,0,0,0,0,0,4,5,3,0,0.1788108108108108
3699,ïxâiê≥êl,2,32,5,10,5,0.175625,1,4,0,0,0,0,0,0,0,18,0.1788108108108108
3699,ïxâiê≥êl,3,33,3,7,4,0.14636363636363636,0,0,1,2,0,0,0,0,0,0,0.1788108108108108
3699,ïxâiê≥êl,4,28,2,4,10,0.16964285714285715,0,0,1,0,0,1,0,0,0,0,0.1788108108108108
3699,ïxâiê≥êl,5,32,0,1,5,0.216875,0,0,0,0,0,0,0,0,0,0,0.1788108108108108
3699,ïxâiê≥êl,6,30,0,0,9,0.21966666666666665,0,0,0,0,0,0,0,0,0,0,0.1788108108108108
3701,ëÂêºó≤óm,1,33,11,12,2,0.1412121212121212,8,0,0,0,3,0,9,4,6,0,0.14587155963302753
3701,ëÂêºó≤óm,2,38,1,11,6,0.14973684210526317,0,1,0,0,0,0,0,0,0,29,0.14587155963302753
3701,ëÂêºó≤óm,3,39,1,5,7,0.18282051282051281,0,0,1,0,0,0,0,0,0,0,0.14587155963302753
3701,ëÂêºó≤óm,4,39,1,5,6,0.14102564102564102,0,0,1,0,0,0,0,0,0,0,0.14587155963302753
3701,ëÂêºó≤óm,5,38,1,5,3,0.1268421052631579,0,0,0,1,0,0,0,0,0,0,0.14587155963302753
3701,ëÂêºó≤óm,6,31,0,2,2,0.12903225806451613,0,0,0,0,0,0,0,0,0,0,0.14587155963302753
3702,íÂåìè~ìÒ,1,25,12,4,4,0.1812,10,0,0,0,2,0,4,3,3,0,0.155625
3702,íÂåìè~ìÒ,2,33,4,13,7,0.14212121212121212,0,1,3,0,0,0,0,0,0,14,0.155625
3702,íÂåìè~ìÒ,3,29,5,4,10,0.12827586206896552,0,0,4,1,0,0,0,0,0,0,0.155625
3702,íÂåìè~ìÒ,4,36,1,9,10,0.14333333333333334,0,0,1,0,0,0,0,0,0,0,0.155625
3702,íÂåìè~ìÒ,5,28,0,5,6,0.1675,0,0,0,0,0,0,0,0,0,0,0.155625
3702,íÂåìè~ìÒ,6,25,0,2,3,0.184,0,0,0,0,0,0,0,0,0,0,0.155625
3703,íπéî·¡,1,7,5,1,1,0.15714285714285717,4,0,0,0,1,0,0,0,1,0,0.1761290322580645
3703,íπéî·¡,2,6,1,2,1,0.17,0,0,1,0,0,0,0,0,0,4,0.1761290322580645
3703,íπéî·¡,3,6,3,1,0,0.18333333333333335,0,0,2,0,1,0,0,0,0,0,0.1761290322580645
3703,íπéî·¡,4,4,0,1,1,0.21,0,0,0,0,0,0,0,0,0,0,0.1761290322580645
3703,íπéî·¡,5,6,0,1,0,0.19666666666666666,0,0,0,0,0,0,0,0,0,0,0.1761290322580645
3703,íπéî·¡,6,2,0,0,0,0.11,0,0,0,0,0,0,0,0,0,0,0.1761290322580645
3704,ñ{ïîÇﬂÇÆÇ›,1,21,6,6,3,0.22857142857142856,6,0,0,0,0,0,4,5,5,0,0.24234848484848487
3704,ñ{ïîÇﬂÇÆÇ›,2,24,2,2,4,0.22458333333333336,0,1,1,0,0,0,0,0,0,14,0.24234848484848487
3704,ñ{ïîÇﬂÇÆÇ›,3,25,2,1,3,0.2552,0,0,2,0,0,0,0,0,0,0,0.24234848484848487
3704,ñ{ïîÇﬂÇÆÇ›,4,20,1,3,1,0.22999999999999998,0,0,1,0,0,0,0,0,0,0,0.24234848484848487
3704,ñ{ïîÇﬂÇÆÇ›,5,24,1,1,1,0.24041666666666664,0,0,0,0,1,0,0,0,0,0,0.24234848484848487
3704,ñ{ïîÇﬂÇÆÇ›,6,18,0,0,1,0.28055555555555556,0,0,0,0,0,0,0,0,0,0,0.24234848484848487
3705,‡_ìcó≤ç_,1,13,4,3,4,0.1553846153846154,4,0,0,0,0,0,1,3,3,0,0.16625
3705,‡_ìcó≤ç_,2,16,0,2,1,0.15625,0,0,0,0,0,0,0,0,0,8,0.16625
3705,‡_ìcó≤ç_,3,11,2,1,0,0.1827272727272727,0,1,0,1,0,0,0,0,0,0,0.16625
3705,‡_ìcó≤ç_,4,14,0,2,2,0.17642857142857143,0,0,0,0,0,0,0,0,0,0,0.16625
3705,‡_ìcó≤ç_,5,15,1,3,1,0.17066666666666666,0,1,0,0,0,0,0,0,0,0,0.16625
3705,‡_ìcó≤ç_,6,19,0,2,3,0.16157894736842104,0,0,0,0,0,0,0,0,0,0,0.16625
3708,â™ïîãMéi,1,47,27,11,2,0.1595744680851064,26,0,0,0,1,0,4,11,3,0,0.1758426966292135
3708,â™ïîãMéi,2,45,10,8,11,0.17955555555555555,2,6,2,0,0,0,0,0,0,23,0.1758426966292135
3708,â™ïîãMéi,3,43,7,10,5,0.17488372093023258,0,0,4,2,1,0,0,0,0,0,0.1758426966292135
3708,â™ïîãMéi,4,48,3,6,15,0.17354166666666668,0,0,1,2,0,0,0,0,0,0,0.1758426966292135
3708,â™ïîãMéi,5,42,5,5,3,0.18619047619047618,0,0,1,4,0,0,0,0,0,0,0.1758426966292135
3708,â™ïîãMéi,6,42,0,0,12,0.18333333333333335,0,0,0,0,0,0,0,0,0,0,0.1758426966292135
3709,ìcíÜç_îV,1,31,7,8,3,0.17870967741935484,5,0,0,0,1,1,8,10,2,0,0.20420289855072465
3709,ìcíÜç_îV,2,35,5,7,3,0.214,0,5,0,0,0,0,0,0,0,17,0.20420289855072465
3709,ìcíÜç_îV,3,44,1,6,4,0.19522727272727272,0,0,0,0,1,0,0,0,0,0,0.20420289855072465
3709,ìcíÜç_îV,4,35,2,3,5,0.21942857142857142,0,1,1,0,0,0,0,0,0,0,0.20420289855072465
3709,ìcíÜç_îV,5,31,0,1,6,0.20806451612903226,0,0,0,0,0,0,0,0,0,0,0.20420289855072465
3709,ìcíÜç_îV,6,31,0,0,5,0.2103225806451613,0,0,0,0,0,0,0,0,0,0,0.20420289855072465
3710,ãgâië◊çO,1,39,15,11,5,0.13,15,0,0,0,0,0,10,7,3,0,0.162
3710,ãgâië◊çO,2,40,4,9,11,0.14850000000000002,1,2,1,0,0,0,0,0,0,28,0.162
3710,ãgâië◊çO,3,43,1,12,11,0.1572093023255814,0,0,0,0,1,0,0,0,0,0,0.162
3710,ãgâië◊çO,4,44,4,7,13,0.17090909090909093,0,1,0,3,0,0,0,0,0,0,0.162
3710,ãgâië◊çO,5,36,1,1,4,0.16861111111111113,0,1,0,0,0,0,0,0,0,0,0.162
3710,ãgâië◊çO,6,38,0,1,6,0.19789473684210526,0,0,0,0,0,0,0,0,0,0,0.162
3711,ç]ñ{ê^é°,1,57,37,9,4,0.14596491228070177,36,0,0,0,1,0,5,5,4,0,0.15721804511278195
3711,ç]ñ{ê^é°,2,42,4,13,14,0.16023809523809524,0,3,1,0,0,0,0,0,0,28,0.15721804511278195
3711,ç]ñ{ê^é°,3,43,5,20,8,0.1344186046511628,0,0,3,1,1,0,0,0,0,0,0.15721804511278195
3711,ç]ñ{ê^é°,4,44,5,8,17,0.16136363636363638,0,3,1,1,0,0,0,0,0,0,0.15721804511278195
3711,ç]ñ{ê^é°,5,37,1,6,9,0.16567567567567568,0,0,0,1,0,0,0,0,0,0,0.15721804511278195
3711,ç]ñ{ê^é°,6,43,0,2,6,0.18046511627906978,0,0,0,0,0,0,0,0,0,0,0.15721804511278195
3712,ü«çÅï∂ïê,1,21,10,5,1,0.16095238095238096,10,0,0,0,0,0,2,5,1,0,0.1755483870967742
3712,ü«çÅï∂ïê,2,27,2,4,9,0.1862962962962963,0,2,0,0,0,0,0,0,0,17,0.1755483870967742
3712,ü«çÅï∂ïê,3,26,2,6,6,0.1426923076923077,0,1,1,0,0,0,0,0,0,0,0.1755483870967742
3712,ü«çÅï∂ïê,4,29,4,5,11,0.1631034482758621,0,3,0,1,0,0,0,0,0,0,0.1755483870967742
3712,ü«çÅï∂ïê,5,29,1,4,5,0.17413793103448275,0,0,0,1,0,0,0,0,0,0,0.1755483870967742
3712,ü«çÅï∂ïê,6,23,0,1,2,0.23086956521739133,0,0,0,0,0,0,0,0,0,0,0.1755483870967742
3713,à…ì°êΩìÒ,1,65,41,15,3,0.11723076923076924,38,0,0,0,3,0,4,5,14,0,0.1266326530612245
3713,à…ì°êΩìÒ,2,53,9,15,8,0.14528301886792452,0,7,2,0,0,0,0,0,0,23,0.1266326530612245
3713,à…ì°êΩìÒ,3,46,12,17,7,0.12695652173913044,0,0,3,8,1,0,0,0,0,0,0.1266326530612245
3713,à…ì°êΩìÒ,4,43,7,11,11,0.12604651162790698,0,0,5,1,1,0,0,0,0,0,0.1266326530612245
3713,à…ì°êΩìÒ,5,41,2,9,6,0.12634146341463415,0,1,0,1,0,0,0,0,0,0,0.1266326530612245
3713,à…ì°êΩìÒ,6,46,5,8,6,0.11891304347826086,0,0,3,2,0,0,0,0,0,0,0.1266326530612245
3714,äÅå¥ê≥,1,32,14,8,3,0.159375,13,0,0,0,1,0,5,8,4,0,0.1592857142857143
3714,äÅå¥ê≥,2,36,5,9,12,0.14777777777777779,0,2,3,0,0,0,0,0,0,19,0.1592857142857143
3714,äÅå¥ê≥,3,41,1,8,8,0.144390243902439,0,0,0,1,0,0,0,0,0,0,0.1592857142857143
3714,äÅå¥ê≥,4,37,3,5,5,0.15945945945945947,0,0,2,0,1,0,0,0,0,0,0.1592857142857143
3714,äÅå¥ê≥,5,32,2,3,3,0.1628125,0,0,1,0,0,1,0,0,0,0,0.1592857142857143
3714,äÅå¥ê≥,6,32,0,0,7,0.1875,0,0,0,0,0,0,0,0,0,0,0.1592857142857143
3715,ëqîˆëÂâÓ,1,16,9,1,3,0.17,9,0,0,0,0,0,3,3,1,0,0.16492063492063494
3715,ëqîˆëÂâÓ,2,25,4,6,5,0.162,0,2,2,0,0,0,0,0,0,15,0.16492063492063494
3715,ëqîˆëÂâÓ,3,21,3,4,4,0.13857142857142857,0,0,2,1,0,0,0,0,0,0,0.16492063492063494
3715,ëqîˆëÂâÓ,4,22,2,6,5,0.1640909090909091,0,1,0,0,1,0,0,0,0,0,0.16492063492063494
3715,ëqîˆëÂâÓ,5,22,1,0,5,0.17772727272727273,0,0,0,1,0,0,0,0,0,0,0.16492063492063494
3715,ëqîˆëÂâÓ,6,20,1,3,1,0.179,0,1,0,0,0,0,0,0,0,0,0.16492063492063494
3716,êŒìnìSï∫,1,58,36,12,7,0.1336206896551724,34,0,0,0,2,0,1,5,10,0,0.1298846153846154
3716,êŒìnìSï∫,2,39,12,8,9,0.1330769230769231,0,8,3,1,0,0,0,0,0,13,0.1298846153846154
3716,êŒìnìSï∫,3,41,15,7,6,0.13048780487804879,0,3,3,7,2,0,0,0,0,0,0.1298846153846154
3716,êŒìnìSï∫,4,40,14,6,5,0.11425,0,2,9,3,0,0,0,0,0,0,0.1298846153846154
3716,êŒìnìSï∫,5,39,7,6,12,0.12333333333333335,0,0,3,4,0,0,0,0,0,0,0.1298846153846154
3716,êŒìnìSï∫,6,43,4,8,6,0.14186046511627906,0,0,0,4,0,0,0,0,0,0,0.1298846153846154
3717,óßä‘è[çG,1,63,34,18,5,0.12253968253968253,33,0,0,0,1,0,9,6,11,0,0.12970588235294117
3717,óßä‘è[çG,2,40,6,12,8,0.13999999999999999,0,4,1,0,1,0,0,0,0,20,0.12970588235294117
3717,óßä‘è[çG,3,44,10,13,7,0.1309090909090909,0,0,5,3,2,0,0,0,0,0,0.12970588235294117
3717,óßä‘è[çG,4,42,8,10,8,0.12261904761904763,0,0,2,6,0,0,0,0,0,0,0.12970588235294117
3717,óßä‘è[çG,5,46,7,6,12,0.13021739130434784,0,0,1,6,0,0,0,0,0,0,0.12970588235294117
3717,óßä‘è[çG,6,37,3,4,6,0.13675675675675678,0,0,1,2,0,0,0,0,0,0,0.12970588235294117
3718,à…íBê≥óò,1,38,20,8,0,0.1386842105263158,20,0,0,0,0,0,3,5,8,0,0.16892561983471074
3718,à…íBê≥óò,2,38,3,5,9,0.1723684210526316,0,2,0,1,0,0,0,0,0,23,0.16892561983471074
3718,à…íBê≥óò,3,46,6,12,5,0.16,0,2,2,2,0,0,0,0,0,0,0.16892561983471074
3718,à…íBê≥óò,4,42,1,5,15,0.1561904761904762,0,0,1,0,0,0,0,0,0,0,0.16892561983471074
3718,à…íBê≥óò,5,44,3,4,3,0.18113636363636365,0,2,0,1,0,0,0,0,0,0,0.16892561983471074
3718,à…íBê≥óò,6,34,1,1,0,0.21088235294117647,0,0,1,0,0,0,0,0,0,0,0.16892561983471074
3719,í“âhë†,1,58,43,7,3,0.14137931034482756,38,0,0,0,5,0,4,2,5,0,0.1467300380228137
3719,í“âhë†,2,40,7,11,10,0.15725,1,6,0,0,0,0,0,0,0,18,0.1467300380228137
3719,í“âhë†,3,42,5,13,10,0.13285714285714287,0,2,0,2,1,0,0,0,0,0,0.1467300380228137
3719,í“âhë†,4,38,6,5,11,0.15078947368421053,0,0,1,5,0,0,0,0,0,0,0.1467300380228137
3719,í“âhë†,5,42,3,10,9,0.16,0,0,1,2,0,0,0,0,0,0,0.1467300380228137
3719,í“âhë†,6,43,3,4,7,0.14116279069767443,0,1,1,1,0,0,0,0,0,0,0.1467300380228137
3721,éÁìcèrâÓ,1,54,43,6,2,0.11277777777777777,43,0,0,0,0,0,2,6,3,0,0.12037383177570095
3721,éÁìcèrâÓ,2,33,9,10,6,0.1096969696969697,0,7,1,1,0,0,0,0,0,20,0.12037383177570095
3721,éÁìcèrâÓ,3,31,8,10,2,0.12903225806451613,0,1,1,5,1,0,0,0,0,0,0.12037383177570095
3721,éÁìcèrâÓ,4,35,6,8,9,0.10314285714285713,0,2,3,1,0,0,0,0,0,0,0.12037383177570095
3721,éÁìcèrâÓ,5,33,2,8,10,0.13303030303030305,0,1,1,0,0,0,0,0,0,0,0.12037383177570095
3721,éÁìcèrâÓ,6,28,3,8,5,0.14464285714285713,0,2,0,1,0,0,0,0,0,0,0.12037383177570095
3722,êºë∫èGé˜,1,24,6,1,6,0.18041666666666667,6,0,0,0,0,0,6,7,3,0,0.16984375
3722,êºë∫èGé˜,2,34,1,8,7,0.17029411764705882,0,1,0,0,0,0,0,0,0,21,0.16984375
3722,êºë∫èGé˜,3,37,3,4,3,0.15,0,2,1,0,0,0,0,0,0,0,0.16984375
3722,êºë∫èGé˜,4,31,0,6,5,0.15225806451612903,0,0,0,0,0,0,0,0,0,0,0.16984375
3722,êºë∫èGé˜,5,37,0,2,6,0.17027027027027025,0,0,0,0,0,0,0,0,0,0,0.16984375
3722,êºë∫èGé˜,6,29,0,0,1,0.20413793103448274,0,0,0,0,0,0,0,0,0,0,0.16984375
3723,îíà‰çOï∂,1,2,0,0,0,0.225,0,0,0,0,0,0,2,0,0,0,0.18136363636363637
3723,îíà‰çOï∂,2,5,0,0,3,0.198,0,0,0,0,0,0,0,0,0,3,0.18136363636363637
3723,îíà‰çOï∂,3,5,0,1,1,0.16,0,0,0,0,0,0,0,0,0,0,0.18136363636363637
3723,îíà‰çOï∂,4,2,0,1,0,0.11,0,0,0,0,0,0,0,0,0,0,0.18136363636363637
3723,îíà‰çOï∂,5,6,0,1,0,0.215,0,0,0,0,0,0,0,0,0,0,0.18136363636363637
3723,îíà‰çOï∂,6,2,0,0,0,0.12,0,0,0,0,0,0,0,0,0,0,0.18136363636363637
3725,å¸íBç∆,1,37,20,8,4,0.14297297297297298,20,0,0,0,0,0,8,2,5,0,0.17373983739837398
3725,å¸íBç∆,2,43,4,11,7,0.1827906976744186,0,3,1,0,0,0,0,0,0,23,0.17373983739837398
3725,å¸íBç∆,3,42,1,5,6,0.15785714285714286,0,0,1,0,0,0,0,0,0,0,0.17373983739837398
3725,å¸íBç∆,4,41,1,3,6,0.18439024390243905,0,1,0,0,0,0,0,0,0,0,0.17373983739837398
3725,å¸íBç∆,5,47,0,1,6,0.18680851063829787,0,0,0,0,0,0,0,0,0,0,0.17373983739837398
3725,å¸íBç∆,6,36,1,2,4,0.18388888888888888,0,0,0,1,0,0,0,0,0,0,0.17373983739837398
3726,åjó—ä∞,1,33,15,7,2,0.16666666666666666,15,0,0,0,0,0,7,7,4,0,0.1625409836065574
3726,åjó—ä∞,2,47,3,11,13,0.15085106382978722,0,2,1,0,0,0,0,0,0,27,0.1625409836065574
3726,åjó—ä∞,3,50,5,10,8,0.1656,0,1,3,0,1,0,0,0,0,0,0.1625409836065574
3726,åjó—ä∞,4,43,2,4,5,0.15558139534883722,0,0,1,1,0,0,0,0,0,0,0.1625409836065574
3726,åjó—ä∞,5,38,4,1,7,0.17394736842105263,0,0,1,2,1,0,0,0,0,0,0.1625409836065574
3726,åjó—ä∞,6,33,0,1,4,0.16636363636363638,0,0,0,0,0,0,0,0,0,0,0.1625409836065574
3730,âñçËóDéi,1,34,14,6,5,0.17058823529411765,14,0,0,0,0,0,7,8,5,0,0.18013513513513515
3730,âñçËóDéi,2,39,4,9,9,0.17487179487179488,0,3,1,0,0,0,0,0,0,21,0.18013513513513515
3730,âñçËóDéi,3,34,3,8,8,0.16705882352941176,0,0,2,1,0,0,0,0,0,0,0.18013513513513515
3730,âñçËóDéi,4,41,1,6,7,0.1851219512195122,0,0,1,0,0,0,0,0,0,0,0.18013513513513515
3730,âñçËóDéi,5,37,0,0,4,0.1745945945945946,0,0,0,0,0,0,0,0,0,0,0.18013513513513515
3730,âñçËóDéi,6,37,0,1,4,0.2064864864864865,0,0,0,0,0,0,0,0,0,0,0.18013513513513515
3731,çÇ‡_ñFãv,1,49,31,5,2,0.18346938775510205,30,0,0,0,1,0,5,8,4,0,0.1813671875
3731,çÇ‡_ñFãv,2,47,5,11,6,0.19255319148936173,1,3,0,0,1,0,0,0,0,22,0.1813671875
3731,çÇ‡_ñFãv,3,41,6,7,6,0.17634146341463416,0,2,2,2,0,0,0,0,0,0,0.1813671875
3731,çÇ‡_ñFãv,4,42,4,5,6,0.15666666666666668,0,2,1,1,0,0,0,0,0,0,0.1813671875
3731,çÇ‡_ñFãv,5,38,3,5,8,0.16447368421052633,0,1,0,1,1,0,0,0,0,0,0.1813671875
3731,çÇ‡_ñFãv,6,39,2,8,8,0.21358974358974359,0,1,1,0,0,0,0,0,0,0,0.1813671875
3734,ã{ìcê≠èü,1,22,12,2,1,0.14727272727272728,12,0,0,0,0,0,4,0,5,0,0.16435754189944135
3734,ã{ìcê≠èü,2,32,1,7,8,0.1775,0,1,0,0,0,0,0,0,0,17,0.16435754189944135
3734,ã{ìcê≠èü,3,37,3,7,7,0.1583783783783784,0,0,2,1,0,0,0,0,0,0,0.16435754189944135
3734,ã{ìcê≠èü,4,29,3,7,5,0.1396551724137931,0,1,2,0,0,0,0,0,0,0,0.16435754189944135
3734,ã{ìcê≠èü,5,32,2,1,7,0.165625,0,0,1,1,0,0,0,0,0,0,0.16435754189944135
3734,ã{ìcê≠èü,6,27,1,2,7,0.19592592592592592,0,0,0,1,0,0,0,0,0,0,0.16435754189944135
3736,â™ñ{ñ“,1,41,21,1,7,0.17902439024390243,19,0,0,0,1,1,6,8,4,0,0.1646946564885496
3736,â™ñ{ñ“,2,49,4,14,4,0.17285714285714288,0,1,1,0,2,0,0,0,0,23,0.1646946564885496
3736,â™ñ{ñ“,3,46,4,9,12,0.16152173913043477,0,1,2,1,0,0,0,0,0,0,0.1646946564885496
3736,â™ñ{ñ“,4,45,9,5,12,0.14155555555555555,0,0,5,4,0,0,0,0,0,0,0.1646946564885496
3736,â™ñ{ñ“,5,44,1,3,7,0.17636363636363636,0,0,0,1,0,0,0,0,0,0,0.1646946564885496
3736,â™ñ{ñ“,6,37,2,2,5,0.15621621621621623,0,1,0,1,0,0,0,0,0,0,0.1646946564885496
3737,è„ïΩê^ìÒ,1,52,34,4,6,0.17115384615384616,29,0,0,0,5,0,2,10,3,0,0.18272373540856032
3737,è„ïΩê^ìÒ,2,43,12,14,7,0.17,0,7,0,1,4,0,0,0,0,19,0.18272373540856032
3737,è„ïΩê^ìÒ,3,46,13,11,12,0.17869565217391306,0,3,5,3,1,1,0,0,0,0,0.18272373540856032
3737,è„ïΩê^ìÒ,4,36,4,15,7,0.1736111111111111,0,1,1,1,0,1,0,0,0,0,0.18272373540856032
3737,è„ïΩê^ìÒ,5,39,5,7,9,0.19538461538461538,0,1,1,1,2,0,0,0,0,0,0.18272373540856032
3737,è„ïΩê^ìÒ,6,41,3,5,15,0.21121951219512194,0,1,0,2,0,0,0,0,0,0,0.18272373540856032
3740,ëÂ‡VïÅéi,1,51,32,6,4,0.13862745098039217,29,0,0,0,3,0,7,6,3,0,0.15010909090909091
3740,ëÂ‡VïÅéi,2,46,4,20,10,0.16304347826086957,0,3,0,0,0,1,0,0,0,31,0.15010909090909091
3740,ëÂ‡VïÅéi,3,45,10,10,11,0.12177777777777779,0,0,6,4,0,0,0,0,0,0,0.15010909090909091
3740,ëÂ‡VïÅéi,4,49,10,6,13,0.16306122448979593,0,1,6,3,0,0,0,0,0,0,0.15010909090909091
3740,ëÂ‡VïÅéi,5,50,7,9,10,0.149,0,0,3,3,1,0,0,0,0,0,0.15010909090909091
3740,ëÂ‡VïÅéi,6,34,2,6,10,0.17029411764705882,0,0,2,0,0,0,0,0,0,0,0.15010909090909091
3741,èºîˆäÓê¨,1,38,14,7,4,0.17684210526315788,14,0,0,0,0,0,9,4,7,0,0.1838095238095238
3741,èºîˆäÓê¨,2,43,4,6,12,0.15976744186046513,0,2,1,0,1,0,0,0,0,23,0.1838095238095238
3741,èºîˆäÓê¨,3,49,2,8,11,0.19285714285714284,0,0,1,0,1,0,0,0,0,0,0.1838095238095238
3741,èºîˆäÓê¨,4,46,0,5,5,0.18282608695652175,0,0,0,0,0,0,0,0,0,0,0.1838095238095238
3741,èºîˆäÓê¨,5,39,1,4,7,0.19282051282051282,0,0,1,0,0,0,0,0,0,0,0.1838095238095238
3741,èºîˆäÓê¨,6,37,0,1,4,0.19864864864864865,0,0,0,0,0,0,0,0,0,0,0.1838095238095238
3742,ã{ínèGãF,1,36,21,9,3,0.15388888888888888,21,0,0,0,0,0,4,6,4,0,0.1737860082304527
3742,ã{ínèGãF,2,42,2,9,11,0.18309523809523812,0,2,0,0,0,0,0,0,0,23,0.1737860082304527
3742,ã{ínèGãF,3,49,1,14,9,0.16448979591836735,0,0,0,1,0,0,0,0,0,0,0.1737860082304527
3742,ã{ínèGãF,4,41,3,3,8,0.1902439024390244,0,2,1,0,0,0,0,0,0,0,0.1737860082304527
3742,ã{ínèGãF,5,36,1,3,7,0.15472222222222223,0,0,0,0,1,0,0,0,0,0,0.1737860082304527
3742,ã{ínèGãF,6,39,0,3,5,0.1941025641025641,0,0,0,0,0,0,0,0,0,0,0.1737860082304527
3743,ó—î¸åõ,1,69,45,14,5,0.12782608695652176,43,0,0,0,2,0,10,6,8,0,0.14216606498194947
3743,ó—î¸åõ,2,47,6,14,14,0.13914893617021276,0,5,1,0,0,0,0,0,0,25,0.14216606498194947
3743,ó—î¸åõ,3,39,6,12,12,0.1376923076923077,0,0,3,3,0,0,0,0,0,0,0.14216606498194947
3743,ó—î¸åõ,4,43,3,18,10,0.15069767441860465,0,0,1,2,0,0,0,0,0,0,0.14216606498194947
3743,ó—î¸åõ,5,36,8,11,4,0.14694444444444443,0,2,5,0,1,0,0,0,0,0,0.14216606498194947
3743,ó—î¸åõ,6,43,8,13,10,0.16,0,4,2,2,0,0,0,0,0,0,0.14216606498194947
3744,ìøëùèGé˜,1,56,47,5,1,0.1332142857142857,47,0,0,0,0,0,1,4,3,0,0.13373540856031127
3744,ìøëùèGé˜,2,40,9,12,6,0.1375,0,5,3,0,1,0,0,0,0,23,0.13373540856031127
3744,ìøëùèGé˜,3,42,8,10,5,0.1457142857142857,0,1,5,1,1,0,0,0,0,0,0.13373540856031127
3744,ìøëùèGé˜,4,44,7,14,9,0.12318181818181818,0,0,5,2,0,0,0,0,0,0,0.13373540856031127
3744,ìøëùèGé˜,5,34,4,3,6,0.12441176470588236,0,1,2,1,0,0,0,0,0,0,0.13373540856031127
3744,ìøëùèGé˜,6,41,8,5,8,0.13756097560975608,0,1,3,1,3,0,0,0,0,0,0.13373540856031127
3745,ã¥ñ{îNåı,1,51,23,10,9,0.15274509803921568,22,0,0,0,1,0,7,12,7,0,0.1465625
3745,ã¥ñ{îNåı,2,42,2,11,13,0.13833333333333334,0,2,0,0,0,0,0,0,0,25,0.1465625
3745,ã¥ñ{îNåı,3,47,4,10,14,0.13787234042553193,0,1,2,1,0,0,0,0,0,0,0.1465625
3745,ã¥ñ{îNåı,4,42,2,10,13,0.1523809523809524,0,2,0,0,0,0,0,0,0,0,0.1465625
3745,ã¥ñ{îNåı,5,32,1,7,6,0.1459375,0,0,0,1,0,0,0,0,0,0,0.1465625
3745,ã¥ñ{îNåı,6,42,1,7,6,0.15166666666666667,0,0,0,0,0,1,0,0,0,0,0.1465625
3746,â™ê£ê≥êl,1,71,47,12,7,0.13929577464788734,47,0,0,0,0,0,8,10,6,0,0.15987421383647799
3746,â™ê£ê≥êl,2,58,9,16,17,0.15775862068965518,0,9,0,0,0,0,0,0,0,34,0.15987421383647799
3746,â™ê£ê≥êl,3,52,6,14,19,0.16173076923076923,0,0,0,6,0,0,0,0,0,0,0.15987421383647799
3746,â™ê£ê≥êl,4,44,5,8,12,0.17363636363636364,0,2,0,3,0,0,0,0,0,0,0.15987421383647799
3746,â™ê£ê≥êl,5,44,4,9,8,0.16772727272727272,0,0,0,4,0,0,0,0,0,0,0.15987421383647799
3746,â™ê£ê≥êl,6,49,1,7,9,0.17081632653061224,0,0,0,1,0,0,0,0,0,0,0.15987421383647799
3747,ö†çËó«èt,1,39,29,4,2,0.16205128205128205,28,0,0,0,1,0,5,1,4,0,0.15445783132530122
3747,ö†çËó«èt,2,43,8,13,5,0.15209302325581395,0,5,3,0,0,0,0,0,0,21,0.15445783132530122
3747,ö†çËó«èt,3,48,6,10,12,0.16333333333333333,0,1,3,1,1,0,0,0,0,0,0.15445783132530122
3747,ö†çËó«èt,4,43,7,4,9,0.16325581395348837,0,0,5,1,1,0,0,0,0,0,0.15445783132530122
3747,ö†çËó«èt,5,39,5,4,6,0.14743589743589744,0,0,0,3,2,0,0,0,0,0,0.15445783132530122
3747,ö†çËó«èt,6,37,1,6,6,0.13486486486486488,0,0,1,0,0,0,0,0,0,0,0.15445783132530122
3748,è¨çïó≥å·,1,28,9,5,4,0.15357142857142855,9,0,0,0,0,0,8,6,4,0,0.1577570093457944
3748,è¨çïó≥å·,2,45,5,12,6,0.15955555555555556,0,3,0,0,1,1,0,0,0,22,0.1577570093457944
3748,è¨çïó≥å·,3,42,1,8,6,0.15523809523809526,0,0,1,0,0,0,0,0,0,0,0.1577570093457944
3748,è¨çïó≥å·,4,31,2,2,5,0.15064516129032257,0,1,1,0,0,0,0,0,0,0,0.1577570093457944
3748,è¨çïó≥å·,5,33,1,5,5,0.17181818181818181,0,0,0,1,0,0,0,0,0,0,0.1577570093457944
3748,è¨çïó≥å·,6,35,1,0,5,0.15485714285714286,0,0,0,1,0,0,0,0,0,0,0.1577570093457944
3752,âFìyë◊èA,1,29,13,9,2,0.19172413793103446,13,0,0,0,0,0,8,5,1,0,0.17253456221198155
3752,âFìyë◊èA,2,38,5,11,5,0.20078947368421052,0,4,0,0,1,0,0,0,0,20,0.17253456221198155
3752,âFìyë◊èA,3,43,7,11,7,0.16372093023255815,0,0,1,4,2,0,0,0,0,0,0.17253456221198155
3752,âFìyë◊èA,4,41,6,4,12,0.15951219512195122,0,1,1,2,2,0,0,0,0,0,0.17253456221198155
3752,âFìyë◊èA,5,34,3,6,4,0.1723529411764706,0,0,0,3,0,0,0,0,0,0,0.17253456221198155
3752,âFìyë◊èA,6,32,1,3,5,0.15031250000000002,0,0,0,1,0,0,0,0,0,0,0.17253456221198155
3753,âÕè„ìNñÁ,1,28,11,3,5,0.15392857142857144,10,0,0,0,1,0,4,6,6,0,0.17784210526315788
3753,âÕè„ìNñÁ,2,37,3,6,5,0.1545945945945946,0,2,1,0,0,0,0,0,0,21,0.17784210526315788
3753,âÕè„ìNñÁ,3,35,2,7,4,0.17685714285714288,0,0,2,0,0,0,0,0,0,0,0.17784210526315788
3753,âÕè„ìNñÁ,4,29,0,0,2,0.17275862068965517,0,0,0,0,0,0,0,0,0,0,0.17784210526315788
3753,âÕè„ìNñÁ,5,32,0,0,2,0.1921875,0,0,0,0,0,0,0,0,0,0,0.17784210526315788
3753,âÕè„ìNñÁ,6,29,0,1,1,0.2210344827586207,0,0,0,0,0,0,0,0,0,0,0.17784210526315788
3755,ãgë∫òañÁ,1,1,0,0,0,0.29,0,0,0,0,0,0,0,0,1,0,0.2125
3755,ãgë∫òañÁ,2,2,0,0,0,0.10500000000000001,0,0,0,0,0,0,0,0,0,1,0.2125
3755,ãgë∫òañÁ,3,2,0,0,1,0.225,0,0,0,0,0,0,0,0,0,0,0.2125
3755,ãgë∫òañÁ,5,2,0,0,0,0.24,0,0,0,0,0,0,0,0,0,0,0.2125
3755,ãgë∫òañÁ,6,1,0,0,0,0.27,0,0,0,0,0,0,0,0,0,0,0.2125
3757,î®òaçG,1,43,18,11,6,0.1672093023255814,17,0,0,0,1,0,10,6,5,0,0.18811965811965814
3757,î®òaçG,2,43,4,12,8,0.18790697674418605,0,2,0,0,1,1,0,0,0,23,0.18811965811965814
3757,î®òaçG,3,43,2,8,12,0.17395348837209304,0,0,0,2,0,0,0,0,0,0,0.18811965811965814
3757,î®òaçG,4,36,0,7,8,0.19694444444444445,0,0,0,0,0,0,0,0,0,0,0.18811965811965814
3757,î®òaçG,5,30,0,1,10,0.18366666666666667,0,0,0,0,0,0,0,0,0,0,0.18811965811965814
3757,î®òaçG,6,39,0,3,9,0.22230769230769232,0,0,0,0,0,0,0,0,0,0,0.18811965811965814
3761,éRñ{åıóY,1,31,19,6,1,0.14387096774193547,18,0,0,0,1,0,0,7,3,0,0.1555223880597015
3761,éRñ{åıóY,2,37,6,10,9,0.14702702702702702,0,4,2,0,0,0,0,0,0,24,0.1555223880597015
3761,éRñ{åıóY,3,36,4,7,8,0.15583333333333335,0,2,2,0,0,0,0,0,0,0,0.1555223880597015
3761,éRñ{åıóY,4,35,3,3,12,0.15828571428571428,0,0,1,1,1,0,0,0,0,0,0.1555223880597015
3761,éRñ{åıóY,5,29,0,6,6,0.1606896551724138,0,0,0,0,0,0,0,0,0,0,0.1555223880597015
3761,éRñ{åıóY,6,33,0,5,7,0.16818181818181818,0,0,0,0,0,0,0,0,0,0,0.1555223880597015
3769,ç≤í|çPïF,1,39,25,6,3,0.1441025641025641,23,0,0,0,2,0,6,5,3,0,0.16603960396039605
3769,ç≤í|çPïF,2,38,6,9,12,0.16236842105263158,0,6,0,0,0,0,0,0,0,20,0.16603960396039605
3769,ç≤í|çPïF,3,31,4,6,7,0.16,0,2,2,0,0,0,0,0,0,0,0.16603960396039605
3769,ç≤í|çPïF,4,29,1,7,7,0.1793103448275862,0,1,0,0,0,0,0,0,0,0,0.16603960396039605
3769,ç≤í|çPïF,5,36,1,5,7,0.16416666666666668,0,0,0,1,0,0,0,0,0,0,0.16603960396039605
3769,ç≤í|çPïF,6,29,1,3,5,0.19586206896551722,0,0,1,0,0,0,0,0,0,0,0.16603960396039605
3771,ê‹â∫ä∞ñ@,1,50,26,15,5,0.1254,25,0,0,0,1,0,8,6,7,0,0.13390625
3771,ê‹â∫ä∞ñ@,2,40,4,11,11,0.15050000000000002,0,1,2,1,0,0,0,0,0,21,0.13390625
3771,ê‹â∫ä∞ñ@,3,42,5,10,14,0.12309523809523809,0,0,4,1,0,0,0,0,0,0,0.13390625
3771,ê‹â∫ä∞ñ@,4,42,6,3,9,0.11690476190476191,0,1,1,3,1,0,0,0,0,0,0.13390625
3771,ê‹â∫ä∞ñ@,5,40,0,6,15,0.14125000000000001,0,0,0,0,0,0,0,0,0,0,0.13390625
3771,ê‹â∫ä∞ñ@,6,42,2,5,9,0.14904761904761904,0,0,0,2,0,0,0,0,0,0,0.13390625
3772,àÍñˆòaçF,1,37,23,8,2,0.15972972972972974,20,0,0,0,3,0,5,4,4,0,0.1635
3772,àÍñˆòaçF,2,34,4,9,6,0.15176470588235294,0,3,1,0,0,0,0,0,0,15,0.1635
3772,àÍñˆòaçF,3,38,5,7,8,0.1655263157894737,0,0,3,1,1,0,0,0,0,0,0.1635
3772,àÍñˆòaçF,4,27,2,7,5,0.16777777777777778,0,1,0,1,0,0,0,0,0,0,0.1635
3772,àÍñˆòaçF,5,36,1,3,6,0.165,0,0,0,0,1,0,0,0,0,0,0.1635
3772,àÍñˆòaçF,6,28,1,5,6,0.17392857142857143,1,0,0,0,0,0,0,0,0,0,0.1635
3773,í√óØç_àÍòY,1,29,12,9,3,0.1717241379310345,11,0,0,0,1,0,7,3,7,0,0.1636923076923077
3773,í√óØç_àÍòY,2,33,2,6,6,0.1575757575757576,0,1,1,0,0,0,0,0,0,17,0.1636923076923077
3773,í√óØç_àÍòY,3,38,4,6,7,0.1568421052631579,0,0,1,2,1,0,0,0,0,0,0.1636923076923077
3773,í√óØç_àÍòY,4,31,2,4,9,0.1403225806451613,0,0,0,2,0,0,0,0,0,0,0.1636923076923077
3773,í√óØç_àÍòY,5,31,1,3,5,0.15129032258064518,0,0,1,0,0,0,0,0,0,0,0.1636923076923077
3773,í√óØç_àÍòY,6,33,0,2,5,0.20424242424242425,0,0,0,0,0,0,0,0,0,0,0.1636923076923077
3775,êÚå[ï∂,1,34,11,6,3,0.1561764705882353,9,0,0,0,2,0,6,9,6,0,0.14951541850220262
3775,êÚå[ï∂,2,42,4,6,7,0.1461904761904762,0,3,1,0,0,0,0,0,0,22,0.14951541850220262
3775,êÚå[ï∂,3,42,6,10,13,0.1542857142857143,0,1,2,2,1,0,0,0,0,0,0.14951541850220262
3775,êÚå[ï∂,4,42,3,7,0,0.13690476190476192,0,0,2,0,1,0,0,0,0,0,0.14951541850220262
3775,êÚå[ï∂,5,37,1,2,4,0.15054054054054056,0,0,0,1,0,0,0,0,0,0,0.14951541850220262
3775,êÚå[ï∂,6,30,0,1,4,0.15633333333333335,0,0,0,0,0,0,0,0,0,0,0.14951541850220262
3776,â°à‰åíëæ,1,32,9,6,7,0.1484375,9,0,0,0,0,0,10,5,4,0,0.18108695652173912
3776,â°à‰åíëæ,2,45,1,13,6,0.17533333333333334,0,1,0,0,0,0,0,0,0,26,0.18108695652173912
3776,â°à‰åíëæ,3,37,3,8,6,0.18486486486486486,0,0,3,0,0,0,0,0,0,0,0.18108695652173912
3776,â°à‰åíëæ,4,37,1,5,10,0.18405405405405403,0,0,1,0,0,0,0,0,0,0,0.18108695652173912
3776,â°à‰åíëæ,5,40,2,5,8,0.17975000000000002,0,0,0,1,1,0,0,0,0,0,0.18108695652173912
3776,â°à‰åíëæ,6,39,0,1,5,0.2094871794871795,0,0,0,0,0,0,0,0,0,0,0.18108695652173912
3777,îÛå˚ó∫,1,44,29,8,2,0.14727272727272728,26,0,0,0,2,1,2,5,7,0,0.17626923076923076
3777,îÛå˚ó∫,2,43,6,14,8,0.17046511627906977,0,3,0,1,2,0,0,0,0,28,0.17626923076923076
3777,îÛå˚ó∫,3,47,8,8,12,0.1746808510638298,0,0,4,4,0,0,0,0,0,0,0.17626923076923076
3777,îÛå˚ó∫,4,47,5,5,11,0.18042553191489363,0,1,4,0,0,0,0,0,0,0,0.17626923076923076
3777,îÛå˚ó∫,5,41,0,6,14,0.19804878048780486,0,0,0,0,0,0,0,0,0,0,0.17626923076923076
3777,îÛå˚ó∫,6,38,1,4,10,0.18973684210526315,0,0,0,1,0,0,0,0,0,0,0.17626923076923076
3778,à¿íBî¸îø,1,17,2,5,4,0.19999999999999998,2,0,0,0,0,0,5,7,2,0,0.20298076923076921
3778,à¿íBî¸îø,2,21,1,7,1,0.21428571428571427,0,1,0,0,0,0,0,0,0,6,0.20298076923076921
3778,à¿íBî¸îø,3,21,1,4,1,0.19952380952380955,0,1,0,0,0,0,0,0,0,0,0.20298076923076921
3778,à¿íBî¸îø,4,18,0,1,6,0.2061111111111111,0,0,0,0,0,0,0,0,0,0,0.20298076923076921
3778,à¿íBî¸îø,5,11,2,0,0,0.16,0,0,0,1,1,0,0,0,0,0,0.20298076923076921
3778,à¿íBî¸îø,6,16,0,0,2,0.221875,0,0,0,0,0,0,0,0,0,0,0.20298076923076921
3779,å¥ìcçKç∆,1,65,44,9,4,0.10676923076923077,44,0,0,0,0,0,4,10,5,0,0.10732394366197183
3779,å¥ìcçKç∆,2,39,7,12,7,0.10512820512820512,0,4,1,0,2,0,0,0,0,22,0.10732394366197183
3779,å¥ìcçKç∆,3,51,11,8,10,0.10980392156862746,0,2,2,6,1,0,0,0,0,0,0.10732394366197183
3779,å¥ìcçKç∆,4,48,9,9,11,0.115,0,1,5,3,0,0,0,0,0,0,0.10732394366197183
3779,å¥ìcçKç∆,5,34,3,4,8,0.09999999999999999,0,3,0,0,0,0,0,0,0,0,0.10732394366197183
3779,å¥ìcçKç∆,6,47,6,9,9,0.10468085106382978,0,2,2,1,1,0,0,0,0,0,0.10732394366197183
3780,ãõíJíqîV,1,55,37,9,5,0.15836363636363637,36,1,0,0,0,0,5,6,6,0,0.16452380952380952
3780,ãõíJíqîV,2,49,5,15,9,0.18061224489795918,0,3,2,0,0,0,0,0,0,36,0.16452380952380952
3780,ãõíJíqîV,3,35,8,6,13,0.18571428571428572,0,1,4,3,0,0,0,0,0,0,0.16452380952380952
3780,ãõíJíqîV,4,42,5,12,10,0.1538095238095238,0,2,1,1,0,1,0,0,0,0,0.16452380952380952
3780,ãõíJíqîV,5,38,4,9,8,0.15921052631578947,0,0,0,2,2,0,0,0,0,0,0.16452380952380952
3780,ãõíJíqîV,6,33,3,11,1,0.14818181818181816,0,0,0,1,2,0,0,0,0,0,0.16452380952380952
3781,èHå≥êΩ,1,19,6,5,2,0.14842105263157893,5,0,0,0,1,0,5,2,5,0,0.1316923076923077
3781,èHå≥êΩ,2,26,4,8,4,0.10461538461538461,0,3,0,0,0,1,0,0,0,18,0.1316923076923077
3781,èHå≥êΩ,3,24,1,1,6,0.16,0,0,1,0,0,0,0,0,0,0,0.1316923076923077
3781,èHå≥êΩ,4,24,2,5,3,0.12291666666666667,0,0,0,1,1,0,0,0,0,0,0.1316923076923077
3781,èHå≥êΩ,5,20,2,2,3,0.12050000000000001,0,0,0,2,0,0,0,0,0,0,0.1316923076923077
3781,èHå≥êΩ,6,17,0,0,1,0.13999999999999999,0,0,0,0,0,0,0,0,0,0,0.1316923076923077
3783,âZê∂ê≥ã`,1,59,39,6,3,0.11915254237288136,36,0,0,0,3,0,8,3,6,0,0.1356554307116105
3783,âZê∂ê≥ã`,2,46,6,18,7,0.14347826086956522,0,3,3,0,0,0,0,0,0,31,0.1356554307116105
3783,âZê∂ê≥ã`,3,42,8,14,7,0.14785714285714285,0,2,2,3,1,0,0,0,0,0,0.1356554307116105
3783,âZê∂ê≥ã`,4,45,7,20,7,0.1322222222222222,0,0,3,2,2,0,0,0,0,0,0.1356554307116105
3783,âZê∂ê≥ã`,5,38,4,11,7,0.12552631578947368,0,1,2,1,0,0,0,0,0,0,0.1356554307116105
3783,âZê∂ê≥ã`,6,37,2,6,8,0.15297297297297296,0,0,1,1,0,0,0,0,0,0,0.1356554307116105
3784,íÜìáóFòa,1,39,21,5,7,0.14076923076923079,21,0,0,0,0,0,4,8,4,0,0.16184684684684686
3784,íÜìáóFòa,2,39,6,11,8,0.17564102564102563,0,4,1,1,0,0,0,0,0,21,0.16184684684684686
3784,íÜìáóFòa,3,38,5,9,10,0.1486842105263158,0,0,3,2,0,0,0,0,0,0,0.16184684684684686
3784,íÜìáóFòa,4,42,6,9,9,0.15976190476190477,0,0,4,1,1,0,0,0,0,0,0.16184684684684686
3784,íÜìáóFòa,5,35,3,4,6,0.18057142857142858,0,0,1,2,0,0,0,0,0,0,0.16184684684684686
3784,íÜìáóFòa,6,29,3,3,2,0.16931034482758622,0,1,1,1,0,0,0,0,0,0,0.16184684684684686
3787,ìVñÏêΩ,1,33,14,10,1,0.18303030303030304,12,0,0,0,2,0,9,6,4,0,0.18395238095238098
3787,ìVñÏêΩ,2,35,2,7,7,0.1754285714285714,0,0,1,0,0,1,0,0,0,20,0.18395238095238098
3787,ìVñÏêΩ,3,40,1,5,6,0.1975,0,0,1,0,0,0,0,0,0,0,0.18395238095238098
3787,ìVñÏêΩ,4,40,2,5,7,0.16599999999999998,0,0,1,1,0,0,0,0,0,0,0.18395238095238098
3787,ìVñÏêΩ,5,31,1,2,1,0.1806451612903226,0,0,0,1,0,0,0,0,0,0,0.18395238095238098
3787,ìVñÏêΩ,6,31,0,0,0,0.2035483870967742,0,0,0,0,0,0,0,0,0,0,0.18395238095238098
3788,àÍã{ñ´çO,1,19,11,7,1,0.1394736842105263,11,0,0,0,0,0,4,0,2,0,0.13599999999999998
3788,àÍã{ñ´çO,2,16,2,4,3,0.128125,0,2,0,0,0,0,0,0,0,12,0.13599999999999998
3788,àÍã{ñ´çO,3,19,3,9,2,0.1336842105263158,0,1,2,0,0,0,0,0,0,0,0.13599999999999998
3788,àÍã{ñ´çO,4,20,4,4,6,0.131,0,0,4,0,0,0,0,0,0,0,0.13599999999999998
3788,àÍã{ñ´çO,5,13,1,5,2,0.13615384615384615,0,0,0,1,0,0,0,0,0,0,0.13599999999999998
3788,àÍã{ñ´çO,6,18,2,3,4,0.14722222222222223,0,0,0,1,1,0,0,0,0,0,0.13599999999999998
3789,òaìcïqïF,1,1,0,0,1,0.14,0,0,0,0,0,0,1,0,0,0,0.192
3789,òaìcïqïF,2,3,0,0,1,0.25333333333333335,0,0,0,0,0,0,0,0,0,2,0.192
3789,òaìcïqïF,3,1,0,0,0,0.11,0,0,0,0,0,0,0,0,0,0,0.192
3789,òaìcïqïF,4,2,0,0,0,0.18,0,0,0,0,0,0,0,0,0,0,0.192
3789,òaìcïqïF,5,1,0,0,0,0.19,0,0,0,0,0,0,0,0,0,0,0.192
3789,òaìcïqïF,6,2,0,0,0,0.18,0,0,0,0,0,0,0,0,0,0,0.192
3790,ç≤å˚íBñÁ,1,33,15,5,3,0.1575757575757576,15,0,0,0,0,0,4,6,6,0,0.16438524590163933
3790,ç≤å˚íBñÁ,2,48,2,14,15,0.165,0,0,1,0,1,0,0,0,0,33,0.16438524590163933
3790,ç≤å˚íBñÁ,3,46,4,13,9,0.1708695652173913,0,0,3,1,0,0,0,0,0,0,0.16438524590163933
3790,ç≤å˚íBñÁ,4,42,3,9,8,0.1592857142857143,0,1,1,1,0,0,0,0,0,0,0.16438524590163933
3790,ç≤å˚íBñÁ,5,42,2,5,7,0.1619047619047619,0,0,0,1,1,0,0,0,0,0,0.16438524590163933
3790,ç≤å˚íBñÁ,6,33,0,2,12,0.1709090909090909,0,0,0,0,0,0,0,0,0,0,0.16438524590163933
3792,ìcíÜçã,1,38,22,6,4,0.1818421052631579,21,0,0,0,1,0,3,5,5,0,0.18212121212121213
3792,ìcíÜçã,2,36,8,9,10,0.19722222222222222,0,2,5,0,1,0,0,0,0,10,0.18212121212121213
3792,ìcíÜçã,3,32,6,12,4,0.1859375,0,0,4,1,1,0,0,0,0,0,0.18212121212121213
3792,ìcíÜçã,4,26,5,6,7,0.18884615384615386,0,1,3,1,0,0,0,0,0,0,0.18212121212121213
3792,ìcíÜçã,5,33,1,9,8,0.18484848484848485,0,0,0,1,0,0,0,0,0,0,0.18212121212121213
3792,ìcíÜçã,6,33,1,8,3,0.15424242424242424,0,0,0,1,0,0,0,0,0,0,0.18212121212121213
3793,çÇã¥ê^å·,1,19,7,6,1,0.1473684210526316,7,0,0,0,0,0,6,3,1,0,0.1668421052631579
3793,çÇã¥ê^å·,2,22,2,4,2,0.17863636363636365,0,2,0,0,0,0,0,0,0,7,0.1668421052631579
3793,çÇã¥ê^å·,3,26,5,5,4,0.13076923076923078,0,0,5,0,0,0,0,0,0,0,0.1668421052631579
3793,çÇã¥ê^å·,4,19,1,2,5,0.19421052631578947,0,0,1,0,0,0,0,0,0,0,0.1668421052631579
3793,çÇã¥ê^å·,5,19,1,7,3,0.16473684210526315,0,0,0,1,0,0,0,0,0,0,0.1668421052631579
3793,çÇã¥ê^å·,6,28,0,1,4,0.18714285714285714,0,0,0,0,0,0,0,0,0,0,0.1668421052631579
3796,í∑ñÏìπêb,1,35,10,9,7,0.15457142857142858,9,1,0,0,0,0,4,8,6,0,0.16403846153846152
3796,í∑ñÏìπêb,2,33,3,8,8,0.17363636363636364,0,1,0,1,1,0,0,0,0,21,0.16403846153846152
3796,í∑ñÏìπêb,3,39,3,6,11,0.1671794871794872,0,1,0,2,0,0,0,0,0,0,0.16403846153846152
3796,í∑ñÏìπêb,4,36,6,7,9,0.15055555555555555,0,1,2,1,2,0,0,0,0,0,0.16403846153846152
3796,í∑ñÏìπêb,5,35,4,3,7,0.174,0,0,1,2,1,0,0,0,0,0,0.16403846153846152
3796,í∑ñÏìπêb,6,30,0,1,3,0.165,0,0,0,0,0,0,0,0,0,0,0.16403846153846152
3797,ä‚à‰î…,1,27,6,4,7,0.16777777777777778,6,0,0,0,0,0,9,6,5,0,0.1908730158730159
3797,ä‚à‰î…,2,52,1,13,9,0.20153846153846156,0,0,0,0,1,0,0,0,0,36,0.1908730158730159
3797,ä‚à‰î…,3,50,1,9,15,0.18719999999999998,0,0,1,0,0,0,0,0,0,0,0.1908730158730159
3797,ä‚à‰î…,4,46,1,6,9,0.1989130434782609,0,0,0,0,1,0,0,0,0,0,0.1908730158730159
3797,ä‚à‰î…,5,48,1,2,10,0.194375,0,0,0,1,0,0,0,0,0,0,0.1908730158730159
3797,ä‚à‰î…,6,29,0,2,2,0.1810344827586207,0,0,0,0,0,0,0,0,0,0,0.1908730158730159
3800,ñqçGéü,1,35,23,8,0,0.13742857142857146,21,0,0,0,2,0,3,5,3,0,0.16718446601941747
3800,ñqçGéü,2,33,5,9,4,0.17242424242424242,1,2,2,0,0,0,0,0,0,17,0.16718446601941747
3800,ñqçGéü,3,39,7,10,9,0.16538461538461538,0,1,3,3,0,0,0,0,0,0,0.16718446601941747
3800,ñqçGéü,4,32,6,5,7,0.1696875,0,1,2,2,1,0,0,0,0,0,0.16718446601941747
3800,ñqçGéü,5,28,3,4,4,0.16714285714285712,0,1,0,2,0,0,0,0,0,0,0.16718446601941747
3800,ñqçGéü,6,39,0,3,10,0.18923076923076923,0,0,0,0,0,0,0,0,0,0,0.16718446601941747
3801,å‹îΩìcîE,1,44,24,8,6,0.17204545454545456,24,0,0,0,0,0,10,7,3,0,0.16654708520179373
3801,å‹îΩìcîE,2,39,3,17,2,0.17974358974358973,0,1,2,0,0,0,0,0,0,20,0.16654708520179373
3801,å‹îΩìcîE,3,38,7,12,6,0.14368421052631578,0,1,4,2,0,0,0,0,0,0,0.16654708520179373
3801,å‹îΩìcîE,4,35,6,8,3,0.14971428571428572,0,0,5,1,0,0,0,0,0,0,0.16654708520179373
3801,å‹îΩìcîE,5,37,3,9,6,0.17432432432432432,0,0,3,0,0,0,0,0,0,0,0.16654708520179373
3801,å‹îΩìcîE,6,30,2,2,5,0.18033333333333335,0,0,2,0,0,0,0,0,0,0,0.16654708520179373
3802,êXâ™Ç‹Ç´,1,29,15,8,2,0.13896551724137932,14,0,0,0,1,0,3,4,5,0,0.1645054945054945
3802,êXâ™Ç‹Ç´,2,34,3,10,7,0.1726470588235294,0,3,0,0,0,0,0,0,0,20,0.1645054945054945
3802,êXâ™Ç‹Ç´,3,30,6,5,8,0.15,0,1,3,1,0,1,0,0,0,0,0.1645054945054945
3802,êXâ™Ç‹Ç´,4,29,0,6,4,0.17758620689655175,0,0,0,0,0,0,0,0,0,0,0.1645054945054945
3802,êXâ™Ç‹Ç´,5,31,0,5,7,0.1696774193548387,0,0,0,0,0,0,0,0,0,0,0.1645054945054945
3802,êXâ™Ç‹Ç´,6,29,0,4,4,0.17689655172413793,0,0,0,0,0,0,0,0,0,0,0.1645054945054945
3804,íÜìnèCçÏ,1,53,31,8,4,0.16,30,0,0,0,1,0,8,8,5,0,0.16515151515151516
3804,íÜìnèCçÏ,2,39,8,6,10,0.16076923076923078,0,8,0,0,0,0,0,0,0,21,0.16515151515151516
3804,íÜìnèCçÏ,3,50,4,13,6,0.1642,0,2,0,2,0,0,0,0,0,0,0.16515151515151516
3804,íÜìnèCçÏ,4,45,5,7,11,0.1388888888888889,0,0,1,3,0,1,0,0,0,0,0.16515151515151516
3804,íÜìnèCçÏ,5,46,1,3,6,0.17695652173913046,0,0,0,1,0,0,0,0,0,0,0.16515151515151516
3804,íÜìnèCçÏ,6,31,0,1,6,0.20161290322580644,0,0,0,0,0,0,0,0,0,0,0.16515151515151516
3805,çÇã¥âpîV,1,40,28,4,4,0.14425000000000002,27,0,0,0,1,0,2,6,3,0,0.12689320388349515
3805,çÇã¥âpîV,2,30,5,12,1,0.127,0,2,3,0,0,0,0,0,0,17,0.12689320388349515
3805,çÇã¥âpîV,3,37,5,5,5,0.1227027027027027,0,0,1,4,0,0,0,0,0,0,0.12689320388349515
3805,çÇã¥âpîV,4,38,4,5,7,0.12157894736842105,0,2,1,1,0,0,0,0,0,0,0.12689320388349515
3805,çÇã¥âpîV,5,31,3,3,3,0.12064516129032259,0,0,1,2,0,0,0,0,0,0,0.12689320388349515
3805,çÇã¥âpîV,6,30,1,1,3,0.12200000000000001,0,0,0,1,0,0,0,0,0,0,0.12689320388349515
3807,â™ïîìN,1,30,9,10,5,0.186,9,0,0,0,0,0,5,7,6,0,0.19654450261780104
3807,â™ïîìN,2,37,4,14,4,0.19243243243243244,0,1,2,0,0,1,0,0,0,19,0.19654450261780104
3807,â™ïîìN,3,32,1,8,5,0.17250000000000001,0,0,1,0,0,0,0,0,0,0,0.19654450261780104
3807,â™ïîìN,4,35,2,3,7,0.18085714285714286,0,1,1,0,0,0,0,0,0,0,0.19654450261780104
3807,â™ïîìN,5,28,0,3,7,0.19285714285714287,0,0,0,0,0,0,0,0,0,0,0.19654450261780104
3807,â™ïîìN,6,29,0,0,6,0.2617241379310345,0,0,0,0,0,0,0,0,0,0,0.19654450261780104
3808,èHìcåíëæòY,1,31,10,6,4,0.1429032258064516,10,0,0,0,0,0,7,7,6,0,0.1598989898989899
3808,èHìcåíëæòY,2,34,4,8,8,0.15147058823529413,0,2,2,0,0,0,0,0,0,16,0.1598989898989899
3808,èHìcåíëæòY,3,39,3,5,6,0.15692307692307692,0,0,3,0,0,0,0,0,0,0,0.1598989898989899
3808,èHìcåíëæòY,4,34,1,4,4,0.17,0,0,1,0,0,0,0,0,0,0,0.1598989898989899
3808,èHìcåíëæòY,5,29,1,1,6,0.17034482758620692,0,0,1,0,0,0,0,0,0,0,0.1598989898989899
3808,èHìcåíëæòY,6,31,0,0,5,0.16903225806451613,0,0,0,0,0,0,0,0,0,0,0.1598989898989899
3809,ãgìcåı,1,35,13,10,7,0.14428571428571427,13,0,0,0,0,0,5,5,9,0,0.16307692307692306
3809,ãgìcåı,2,39,2,13,8,0.16435897435897437,0,1,0,0,1,0,0,0,0,21,0.16307692307692306
3809,ãgìcåı,3,35,4,10,3,0.16971428571428573,0,0,3,1,0,0,0,0,0,0,0.16307692307692306
3809,ãgìcåı,4,38,4,4,10,0.15921052631578947,0,1,1,2,0,0,0,0,0,0,0.16307692307692306
3809,ãgìcåı,5,36,4,3,8,0.16972222222222222,0,0,1,3,0,0,0,0,0,0,0.16307692307692306
3809,ãgìcåı,6,38,1,8,4,0.1705263157894737,0,0,0,1,0,0,0,0,0,0,0.16307692307692306
3811,êŒìcèÕâõ,1,55,42,5,2,0.15018181818181817,37,1,0,0,4,0,3,8,1,0,0.1487544483985765
3811,êŒìcèÕâõ,2,43,11,13,7,0.14581395348837212,0,6,2,1,1,1,0,0,0,17,0.1487544483985765
3811,êŒìcèÕâõ,3,56,11,12,15,0.14125000000000001,0,4,2,3,2,0,0,0,0,0,0.1487544483985765
3811,êŒìcèÕâõ,4,46,9,9,14,0.14304347826086958,0,4,3,2,0,0,0,0,0,0,0.1487544483985765
3811,êŒìcèÕâõ,5,41,2,2,13,0.16146341463414635,0,0,0,1,0,1,0,0,0,0,0.1487544483985765
3811,êŒìcèÕâõ,6,40,2,7,11,0.154,0,1,0,1,0,0,0,0,0,0,0.1487544483985765
3812,éRçËêπéi,1,35,14,7,5,0.14942857142857144,13,0,0,0,1,0,9,4,5,0,0.17289473684210527
3812,éRçËêπéi,2,42,2,5,10,0.15476190476190477,0,2,0,0,0,0,0,0,0,21,0.17289473684210527
3812,éRçËêπéi,3,38,3,9,6,0.16052631578947368,0,1,1,0,1,0,0,0,0,0,0.17289473684210527
3812,éRçËêπéi,4,38,0,5,8,0.18236842105263157,0,0,0,0,0,0,0,0,0,0,0.17289473684210527
3812,éRçËêπéi,5,39,0,2,8,0.19282051282051282,0,0,0,0,0,0,0,0,0,0,0.17289473684210527
3812,éRçËêπéi,6,36,0,3,7,0.19833333333333333,0,0,0,0,0,0,0,0,0,0,0.17289473684210527
3813,ç≤ì°ëÂâÓ,1,51,34,9,3,0.16078431372549018,31,0,0,0,3,0,5,7,5,0,0.17423529411764707
3813,ç≤ì°ëÂâÓ,2,41,14,13,8,0.16073170731707317,0,11,0,0,3,0,0,0,0,15,0.17423529411764707
3813,ç≤ì°ëÂâÓ,3,43,3,15,9,0.17093023255813955,0,0,1,1,1,0,0,0,0,0,0.17423529411764707
3813,ç≤ì°ëÂâÓ,4,49,3,19,16,0.18142857142857144,0,1,1,0,1,0,0,0,0,0,0.17423529411764707
3813,ç≤ì°ëÂâÓ,5,31,3,10,7,0.17419354838709677,0,1,0,1,1,0,0,0,0,0,0.17423529411764707
3813,ç≤ì°ëÂâÓ,6,40,2,6,13,0.2,0,1,0,1,0,0,0,0,0,0,0.17423529411764707
3814,ã‡éqãMéu,1,55,32,9,6,0.1669090909090909,29,0,0,0,3,0,10,7,4,0,0.17859154929577464
3814,ã‡éqãMéu,2,47,4,14,9,0.1778723404255319,0,3,1,0,0,0,0,0,0,32,0.17859154929577464
3814,ã‡éqãMéu,3,53,10,10,13,0.17622641509433962,0,2,1,7,0,0,0,0,0,0,0.17859154929577464
3814,ã‡éqãMéu,4,45,3,12,13,0.17466666666666666,0,2,1,0,0,0,0,0,0,0,0.17859154929577464
3814,ã‡éqãMéu,5,38,0,6,7,0.19078947368421054,0,0,0,0,0,0,0,0,0,0,0.17859154929577464
3814,ã‡éqãMéu,6,46,1,5,6,0.1897826086956522,0,0,0,0,1,0,0,0,0,0,0.17859154929577464
3815,êXâ™ñûòY,1,27,13,6,1,0.12851851851851853,13,0,0,0,0,0,5,0,7,0,0.15
3815,êXâ™ñûòY,2,42,4,6,14,0.1473809523809524,0,2,1,0,1,0,0,0,0,26,0.15
3815,êXâ™ñûòY,3,36,2,11,3,0.1575,0,0,1,1,0,0,0,0,0,0,0.15
3815,êXâ™ñûòY,4,36,5,5,4,0.16194444444444445,0,1,1,2,0,1,0,0,0,0,0.15
3815,êXâ™ñûòY,5,42,1,5,9,0.15357142857142858,0,0,0,1,0,0,0,0,0,0,0.15
3815,êXâ™ñûòY,6,31,0,3,4,0.14483870967741935,0,0,0,0,0,0,0,0,0,0,0.15
3819,ëÂì‡óTé˜,1,13,2,5,1,0.1523076923076923,2,0,0,0,0,0,5,1,3,0,0.19211538461538463
3819,ëÂì‡óTé˜,2,19,0,5,2,0.17894736842105263,0,0,0,0,0,0,0,0,0,11,0.19211538461538463
3819,ëÂì‡óTé˜,3,19,0,0,4,0.1936842105263158,0,0,0,0,0,0,0,0,0,0,0.19211538461538463
3819,ëÂì‡óTé˜,4,21,0,2,3,0.2042857142857143,0,0,0,0,0,0,0,0,0,0,0.19211538461538463
3819,ëÂì‡óTé˜,5,17,0,2,1,0.18823529411764706,0,0,0,0,0,0,0,0,0,0,0.19211538461538463
3819,ëÂì‡óTé˜,6,15,0,1,1,0.22866666666666668,0,0,0,0,0,0,0,0,0,0,0.19211538461538463
3820,ä~ótéüòY,1,21,2,7,6,0.15666666666666668,1,0,0,0,1,0,7,6,2,0,0.17463414634146343
3820,ä~ótéüòY,2,29,0,4,6,0.16999999999999998,0,0,0,0,0,0,0,0,0,20,0.17463414634146343
3820,ä~ótéüòY,3,29,3,6,6,0.15413793103448276,0,0,1,0,1,1,0,0,0,0,0.17463414634146343
3820,ä~ótéüòY,4,26,1,3,3,0.18307692307692308,0,0,0,0,1,0,0,0,0,0,0.17463414634146343
3820,ä~ótéüòY,5,30,0,3,7,0.1743333333333333,0,0,0,0,0,0,0,0,0,0,0.17463414634146343
3820,ä~ótéüòY,6,29,1,1,3,0.20551724137931035,0,0,0,1,0,0,0,0,0,0,0.17463414634146343
3822,ïΩîˆêíìT,1,63,42,7,5,0.1784126984126984,40,0,0,0,2,0,6,10,3,0,0.17946808510638299
3822,ïΩîˆêíìT,2,46,13,14,7,0.18478260869565216,1,6,2,0,4,0,0,0,0,21,0.17946808510638299
3822,ïΩîˆêíìT,3,41,10,11,11,0.17731707317073173,0,3,5,2,0,0,0,0,0,0,0.17946808510638299
3822,ïΩîˆêíìT,4,49,5,13,17,0.19040816326530613,0,1,4,0,0,0,0,0,0,0,0.17946808510638299
3822,ïΩîˆêíìT,5,41,3,12,11,0.17731707317073173,0,0,1,1,1,0,0,0,0,0,0.17946808510638299
3822,ïΩîˆêíìT,6,42,2,10,13,0.16666666666666666,0,1,0,0,1,0,0,0,0,0,0.17946808510638299
3823,ñ{ïîê^å·,1,14,7,5,1,0.12785714285714286,7,0,0,0,0,0,2,1,2,0,0.16260869565217392
3823,ñ{ïîê^å·,2,12,1,3,2,0.135,0,0,1,0,0,0,0,0,0,7,0.16260869565217392
3823,ñ{ïîê^å·,3,12,2,2,1,0.17416666666666666,0,0,1,1,0,0,0,0,0,0,0.16260869565217392
3823,ñ{ïîê^å·,4,12,3,3,5,0.15833333333333333,0,0,1,1,1,0,0,0,0,0,0.16260869565217392
3823,ñ{ïîê^å·,5,9,3,1,0,0.20444444444444446,0,0,1,2,0,0,0,0,0,0,0.16260869565217392
3823,ñ{ïîê^å·,6,10,0,0,1,0.198,0,0,0,0,0,0,0,0,0,0,0.16260869565217392
3825,ã{õΩó≤ëæòY,1,27,9,8,4,0.12555555555555556,9,0,0,0,0,0,6,4,2,0,0.1288181818181818
3825,ã{õΩó≤ëæòY,2,49,5,9,3,0.1293877551020408,0,0,5,0,0,0,0,0,0,26,0.1288181818181818
3825,ã{õΩó≤ëæòY,3,36,4,4,5,0.13333333333333333,0,0,3,0,1,0,0,0,0,0,0.1288181818181818
3825,ã{õΩó≤ëæòY,4,39,3,4,2,0.12,0,0,2,1,0,0,0,0,0,0,0.1288181818181818
3825,ã{õΩó≤ëæòY,5,37,1,0,4,0.1272972972972973,0,0,1,0,0,0,0,0,0,0,0.1288181818181818
3825,ã{õΩó≤ëæòY,6,32,2,0,6,0.138125,0,1,0,0,0,1,0,0,0,0,0.1288181818181818
3826,ë∫ìcèCéü,1,47,38,5,3,0.13446808510638297,34,0,0,0,4,0,3,2,4,0,0.14385650224215246
3826,ë∫ìcèCéü,2,36,2,13,13,0.12222222222222223,0,2,0,0,0,0,0,0,0,26,0.14385650224215246
3826,ë∫ìcèCéü,3,42,5,15,9,0.15571428571428572,0,1,0,3,1,0,0,0,0,0,0.14385650224215246
3826,ë∫ìcèCéü,4,35,3,9,9,0.13742857142857146,0,0,1,2,0,0,0,0,0,0,0.14385650224215246
3826,ë∫ìcèCéü,5,32,1,5,7,0.1396875,0,1,0,0,0,0,0,0,0,0,0.14385650224215246
3826,ë∫ìcèCéü,6,31,1,6,6,0.17870967741935484,0,0,0,1,0,0,0,0,0,0,0.14385650224215246
3827,ç°êÚìO,1,33,7,7,2,0.16484848484848486,5,1,0,0,1,0,12,5,5,0,0.1633816425120773
3827,ç°êÚìO,2,41,2,8,8,0.15390243902439027,0,0,1,0,0,1,0,0,0,21,0.1633816425120773
3827,ç°êÚìO,3,32,0,3,9,0.151875,0,0,0,0,0,0,0,0,0,0,0.1633816425120773
3827,ç°êÚìO,4,35,0,3,5,0.17142857142857143,0,0,0,0,0,0,0,0,0,0,0.1633816425120773
3827,ç°êÚìO,5,37,0,1,1,0.16918918918918918,0,0,0,0,0,0,0,0,0,0,0.1633816425120773
3827,ç°êÚìO,6,29,0,2,1,0.1706896551724138,0,0,0,0,0,0,0,0,0,0,0.1633816425120773
3828,ñæêŒê≥îV,1,33,18,6,4,0.1603030303030303,18,0,0,0,0,0,5,5,4,0,0.17620253164556962
3828,ñæêŒê≥îV,2,29,3,10,4,0.18275862068965518,0,1,2,0,0,0,0,0,0,13,0.17620253164556962
3828,ñæêŒê≥îV,3,26,2,6,11,0.16846153846153847,0,1,0,1,0,0,0,0,0,0,0.17620253164556962
3828,ñæêŒê≥îV,4,21,2,5,6,0.1780952380952381,0,0,0,2,0,0,0,0,0,0,0.17620253164556962
3828,ñæêŒê≥îV,5,22,0,3,6,0.19454545454545455,0,0,0,0,0,0,0,0,0,0,0.17620253164556962
3828,ñæêŒê≥îV,6,27,1,3,6,0.1796296296296296,0,0,0,1,0,0,0,0,0,0,0.17620253164556962
3831,à¿ì°óTãM,1,33,14,8,2,0.15545454545454546,14,0,0,0,0,0,6,4,5,0,0.1515165876777251
3831,à¿ì°óTãM,2,38,4,7,10,0.14684210526315788,0,3,1,0,0,0,0,0,0,21,0.1515165876777251
3831,à¿ì°óTãM,3,37,5,12,4,0.12297297297297297,0,1,1,2,0,1,0,0,0,0,0.1515165876777251
3831,à¿ì°óTãM,4,33,2,2,7,0.1390909090909091,0,0,2,0,0,0,0,0,0,0,0.1515165876777251
3831,à¿ì°óTãM,5,38,1,6,10,0.15473684210526314,0,0,0,1,0,0,0,0,0,0,0.1515165876777251
3831,à¿ì°óTãM,6,32,1,1,2,0.195,0,0,0,1,0,0,0,0,0,0,0.1515165876777251
3832,â∫ìcìNñÁ,1,36,12,13,5,0.14694444444444443,12,0,0,0,0,0,10,4,3,0,0.17109375000000002
3832,â∫ìcìNñÁ,2,43,4,12,10,0.1727906976744186,0,3,1,0,0,0,0,0,0,27,0.17109375000000002
3832,â∫ìcìNñÁ,3,53,3,10,17,0.15830188679245283,0,0,0,1,1,1,0,0,0,0,0.17109375000000002
3832,â∫ìcìNñÁ,4,49,6,5,14,0.17653061224489797,0,3,0,3,0,0,0,0,0,0,0.17109375000000002
3832,â∫ìcìNñÁ,5,44,3,4,8,0.1784090909090909,0,0,0,2,0,1,0,0,0,0,0.17109375000000002
3832,â∫ìcìNñÁ,6,31,1,1,2,0.1996774193548387,0,0,0,0,1,0,0,0,0,0,0.17109375000000002
3833,íÜí“îéåP,1,75,64,6,1,0.11986666666666666,62,0,0,0,2,0,0,2,8,0,0.12594306049822065
3833,íÜí“îéåP,2,49,11,16,11,0.1273469387755102,1,7,2,1,0,0,0,0,0,23,0.12594306049822065
3833,íÜí“îéåP,3,43,12,8,9,0.12302325581395349,0,1,5,6,0,0,0,0,0,0,0.12594306049822065
3833,íÜí“îéåP,4,45,11,8,10,0.1131111111111111,0,4,5,1,1,0,0,0,0,0,0.12594306049822065
3833,íÜí“îéåP,5,31,4,4,8,0.13032258064516128,0,0,1,3,0,0,0,0,0,0,0.12594306049822065
3833,íÜí“îéåP,6,38,0,4,11,0.15105263157894738,0,0,0,0,0,0,0,0,0,0,0.12594306049822065
3834,ç◊êÏñæêl,1,24,9,8,4,0.15166666666666667,9,0,0,0,0,0,1,6,5,0,0.18883333333333335
3834,ç◊êÏñæêl,2,35,4,1,9,0.17257142857142857,1,1,1,0,1,0,0,0,0,15,0.18883333333333335
3834,ç◊êÏñæêl,3,32,4,4,6,0.1759375,0,0,4,0,0,0,0,0,0,0,0.18883333333333335
3834,ç◊êÏñæêl,4,32,1,1,8,0.21000000000000002,0,0,1,0,0,0,0,0,0,0,0.18883333333333335
3834,ç◊êÏñæêl,5,31,0,1,7,0.1735483870967742,0,0,0,0,0,0,0,0,0,0,0.18883333333333335
3834,ç◊êÏñæêl,6,26,0,0,5,0.2530769230769231,0,0,0,0,0,0,0,0,0,0,0.18883333333333335
3837,èHéRçLàÍ,1,57,39,10,1,0.13263157894736843,39,0,0,0,0,0,7,4,6,0,0.1505511811023622
3837,èHéRçLàÍ,2,48,7,23,8,0.13729166666666667,0,3,2,2,0,0,0,0,0,33,0.1505511811023622
3837,èHéRçLàÍ,3,35,5,13,7,0.13542857142857143,0,0,1,4,0,0,0,0,0,0,0.1505511811023622
3837,èHéRçLàÍ,4,39,5,10,10,0.15974358974358976,0,1,3,1,0,0,0,0,0,0,0.1505511811023622
3837,èHéRçLàÍ,5,37,1,5,8,0.18,0,0,0,1,0,0,0,0,0,0,0.1505511811023622
3837,èHéRçLàÍ,6,38,3,2,4,0.17,0,0,0,1,2,0,0,0,0,0,0.1505511811023622
3838,à…ì°å[éO,1,53,33,9,6,0.14830188679245285,30,0,0,0,3,0,3,12,4,0,0.14919708029197082
3838,à…ì°å[éO,2,51,10,11,8,0.1684313725490196,1,8,1,0,0,0,0,0,0,24,0.14919708029197082
3838,à…ì°å[éO,3,41,5,10,7,0.15146341463414634,0,1,0,4,0,0,0,0,0,0,0.14919708029197082
3838,à…ì°å[éO,4,44,6,9,10,0.14409090909090908,0,3,1,1,1,0,0,0,0,0,0.14919708029197082
3838,à…ì°å[éO,5,46,8,4,10,0.1323913043478261,0,2,1,5,0,0,0,0,0,0,0.14919708029197082
3838,à…ì°å[éO,6,39,0,4,9,0.14846153846153845,0,0,0,0,0,0,0,0,0,0,0.14919708029197082
3839,êÏçáóùéi,1,37,11,9,5,0.14810810810810812,8,0,0,1,2,0,11,5,7,0,0.16992000000000002
3839,êÏçáóùéi,2,47,1,11,10,0.16489361702127658,0,0,0,0,0,1,0,0,0,30,0.16992000000000002
3839,êÏçáóùéi,3,48,2,9,5,0.143125,0,0,0,2,0,0,0,0,0,0,0.16992000000000002
3839,êÏçáóùéi,4,44,3,5,9,0.1831818181818182,0,1,0,1,1,0,0,0,0,0,0.16992000000000002
3839,êÏçáóùéi,5,44,1,5,2,0.1843181818181818,0,0,0,1,0,0,0,0,0,0,0.16992000000000002
3839,êÏçáóùéi,6,30,0,2,1,0.207,0,0,0,0,0,0,0,0,0,0,0.16992000000000002
3841,ç≤ÅXñÿòaêL,1,65,45,13,3,0.14107692307692307,44,0,0,0,1,0,5,5,9,0,0.15492753623188404
3841,ç≤ÅXñÿòaêL,2,45,18,15,5,0.14444444444444443,1,15,0,0,1,1,0,0,0,17,0.15492753623188404
3841,ç≤ÅXñÿòaêL,3,48,9,14,13,0.14895833333333333,0,3,3,1,2,0,0,0,0,0,0.15492753623188404
3841,ç≤ÅXñÿòaêL,4,39,3,10,8,0.1392307692307692,0,1,0,2,0,0,0,0,0,0,0.15492753623188404
3841,ç≤ÅXñÿòaêL,5,37,1,4,4,0.17027027027027025,0,0,0,1,0,0,0,0,0,0,0.15492753623188404
3841,ç≤ÅXñÿòaêL,6,42,1,5,13,0.1954761904761905,0,1,0,0,0,0,0,0,0,0,0.15492753623188404
3842,êØñÏëæòY,1,46,28,8,5,0.14239130434782607,28,0,0,0,0,0,6,6,6,0,0.17035714285714285
3842,êØñÏëæòY,2,47,4,21,9,0.1672340425531915,1,2,0,0,1,0,0,0,0,26,0.17035714285714285
3842,êØñÏëæòY,3,35,11,5,8,0.144,0,2,0,6,3,0,0,0,0,0,0.17035714285714285
3842,êØñÏëæòY,4,43,4,5,9,0.16511627906976745,0,2,0,2,0,0,0,0,0,0,0.17035714285714285
3842,êØñÏëæòY,5,42,1,8,14,0.18404761904761907,0,1,0,0,0,0,0,0,0,0,0.17035714285714285
3842,êØñÏëæòY,6,39,0,3,10,0.2217948717948718,0,0,0,0,0,0,0,0,0,0,0.17035714285714285
3843,è„îVçWçO,1,33,22,8,2,0.16424242424242425,19,0,0,0,2,1,2,2,4,0,0.17792792792792791
3843,è„îVçWçO,2,39,3,8,11,0.19589743589743588,0,2,0,1,0,0,0,0,0,28,0.17792792792792791
3843,è„îVçWçO,3,43,3,7,8,0.18558139534883722,0,0,2,1,0,0,0,0,0,0,0.17792792792792791
3843,è„îVçWçO,4,37,1,6,11,0.1681081081081081,0,0,0,1,0,0,0,0,0,0,0.17792792792792791
3843,è„îVçWçO,5,40,3,4,7,0.17225,0,0,2,1,0,0,0,0,0,0,0.17792792792792791
3843,è„îVçWçO,6,30,0,2,4,0.17833333333333332,0,0,0,0,0,0,0,0,0,0,0.17792792792792791
3845,íÜíJï¸éq,1,32,23,4,3,0.1621875,23,0,0,0,0,0,3,2,2,0,0.2044242424242424
3845,íÜíJï¸éq,2,21,5,10,0,0.20238095238095238,0,5,0,0,0,0,0,0,0,10,0.2044242424242424
3845,íÜíJï¸éq,3,33,8,5,8,0.2027272727272727,0,5,1,1,1,0,0,0,0,0,0.2044242424242424
3845,íÜíJï¸éq,4,29,3,5,8,0.22379310344827588,0,2,0,0,0,1,0,0,0,0,0.2044242424242424
3845,íÜíJï¸éq,5,26,2,2,5,0.23038461538461538,0,0,0,1,1,0,0,0,0,0,0.2044242424242424
3845,íÜíJï¸éq,6,24,2,3,6,0.21333333333333335,0,0,0,2,0,0,0,0,0,0,0.2044242424242424
3846,ì°à‰óù,1,3,1,1,1,0.22999999999999998,1,0,0,0,0,0,1,1,0,0,0.16884615384615387
3846,ì°à‰óù,2,4,0,1,1,0.1325,0,0,0,0,0,0,0,0,0,3,0.16884615384615387
3846,ì°à‰óù,3,6,0,0,1,0.19999999999999998,0,0,0,0,0,0,0,0,0,0,0.16884615384615387
3846,ì°à‰óù,4,5,0,1,0,0.14,0,0,0,0,0,0,0,0,0,0,0.16884615384615387
3846,ì°à‰óù,5,5,0,0,0,0.154,0,0,0,0,0,0,0,0,0,0,0.16884615384615387
3846,ì°à‰óù,6,3,0,0,0,0.16666666666666666,0,0,0,0,0,0,0,0,0,0,0.16884615384615387
3848,êÏè„ëèâÓ,1,36,20,5,2,0.1761111111111111,17,0,0,0,3,0,1,7,5,0,0.1657142857142857
3848,êÏè„ëèâÓ,2,47,11,11,9,0.17617021276595748,0,4,5,0,2,0,0,0,0,19,0.1657142857142857
3848,êÏè„ëèâÓ,3,43,7,9,9,0.15069767441860465,0,0,4,3,0,0,0,0,0,0,0.1657142857142857
3848,êÏè„ëèâÓ,4,38,4,4,8,0.16578947368421051,0,0,2,2,0,0,0,0,0,0,0.1657142857142857
3848,êÏè„ëèâÓ,5,39,0,5,5,0.16102564102564104,0,0,0,0,0,0,0,0,0,0,0.1657142857142857
3848,êÏè„ëèâÓ,6,35,1,1,5,0.16457142857142856,0,0,0,1,0,0,0,0,0,0,0.1657142857142857
3849,íÜâ™ê≥ïF,1,57,45,9,2,0.13350877192982458,45,0,0,0,0,0,3,4,3,0,0.12933333333333333
3849,íÜâ™ê≥ïF,2,45,6,17,9,0.1371111111111111,1,2,2,1,0,0,0,0,0,31,0.12933333333333333
3849,íÜâ™ê≥ïF,3,43,13,10,6,0.13116279069767442,0,1,9,1,2,0,0,0,0,0,0.12933333333333333
3849,íÜâ™ê≥ïF,4,51,8,7,9,0.10352941176470588,0,1,2,5,0,0,0,0,0,0,0.12933333333333333
3849,íÜâ™ê≥ïF,5,35,1,1,11,0.118,0,0,0,1,0,0,0,0,0,0,0.12933333333333333
3849,íÜâ™ê≥ïF,6,39,3,10,4,0.15615384615384614,0,2,0,0,0,1,0,0,0,0,0.12933333333333333
3850,è¨êÏímçs,1,42,23,10,2,0.1273809523809524,23,0,0,0,0,0,5,6,5,0,0.12836
3850,è¨êÏímçs,2,45,8,9,12,0.138,0,1,6,0,0,1,0,0,0,26,0.12836
3850,è¨êÏímçs,3,44,4,11,6,0.13772727272727273,0,1,2,0,1,0,0,0,0,0,0.12836
3850,è¨êÏímçs,4,44,8,11,8,0.10454545454545454,0,2,5,1,0,0,0,0,0,0,0.12836
3850,è¨êÏímçs,5,42,3,3,5,0.13142857142857145,0,0,1,1,1,0,0,0,0,0,0.12836
3850,è¨êÏímçs,6,33,0,3,6,0.1318181818181818,0,0,0,0,0,0,0,0,0,0,0.12836
3851,êXìcè∫ïF,1,27,11,6,3,0.1411111111111111,10,0,0,0,1,0,4,4,7,0,0.1595852534562212
3851,êXìcè∫ïF,2,38,0,5,13,0.15526315789473685,0,0,0,0,0,0,0,0,0,29,0.1595852534562212
3851,êXìcè∫ïF,3,45,5,13,5,0.13044444444444445,0,0,5,0,0,0,0,0,0,0,0.1595852534562212
3851,êXìcè∫ïF,4,37,2,2,8,0.16432432432432434,0,0,2,0,0,0,0,0,0,0,0.1595852534562212
3851,êXìcè∫ïF,5,39,0,1,5,0.17692307692307693,0,0,0,0,0,0,0,0,0,0,0.1595852534562212
3851,êXìcè∫ïF,6,31,0,1,3,0.19580645161290325,0,0,0,0,0,0,0,0,0,0,0.1595852534562212
3852,‡VëÂâÓ,1,20,9,5,2,0.175,9,0,0,0,0,0,1,3,5,0,0.16768707482993198
3852,‡VëÂâÓ,2,22,4,7,6,0.1322727272727273,0,4,0,0,0,0,0,0,0,12,0.16768707482993198
3852,‡VëÂâÓ,3,22,4,7,4,0.14545454545454548,0,0,0,4,0,0,0,0,0,0,0.16768707482993198
3852,‡VëÂâÓ,4,25,5,0,5,0.1744,0,1,1,3,0,0,0,0,0,0,0.16768707482993198
3852,‡VëÂâÓ,5,27,2,6,5,0.1622222222222222,0,0,1,1,0,0,0,0,0,0,0.16768707482993198
3852,‡VëÂâÓ,6,31,1,4,2,0.2032258064516129,0,1,0,0,0,0,0,0,0,0,0.16768707482993198
3853,ä‚çËê≥ç∆,1,60,45,12,1,0.14049999999999999,41,0,0,0,4,0,1,6,5,0,0.17360424028268553
3853,ä‚çËê≥ç∆,2,47,10,16,5,0.16361702127659575,0,4,5,0,1,0,0,0,0,25,0.17360424028268553
3853,ä‚çËê≥ç∆,3,43,6,11,10,0.17488372093023258,0,1,3,1,1,0,0,0,0,0,0.17360424028268553
3853,ä‚çËê≥ç∆,4,48,1,15,5,0.17666666666666667,0,0,1,0,0,0,0,0,0,0,0.17360424028268553
3853,ä‚çËê≥ç∆,5,42,1,7,13,0.18047619047619048,0,0,0,1,0,0,0,0,0,0,0.17360424028268553
3853,ä‚çËê≥ç∆,6,43,0,4,6,0.21930232558139534,0,0,0,0,0,0,0,0,0,0,0.17360424028268553
3854,ãgêÏå≥ç_,1,55,38,7,2,0.14800000000000002,37,0,0,0,1,0,4,4,9,0,0.14259414225941422
3854,ãgêÏå≥ç_,2,41,8,17,5,0.15048780487804878,0,4,4,0,0,0,0,0,0,23,0.14259414225941422
3854,ãgêÏå≥ç_,3,37,9,10,10,0.13891891891891892,0,2,3,4,0,0,0,0,0,0,0.14259414225941422
3854,ãgêÏå≥ç_,4,39,8,12,8,0.13564102564102565,0,3,5,0,0,0,0,0,0,0,0.14259414225941422
3854,ãgêÏå≥ç_,5,33,6,5,8,0.13939393939393938,0,0,2,4,0,0,0,0,0,0,0.14259414225941422
3854,ãgêÏå≥ç_,6,34,3,5,6,0.13941176470588235,0,0,1,2,0,0,0,0,0,0,0.14259414225941422
3855,ëÂåFíCñÌ,1,26,7,9,1,0.18500000000000003,6,0,0,0,1,0,5,10,1,0,0.2078888888888889
3855,ëÂåFíCñÌ,2,34,2,6,4,0.21441176470588236,0,1,0,0,1,0,0,0,0,14,0.2078888888888889
3855,ëÂåFíCñÌ,3,30,1,0,9,0.19466666666666665,0,0,0,1,0,0,0,0,0,0,0.2078888888888889
3855,ëÂåFíCñÌ,4,31,1,3,7,0.1829032258064516,0,0,1,0,0,0,0,0,0,0,0.2078888888888889
3855,ëÂåFíCñÌ,5,33,1,5,3,0.2196969696969697,0,0,0,1,0,0,0,0,0,0,0.2078888888888889
3855,ëÂåFíCñÌ,6,26,0,0,3,0.25230769230769234,0,0,0,0,0,0,0,0,0,0,0.2078888888888889
3857,à¢îgèüç∆,1,3,0,0,2,0.19999999999999998,0,0,0,0,0,0,1,0,1,0,0.17978494623655913
3857,à¢îgèüç∆,2,3,1,0,0,0.15,0,0,1,0,0,0,0,0,0,2,0.17978494623655913
3857,à¢îgèüç∆,3,4,0,1,0,0.2225,0,0,0,0,0,0,0,0,0,0,0.17978494623655913
3857,à¢îgèüç∆,4,14,1,1,4,0.17071428571428574,0,0,0,1,0,0,0,0,0,0,0.17978494623655913
3857,à¢îgèüç∆,5,60,10,10,16,0.1713333333333333,0,1,6,3,0,0,0,0,0,0,0.17978494623655913
3857,à¢îgèüç∆,6,102,12,14,21,0.18460784313725492,0,1,9,2,0,0,0,0,0,0,0.17978494623655913
3858,êDìcñ“,1,11,5,2,0,0.15272727272727274,5,0,0,0,0,0,1,3,1,0,0.16457831325301206
3858,êDìcñ“,2,15,1,4,3,0.126,0,0,1,0,0,0,0,0,0,10,0.16457831325301206
3858,êDìcñ“,3,17,1,2,3,0.1723529411764706,0,0,0,0,1,0,0,0,0,0,0.16457831325301206
3858,êDìcñ“,4,16,0,2,2,0.155625,0,0,0,0,0,0,0,0,0,0,0.16457831325301206
3858,êDìcñ“,5,13,1,1,1,0.18846153846153849,0,0,0,1,0,0,0,0,0,0,0.16457831325301206
3858,êDìcñ“,6,11,1,0,0,0.20181818181818184,0,0,1,0,0,0,0,0,0,0,0.16457831325301206
3859,ëΩóÖîˆíBîV,1,23,9,3,1,0.19956521739130434,9,0,0,0,0,0,3,6,3,0,0.16768786127167631
3859,ëΩóÖîˆíBîV,2,31,1,8,4,0.17451612903225808,0,0,1,0,0,0,0,0,0,16,0.16768786127167631
3859,ëΩóÖîˆíBîV,3,31,9,5,5,0.14258064516129032,0,3,4,0,2,0,0,0,0,0,0.16768786127167631
3859,ëΩóÖîˆíBîV,4,31,3,5,5,0.16709677419354838,0,0,1,1,1,0,0,0,0,0,0.16768786127167631
3859,ëΩóÖîˆíBîV,5,29,1,4,11,0.1517241379310345,0,0,0,1,0,0,0,0,0,0,0.16768786127167631
3859,ëΩóÖîˆíBîV,6,28,1,2,5,0.1789285714285714,0,0,0,0,0,1,0,0,0,0,0.16768786127167631
3860,èºñ{ç_ãM,1,31,7,7,3,0.17903225806451611,6,0,0,0,1,0,9,6,5,0,0.19
3860,èºñ{ç_ãM,2,39,4,10,8,0.17897435897435898,0,3,1,0,0,0,0,0,0,19,0.19
3860,èºñ{ç_ãM,3,41,1,11,4,0.19731707317073172,0,0,0,1,0,0,0,0,0,0,0.19
3860,èºñ{ç_ãM,4,40,0,4,12,0.19225,0,0,0,0,0,0,0,0,0,0,0.19
3860,èºñ{ç_ãM,5,38,1,3,10,0.17710526315789474,0,0,1,0,0,0,0,0,0,0,0.19
3860,èºñ{ç_ãM,6,30,0,2,4,0.219,0,0,0,0,0,0,0,0,0,0,0.19
3863,äCòV‡Vë◊çs,1,36,16,10,4,0.1502777777777778,16,0,0,0,0,0,7,5,4,0,0.16585470085470086
3863,äCòV‡Vë◊çs,2,45,3,10,10,0.14866666666666667,0,1,2,0,0,0,0,0,0,26,0.16585470085470086
3863,äCòV‡Vë◊çs,3,43,3,10,11,0.16813953488372094,0,0,2,1,0,0,0,0,0,0,0.16585470085470086
3863,äCòV‡Vë◊çs,4,40,0,3,9,0.192,0,0,0,0,0,0,0,0,0,0,0.16585470085470086
3863,äCòV‡Vë◊çs,5,34,2,1,5,0.15823529411764706,0,0,0,1,0,1,0,0,0,0,0.16585470085470086
3863,äCòV‡Vë◊çs,6,36,2,3,4,0.17833333333333334,0,0,2,0,0,0,0,0,0,0,0.16585470085470086
3866,ñÿéRêΩàÍ,1,26,9,6,6,0.11461538461538462,8,0,0,0,1,0,3,1,8,0,0.13274285714285713
3866,ñÿéRêΩàÍ,2,24,0,4,7,0.13375,0,0,0,0,0,0,0,0,0,17,0.13274285714285713
3866,ñÿéRêΩàÍ,3,33,1,8,1,0.13333333333333333,0,0,0,1,0,0,0,0,0,0,0.13274285714285713
3866,ñÿéRêΩàÍ,4,35,3,2,7,0.11457142857142856,0,0,2,1,0,0,0,0,0,0,0.13274285714285713
3866,ñÿéRêΩàÍ,5,23,1,2,3,0.13695652173913042,0,0,0,0,0,1,0,0,0,0,0.13274285714285713
3866,ñÿéRêΩàÍ,6,34,0,2,1,0.1611764705882353,0,0,0,0,0,0,0,0,0,0,0.13274285714285713
3867,èºâYèü,1,20,9,5,3,0.142,9,0,0,0,0,0,4,1,6,0,0.16385714285714287
3867,èºâYèü,2,23,3,7,5,0.15173913043478263,0,2,0,1,0,0,0,0,0,14,0.16385714285714287
3867,èºâYèü,3,27,2,7,7,0.15814814814814812,0,0,1,0,1,0,0,0,0,0,0.16385714285714287
3867,èºâYèü,4,28,0,4,5,0.16999999999999998,0,0,0,0,0,0,0,0,0,0,0.16385714285714287
3867,èºâYèü,5,25,0,0,4,0.19080000000000003,0,0,0,0,0,0,0,0,0,0,0.16385714285714287
3867,èºâYèü,6,17,0,2,3,0.1652941176470588,0,0,0,0,0,0,0,0,0,0,0.16385714285714287
3868,îˆå`âhé°,1,46,24,8,5,0.14630434782608698,22,0,0,0,2,0,6,7,4,0,0.1647761194029851
3868,îˆå`âhé°,2,51,4,13,10,0.15921568627450983,0,4,0,0,0,0,0,0,0,24,0.1647761194029851
3868,îˆå`âhé°,3,42,5,7,7,0.15285714285714286,0,0,2,2,0,1,0,0,0,0,0.1647761194029851
3868,îˆå`âhé°,4,45,2,9,16,0.16933333333333334,0,1,0,1,0,0,0,0,0,0,0.1647761194029851
3868,îˆå`âhé°,5,44,1,6,6,0.17727272727272728,0,1,0,0,0,0,0,0,0,0,0.1647761194029851
3868,îˆå`âhé°,6,40,0,6,11,0.18675,0,0,0,0,0,0,0,0,0,0,0.1647761194029851
3869,à‰ã⁄ëÂéu,1,30,13,5,4,0.13733333333333334,13,0,0,0,0,0,5,8,3,0,0.16842592592592595
3869,à‰ã⁄ëÂéu,2,42,4,11,6,0.1854761904761905,0,4,0,0,0,0,0,0,0,23,0.16842592592592595
3869,à‰ã⁄ëÂéu,3,38,2,8,9,0.16631578947368422,0,0,2,0,0,0,0,0,0,0,0.16842592592592595
3869,à‰ã⁄ëÂéu,4,35,2,7,5,0.16028571428571428,0,1,0,1,0,0,0,0,0,0,0.16842592592592595
3869,à‰ã⁄ëÂéu,5,37,0,2,8,0.18783783783783783,0,0,0,0,0,0,0,0,0,0,0.16842592592592595
3869,à‰ã⁄ëÂéu,6,34,2,0,9,0.16441176470588234,0,0,0,1,0,1,0,0,0,0,0.16842592592592595
3870,éõìàóY,1,30,15,8,4,0.17066666666666666,14,0,0,0,1,0,4,2,6,0,0.17126829268292681
3870,éõìàóY,2,35,3,13,3,0.17142857142857143,0,2,0,0,1,0,0,0,0,21,0.17126829268292681
3870,éõìàóY,3,37,3,3,8,0.17594594594594595,0,2,0,1,0,0,0,0,0,0,0.17126829268292681
3870,éõìàóY,4,36,3,4,6,0.17805555555555555,0,0,2,1,0,0,0,0,0,0,0.17126829268292681
3870,éõìàóY,5,35,0,2,6,0.16342857142857142,0,0,0,0,0,0,0,0,0,0,0.17126829268292681
3870,éõìàóY,6,32,0,2,6,0.1671875,0,0,0,0,0,0,0,0,0,0,0.17126829268292681
3871,írìcéáîT,1,35,15,13,2,0.18371428571428572,14,0,0,0,1,0,10,4,5,0,0.1784848484848485
3871,írìcéáîT,2,40,7,8,11,0.17675000000000002,0,3,4,0,0,0,0,0,0,20,0.1784848484848485
3871,írìcéáîT,3,35,4,10,10,0.17600000000000002,0,0,3,0,1,0,0,0,0,0,0.1784848484848485
3871,írìcéáîT,4,27,3,2,6,0.18481481481481482,0,0,1,1,0,1,0,0,0,0,0.1784848484848485
3871,írìcéáîT,5,35,0,2,9,0.1777142857142857,0,0,0,0,0,0,0,0,0,0,0.1784848484848485
3871,írìcéáîT,6,26,1,5,5,0.1719230769230769,0,0,1,0,0,0,0,0,0,0,0.1784848484848485
3872,â™ìcåõçs,1,47,34,5,4,0.1821276595744681,33,0,0,0,1,0,3,3,7,0,0.1864
3872,â™ìcåõçs,2,49,9,15,9,0.1783673469387755,0,4,3,0,2,0,0,0,0,26,0.1864
3872,â™ìcåõçs,3,41,8,6,10,0.16902439024390242,0,0,4,3,1,0,0,0,0,0,0.1864
3872,â™ìcåõçs,4,39,4,7,10,0.19025641025641024,0,0,1,2,1,0,0,0,0,0,0.1864
3872,â™ìcåõçs,5,38,4,1,14,0.1944736842105263,0,0,2,2,0,0,0,0,0,0,0.1864
3872,â™ìcåõçs,6,36,0,6,11,0.21,0,0,0,0,0,0,0,0,0,0,0.1864
3873,ï ï{èπé˜,1,52,35,12,2,0.1553846153846154,34,0,0,0,1,0,13,3,1,0,0.15778242677824267
3873,ï ï{èπé˜,2,44,4,11,11,0.16977272727272727,0,2,1,0,1,0,0,0,0,26,0.15778242677824267
3873,ï ï{èπé˜,3,35,9,6,8,0.14257142857142857,0,1,6,2,0,0,0,0,0,0,0.15778242677824267
3873,ï ï{èπé˜,4,42,3,7,9,0.14761904761904762,0,2,0,1,0,0,0,0,0,0,0.15778242677824267
3873,ï ï{èπé˜,5,37,1,4,10,0.17081081081081081,0,0,0,0,1,0,0,0,0,0,0.15778242677824267
3873,ï ï{èπé˜,6,29,1,4,6,0.1603448275862069,0,0,0,0,1,0,0,0,0,0,0.15778242677824267
3874,éRñ{ä∞ãv,1,44,24,13,3,0.13681818181818184,23,0,0,0,1,0,7,3,8,0,0.14906504065040652
3874,éRñ{ä∞ãv,2,45,10,9,7,0.13266666666666665,0,6,2,2,0,0,0,0,0,25,0.14906504065040652
3874,éRñ{ä∞ãv,3,36,9,10,6,0.14222222222222222,0,0,4,4,1,0,0,0,0,0,0.14906504065040652
3874,éRñ{ä∞ãv,4,41,7,11,6,0.14585365853658538,0,0,3,4,0,0,0,0,0,0,0.14906504065040652
3874,éRñ{ä∞ãv,5,38,3,10,8,0.16578947368421051,0,0,0,3,0,0,0,0,0,0,0.14906504065040652
3874,éRñ{ä∞ãv,6,42,2,4,14,0.17333333333333334,0,1,0,1,0,0,0,0,0,0,0.14906504065040652
3875,úAíÜó«àÍ,1,29,17,3,1,0.1568965517241379,16,0,0,0,1,0,3,4,5,0,0.1852112676056338
3875,úAíÜó«àÍ,2,45,7,9,7,0.182,0,7,0,0,0,0,0,0,0,23,0.1852112676056338
3875,úAíÜó«àÍ,3,40,0,6,10,0.16575,0,0,0,0,0,0,0,0,0,0,0.1852112676056338
3875,úAíÜó«àÍ,4,31,2,3,3,0.1938709677419355,0,1,1,0,0,0,0,0,0,0,0.1852112676056338
3875,úAíÜó«àÍ,5,39,1,0,7,0.1935897435897436,0,0,0,0,1,0,0,0,0,0,0.1852112676056338
3875,úAíÜó«àÍ,6,29,0,0,2,0.22482758620689658,0,0,0,0,0,0,0,0,0,0,0.1852112676056338
3876,íÜí“êíêl,1,62,56,3,2,0.14935483870967742,56,0,0,0,0,0,1,2,2,0,0.15058333333333335
3876,íÜí“êíêl,2,36,5,13,9,0.15055555555555555,0,2,2,1,0,0,0,0,0,22,0.15058333333333335
3876,íÜí“êíêl,3,40,7,11,9,0.14750000000000002,0,0,4,3,0,0,0,0,0,0,0.15058333333333335
3876,íÜí“êíêl,4,35,10,9,8,0.16285714285714287,0,1,2,5,2,0,0,0,0,0,0.15058333333333335
3876,íÜí“êíêl,5,31,2,8,9,0.1606451612903226,0,0,2,0,0,0,0,0,0,0,0.15058333333333335
3876,íÜí“êíêl,6,36,5,3,8,0.13555555555555554,0,0,2,2,0,1,0,0,0,0,0.15058333333333335
3877,èºâYîéêl,1,33,9,9,8,0.13757575757575757,8,0,0,0,1,0,6,9,8,0,0.1575586854460094
3877,èºâYîéêl,2,40,1,13,10,0.15325,0,0,1,0,0,0,0,0,0,24,0.1575586854460094
3877,èºâYîéêl,3,36,2,7,8,0.145,0,0,0,1,1,0,0,0,0,0,0.1575586854460094
3877,èºâYîéêl,4,41,2,6,14,0.16682926829268294,0,0,0,1,1,0,0,0,0,0,0.1575586854460094
3877,èºâYîéêl,5,35,1,3,4,0.1702857142857143,0,0,0,1,0,0,0,0,0,0,0.1575586854460094
3877,èºâYîéêl,6,28,1,2,6,0.17392857142857143,0,0,0,0,1,0,0,0,0,0,0.1575586854460094
3878,å”ñ{åÂéu,1,34,16,10,6,0.1438235294117647,16,0,0,0,0,0,8,6,3,0,0.17218604651162792
3878,å”ñ{åÂéu,2,41,4,5,12,0.18146341463414636,0,4,0,0,0,0,0,0,0,17,0.17218604651162792
3878,å”ñ{åÂéu,3,32,1,6,6,0.1853125,0,1,0,0,0,0,0,0,0,0,0.17218604651162792
3878,å”ñ{åÂéu,4,38,5,3,12,0.16078947368421054,0,0,1,3,1,0,0,0,0,0,0.17218604651162792
3878,å”ñ{åÂéu,5,36,1,3,6,0.17222222222222222,0,1,0,0,0,0,0,0,0,0,0.17218604651162792
3878,å”ñ{åÂéu,6,34,1,1,3,0.18970588235294117,0,1,0,0,0,0,0,0,0,0,0.17218604651162792
3879,íÜë∫äi,1,34,6,5,6,0.1335294117647059,5,0,0,0,1,0,13,5,3,0,0.1748945147679325
3879,íÜë∫äi,2,44,2,6,11,0.1640909090909091,0,2,0,0,0,0,0,0,0,27,0.1748945147679325
3879,íÜë∫äi,3,47,1,4,5,0.16936170212765958,0,0,0,1,0,0,0,0,0,0,0.1748945147679325
3879,íÜë∫äi,4,42,0,6,2,0.18000000000000002,0,0,0,0,0,0,0,0,0,0,0.1748945147679325
3879,íÜë∫äi,5,39,0,2,4,0.21153846153846154,0,0,0,0,0,0,0,0,0,0,0.1748945147679325
3879,íÜë∫äi,6,31,0,0,3,0.19096774193548388,0,0,0,0,0,0,0,0,0,0,0.1748945147679325
3880,êÛå©è@çF,1,45,25,9,5,0.14600000000000002,22,0,0,0,3,0,9,2,8,0,0.1633447098976109
3880,êÛå©è@çF,2,51,6,16,11,0.15196078431372548,0,1,4,0,1,0,0,0,0,31,0.1633447098976109
3880,êÛå©è@çF,3,53,1,15,11,0.1728301886792453,0,0,1,0,0,0,0,0,0,0,0.1633447098976109
3880,êÛå©è@çF,4,55,2,9,15,0.16945454545454547,0,0,0,2,0,0,0,0,0,0,0.1633447098976109
3880,êÛå©è@çF,5,48,2,6,5,0.17125,0,1,0,1,0,0,0,0,0,0,0.1633447098976109
3880,êÛå©è@çF,6,41,0,4,9,0.16682926829268294,0,0,0,0,0,0,0,0,0,0,0.1633447098976109
3881,âYè„ëÒñÁ,1,51,26,14,3,0.1407843137254902,24,0,0,0,2,0,9,6,6,0,0.1566779661016949
3881,âYè„ëÒñÁ,2,55,5,17,5,0.14672727272727273,0,4,0,0,1,0,0,0,0,31,0.1566779661016949
3881,âYè„ëÒñÁ,3,49,5,15,12,0.1463265306122449,0,2,0,1,2,0,0,0,0,0,0.1566779661016949
3881,âYè„ëÒñÁ,4,47,3,11,10,0.16191489361702127,0,0,2,1,0,0,0,0,0,0,0.1566779661016949
3881,âYè„ëÒñÁ,5,51,0,5,16,0.16352941176470587,0,0,0,0,0,0,0,0,0,0,0.1566779661016949
3881,âYè„ëÒñÁ,6,42,1,6,7,0.1869047619047619,0,0,0,1,0,0,0,0,0,0,0.1566779661016949
3882,êVìcíqè≤,1,46,28,10,2,0.1582608695652174,24,0,0,0,4,0,4,5,6,0,0.1752755905511811
3882,êVìcíqè≤,2,39,6,13,10,0.16435897435897437,0,6,0,0,0,0,0,0,0,22,0.1752755905511811
3882,êVìcíqè≤,3,48,2,9,4,0.1814583333333333,0,0,2,0,0,0,0,0,0,0,0.1752755905511811
3882,êVìcíqè≤,4,42,3,9,4,0.16476190476190475,0,0,1,1,1,0,0,0,0,0,0.1752755905511811
3882,êVìcíqè≤,5,35,1,5,5,0.18571428571428572,0,0,1,0,0,0,0,0,0,0,0.1752755905511811
3882,êVìcíqè≤,6,44,0,4,5,0.19772727272727272,0,0,0,0,0,0,0,0,0,0,0.1752755905511811
3883,éRç™ëÂé˜,1,23,7,5,1,0.16130434782608696,7,0,0,0,0,0,6,4,1,0,0.18363636363636365
3883,éRç™ëÂé˜,2,28,1,2,5,0.19178571428571428,0,1,0,0,0,0,0,0,0,15,0.18363636363636365
3883,éRç™ëÂé˜,3,30,3,2,5,0.19499999999999998,0,0,2,1,0,0,0,0,0,0,0.18363636363636365
3883,éRç™ëÂé˜,4,30,3,2,3,0.16533333333333333,0,0,3,0,0,0,0,0,0,0,0.18363636363636365
3883,éRç™ëÂé˜,5,26,0,3,4,0.18730769230769231,0,0,0,0,0,0,0,0,0,0,0.18363636363636365
3883,éRç™ëÂé˜,6,28,0,2,3,0.19785714285714287,0,0,0,0,0,0,0,0,0,0,0.18363636363636365
3884,ñLìcëè,1,5,1,0,2,0.21400000000000002,1,0,0,0,0,0,1,2,1,0,0.1878048780487805
3884,ñLìcëè,2,7,0,0,1,0.13857142857142857,0,0,0,0,0,0,0,0,0,2,0.1878048780487805
3884,ñLìcëè,3,8,0,0,0,0.17375000000000002,0,0,0,0,0,0,0,0,0,0,0.1878048780487805
3884,ñLìcëè,4,4,0,0,0,0.2025,0,0,0,0,0,0,0,0,0,0,0.1878048780487805
3884,ñLìcëè,5,8,0,0,1,0.20625,0,0,0,0,0,0,0,0,0,0,0.1878048780487805
3884,ñLìcëè,6,9,0,0,1,0.20111111111111113,0,0,0,0,0,0,0,0,0,0,0.1878048780487805
3885,ãvìcïê,1,53,25,12,4,0.14773584905660378,22,0,0,0,2,1,11,6,7,0,0.16361702127659575
3885,ãvìcïê,2,52,6,21,9,0.1580769230769231,2,2,0,0,2,0,0,0,0,28,0.16361702127659575
3885,ãvìcïê,3,52,5,12,15,0.15884615384615383,0,1,0,3,1,0,0,0,0,0,0.16361702127659575
3885,ãvìcïê,4,45,4,13,14,0.1451111111111111,0,1,2,0,0,1,0,0,0,0,0.16361702127659575
3885,ãvìcïê,5,38,2,4,10,0.17552631578947367,0,2,0,0,0,0,0,0,0,0,0.16361702127659575
3885,ãvìcïê,6,42,2,1,6,0.2054761904761905,0,0,0,1,1,0,0,0,0,0,0.16361702127659575
3888,éRñ{âpéu,1,52,39,5,6,0.12134615384615384,38,0,0,0,1,0,2,5,5,0,0.1426643598615917
3888,éRñ{âpéu,2,53,14,12,10,0.12943396226415094,1,10,1,1,1,0,0,0,0,24,0.1426643598615917
3888,éRñ{âpéu,3,50,7,10,13,0.153,0,1,1,4,1,0,0,0,0,0,0.1426643598615917
3888,éRñ{âpéu,4,54,9,11,11,0.15444444444444444,0,1,5,1,2,0,0,0,0,0,0.1426643598615917
3888,éRñ{âpéu,5,39,4,3,8,0.1535897435897436,0,0,2,2,0,0,0,0,0,0,0.1426643598615917
3888,éRñ{âpéu,6,41,0,9,6,0.14829268292682926,0,0,0,0,0,0,0,0,0,0,0.1426643598615917
3889,ê{ì°ó≤óY,1,29,12,9,0,0.1317241379310345,12,0,0,0,0,0,8,3,1,0,0.16223880597014925
3889,ê{ì°ó≤óY,2,38,5,9,6,0.1481578947368421,0,2,3,0,0,0,0,0,0,23,0.16223880597014925
3889,ê{ì°ó≤óY,3,39,3,6,4,0.1641025641025641,0,0,2,0,1,0,0,0,0,0,0.16223880597014925
3889,ê{ì°ó≤óY,4,34,1,1,5,0.1735294117647059,0,0,1,0,0,0,0,0,0,0,0.16223880597014925
3889,ê{ì°ó≤óY,5,34,3,2,2,0.18294117647058822,0,0,2,1,0,0,0,0,0,0,0.16223880597014925
3889,ê{ì°ó≤óY,6,27,1,0,1,0.17185185185185184,1,0,0,0,0,0,0,0,0,0,0.16223880597014925
3890,è¨ã{è~éj,1,31,18,7,3,0.1629032258064516,17,0,0,0,1,0,4,4,2,0,0.17989949748743717
3890,è¨ã{è~éj,2,32,6,6,5,0.171875,0,3,0,1,2,0,0,0,0,17,0.17989949748743717
3890,è¨ã{è~éj,3,40,2,10,12,0.17099999999999999,0,0,1,0,1,0,0,0,0,0,0.17989949748743717
3890,è¨ã{è~éj,4,35,3,10,12,0.17857142857142858,0,0,0,2,1,0,0,0,0,0,0.17989949748743717
3890,è¨ã{è~éj,5,30,2,1,6,0.19133333333333333,0,0,1,1,0,0,0,0,0,0,0.17989949748743717
3890,è¨ã{è~éj,6,31,0,2,8,0.20709677419354838,0,0,0,0,0,0,0,0,0,0,0.17989949748743717
3891,íJå˚åíàÍ,1,24,5,6,2,0.15208333333333335,5,0,0,0,0,0,8,3,4,0,0.1673913043478261
3891,íJå˚åíàÍ,2,28,3,5,3,0.16214285714285714,0,2,1,0,0,0,0,0,0,20,0.1673913043478261
3891,íJå˚åíàÍ,3,32,0,6,6,0.166875,0,0,0,0,0,0,0,0,0,0,0.1673913043478261
3891,íJå˚åíàÍ,4,28,2,1,4,0.16892857142857146,0,1,1,0,0,0,0,0,0,0,0.1673913043478261
3891,íJå˚åíàÍ,5,27,0,1,2,0.17629629629629628,0,0,0,0,0,0,0,0,0,0,0.1673913043478261
3891,íJå˚åíàÍ,6,22,0,0,3,0.17863636363636365,0,0,0,0,0,0,0,0,0,0,0.1673913043478261
3892,ëêèÍçNçK,1,25,16,3,4,0.1388,16,0,0,0,0,0,3,1,4,0,0.15763736263736264
3892,ëêèÍçNçK,2,35,4,9,6,0.156,0,2,2,0,0,0,0,0,0,20,0.15763736263736264
3892,ëêèÍçNçK,3,36,4,5,11,0.14972222222222223,0,0,4,0,0,0,0,0,0,0,0.15763736263736264
3892,ëêèÍçNçK,4,31,4,6,4,0.1625806451612903,0,1,2,1,0,0,0,0,0,0,0.15763736263736264
3892,ëêèÍçNçK,5,27,1,2,5,0.16333333333333333,0,0,0,1,0,0,0,0,0,0,0.15763736263736264
3892,ëêèÍçNçK,6,28,1,2,2,0.1757142857142857,0,0,1,0,0,0,0,0,0,0,0.15763736263736264
3893,é¨çËê≥ë•,1,50,34,2,2,0.1598,31,0,0,0,3,0,2,11,2,0,0.1682421875
3893,é¨çËê≥ë•,2,40,7,14,12,0.174,0,5,0,0,2,0,0,0,0,21,0.1682421875
3893,é¨çËê≥ë•,3,48,5,12,10,0.16479166666666667,0,1,1,3,0,0,0,0,0,0,0.1682421875
3893,é¨çËê≥ë•,4,37,0,10,8,0.17513513513513515,0,0,0,0,0,0,0,0,0,0,0.1682421875
3893,é¨çËê≥ë•,5,42,3,5,9,0.1657142857142857,0,1,0,2,0,0,0,0,0,0,0.1682421875
3893,é¨çËê≥ë•,6,39,0,9,6,0.1735897435897436,0,0,0,0,0,0,0,0,0,0,0.1682421875
3895,ñxñ{óTñÁ,1,37,15,8,8,0.14027027027027028,15,0,0,0,0,0,5,6,9,0,0.16080645161290325
3895,ñxñ{óTñÁ,2,51,4,4,15,0.1623529411764706,1,2,1,0,0,0,0,0,0,31,0.16080645161290325
3895,ñxñ{óTñÁ,3,43,4,9,10,0.15627906976744185,0,0,1,3,0,0,0,0,0,0,0.16080645161290325
3895,ñxñ{óTñÁ,4,40,2,1,9,0.16775,0,0,1,1,0,0,0,0,0,0,0.16080645161290325
3895,ñxñ{óTñÁ,5,42,0,6,3,0.16547619047619047,0,0,0,0,0,0,0,0,0,0,0.16080645161290325
3895,ñxñ{óTñÁ,6,35,0,2,3,0.1722857142857143,0,0,0,0,0,0,0,0,0,0,0.16080645161290325
3896,è„ìcómïΩ,1,43,22,9,7,0.16209302325581396,22,0,0,0,0,0,5,9,6,0,0.16272357723577235
3896,è„ìcómïΩ,2,47,6,14,6,0.1570212765957447,0,3,0,0,2,1,0,0,0,24,0.16272357723577235
3896,è„ìcómïΩ,3,44,4,9,14,0.13727272727272727,0,2,1,1,0,0,0,0,0,0,0.16272357723577235
3896,è„ìcómïΩ,4,32,1,3,9,0.15125,0,1,0,0,0,0,0,0,0,0,0.16272357723577235
3896,è„ìcómïΩ,5,41,1,10,6,0.16878048780487806,0,1,0,0,0,0,0,0,0,0,0.16272357723577235
3896,è„ìcómïΩ,6,39,0,2,5,0.20205128205128206,0,0,0,0,0,0,0,0,0,0,0.16272357723577235
3897,îíà‰âpé°,1,55,46,3,4,0.1318181818181818,45,0,0,0,1,0,2,3,3,0,0.13484581497797357
3897,îíà‰âpé°,2,33,9,14,4,0.1196969696969697,1,2,5,0,1,0,0,0,0,22,0.13484581497797357
3897,îíà‰âpé°,3,38,8,11,11,0.12342105263157896,0,2,2,3,1,0,0,0,0,0,0.13484581497797357
3897,îíà‰âpé°,4,34,5,9,7,0.13147058823529412,0,1,4,0,0,0,0,0,0,0,0.13484581497797357
3897,îíà‰âpé°,5,35,7,6,6,0.14942857142857144,1,1,0,4,1,0,0,0,0,0,0.13484581497797357
3897,îíà‰âpé°,6,32,3,9,2,0.156875,0,2,1,0,0,0,0,0,0,0,0.13484581497797357
3898,ïΩìcíâë•,1,51,38,4,5,0.12686274509803921,37,0,0,0,1,0,2,5,4,0,0.14843881856540084
3898,ïΩìcíâë•,2,36,4,12,9,0.14472222222222222,0,3,1,0,0,0,0,0,0,26,0.14843881856540084
3898,ïΩìcíâë•,3,45,3,15,17,0.1497777777777778,0,1,1,1,0,0,0,0,0,0,0.14843881856540084
3898,ïΩìcíâë•,4,42,5,13,16,0.15571428571428572,0,4,1,0,0,0,0,0,0,0,0.14843881856540084
3898,ïΩìcíâë•,5,33,3,7,8,0.1590909090909091,0,0,1,2,0,0,0,0,0,0,0.14843881856540084
3898,ïΩìcíâë•,6,30,1,6,4,0.16566666666666666,0,1,0,0,0,0,0,0,0,0,0.14843881856540084
3900,çÅêÏëféq,1,53,38,10,1,0.15471698113207547,37,0,1,0,0,0,2,5,8,0,0.17453846153846156
3900,çÅêÏëféq,2,42,6,16,5,0.18452380952380953,0,6,0,0,0,0,0,0,0,23,0.17453846153846156
3900,çÅêÏëféq,3,47,7,16,10,0.17255319148936168,0,1,1,3,1,1,0,0,0,0,0.17453846153846156
3900,çÅêÏëféq,4,41,4,12,10,0.15585365853658537,0,2,0,1,1,0,0,0,0,0,0.17453846153846156
3900,çÅêÏëféq,5,41,1,4,13,0.19219512195121952,0,0,1,0,0,0,0,0,0,0,0.17453846153846156
3900,çÅêÏëféq,6,36,1,5,8,0.19583333333333333,0,0,0,0,0,1,0,0,0,0,0.17453846153846156
3901,èºìcåõçK,1,45,26,14,1,0.16711111111111113,24,0,0,0,2,0,7,4,7,0,0.1897841726618705
3901,èºìcåõçK,2,45,4,14,7,0.19066666666666668,0,2,2,0,0,0,0,0,0,25,0.1897841726618705
3901,èºìcåõçK,3,47,1,18,12,0.18148936170212765,0,0,1,0,0,0,0,0,0,0,0.1897841726618705
3901,èºìcåõçK,4,49,4,12,7,0.19489795918367347,0,0,4,0,0,0,0,0,0,0,0.1897841726618705
3901,èºìcåõçK,5,46,4,7,10,0.18282608695652175,0,0,0,3,1,0,0,0,0,0,0.1897841726618705
3901,èºìcåõçK,6,46,0,0,8,0.22108695652173913,0,0,0,0,0,0,0,0,0,0,0.1897841726618705
3902,ÂêêÏìNïΩ,1,32,20,5,5,0.1521875,19,0,0,0,1,0,1,5,5,0,0.18204678362573098
3902,ÂêêÏìNïΩ,2,25,5,6,6,0.174,0,4,0,0,0,1,0,0,0,9,0.18204678362573098
3902,ÂêêÏìNïΩ,3,26,4,9,5,0.16730769230769232,0,1,0,2,1,0,0,0,0,0,0.18204678362573098
3902,ÂêêÏìNïΩ,4,31,2,5,10,0.20483870967741935,0,1,0,1,0,0,0,0,0,0,0.18204678362573098
3902,ÂêêÏìNïΩ,5,27,0,8,7,0.17370370370370372,0,0,0,0,0,0,0,0,0,0,0.18204678362573098
3902,ÂêêÏìNïΩ,6,30,0,4,9,0.21733333333333335,0,0,0,0,0,0,0,0,0,0,0.18204678362573098
3903,îíêŒåí,1,53,43,4,3,0.11773584905660378,43,0,0,0,0,0,6,2,2,0,0.12889908256880733
3903,îíêŒåí,2,36,12,12,5,0.12916666666666668,0,9,3,0,0,0,0,0,0,21,0.12889908256880733
3903,îíêŒåí,3,30,8,9,8,0.13399999999999998,0,1,2,5,0,0,0,0,0,0,0.12889908256880733
3903,îíêŒåí,4,38,12,6,11,0.1268421052631579,0,1,8,3,0,0,0,0,0,0,0.12889908256880733
3903,îíêŒåí,5,30,3,6,6,0.14466666666666667,0,0,0,2,1,0,0,0,0,0,0.12889908256880733
3903,îíêŒåí,6,31,1,5,6,0.13,0,0,0,1,0,0,0,0,0,0,0.12889908256880733
3904,êXãMóm,1,57,41,8,5,0.13614035087719298,39,0,0,0,2,0,3,5,7,0,0.1608550185873606
3904,êXãMóm,2,45,7,15,9,0.17733333333333334,0,6,0,0,1,0,0,0,0,24,0.1608550185873606
3904,êXãMóm,3,42,3,12,15,0.16833333333333333,0,0,2,1,0,0,0,0,0,0,0.1608550185873606
3904,êXãMóm,4,39,4,8,14,0.15487179487179487,0,0,2,2,0,0,0,0,0,0,0.1608550185873606
3904,êXãMóm,5,39,4,5,8,0.15256410256410258,0,0,0,3,1,0,0,0,0,0,0.1608550185873606
3904,êXãMóm,6,47,1,7,11,0.1802127659574468,0,0,0,1,0,0,0,0,0,0,0.1608550185873606
3905,ìVñÏóFòa,1,40,17,14,9,0.15875,15,0,0,0,2,0,11,4,6,0,0.16
3905,ìVñÏóFòa,2,42,5,10,10,0.15976190476190477,0,3,1,0,1,0,0,0,0,27,0.16
3905,ìVñÏóFòa,3,46,6,10,9,0.16,0,1,1,4,0,0,0,0,0,0,0.16
3905,ìVñÏóFòa,4,40,2,11,7,0.15150000000000002,0,1,0,1,0,0,0,0,0,0,0.16
3905,ìVñÏóFòa,5,40,1,8,9,0.158,0,0,0,1,0,0,0,0,0,0,0.16
3905,ìVñÏóFòa,6,35,1,1,6,0.1737142857142857,0,0,1,0,0,0,0,0,0,0,0.16
3906,î—éRçWéO,1,36,20,12,0,0.1322222222222222,19,0,0,0,1,0,5,2,5,0,0.160327868852459
3906,î—éRçWéO,2,45,11,9,6,0.15644444444444444,0,7,1,0,2,1,0,0,0,23,0.160327868852459
3906,î—éRçWéO,3,43,6,13,9,0.14465116279069767,0,0,0,6,0,0,0,0,0,0,0.160327868852459
3906,î—éRçWéO,4,38,1,11,6,0.17868421052631578,0,1,0,0,0,0,0,0,0,0,0.160327868852459
3906,î—éRçWéO,5,41,1,1,5,0.175609756097561,0,0,0,1,0,0,0,0,0,0,0.160327868852459
3906,î—éRçWéO,6,41,0,3,6,0.17341463414634148,0,0,0,0,0,0,0,0,0,0,0.160327868852459
3907,ë∫âzìƒ,1,50,33,10,1,0.1516,30,0,0,0,3,0,3,8,5,0,0.167546468401487
3907,ë∫âzìƒ,2,45,13,11,6,0.174,0,10,2,0,1,0,0,0,0,18,0.167546468401487
3907,ë∫âzìƒ,3,44,2,14,8,0.15840909090909092,0,0,0,2,0,0,0,0,0,0,0.167546468401487
3907,ë∫âzìƒ,4,49,12,8,9,0.17346938775510204,0,1,2,7,2,0,0,0,0,0,0.167546468401487
3907,ë∫âzìƒ,5,37,0,6,5,0.17108108108108108,0,0,0,0,0,0,0,0,0,0,0.167546468401487
3907,ë∫âzìƒ,6,44,4,6,8,0.17863636363636365,0,3,0,1,0,0,0,0,0,0,0.167546468401487
3908,èdê¨àÍêl,1,47,39,3,2,0.1370212765957447,38,0,0,0,1,0,1,2,3,0,0.13990950226244345
3908,èdê¨àÍêl,2,40,10,18,6,0.1365,1,6,2,0,1,0,0,0,0,23,0.13990950226244345
3908,èdê¨àÍêl,3,39,6,15,9,0.12871794871794873,0,0,3,3,0,0,0,0,0,0,0.13990950226244345
3908,èdê¨àÍêl,4,32,3,8,10,0.15,0,3,0,0,0,0,0,0,0,0,0.13990950226244345
3908,èdê¨àÍêl,5,34,5,10,6,0.14705882352941177,0,0,0,4,1,0,0,0,0,0,0.13990950226244345
3908,èdê¨àÍêl,6,29,2,6,7,0.14482758620689656,0,0,0,0,2,0,0,0,0,0,0.13990950226244345
3909,ç≤ÅXñÿçNçK,1,46,33,7,2,0.10478260869565217,33,0,0,0,0,0,6,0,4,0,0.11471615720524017
3909,ç≤ÅXñÿçNçK,2,41,11,10,9,0.11804878048780487,0,6,4,0,1,0,0,0,0,18,0.11471615720524017
3909,ç≤ÅXñÿçNçK,3,31,8,9,5,0.11032258064516129,0,1,4,2,0,1,0,0,0,0,0.11471615720524017
3909,ç≤ÅXñÿçNçK,4,39,8,6,8,0.11410256410256411,0,0,5,3,0,0,0,0,0,0,0.11471615720524017
3909,ç≤ÅXñÿçNçK,5,32,4,7,3,0.11031250000000001,0,0,1,3,0,0,0,0,0,0,0.11471615720524017
3909,ç≤ÅXñÿçNçK,6,40,8,6,5,0.13025,0,1,2,4,1,0,0,0,0,0,0.11471615720524017
3910,èºâ∫ímçK,1,25,10,6,3,0.18760000000000002,10,0,0,0,0,0,3,8,3,0,0.1953179190751445
3910,èºâ∫ímçK,2,34,3,2,7,0.19441176470588237,0,3,0,0,0,0,0,0,0,19,0.1953179190751445
3910,èºâ∫ímçK,3,28,5,2,6,0.1682142857142857,0,0,5,0,0,0,0,0,0,0,0.1953179190751445
3910,èºâ∫ímçK,4,27,1,1,6,0.19814814814814813,0,0,0,1,0,0,0,0,0,0,0.1953179190751445
3910,èºâ∫ímçK,5,34,0,2,7,0.20647058823529413,0,0,0,0,0,0,0,0,0,0,0.1953179190751445
3910,èºâ∫ímçK,6,25,0,0,4,0.2164,0,0,0,0,0,0,0,0,0,0,0.1953179190751445
3911,óÈñÿñ“,1,44,21,11,3,0.17227272727272727,20,0,0,0,1,0,8,6,6,0,0.16716666666666666
3911,óÈñÿñ“,2,39,8,6,3,0.16666666666666666,0,6,2,0,0,0,0,0,0,21,0.16716666666666666
3911,óÈñÿñ“,3,43,3,6,8,0.15813953488372093,0,0,0,3,0,0,0,0,0,0,0.16716666666666666
3911,óÈñÿñ“,4,34,1,10,7,0.18176470588235294,0,0,0,1,0,0,0,0,0,0,0.16716666666666666
3911,óÈñÿñ“,5,39,2,4,12,0.15846153846153846,0,1,1,0,0,0,0,0,0,0,0.16716666666666666
3911,óÈñÿñ“,6,41,0,3,11,0.1678048780487805,0,0,0,0,0,0,0,0,0,0,0.16716666666666666
3912,êÏå¥ê≥ñæ,1,35,22,3,1,0.16085714285714287,20,0,1,0,1,0,1,5,6,0,0.16277777777777777
3912,êÏå¥ê≥ñæ,2,34,5,10,5,0.16058823529411764,1,2,2,0,0,0,0,0,0,17,0.16277777777777777
3912,êÏå¥ê≥ñæ,3,34,4,5,5,0.16441176470588234,0,2,2,0,0,0,0,0,0,0,0.16277777777777777
3912,êÏå¥ê≥ñæ,4,31,3,6,7,0.14935483870967742,1,0,2,0,0,0,0,0,0,0,0.16277777777777777
3912,êÏå¥ê≥ñæ,5,34,2,3,5,0.15617647058823528,0,0,1,0,1,0,0,0,0,0,0.16277777777777777
3912,êÏå¥ê≥ñæ,6,30,1,4,4,0.187,0,0,0,1,0,0,0,0,0,0,0.16277777777777777
3915,î…ñÏíJå\âÓ,1,68,53,9,4,0.15823529411764706,51,0,0,0,2,0,5,5,3,0,0.1789236111111111
3915,î…ñÏíJå\âÓ,2,47,8,15,9,0.1874468085106383,0,5,1,0,2,0,0,0,0,23,0.1789236111111111
3915,î…ñÏíJå\âÓ,3,42,10,8,17,0.16499999999999998,0,3,1,5,1,0,0,0,0,0,0.1789236111111111
3915,î…ñÏíJå\âÓ,4,55,4,16,17,0.19090909090909092,0,1,1,1,1,0,0,0,0,0,0.1789236111111111
3915,î…ñÏíJå\âÓ,5,38,2,9,11,0.18947368421052632,0,0,0,2,0,0,0,0,0,0,0.1789236111111111
3915,î…ñÏíJå\âÓ,6,38,5,7,12,0.19289473684210526,0,1,2,1,1,0,0,0,0,0,0.1789236111111111
3918,ê[à‰óòéı,1,56,39,10,4,0.15482142857142858,39,0,0,0,0,0,6,5,4,0,0.17417543859649123
3918,ê[à‰óòéı,2,52,10,11,13,0.18653846153846151,0,6,2,0,2,0,0,0,0,27,0.17417543859649123
3918,ê[à‰óòéı,3,46,5,16,10,0.16304347826086957,1,0,2,2,0,0,0,0,0,0,0.17417543859649123
3918,ê[à‰óòéı,4,44,8,3,12,0.14704545454545453,0,2,3,3,0,0,0,0,0,0,0.17417543859649123
3918,ê[à‰óòéı,5,50,3,9,7,0.18359999999999999,0,0,0,1,2,0,0,0,0,0,0.17417543859649123
3918,ê[à‰óòéı,6,37,0,6,5,0.2194594594594595,0,0,0,0,0,0,0,0,0,0,0.17417543859649123
3919,ë∫è„èÉ,1,43,32,6,0,0.1569767441860465,27,0,0,0,5,0,4,3,3,0,0.16113207547169814
3919,ë∫è„èÉ,2,37,9,9,3,0.1564864864864865,1,8,0,0,0,0,0,0,0,20,0.16113207547169814
3919,ë∫è„èÉ,3,35,4,4,7,0.16028571428571428,1,1,0,2,0,0,0,0,0,0,0.16113207547169814
3919,ë∫è„èÉ,4,28,8,7,5,0.16464285714285715,1,2,3,1,1,0,0,0,0,0,0.16113207547169814
3919,ë∫è„èÉ,5,36,7,4,2,0.17194444444444446,0,4,1,2,0,0,0,0,0,0,0.16113207547169814
3919,ë∫è„èÉ,6,33,3,8,8,0.15787878787878787,0,2,1,0,0,0,0,0,0,0,0.16113207547169814
3920,ê≥ñÿêπå´,1,76,54,13,2,0.1626315789473684,53,0,0,0,1,0,5,8,6,0,0.15061889250814334
3920,ê≥ñÿêπå´,2,53,12,19,7,0.14679245283018869,1,7,3,0,1,0,0,0,0,30,0.15061889250814334
3920,ê≥ñÿêπå´,3,52,8,6,15,0.16038461538461538,0,2,2,2,1,1,0,0,0,0,0.15061889250814334
3920,ê≥ñÿêπå´,4,44,7,12,8,0.14227272727272727,0,4,3,0,0,0,0,0,0,0,0.15061889250814334
3920,ê≥ñÿêπå´,5,43,7,13,8,0.14465116279069767,0,2,3,2,0,0,0,0,0,0,0.15061889250814334
3920,ê≥ñÿêπå´,6,39,8,10,7,0.13538461538461538,1,2,4,1,0,0,0,0,0,0,0.15061889250814334
3921,êÏë∫ê≥ãP,1,36,16,8,4,0.1627777777777778,14,1,0,0,1,0,7,7,4,0,0.17613333333333334
3921,êÏë∫ê≥ãP,2,40,6,11,5,0.1635,0,5,1,0,0,0,0,0,0,16,0.17613333333333334
3921,êÏë∫ê≥ãP,3,37,3,7,10,0.16972972972972974,0,2,0,1,0,0,0,0,0,0,0.17613333333333334
3921,êÏë∫ê≥ãP,4,35,2,6,11,0.18371428571428572,0,0,0,2,0,0,0,0,0,0,0.17613333333333334
3921,êÏë∫ê≥ãP,5,39,0,2,8,0.16974358974358975,0,0,0,0,0,0,0,0,0,0,0.17613333333333334
3921,êÏë∫ê≥ãP,6,38,2,3,6,0.20789473684210527,0,1,0,1,0,0,0,0,0,0,0.17613333333333334
3922,êõè¿â¿è∫,1,36,14,11,5,0.1875,14,0,0,0,0,0,9,4,4,0,0.19634146341463415
3922,êõè¿â¿è∫,2,50,5,10,8,0.1784,0,2,2,0,1,0,0,0,0,24,0.19634146341463415
3922,êõè¿â¿è∫,3,43,3,5,10,0.1772093023255814,0,0,2,1,0,0,0,0,0,0,0.19634146341463415
3922,êõè¿â¿è∫,4,45,1,5,5,0.19644444444444445,0,0,0,1,0,0,0,0,0,0,0.19634146341463415
3922,êõè¿â¿è∫,5,41,1,1,5,0.20634146341463416,0,0,1,0,0,0,0,0,0,0,0.19634146341463415
3922,êõè¿â¿è∫,6,31,2,1,2,0.24870967741935485,0,0,0,1,1,0,0,0,0,0,0.19634146341463415
3925,ëÂìcêΩ,1,23,6,3,4,0.1982608695652174,6,0,0,0,0,0,3,9,3,0,0.19380645161290322
3925,ëÂìcêΩ,2,30,3,3,1,0.185,0,2,0,1,0,0,0,0,0,19,0.19380645161290322
3925,ëÂìcêΩ,3,26,0,2,4,0.17730769230769233,0,0,0,0,0,0,0,0,0,0,0.19380645161290322
3925,ëÂìcêΩ,4,24,0,1,3,0.17541666666666667,0,0,0,0,0,0,0,0,0,0,0.19380645161290322
3925,ëÂìcêΩ,5,30,1,0,1,0.18433333333333335,0,0,0,1,0,0,0,0,0,0,0.19380645161290322
3925,ëÂìcêΩ,6,22,0,0,1,0.25363636363636366,0,0,0,0,0,0,0,0,0,0,0.19380645161290322
3928,ó—åbóS,1,30,10,12,2,0.15466666666666665,9,0,0,0,1,0,5,7,6,0,0.17944186046511626
3928,ó—åbóS,2,44,2,6,8,0.19022727272727272,0,1,1,0,0,0,0,0,0,23,0.17944186046511626
3928,ó—åbóS,3,41,1,8,11,0.1629268292682927,0,0,0,0,1,0,0,0,0,0,0.17944186046511626
3928,ó—åbóS,4,32,3,3,3,0.185625,0,0,2,1,0,0,0,0,0,0,0.17944186046511626
3928,ó—åbóS,5,42,0,3,3,0.1792857142857143,0,0,0,0,0,0,0,0,0,0,0.17944186046511626
3928,ó—åbóS,6,26,0,1,1,0.20846153846153845,0,0,0,0,0,0,0,0,0,0,0.17944186046511626
3929,ñ€ñÏêæó«,1,29,14,5,3,0.14689655172413793,14,0,0,0,0,0,5,4,5,0,0.15360975609756097
3929,ñ€ñÏêæó«,2,34,1,6,8,0.15647058823529414,0,1,0,0,0,0,0,0,0,21,0.15360975609756097
3929,ñ€ñÏêæó«,3,37,3,7,12,0.14432432432432432,0,0,2,1,0,0,0,0,0,0,0.15360975609756097
3929,ñ€ñÏêæó«,4,35,2,3,11,0.15828571428571428,0,1,0,1,0,0,0,0,0,0,0.15360975609756097
3929,ñ€ñÏêæó«,5,34,2,3,2,0.15500000000000003,0,0,0,2,0,0,0,0,0,0,0.15360975609756097
3929,ñ€ñÏêæó«,6,36,2,3,3,0.16,0,0,2,0,0,0,0,0,0,0,0.15360975609756097
3930,ä›ñ{ó≤,1,46,30,4,6,0.1334782608695652,28,0,0,0,2,0,4,4,7,0,0.1648207171314741
3930,ä›ñ{ó≤,2,42,8,9,7,0.1773809523809524,0,4,3,1,0,0,0,0,0,23,0.1648207171314741
3930,ä›ñ{ó≤,3,43,2,13,4,0.15813953488372093,0,0,0,2,0,0,0,0,0,0,0.1648207171314741
3930,ä›ñ{ó≤,4,48,3,9,9,0.160625,0,0,1,1,0,1,0,0,0,0,0.1648207171314741
3930,ä›ñ{ó≤,5,32,2,4,7,0.1809375,0,0,0,2,0,0,0,0,0,0,0.1648207171314741
3930,ä›ñ{ó≤,6,40,1,0,6,0.187,0,0,0,1,0,0,0,0,0,0,0.1648207171314741
3931,çïçËó≥ñÁ,1,44,34,2,5,0.13522727272727272,32,0,0,0,2,0,5,3,1,0,0.1404329004329004
3931,çïçËó≥ñÁ,2,34,6,14,8,0.15000000000000002,0,1,4,0,1,0,0,0,0,13,0.1404329004329004
3931,çïçËó≥ñÁ,3,41,4,13,9,0.1375609756097561,0,3,0,1,0,0,0,0,0,0,0.1404329004329004
3931,çïçËó≥ñÁ,4,42,5,9,13,0.13714285714285715,0,1,1,1,2,0,0,0,0,0,0.1404329004329004
3931,çïçËó≥ñÁ,5,37,3,9,4,0.15216216216216216,0,0,0,1,2,0,0,0,0,0,0.1404329004329004
3931,çïçËó≥ñÁ,6,33,1,8,8,0.13212121212121214,0,0,1,0,0,0,0,0,0,0,0.1404329004329004
3932,írìcç_î¸,1,40,20,9,3,0.161,17,0,0,0,3,0,7,4,8,0,0.17078341013824885
3932,írìcç_î¸,2,43,10,10,10,0.15046511627906975,0,3,7,0,0,0,0,0,0,13,0.17078341013824885
3932,írìcç_î¸,3,38,7,15,3,0.17078947368421052,0,2,5,0,0,0,0,0,0,0,0.17078341013824885
3932,írìcç_î¸,4,35,0,8,7,0.15885714285714286,0,0,0,0,0,0,0,0,0,0,0.17078341013824885
3932,írìcç_î¸,5,34,0,6,8,0.20411764705882354,0,0,0,0,0,0,0,0,0,0,0.17078341013824885
3932,írìcç_î¸,6,27,1,4,3,0.19111111111111112,0,0,0,1,0,0,0,0,0,0,0.17078341013824885
3933,éRínê≥é˜,1,61,31,14,5,0.1562295081967213,27,0,0,0,3,1,12,5,8,0,0.16414893617021276
3933,éRínê≥é˜,2,46,4,13,5,0.15586956521739131,0,4,0,0,0,0,0,0,0,27,0.16414893617021276
3933,éRínê≥é˜,3,50,7,11,13,0.1722,0,1,0,5,0,1,0,0,0,0,0.16414893617021276
3933,éRínê≥é˜,4,47,6,10,12,0.15574468085106383,0,2,1,1,0,2,0,0,0,0,0.16414893617021276
3933,éRínê≥é˜,5,39,3,10,9,0.1858974358974359,0,1,1,0,1,0,0,0,0,0,0.16414893617021276
3933,éRínê≥é˜,6,39,3,9,8,0.16435897435897437,0,1,1,0,0,1,0,0,0,0,0.16414893617021276
3934,èõïøãMèr,1,42,26,5,3,0.14785714285714285,23,0,0,0,3,0,6,8,0,0,0.15046153846153845
3934,èõïøãMèr,2,46,6,11,11,0.16086956521739132,0,4,0,0,2,0,0,0,0,21,0.15046153846153845
3934,èõïøãMèr,3,47,5,8,13,0.12787234042553192,0,1,0,3,0,1,0,0,0,0,0.15046153846153845
3934,èõïøãMèr,4,43,5,7,9,0.1516279069767442,0,2,0,2,1,0,0,0,0,0,0.15046153846153845
3934,èõïøãMèr,5,45,0,7,7,0.152,0,0,0,0,0,0,0,0,0,0,0.15046153846153845
3934,èõïøãMèr,6,37,0,8,7,0.16594594594594594,0,0,0,0,0,0,0,0,0,0,0.15046153846153845
3935,ä‚í√ìOòY,1,32,11,10,4,0.163125,11,0,0,0,0,0,10,6,2,0,0.17035175879396985
3935,ä‚í√ìOòY,2,32,2,10,4,0.135625,0,2,0,0,0,0,0,0,0,24,0.17035175879396985
3935,ä‚í√ìOòY,3,39,4,7,13,0.17435897435897435,0,1,2,0,1,0,0,0,0,0,0.17035175879396985
3935,ä‚í√ìOòY,4,32,2,7,9,0.1684375,0,0,0,2,0,0,0,0,0,0,0.17035175879396985
3935,ä‚í√ìOòY,5,27,0,3,6,0.17666666666666664,0,0,0,0,0,0,0,0,0,0,0.17035175879396985
3935,ä‚í√ìOòY,6,37,0,2,9,0.19945945945945945,0,0,0,0,0,0,0,0,0,0,0.17035175879396985
3939,ìnï”ê^éä,1,42,23,8,4,0.15571428571428572,23,0,0,0,0,0,3,7,6,0,0.15233830845771146
3939,ìnï”ê^éä,2,30,9,7,7,0.15,0,8,1,0,0,0,0,0,0,14,0.15233830845771146
3939,ìnï”ê^éä,3,34,3,10,10,0.14882352941176472,0,0,0,2,1,0,0,0,0,0,0.15233830845771146
3939,ìnï”ê^éä,4,33,3,4,13,0.14424242424242423,0,0,1,2,0,0,0,0,0,0,0.15233830845771146
3939,ìnï”ê^éä,5,26,2,3,5,0.16384615384615384,0,0,1,0,0,1,0,0,0,0,0.15233830845771146
3939,ìnï”ê^éä,6,36,0,6,8,0.1527777777777778,0,0,0,0,0,0,0,0,0,0,0.15233830845771146
3940,î—éRë◊,1,47,32,8,4,0.13489361702127659,31,0,0,0,1,0,6,1,6,0,0.14250980392156865
3940,î—éRë◊,2,46,9,14,14,0.14673913043478262,0,5,3,0,1,0,0,0,0,26,0.14250980392156865
3940,î—éRë◊,3,39,3,10,11,0.13974358974358975,0,1,2,0,0,0,0,0,0,0,0.14250980392156865
3940,î—éRë◊,4,45,5,10,10,0.14222222222222222,0,2,2,1,0,0,0,0,0,0,0.14250980392156865
3940,î—éRë◊,5,39,4,3,11,0.1394871794871795,0,0,1,3,0,0,0,0,0,0,0.14250980392156865
3940,î—éRë◊,6,39,4,7,5,0.15282051282051282,0,1,1,1,1,0,0,0,0,0,0.14250980392156865
3941,írìcç_ìÒ,1,66,53,9,2,0.11196969696969697,48,0,0,0,4,1,2,5,6,0,0.12475409836065575
3941,írìcç_ìÒ,2,34,13,14,3,0.1261764705882353,0,10,2,0,1,0,0,0,0,17,0.12475409836065575
3941,írìcç_ìÒ,3,34,8,11,6,0.12794117647058822,0,4,0,3,1,0,0,0,0,0,0.12475409836065575
3941,írìcç_ìÒ,4,40,11,11,4,0.12175,0,3,2,4,1,1,0,0,0,0,0.12475409836065575
3941,írìcç_ìÒ,5,35,7,12,4,0.1305714285714286,0,0,1,6,0,0,0,0,0,0,0.12475409836065575
3941,írìcç_ìÒ,6,35,7,9,6,0.142,0,2,0,4,0,1,0,0,0,0,0.12475409836065575
3942,éõìcèÀ,1,56,39,8,1,0.17392857142857143,38,0,0,0,1,0,5,3,8,0,0.15487704918032785
3942,éõìcèÀ,2,39,8,14,4,0.16564102564102565,0,5,3,0,0,0,0,0,0,23,0.15487704918032785
3942,éõìcèÀ,3,39,2,13,8,0.15666666666666668,0,1,0,1,0,0,0,0,0,0,0.15487704918032785
3942,éõìcèÀ,4,38,5,10,6,0.1368421052631579,0,1,3,1,0,0,0,0,0,0,0.15487704918032785
3942,éõìcèÀ,5,31,4,10,3,0.13129032258064516,0,0,0,4,0,0,0,0,0,0,0.15487704918032785
3942,éõìcèÀ,6,41,0,10,6,0.15146341463414634,0,0,0,0,0,0,0,0,0,0,0.15487704918032785
3943,éOèºíºî¸,1,19,7,3,1,0.15210526315789474,5,0,0,0,1,1,4,4,4,0,0.17392592592592593
3943,éOèºíºî¸,2,27,1,5,3,0.1725925925925926,0,0,1,0,0,0,0,0,0,18,0.17392592592592593
3943,éOèºíºî¸,3,23,0,2,6,0.1852173913043478,0,0,0,0,0,0,0,0,0,0,0.17392592592592593
3943,éOèºíºî¸,4,23,0,1,4,0.1582608695652174,0,0,0,0,0,0,0,0,0,0,0.17392592592592593
3943,éOèºíºî¸,5,24,2,0,4,0.18833333333333332,0,0,0,2,0,0,0,0,0,0,0.17392592592592593
3943,éOèºíºî¸,6,19,1,2,2,0.18473684210526314,0,0,1,0,0,0,0,0,0,0,0.17392592592592593
3944,éRå˚óTìÒ,1,59,33,15,7,0.1733898305084746,26,0,0,0,7,0,12,3,10,0,0.17108
3944,éRå˚óTìÒ,2,37,5,18,5,0.13702702702702704,0,5,0,0,0,0,0,0,0,22,0.17108
3944,éRå˚óTìÒ,3,35,13,8,6,0.15485714285714286,0,2,2,8,1,0,0,0,0,0,0.17108
3944,éRå˚óTìÒ,4,38,6,6,12,0.1705263157894737,0,1,0,5,0,0,0,0,0,0,0.17108
3944,éRå˚óTìÒ,5,36,1,6,7,0.17833333333333334,0,1,0,0,0,0,0,0,0,0,0.17108
3944,éRå˚óTìÒ,6,45,0,13,11,0.20333333333333334,0,0,0,0,0,0,0,0,0,0,0.17108
3945,ã¥å˚ê^é˜,1,37,19,6,2,0.17756756756756759,19,0,0,0,0,0,4,7,6,0,0.18466135458167332
3945,ã¥å˚ê^é˜,2,43,4,8,12,0.18720930232558142,0,3,1,0,0,0,0,0,0,22,0.18466135458167332
3945,ã¥å˚ê^é˜,3,42,2,4,10,0.18785714285714286,0,1,1,0,0,0,0,0,0,0,0.18466135458167332
3945,ã¥å˚ê^é˜,4,45,5,7,8,0.17133333333333334,0,2,2,1,0,0,0,0,0,0,0.18466135458167332
3945,ã¥å˚ê^é˜,5,44,1,3,8,0.1765909090909091,0,0,1,0,0,0,0,0,0,0,0.18466135458167332
3945,ã¥å˚ê^é˜,6,40,2,0,6,0.209,0,0,0,1,1,0,0,0,0,0,0.18466135458167332
3946,ê‘ä‚ëPê∂,1,66,52,11,1,0.11227272727272727,51,0,0,0,1,0,5,3,6,0,0.14174074074074075
3946,ê‘ä‚ëPê∂,2,43,3,18,6,0.14372093023255814,0,1,2,0,0,0,0,0,0,25,0.14174074074074075
3946,ê‘ä‚ëPê∂,3,42,7,15,8,0.13380952380952382,1,2,3,1,0,0,0,0,0,0,0.14174074074074075
3946,ê‘ä‚ëPê∂,4,42,6,16,8,0.15166666666666667,0,1,3,2,0,0,0,0,0,0,0.14174074074074075
3946,ê‘ä‚ëPê∂,5,35,2,14,6,0.16457142857142856,1,0,1,0,0,0,0,0,0,0,0.14174074074074075
3946,ê‘ä‚ëPê∂,6,42,4,13,13,0.165,0,2,1,1,0,0,0,0,0,0,0.14174074074074075
3947,éõñ{è∏ïΩ,1,38,15,4,6,0.1723684210526316,15,0,0,0,0,0,5,8,9,0,0.18139737991266375
3947,éõñ{è∏ïΩ,2,38,5,10,9,0.165,0,4,1,0,0,0,0,0,0,18,0.18139737991266375
3947,éõñ{è∏ïΩ,3,42,3,9,8,0.18642857142857144,0,0,1,0,2,0,0,0,0,0,0.18139737991266375
3947,éõñ{è∏ïΩ,4,37,3,11,6,0.18486486486486486,0,1,0,1,1,0,0,0,0,0,0.18139737991266375
3947,éõñ{è∏ïΩ,5,41,2,7,5,0.18243902439024393,0,0,0,1,1,0,0,0,0,0,0.18139737991266375
3947,éõñ{è∏ïΩ,6,33,0,0,6,0.1990909090909091,0,0,0,0,0,0,0,0,0,0,0.18139737991266375
3948,ëÂí¨óòçé,1,31,12,6,2,0.17903225806451611,11,0,0,0,1,0,9,4,4,0,0.19117924528301888
3948,ëÂí¨óòçé,2,39,1,9,6,0.2035897435897436,0,1,0,0,0,0,0,0,0,19,0.19117924528301888
3948,ëÂí¨óòçé,3,33,2,7,8,0.17363636363636364,0,0,1,0,1,0,0,0,0,0,0.19117924528301888
3948,ëÂí¨óòçé,4,37,4,2,7,0.19891891891891894,0,1,1,1,1,0,0,0,0,0,0.19117924528301888
3948,ëÂí¨óòçé,5,37,0,3,8,0.17243243243243242,0,0,0,0,0,0,0,0,0,0,0.19117924528301888
3948,ëÂí¨óòçé,6,35,1,0,5,0.2162857142857143,0,0,0,0,0,1,0,0,0,0,0.19117924528301888
3949,ç°èoêWìÒ,1,33,14,5,5,0.1509090909090909,14,0,0,0,0,0,4,11,4,0,0.15981481481481483
3949,ç°èoêWìÒ,2,40,1,8,9,0.18175000000000002,0,1,0,0,0,0,0,0,0,23,0.15981481481481483
3949,ç°èoêWìÒ,3,39,1,4,11,0.14512820512820512,0,0,1,0,0,0,0,0,0,0,0.15981481481481483
3949,ç°èoêWìÒ,4,35,2,5,8,0.15028571428571427,0,0,1,0,1,0,0,0,0,0,0.15981481481481483
3949,ç°èoêWìÒ,5,35,0,3,3,0.15085714285714286,0,0,0,0,0,0,0,0,0,0,0.15981481481481483
3949,ç°èoêWìÒ,6,34,0,0,2,0.17852941176470588,0,0,0,0,0,0,0,0,0,0,0.15981481481481483
3950,êŒêÏìNèG,1,34,7,6,6,0.17411764705882352,7,0,0,0,0,0,11,8,5,0,0.16794520547945205
3950,êŒêÏìNèG,2,41,2,12,5,0.17390243902439023,0,1,1,0,0,0,0,0,0,21,0.16794520547945205
3950,êŒêÏìNèG,3,40,2,8,2,0.158,0,2,0,0,0,0,0,0,0,0,0.16794520547945205
3950,êŒêÏìNèG,4,32,1,1,5,0.1771875,0,1,0,0,0,0,0,0,0,0,0.16794520547945205
3950,êŒêÏìNèG,5,40,0,5,5,0.16125,0,0,0,0,0,0,0,0,0,0,0.16794520547945205
3950,êŒêÏìNèG,6,32,1,2,2,0.1653125,0,0,0,0,0,1,0,0,0,0,0.16794520547945205
3951,êŒêÏãgËM,1,54,30,13,5,0.17148148148148148,28,0,0,0,2,0,9,5,9,0,0.17832116788321167
3951,êŒêÏãgËM,2,45,9,12,10,0.18733333333333332,0,5,3,0,0,1,0,0,0,21,0.17832116788321167
3951,êŒêÏãgËM,3,52,8,12,12,0.17365384615384613,0,1,4,2,1,0,0,0,0,0,0.17832116788321167
3951,êŒêÏãgËM,4,41,2,8,10,0.16560975609756098,0,1,0,1,0,0,0,0,0,0,0.17832116788321167
3951,êŒêÏãgËM,5,38,1,4,8,0.1863157894736842,0,0,0,1,0,0,0,0,0,0,0.17832116788321167
3951,êŒêÏãgËM,6,44,1,3,10,0.18795454545454546,0,0,0,0,1,0,0,0,0,0,0.17832116788321167
3952,íÜ‡Vòaéu,1,55,29,9,9,0.16181818181818183,24,0,0,0,5,0,6,7,6,0,0.14805668016194332
3952,íÜ‡Vòaéu,2,39,7,17,4,0.1305128205128205,0,5,1,0,1,0,0,0,0,19,0.14805668016194332
3952,íÜ‡Vòaéu,3,41,11,8,8,0.1475609756097561,0,1,6,4,0,0,0,0,0,0,0.14805668016194332
3952,íÜ‡Vòaéu,4,37,5,5,11,0.16027027027027027,0,2,2,1,0,0,0,0,0,0,0.14805668016194332
3952,íÜ‡Vòaéu,5,35,6,7,9,0.12914285714285714,0,1,0,3,2,0,0,0,0,0,0.14805668016194332
3952,íÜ‡Vòaéu,6,40,5,11,4,0.152,0,1,1,2,1,0,0,0,0,0,0.14805668016194332
3953,éuìπãgòa,1,19,12,2,0,0.16526315789473686,11,0,0,0,1,0,3,3,1,0,0.18006802721088436
3953,éuìπãgòa,2,24,3,4,4,0.19333333333333336,0,2,1,0,0,0,0,0,0,14,0.18006802721088436
3953,éuìπãgòa,3,33,2,4,7,0.17636363636363636,0,2,0,0,0,0,0,0,0,0,0.18006802721088436
3953,éuìπãgòa,4,23,3,1,4,0.16608695652173913,0,0,1,2,0,0,0,0,0,0,0.18006802721088436
3953,éuìπãgòa,5,26,1,4,3,0.16538461538461538,0,1,0,0,0,0,0,0,0,0,0.18006802721088436
3953,éuìπãgòa,6,22,0,2,1,0.2159090909090909,0,0,0,0,0,0,0,0,0,0,0.18006802721088436
3955,·¡ìcâpìÒ,1,51,30,14,4,0.17784313725490197,27,0,0,0,3,0,4,7,8,0,0.18526315789473682
3955,·¡ìcâpìÒ,2,41,7,15,9,0.1773170731707317,0,6,1,0,0,0,0,0,0,21,0.18526315789473682
3955,·¡ìcâpìÒ,3,43,4,11,8,0.14627906976744187,0,0,1,2,1,0,0,0,0,0,0.18526315789473682
3955,·¡ìcâpìÒ,4,43,2,10,14,0.1883720930232558,0,1,1,0,0,0,0,0,0,0,0.18526315789473682
3955,·¡ìcâpìÒ,5,41,2,12,6,0.22097560975609756,0,1,0,1,0,0,0,0,0,0,0.18526315789473682
3955,·¡ìcâpìÒ,6,28,1,1,10,0.21321428571428572,0,0,0,1,0,0,0,0,0,0,0.18526315789473682
3956,â°‡VçÑé°,1,60,36,11,5,0.15166666666666667,32,0,0,0,4,0,6,8,9,0,0.15492537313432836
3956,â°‡VçÑé°,2,40,7,12,7,0.15150000000000002,0,5,2,0,0,0,0,0,0,20,0.15492537313432836
3956,â°‡VçÑé°,3,39,6,7,7,0.1394871794871795,0,1,2,3,0,0,0,0,0,0,0.15492537313432836
3956,â°‡VçÑé°,4,46,10,7,7,0.16434782608695653,0,0,6,3,1,0,0,0,0,0,0.15492537313432836
3956,â°‡VçÑé°,5,37,8,2,6,0.16621621621621624,0,0,3,5,0,0,0,0,0,0,0.15492537313432836
3956,â°‡VçÑé°,6,46,1,6,10,0.1567391304347826,0,0,0,1,0,0,0,0,0,0,0.15492537313432836
3957,ëÂíJíºçO,1,54,32,10,5,0.1512962962962963,32,0,0,0,0,0,9,6,6,0,0.1832116788321168
3957,ëÂíJíºçO,2,47,5,14,11,0.17978723404255317,0,3,2,0,0,0,0,0,0,24,0.1832116788321168
3957,ëÂíJíºçO,3,41,5,12,12,0.16609756097560974,0,0,3,1,1,0,0,0,0,0,0.1832116788321168
3957,ëÂíJíºçO,4,42,4,9,12,0.17857142857142858,0,0,2,1,1,0,0,0,0,0,0.1832116788321168
3957,ëÂíJíºçO,5,41,2,7,9,0.19219512195121952,0,0,0,1,0,1,0,0,0,0,0.1832116788321168
3957,ëÂíJíºçO,6,49,1,3,13,0.23244897959183675,0,0,0,1,0,0,0,0,0,0,0.1832116788321168
3959,íÿà‰çNê∞,1,52,33,6,6,0.135,32,0,0,0,1,0,3,10,5,0,0.1478714859437751
3959,íÿà‰çNê∞,2,39,6,7,15,0.15025641025641026,0,6,0,0,0,0,0,0,0,25,0.1478714859437751
3959,íÿà‰çNê∞,3,38,10,14,4,0.1463157894736842,0,1,4,4,0,1,0,0,0,0,0.1478714859437751
3959,íÿà‰çNê∞,4,41,5,9,11,0.14219512195121953,0,2,2,1,0,0,0,0,0,0,0.1478714859437751
3959,íÿà‰çNê∞,5,36,1,8,9,0.14083333333333334,0,0,0,1,0,0,0,0,0,0,0.1478714859437751
3959,íÿà‰çNê∞,6,43,2,7,11,0.17395348837209304,0,1,0,0,1,0,0,0,0,0,0.1478714859437751
3960,ãeínçFïΩ,1,57,46,3,4,0.10017543859649122,44,0,0,0,2,0,3,4,2,0,0.10112970711297072
3960,ãeínçFïΩ,2,32,6,9,6,0.10250000000000001,1,2,1,0,2,0,0,0,0,22,0.10112970711297072
3960,ãeínçFïΩ,3,38,8,9,8,0.09631578947368422,0,0,2,5,1,0,0,0,0,0,0.10112970711297072
3960,ãeínçFïΩ,4,35,6,8,5,0.094,0,1,4,1,0,0,0,0,0,0,0.10112970711297072
3960,ãeínçFïΩ,5,41,7,5,6,0.1126829268292683,0,0,2,5,0,0,0,0,0,0,0.10112970711297072
3960,ãeínçFïΩ,6,36,7,8,6,0.10027777777777777,0,0,3,3,1,0,0,0,0,0,0.10112970711297072
3961,íJë∫àÍç∆,1,74,51,15,3,0.14743243243243243,47,0,0,0,4,0,4,6,9,0,0.1432899022801303
3961,íJë∫àÍç∆,2,44,12,14,5,0.13545454545454547,0,10,0,0,2,0,0,0,0,22,0.1432899022801303
3961,íJë∫àÍç∆,3,57,7,20,10,0.13614035087719298,0,0,4,0,3,0,0,0,0,0,0.1432899022801303
3961,íJë∫àÍç∆,4,52,5,19,11,0.14673076923076922,0,0,4,1,0,0,0,0,0,0,0.1432899022801303
3961,íJë∫àÍç∆,5,47,9,7,11,0.1478723404255319,0,0,1,6,2,0,0,0,0,0,0.1432899022801303
3961,íJë∫àÍç∆,6,33,1,4,12,0.14484848484848487,0,0,0,1,0,0,0,0,0,0,0.1432899022801303
3963,å¥ìcèGñÌ,1,46,27,7,8,0.16021739130434784,27,0,0,0,0,0,5,11,2,0,0.17070866141732283
3963,å¥ìcèGñÌ,2,43,2,15,7,0.1641860465116279,0,1,0,0,1,0,0,0,0,19,0.17070866141732283
3963,å¥ìcèGñÌ,3,43,6,12,8,0.17511627906976746,0,2,0,3,1,0,0,0,0,0,0.17070866141732283
3963,å¥ìcèGñÌ,4,43,2,5,9,0.1697674418604651,0,1,1,0,0,0,0,0,0,0,0.17070866141732283
3963,å¥ìcèGñÌ,5,34,2,10,5,0.1685294117647059,0,0,1,1,0,0,0,0,0,0,0.17070866141732283
3963,å¥ìcèGñÌ,6,45,4,6,8,0.18599999999999997,0,0,0,2,1,1,0,0,0,0,0.17070866141732283
3964,ã{ínîéém,1,26,7,6,2,0.18269230769230768,6,0,0,0,1,0,2,6,5,0,0.1989252336448598
3964,ã{ínîéém,2,43,4,8,7,0.18627906976744185,0,1,3,0,0,0,0,0,0,19,0.1989252336448598
3964,ã{ínîéém,3,41,2,6,6,0.19829268292682928,0,1,1,0,0,0,0,0,0,0,0.1989252336448598
3964,ã{ínîéém,4,38,2,4,5,0.20868421052631578,0,1,1,0,0,0,0,0,0,0,0.1989252336448598
3964,ã{ínîéém,5,36,0,2,8,0.2136111111111111,0,0,0,0,0,0,0,0,0,0,0.1989252336448598
3964,ã{ínîéém,6,30,0,1,4,0.20199999999999999,0,0,0,0,0,0,0,0,0,0,0.1989252336448598
3965,ñkíÜå≥é˜,1,39,18,5,5,0.1517948717948718,18,0,0,0,0,0,7,9,4,0,0.16553990610328637
3965,ñkíÜå≥é˜,2,36,7,6,10,0.15527777777777776,0,2,4,1,0,0,0,0,0,19,0.16553990610328637
3965,ñkíÜå≥é˜,3,38,3,6,8,0.17394736842105263,0,1,1,1,0,0,0,0,0,0,0.16553990610328637
3965,ñkíÜå≥é˜,4,31,8,2,9,0.19064516129032258,0,0,5,3,0,0,0,0,0,0,0.16553990610328637
3965,ñkíÜå≥é˜,5,34,6,3,6,0.13441176470588237,0,1,4,1,0,0,0,0,0,0,0.16553990610328637
3965,ñkíÜå≥é˜,6,35,0,3,10,0.19028571428571428,0,0,0,0,0,0,0,0,0,0,0.16553990610328637
3966,çÏä‘èÕ,1,64,30,20,2,0.17140625,29,0,0,0,0,1,5,17,10,0,0.181993006993007
3966,çÏä‘èÕ,2,48,11,16,6,0.19166666666666668,0,10,0,0,1,0,0,0,0,25,0.181993006993007
3966,çÏä‘èÕ,3,47,7,14,12,0.1874468085106383,0,1,2,1,3,0,0,0,0,0,0.181993006993007
3966,çÏä‘èÕ,4,41,10,11,10,0.1834146341463415,0,4,3,2,1,0,0,0,0,0,0.181993006993007
3966,çÏä‘èÕ,5,47,7,8,16,0.16787234042553192,0,0,3,4,0,0,0,0,0,0,0.181993006993007
3966,çÏä‘èÕ,6,39,2,5,12,0.19641025641025642,0,0,0,2,0,0,0,0,0,0,0.181993006993007
3967,óÈñÿñŒçÇ,1,38,13,11,5,0.14263157894736841,13,0,0,0,0,0,10,6,5,0,0.16540229885057472
3967,óÈñÿñŒçÇ,2,50,1,11,18,0.1594,0,1,0,0,0,0,0,0,0,32,0.16540229885057472
3967,óÈñÿñŒçÇ,3,45,2,7,13,0.17377777777777778,0,1,0,1,0,0,0,0,0,0,0.16540229885057472
3967,óÈñÿñŒçÇ,4,47,1,14,6,0.1676595744680851,0,1,0,0,0,0,0,0,0,0,0.16540229885057472
3967,óÈñÿñŒçÇ,5,48,5,4,9,0.15791666666666668,0,0,1,2,2,0,0,0,0,0,0.16540229885057472
3967,óÈñÿñŒçÇ,6,33,0,2,6,0.19696969696969696,0,0,0,0,0,0,0,0,0,0,0.16540229885057472
3968,íÉíJêMéü,1,37,14,16,3,0.18297297297297296,11,0,0,0,3,0,8,4,7,0,0.19674528301886793
3968,íÉíJêMéü,2,34,4,13,8,0.17911764705882352,0,4,0,0,0,0,0,0,0,17,0.19674528301886793
3968,íÉíJêMéü,3,38,1,12,7,0.1831578947368421,0,0,0,1,0,0,0,0,0,0,0.19674528301886793
3968,íÉíJêMéü,4,33,0,10,8,0.20606060606060606,0,0,0,0,0,0,0,0,0,0,0.19674528301886793
3968,íÉíJêMéü,5,29,0,5,5,0.1906896551724138,0,0,0,0,0,0,0,0,0,0,0.19674528301886793
3968,íÉíJêMéü,6,41,0,5,12,0.23317073170731709,0,0,0,0,0,0,0,0,0,0,0.19674528301886793
3970,ãTéRçÇâÎ,1,23,5,8,2,0.1656521739130435,5,0,0,0,0,0,5,8,3,0,0.18828947368421053
3970,ãTéRçÇâÎ,2,33,3,2,8,0.19606060606060605,0,3,0,0,0,0,0,0,0,15,0.18828947368421053
3970,ãTéRçÇâÎ,3,26,1,3,8,0.16346153846153846,0,0,0,1,0,0,0,0,0,0,0.18828947368421053
3970,ãTéRçÇâÎ,4,22,1,3,4,0.20136363636363636,0,0,0,1,0,0,0,0,0,0,0.18828947368421053
3970,ãTéRçÇâÎ,5,24,0,1,6,0.17125,0,0,0,0,0,0,0,0,0,0,0.18828947368421053
3970,ãTéRçÇâÎ,6,24,0,1,4,0.23124999999999998,0,0,0,0,0,0,0,0,0,0,0.18828947368421053
3973,çËóòêm,1,37,9,6,8,0.18837837837837837,8,0,0,0,1,0,11,12,3,0,0.19352226720647772
3973,çËóòêm,2,47,2,5,13,0.1821276595744681,0,1,0,0,1,0,0,0,0,23,0.19352226720647772
3973,çËóòêm,3,47,1,6,7,0.1940425531914894,0,0,0,1,0,0,0,0,0,0,0.19352226720647772
3973,çËóòêm,4,45,2,1,7,0.19333333333333333,0,0,1,1,0,0,0,0,0,0,0.19352226720647772
3973,çËóòêm,5,43,0,4,5,0.19023255813953488,0,0,0,0,0,0,0,0,0,0,0.19352226720647772
3973,çËóòêm,6,28,0,1,3,0.22392857142857145,0,0,0,0,0,0,0,0,0,0,0.19352226720647772
3974,ê[éRóSìÒ,1,24,9,4,3,0.13541666666666666,9,0,0,0,0,0,5,2,6,0,0.16481865284974093
3974,ê[éRóSìÒ,2,41,3,11,5,0.15560975609756098,0,3,0,0,0,0,0,0,0,27,0.16481865284974093
3974,ê[éRóSìÒ,3,35,0,6,8,0.14485714285714288,0,0,0,0,0,0,0,0,0,0,0.16481865284974093
3974,ê[éRóSìÒ,4,30,2,5,3,0.19033333333333333,0,0,2,0,0,0,0,0,0,0,0.16481865284974093
3974,ê[éRóSìÒ,5,37,0,1,6,0.1745945945945946,0,0,0,0,0,0,0,0,0,0,0.16481865284974093
3974,ê[éRóSìÒ,6,26,0,2,2,0.19,0,0,0,0,0,0,0,0,0,0,0.16481865284974093
3975,è¨ñÏéõíqóm,1,43,26,7,4,0.1730232558139535,22,0,0,0,4,0,6,1,6,0,0.16837606837606836
3975,è¨ñÏéõíqóm,2,40,7,13,9,0.16075,0,4,3,0,0,0,0,0,0,12,0.16837606837606836
3975,è¨ñÏéõíqóm,3,39,3,8,12,0.13794871794871794,0,0,3,0,0,0,0,0,0,0,0.16837606837606836
3975,è¨ñÏéõíqóm,4,36,2,8,7,0.16666666666666666,0,0,1,1,0,0,0,0,0,0,0.16837606837606836
3975,è¨ñÏéõíqóm,5,35,0,3,10,0.1765714285714286,0,0,0,0,0,0,0,0,0,0,0.16837606837606836
3975,è¨ñÏéõíqóm,6,41,0,3,13,0.19439024390243903,0,0,0,0,0,0,0,0,0,0,0.16837606837606836
3976,ì‡ìcå\,1,30,13,7,1,0.145,12,0,0,0,1,0,7,6,1,0,0.18243781094527364
3976,ì‡ìcå\,2,40,1,6,9,0.18125,0,1,0,0,0,0,0,0,0,22,0.18243781094527364
3976,ì‡ìcå\,3,37,1,8,6,0.17891891891891892,0,0,1,0,0,0,0,0,0,0,0.18243781094527364
3976,ì‡ìcå\,4,30,1,2,5,0.191,0,0,1,0,0,0,0,0,0,0,0.18243781094527364
3976,ì‡ìcå\,5,34,0,0,4,0.16794117647058823,0,0,0,0,0,0,0,0,0,0,0.18243781094527364
3976,ì‡ìcå\,6,30,0,2,1,0.23366666666666666,0,0,0,0,0,0,0,0,0,0,0.18243781094527364
3977,éRñ{åìém,1,22,7,7,1,0.15636363636363637,7,0,0,0,0,0,2,5,5,0,0.17355828220858896
3977,éRñ{åìém,2,24,3,8,7,0.13083333333333333,0,2,1,0,0,0,0,0,0,12,0.17355828220858896
3977,éRñ{åìém,3,31,4,2,10,0.14677419354838708,0,1,2,1,0,0,0,0,0,0,0.17355828220858896
3977,éRñ{åìém,4,28,2,5,4,0.19535714285714284,0,0,2,0,0,0,0,0,0,0,0.17355828220858896
3977,éRñ{åìém,5,34,2,2,3,0.21647058823529414,0,0,2,0,0,0,0,0,0,0,0.17355828220858896
3977,éRñ{åìém,6,24,0,3,2,0.18041666666666667,0,0,0,0,0,0,0,0,0,0,0.17355828220858896
3978,Íéì°êm,1,55,42,10,1,0.1298181818181818,41,0,0,0,1,0,5,1,5,0,0.15054901960784314
3978,Íéì°êm,2,44,5,19,9,0.13477272727272727,0,5,0,0,0,0,0,0,0,24,0.15054901960784314
3978,Íéì°êm,3,37,7,10,10,0.1635135135135135,0,0,1,4,2,0,0,0,0,0,0.15054901960784314
3978,Íéì°êm,4,36,8,9,7,0.15000000000000002,0,0,2,4,1,1,0,0,0,0,0.15054901960784314
3978,Íéì°êm,5,43,3,11,11,0.15534883720930232,0,0,1,2,0,0,0,0,0,0,0.15054901960784314
3978,Íéì°êm,6,40,2,6,16,0.17975000000000002,0,0,0,2,0,0,0,0,0,0,0.15054901960784314
3981,ç°ç‚çWçL,1,28,15,8,0,0.13714285714285715,15,0,0,0,0,0,5,4,3,0,0.15484042553191488
3981,ç°ç‚çWçL,2,36,3,6,5,0.16083333333333333,0,3,0,0,0,0,0,0,0,20,0.15484042553191488
3981,ç°ç‚çWçL,3,33,5,8,7,0.16242424242424244,0,1,2,2,0,0,0,0,0,0,0.15484042553191488
3981,ç°ç‚çWçL,4,33,2,4,6,0.15121212121212121,0,0,1,1,0,0,0,0,0,0,0.15484042553191488
3981,ç°ç‚çWçL,5,33,0,2,4,0.16212121212121214,0,0,0,0,0,0,0,0,0,0,0.15484042553191488
3981,ç°ç‚çWçL,6,25,0,3,1,0.1512,0,0,0,0,0,0,0,0,0,0,0.15484042553191488
3982,ïüìcóù,1,28,9,4,5,0.17714285714285713,9,0,0,0,0,0,3,10,5,0,0.16764397905759165
3982,ïüìcóù,2,34,2,6,7,0.16676470588235293,0,2,0,0,0,0,0,0,0,18,0.16764397905759165
3982,ïüìcóù,3,32,1,7,5,0.16875,0,0,0,1,0,0,0,0,0,0,0.16764397905759165
3982,ïüìcóù,4,34,1,11,5,0.16323529411764706,0,1,0,0,0,0,0,0,0,0,0.16764397905759165
3982,ïüìcóù,5,34,3,2,5,0.14411764705882354,0,1,0,1,0,1,0,0,0,0,0.16764397905759165
3982,ïüìcóù,6,29,0,1,3,0.1910344827586207,0,0,0,0,0,0,0,0,0,0,0.16764397905759165
3983,ê{ì°îéóœ,1,43,28,4,2,0.13930232558139535,26,0,0,0,2,0,3,4,4,0,0.14308695652173914
3983,ê{ì°îéóœ,2,39,9,9,6,0.15025641025641026,0,5,3,0,1,0,0,0,0,18,0.14308695652173914
3983,ê{ì°îéóœ,3,43,8,14,9,0.13883720930232557,0,2,5,1,0,0,0,0,0,0,0.14308695652173914
3983,ê{ì°îéóœ,4,41,5,9,10,0.14073170731707318,0,0,2,1,2,0,0,0,0,0,0.14308695652173914
3983,ê{ì°îéóœ,5,35,6,5,7,0.13885714285714287,0,0,1,4,0,1,0,0,0,0,0.14308695652173914
3983,ê{ì°îéóœ,6,29,1,4,3,0.15379310344827585,0,0,0,0,1,0,0,0,0,0,0.14308695652173914
3984,ç‚å˚é¸,1,53,41,7,0,0.13584905660377358,41,0,0,0,0,0,4,4,4,0,0.16111570247933885
3984,ç‚å˚é¸,2,34,6,12,6,0.14529411764705882,0,2,3,0,1,0,0,0,0,16,0.16111570247933885
3984,ç‚å˚é¸,3,42,3,11,8,0.1688095238095238,0,1,0,0,2,0,0,0,0,0,0.16111570247933885
3984,ç‚å˚é¸,4,49,9,12,9,0.16306122448979593,0,1,5,3,0,0,0,0,0,0,0.16111570247933885
3984,ç‚å˚é¸,5,31,3,5,5,0.17193548387096774,0,0,2,0,0,1,0,0,0,0,0.16111570247933885
3984,ç‚å˚é¸,6,33,5,4,7,0.19515151515151516,0,2,1,1,1,0,0,0,0,0,0.16111570247933885
3986,â´ìáçLòa,1,52,37,7,4,0.1525,35,0,0,0,2,0,1,6,7,0,0.16742857142857145
3986,â´ìáçLòa,2,41,4,17,7,0.18585365853658536,0,2,1,0,0,1,0,0,0,24,0.16742857142857145
3986,â´ìáçLòa,3,45,7,11,9,0.15422222222222223,0,1,1,4,1,0,0,0,0,0,0.16742857142857145
3986,â´ìáçLòa,4,42,6,11,5,0.17261904761904762,0,1,1,4,0,0,0,0,0,0,0.16742857142857145
3986,â´ìáçLòa,5,31,0,4,13,0.16612903225806452,0,0,0,0,0,0,0,0,0,0,0.16742857142857145
3986,â´ìáçLòa,6,34,0,1,7,0.18029411764705883,0,0,0,0,0,0,0,0,0,0,0.16742857142857145
3987,å„ì°ê≥è@,1,50,28,8,7,0.1458,26,0,0,0,2,0,7,7,7,0,0.1392248062015504
3987,å„ì°ê≥è@,2,40,7,10,11,0.1605,0,3,2,1,1,0,0,0,0,19,0.1392248062015504
3987,å„ì°ê≥è@,3,42,5,13,9,0.14357142857142857,0,0,2,3,0,0,0,0,0,0,0.1392248062015504
3987,å„ì°ê≥è@,4,48,14,9,11,0.12604166666666666,0,3,10,1,0,0,0,0,0,0,0.1392248062015504
3987,å„ì°ê≥è@,5,41,6,7,5,0.13073170731707318,0,0,2,3,1,0,0,0,0,0,0.1392248062015504
3987,å„ì°ê≥è@,6,37,5,6,4,0.12891891891891893,0,0,2,3,0,0,0,0,0,0,0.1392248062015504
3988,å√êÏêΩîV,1,47,37,7,1,0.13659574468085106,36,0,0,0,1,0,2,2,3,0,0.14257142857142857
3988,å√êÏêΩîV,2,38,10,13,6,0.13289473684210526,1,7,1,0,1,0,0,0,0,17,0.14257142857142857
3988,å√êÏêΩîV,3,48,5,16,3,0.12854166666666667,0,0,2,2,1,0,0,0,0,0,0.14257142857142857
3988,å√êÏêΩîV,4,39,4,4,13,0.1523076923076923,0,1,0,1,2,0,0,0,0,0,0.14257142857142857
3988,å√êÏêΩîV,5,39,0,4,8,0.1482051282051282,0,0,0,0,0,0,0,0,0,0,0.14257142857142857
3988,å√êÏêΩîV,6,34,1,1,8,0.1638235294117647,0,0,0,1,0,0,0,0,0,0,0.14257142857142857
3989,åFñ{âpàÍ,1,23,5,4,5,0.17478260869565215,5,0,0,0,0,0,5,5,4,0,0.21028571428571427
3989,åFñ{âpàÍ,2,30,1,8,3,0.19666666666666668,0,0,0,0,1,0,0,0,0,18,0.21028571428571427
3989,åFñ{âpàÍ,3,31,1,1,9,0.1964516129032258,0,0,0,1,0,0,0,0,0,0,0.21028571428571427
3989,åFñ{âpàÍ,4,31,2,2,5,0.19838709677419356,0,0,0,1,1,0,0,0,0,0,0.21028571428571427
3989,åFñ{âpàÍ,5,29,0,2,2,0.21758620689655175,0,0,0,0,0,0,0,0,0,0,0.21028571428571427
3989,åFñ{âpàÍ,6,31,0,1,3,0.26870967741935486,0,0,0,0,0,0,0,0,0,0,0.21028571428571427
3990,ã⁄‡VçéïF,1,34,19,4,4,0.14411764705882354,17,0,0,0,2,0,6,4,3,0,0.14180851063829789
3990,ã⁄‡VçéïF,2,29,5,4,4,0.1317241379310345,0,1,4,0,0,0,0,0,0,17,0.14180851063829789
3990,ã⁄‡VçéïF,3,36,4,13,6,0.1302777777777778,0,0,2,2,0,0,0,0,0,0,0.14180851063829789
3990,ã⁄‡VçéïF,4,27,1,6,3,0.13407407407407407,0,0,0,0,1,0,0,0,0,0,0.14180851063829789
3990,ã⁄‡VçéïF,5,27,0,0,3,0.15851851851851853,0,0,0,0,0,0,0,0,0,0,0.14180851063829789
3990,ã⁄‡VçéïF,6,35,0,1,5,0.15285714285714286,0,0,0,0,0,0,0,0,0,0,0.14180851063829789
3992,ä÷å˚íqãv,1,34,21,7,3,0.14470588235294118,21,0,0,0,0,0,5,3,5,0,0.13743842364532022
3992,ä÷å˚íqãv,2,35,3,9,3,0.15628571428571428,0,3,0,0,0,0,0,0,0,23,0.13743842364532022
3992,ä÷å˚íqãv,3,35,4,6,6,0.14142857142857143,0,1,1,2,0,0,0,0,0,0,0.13743842364532022
3992,ä÷å˚íqãv,4,37,4,6,7,0.13783783783783782,1,1,1,1,0,0,0,0,0,0,0.13743842364532022
3992,ä÷å˚íqãv,5,31,4,4,4,0.12000000000000001,0,0,4,0,0,0,0,0,0,0,0.13743842364532022
3992,ä÷å˚íqãv,6,31,1,2,5,0.12064516129032259,0,0,1,0,0,0,0,0,0,0,0.13743842364532022
3993,âià‰êπî¸,1,25,13,3,3,0.1532,13,0,0,0,0,0,4,4,3,0,0.15654545454545454
3993,âià‰êπî¸,2,31,10,7,4,0.14516129032258066,0,5,5,0,0,0,0,0,0,14,0.15654545454545454
3993,âià‰êπî¸,3,30,6,12,5,0.155,0,1,3,2,0,0,0,0,0,0,0.15654545454545454
3993,âià‰êπî¸,4,25,3,7,6,0.1484,0,0,3,0,0,0,0,0,0,0,0.15654545454545454
3993,âià‰êπî¸,5,27,2,1,4,0.15333333333333332,0,0,0,1,1,0,0,0,0,0,0.15654545454545454
3993,âià‰êπî¸,6,27,2,4,7,0.18518518518518517,0,0,1,0,1,0,0,0,0,0,0.15654545454545454
3994,íÉíJç˜,1,38,15,6,5,0.20447368421052634,14,0,0,0,1,0,12,6,3,0,0.1959903381642512
3994,íÉíJç˜,2,39,8,8,6,0.19076923076923077,0,7,1,0,0,0,0,0,0,13,0.1959903381642512
3994,íÉíJç˜,3,37,1,5,11,0.19216216216216217,0,0,1,0,0,0,0,0,0,0,0.1959903381642512
3994,íÉíJç˜,4,31,3,9,8,0.2009677419354839,0,1,2,0,0,0,0,0,0,0,0.1959903381642512
3994,íÉíJç˜,5,30,2,1,6,0.19499999999999998,0,0,1,1,0,0,0,0,0,0,0.1959903381642512
3994,íÉíJç˜,6,32,0,2,6,0.1928125,0,0,0,0,0,0,0,0,0,0,0.1959903381642512
3995,èdñÏìNîV,1,56,45,7,0,0.12375,45,0,0,0,0,0,3,3,1,0,0.12072289156626506
3995,èdñÏìNîV,2,40,7,12,9,0.1375,1,4,2,0,0,0,0,0,0,24,0.12072289156626506
3995,èdñÏìNîV,3,39,5,8,12,0.11538461538461539,0,2,3,0,0,0,0,0,0,0,0.12072289156626506
3995,èdñÏìNîV,4,40,4,8,8,0.11525,0,2,2,0,0,0,0,0,0,0,0.12072289156626506
3995,èdñÏìNîV,5,36,8,5,7,0.1213888888888889,0,1,2,4,0,1,0,0,0,0,0.12072289156626506
3995,èdñÏìNîV,6,38,7,5,10,0.10921052631578948,0,1,3,3,0,0,0,0,0,0,0.12072289156626506
3996,èHéRíºîV,1,68,50,9,6,0.13470588235294118,50,0,0,0,0,0,3,5,8,0,0.15896907216494846
3996,èHéRíºîV,2,48,9,12,9,0.1525,0,6,2,0,1,0,0,0,0,26,0.15896907216494846
3996,èHéRíºîV,3,45,12,14,8,0.16533333333333333,0,0,6,5,1,0,0,0,0,0,0.15896907216494846
3996,èHéRíºîV,4,46,7,14,13,0.1930434782608696,0,3,1,2,1,0,0,0,0,0,0.15896907216494846
3996,èHéRíºîV,5,39,3,12,13,0.16230769230769232,0,0,1,2,0,0,0,0,0,0,0.15896907216494846
3996,èHéRíºîV,6,45,5,5,14,0.15844444444444444,0,0,0,3,2,0,0,0,0,0,0.15896907216494846
3997,ñkë∫ê™ék,1,57,37,11,3,0.14280701754385966,36,0,0,0,1,0,5,5,7,0,0.15946502057613168
3997,ñkë∫ê™ék,2,44,7,17,10,0.1459090909090909,0,5,1,0,1,0,0,0,0,26,0.15946502057613168
3997,ñkë∫ê™ék,3,30,3,12,9,0.15,0,1,0,2,0,0,0,0,0,0,0.15946502057613168
3997,ñkë∫ê™ék,4,40,1,13,12,0.17525,0,0,1,0,0,0,0,0,0,0,0.15946502057613168
3997,ñkë∫ê™ék,5,32,2,5,10,0.1590625,0,1,0,1,0,0,0,0,0,0,0.15946502057613168
3997,ñkë∫ê™ék,6,40,1,3,14,0.18975,0,0,0,1,0,0,0,0,0,0,0.15946502057613168
3998,ïyê¨å™éô,1,33,19,7,2,0.14515151515151514,16,1,0,0,2,0,5,4,4,0,0.16761702127659575
3998,ïyê¨å™éô,2,40,3,6,12,0.163,0,2,1,0,0,0,0,0,0,20,0.16761702127659575
3998,ïyê¨å™éô,3,42,5,6,13,0.14523809523809522,0,0,1,4,0,0,0,0,0,0,0.16761702127659575
3998,ïyê¨å™éô,4,45,8,5,9,0.1751111111111111,0,2,3,3,0,0,0,0,0,0,0.16761702127659575
3998,ïyê¨å™éô,5,40,1,1,9,0.19425,0,1,0,0,0,0,0,0,0,0,0.16761702127659575
3998,ïyê¨å™éô,6,35,1,1,3,0.18085714285714286,0,0,0,0,1,0,0,0,0,0,0.16761702127659575
3999,ëÂëÎñæì˙çÅ,1,54,38,6,6,0.16166666666666668,36,0,0,0,2,0,8,5,2,0,0.16673640167364018
3999,ëÂëÎñæì˙çÅ,2,36,6,13,7,0.17527777777777778,0,2,4,0,0,0,0,0,0,16,0.16673640167364018
3999,ëÂëÎñæì˙çÅ,3,38,7,14,4,0.16342105263157894,0,2,2,1,1,1,0,0,0,0,0.16673640167364018
3999,ëÂëÎñæì˙çÅ,4,40,3,11,9,0.15575,0,0,2,1,0,0,0,0,0,0,0.16673640167364018
3999,ëÂëÎñæì˙çÅ,5,40,1,6,12,0.16325,0,0,0,1,0,0,0,0,0,0,0.16673640167364018
3999,ëÂëÎñæì˙çÅ,6,31,0,1,12,0.18838709677419355,0,0,0,0,0,0,0,0,0,0,0.16673640167364018
4000,èºñ{îéè∫,1,55,37,8,5,0.15236363636363637,36,0,0,0,1,0,5,8,4,0,0.17103092783505155
4000,èºñ{îéè∫,2,53,7,16,11,0.1730188679245283,0,3,3,1,0,0,0,0,0,29,0.17103092783505155
4000,èºñ{îéè∫,3,53,4,11,14,0.16094339622641507,0,0,4,0,0,0,0,0,0,0,0.17103092783505155
4000,èºñ{îéè∫,4,45,3,12,8,0.18733333333333332,0,0,1,0,1,1,0,0,0,0,0.17103092783505155
4000,èºñ{îéè∫,5,40,3,4,12,0.17075,0,0,2,1,0,0,0,0,0,0,0.17103092783505155
4000,èºñ{îéè∫,6,45,2,5,8,0.18733333333333332,0,0,1,1,0,0,0,0,0,0,0.17103092783505155
4002,å√åãçG,1,68,59,5,0,0.14529411764705882,56,0,0,0,3,0,1,2,6,0,0.1528135593220339
4002,å√åãçG,2,52,11,25,5,0.1698076923076923,1,8,2,0,0,0,0,0,0,31,0.1528135593220339
4002,å√åãçG,3,46,12,9,7,0.1408695652173913,0,0,0,7,4,1,0,0,0,0,0.1528135593220339
4002,å√åãçG,4,39,5,10,11,0.15487179487179487,0,0,2,1,2,0,0,0,0,0,0.1528135593220339
4002,å√åãçG,5,46,9,12,8,0.15347826086956523,0,1,2,5,1,0,0,0,0,0,0.1528135593220339
4002,å√åãçG,6,44,3,8,7,0.15431818181818183,0,1,0,2,0,0,0,0,0,0,0.1528135593220339
4003,ï\åõàÍ,1,55,20,19,5,0.16072727272727272,19,0,0,0,1,0,13,8,10,0,0.1742087542087542
4003,ï\åõàÍ,2,53,3,17,17,0.17849056603773586,0,2,0,0,1,0,0,0,0,33,0.1742087542087542
4003,ï\åõàÍ,3,50,3,9,20,0.19740000000000002,0,0,0,2,0,1,0,0,0,0,0.1742087542087542
4003,ï\åõàÍ,4,51,4,10,17,0.15725490196078432,0,2,1,1,0,0,0,0,0,0,0.1742087542087542
4003,ï\åõàÍ,5,49,1,7,14,0.1683673469387755,0,0,0,1,0,0,0,0,0,0,0.1742087542087542
4003,ï\åõàÍ,6,39,0,5,7,0.18717948717948718,0,0,0,0,0,0,0,0,0,0,0.1742087542087542
4004,éRñ{ç_ï„,1,34,17,4,3,0.16588235294117645,17,0,0,0,0,0,3,7,5,0,0.1747596153846154
4004,éRñ{ç_ï„,2,36,5,10,9,0.16694444444444445,0,1,1,0,3,0,0,0,0,22,0.1747596153846154
4004,éRñ{ç_ï„,3,37,4,5,5,0.16648648648648648,0,0,2,2,0,0,0,0,0,0,0.1747596153846154
4004,éRñ{ç_ï„,4,38,4,5,10,0.18210526315789474,0,0,2,2,0,0,0,0,0,0,0.1747596153846154
4004,éRñ{ç_ï„,5,32,2,2,6,0.173125,0,0,1,0,1,0,0,0,0,0,0.1747596153846154
4004,éRñ{ç_ï„,6,31,1,2,3,0.19612903225806452,0,0,1,0,0,0,0,0,0,0,0.1747596153846154
4005,ê£êÏåˆë•,1,26,11,2,2,0.15384615384615385,11,0,0,0,0,0,6,4,3,0,0.18353591160220994
4005,ê£êÏåˆë•,2,37,2,10,6,0.17162162162162162,0,0,2,0,0,0,0,0,0,22,0.18353591160220994
4005,ê£êÏåˆë•,3,29,0,2,8,0.17379310344827587,0,0,0,0,0,0,0,0,0,0,0.18353591160220994
4005,ê£êÏåˆë•,4,29,1,5,3,0.18379310344827587,0,0,0,1,0,0,0,0,0,0,0.18353591160220994
4005,ê£êÏåˆë•,5,26,1,2,5,0.20961538461538462,0,0,0,1,0,0,0,0,0,0,0.18353591160220994
4005,ê£êÏåˆë•,6,34,0,1,3,0.20735294117647057,0,0,0,0,0,0,0,0,0,0,0.18353591160220994
4006,è¨ñÏóEçÏ,1,44,23,6,6,0.1859090909090909,21,0,0,0,2,0,7,5,8,0,0.19015810276679843
4006,è¨ñÏóEçÏ,2,41,3,11,10,0.175609756097561,0,2,1,0,0,0,0,0,0,27,0.19015810276679843
4006,è¨ñÏóEçÏ,3,45,6,14,9,0.18377777777777776,0,1,4,0,1,0,0,0,0,0,0.19015810276679843
4006,è¨ñÏóEçÏ,4,48,4,7,9,0.19958333333333333,0,0,1,0,2,1,0,0,0,0,0.19015810276679843
4006,è¨ñÏóEçÏ,5,39,1,6,7,0.1882051282051282,0,0,1,0,0,0,0,0,0,0,0.19015810276679843
4006,è¨ñÏóEçÏ,6,36,2,2,7,0.20944444444444443,0,0,0,2,0,0,0,0,0,0,0.19015810276679843
4007,ûƒìcè´ïF,1,28,16,6,3,0.15714285714285717,16,0,0,0,0,0,4,5,2,0,0.1316580310880829
4007,ûƒìcè´ïF,2,34,8,4,9,0.14529411764705882,0,2,5,0,1,0,0,0,0,16,0.1316580310880829
4007,ûƒìcè´ïF,3,36,5,6,6,0.12027777777777778,0,0,2,3,0,0,0,0,0,0,0.1316580310880829
4007,ûƒìcè´ïF,4,30,6,5,5,0.114,0,1,5,0,0,0,0,0,0,0,0.1316580310880829
4007,ûƒìcè´ïF,5,31,1,5,3,0.1164516129032258,0,0,0,1,0,0,0,0,0,0,0.1316580310880829
4007,ûƒìcè´ïF,6,34,0,0,4,0.13852941176470587,0,0,0,0,0,0,0,0,0,0,0.1316580310880829
4009,è¨ó—àÍé˜,1,49,34,6,5,0.11122448979591837,34,0,0,0,0,0,5,4,4,0,0.11180672268907563
4009,è¨ó—àÍé˜,2,42,4,11,9,0.10833333333333332,1,3,0,0,0,0,0,0,0,26,0.11180672268907563
4009,è¨ó—àÍé˜,3,41,5,9,10,0.11536585365853659,0,1,2,2,0,0,0,0,0,0,0.11180672268907563
4009,è¨ó—àÍé˜,4,37,7,6,12,0.10891891891891893,0,1,3,2,1,0,0,0,0,0,0.11180672268907563
4009,è¨ó—àÍé˜,5,33,2,7,9,0.10727272727272727,0,1,0,1,0,0,0,0,0,0,0.11180672268907563
4009,è¨ó—àÍé˜,6,36,1,6,10,0.11972222222222223,0,0,0,1,0,0,0,0,0,0,0.11180672268907563
4010,âzíqè∆ç_,1,24,4,5,2,0.16458333333333333,4,0,0,0,0,0,9,4,7,0,0.18517441860465117
4010,âzíqè∆ç_,2,30,1,6,7,0.18866666666666668,0,0,1,0,0,0,0,0,0,19,0.18517441860465117
4010,âzíqè∆ç_,3,33,2,2,4,0.15787878787878787,0,0,2,0,0,0,0,0,0,0,0.18517441860465117
4010,âzíqè∆ç_,4,27,1,3,3,0.1622222222222222,0,0,1,0,0,0,0,0,0,0,0.18517441860465117
4010,âzíqè∆ç_,5,34,0,2,7,0.2111764705882353,0,0,0,0,0,0,0,0,0,0,0.18517441860465117
4010,âzíqè∆ç_,6,24,1,1,1,0.22791666666666666,0,0,0,1,0,0,0,0,0,0,0.18517441860465117
4011,ñxîVì‡ãIë„éq,1,54,36,11,3,0.1638888888888889,31,0,1,0,4,0,6,5,6,0,0.16333333333333333
4011,ñxîVì‡ãIë„éq,2,38,13,8,6,0.16894736842105262,0,7,5,0,1,0,0,0,0,18,0.16333333333333333
4011,ñxîVì‡ãIë„éq,3,45,10,15,6,0.17444444444444446,0,0,7,2,1,0,0,0,0,0,0.16333333333333333
4011,ñxîVì‡ãIë„éq,4,42,8,14,6,0.1669047619047619,0,0,6,1,1,0,0,0,0,0,0.16333333333333333
4011,ñxîVì‡ãIë„éq,5,36,5,6,6,0.15694444444444444,0,0,4,1,0,0,0,0,0,0,0.16333333333333333
4011,ñxîVì‡ãIë„éq,6,34,8,2,6,0.1438235294117647,0,1,5,2,0,0,0,0,0,0,0.16333333333333333
4012,íÜë∫óLóT,1,22,13,5,2,0.15863636363636366,13,0,0,0,0,0,3,1,4,0,0.14883211678832117
4012,íÜë∫óLóT,2,23,3,6,5,0.14869565217391303,0,2,1,0,0,0,0,0,0,11,0.14883211678832117
4012,íÜë∫óLóT,3,29,4,10,3,0.12620689655172415,0,0,2,1,1,0,0,0,0,0,0.14883211678832117
4012,íÜë∫óLóT,4,20,1,4,5,0.164,0,0,1,0,0,0,0,0,0,0,0.14883211678832117
4012,íÜë∫óLóT,5,20,1,5,5,0.15350000000000003,0,0,0,1,0,0,0,0,0,0,0.14883211678832117
4012,íÜë∫óLóT,6,23,0,4,7,0.1508695652173913,0,0,0,0,0,0,0,0,0,0,0.14883211678832117
4013,íÜìáçFïΩ,1,62,49,6,2,0.12919354838709676,45,0,0,0,3,1,1,3,7,0,0.13214765100671141
4013,íÜìáçFïΩ,2,50,6,22,9,0.14200000000000002,0,5,0,0,1,0,0,0,0,38,0.13214765100671141
4013,íÜìáçFïΩ,3,54,8,17,14,0.13685185185185184,0,1,3,4,0,0,0,0,0,0,0.13214765100671141
4013,íÜìáçFïΩ,4,42,6,11,9,0.13214285714285715,0,0,4,2,0,0,0,0,0,0,0.13214765100671141
4013,íÜìáçFïΩ,5,46,3,9,8,0.125,0,0,1,2,0,0,0,0,0,0,0.13214765100671141
4013,íÜìáçFïΩ,6,44,1,6,11,0.12681818181818183,0,0,0,1,0,0,0,0,0,0,0.13214765100671141
4014,ï–â™åbó¢,1,30,16,5,4,0.16566666666666666,16,0,0,0,0,0,4,2,4,0,0.1842777777777778
4014,ï–â™åbó¢,2,34,5,11,7,0.1776470588235294,0,2,3,0,0,0,0,0,0,17,0.1842777777777778
4014,ï–â™åbó¢,3,32,5,7,5,0.1765625,0,0,5,0,0,0,0,0,0,0,0.1842777777777778
4014,ï–â™åbó¢,4,33,1,3,5,0.1975757575757576,0,0,0,0,1,0,0,0,0,0,0.1842777777777778
4014,ï–â™åbó¢,5,27,0,3,1,0.20185185185185187,0,0,0,0,0,0,0,0,0,0,0.1842777777777778
4014,ï–â™åbó¢,6,24,0,2,3,0.18916666666666668,0,0,0,0,0,0,0,0,0,0,0.1842777777777778
4015,ëOñÏó≥àÍ,1,52,37,9,3,0.15384615384615385,36,0,0,0,1,0,1,5,8,0,0.17120833333333335
4015,ëOñÏó≥àÍ,2,42,6,19,10,0.17523809523809525,0,3,2,0,1,0,0,0,0,24,0.17120833333333335
4015,ëOñÏó≥àÍ,3,36,6,9,8,0.14777777777777779,0,1,2,2,1,0,0,0,0,0,0.17120833333333335
4015,ëOñÏó≥àÍ,4,41,5,7,12,0.17390243902439023,0,2,1,1,1,0,0,0,0,0,0.17120833333333335
4015,ëOñÏó≥àÍ,5,35,0,7,10,0.18457142857142858,0,0,0,0,0,0,0,0,0,0,0.17120833333333335
4015,ëOñÏó≥àÍ,6,34,1,5,5,0.20058823529411765,0,1,0,0,0,0,0,0,0,0,0.17120833333333335
4016,êºêÏêVëæòY,1,26,10,5,3,0.16269230769230772,9,0,0,0,1,0,4,9,1,0,0.169375
4016,êºêÏêVëæòY,2,33,4,5,8,0.18181818181818182,0,2,0,0,2,0,0,0,0,17,0.169375
4016,êºêÏêVëæòY,3,29,5,6,8,0.16448275862068967,0,0,2,2,1,0,0,0,0,0,0.169375
4016,êºêÏêVëæòY,4,30,3,4,13,0.15166666666666667,0,0,3,0,0,0,0,0,0,0,0.169375
4016,êºêÏêVëæòY,5,31,1,4,10,0.1664516129032258,0,0,0,1,0,0,0,0,0,0,0.169375
4016,êºêÏêVëæòY,6,27,0,2,2,0.18888888888888888,0,0,0,0,0,0,0,0,0,0,0.169375
4017,å¸à‰î¸óÈ,1,38,24,7,4,0.1736842105263158,21,0,0,0,3,0,1,10,2,0,0.18101522842639595
4017,å¸à‰î¸óÈ,2,30,10,8,4,0.17933333333333332,0,5,5,0,0,0,0,0,0,9,0.18101522842639595
4017,å¸à‰î¸óÈ,3,34,4,4,7,0.19205882352941178,0,1,2,1,0,0,0,0,0,0,0.18101522842639595
4017,å¸à‰î¸óÈ,4,34,0,8,6,0.17852941176470588,0,0,0,0,0,0,0,0,0,0,0.18101522842639595
4017,å¸à‰î¸óÈ,5,24,1,3,5,0.18583333333333332,0,0,0,1,0,0,0,0,0,0,0.18101522842639595
4017,å¸à‰î¸óÈ,6,37,3,1,10,0.17891891891891892,0,0,1,0,2,0,0,0,0,0,0.18101522842639595
4019,ä}å¥ó∫,1,39,32,3,0,0.1641025641025641,31,0,0,0,1,0,2,3,2,0,0.16217171717171716
4019,ä}å¥ó∫,2,30,7,15,5,0.13033333333333333,0,6,0,0,1,0,0,0,0,15,0.16217171717171716
4019,ä}å¥ó∫,3,33,8,12,8,0.15424242424242424,0,1,2,5,0,0,0,0,0,0,0.16217171717171716
4019,ä}å¥ó∫,4,31,8,8,9,0.1638709677419355,0,2,4,1,1,0,0,0,0,0,0.16217171717171716
4019,ä}å¥ó∫,5,36,1,12,12,0.17694444444444446,0,0,0,1,0,0,0,0,0,0,0.16217171717171716
4019,ä}å¥ó∫,6,29,4,7,8,0.18137931034482757,0,0,0,3,1,0,0,0,0,0,0.16217171717171716
4020,êÏè„ê¥êl,1,28,8,7,4,0.16714285714285712,8,0,0,0,0,0,8,5,4,0,0.19896907216494847
4020,êÏè„ê¥êl,2,34,3,7,4,0.19617647058823529,0,3,0,0,0,0,0,0,0,15,0.19896907216494847
4020,êÏè„ê¥êl,3,35,5,12,4,0.19028571428571428,0,0,3,2,0,0,0,0,0,0,0.19896907216494847
4020,êÏè„ê¥êl,4,33,0,5,6,0.20242424242424242,0,0,0,0,0,0,0,0,0,0,0.19896907216494847
4020,êÏè„ê¥êl,5,35,2,3,6,0.204,0,0,0,2,0,0,0,0,0,0,0.19896907216494847
4020,êÏè„ê¥êl,6,29,0,0,0,0.23344827586206898,0,0,0,0,0,0,0,0,0,0,0.19896907216494847
4021,ãgìcåíëæòY,1,31,14,8,2,0.12032258064516128,13,0,0,0,1,0,6,2,7,0,0.13143518518518518
4021,ãgìcåíëæòY,2,37,5,7,8,0.12999999999999998,0,2,1,0,1,1,0,0,0,22,0.13143518518518518
4021,ãgìcåíëæòY,3,37,3,13,8,0.11594594594594594,0,0,2,0,1,0,0,0,0,0,0.13143518518518518
4021,ãgìcåíëæòY,4,35,5,6,3,0.13685714285714287,0,0,5,0,0,0,0,0,0,0,0.13143518518518518
4021,ãgìcåíëæòY,5,36,2,3,3,0.14194444444444446,0,0,0,2,0,0,0,0,0,0,0.13143518518518518
4021,ãgìcåíëæòY,6,40,1,0,4,0.14150000000000001,0,0,0,1,0,0,0,0,0,0,0.13143518518518518
4022,ë“íπóYãI,1,43,26,8,6,0.14511627906976746,23,0,0,0,3,0,3,5,4,0,0.1558904109589041
4022,ë“íπóYãI,2,43,10,14,9,0.15906976744186047,0,6,3,1,0,0,0,0,0,18,0.1558904109589041
4022,ë“íπóYãI,3,34,3,12,7,0.16176470588235295,0,1,1,1,0,0,0,0,0,0,0.1558904109589041
4022,ë“íπóYãI,4,37,4,6,14,0.15513513513513513,0,1,1,1,1,0,0,0,0,0,0.1558904109589041
4022,ë“íπóYãI,5,30,0,2,8,0.16366666666666668,0,0,0,0,0,0,0,0,0,0,0.1558904109589041
4022,ë“íπóYãI,6,32,1,1,6,0.1534375,0,0,1,0,0,0,0,0,0,0,0.1558904109589041
4023,éƒìcóFòa,1,25,9,9,0,0.1772,8,0,0,0,1,0,7,3,4,0,0.17964646464646464
4023,éƒìcóFòa,2,36,3,7,8,0.1725,0,1,0,1,1,0,0,0,0,24,0.17964646464646464
4023,éƒìcóFòa,3,41,2,7,8,0.1670731707317073,0,0,1,1,0,0,0,0,0,0,0.17964646464646464
4023,éƒìcóFòa,4,34,1,1,4,0.17823529411764708,0,1,0,0,0,0,0,0,0,0,0.17964646464646464
4023,éƒìcóFòa,5,38,0,2,8,0.1863157894736842,0,0,0,0,0,0,0,0,0,0,0.17964646464646464
4023,éƒìcóFòa,6,24,0,0,0,0.20583333333333334,0,0,0,0,0,0,0,0,0,0,0.17964646464646464
4024,à‰å˚â¿ìT,1,64,54,5,2,0.1625,49,1,0,0,4,0,0,5,5,0,0.15047970479704798
4024,à‰å˚â¿ìT,2,48,14,18,3,0.15416666666666667,0,13,1,0,0,0,0,0,0,24,0.15047970479704798
4024,à‰å˚â¿ìT,3,43,4,8,11,0.16209302325581396,0,0,2,1,1,0,0,0,0,0,0.15047970479704798
4024,à‰å˚â¿ìT,4,41,9,9,3,0.14682926829268292,0,4,2,2,1,0,0,0,0,0,0.15047970479704798
4024,à‰å˚â¿ìT,5,39,8,11,9,0.12564102564102564,0,2,4,1,1,0,0,0,0,0,0.15047970479704798
4024,à‰å˚â¿ìT,6,36,5,6,8,0.1413888888888889,0,0,1,4,0,0,0,0,0,0,0.15047970479704798
4025,éRñ{ó≤çK,1,67,48,7,5,0.15402985074626865,43,0,0,0,5,0,2,8,6,0,0.16736111111111113
4025,éRñ{ó≤çK,2,56,14,17,9,0.17089285714285715,1,12,1,0,0,0,0,0,0,31,0.16736111111111113
4025,éRñ{ó≤çK,3,42,6,11,12,0.17023809523809524,0,1,1,4,0,0,0,0,0,0,0.16736111111111113
4025,éRñ{ó≤çK,4,41,8,5,9,0.17243902439024392,0,2,2,3,1,0,0,0,0,0,0.16736111111111113
4025,éRñ{ó≤çK,5,39,3,4,11,0.16564102564102565,0,0,0,3,0,0,0,0,0,0,0.16736111111111113
4025,éRñ{ó≤çK,6,43,4,7,12,0.17744186046511629,0,1,1,2,0,0,0,0,0,0,0.16736111111111113
4026,è¨ó—êW,1,3,0,0,1,0.19000000000000003,0,0,0,0,0,0,1,2,0,0,0.22125000000000003
4026,è¨ó—êW,2,6,0,0,0,0.17833333333333334,0,0,0,0,0,0,0,0,0,3,0.22125000000000003
4026,è¨ó—êW,3,4,0,1,0,0.2225,0,0,0,0,0,0,0,0,0,0,0.22125000000000003
4026,è¨ó—êW,4,4,0,2,0,0.245,0,0,0,0,0,0,0,0,0,0,0.22125000000000003
4026,è¨ó—êW,5,4,0,1,1,0.2375,0,0,0,0,0,0,0,0,0,0,0.22125000000000003
4026,è¨ó—êW,6,3,0,1,0,0.2833333333333334,0,0,0,0,0,0,0,0,0,0,0.22125000000000003
4027,èºç]èGìø,1,54,39,5,9,0.17148148148148148,37,0,0,0,2,0,1,8,4,0,0.16578125
4027,èºç]èGìø,2,42,6,15,6,0.1680952380952381,0,5,1,0,0,0,0,0,0,26,0.16578125
4027,èºç]èGìø,3,41,3,9,11,0.1770731707317073,0,0,2,1,0,0,0,0,0,0,0.16578125
4027,èºç]èGìø,4,50,7,8,13,0.15259999999999999,0,1,2,2,1,1,0,0,0,0,0.16578125
4027,èºç]èGìø,5,29,0,3,8,0.15137931034482757,0,0,0,0,0,0,0,0,0,0,0.16578125
4027,èºç]èGìø,6,40,1,2,7,0.17099999999999999,0,0,0,0,1,0,0,0,0,0,0.16578125
4028,ìcë∫ó≤êM,1,51,31,10,4,0.12137254901960785,30,0,0,0,1,0,6,6,5,0,0.1438793103448276
4028,ìcë∫ó≤êM,2,35,5,15,7,0.13542857142857143,0,3,2,0,0,0,0,0,0,22,0.1438793103448276
4028,ìcë∫ó≤êM,3,36,3,7,13,0.12222222222222223,0,0,1,0,2,0,0,0,0,0,0.1438793103448276
4028,ìcë∫ó≤êM,4,41,9,12,4,0.14390243902439026,0,1,5,1,2,0,0,0,0,0,0.1438793103448276
4028,ìcë∫ó≤êM,5,37,4,11,5,0.17378378378378379,0,0,0,3,1,0,0,0,0,0,0.1438793103448276
4028,ìcë∫ó≤êM,6,32,4,5,2,0.17875,0,0,0,4,0,0,0,0,0,0,0.1438793103448276
4030,êXçÇàÍê^,1,52,35,9,2,0.145,31,0,0,0,3,1,8,5,4,0,0.15406976744186046
4030,êXçÇàÍê^,2,44,10,12,4,0.15863636363636366,0,5,3,0,2,0,0,0,0,25,0.15406976744186046
4030,êXçÇàÍê^,3,43,3,17,11,0.14790697674418604,0,0,1,1,1,0,0,0,0,0,0.15406976744186046
4030,êXçÇàÍê^,4,43,5,12,12,0.14069767441860465,0,3,1,0,1,0,0,0,0,0,0.15406976744186046
4030,êXçÇàÍê^,5,36,2,7,9,0.15527777777777776,0,0,0,1,0,1,0,0,0,0,0.15406976744186046
4030,êXçÇàÍê^,6,40,1,6,15,0.18075000000000002,0,0,0,1,0,0,0,0,0,0,0.15406976744186046
4031,î—ìáêΩ,1,26,9,5,3,0.165,8,0,0,0,1,0,10,5,2,0,0.1664804469273743
4031,î—ìáêΩ,2,29,2,6,6,0.19793103448275862,0,2,0,0,0,0,0,0,0,13,0.1664804469273743
4031,î—ìáêΩ,3,31,1,4,8,0.12483870967741936,0,0,1,0,0,0,0,0,0,0,0.1664804469273743
4031,î—ìáêΩ,4,34,5,5,6,0.1511764705882353,0,1,4,0,0,0,0,0,0,0,0.1664804469273743
4031,î—ìáêΩ,5,28,0,0,2,0.17964285714285716,0,0,0,0,0,0,0,0,0,0,0.1664804469273743
4031,î—ìáêΩ,6,31,1,1,2,0.18483870967741936,0,1,0,0,0,0,0,0,0,0,0.1664804469273743
4033,à…ì°è´ãg,1,59,49,7,2,0.11220338983050848,49,0,0,0,0,0,5,0,5,0,0.12061855670103093
4033,à…ì°è´ãg,2,46,11,14,6,0.11739130434782609,0,6,4,0,0,1,0,0,0,23,0.12061855670103093
4033,à…ì°è´ãg,3,48,8,13,7,0.11604166666666667,1,0,3,4,0,0,0,0,0,0,0.12061855670103093
4033,à…ì°è´ãg,4,51,17,8,11,0.12117647058823529,0,4,12,1,0,0,0,0,0,0,0.12061855670103093
4033,à…ì°è´ãg,5,43,5,5,3,0.1372093023255814,0,0,3,2,0,0,0,0,0,0,0.12061855670103093
4033,à…ì°è´ãg,6,44,2,4,6,0.1234090909090909,0,0,1,1,0,0,0,0,0,0,0.12061855670103093
4034,êºå¥ñæê∂,1,35,17,6,6,0.158,15,0,0,0,2,0,12,1,4,0,0.19594713656387666
4034,êºå¥ñæê∂,2,39,1,7,9,0.19641025641025642,0,1,0,0,0,0,0,0,0,19,0.19594713656387666
4034,êºå¥ñæê∂,3,45,3,4,16,0.18,0,0,2,1,0,0,0,0,0,0,0.19594713656387666
4034,êºå¥ñæê∂,4,39,1,6,8,0.2158974358974359,0,1,0,0,0,0,0,0,0,0,0.19594713656387666
4034,êºå¥ñæê∂,5,32,0,1,4,0.2221875,0,0,0,0,0,0,0,0,0,0,0.19594713656387666
4034,êºå¥ñæê∂,6,37,0,0,5,0.20702702702702702,0,0,0,0,0,0,0,0,0,0,0.19594713656387666
4035,êôç]ç_ñæ,1,39,20,3,3,0.1930769230769231,19,0,0,0,1,0,3,9,4,0,0.1933211678832117
4035,êôç]ç_ñæ,2,52,7,8,4,0.18653846153846151,1,3,3,0,0,0,0,0,0,25,0.1933211678832117
4035,êôç]ç_ñæ,3,50,8,10,9,0.18899999999999997,0,1,2,5,0,0,0,0,0,0,0.1933211678832117
4035,êôç]ç_ñæ,4,42,6,8,3,0.18833333333333332,0,2,3,1,0,0,0,0,0,0,0.1933211678832117
4035,êôç]ç_ñæ,5,51,3,6,5,0.1903921568627451,0,0,0,3,0,0,0,0,0,0,0.1933211678832117
4035,êôç]ç_ñæ,6,40,0,0,5,0.21675,0,0,0,0,0,0,0,0,0,0,0.1933211678832117
4036,ã‡ìcó@,1,45,31,6,1,0.15044444444444446,29,0,0,0,2,0,4,6,3,0,0.17478260869565218
4036,ã‡ìcó@,2,37,6,13,8,0.17135135135135135,0,3,2,0,1,0,0,0,0,15,0.17478260869565218
4036,ã‡ìcó@,3,36,10,10,7,0.1813888888888889,0,1,6,3,0,0,0,0,0,0,0.17478260869565218
4036,ã‡ìcó@,4,34,8,6,5,0.17176470588235293,0,1,5,1,1,0,0,0,0,0,0.17478260869565218
4036,ã‡ìcó@,5,35,4,8,6,0.17685714285714288,0,1,2,1,0,0,0,0,0,0,0.17478260869565218
4036,ã‡ìcó@,6,43,2,4,10,0.19837209302325579,0,1,0,1,0,0,0,0,0,0,0.17478260869565218
4037,ï ï{ê≥çK,1,40,14,14,2,0.163,12,0,2,0,0,0,13,6,4,0,0.18063829787234043
4037,ï ï{ê≥çK,2,44,1,13,9,0.17136363636363636,0,1,0,0,0,0,0,0,0,22,0.18063829787234043
4037,ï ï{ê≥çK,3,38,6,6,9,0.1744736842105263,0,1,3,2,0,0,0,0,0,0,0.18063829787234043
4037,ï ï{ê≥çK,4,39,2,4,4,0.18076923076923077,0,1,0,1,0,0,0,0,0,0,0.18063829787234043
4037,ï ï{ê≥çK,5,40,5,2,9,0.20224999999999999,0,0,1,3,1,0,0,0,0,0,0.18063829787234043
4037,ï ï{ê≥çK,6,34,2,2,7,0.19470588235294117,0,0,0,2,0,0,0,0,0,0,0.18063829787234043
4038,ìcíÜåíëæòY,1,1,0,0,0,0.14,0,0,0,0,0,0,0,0,0,0,0.16
4038,ìcíÜåíëæòY,2,1,0,1,0,0.21,0,0,0,0,0,0,0,0,0,0,0.16
4038,ìcíÜåíëæòY,3,2,0,0,0,0.095,0,0,0,0,0,0,0,0,0,0,0.16
4038,ìcíÜåíëæòY,4,2,1,0,0,0.21000000000000002,0,0,1,0,0,0,0,0,0,0,0.16
4038,ìcíÜåíëæòY,5,1,0,0,0,0.16,0,0,0,0,0,0,0,0,0,0,0.16
4038,ìcíÜåíëæòY,6,1,0,0,0,0.16,0,0,0,0,0,0,0,0,0,0,0.16
4039,ë∫è„å˜óS,1,40,18,8,4,0.15525,17,0,0,0,1,0,7,5,6,0,0.14131147540983607
4039,ë∫è„å˜óS,2,47,6,14,14,0.1448936170212766,0,4,2,0,0,0,0,0,0,29,0.14131147540983607
4039,ë∫è„å˜óS,3,42,5,13,11,0.15642857142857144,0,1,2,2,0,0,0,0,0,0,0.14131147540983607
4039,ë∫è„å˜óS,4,39,8,5,10,0.1258974358974359,0,0,6,2,0,0,0,0,0,0,0.14131147540983607
4039,ë∫è„å˜óS,5,34,4,7,2,0.12029411764705882,0,0,0,3,0,1,0,0,0,0,0.14131147540983607
4039,ë∫è„å˜óS,6,42,3,6,7,0.14023809523809522,0,0,0,3,0,0,0,0,0,0,0.14131147540983607
4040,úAê£è´ãú,1,40,26,8,2,0.1335,24,0,0,0,2,0,2,4,6,0,0.12765486725663716
4040,úAê£è´ãú,2,37,6,7,9,0.13756756756756755,0,6,0,0,0,0,0,0,0,23,0.12765486725663716
4040,úAê£è´ãú,3,41,6,11,8,0.12195121951219512,0,0,3,3,0,0,0,0,0,0,0.12765486725663716
4040,úAê£è´ãú,4,33,4,7,9,0.13545454545454544,0,1,1,1,1,0,0,0,0,0,0.12765486725663716
4040,úAê£è´ãú,5,30,2,5,3,0.121,0,0,1,1,0,0,0,0,0,0,0.12765486725663716
4040,úAê£è´ãú,6,45,2,5,5,0.11822222222222223,0,0,2,0,0,0,0,0,0,0,0.12765486725663716
4041,è¨ó—äÓé˜,1,24,14,7,2,0.17041666666666666,13,0,0,0,1,0,5,0,5,0,0.208
4041,è¨ó—äÓé˜,2,32,6,4,7,0.200625,0,5,1,0,0,0,0,0,0,16,0.208
4041,è¨ó—äÓé˜,3,28,1,5,4,0.19464285714285715,0,0,0,1,0,0,0,0,0,0,0.208
4041,è¨ó—äÓé˜,4,25,1,3,7,0.2236,0,0,1,0,0,0,0,0,0,0,0.208
4041,è¨ó—äÓé˜,5,29,1,0,6,0.22689655172413795,0,0,0,1,0,0,0,0,0,0,0.208
4041,è¨ó—äÓé˜,6,27,1,2,6,0.22925925925925927,0,1,0,0,0,0,0,0,0,0,0.208
4042,ä€â™ê≥ìT,1,57,48,4,2,0.1349122807017544,47,0,0,0,1,0,3,3,1,0,0.15353612167300382
4042,ä€â™ê≥ìT,2,38,7,13,7,0.15447368421052632,0,5,0,0,2,0,0,0,0,18,0.15353612167300382
4042,ä€â™ê≥ìT,3,47,10,21,8,0.14957446808510638,0,1,2,5,2,0,0,0,0,0,0.15353612167300382
4042,ä€â™ê≥ìT,4,43,7,9,7,0.16069767441860466,0,2,2,3,0,0,0,0,0,0,0.15353612167300382
4042,ä€â™ê≥ìT,5,41,7,5,13,0.16414634146341464,0,1,0,5,1,0,0,0,0,0,0.15353612167300382
4042,ä€â™ê≥ìT,6,37,1,3,11,0.16621621621621624,0,0,0,1,0,0,0,0,0,0,0.15353612167300382
4043,ãÀñ{çNêb,1,55,34,10,2,0.16927272727272727,33,0,0,0,1,0,3,8,5,0,0.16041044776119404
4043,ãÀñ{çNêb,2,42,9,13,8,0.14904761904761904,0,6,2,0,1,0,0,0,0,22,0.16041044776119404
4043,ãÀñ{çNêb,3,50,16,10,9,0.14800000000000002,0,1,5,7,3,0,0,0,0,0,0.16041044776119404
4043,ãÀñ{çNêb,4,42,10,9,9,0.13952380952380952,0,2,8,0,0,0,0,0,0,0,0.16041044776119404
4043,ãÀñ{çNêb,5,37,2,4,9,0.16918918918918918,0,1,0,1,0,0,0,0,0,0,0.16041044776119404
4043,ãÀñ{çNêb,6,42,1,6,12,0.1880952380952381,0,0,1,0,0,0,0,0,0,0,0.16041044776119404
4044,ìíêÏç_éi,1,59,41,11,2,0.1433898305084746,41,0,0,0,0,0,6,5,6,0,0.1404942965779468
4044,ìíêÏç_éi,2,44,7,12,10,0.14340909090909093,2,4,1,0,0,0,0,0,0,27,0.1404942965779468
4044,ìíêÏç_éi,3,38,6,10,6,0.1386842105263158,0,0,3,3,0,0,0,0,0,0,0.1404942965779468
4044,ìíêÏç_éi,4,46,12,6,8,0.12869565217391304,0,2,4,4,2,0,0,0,0,0,0.1404942965779468
4044,ìíêÏç_éi,5,39,5,10,5,0.13333333333333333,0,1,1,3,0,0,0,0,0,0,0.1404942965779468
4044,ìíêÏç_éi,6,37,3,6,8,0.1564864864864865,0,0,2,0,1,0,0,0,0,0,0.1404942965779468
4045,ç≤ÅXñÿóTî¸,1,37,25,8,2,0.14567567567567566,24,0,0,0,1,0,8,2,1,0,0.15747619047619046
4045,ç≤ÅXñÿóTî¸,2,40,6,14,6,0.16225,0,6,0,0,0,0,0,0,0,22,0.15747619047619046
4045,ç≤ÅXñÿóTî¸,3,33,5,5,3,0.14606060606060606,0,1,3,0,0,1,0,0,0,0,0.15747619047619046
4045,ç≤ÅXñÿóTî¸,4,34,2,6,4,0.14382352941176468,0,1,0,0,1,0,0,0,0,0,0.15747619047619046
4045,ç≤ÅXñÿóTî¸,5,33,2,1,9,0.1590909090909091,0,1,0,1,0,0,0,0,0,0,0.15747619047619046
4045,ç≤ÅXñÿóTî¸,6,33,0,2,1,0.1887878787878788,0,0,0,0,0,0,0,0,0,0,0.15747619047619046
4046,íJë∫å[éi,1,27,9,6,2,0.20888888888888887,8,0,0,0,1,0,8,6,2,0,0.18047872340425533
4046,íJë∫å[éi,2,37,2,5,3,0.18162162162162163,0,1,0,0,1,0,0,0,0,22,0.18047872340425533
4046,íJë∫å[éi,3,30,1,6,7,0.17066666666666666,0,0,0,0,1,0,0,0,0,0,0.18047872340425533
4046,íJë∫å[éi,4,29,2,2,5,0.16758620689655174,0,0,2,0,0,0,0,0,0,0,0.18047872340425533
4046,íJë∫å[éi,5,35,1,3,3,0.18857142857142856,0,0,0,1,0,0,0,0,0,0,0.18047872340425533
4046,íJë∫å[éi,6,30,1,2,5,0.16633333333333333,0,0,0,1,0,0,0,0,0,0,0.18047872340425533
4047,ãgâiç_ë•,1,33,16,6,3,0.1503030303030303,16,0,0,0,0,0,6,3,5,0,0.172008547008547
4047,ãgâiç_ë•,2,44,4,3,10,0.16977272727272727,0,1,0,0,3,0,0,0,0,21,0.172008547008547
4047,ãgâiç_ë•,3,41,2,10,6,0.1702439024390244,0,2,0,0,0,0,0,0,0,0,0.172008547008547
4047,ãgâiç_ë•,4,39,1,4,6,0.1582051282051282,0,0,0,1,0,0,0,0,0,0,0.172008547008547
4047,ãgâiç_ë•,5,39,2,4,4,0.17769230769230768,0,1,0,1,0,0,0,0,0,0,0.172008547008547
4047,ãgâiç_ë•,6,38,0,3,3,0.2036842105263158,0,0,0,0,0,0,0,0,0,0,0.172008547008547
4049,çrêÏåíëæ,1,56,33,13,3,0.1575,33,0,0,0,0,0,7,9,6,0,0.1697338403041825
4049,çrêÏåíëæ,2,44,5,17,8,0.1593181818181818,0,5,0,0,0,0,0,0,0,21,0.1697338403041825
4049,çrêÏåíëæ,3,45,7,8,11,0.15644444444444444,0,1,2,4,0,0,0,0,0,0,0.1697338403041825
4049,çrêÏåíëæ,4,43,2,9,9,0.1713953488372093,0,0,0,2,0,0,0,0,0,0,0.1697338403041825
4049,çrêÏåíëæ,5,37,5,3,9,0.18135135135135136,0,1,1,3,0,0,0,0,0,0,0.1697338403041825
4049,çrêÏåíëæ,6,38,1,4,9,0.2023684210526316,0,0,0,1,0,0,0,0,0,0,0.1697338403041825
4050,ìcå˚êﬂéq,1,67,54,5,2,0.11746268656716419,52,0,0,0,2,0,6,5,1,0,0.1382857142857143
4050,ìcå˚êﬂéq,2,40,15,10,7,0.14275,1,6,7,0,1,0,0,0,0,18,0.1382857142857143
4050,ìcå˚êﬂéq,3,37,9,8,4,0.1254054054054054,0,2,5,2,0,0,0,0,0,0,0.1382857142857143
4050,ìcå˚êﬂéq,4,33,12,7,4,0.13,0,4,5,1,2,0,0,0,0,0,0.1382857142857143
4050,ìcå˚êﬂéq,5,34,6,6,8,0.15147058823529413,0,2,2,2,0,0,0,0,0,0,0.1382857142857143
4050,ìcå˚êﬂéq,6,34,2,8,9,0.18294117647058822,0,1,1,0,0,0,0,0,0,0,0.1382857142857143
4051,ê¥êÖì÷äˆ,1,42,30,4,3,0.13523809523809524,29,0,0,0,1,0,2,6,3,0,0.16661538461538464
4051,ê¥êÖì÷äˆ,2,35,10,9,7,0.1597142857142857,1,4,0,0,5,0,0,0,0,14,0.16661538461538464
4051,ê¥êÖì÷äˆ,3,33,6,9,7,0.1693939393939394,0,0,2,4,0,0,0,0,0,0,0.16661538461538464
4051,ê¥êÖì÷äˆ,4,30,4,7,5,0.17733333333333334,0,0,3,1,0,0,0,0,0,0,0.16661538461538464
4051,ê¥êÖì÷äˆ,5,28,3,2,5,0.1842857142857143,0,0,0,2,1,0,0,0,0,0,0.16661538461538464
4051,ê¥êÖì÷äˆ,6,27,0,5,8,0.19074074074074077,0,0,0,0,0,0,0,0,0,0,0.16661538461538464
4052,ãªí√óï,1,57,35,9,3,0.16877192982456143,32,0,1,0,2,0,8,2,8,0,0.16906137184115522
4052,ãªí√óï,2,40,9,10,5,0.15275,0,4,5,0,0,0,0,0,0,20,0.16906137184115522
4052,ãªí√óï,3,49,7,11,10,0.15551020408163266,0,0,2,4,1,0,0,0,0,0,0.16906137184115522
4052,ãªí√óï,4,49,11,7,8,0.1736734693877551,0,1,5,3,2,0,0,0,0,0,0.16906137184115522
4052,ãªí√óï,5,35,2,6,7,0.17857142857142858,0,0,0,2,0,0,0,0,0,0,0.16906137184115522
4052,ãªí√óï,6,47,3,2,9,0.18553191489361703,0,0,1,2,0,0,0,0,0,0,0.16906137184115522
4053,à∞‡Vñ],1,39,26,9,2,0.1482051282051282,23,0,0,0,2,1,4,3,4,0,0.14336322869955156
4053,à∞‡Vñ],2,39,5,12,8,0.13512820512820514,0,2,1,0,2,0,0,0,0,25,0.14336322869955156
4053,à∞‡Vñ],3,38,8,8,10,0.12921052631578947,0,1,3,3,0,1,0,0,0,0,0.14336322869955156
4053,à∞‡Vñ],4,41,6,10,7,0.14560975609756097,0,1,5,0,0,0,0,0,0,0,0.14336322869955156
4053,à∞‡Vñ],5,36,2,11,7,0.14027777777777778,0,0,0,2,0,0,0,0,0,0,0.14336322869955156
4053,à∞‡Vñ],6,30,1,2,13,0.16633333333333333,0,0,1,0,0,0,0,0,0,0,0.14336322869955156
4054,ïüìàíqîV,1,35,14,9,6,0.16428571428571428,13,0,0,0,0,1,9,3,9,0,0.1613084112149533
4054,ïüìàíqîV,2,36,5,9,9,0.15527777777777776,0,5,0,0,0,0,0,0,0,23,0.1613084112149533
4054,ïüìàíqîV,3,34,3,5,7,0.1823529411764706,0,0,2,1,0,0,0,0,0,0,0.1613084112149533
4054,ïüìàíqîV,4,34,3,3,5,0.15500000000000003,0,2,1,0,0,0,0,0,0,0,0.1613084112149533
4054,ïüìàíqîV,5,41,2,5,5,0.1573170731707317,0,0,1,1,0,0,0,0,0,0,0.1613084112149533
4054,ïüìàíqîV,6,34,1,4,1,0.15470588235294117,0,0,1,0,0,0,0,0,0,0,0.1613084112149533
4055,ãgìcèrïF,1,70,53,9,5,0.14142857142857143,53,0,0,0,0,0,5,4,5,0,0.1508362369337979
4055,ãgìcèrïF,2,46,7,15,11,0.1597826086956522,0,5,2,0,0,0,0,0,0,27,0.1508362369337979
4055,ãgìcèrïF,3,44,11,13,10,0.14909090909090908,0,2,3,5,1,0,0,0,0,0,0.1508362369337979
4055,ãgìcèrïF,4,48,12,11,10,0.15625,0,4,3,5,0,0,0,0,0,0,0.1508362369337979
4055,ãgìcèrïF,5,43,5,8,8,0.15627906976744185,0,0,1,3,1,0,0,0,0,0,0.1508362369337979
4055,ãgìcèrïF,6,36,5,5,8,0.1461111111111111,0,0,0,3,1,1,0,0,0,0,0.1508362369337979
4056,è¨êºâpãP,1,31,17,5,3,0.1232258064516129,17,0,0,0,0,0,5,6,2,0,0.16285714285714287
4056,è¨êºâpãP,2,37,1,10,9,0.1627027027027027,0,1,0,0,0,0,0,0,0,25,0.16285714285714287
4056,è¨êºâpãP,3,42,2,11,7,0.16357142857142856,0,0,1,1,0,0,0,0,0,0,0.16285714285714287
4056,è¨êºâpãP,4,31,2,4,5,0.16709677419354838,0,1,1,0,0,0,0,0,0,0,0.16285714285714287
4056,è¨êºâpãP,5,33,0,4,6,0.1715151515151515,0,0,0,0,0,0,0,0,0,0,0.16285714285714287
4056,è¨êºâpãP,6,36,0,0,4,0.18472222222222223,0,0,0,0,0,0,0,0,0,0,0.16285714285714287
4057,èºà‰å´é°,1,62,40,10,8,0.14903225806451614,39,0,0,0,1,0,10,7,4,0,0.16253424657534246
4057,èºà‰å´é°,2,46,5,15,8,0.17521739130434782,0,3,2,0,0,0,0,0,0,28,0.16253424657534246
4057,èºà‰å´é°,3,54,4,14,18,0.16685185185185183,0,1,3,0,0,0,0,0,0,0,0.16253424657534246
4057,èºà‰å´é°,4,45,3,6,10,0.15666666666666668,0,0,3,0,0,0,0,0,0,0,0.16253424657534246
4057,èºà‰å´é°,5,41,2,5,8,0.16048780487804878,0,1,0,0,1,0,0,0,0,0,0.16253424657534246
4057,èºà‰å´é°,6,44,0,3,9,0.17090909090909093,0,0,0,0,0,0,0,0,0,0,0.16253424657534246
4058,ñÏññíqàÍ,1,46,20,12,6,0.1617391304347826,20,0,0,0,0,0,10,8,4,0,0.17706959706959707
4058,ñÏññíqàÍ,2,50,3,10,15,0.1784,0,1,0,0,2,0,0,0,0,26,0.17706959706959707
4058,ñÏññíqàÍ,3,48,5,13,16,0.139375,0,0,3,2,0,0,0,0,0,0,0.17706959706959707
4058,ñÏññíqàÍ,4,45,1,8,10,0.17755555555555555,0,1,0,0,0,0,0,0,0,0,0.17706959706959707
4058,ñÏññíqàÍ,5,38,3,6,6,0.18710526315789475,0,0,0,2,1,0,0,0,0,0,0.17706959706959707
4058,ñÏññíqàÍ,6,46,2,0,2,0.22152173913043477,0,0,0,1,1,0,0,0,0,0,0.17706959706959707
4059,ì¸‡VóFé°,1,31,14,6,0,0.18129032258064517,13,0,0,0,1,0,2,9,5,0,0.1539705882352941
4059,ì¸‡VóFé°,2,33,5,8,5,0.1481818181818182,0,2,3,0,0,0,0,0,0,18,0.1539705882352941
4059,ì¸‡VóFé°,3,38,7,5,3,0.1568421052631579,0,0,2,5,0,0,0,0,0,0,0.1539705882352941
4059,ì¸‡VóFé°,4,37,6,5,5,0.13108108108108107,0,0,4,2,0,0,0,0,0,0,0.1539705882352941
4059,ì¸‡VóFé°,5,38,2,8,8,0.12052631578947369,0,0,2,0,0,0,0,0,0,0,0.1539705882352941
4059,ì¸‡VóFé°,6,27,1,4,3,0.20407407407407407,0,0,1,0,0,0,0,0,0,0,0.1539705882352941
4060,ìáìcàÍê∂,1,23,11,7,2,0.15260869565217391,8,0,0,0,3,0,7,1,2,0,0.17610294117647057
4060,ìáìcàÍê∂,2,19,4,4,1,0.16526315789473686,0,4,0,0,0,0,0,0,0,8,0.17610294117647057
4060,ìáìcàÍê∂,3,20,1,2,4,0.155,0,1,0,0,0,0,0,0,0,0,0.17610294117647057
4060,ìáìcàÍê∂,4,25,3,4,3,0.18280000000000002,0,0,0,1,2,0,0,0,0,0,0.17610294117647057
4060,ìáìcàÍê∂,5,24,0,2,2,0.19625,0,0,0,0,0,0,0,0,0,0,0.17610294117647057
4060,ìáìcàÍê∂,6,25,0,1,5,0.1968,0,0,0,0,0,0,0,0,0,0,0.17610294117647057
4061,îãå¥èGêl,1,50,34,6,6,0.1592,32,0,0,0,2,0,3,9,3,0,0.14478599221789884
4061,îãå¥èGêl,2,42,14,14,6,0.14595238095238094,0,11,2,0,1,0,0,0,0,25,0.14478599221789884
4061,îãå¥èGêl,3,45,13,16,8,0.14333333333333334,0,0,5,6,2,0,0,0,0,0,0.14478599221789884
4061,îãå¥èGêl,4,40,9,7,6,0.13974999999999999,0,2,2,3,1,1,0,0,0,0,0.14478599221789884
4061,îãå¥èGêl,5,40,2,8,12,0.134,0,1,0,1,0,0,0,0,0,0,0.14478599221789884
4061,îãå¥èGêl,6,40,5,9,5,0.143,0,2,1,2,0,0,0,0,0,0,0.14478599221789884
4062,å„ì°ózâÓ,1,40,22,7,5,0.1625,21,0,0,0,0,1,4,3,8,0,0.1758227848101266
4062,å„ì°ózâÓ,2,41,7,9,7,0.1521951219512195,0,4,2,0,1,0,0,0,0,25,0.1758227848101266
4062,å„ì°ózâÓ,3,39,6,7,10,0.17384615384615384,0,2,1,3,0,0,0,0,0,0,0.1758227848101266
4062,å„ì°ózâÓ,4,45,3,6,7,0.1768888888888889,0,1,2,0,0,0,0,0,0,0,0.1758227848101266
4062,å„ì°ózâÓ,5,40,1,5,5,0.181,0,0,0,1,0,0,0,0,0,0,0.1758227848101266
4062,å„ì°ózâÓ,6,32,0,1,5,0.2171875,0,0,0,0,0,0,0,0,0,0,0.1758227848101266
4063,ésã¥ëÏém,1,62,50,5,4,0.12225806451612903,46,0,0,0,4,0,2,7,1,0,0.14040133779264216
4063,ésã¥ëÏém,2,48,6,22,5,0.14604166666666665,0,5,1,0,0,0,0,0,0,25,0.14040133779264216
4063,ésã¥ëÏém,3,43,4,16,11,0.14372093023255814,0,1,1,2,0,0,0,0,0,0,0.14040133779264216
4063,ésã¥ëÏém,4,55,7,12,17,0.14163636363636364,0,0,3,2,1,1,0,0,0,0,0.14040133779264216
4063,ésã¥ëÏém,5,47,2,7,13,0.14170212765957446,0,0,0,2,0,0,0,0,0,0,0.14040133779264216
4063,ésã¥ëÏém,6,44,1,6,11,0.15363636363636363,0,0,0,0,1,0,0,0,0,0,0.14040133779264216
4064,å¥ìcìƒéu,1,68,52,11,1,0.15117647058823527,51,0,0,0,1,0,5,7,4,0,0.15673684210526317
4064,å¥ìcìƒéu,2,49,12,17,8,0.1430612244897959,0,11,1,0,0,0,0,0,0,26,0.15673684210526317
4064,å¥ìcìƒéu,3,48,9,11,15,0.15729166666666666,0,3,3,2,1,0,0,0,0,0,0.15673684210526317
4064,å¥ìcìƒéu,4,45,2,9,14,0.17222222222222222,0,2,0,0,0,0,0,0,0,0,0.15673684210526317
4064,å¥ìcìƒéu,5,38,2,7,6,0.155,0,0,1,1,0,0,0,0,0,0,0.15673684210526317
4064,å¥ìcìƒéu,6,37,1,9,12,0.1672972972972973,0,1,0,0,0,0,0,0,0,0,0.15673684210526317
4065,ã‡ìcçKéq,1,58,37,9,3,0.1643103448275862,37,0,0,0,0,0,2,11,5,0,0.17736263736263738
4065,ã‡ìcçKéq,2,48,15,15,7,0.17354166666666668,1,10,4,0,0,0,0,0,0,23,0.17736263736263738
4065,ã‡ìcçKéq,3,49,7,12,9,0.17448979591836736,0,0,3,4,0,0,0,0,0,0,0.17736263736263738
4065,ã‡ìcçKéq,4,43,4,16,9,0.17046511627906977,0,0,4,0,0,0,0,0,0,0,0.17736263736263738
4065,ã‡ìcçKéq,5,39,3,5,12,0.20051282051282052,0,0,0,3,0,0,0,0,0,0,0.17736263736263738
4065,ã‡ìcçKéq,6,36,2,7,6,0.19055555555555556,0,0,1,1,0,0,0,0,0,0,0.17736263736263738
4066,ìåñ{èüóò,1,60,46,5,3,0.13133333333333333,41,0,0,0,5,0,0,7,4,0,0.15485714285714286
4066,ìåñ{èüóò,2,51,9,16,10,0.1684313725490196,0,1,3,1,4,0,0,0,0,30,0.15485714285714286
4066,ìåñ{èüóò,3,39,5,13,7,0.15,0,0,3,2,0,0,0,0,0,0,0.15485714285714286
4066,ìåñ{èüóò,4,45,9,8,7,0.16533333333333333,0,0,7,2,0,0,0,0,0,0,0.15485714285714286
4066,ìåñ{èüóò,5,43,2,13,10,0.15930232558139534,0,0,0,2,0,0,0,0,0,0,0.15485714285714286
4066,ìåñ{èüóò,6,42,3,8,7,0.16071428571428573,0,0,1,1,0,1,0,0,0,0,0.15485714285714286
4067,âià‰åπ,1,61,41,9,4,0.18868852459016394,40,0,0,0,1,0,3,7,6,0,0.1878187919463087
4067,âià‰åπ,2,48,9,6,13,0.20020833333333332,0,8,0,0,1,0,0,0,0,19,0.1878187919463087
4067,âià‰åπ,3,52,9,20,9,0.18057692307692308,0,1,3,5,0,0,0,0,0,0,0.1878187919463087
4067,âià‰åπ,4,52,1,11,19,0.18057692307692308,0,0,0,1,0,0,0,0,0,0,0.1878187919463087
4067,âià‰åπ,5,43,4,9,9,0.19186046511627908,0,0,0,4,0,0,0,0,0,0,0.1878187919463087
4067,âià‰åπ,6,42,2,6,12,0.18619047619047618,0,1,0,0,1,0,0,0,0,0,0.1878187919463087
4068,çKìcíqóT,1,33,16,5,1,0.14333333333333334,14,0,0,0,2,0,6,5,5,0,0.15041666666666667
4068,çKìcíqóT,2,38,3,14,7,0.18,0,1,1,0,0,1,0,0,0,17,0.15041666666666667
4068,çKìcíqóT,3,42,3,8,8,0.1488095238095238,0,0,2,1,0,0,0,0,0,0,0.15041666666666667
4068,çKìcíqóT,4,37,5,0,9,0.15513513513513513,0,2,0,3,0,0,0,0,0,0,0.15041666666666667
4068,çKìcíqóT,5,36,1,2,6,0.1375,0,0,0,1,0,0,0,0,0,0,0.15041666666666667
4068,çKìcíqóT,6,30,1,2,5,0.13266666666666665,0,0,0,1,0,0,0,0,0,0,0.15041666666666667
4069,éRñ{èCàÍ,1,56,36,13,3,0.12196428571428572,34,1,0,0,1,0,4,6,8,0,0.14810218978102188
4069,éRñ{èCàÍ,2,46,10,19,9,0.12869565217391304,0,7,2,0,1,0,0,0,0,25,0.14810218978102188
4069,éRñ{èCàÍ,3,49,6,12,15,0.13877551020408163,0,0,2,3,1,0,0,0,0,0,0.14810218978102188
4069,éRñ{èCàÍ,4,45,3,13,14,0.17422222222222222,0,1,0,2,0,0,0,0,0,0,0.14810218978102188
4069,éRñ{èCàÍ,5,40,2,10,12,0.16775,0,0,1,1,0,0,0,0,0,0,0.14810218978102188
4069,éRñ{èCàÍ,6,38,1,10,6,0.1705263157894737,0,0,0,1,0,0,0,0,0,0,0.14810218978102188
4070,íÜë∫ó∫ëæ,1,33,20,8,2,0.14636363636363636,17,0,1,0,2,0,3,4,4,0,0.14534883720930233
4070,íÜë∫ó∫ëæ,2,28,12,3,5,0.1475,3,6,2,0,1,0,0,0,0,12,0.14534883720930233
4070,íÜë∫ó∫ëæ,3,27,6,4,5,0.15925925925925924,0,4,0,2,0,0,0,0,0,0,0.14534883720930233
4070,íÜë∫ó∫ëæ,4,34,7,8,7,0.1376470588235294,0,1,0,5,1,0,0,0,0,0,0.14534883720930233
4070,íÜë∫ó∫ëæ,5,25,5,6,4,0.1364,1,0,0,3,1,0,0,0,0,0,0.14534883720930233
4070,íÜë∫ó∫ëæ,6,25,5,4,8,0.146,0,0,0,2,3,0,0,0,0,0,0.14534883720930233
4071,å√âÍêÁèª,1,29,14,3,3,0.14551724137931032,14,0,0,0,0,0,2,10,2,0,0.16352201257861634
4071,å√âÍêÁèª,2,29,6,6,1,0.16241379310344828,0,4,2,0,0,0,0,0,0,16,0.16352201257861634
4071,å√âÍêÁèª,3,26,4,6,2,0.17423076923076924,0,1,2,1,0,0,0,0,0,0,0.16352201257861634
4071,å√âÍêÁèª,4,29,4,3,4,0.1482758620689655,0,0,1,1,2,0,0,0,0,0,0.16352201257861634
4071,å√âÍêÁèª,5,22,1,1,7,0.1668181818181818,0,0,0,1,0,0,0,0,0,0,0.16352201257861634
4071,å√âÍêÁèª,6,24,1,1,3,0.19041666666666668,0,0,0,1,0,0,0,0,0,0,0.16352201257861634
4072,êXâiè~,1,50,40,4,1,0.1484,38,0,0,0,1,1,3,3,3,0,0.1442325581395349
4072,êXâiè~,2,29,9,8,3,0.15758620689655173,0,4,5,0,0,0,0,0,0,9,0.1442325581395349
4072,êXâiè~,3,42,6,13,6,0.12761904761904763,0,2,0,4,0,0,0,0,0,0,0.1442325581395349
4072,êXâiè~,4,30,7,5,6,0.15533333333333335,0,0,3,3,1,0,0,0,0,0,0.1442325581395349
4072,êXâiè~,5,31,4,6,6,0.1503225806451613,0,0,2,2,0,0,0,0,0,0,0.1442325581395349
4072,êXâiè~,6,33,3,3,2,0.1315151515151515,0,0,0,2,1,0,0,0,0,0,0.1442325581395349
4073,ëÂã¥èÉàÍòY,1,51,40,7,1,0.12254901960784313,39,0,0,0,1,0,5,1,4,0,0.16
4073,ëÂã¥èÉàÍòY,2,39,7,12,11,0.1676923076923077,0,4,2,0,1,0,0,0,0,20,0.16
4073,ëÂã¥èÉàÍòY,3,49,7,14,8,0.16693877551020408,0,1,0,2,4,0,0,0,0,0,0.16
4073,ëÂã¥èÉàÍòY,4,44,6,8,10,0.15772727272727274,0,0,0,6,0,0,0,0,0,0,0.16
4073,ëÂã¥èÉàÍòY,5,39,3,5,16,0.16974358974358975,0,0,0,2,1,0,0,0,0,0,0.16
4073,ëÂã¥èÉàÍòY,6,39,1,2,10,0.1853846153846154,0,0,0,1,0,0,0,0,0,0,0.16
4074,ñˆëÚàÍ,1,65,53,5,3,0.10923076923076923,53,0,0,0,0,0,5,3,4,0,0.12158671586715868
4074,ñˆëÚàÍ,2,41,7,17,3,0.12951219512195122,0,5,1,0,1,0,0,0,0,24,0.12158671586715868
4074,ñˆëÚàÍ,3,44,10,10,11,0.12227272727272727,0,1,2,6,1,0,0,0,0,0,0.12158671586715868
4074,ñˆëÚàÍ,4,42,9,5,10,0.12904761904761905,0,3,2,0,3,1,0,0,0,0,0.12158671586715868
4074,ñˆëÚàÍ,5,41,3,5,10,0.13146341463414635,0,0,2,1,0,0,0,0,0,0,0.12158671586715868
4074,ñˆëÚàÍ,6,38,3,8,10,0.11447368421052631,0,0,0,3,0,0,0,0,0,0,0.12158671586715868
4075,íÜñÏéüòY,1,52,37,9,2,0.1201923076923077,35,0,0,0,2,0,6,5,4,0,0.13904564315352697
4075,íÜñÏéüòY,2,37,11,12,7,0.13486486486486488,1,7,2,0,1,0,0,0,0,18,0.13904564315352697
4075,íÜñÏéüòY,3,38,7,7,15,0.12894736842105264,0,0,2,4,1,0,0,0,0,0,0.13904564315352697
4075,íÜñÏéüòY,4,42,11,11,8,0.14309523809523808,0,6,2,2,1,0,0,0,0,0,0.13904564315352697
4075,íÜñÏéüòY,5,36,3,7,11,0.155,0,0,1,2,0,0,0,0,0,0,0.13904564315352697
4075,íÜñÏéüòY,6,36,1,5,18,0.16055555555555556,0,1,0,0,0,0,0,0,0,0,0.13904564315352697
4076,êôìcìƒåı,1,52,26,10,11,0.1728846153846154,24,0,1,0,1,0,6,13,6,0,0.18537037037037035
4076,êôìcìƒåı,2,48,12,11,7,0.17895833333333333,0,4,6,0,2,0,0,0,0,16,0.18537037037037035
4076,êôìcìƒåı,3,43,5,15,9,0.1641860465116279,0,0,4,1,0,0,0,0,0,0,0.18537037037037035
4076,êôìcìƒåı,4,46,5,5,12,0.21021739130434783,0,1,1,2,1,0,0,0,0,0,0.18537037037037035
4076,êôìcìƒåı,5,43,1,6,10,0.18674418604651166,0,0,0,1,0,0,0,0,0,0,0.18537037037037035
4076,êôìcìƒåı,6,38,0,1,6,0.20289473684210527,0,0,0,0,0,0,0,0,0,0,0.18537037037037035
4077,ïiìcíºé˜,1,41,11,12,5,0.15926829268292683,10,0,0,0,1,0,13,8,7,0,0.17857142857142858
4077,ïiìcíºé˜,2,50,5,9,10,0.18059999999999998,0,4,1,0,0,0,0,0,0,26,0.17857142857142858
4077,ïiìcíºé˜,3,47,7,8,10,0.1551063829787234,0,0,4,2,0,1,0,0,0,0,0.17857142857142858
4077,ïiìcíºé˜,4,44,1,5,10,0.1890909090909091,0,1,0,0,0,0,0,0,0,0,0.17857142857142858
4077,ïiìcíºé˜,5,43,5,0,4,0.17953488372093024,0,1,3,0,0,1,0,0,0,0,0.17857142857142858
4077,ïiìcíºé˜,6,34,1,2,6,0.21647058823529414,0,0,0,1,0,0,0,0,0,0,0.17857142857142858
4078,ìnï”éjîV,1,37,14,9,2,0.16675675675675675,12,0,0,0,2,0,10,6,5,0,0.18850877192982454
4078,ìnï”éjîV,2,40,6,4,4,0.17975000000000002,0,1,5,0,0,0,0,0,0,17,0.18850877192982454
4078,ìnï”éjîV,3,42,5,5,9,0.17904761904761907,0,1,4,0,0,0,0,0,0,0,0.18850877192982454
4078,ìnï”éjîV,4,40,2,4,4,0.183,0,1,0,0,0,1,0,0,0,0,0.18850877192982454
4078,ìnï”éjîV,5,36,2,1,4,0.19916666666666666,0,0,0,0,2,0,0,0,0,0,0.18850877192982454
4078,ìnï”éjîV,6,33,0,1,5,0.2306060606060606,0,0,0,0,0,0,0,0,0,0,0.18850877192982454
4079,èoî®çFìT,1,48,41,1,2,0.15041666666666667,38,1,0,0,2,0,2,2,2,0,0.15746031746031747
4079,èoî®çFìT,2,44,6,15,11,0.15681818181818183,0,3,2,0,1,0,0,0,0,30,0.15746031746031747
4079,èoî®çFìT,3,46,13,12,11,0.1534782608695652,0,0,4,8,1,0,0,0,0,0,0.15746031746031747
4079,èoî®çFìT,4,41,10,5,9,0.16341463414634147,0,4,2,3,1,0,0,0,0,0,0.15746031746031747
4079,èoî®çFìT,5,36,3,6,5,0.15416666666666667,0,0,1,2,0,0,0,0,0,0,0.15746031746031747
4079,èoî®çFìT,6,37,2,1,10,0.16891891891891891,0,0,0,1,0,1,0,0,0,0,0.15746031746031747
4080,éRçËìNéi,1,30,22,6,0,0.117,20,1,0,0,1,0,1,4,3,0,0.12908496732026145
4080,éRçËìNéi,2,27,7,8,4,0.13185185185185186,0,4,3,0,0,0,0,0,0,14,0.12908496732026145
4080,éRçËìNéi,3,31,8,8,3,0.12806451612903227,0,2,3,3,0,0,0,0,0,0,0.12908496732026145
4080,éRçËìNéi,4,24,4,8,2,0.13958333333333334,0,1,2,0,1,0,0,0,0,0,0.12908496732026145
4080,éRçËìNéi,5,20,2,4,5,0.12,0,0,0,2,0,0,0,0,0,0,0.12908496732026145
4080,éRçËìNéi,6,21,2,3,6,0.14095238095238094,0,0,0,2,0,0,0,0,0,0,0.12908496732026145
4081,îÛå˚îÕê≠,1,36,9,12,5,0.17694444444444446,9,0,0,0,0,0,11,9,5,0,0.19077551020408165
4081,îÛå˚îÕê≠,2,46,2,5,12,0.21282608695652172,0,0,1,0,0,1,0,0,0,18,0.19077551020408165
4081,îÛå˚îÕê≠,3,46,2,12,7,0.185,0,0,1,1,0,0,0,0,0,0,0.19077551020408165
4081,îÛå˚îÕê≠,4,43,0,1,12,0.1883720930232558,0,0,0,0,0,0,0,0,0,0,0.19077551020408165
4081,îÛå˚îÕê≠,5,40,3,0,8,0.17925,0,0,0,1,0,2,0,0,0,0,0.19077551020408165
4081,îÛå˚îÕê≠,6,34,1,0,2,0.19999999999999998,0,0,0,1,0,0,0,0,0,0,0.19077551020408165
4082,‡_çËêΩ,1,49,36,7,1,0.1736734693877551,34,0,0,0,2,0,5,6,2,0,0.1664963503649635
4082,‡_çËêΩ,2,49,7,14,9,0.1469387755102041,0,3,0,1,3,0,0,0,0,25,0.1664963503649635
4082,‡_çËêΩ,3,46,9,10,7,0.15956521739130433,0,1,4,4,0,0,0,0,0,0,0.1664963503649635
4082,‡_çËêΩ,4,48,4,10,13,0.16874999999999998,0,1,0,3,0,0,0,0,0,0,0.1664963503649635
4082,‡_çËêΩ,5,44,8,9,6,0.16613636363636364,0,2,1,5,0,0,0,0,0,0,0.1664963503649635
4082,‡_çËêΩ,6,38,1,1,5,0.18842105263157896,0,0,1,0,0,0,0,0,0,0,0.1664963503649635
4083,ïüìáóEé˜,1,35,30,2,2,0.12114285714285715,30,0,0,0,0,0,3,1,0,0,0.1584541062801932
4083,ïüìáóEé˜,2,31,5,13,3,0.1664516129032258,1,1,3,0,0,0,0,0,0,12,0.1584541062801932
4083,ïüìáóEé˜,3,37,12,10,5,0.17324324324324325,0,0,10,0,2,0,0,0,0,0,0.1584541062801932
4083,ïüìáóEé˜,4,36,3,10,7,0.15000000000000002,0,0,2,1,0,0,0,0,0,0,0.1584541062801932
4083,ïüìáóEé˜,5,34,4,8,4,0.1611764705882353,0,1,1,2,0,0,0,0,0,0,0.1584541062801932
4083,ïüìáóEé˜,6,34,3,6,7,0.1797058823529412,0,0,2,1,0,0,0,0,0,0,0.1584541062801932
4084,êôéRê≥é˜,1,62,42,6,2,0.15370967741935482,41,0,0,0,1,0,8,6,4,0,0.16323843416370107
4084,êôéRê≥é˜,2,49,7,15,14,0.16653061224489796,0,3,3,0,1,0,0,0,0,31,0.16323843416370107
4084,êôéRê≥é˜,3,42,8,11,10,0.14476190476190476,0,1,4,2,1,0,0,0,0,0,0.16323843416370107
4084,êôéRê≥é˜,4,44,11,12,9,0.1809090909090909,0,1,8,2,0,0,0,0,0,0,0.16323843416370107
4084,êôéRê≥é˜,5,42,3,9,11,0.16547619047619047,0,0,1,2,0,0,0,0,0,0,0.16323843416370107
4084,êôéRê≥é˜,6,42,5,7,11,0.1711904761904762,1,1,2,0,1,0,0,0,0,0,0.16323843416370107
4085,â¨ñÏóTâÓ,1,38,19,7,8,0.15657894736842107,18,0,0,0,1,0,5,4,8,0,0.19519417475728157
4085,â¨ñÏóTâÓ,2,29,4,12,2,0.1986206896551724,0,3,1,0,0,0,0,0,0,11,0.19519417475728157
4085,â¨ñÏóTâÓ,3,35,9,6,8,0.18085714285714286,0,0,3,4,2,0,0,0,0,0,0.19519417475728157
4085,â¨ñÏóTâÓ,4,37,2,9,6,0.22972972972972974,0,0,0,2,0,0,0,0,0,0,0.19519417475728157
4085,â¨ñÏóTâÓ,5,31,5,4,6,0.2161290322580645,0,1,0,3,1,0,0,0,0,0,0.19519417475728157
4085,â¨ñÏóTâÓ,6,36,2,3,7,0.19361111111111112,0,1,1,0,0,0,0,0,0,0,0.19519417475728157
4086,éõñ{èdêÈ,1,42,20,13,6,0.1280952380952381,20,0,0,0,0,0,5,6,7,0,0.15202764976958527
4086,éõñ{èdêÈ,2,34,6,10,8,0.15823529411764706,1,0,4,1,0,0,0,0,0,18,0.15202764976958527
4086,éõñ{èdêÈ,3,42,8,9,10,0.15833333333333335,0,2,0,4,2,0,0,0,0,0,0.15202764976958527
4086,éõñ{èdêÈ,4,29,3,2,9,0.1510344827586207,0,1,2,0,0,0,0,0,0,0,0.15202764976958527
4086,éõñ{èdêÈ,5,34,4,6,8,0.15676470588235294,0,0,0,4,0,0,0,0,0,0,0.15202764976958527
4086,éõñ{èdêÈ,6,36,0,3,7,0.16305555555555556,0,0,0,0,0,0,0,0,0,0,0.15202764976958527
4088,ñÏìcèÀéq,1,24,10,5,3,0.19375,9,0,0,0,1,0,2,5,6,0,0.19819672131147542
4088,ñÏìcèÀéq,2,40,4,6,6,0.1875,0,0,2,0,2,0,0,0,0,19,0.19819672131147542
4088,ñÏìcèÀéq,3,37,6,8,8,0.1681081081081081,0,1,4,1,0,0,0,0,0,0,0.19819672131147542
4088,ñÏìcèÀéq,4,24,1,1,7,0.18875,0,0,0,0,1,0,0,0,0,0,0.19819672131147542
4088,ñÏìcèÀéq,5,32,0,3,4,0.2290625,0,0,0,0,0,0,0,0,0,0,0.19819672131147542
4088,ñÏìcèÀéq,6,26,0,1,0,0.2323076923076923,0,0,0,0,0,0,0,0,0,0,0.19819672131147542
4089,ñÖîˆíâçK,1,54,34,6,8,0.16462962962962965,34,0,0,0,0,0,2,11,7,0,0.16359550561797753
4089,ñÖîˆíâçK,2,44,7,19,8,0.1315909090909091,0,6,1,0,0,0,0,0,0,28,0.16359550561797753
4089,ñÖîˆíâçK,3,41,5,17,3,0.15926829268292683,0,2,1,1,1,0,0,0,0,0,0.16359550561797753
4089,ñÖîˆíâçK,4,48,4,12,12,0.16208333333333333,0,3,0,0,1,0,0,0,0,0,0.16359550561797753
4089,ñÖîˆíâçK,5,41,1,9,11,0.17780487804878048,0,0,0,1,0,0,0,0,0,0,0.16359550561797753
4089,ñÖîˆíâçK,6,39,2,7,7,0.18974358974358976,0,0,0,2,0,0,0,0,0,0,0.16359550561797753
4090,íÜë∫ë∏,1,46,28,12,1,0.13347826086956524,25,0,0,0,3,0,4,8,4,0,0.13095652173913044
4090,íÜë∫ë∏,2,36,9,10,5,0.12916666666666668,0,6,2,1,0,0,0,0,0,17,0.13095652173913044
4090,íÜë∫ë∏,3,44,10,9,6,0.11045454545454546,0,0,5,5,0,0,0,0,0,0,0.13095652173913044
4090,íÜë∫ë∏,4,42,6,14,11,0.1285714285714286,0,0,5,0,1,0,0,0,0,0,0.13095652173913044
4090,íÜë∫ë∏,5,33,3,4,4,0.1387878787878788,0,1,1,0,1,0,0,0,0,0,0.13095652173913044
4090,íÜë∫ë∏,6,29,0,4,7,0.15482758620689657,0,0,0,0,0,0,0,0,0,0,0.13095652173913044
4091,çrìcë◊ñæ,1,27,15,0,2,0.1362962962962963,14,0,0,0,1,0,1,6,3,0,0.15447058823529414
4091,çrìcë◊ñæ,2,27,2,8,4,0.1562962962962963,0,2,0,0,0,0,0,0,0,9,0.15447058823529414
4091,çrìcë◊ñæ,3,28,2,8,3,0.12214285714285714,0,0,2,0,0,0,0,0,0,0,0.15447058823529414
4091,çrìcë◊ñæ,4,28,3,4,2,0.15392857142857144,0,1,2,0,0,0,0,0,0,0,0.15447058823529414
4091,çrìcë◊ñæ,5,28,1,0,3,0.16107142857142856,0,0,1,0,0,0,0,0,0,0,0.15447058823529414
4091,çrìcë◊ñæ,6,32,0,3,4,0.19125,0,0,0,0,0,0,0,0,0,0,0.15447058823529414
4092,â™ïîëÂï„,1,57,44,7,5,0.14947368421052631,44,0,0,0,0,0,3,6,3,0,0.16485714285714287
4092,â™ïîëÂï„,2,45,8,15,6,0.16533333333333333,0,7,1,0,0,0,0,0,0,27,0.16485714285714287
4092,â™ïîëÂï„,3,46,6,16,8,0.1565217391304348,0,1,1,4,0,0,0,0,0,0,0.16485714285714287
4092,â™ïîëÂï„,4,47,9,12,4,0.15765957446808512,0,4,2,3,0,0,0,0,0,0,0.16485714285714287
4092,â™ïîëÂï„,5,41,3,6,11,0.1551219512195122,0,0,0,2,1,0,0,0,0,0,0.16485714285714287
4092,â™ïîëÂï„,6,44,0,3,8,0.20977272727272728,0,0,0,0,0,0,0,0,0,0,0.16485714285714287
4093,ãgìcè@çO,1,35,11,9,5,0.188,9,0,0,0,2,0,7,9,4,0,0.1945771144278607
4093,ãgìcè@çO,2,34,5,7,6,0.20352941176470588,0,3,1,0,0,1,0,0,0,20,0.1945771144278607
4093,ãgìcè@çO,3,34,4,5,7,0.19470588235294117,0,0,1,2,1,0,0,0,0,0,0.1945771144278607
4093,ãgìcè@çO,4,32,2,3,7,0.174375,0,0,1,1,0,0,0,0,0,0,0.1945771144278607
4093,ãgìcè@çO,5,34,1,0,7,0.18676470588235294,0,0,1,0,0,0,0,0,0,0,0.1945771144278607
4093,ãgìcè@çO,6,32,1,4,3,0.22062500000000002,0,0,0,0,1,0,0,0,0,0,0.1945771144278607
4094,íÜìáê^ìÒ,1,24,6,8,3,0.1725,6,0,0,0,0,0,5,6,5,0,0.18466292134831458
4094,íÜìáê^ìÒ,2,35,5,8,6,0.18514285714285716,0,4,1,0,0,0,0,0,0,15,0.18466292134831458
4094,íÜìáê^ìÒ,3,28,0,6,6,0.17607142857142857,0,0,0,0,0,0,0,0,0,0,0.18466292134831458
4094,íÜìáê^ìÒ,4,34,2,7,7,0.17823529411764705,0,0,0,2,0,0,0,0,0,0,0.18466292134831458
4094,íÜìáê^ìÒ,5,30,1,3,6,0.18566666666666667,0,0,0,1,0,0,0,0,0,0,0.18466292134831458
4094,íÜìáê^ìÒ,6,27,1,0,3,0.21074074074074076,0,0,0,1,0,0,0,0,0,0,0.18466292134831458
4095,ïüóàçÑ,1,59,48,6,1,0.12389830508474577,44,0,0,0,4,0,1,1,5,0,0.13353383458646617
4095,ïüóàçÑ,2,41,16,12,6,0.1451219512195122,0,10,3,0,3,0,0,0,0,15,0.13353383458646617
4095,ïüóàçÑ,3,46,16,18,6,0.10673913043478261,0,0,5,8,3,0,0,0,0,0,0.13353383458646617
4095,ïüóàçÑ,4,36,11,8,9,0.145,0,2,1,7,1,0,0,0,0,0,0.13353383458646617
4095,ïüóàçÑ,5,41,7,7,11,0.1395121951219512,0,0,0,6,1,0,0,0,0,0,0.13353383458646617
4095,ïüóàçÑ,6,43,5,7,12,0.14906976744186046,0,0,0,4,1,0,0,0,0,0,0.13353383458646617
4096,êŒã¥ìπóF,1,56,47,3,3,0.14821428571428572,45,0,0,0,2,0,3,4,2,0,0.14991150442477877
4096,êŒã¥ìπóF,2,35,3,13,11,0.15085714285714286,0,0,1,0,2,0,0,0,0,23,0.14991150442477877
4096,êŒã¥ìπóF,3,30,3,10,6,0.14766666666666667,0,0,1,2,0,0,0,0,0,0,0.14991150442477877
4096,êŒã¥ìπóF,4,37,4,12,7,0.14351351351351352,0,2,2,0,0,0,0,0,0,0,0.14991150442477877
4096,êŒã¥ìπóF,5,34,4,7,11,0.14882352941176472,0,0,0,4,0,0,0,0,0,0,0.14991150442477877
4096,êŒã¥ìπóF,6,34,2,4,9,0.16176470588235295,0,0,1,1,0,0,0,0,0,0,0.14991150442477877
4097,ä—íníJíºêl,1,20,5,2,4,0.201,4,0,0,0,1,0,6,5,3,0,0.24007092198581562
4097,ä—íníJíºêl,2,21,3,2,3,0.20904761904761904,0,2,1,0,0,0,0,0,0,11,0.24007092198581562
4097,ä—íníJíºêl,3,30,1,2,5,0.24233333333333335,0,1,0,0,0,0,0,0,0,0,0.24007092198581562
4097,ä—íníJíºêl,4,23,1,1,3,0.26130434782608697,0,0,1,0,0,0,0,0,0,0,0.24007092198581562
4097,ä—íníJíºêl,5,27,0,2,6,0.2388888888888889,0,0,0,0,0,0,0,0,0,0,0.24007092198581562
4097,ä—íníJíºêl,6,20,0,1,0,0.2855,0,0,0,0,0,0,0,0,0,0,0.24007092198581562
4098,ê‘‡Vï∂çÅ,1,27,6,7,3,0.14555555555555555,6,0,0,0,0,0,6,8,4,0,0.19066265060240964
4098,ê‘‡Vï∂çÅ,2,30,1,3,8,0.17099999999999999,0,1,0,0,0,0,0,0,0,14,0.19066265060240964
4098,ê‘‡Vï∂çÅ,3,31,4,4,4,0.19548387096774192,0,1,3,0,0,0,0,0,0,0,0.19066265060240964
4098,ê‘‡Vï∂çÅ,4,31,1,6,4,0.1964516129032258,0,0,1,0,0,0,0,0,0,0,0.19066265060240964
4098,ê‘‡Vï∂çÅ,5,25,2,3,2,0.2116,0,0,1,1,0,0,0,0,0,0,0.19066265060240964
4098,ê‘‡Vï∂çÅ,6,22,0,0,1,0.2340909090909091,0,0,0,0,0,0,0,0,0,0,0.19066265060240964
4099,ãgâië•óY,1,53,43,3,3,0.17132075471698113,42,0,0,0,1,0,1,4,5,0,0.16382022471910113
4099,ãgâië•óY,2,41,5,20,10,0.175609756097561,0,2,2,0,0,1,0,0,0,24,0.16382022471910113
4099,ãgâië•óY,3,51,7,14,14,0.16686274509803922,0,0,1,5,0,1,0,0,0,0,0.16382022471910113
4099,ãgâië•óY,4,46,1,13,13,0.14565217391304347,0,1,0,0,0,0,0,0,0,0,0.16382022471910113
4099,ãgâië•óY,5,36,2,8,8,0.135,0,1,0,1,0,0,0,0,0,0,0.16382022471910113
4099,ãgâië•óY,6,40,0,7,9,0.18475,0,0,0,0,0,0,0,0,0,0,0.16382022471910113
4100,èºìcó≤éi,1,50,25,13,3,0.1562,23,1,0,0,1,0,7,9,7,0,0.1649802371541502
4100,èºìcó≤éi,2,42,6,13,10,0.15023809523809523,0,4,1,0,1,0,0,0,0,22,0.1649802371541502
4100,èºìcó≤éi,3,40,8,7,11,0.13725,0,0,5,3,0,0,0,0,0,0,0.1649802371541502
4100,èºìcó≤éi,4,42,3,5,10,0.18476190476190477,0,2,1,0,0,0,0,0,0,0,0.1649802371541502
4100,èºìcó≤éi,5,37,2,3,8,0.17432432432432432,0,0,0,2,0,0,0,0,0,0,0.1649802371541502
4100,èºìcó≤éi,6,42,1,5,6,0.18857142857142856,0,1,0,0,0,0,0,0,0,0,0.1649802371541502
4101,éOà‰èäë∏èt,1,8,6,1,1,0.21875,6,0,0,0,0,0,1,0,1,0,0.20266666666666666
4101,éOà‰èäë∏èt,2,8,0,2,1,0.16875,0,0,0,0,0,0,0,0,0,8,0.20266666666666666
4101,éOà‰èäë∏èt,3,7,2,1,1,0.21714285714285714,0,0,1,1,0,0,0,0,0,0,0.20266666666666666
4101,éOà‰èäë∏èt,4,6,1,0,1,0.21,0,0,1,0,0,0,0,0,0,0,0.20266666666666666
4101,éOà‰èäë∏èt,5,9,1,0,0,0.21666666666666667,0,0,1,0,0,0,0,0,0,0,0.20266666666666666
4101,éOà‰èäë∏èt,6,7,1,1,2,0.1842857142857143,0,0,1,0,0,0,0,0,0,0,0.20266666666666666
4102,âvìcå[éi,1,73,56,12,3,0.11945205479452056,53,0,2,0,1,0,9,3,4,0,0.14145569620253165
4102,âvìcå[éi,2,61,24,13,8,0.14344262295081966,0,12,9,2,1,0,0,0,0,28,0.14145569620253165
4102,âvìcå[éi,3,49,13,13,11,0.1416326530612245,0,0,9,4,0,0,0,0,0,0,0.14145569620253165
4102,âvìcå[éi,4,48,11,10,9,0.13458333333333333,0,1,8,1,1,0,0,0,0,0,0.14145569620253165
4102,âvìcå[éi,5,45,8,7,10,0.1522222222222222,0,0,3,4,1,0,0,0,0,0,0.14145569620253165
4102,âvìcå[éi,6,40,2,4,6,0.17450000000000002,0,0,0,2,0,0,0,0,0,0,0.14145569620253165
4103,éRçËëPóf,1,29,7,7,5,0.19310344827586207,7,0,0,0,0,0,6,5,9,0,0.21287958115183248
4103,éRçËëPóf,2,35,3,6,11,0.21142857142857144,0,3,0,0,0,0,0,0,0,12,0.21287958115183248
4103,éRçËëPóf,3,34,0,4,10,0.19176470588235295,0,0,0,0,0,0,0,0,0,0,0.21287958115183248
4103,éRçËëPóf,4,33,3,1,6,0.21424242424242426,0,1,0,2,0,0,0,0,0,0,0.21287958115183248
4103,éRçËëPóf,5,31,0,2,8,0.2170967741935484,0,0,0,0,0,0,0,0,0,0,0.21287958115183248
4103,éRçËëPóf,6,29,0,1,4,0.25310344827586206,0,0,0,0,0,0,0,0,0,0,0.21287958115183248
4104,ñÿâ∫ózâÓ,1,30,10,7,3,0.15533333333333335,9,0,0,0,0,1,8,5,3,0,0.14823529411764705
4104,ñÿâ∫ózâÓ,2,27,1,6,2,0.15296296296296297,0,0,0,0,1,0,0,0,0,14,0.14823529411764705
4104,ñÿâ∫ózâÓ,3,30,2,7,8,0.13933333333333334,0,0,1,1,0,0,0,0,0,0,0.14823529411764705
4104,ñÿâ∫ózâÓ,4,28,3,2,2,0.13,0,0,3,0,0,0,0,0,0,0,0.14823529411764705
4104,ñÿâ∫ózâÓ,5,29,0,5,3,0.14448275862068966,0,0,0,0,0,0,0,0,0,0,0.14823529411764705
4104,ñÿâ∫ózâÓ,6,26,1,5,3,0.16923076923076924,0,0,1,0,0,0,0,0,0,0,0.14823529411764705
4105,èºâ∫íºñÁ,1,39,12,10,5,0.1823076923076923,11,0,0,0,1,0,3,10,10,0,0.18293436293436294
4105,èºâ∫íºñÁ,2,49,5,13,13,0.1663265306122449,0,3,1,0,0,1,0,0,0,25,0.18293436293436294
4105,èºâ∫íºñÁ,3,45,4,12,12,0.17266666666666666,0,0,2,2,0,0,0,0,0,0,0.18293436293436294
4105,èºâ∫íºñÁ,4,44,3,10,9,0.16977272727272727,0,0,0,2,1,0,0,0,0,0,0.18293436293436294
4105,èºâ∫íºñÁ,5,43,2,5,11,0.19511627906976745,0,1,0,1,0,0,0,0,0,0,0.18293436293436294
4105,èºâ∫íºñÁ,6,39,1,2,8,0.21769230769230768,0,0,0,1,0,0,0,0,0,0,0.18293436293436294
4106,ç‚à‰çNék,1,26,11,7,1,0.1776923076923077,11,0,0,0,0,0,4,4,6,0,0.1862921348314607
4106,ç‚à‰çNék,2,33,5,4,3,0.1824242424242424,1,2,0,0,2,0,0,0,0,13,0.1862921348314607
4106,ç‚à‰çNék,3,28,4,5,5,0.1867857142857143,0,0,2,1,1,0,0,0,0,0,0.1862921348314607
4106,ç‚à‰çNék,4,29,4,4,4,0.18758620689655173,1,0,1,2,0,0,0,0,0,0,0.1862921348314607
4106,ç‚à‰çNék,5,35,1,5,7,0.186,0,1,0,0,0,0,0,0,0,0,0.1862921348314607
4106,ç‚à‰çNék,6,27,1,1,2,0.19777777777777777,0,0,0,1,0,0,0,0,0,0,0.1862921348314607
4108,ãgë∫ê≥ñæ,1,55,45,4,2,0.13836363636363638,44,0,0,0,1,0,4,2,2,0,0.14423868312757201
4108,ãgë∫ê≥ñæ,2,41,8,11,8,0.144390243902439,1,1,5,0,1,0,0,0,0,28,0.14423868312757201
4108,ãgë∫ê≥ñæ,3,42,8,6,11,0.1542857142857143,0,1,2,5,0,0,0,0,0,0,0.14423868312757201
4108,ãgë∫ê≥ñæ,4,44,6,13,12,0.13363636363636364,0,2,3,1,0,0,0,0,0,0,0.14423868312757201
4108,ãgë∫ê≥ñæ,5,32,1,8,9,0.14625,0,0,0,1,0,0,0,0,0,0,0.14423868312757201
4108,ãgë∫ê≥ñæ,6,29,1,6,3,0.15448275862068966,0,0,0,1,0,0,0,0,0,0,0.14423868312757201
4109,íJí√çKçG,1,54,39,8,4,0.13648148148148148,36,0,0,0,3,0,5,5,3,0,0.14501845018450182
4109,íJí√çKçG,2,47,11,16,6,0.14148936170212767,0,6,4,0,1,0,0,0,0,20,0.14501845018450182
4109,íJí√çKçG,3,47,7,10,9,0.14595744680851064,0,0,1,3,2,1,0,0,0,0,0.14501845018450182
4109,íJí√çKçG,4,46,3,4,14,0.1417391304347826,0,0,2,1,0,0,0,0,0,0,0.14501845018450182
4109,íJí√çKçG,5,41,3,9,7,0.1497560975609756,0,0,3,0,0,0,0,0,0,0,0.14501845018450182
4109,íJí√çKçG,6,36,4,1,9,0.16,0,0,1,3,0,0,0,0,0,0,0.14501845018450182
4110,è¨‡VòañÁ,1,30,10,9,4,0.128,10,0,0,0,0,0,7,5,6,0,0.15202970297029703
4110,è¨‡VòañÁ,2,36,2,11,7,0.16,0,2,0,0,0,0,0,0,0,19,0.15202970297029703
4110,è¨‡VòañÁ,3,36,0,7,6,0.15777777777777777,0,0,0,0,0,0,0,0,0,0,0.15202970297029703
4110,è¨‡VòañÁ,4,33,3,3,6,0.1509090909090909,0,0,0,2,1,0,0,0,0,0,0.15202970297029703
4110,è¨‡VòañÁ,5,39,4,3,7,0.1694871794871795,0,0,1,2,1,0,0,0,0,0,0.15202970297029703
4110,è¨‡VòañÁ,6,28,2,3,5,0.13714285714285715,0,0,0,1,0,1,0,0,0,0,0.15202970297029703
4111,âúìcêΩ,1,39,19,11,2,0.16641025641025642,19,0,0,0,0,0,6,6,5,0,0.19872727272727272
4111,âúìcêΩ,2,36,2,11,7,0.17277777777777778,0,1,0,0,1,0,0,0,0,26,0.19872727272727272
4111,âúìcêΩ,3,35,2,8,7,0.19799999999999998,0,0,0,1,1,0,0,0,0,0,0.19872727272727272
4111,âúìcêΩ,4,41,3,7,5,0.21,0,1,1,0,1,0,0,0,0,0,0.19872727272727272
4111,âúìcêΩ,5,36,0,3,10,0.21000000000000002,0,0,0,0,0,0,0,0,0,0,0.19872727272727272
4111,âúìcêΩ,6,33,1,4,3,0.23969696969696971,0,0,0,1,0,0,0,0,0,0,0.19872727272727272
4112,ëÂãvï€êMàÍòY,1,48,23,12,4,0.15145833333333333,19,0,0,0,4,0,7,8,9,0,0.1704983388704319
4112,ëÂãvï€êMàÍòY,2,57,9,17,11,0.17315789473684212,0,6,1,0,2,0,0,0,0,33,0.1704983388704319
4112,ëÂãvï€êMàÍòY,3,53,8,16,18,0.15226415094339624,0,0,4,4,0,0,0,0,0,0,0.1704983388704319
4112,ëÂãvï€êMàÍòY,4,55,4,15,12,0.17236363636363636,0,0,2,1,1,0,0,0,0,0,0.1704983388704319
4112,ëÂãvï€êMàÍòY,5,43,1,8,12,0.17976744186046512,0,0,0,0,1,0,0,0,0,0,0.1704983388704319
4112,ëÂãvï€êMàÍòY,6,45,3,5,4,0.19777777777777777,0,0,2,1,0,0,0,0,0,0,0.1704983388704319
4113,ñÿë∫ç_ém,1,47,23,14,3,0.1695744680851064,22,0,0,0,1,0,3,10,10,0,0.1780597014925373
4113,ñÿë∫ç_ém,2,42,4,8,10,0.1819047619047619,0,2,2,0,0,0,0,0,0,18,0.1780597014925373
4113,ñÿë∫ç_ém,3,52,8,12,10,0.18634615384615383,0,2,3,2,1,0,0,0,0,0,0.1780597014925373
4113,ñÿë∫ç_ém,4,41,1,9,10,0.1897560975609756,0,0,1,0,0,0,0,0,0,0,0.1780597014925373
4113,ñÿë∫ç_ém,5,43,0,2,11,0.17046511627906977,0,0,0,0,0,0,0,0,0,0,0.1780597014925373
4113,ñÿë∫ç_ém,6,43,0,4,12,0.17,0,0,0,0,0,0,0,0,0,0,0.1780597014925373
4114,ê[‡VíBìø,1,27,13,4,3,0.18555555555555556,12,0,0,0,1,0,6,6,0,0,0.20169590643274854
4114,ê[‡VíBìø,2,24,3,5,5,0.19125,0,3,0,0,0,0,0,0,0,11,0.20169590643274854
4114,ê[‡VíBìø,3,30,5,4,5,0.17099999999999999,0,0,0,5,0,0,0,0,0,0,0.20169590643274854
4114,ê[‡VíBìø,4,21,1,5,3,0.18857142857142856,0,0,0,0,1,0,0,0,0,0,0.20169590643274854
4114,ê[‡VíBìø,5,25,0,3,1,0.212,0,0,0,0,0,0,0,0,0,0,0.20169590643274854
4114,ê[‡VíBìø,6,44,1,1,14,0.23863636363636365,0,0,0,1,0,0,0,0,0,0,0.20169590643274854
4116,êÏìcê≥êl,1,49,29,9,5,0.17469387755102042,28,0,0,0,0,1,6,7,5,0,0.17941176470588235
4116,êÏìcê≥êl,2,44,2,14,7,0.16522727272727275,0,2,0,0,0,0,0,0,0,25,0.17941176470588235
4116,êÏìcê≥êl,3,40,6,7,10,0.17075,0,1,4,1,0,0,0,0,0,0,0.17941176470588235
4116,êÏìcê≥êl,4,42,5,7,13,0.19285714285714284,0,1,2,2,0,0,0,0,0,0,0.17941176470588235
4116,êÏìcê≥êl,5,43,3,5,9,0.18651162790697673,0,0,2,1,0,0,0,0,0,0,0.17941176470588235
4116,êÏìcê≥êl,6,37,1,1,4,0.18837837837837837,0,0,0,1,0,0,0,0,0,0,0.17941176470588235
4117,úAíÜíqé—àﬂ,1,37,21,6,1,0.2,18,0,0,0,3,0,5,9,2,0,0.20166666666666666
4117,úAíÜíqé—àﬂ,2,25,4,7,4,0.1924,0,2,2,0,0,0,0,0,0,14,0.20166666666666666
4117,úAíÜíqé—àﬂ,3,31,1,9,6,0.20806451612903226,0,0,0,1,0,0,0,0,0,0,0.20166666666666666
4117,úAíÜíqé—àﬂ,4,25,3,7,11,0.214,0,0,1,2,0,0,0,0,0,0,0.20166666666666666
4117,úAíÜíqé—àﬂ,5,29,2,6,7,0.18448275862068964,0,0,0,1,1,0,0,0,0,0,0.20166666666666666
4117,úAíÜíqé—àﬂ,6,33,1,3,8,0.21030303030303032,0,0,0,0,1,0,0,0,0,0,0.20166666666666666
4118,âFç≤å©è~,1,56,35,12,3,0.13392857142857142,34,0,0,0,1,0,3,9,8,0,0.14231578947368423
4118,âFç≤å©è~,2,44,8,14,5,0.15,0,5,3,0,0,0,0,0,0,24,0.14231578947368423
4118,âFç≤å©è~,3,51,5,9,13,0.15254901960784314,0,0,1,3,1,0,0,0,0,0,0.14231578947368423
4118,âFç≤å©è~,4,46,3,9,14,0.1356521739130435,0,0,2,1,0,0,0,0,0,0,0.14231578947368423
4118,âFç≤å©è~,5,46,5,7,7,0.1476086956521739,0,3,1,1,0,0,0,0,0,0,0.14231578947368423
4118,âFç≤å©è~,6,42,3,4,9,0.13452380952380955,0,0,2,1,0,0,0,0,0,0,0.14231578947368423
4119,ìDíJàÍãB,1,22,9,1,7,0.15954545454545455,9,0,0,0,0,0,4,3,4,0,0.18051948051948052
4119,ìDíJàÍãB,2,24,3,5,3,0.15708333333333332,0,1,1,0,1,0,0,0,0,17,0.18051948051948052
4119,ìDíJàÍãB,3,22,2,5,3,0.1559090909090909,0,2,0,0,0,0,0,0,0,0,0.18051948051948052
4119,ìDíJàÍãB,4,26,3,3,6,0.20346153846153847,0,1,2,0,0,0,0,0,0,0,0.18051948051948052
4119,ìDíJàÍãB,5,28,0,3,2,0.16999999999999998,0,0,0,0,0,0,0,0,0,0,0.18051948051948052
4119,ìDíJàÍãB,6,32,1,2,2,0.22,0,0,1,0,0,0,0,0,0,0,0.18051948051948052
4120,í—êAê≠ç_,1,50,28,11,7,0.16879999999999998,26,0,0,1,1,0,9,3,9,0,0.16759541984732826
4120,í—êAê≠ç_,2,48,9,14,5,0.15645833333333334,0,5,4,0,0,0,0,0,0,24,0.16759541984732826
4120,í—êAê≠ç_,3,51,7,12,10,0.15215686274509804,0,0,3,3,0,1,0,0,0,0,0.16759541984732826
4120,í—êAê≠ç_,4,41,3,5,17,0.17365853658536587,0,2,0,1,0,0,0,0,0,0,0.16759541984732826
4120,í—êAê≠ç_,5,38,3,6,6,0.1718421052631579,0,0,0,2,1,0,0,0,0,0,0.16759541984732826
4120,í—êAê≠ç_,6,34,0,3,7,0.1926470588235294,0,0,0,0,0,0,0,0,0,0,0.16759541984732826
4121,ïxâièCàÍ,1,41,26,10,1,0.11341463414634147,23,0,0,0,3,0,2,4,8,0,0.12612
4121,ïxâièCàÍ,2,43,5,15,12,0.1341860465116279,0,3,1,0,1,0,0,0,0,25,0.12612
4121,ïxâièCàÍ,3,44,5,6,14,0.14136363636363636,0,3,2,0,0,0,0,0,0,0,0.12612
4121,ïxâièCàÍ,4,41,6,9,10,0.11,0,2,3,1,0,0,0,0,0,0,0.12612
4121,ïxâièCàÍ,5,42,3,5,9,0.13095238095238096,0,1,2,0,0,0,0,0,0,0,0.12612
4121,ïxâièCàÍ,6,39,3,3,2,0.12512820512820513,0,0,2,1,0,0,0,0,0,0,0.12612
4122,à¿ìåçKé°,1,34,16,6,4,0.16970588235294115,14,0,0,0,2,0,9,4,4,0,0.1732
4122,à¿ìåçKé°,2,36,9,10,4,0.17527777777777775,0,8,1,0,0,0,0,0,0,19,0.1732
4122,à¿ìåçKé°,3,46,6,14,10,0.165,0,0,3,1,2,0,0,0,0,0,0.1732
4122,à¿ìåçKé°,4,39,6,9,4,0.16589743589743589,0,2,3,1,0,0,0,0,0,0,0.1732
4122,à¿ìåçKé°,5,35,0,4,5,0.18314285714285714,0,0,0,0,0,0,0,0,0,0,0.1732
4122,à¿ìåçKé°,6,35,1,5,5,0.1834285714285714,0,0,0,1,0,0,0,0,0,0,0.1732
4123,ç◊êÏóTéq,1,69,45,12,4,0.17797101449275363,43,1,0,0,1,0,9,7,7,0,0.17581227436823105
4123,ç◊êÏóTéq,2,50,19,13,7,0.17739999999999997,0,12,5,0,2,0,0,0,0,22,0.17581227436823105
4123,ç◊êÏóTéq,3,45,8,16,9,0.17377777777777778,0,0,3,4,1,0,0,0,0,0,0.17581227436823105
4123,ç◊êÏóTéq,4,38,5,9,11,0.17078947368421052,0,0,4,1,0,0,0,0,0,0,0.17581227436823105
4123,ç◊êÏóTéq,5,41,4,8,10,0.17926829268292685,0,1,1,2,0,0,0,0,0,0,0.17581227436823105
4123,ç◊êÏóTéq,6,34,3,6,10,0.17323529411764704,0,0,1,2,0,0,0,0,0,0,0.17581227436823105
4124,írìcóYàÍ,1,44,24,5,8,0.15409090909090908,23,0,0,0,1,0,5,4,8,0,0.1532608695652174
4124,írìcóYàÍ,2,33,6,10,6,0.14212121212121212,0,3,2,1,0,0,0,0,0,17,0.1532608695652174
4124,írìcóYàÍ,3,39,11,7,11,0.14974358974358973,0,2,5,3,1,0,0,0,0,0,0.1532608695652174
4124,írìcóYàÍ,4,41,4,13,6,0.14195121951219514,0,1,0,3,0,0,0,0,0,0,0.1532608695652174
4124,írìcóYàÍ,5,34,3,7,6,0.16470588235294117,0,0,0,2,1,0,0,0,0,0,0.1532608695652174
4124,írìcóYàÍ,6,39,8,3,4,0.1671794871794872,0,2,1,4,1,0,0,0,0,0,0.1532608695652174
4126,ãgñ{óÊèè,1,31,8,10,3,0.16193548387096776,8,0,0,0,0,0,10,3,6,0,0.16495535714285717
4126,ãgñ{óÊèè,2,44,3,4,8,0.17363636363636362,0,1,2,0,0,0,0,0,0,23,0.16495535714285717
4126,ãgñ{óÊèè,3,39,3,0,10,0.16794871794871793,0,0,1,1,1,0,0,0,0,0,0.16495535714285717
4126,ãgñ{óÊèè,4,39,2,4,7,0.14333333333333334,0,1,1,0,0,0,0,0,0,0,0.16495535714285717
4126,ãgñ{óÊèè,5,39,1,5,1,0.1646153846153846,0,0,0,1,0,0,0,0,0,0,0.16495535714285717
4126,ãgñ{óÊèè,6,32,0,1,1,0.1790625,0,0,0,0,0,0,0,0,0,0,0.16495535714285717
4128,êÏå˚ãMãv,1,23,11,4,0,0.12913043478260872,10,0,0,0,1,0,2,4,3,0,0.14565217391304347
4128,êÏå˚ãMãv,2,31,2,9,3,0.15290322580645163,0,1,1,0,0,0,0,0,0,21,0.14565217391304347
4128,êÏå˚ãMãv,3,24,4,5,3,0.1475,0,0,0,4,0,0,0,0,0,0,0.14565217391304347
4128,êÏå˚ãMãv,4,26,4,4,6,0.1280769230769231,0,1,2,1,0,0,0,0,0,0,0.14565217391304347
4128,êÏå˚ãMãv,5,30,0,2,9,0.14633333333333332,0,0,0,0,0,0,0,0,0,0,0.14565217391304347
4128,êÏå˚ãMãv,6,27,1,3,3,0.16592592592592595,0,0,0,1,0,0,0,0,0,0,0.14565217391304347
4129,âFñÏîéîV,1,32,9,7,3,0.170625,9,0,0,0,0,0,7,6,7,0,0.1778280542986425
4129,âFñÏîéîV,2,43,6,13,6,0.17534883720930233,0,3,3,0,0,0,0,0,0,25,0.1778280542986425
4129,âFñÏîéîV,3,36,5,7,5,0.14416666666666667,0,0,1,3,1,0,0,0,0,0,0.1778280542986425
4129,âFñÏîéîV,4,36,0,3,7,0.19083333333333333,0,0,0,0,0,0,0,0,0,0,0.1778280542986425
4129,âFñÏîéîV,5,40,2,3,5,0.17850000000000002,0,0,0,2,0,0,0,0,0,0,0.1778280542986425
4129,âFñÏîéîV,6,34,0,0,3,0.20882352941176469,0,0,0,0,0,0,0,0,0,0,0.1778280542986425
4131,å¥ñLìy,1,43,28,4,4,0.16534883720930232,27,0,0,0,1,0,2,6,3,0,0.15756862745098038
4131,å¥ñLìy,2,44,14,8,6,0.135,0,6,4,1,3,0,0,0,0,19,0.15756862745098038
4131,å¥ñLìy,3,45,10,13,12,0.1468888888888889,0,3,2,3,2,0,0,0,0,0,0.15756862745098038
4131,å¥ñLìy,4,45,3,11,8,0.15133333333333335,0,0,0,3,0,0,0,0,0,0,0.15756862745098038
4131,å¥ñLìy,5,42,3,8,11,0.17357142857142857,0,0,0,3,0,0,0,0,0,0,0.15756862745098038
4131,å¥ñLìy,6,36,1,5,6,0.17833333333333334,0,0,0,0,1,0,0,0,0,0,0.15756862745098038
4133,çÇã¥ê≥íj,1,52,36,9,3,0.1580769230769231,35,0,0,0,1,0,4,3,5,0,0.1553225806451613
4133,çÇã¥ê≥íj,2,38,6,15,4,0.17500000000000002,0,4,2,0,0,0,0,0,0,18,0.1553225806451613
4133,çÇã¥ê≥íj,3,40,9,10,7,0.1335,0,0,1,6,2,0,0,0,0,0,0.1553225806451613
4133,çÇã¥ê≥íj,4,47,10,12,13,0.14085106382978724,0,3,3,3,0,1,0,0,0,0,0.1553225806451613
4133,çÇã¥ê≥íj,5,30,2,7,9,0.15600000000000003,0,0,0,2,0,0,0,0,0,0,0.1553225806451613
4133,çÇã¥ê≥íj,6,41,2,5,10,0.17097560975609755,0,1,1,0,0,0,0,0,0,0,0.1553225806451613
4134,êôéRãMîé,1,44,29,8,4,0.14295454545454545,27,0,0,0,2,0,3,1,8,0,0.15826666666666667
4134,êôéRãMîé,2,34,6,12,5,0.14735294117647058,1,3,2,0,0,0,0,0,0,14,0.15826666666666667
4134,êôéRãMîé,3,37,9,13,4,0.13945945945945945,0,3,2,2,2,0,0,0,0,0,0.15826666666666667
4134,êôéRãMîé,4,38,5,9,11,0.17078947368421052,0,2,2,1,0,0,0,0,0,0,0.15826666666666667
4134,êôéRãMîé,5,30,3,3,6,0.164,0,0,0,3,0,0,0,0,0,0,0.15826666666666667
4134,êôéRãMîé,6,42,0,2,13,0.1842857142857143,0,0,0,0,0,0,0,0,0,0,0.15826666666666667
4136,ç]âƒñû,1,60,45,9,2,0.13766666666666666,45,0,0,0,0,0,5,5,3,0,0.15217898832684826
4136,ç]âƒñû,2,47,10,16,8,0.1548936170212766,0,6,2,0,2,0,0,0,0,22,0.15217898832684826
4136,ç]âƒñû,3,39,12,8,9,0.13384615384615384,0,2,2,8,0,0,0,0,0,0,0.15217898832684826
4136,ç]âƒñû,4,41,4,8,14,0.18243902439024393,0,1,2,0,1,0,0,0,0,0,0.15217898832684826
4136,ç]âƒñû,5,36,0,6,12,0.15583333333333335,0,0,0,0,0,0,0,0,0,0,0.15217898832684826
4136,ç]âƒñû,6,34,1,8,12,0.15470588235294117,0,0,0,1,0,0,0,0,0,0,0.15217898832684826
4137,åNìáèGéO,1,62,42,11,5,0.14112903225806453,41,0,0,0,1,0,10,4,2,0,0.129010989010989
4137,åNìáèGéO,2,46,7,14,7,0.1389130434782609,0,1,4,0,1,1,0,0,0,28,0.129010989010989
4137,åNìáèGéO,3,43,9,13,8,0.11232558139534884,0,1,5,3,0,0,0,0,0,0,0.129010989010989
4137,åNìáèGéO,4,41,9,8,8,0.11634146341463415,0,2,3,4,0,0,0,0,0,0,0.129010989010989
4137,åNìáèGéO,5,38,3,2,8,0.12447368421052633,0,0,1,2,0,0,0,0,0,0,0.129010989010989
4137,åNìáèGéO,6,43,4,4,15,0.13372093023255813,0,0,2,2,0,0,0,0,0,0,0.129010989010989
4138,íÜà‰èróS,1,27,10,6,2,0.14185185185185187,10,0,0,0,0,0,5,4,6,0,0.15223880597014927
4138,íÜà‰èróS,2,37,2,6,8,0.1583783783783784,0,0,1,0,0,1,0,0,0,25,0.15223880597014927
4138,íÜà‰èróS,3,39,2,8,10,0.1882051282051282,0,0,0,1,0,1,0,0,0,0,0.15223880597014927
4138,íÜà‰èróS,4,36,3,3,4,0.14416666666666667,0,0,3,0,0,0,0,0,0,0,0.15223880597014927
4138,íÜà‰èróS,5,33,3,3,4,0.13545454545454544,0,0,1,0,2,0,0,0,0,0,0.15223880597014927
4138,íÜà‰èróS,6,29,0,2,4,0.13482758620689655,0,0,0,0,0,0,0,0,0,0,0.15223880597014927
4139,íOâ∫åí,1,42,20,6,5,0.16785714285714284,20,0,0,0,0,0,7,6,7,0,0.16948616600790514
4139,íOâ∫åí,2,47,2,7,15,0.17659574468085107,0,2,0,0,0,0,0,0,0,28,0.16948616600790514
4139,íOâ∫åí,3,48,2,7,13,0.16041666666666668,0,1,0,0,1,0,0,0,0,0,0.16948616600790514
4139,íOâ∫åí,4,40,4,6,8,0.16025,0,3,1,0,0,0,0,0,0,0,0.16948616600790514
4139,íOâ∫åí,5,39,3,2,5,0.17128205128205126,0,0,1,2,0,0,0,0,0,0,0.16948616600790514
4139,íOâ∫åí,6,37,0,4,3,0.18216216216216216,0,0,0,0,0,0,0,0,0,0,0.16948616600790514
4140,äÅñÏäwéu,1,47,35,6,3,0.14212765957446807,34,0,0,0,1,0,4,4,3,0,0.1506140350877193
4140,äÅñÏäwéu,2,35,8,10,9,0.1662857142857143,0,5,1,0,2,0,0,0,0,19,0.1506140350877193
4140,äÅñÏäwéu,3,38,7,14,6,0.14526315789473684,0,1,3,1,2,0,0,0,0,0,0.1506140350877193
4140,äÅñÏäwéu,4,31,3,9,6,0.15000000000000002,0,0,2,1,0,0,0,0,0,0,0.1506140350877193
4140,äÅñÏäwéu,5,43,7,6,7,0.14813953488372092,0,0,1,6,0,0,0,0,0,0,0.1506140350877193
4140,äÅñÏäwéu,6,34,1,5,14,0.15588235294117647,0,0,1,0,0,0,0,0,0,0,0.1506140350877193
4142,ïΩñÏòañæ,1,53,32,13,3,0.16264150943396224,30,0,0,0,2,0,9,5,7,0,0.18390845070422537
4142,ïΩñÏòañæ,2,61,4,17,14,0.17262295081967213,0,3,1,0,0,0,0,0,0,37,0.18390845070422537
4142,ïΩñÏòañæ,3,41,4,10,14,0.18439024390243905,0,0,3,1,0,0,0,0,0,0,0.18390845070422537
4142,ïΩñÏòañæ,4,41,2,6,15,0.18634146341463417,0,0,0,2,0,0,0,0,0,0,0.18390845070422537
4142,ïΩñÏòañæ,5,42,0,7,6,0.1980952380952381,0,0,0,0,0,0,0,0,0,0,0.18390845070422537
4142,ïΩñÏòañæ,6,46,3,1,10,0.20782608695652174,0,0,0,2,0,1,0,0,0,0,0.18390845070422537
4143,âYìcçWék,1,28,11,7,2,0.12535714285714286,11,0,0,0,0,0,4,3,8,0,0.14899038461538464
4143,âYìcçWék,2,40,5,7,6,0.159,0,1,4,0,0,0,0,0,0,19,0.14899038461538464
4143,âYìcçWék,3,34,4,3,4,0.1673529411764706,0,0,3,0,1,0,0,0,0,0,0.14899038461538464
4143,âYìcçWék,4,34,6,5,6,0.11264705882352942,0,1,5,0,0,0,0,0,0,0,0.14899038461538464
4143,âYìcçWék,5,44,3,5,6,0.15409090909090908,0,0,2,1,0,0,0,0,0,0,0.14899038461538464
4143,âYìcçWék,6,28,0,2,3,0.17214285714285715,0,0,0,0,0,0,0,0,0,0,0.14899038461538464
4144,êŒíÀãvñÁ,1,19,14,4,0,0.12578947368421053,14,0,0,0,0,0,3,1,1,0,0.15675438596491229
4144,êŒíÀãvñÁ,2,24,3,12,3,0.17625000000000002,0,0,3,0,0,0,0,0,0,12,0.15675438596491229
4144,êŒíÀãvñÁ,3,14,3,5,3,0.17357142857142857,0,1,2,0,0,0,0,0,0,0,0.15675438596491229
4144,êŒíÀãvñÁ,4,19,1,4,3,0.14210526315789473,0,0,1,0,0,0,0,0,0,0,0.15675438596491229
4144,êŒíÀãvñÁ,5,20,0,3,7,0.1585,0,0,0,0,0,0,0,0,0,0,0.15675438596491229
4144,êŒíÀãvñÁ,6,18,2,3,3,0.1638888888888889,0,0,2,0,0,0,0,0,0,0,0.15675438596491229
4145,è¨‡Väw,1,32,3,7,7,0.263125,3,0,0,0,0,0,10,7,8,0,0.2583177570093458
4145,è¨‡Väw,2,41,5,6,11,0.2678048780487805,0,3,1,0,1,0,0,0,0,19,0.2583177570093458
4145,è¨‡Väw,3,40,0,7,4,0.25175000000000003,0,0,0,0,0,0,0,0,0,0,0.2583177570093458
4145,è¨‡Väw,4,36,0,2,4,0.24805555555555556,0,0,0,0,0,0,0,0,0,0,0.2583177570093458
4145,è¨‡Väw,5,36,0,3,4,0.26,0,0,0,0,0,0,0,0,0,0,0.2583177570093458
4145,è¨‡Väw,6,29,0,0,3,0.2593103448275862,0,0,0,0,0,0,0,0,0,0,0.2583177570093458
4146,ñˆã¥çGãI,1,29,12,5,3,0.17206896551724138,12,0,0,0,0,0,9,4,4,0,0.16368159203980098
4146,ñˆã¥çGãI,2,38,2,11,6,0.13921052631578948,0,1,1,0,0,0,0,0,0,21,0.16368159203980098
4146,ñˆã¥çGãI,3,34,3,9,6,0.15352941176470591,0,0,0,3,0,0,0,0,0,0,0.16368159203980098
4146,ñˆã¥çGãI,4,29,1,3,13,0.18896551724137933,0,0,1,0,0,0,0,0,0,0,0.16368159203980098
4146,ñˆã¥çGãI,5,38,0,3,8,0.1713157894736842,0,0,0,0,0,0,0,0,0,0,0.16368159203980098
4146,ñˆã¥çGãI,6,33,0,1,5,0.16393939393939394,0,0,0,0,0,0,0,0,0,0,0.16368159203980098
4148,é}îˆå´,1,63,44,11,6,0.1277777777777778,38,0,0,0,6,0,6,5,5,0,0.13261168384879726
4148,é}îˆå´,2,50,10,17,11,0.14800000000000002,0,4,5,0,1,0,0,0,0,27,0.13261168384879726
4148,é}îˆå´,3,46,10,13,8,0.12760869565217392,0,2,3,4,1,0,0,0,0,0,0.13261168384879726
4148,é}îˆå´,4,47,10,6,14,0.11872340425531915,0,2,4,3,1,0,0,0,0,0,0.13261168384879726
4148,é}îˆå´,5,46,4,8,12,0.11565217391304349,0,0,2,2,0,0,0,0,0,0,0.13261168384879726
4148,é}îˆå´,6,39,7,9,9,0.16333333333333333,0,0,2,4,1,0,0,0,0,0,0.13261168384879726
4150,éRìcóYëæ,1,38,25,5,5,0.15342105263157896,24,0,0,0,1,0,4,3,4,0,0.1534975369458128
4150,éRìcóYëæ,2,32,6,7,5,0.1609375,0,6,0,0,0,0,0,0,0,17,0.1534975369458128
4150,éRìcóYëæ,3,36,7,10,12,0.1502777777777778,0,0,5,2,0,0,0,0,0,0,0.1534975369458128
4150,éRìcóYëæ,4,33,6,7,5,0.14181818181818182,0,2,4,0,0,0,0,0,0,0,0.1534975369458128
4150,éRìcóYëæ,5,28,2,3,9,0.1542857142857143,0,0,0,2,0,0,0,0,0,0,0.1534975369458128
4150,éRìcóYëæ,6,36,1,6,6,0.1602777777777778,0,0,1,0,0,0,0,0,0,0,0.1534975369458128
4151,â∫âÕó_éj,1,29,10,6,3,0.18689655172413794,10,0,0,0,0,0,7,5,6,0,0.20505434782608697
4151,â∫âÕó_éj,2,29,2,6,8,0.22172413793103446,0,1,0,1,0,0,0,0,0,16,0.20505434782608697
4151,â∫âÕó_éj,3,30,1,10,7,0.17099999999999999,0,0,0,1,0,0,0,0,0,0,0.20505434782608697
4151,â∫âÕó_éj,4,36,0,10,4,0.19666666666666666,0,0,0,0,0,0,0,0,0,0,0.20505434782608697
4151,â∫âÕó_éj,5,31,0,2,7,0.22096774193548388,0,0,0,0,0,0,0,0,0,0,0.20505434782608697
4151,â∫âÕó_éj,6,29,0,2,3,0.23517241379310347,0,0,0,0,0,0,0,0,0,0,0.20505434782608697
4152,ê[êÖêTàÍòY,1,39,27,5,0,0.16512820512820514,25,0,0,0,2,0,3,4,2,0,0.17977064220183486
4152,ê[êÖêTàÍòY,2,36,10,12,9,0.17277777777777778,1,6,0,1,2,0,0,0,0,14,0.17977064220183486
4152,ê[êÖêTàÍòY,3,35,4,6,8,0.1722857142857143,0,0,2,1,1,0,0,0,0,0,0.17977064220183486
4152,ê[êÖêTàÍòY,4,36,5,10,10,0.165,0,4,1,0,0,0,0,0,0,0,0.17977064220183486
4152,ê[êÖêTàÍòY,5,39,1,7,6,0.1894871794871795,0,0,1,0,0,0,0,0,0,0,0.17977064220183486
4152,ê[êÖêTàÍòY,6,33,0,2,8,0.21727272727272728,0,0,0,0,0,0,0,0,0,0,0.17977064220183486
4153,ç≤ÅXñÿäﬁ,1,16,4,2,1,0.18812500000000001,2,0,0,0,2,0,6,3,1,0,0.1986619718309859
4153,ç≤ÅXñÿäﬁ,2,28,3,9,3,0.18928571428571428,0,2,0,0,0,1,0,0,0,14,0.1986619718309859
4153,ç≤ÅXñÿäﬁ,3,28,1,4,8,0.17821428571428571,0,0,1,0,0,0,0,0,0,0,0.1986619718309859
4153,ç≤ÅXñÿäﬁ,4,24,2,1,4,0.18791666666666665,0,0,2,0,0,0,0,0,0,0,0.1986619718309859
4153,ç≤ÅXñÿäﬁ,5,23,0,1,2,0.22956521739130437,0,0,0,0,0,0,0,0,0,0,0.1986619718309859
4153,ç≤ÅXñÿäﬁ,6,23,1,3,1,0.22260869565217392,0,1,0,0,0,0,0,0,0,0,0.1986619718309859
4154,êXà¿çOâÎ,1,47,26,9,7,0.15936170212765957,25,0,0,0,1,0,7,4,9,0,0.17514522821576764
4154,êXà¿çOâÎ,2,36,5,10,5,0.1763888888888889,0,1,3,0,0,1,0,0,0,21,0.17514522821576764
4154,êXà¿çOâÎ,3,40,5,10,1,0.1585,0,1,1,3,0,0,0,0,0,0,0.17514522821576764
4154,êXà¿çOâÎ,4,38,5,6,9,0.19157894736842107,0,0,3,2,0,0,0,0,0,0,0.17514522821576764
4154,êXà¿çOâÎ,5,39,4,5,6,0.16487179487179487,0,0,2,2,0,0,0,0,0,0,0.17514522821576764
4154,êXà¿çOâÎ,6,41,0,1,4,0.2029268292682927,0,0,0,0,0,0,0,0,0,0,0.17514522821576764
4155,í∑ñÏëséuòY,1,46,29,9,5,0.15630434782608696,27,0,0,0,2,0,8,4,4,0,0.16066985645933013
4155,í∑ñÏëséuòY,2,33,8,8,9,0.16696969696969696,1,2,5,0,0,0,0,0,0,15,0.16066985645933013
4155,í∑ñÏëséuòY,3,32,6,7,4,0.1534375,0,0,4,2,0,0,0,0,0,0,0.16066985645933013
4155,í∑ñÏëséuòY,4,33,5,11,7,0.16696969696969696,0,2,2,1,0,0,0,0,0,0,0.16066985645933013
4155,í∑ñÏëséuòY,5,33,3,4,11,0.15151515151515152,0,0,0,3,0,0,0,0,0,0,0.16066985645933013
4155,í∑ñÏëséuòY,6,32,3,3,5,0.170625,0,2,0,1,0,0,0,0,0,0,0.16066985645933013
4156,ïlñÏçFéu,1,49,28,5,7,0.15979591836734694,26,0,0,0,2,0,5,4,9,0,0.16348
4156,ïlñÏçFéu,2,33,3,11,8,0.18636363636363637,0,2,1,0,0,0,0,0,0,16,0.16348
4156,ïlñÏçFéu,3,47,8,10,10,0.15659574468085108,0,2,4,1,1,0,0,0,0,0,0.16348
4156,ïlñÏçFéu,4,45,5,9,11,0.15933333333333333,0,1,2,2,0,0,0,0,0,0,0.16348
4156,ïlñÏçFéu,5,40,2,6,9,0.14850000000000002,0,0,1,1,0,0,0,0,0,0,0.16348
4156,ïlñÏçFéu,6,36,3,3,6,0.17833333333333334,0,0,3,0,0,0,0,0,0,0,0.16348
4158,ñÿèÍóYìÒòY,1,36,21,9,1,0.14694444444444443,21,0,0,0,0,0,3,5,4,0,0.1620627802690583
4158,ñÿèÍóYìÒòY,2,42,5,14,8,0.18095238095238098,0,3,1,0,1,0,0,0,0,23,0.1620627802690583
4158,ñÿèÍóYìÒòY,3,37,6,9,7,0.16594594594594594,0,1,0,3,2,0,0,0,0,0,0.1620627802690583
4158,ñÿèÍóYìÒòY,4,37,2,5,10,0.15972972972972974,0,0,2,0,0,0,0,0,0,0,0.1620627802690583
4158,ñÿèÍóYìÒòY,5,37,3,5,4,0.15945945945945947,0,0,1,2,0,0,0,0,0,0,0.1620627802690583
4158,ñÿèÍóYìÒòY,6,34,0,2,5,0.15588235294117647,0,0,0,0,0,0,0,0,0,0,0.1620627802690583
4159,å¸å„ó¥àÍ,1,52,30,12,5,0.14153846153846156,27,0,0,0,3,0,7,7,6,0,0.16929411764705882
4159,å¸å„ó¥àÍ,2,42,7,10,8,0.1561904761904762,1,2,2,0,2,0,0,0,0,23,0.16929411764705882
4159,å¸å„ó¥àÍ,3,46,6,17,8,0.15586956521739131,0,1,3,2,0,0,0,0,0,0,0.16929411764705882
4159,å¸å„ó¥àÍ,4,43,5,7,4,0.1867441860465116,0,1,0,1,3,0,0,0,0,0,0.16929411764705882
4159,å¸å„ó¥àÍ,5,38,4,8,8,0.1818421052631579,0,1,0,1,2,0,0,0,0,0,0.16929411764705882
4159,å¸å„ó¥àÍ,6,34,0,6,8,0.21,0,0,0,0,0,0,0,0,0,0,0.16929411764705882
4161,çïñˆç_çF,1,42,22,8,4,0.1523809523809524,17,0,1,0,4,0,7,6,3,0,0.16271844660194176
4161,çïñˆç_çF,2,39,2,15,12,0.15743589743589742,0,0,2,0,0,0,0,0,0,25,0.16271844660194176
4161,çïñˆç_çF,3,33,2,7,12,0.18454545454545454,0,1,0,0,1,0,0,0,0,0,0.16271844660194176
4161,çïñˆç_çF,4,35,5,3,5,0.15285714285714286,0,0,3,2,0,0,0,0,0,0,0.16271844660194176
4161,çïñˆç_çF,5,27,0,4,10,0.1562962962962963,0,0,0,0,0,0,0,0,0,0,0.16271844660194176
4161,çïñˆç_çF,6,30,2,1,5,0.17733333333333334,0,0,1,1,0,0,0,0,0,0,0.16271844660194176
4162,í|ñ{ëæé˜,1,12,4,4,2,0.19999999999999998,3,0,0,0,1,0,2,2,2,0,0.17813333333333334
4162,í|ñ{ëæé˜,2,12,1,4,2,0.16416666666666666,0,0,0,0,0,1,0,0,0,4,0.17813333333333334
4162,í|ñ{ëæé˜,3,16,2,1,6,0.174375,0,0,0,2,0,0,0,0,0,0,0.17813333333333334
4162,í|ñ{ëæé˜,4,11,1,0,5,0.14181818181818182,0,0,0,1,0,0,0,0,0,0,0.17813333333333334
4162,í|ñ{ëæé˜,5,11,0,1,3,0.19090909090909092,0,0,0,0,0,0,0,0,0,0,0.17813333333333334
4162,í|ñ{ëæé˜,6,13,0,1,2,0.19538461538461538,0,0,0,0,0,0,0,0,0,0,0.17813333333333334
4163,éRçËóTéi,1,54,41,7,2,0.1688888888888889,40,0,0,0,1,0,7,3,3,0,0.17185454545454545
4163,éRçËóTéi,2,55,10,17,7,0.1669090909090909,1,7,1,0,1,0,0,0,0,33,0.17185454545454545
4163,éRçËóTéi,3,45,5,9,13,0.1708888888888889,0,1,0,3,1,0,0,0,0,0,0.17185454545454545
4163,éRçËóTéi,4,40,2,11,10,0.17825,0,0,2,0,0,0,0,0,0,0,0.17185454545454545
4163,éRçËóTéi,5,40,2,2,6,0.17350000000000002,0,0,0,2,0,0,0,0,0,0,0.17185454545454545
4163,éRçËóTéi,6,41,2,6,10,0.175609756097561,0,0,0,2,0,0,0,0,0,0,0.17185454545454545
4164,ä‚âiêﬂñÁ,1,17,5,4,4,0.1758823529411765,5,0,0,0,0,0,5,2,4,0,0.20758333333333334
4164,ä‚âiêﬂñÁ,2,23,1,5,5,0.19217391304347825,0,1,0,0,0,0,0,0,0,13,0.20758333333333334
4164,ä‚âiêﬂñÁ,3,24,1,5,3,0.19625,0,0,0,0,1,0,0,0,0,0,0.20758333333333334
4164,ä‚âiêﬂñÁ,4,16,1,1,1,0.2275,0,0,0,1,0,0,0,0,0,0,0.20758333333333334
4164,ä‚âiêﬂñÁ,5,22,1,3,3,0.2318181818181818,0,1,0,0,0,0,0,0,0,0,0.20758333333333334
4164,ä‚âiêﬂñÁ,6,18,0,0,0,0.22499999999999998,0,0,0,0,0,0,0,0,0,0,0.20758333333333334
4166,ãgìcägòY,1,66,54,6,1,0.14136363636363636,50,0,0,0,4,0,4,3,2,0,0.13424
4166,ãgìcägòY,2,42,12,17,7,0.13380952380952382,0,8,1,0,3,0,0,0,0,20,0.13424
4166,ãgìcägòY,3,33,9,11,6,0.14909090909090908,0,0,2,7,0,0,0,0,0,0,0.13424
4166,ãgìcägòY,4,34,7,8,10,0.12588235294117647,0,1,4,1,1,0,0,0,0,0,0.13424
4166,ãgìcägòY,5,30,3,6,10,0.12133333333333333,0,0,2,1,0,0,0,0,0,0,0.13424
4166,ãgìcägòY,6,45,8,6,15,0.12822222222222224,0,1,1,4,2,0,0,0,0,0,0.13424
4167,ï–â™èGé˜,1,41,17,5,5,0.14902439024390246,14,0,0,0,3,0,9,9,5,0,0.14978494623655914
4167,ï–â™èGé˜,2,50,2,6,15,0.1684,0,1,0,1,0,0,0,0,0,27,0.14978494623655914
4167,ï–â™èGé˜,3,54,4,11,7,0.14092592592592593,0,0,3,1,0,0,0,0,0,0,0.14978494623655914
4167,ï–â™èGé˜,4,49,7,5,11,0.1436734693877551,0,1,2,3,1,0,0,0,0,0,0.14978494623655914
4167,ï–â™èGé˜,5,49,2,4,4,0.1659183673469388,0,0,1,1,0,0,0,0,0,0,0.14978494623655914
4167,ï–â™èGé˜,6,36,0,2,8,0.12444444444444445,0,0,0,0,0,0,0,0,0,0,0.14978494623655914
4168,êŒñÏãMîV,1,58,47,5,2,0.15,47,0,0,0,0,0,0,3,8,0,0.1497907949790795
4168,êŒñÏãMîV,2,38,12,12,3,0.15921052631578947,0,7,3,1,1,0,0,0,0,18,0.1497907949790795
4168,êŒñÏãMîV,3,35,8,11,4,0.148,1,0,4,2,1,0,0,0,0,0,0.1497907949790795
4168,êŒñÏãMîV,4,39,4,8,12,0.13717948717948716,0,0,2,2,0,0,0,0,0,0,0.1497907949790795
4168,êŒñÏãMîV,5,32,3,3,5,0.15687500000000001,0,0,1,2,0,0,0,0,0,0,0.1497907949790795
4168,êŒñÏãMîV,6,37,3,3,10,0.14864864864864866,0,0,1,0,0,2,0,0,0,0,0.1497907949790795
4169,ëΩìcóLóC,1,29,7,8,1,0.20172413793103447,7,0,0,0,0,0,5,9,7,0,0.19328125
4169,ëΩìcóLóC,2,36,3,7,6,0.19916666666666666,0,2,1,0,0,0,0,0,0,9,0.19328125
4169,ëΩìcóLóC,3,35,2,9,5,0.1782857142857143,0,0,1,0,1,0,0,0,0,0,0.19328125
4169,ëΩìcóLóC,4,32,2,3,6,0.1709375,0,0,1,1,0,0,0,0,0,0,0.19328125
4169,ëΩìcóLóC,5,35,0,1,5,0.2,0,0,0,0,0,0,0,0,0,0,0.19328125
4169,ëΩìcóLóC,6,25,0,1,3,0.2152,0,0,0,0,0,0,0,0,0,0,0.19328125
4171,â|çKéi,1,56,40,6,4,0.155,39,0,0,0,1,0,6,4,4,0,0.17173913043478262
4171,â|çKéi,2,45,9,20,5,0.15133333333333335,0,4,4,0,1,0,0,0,0,21,0.17173913043478262
4171,â|çKéi,3,34,4,10,5,0.1808823529411765,0,0,3,0,1,0,0,0,0,0,0.17173913043478262
4171,â|çKéi,4,42,8,13,12,0.17523809523809525,0,3,2,2,1,0,0,0,0,0,0.17173913043478262
4171,â|çKéi,5,34,3,4,10,0.1758823529411765,0,1,1,1,0,0,0,0,0,0,0.17173913043478262
4171,â|çKéi,6,42,2,3,11,0.2016666666666667,0,1,0,0,1,0,0,0,0,0,0.17173913043478262
4172,êXíËçWéj,1,55,34,16,2,0.12418181818181818,32,0,0,0,2,0,9,5,4,0,0.15251968503937008
4172,êXíËçWéj,2,44,10,14,4,0.15636363636363637,0,9,1,0,0,0,0,0,0,22,0.15251968503937008
4172,êXíËçWéj,3,42,6,14,12,0.15261904761904763,0,0,2,2,2,0,0,0,0,0,0.15251968503937008
4172,êXíËçWéj,4,38,1,16,12,0.1455263157894737,0,0,0,1,0,0,0,0,0,0,0.15251968503937008
4172,êXíËçWéj,5,36,3,3,6,0.15222222222222223,0,0,0,0,3,0,0,0,0,0,0.15251968503937008
4172,êXíËçWéj,6,39,0,4,10,0.19512820512820514,0,0,0,0,0,0,0,0,0,0,0.15251968503937008
4173,â™íJåíå·,1,48,28,8,5,0.17895833333333333,25,0,0,0,3,0,5,8,5,0,0.2071138211382114
4173,â™íJåíå·,2,40,2,10,8,0.205,0,1,0,1,0,0,0,0,0,23,0.2071138211382114
4173,â™íJåíå·,3,41,5,7,8,0.2253658536585366,0,1,0,4,0,0,0,0,0,0,0.2071138211382114
4173,â™íJåíå·,4,37,3,6,11,0.21837837837837837,0,1,1,0,1,0,0,0,0,0,0.2071138211382114
4173,â™íJåíå·,5,38,2,2,6,0.20605263157894738,0,1,0,0,1,0,0,0,0,0,0.2071138211382114
4173,â™íJåíå·,6,42,0,1,8,0.2145238095238095,0,0,0,0,0,0,0,0,0,0,0.2071138211382114
4174,ê‘ç‚èrï„,1,66,49,13,2,0.15075757575757576,46,0,0,0,3,0,5,4,7,0,0.16022641509433963
4174,ê‘ç‚èrï„,2,42,8,19,6,0.15285714285714286,0,5,1,0,2,0,0,0,0,21,0.16022641509433963
4174,ê‘ç‚èrï„,3,39,6,10,5,0.15692307692307692,0,0,3,2,1,0,0,0,0,0,0.16022641509433963
4174,ê‘ç‚èrï„,4,46,3,10,18,0.17478260869565218,0,1,0,2,0,0,0,0,0,0,0.16022641509433963
4174,ê‘ç‚èrï„,5,35,5,6,9,0.15685714285714286,0,2,1,1,1,0,0,0,0,0,0.16022641509433963
4174,ê‘ç‚èrï„,6,37,4,9,4,0.17405405405405405,0,1,0,2,1,0,0,0,0,0,0.16022641509433963
4175,êÏêKë◊ï„,1,37,25,3,0,0.1327027027027027,24,0,0,0,1,0,4,4,4,0,0.13504761904761906
4175,êÏêKë◊ï„,2,39,6,9,8,0.12923076923076923,0,2,4,0,0,0,0,0,0,20,0.13504761904761906
4175,êÏêKë◊ï„,3,32,6,3,8,0.1475,0,0,1,3,2,0,0,0,0,0,0.13504761904761906
4175,êÏêKë◊ï„,4,39,7,4,9,0.11538461538461539,0,0,6,1,0,0,0,0,0,0,0.13504761904761906
4175,êÏêKë◊ï„,5,30,1,3,11,0.14133333333333334,0,0,1,0,0,0,0,0,0,0,0.13504761904761906
4175,êÏêKë◊ï„,6,33,4,4,8,0.15,0,1,0,3,0,0,0,0,0,0,0.13504761904761906
4176,îÛå˚äÏïF,1,20,7,1,4,0.138,7,0,0,0,0,0,7,3,1,0,0.16181818181818183
4176,îÛå˚äÏïF,2,33,3,2,6,0.1572727272727273,0,2,1,0,0,0,0,0,0,17,0.16181818181818183
4176,îÛå˚äÏïF,3,24,5,3,4,0.18208333333333335,0,0,4,1,0,0,0,0,0,0,0.16181818181818183
4176,îÛå˚äÏïF,4,30,1,2,5,0.169,0,0,1,0,0,0,0,0,0,0,0.16181818181818183
4176,îÛå˚äÏïF,5,25,0,0,2,0.15839999999999999,0,0,0,0,0,0,0,0,0,0,0.16181818181818183
4176,îÛå˚äÏïF,6,22,0,1,1,0.16227272727272726,0,0,0,0,0,0,0,0,0,0,0.16181818181818183
4177,‰›ê≥ék,1,36,18,7,3,0.18055555555555555,17,0,0,0,1,0,5,6,6,0,0.17373056994818653
4177,‰›ê≥ék,2,34,3,11,7,0.17441176470588235,0,3,0,0,0,0,0,0,0,24,0.17373056994818653
4177,‰›ê≥ék,3,29,2,7,9,0.15517241379310345,0,0,2,0,0,0,0,0,0,0,0.17373056994818653
4177,‰›ê≥ék,4,32,1,6,7,0.1621875,0,0,1,0,0,0,0,0,0,0,0.17373056994818653
4177,‰›ê≥ék,5,29,2,5,3,0.16758620689655174,0,0,1,1,0,0,0,0,0,0,0.17373056994818653
4177,‰›ê≥ék,6,33,0,0,8,0.1984848484848485,0,0,0,0,0,0,0,0,0,0,0.17373056994818653
4179,çLéüèC,1,44,20,12,5,0.15840909090909092,17,0,0,0,3,0,5,6,7,0,0.1512686567164179
4179,çLéüèC,2,47,1,17,12,0.14851063829787234,0,1,0,0,0,0,0,0,0,31,0.1512686567164179
4179,çLéüèC,3,46,2,7,18,0.13,0,0,1,1,0,0,0,0,0,0,0.1512686567164179
4179,çLéüèC,4,44,8,7,11,0.13772727272727273,0,1,1,5,1,0,0,0,0,0,0.1512686567164179
4179,çLéüèC,5,48,1,5,9,0.154375,0,0,0,1,0,0,0,0,0,0,0.1512686567164179
4179,çLéüèC,6,39,0,4,9,0.18307692307692308,0,0,0,0,0,0,0,0,0,0,0.1512686567164179
4180,è„ñÏèGòa,1,26,12,2,2,0.1673076923076923,12,0,0,0,0,0,2,3,4,0,0.18812182741116754
4180,è„ñÏèGòa,2,36,5,4,7,0.1938888888888889,0,4,1,0,0,0,0,0,0,19,0.18812182741116754
4180,è„ñÏèGòa,3,33,2,7,8,0.18151515151515152,0,1,1,0,0,0,0,0,0,0,0.18812182741116754
4180,è„ñÏèGòa,4,36,3,5,11,0.195,0,1,2,0,0,0,0,0,0,0,0.18812182741116754
4180,è„ñÏèGòa,5,37,0,2,1,0.2008108108108108,0,0,0,0,0,0,0,0,0,0,0.18812182741116754
4180,è„ñÏèGòa,6,29,0,1,7,0.18241379310344827,0,0,0,0,0,0,0,0,0,0,0.18812182741116754
4181,â‘ñ{âƒé˜,1,32,11,12,1,0.1496875,10,0,0,0,1,0,8,4,7,0,0.19027397260273973
4181,â‘ñ{âƒé˜,2,40,3,9,12,0.1855,0,1,1,0,1,0,0,0,0,25,0.19027397260273973
4181,â‘ñ{âƒé˜,3,41,2,4,7,0.17634146341463416,0,0,1,0,1,0,0,0,0,0,0.19027397260273973
4181,â‘ñ{âƒé˜,4,39,2,4,7,0.19512820512820514,0,1,0,1,0,0,0,0,0,0,0.19027397260273973
4181,â‘ñ{âƒé˜,5,34,0,3,7,0.22029411764705883,0,0,0,0,0,0,0,0,0,0,0.19027397260273973
4181,â‘ñ{âƒé˜,6,33,0,3,4,0.21606060606060606,0,0,0,0,0,0,0,0,0,0,0.19027397260273973
4182,ãgìcòaêm,1,37,12,7,6,0.16783783783783784,12,0,0,0,0,0,6,14,5,0,0.1685022026431718
4182,ãgìcòaêm,2,40,7,10,5,0.16399999999999998,0,3,4,0,0,0,0,0,0,20,0.1685022026431718
4182,ãgìcòaêm,3,45,7,10,9,0.14577777777777776,0,0,5,2,0,0,0,0,0,0,0.1685022026431718
4182,ãgìcòaêm,4,34,1,5,2,0.17529411764705882,0,0,0,0,0,1,0,0,0,0,0.1685022026431718
4182,ãgìcòaêm,5,38,2,6,8,0.18078947368421053,0,0,0,1,1,0,0,0,0,0,0.1685022026431718
4182,ãgìcòaêm,6,33,0,3,5,0.18454545454545454,0,0,0,0,0,0,0,0,0,0,0.1685022026431718
4183,âFñÏñÌê∂,1,54,39,4,4,0.1062962962962963,37,0,0,0,2,0,4,5,5,0,0.12529644268774703
4183,âFñÏñÌê∂,2,39,9,11,7,0.1464102564102564,0,7,2,0,0,0,0,0,0,21,0.12529644268774703
4183,âFñÏñÌê∂,3,42,10,11,4,0.14023809523809522,0,2,6,2,0,0,0,0,0,0,0.12529644268774703
4183,âFñÏñÌê∂,4,45,11,6,9,0.12111111111111111,0,1,4,4,1,1,0,0,0,0,0.12529644268774703
4183,âFñÏñÌê∂,5,39,3,3,6,0.11102564102564103,0,1,0,2,0,0,0,0,0,0,0.12529644268774703
4183,âFñÏñÌê∂,6,34,4,3,3,0.13470588235294118,0,0,1,2,1,0,0,0,0,0,0.12529644268774703
4184,ìnÁ≤óYàÍòY,1,47,33,5,2,0.13489361702127659,33,0,0,0,0,0,3,8,2,0,0.1515983606557377
4184,ìnÁ≤óYàÍòY,2,42,12,16,7,0.16833333333333333,2,6,3,0,1,0,0,0,0,19,0.1515983606557377
4184,ìnÁ≤óYàÍòY,3,38,7,8,11,0.1455263157894737,0,1,3,2,0,1,0,0,0,0,0.1515983606557377
4184,ìnÁ≤óYàÍòY,4,44,4,10,11,0.14431818181818182,0,1,2,1,0,0,0,0,0,0,0.1515983606557377
4184,ìnÁ≤óYàÍòY,5,36,9,6,7,0.1513888888888889,0,0,3,6,0,0,0,0,0,0,0.1515983606557377
4184,ìnÁ≤óYàÍòY,6,37,4,4,6,0.16891891891891891,0,1,2,1,0,0,0,0,0,0,0.1515983606557377
4185,ì°å¥ê^ñÁ,1,3,0,1,0,0.25333333333333335,0,0,0,0,0,0,1,1,1,0,0.22842105263157894
4185,ì°å¥ê^ñÁ,2,3,0,0,0,0.19999999999999998,0,0,0,0,0,0,0,0,0,1,0.22842105263157894
4185,ì°å¥ê^ñÁ,3,4,0,1,0,0.1525,0,0,0,0,0,0,0,0,0,0,0.22842105263157894
4185,ì°å¥ê^ñÁ,4,2,1,0,0,0.195,0,0,0,1,0,0,0,0,0,0,0.22842105263157894
4185,ì°å¥ê^ñÁ,5,4,0,1,0,0.325,0,0,0,0,0,0,0,0,0,0,0.22842105263157894
4185,ì°å¥ê^ñÁ,6,3,0,0,0,0.22666666666666666,0,0,0,0,0,0,0,0,0,0,0.22842105263157894
4186,è¨êÏéûåı,1,31,10,7,2,0.12516129032258064,10,0,0,0,0,0,7,5,6,0,0.16
4186,è¨êÏéûåı,2,28,1,1,9,0.18107142857142858,0,0,1,0,0,0,0,0,0,9,0.16
4186,è¨êÏéûåı,3,32,3,3,8,0.13,0,0,3,0,0,0,0,0,0,0,0.16
4186,è¨êÏéûåı,4,25,2,3,3,0.17,0,0,2,0,0,0,0,0,0,0,0.16
4186,è¨êÏéûåı,5,29,1,2,5,0.17655172413793105,0,0,1,0,0,0,0,0,0,0,0.16
4186,è¨êÏéûåı,6,24,0,0,2,0.19000000000000003,0,0,0,0,0,0,0,0,0,0,0.16
4188,ãvìcïqîV,1,49,40,5,2,0.10367346938775511,39,0,0,0,1,0,0,4,4,0,0.12091324200913242
4188,ãvìcïqîV,2,36,8,10,7,0.12583333333333335,0,8,0,0,0,0,0,0,0,21,0.12091324200913242
4188,ãvìcïqîV,3,38,11,9,8,0.11868421052631578,1,2,2,6,0,0,0,0,0,0,0.12091324200913242
4188,ãvìcïqîV,4,35,5,6,10,0.12714285714285714,0,0,4,1,0,0,0,0,0,0,0.12091324200913242
4188,ãvìcïqîV,5,29,5,7,4,0.11379310344827587,0,0,2,2,1,0,0,0,0,0,0.12091324200913242
4188,ãvìcïqîV,6,32,7,11,5,0.1440625,0,1,3,2,0,1,0,0,0,0,0.12091324200913242
4189,êÏè„çÑ,1,78,56,8,6,0.14153846153846156,53,0,0,0,3,0,5,12,4,0,0.1479813664596273
4189,êÏè„çÑ,2,53,10,13,11,0.14811320754716983,1,6,1,0,2,0,0,0,0,27,0.1479813664596273
4189,êÏè„çÑ,3,54,6,22,14,0.13648148148148148,0,0,3,1,0,2,0,0,0,0,0.1479813664596273
4189,êÏè„çÑ,4,55,5,11,11,0.15,0,1,2,2,0,0,0,0,0,0,0.1479813664596273
4189,êÏè„çÑ,5,38,3,2,7,0.15973684210526318,0,1,1,1,0,0,0,0,0,0,0.1479813664596273
4189,êÏè„çÑ,6,44,1,10,13,0.16068181818181818,0,0,1,0,0,0,0,0,0,0,0.1479813664596273
4190,í∑ìàñúãL,1,57,44,4,3,0.146140350877193,42,0,0,0,2,0,3,6,2,0,0.15580524344569288
4190,í∑ìàñúãL,2,44,14,10,5,0.155,1,6,6,0,1,0,0,0,0,19,0.15580524344569288
4190,í∑ìàñúãL,3,46,6,15,15,0.1532608695652174,0,0,5,0,1,0,0,0,0,0,0.15580524344569288
4190,í∑ìàñúãL,4,44,6,12,11,0.1509090909090909,0,2,3,1,0,0,0,0,0,0,0.15580524344569288
4190,í∑ìàñúãL,5,42,6,8,8,0.1511904761904762,0,0,1,2,2,1,0,0,0,0,0.15580524344569288
4190,í∑ìàñúãL,6,34,0,3,11,0.1885294117647059,0,0,0,0,0,0,0,0,0,0,0.15580524344569288
4191,ê‘âHçéñÁ,1,55,36,6,4,0.1509090909090909,32,0,0,0,4,0,7,6,5,0,0.1506439393939394
4191,ê‘âHçéñÁ,2,45,12,14,5,0.16066666666666668,0,9,2,0,1,0,0,0,0,18,0.1506439393939394
4191,ê‘âHçéñÁ,3,41,11,11,7,0.13585365853658538,0,0,6,1,3,1,0,0,0,0,0.1506439393939394
4191,ê‘âHçéñÁ,4,43,3,8,12,0.15604651162790698,0,0,0,2,1,0,0,0,0,0,0.1506439393939394
4191,ê‘âHçéñÁ,5,40,2,10,9,0.15325,0,0,0,2,0,0,0,0,0,0,0.1506439393939394
4191,ê‘âHçéñÁ,6,40,1,9,7,0.14575,0,0,0,0,1,0,0,0,0,0,0.1506439393939394
4193,ãΩå¥èÕïΩ,1,50,36,10,2,0.13419999999999999,36,0,0,0,0,0,4,1,9,0,0.15529411764705883
4193,ãΩå¥èÕïΩ,2,42,2,13,7,0.1554761904761905,0,1,0,0,1,0,0,0,0,25,0.15529411764705883
4193,ãΩå¥èÕïΩ,3,40,7,10,8,0.15375,0,2,2,3,0,0,0,0,0,0,0.15529411764705883
4193,ãΩå¥èÕïΩ,4,35,3,8,11,0.162,0,0,2,1,0,0,0,0,0,0,0.15529411764705883
4193,ãΩå¥èÕïΩ,5,36,5,6,7,0.16055555555555556,0,0,1,4,0,0,0,0,0,0,0.15529411764705883
4193,ãΩå¥èÕïΩ,6,35,5,1,4,0.17485714285714285,0,2,1,2,0,0,0,0,0,0,0.15529411764705883
4195,ëOêÏéÁék,1,38,20,3,5,0.16605263157894737,19,0,0,0,1,0,8,6,4,0,0.1542081447963801
4195,ëOêÏéÁék,2,32,4,11,8,0.16125,0,4,0,0,0,0,0,0,0,20,0.1542081447963801
4195,ëOêÏéÁék,3,37,4,10,5,0.13648648648648648,0,0,3,0,1,0,0,0,0,0,0.1542081447963801
4195,ëOêÏéÁék,4,40,5,5,9,0.14925,0,0,3,2,0,0,0,0,0,0,0.1542081447963801
4195,ëOêÏéÁék,5,32,3,3,5,0.150625,0,0,0,3,0,0,0,0,0,0,0.1542081447963801
4195,ëOêÏéÁék,6,42,1,3,8,0.1611904761904762,0,0,0,1,0,0,0,0,0,0,0.1542081447963801
4196,ìcíÜëæàÍòY,1,31,16,2,2,0.17580645161290323,14,0,0,0,2,0,3,6,2,0,0.17113445378151262
4196,ìcíÜëæàÍòY,2,43,2,10,5,0.1669767441860465,0,2,0,0,0,0,0,0,0,25,0.17113445378151262
4196,ìcíÜëæàÍòY,3,40,6,8,4,0.1715,0,2,2,2,0,0,0,0,0,0,0.17113445378151262
4196,ìcíÜëæàÍòY,4,45,4,5,8,0.16244444444444445,0,0,3,1,0,0,0,0,0,0,0.17113445378151262
4196,ìcíÜëæàÍòY,5,45,1,7,7,0.17244444444444443,0,0,0,1,0,0,0,0,0,0,0.17113445378151262
4196,ìcíÜëæàÍòY,6,34,2,1,2,0.1814705882352941,0,1,1,0,0,0,0,0,0,0,0.17113445378151262
4197,à≠î¸ëÏòY,1,29,11,5,4,0.16793103448275862,11,0,0,0,0,0,4,10,1,0,0.19985849056603772
4197,à≠î¸ëÏòY,2,41,3,3,13,0.18853658536585366,1,1,1,0,0,0,0,0,0,22,0.19985849056603772
4197,à≠î¸ëÏòY,3,42,2,8,5,0.20404761904761906,0,0,1,1,0,0,0,0,0,0,0.19985849056603772
4197,à≠î¸ëÏòY,4,34,2,3,6,0.19705882352941176,0,1,0,1,0,0,0,0,0,0,0.19985849056603772
4197,à≠î¸ëÏòY,5,36,0,1,2,0.1988888888888889,0,0,0,0,0,0,0,0,0,0,0.19985849056603772
4197,à≠î¸ëÏòY,6,30,1,0,4,0.24466666666666667,0,0,0,1,0,0,0,0,0,0,0.19985849056603772
4198,è¿ìcçéïF,1,16,5,2,2,0.203125,5,0,0,0,0,0,3,4,1,0,0.21642201834862385
4198,è¿ìcçéïF,2,21,1,2,4,0.22523809523809527,0,1,0,0,0,0,0,0,0,11,0.21642201834862385
4198,è¿ìcçéïF,3,16,1,0,5,0.18625,0,0,1,0,0,0,0,0,0,0,0.21642201834862385
4198,è¿ìcçéïF,4,21,1,1,4,0.22142857142857145,0,0,1,0,0,0,0,0,0,0,0.21642201834862385
4198,è¿ìcçéïF,5,18,0,1,2,0.2127777777777778,0,0,0,0,0,0,0,0,0,0,0.21642201834862385
4198,è¿ìcçéïF,6,17,0,0,0,0.24411764705882355,0,0,0,0,0,0,0,0,0,0,0.21642201834862385
4199,ñkêÏèÅìÒ,1,60,39,11,3,0.1435,36,0,0,0,3,0,3,7,9,0,0.13911032028469753
4199,ñkêÏèÅìÒ,2,49,5,20,10,0.13163265306122449,1,4,0,0,0,0,0,0,0,26,0.13911032028469753
4199,ñkêÏèÅìÒ,3,44,6,10,15,0.11863636363636364,0,2,3,1,0,0,0,0,0,0,0.13911032028469753
4199,ñkêÏèÅìÒ,4,42,8,9,13,0.13976190476190475,0,2,5,1,0,0,0,0,0,0,0.13911032028469753
4199,ñkêÏèÅìÒ,5,44,4,13,10,0.16795454545454544,0,1,2,1,0,0,0,0,0,0,0.13911032028469753
4199,ñkêÏèÅìÒ,6,42,7,11,6,0.13214285714285715,0,0,4,2,1,0,0,0,0,0,0.13911032028469753
4200,ëÅêÏèÆêl,1,37,10,8,5,0.19324324324324324,10,0,0,0,0,0,8,12,6,0,0.1794980694980695
4200,ëÅêÏèÆêl,2,48,4,11,8,0.18708333333333335,0,3,0,0,0,1,0,0,0,30,0.1794980694980695
4200,ëÅêÏèÆêl,3,45,2,9,7,0.16355555555555557,0,0,1,1,0,0,0,0,0,0,0.1794980694980695
4200,ëÅêÏèÆêl,4,42,4,9,4,0.15785714285714286,0,1,2,1,0,0,0,0,0,0,0.1794980694980695
4200,ëÅêÏèÆêl,5,46,1,5,5,0.1852173913043478,0,1,0,0,0,0,0,0,0,0,0.1794980694980695
4200,ëÅêÏèÆêl,6,41,0,1,6,0.19146341463414634,0,0,0,0,0,0,0,0,0,0,0.1794980694980695
4201,ç≤í|óFé˜,1,32,9,7,4,0.1740625,8,0,0,0,1,0,8,8,2,0,0.1649514563106796
4201,ç≤í|óFé˜,2,38,5,9,8,0.17473684210526316,0,2,1,1,1,0,0,0,0,20,0.1649514563106796
4201,ç≤í|óFé˜,3,38,5,7,9,0.1518421052631579,0,1,3,0,1,0,0,0,0,0,0.1649514563106796
4201,ç≤í|óFé˜,4,34,3,9,4,0.15911764705882353,0,0,1,1,1,0,0,0,0,0,0.1649514563106796
4201,ç≤í|óFé˜,5,36,1,6,9,0.155,0,0,0,1,0,0,0,0,0,0,0.1649514563106796
4201,ç≤í|óFé˜,6,28,0,2,6,0.1789285714285714,0,0,0,0,0,0,0,0,0,0,0.1649514563106796
4202,ïÇìcå\ç_,1,32,18,5,1,0.135625,18,0,0,0,0,0,2,5,7,0,0.19361702127659575
4202,ïÇìcå\ç_,2,42,3,12,8,0.19166666666666668,0,3,0,0,0,0,0,0,0,20,0.19361702127659575
4202,ïÇìcå\ç_,3,40,4,9,10,0.189,0,1,3,0,0,0,0,0,0,0,0.19361702127659575
4202,ïÇìcå\ç_,4,40,2,3,4,0.194,0,0,1,1,0,0,0,0,0,0,0.19361702127659575
4202,ïÇìcå\ç_,5,37,2,3,8,0.20567567567567568,0,0,0,2,0,0,0,0,0,0,0.19361702127659575
4202,ïÇìcå\ç_,6,44,0,2,4,0.23136363636363635,0,0,0,0,0,0,0,0,0,0,0.19361702127659575
4203,è¨ëqçNìT,1,32,10,6,3,0.1546875,10,0,0,0,0,0,5,7,5,0,0.1718848167539267
4203,è¨ëqçNìT,2,33,4,10,1,0.1878787878787879,0,1,2,0,1,0,0,0,0,13,0.1718848167539267
4203,è¨ëqçNìT,3,37,5,7,3,0.1781081081081081,0,0,5,0,0,0,0,0,0,0,0.1718848167539267
4203,è¨ëqçNìT,4,37,3,5,6,0.15594594594594596,0,0,2,0,1,0,0,0,0,0,0.1718848167539267
4203,è¨ëqçNìT,5,24,3,2,4,0.16416666666666666,0,0,1,2,0,0,0,0,0,0,0.1718848167539267
4203,è¨ëqçNìT,6,28,0,1,0,0.19214285714285714,0,0,0,0,0,0,0,0,0,0,0.1718848167539267
4204,éƒìcëÂï„,1,34,14,7,5,0.16029411764705884,11,0,1,0,2,0,8,6,3,0,0.18213389121338913
4204,éƒìcëÂï„,2,43,5,9,5,0.17348837209302326,0,5,0,0,0,0,0,0,0,16,0.18213389121338913
4204,éƒìcëÂï„,3,45,3,7,8,0.1811111111111111,0,0,1,2,0,0,0,0,0,0,0.18213389121338913
4204,éƒìcëÂï„,4,35,5,1,6,0.1977142857142857,0,3,2,0,0,0,0,0,0,0,0.18213389121338913
4204,éƒìcëÂï„,5,40,1,4,3,0.1825,0,0,1,0,0,0,0,0,0,0,0.18213389121338913
4204,éƒìcëÂï„,6,42,1,2,9,0.19642857142857142,0,0,1,0,0,0,0,0,0,0,0.18213389121338913
4205,éRå˚çÑ,1,63,49,6,4,0.10476190476190475,47,0,0,0,2,0,5,6,3,0,0.11715827338129496
4205,éRå˚çÑ,2,42,13,8,12,0.12404761904761905,3,8,1,0,1,0,0,0,0,16,0.11715827338129496
4205,éRå˚çÑ,3,41,7,11,9,0.11975609756097562,0,0,2,4,0,1,0,0,0,0,0.11715827338129496
4205,éRå˚çÑ,4,45,7,15,13,0.12422222222222222,0,1,2,3,1,0,0,0,0,0,0.11715827338129496
4205,éRå˚çÑ,5,44,2,18,10,0.11363636363636363,0,0,0,2,0,0,0,0,0,0,0.11715827338129496
4205,éRå˚çÑ,6,43,9,8,11,0.12232558139534883,0,3,1,4,0,1,0,0,0,0,0.11715827338129496
4207,èºâ∫àÍñÁ,1,47,37,6,1,0.1225531914893617,37,0,0,0,0,0,6,2,2,0,0.12093632958801498
4207,èºâ∫àÍñÁ,2,41,13,12,7,0.11048780487804878,1,3,8,0,1,0,0,0,0,18,0.12093632958801498
4207,èºâ∫àÍñÁ,3,48,13,14,7,0.124375,0,2,7,4,0,0,0,0,0,0,0.12093632958801498
4207,èºâ∫àÍñÁ,4,52,13,10,7,0.115,0,0,9,2,2,0,0,0,0,0,0.12093632958801498
4207,èºâ∫àÍñÁ,5,39,4,6,9,0.11615384615384616,0,0,3,1,0,0,0,0,0,0,0.12093632958801498
4207,èºâ∫àÍñÁ,6,40,1,3,6,0.138,0,0,1,0,0,0,0,0,0,0,0.12093632958801498
4208,éOâYâióù,1,58,38,9,5,0.1653448275862069,35,0,0,0,2,1,6,5,7,0,0.16425855513307985
4208,éOâYâióù,2,41,9,10,15,0.17609756097560975,0,5,4,0,0,0,0,0,0,20,0.16425855513307985
4208,éOâYâióù,3,43,5,13,10,0.16511627906976745,0,2,0,2,1,0,0,0,0,0,0.16425855513307985
4208,éOâYâióù,4,37,5,7,13,0.15594594594594596,0,0,1,3,1,0,0,0,0,0,0.16425855513307985
4208,éOâYâióù,5,40,4,8,11,0.156,0,0,1,3,0,0,0,0,0,0,0.16425855513307985
4208,éOâYâióù,6,44,2,6,11,0.16545454545454547,0,0,0,1,1,0,0,0,0,0,0.16425855513307985
4209,ì°ìcó≥çO,1,41,20,8,6,0.16853658536585367,19,0,0,0,0,1,4,8,7,0,0.1704201680672269
4209,ì°ìcó≥çO,2,43,5,12,14,0.1602325581395349,0,3,0,0,2,0,0,0,0,24,0.1704201680672269
4209,ì°ìcó≥çO,3,37,4,12,5,0.17108108108108108,0,0,3,1,0,0,0,0,0,0,0.1704201680672269
4209,ì°ìcó≥çO,4,40,2,6,10,0.16625,0,0,2,0,0,0,0,0,0,0,0.1704201680672269
4209,ì°ìcó≥çO,5,43,3,7,10,0.17418604651162792,0,0,0,3,0,0,0,0,0,0,0.1704201680672269
4209,ì°ìcó≥çO,6,34,0,4,6,0.185,0,0,0,0,0,0,0,0,0,0,0.1704201680672269
4210,èºë∫çNëæ,1,32,12,9,4,0.1903125,11,0,0,0,1,0,9,4,3,0,0.1822857142857143
4210,èºë∫çNëæ,2,27,5,7,5,0.20259259259259257,0,3,2,0,0,0,0,0,0,12,0.1822857142857143
4210,èºë∫çNëæ,3,32,3,6,11,0.181875,0,2,0,1,0,0,0,0,0,0,0.1822857142857143
4210,èºë∫çNëæ,4,28,3,4,8,0.17392857142857143,0,1,0,0,2,0,0,0,0,0,0.1822857142857143
4210,èºë∫çNëæ,5,30,2,3,4,0.16966666666666666,0,0,1,1,0,0,0,0,0,0,0.1822857142857143
4210,èºë∫çNëæ,6,26,1,2,8,0.17538461538461542,0,0,1,0,0,0,0,0,0,0,0.1822857142857143
4211,ë∫ìcì÷,1,42,15,10,6,0.15095238095238095,15,0,0,0,0,0,9,5,11,0,0.1512639405204461
4211,ë∫ìcì÷,2,50,4,6,10,0.1686,1,2,0,1,0,0,0,0,0,23,0.1512639405204461
4211,ë∫ìcì÷,3,47,2,12,11,0.15531914893617021,0,0,2,0,0,0,0,0,0,0,0.1512639405204461
4211,ë∫ìcì÷,4,50,2,7,7,0.1284,0,1,0,1,0,0,0,0,0,0,0.1512639405204461
4211,ë∫ìcì÷,5,41,1,3,5,0.14658536585365853,0,0,0,1,0,0,0,0,0,0,0.1512639405204461
4211,ë∫ìcì÷,6,39,1,2,7,0.15871794871794873,0,0,0,1,0,0,0,0,0,0,0.1512639405204461
4213,èdïxêLñÁ,1,27,5,8,5,0.1685185185185185,5,0,0,0,0,0,8,8,3,0,0.1638095238095238
4213,èdïxêLñÁ,2,36,0,4,9,0.1575,0,0,0,0,0,0,0,0,0,25,0.1638095238095238
4213,èdïxêLñÁ,3,36,1,6,11,0.1613888888888889,0,0,0,0,1,0,0,0,0,0,0.1638095238095238
4213,èdïxêLñÁ,4,37,1,4,9,0.16567567567567568,0,0,1,0,0,0,0,0,0,0,0.1638095238095238
4213,èdïxêLñÁ,5,38,2,2,4,0.17368421052631577,0,0,1,1,0,0,0,0,0,0,0.1638095238095238
4213,èdïxêLñÁ,6,36,4,0,2,0.15666666666666668,0,0,4,0,0,0,0,0,0,0,0.1638095238095238
4214,ó—óSâÓ,1,36,22,8,0,0.15555555555555556,22,0,0,0,0,0,3,4,7,0,0.17004901960784313
4214,ó—óSâÓ,2,38,7,12,2,0.1723684210526316,0,6,0,0,1,0,0,0,0,23,0.17004901960784313
4214,ó—óSâÓ,3,33,5,8,5,0.16121212121212122,0,2,0,3,0,0,0,0,0,0,0.17004901960784313
4214,ó—óSâÓ,4,36,5,7,14,0.16611111111111113,0,1,1,2,1,0,0,0,0,0,0.17004901960784313
4214,ó—óSâÓ,5,34,2,4,7,0.1723529411764706,0,0,1,1,0,0,0,0,0,0,0.17004901960784313
4214,ó—óSâÓ,6,27,0,1,9,0.19925925925925925,0,0,0,0,0,0,0,0,0,0,0.17004901960784313
4215,ãgìáèÀîV,1,36,16,8,4,0.19833333333333336,16,0,0,0,0,0,3,10,5,0,0.18128676470588237
4215,ãgìáèÀîV,2,48,7,15,11,0.1708333333333333,1,6,0,0,0,0,0,0,0,28,0.18128676470588237
4215,ãgìáèÀîV,3,60,13,10,15,0.1695,0,1,7,4,1,0,0,0,0,0,0.18128676470588237
4215,ãgìáèÀîV,4,49,8,9,10,0.18469387755102043,0,1,5,2,0,0,0,0,0,0,0.18128676470588237
4215,ãgìáèÀîV,5,45,2,7,8,0.1808888888888889,0,0,0,2,0,0,0,0,0,0,0.18128676470588237
4215,ãgìáèÀîV,6,34,1,2,3,0.19441176470588237,0,0,0,1,0,0,0,0,0,0,0.18128676470588237
4216,êØâhé¢,1,62,42,13,4,0.1185483870967742,40,0,0,0,2,0,7,4,9,0,0.14034722222222223
4216,êØâhé¢,2,51,7,15,10,0.13372549019607843,0,3,4,0,0,0,0,0,0,27,0.14034722222222223
4216,êØâhé¢,3,41,8,12,7,0.13634146341463416,0,2,2,4,0,0,0,0,0,0,0.14034722222222223
4216,êØâhé¢,4,41,11,10,8,0.13682926829268294,0,1,7,3,0,0,0,0,0,0,0.14034722222222223
4216,êØâhé¢,5,44,5,7,9,0.1675,0,0,0,4,1,0,0,0,0,0,0.14034722222222223
4216,êØâhé¢,6,49,2,8,6,0.15673469387755104,0,0,0,2,0,0,0,0,0,0,0.14034722222222223
4218,ãgêÏäÏåp,1,67,47,9,4,0.14522388059701494,44,0,0,0,3,0,5,11,1,0,0.16639072847682118
4218,ãgêÏäÏåp,2,43,2,21,9,0.1744186046511628,1,0,1,0,0,0,0,0,0,24,0.16639072847682118
4218,ãgêÏäÏåp,3,48,8,16,12,0.15041666666666667,0,0,6,2,0,0,0,0,0,0,0.16639072847682118
4218,ãgêÏäÏåp,4,48,4,11,14,0.17125,0,3,1,0,0,0,0,0,0,0,0.16639072847682118
4218,ãgêÏäÏåp,5,48,1,7,13,0.189375,0,0,0,1,0,0,0,0,0,0,0.16639072847682118
4218,ãgêÏäÏåp,6,48,1,9,9,0.176875,0,0,0,0,1,0,0,0,0,0,0.16639072847682118
4219,ñ{â™èüóò,1,36,9,7,8,0.14833333333333332,9,0,0,0,0,0,8,11,6,0,0.17056603773584908
4219,ñ{â™èüóò,2,46,5,12,7,0.1682608695652174,1,3,1,0,0,0,0,0,0,29,0.17056603773584908
4219,ñ{â™èüóò,3,50,2,6,13,0.1564,0,0,0,1,1,0,0,0,0,0,0.17056603773584908
4219,ñ{â™èüóò,4,48,5,2,12,0.18291666666666664,0,2,2,1,0,0,0,0,0,0,0.17056603773584908
4219,ñ{â™èüóò,5,45,0,4,7,0.18333333333333332,0,0,0,0,0,0,0,0,0,0,0.17056603773584908
4219,ñ{â™èüóò,6,40,0,1,5,0.18175,0,0,0,0,0,0,0,0,0,0,0.17056603773584908
4220,ê[êÏòaêm,1,37,30,3,2,0.13972972972972972,29,0,0,0,1,0,3,1,3,0,0.151244019138756
4220,ê[êÏòaêm,2,37,9,9,9,0.1535135135135135,0,7,1,0,1,0,0,0,0,16,0.151244019138756
4220,ê[êÏòaêm,3,36,6,9,7,0.14916666666666667,0,0,3,2,1,0,0,0,0,0,0.151244019138756
4220,ê[êÏòaêm,4,33,4,6,5,0.1393939393939394,0,1,3,0,0,0,0,0,0,0,0.151244019138756
4220,ê[êÏòaêm,5,28,3,6,4,0.15678571428571428,0,0,0,2,1,0,0,0,0,0,0.151244019138756
4220,ê[êÏòaêm,6,38,1,2,8,0.16842105263157894,0,1,0,0,0,0,0,0,0,0,0.151244019138756
4222,éRå˚çÇéu,1,19,9,5,1,0.18105263157894735,8,0,0,0,1,0,4,5,0,0,0.16460526315789473
4222,éRå˚çÇéu,2,27,3,5,5,0.16592592592592595,0,2,1,0,0,0,0,0,0,12,0.16460526315789473
4222,éRå˚çÇéu,3,29,0,5,7,0.16793103448275862,0,0,0,0,0,0,0,0,0,0,0.16460526315789473
4222,éRå˚çÇéu,4,27,4,4,5,0.15814814814814818,0,0,2,2,0,0,0,0,0,0,0.16460526315789473
4222,éRå˚çÇéu,5,27,1,3,3,0.1611111111111111,0,0,0,1,0,0,0,0,0,0,0.16460526315789473
4222,éRå˚çÇéu,6,23,0,0,4,0.15695652173913044,0,0,0,0,0,0,0,0,0,0,0.16460526315789473
4224,ëÂã¥âhó¢â¿,1,40,24,5,4,0.174,22,0,0,0,2,0,8,3,3,0,0.18826271186440677
4224,ëÂã¥âhó¢â¿,2,47,11,15,4,0.2017021276595745,0,6,4,0,1,0,0,0,0,18,0.18826271186440677
4224,ëÂã¥âhó¢â¿,3,38,7,10,6,0.18973684210526315,0,0,3,2,1,1,0,0,0,0,0.18826271186440677
4224,ëÂã¥âhó¢â¿,4,37,1,1,5,0.1845945945945946,0,0,1,0,0,0,0,0,0,0,0.18826271186440677
4224,ëÂã¥âhó¢â¿,5,35,2,6,2,0.19657142857142856,0,0,0,2,0,0,0,0,0,0,0.18826271186440677
4224,ëÂã¥âhó¢â¿,6,39,0,3,6,0.1812820512820513,0,0,0,0,0,0,0,0,0,0,0.18826271186440677
4225,ìyâÆêÁñæ,1,21,6,2,1,0.19095238095238093,6,0,0,0,0,0,4,7,3,0,0.18206349206349207
4225,ìyâÆêÁñæ,2,24,5,4,5,0.17958333333333334,0,5,0,0,0,0,0,0,0,12,0.18206349206349207
4225,ìyâÆêÁñæ,3,19,2,5,4,0.19789473684210526,0,1,1,0,0,0,0,0,0,0,0.18206349206349207
4225,ìyâÆêÁñæ,4,22,3,1,7,0.165,0,3,0,0,0,0,0,0,0,0,0.18206349206349207
4225,ìyâÆêÁñæ,5,18,1,2,4,0.17055555555555557,0,0,1,0,0,0,0,0,0,0,0.18206349206349207
4225,ìyâÆêÁñæ,6,22,0,0,9,0.1890909090909091,0,0,0,0,0,0,0,0,0,0,0.18206349206349207
4226,ë∫ìcç_éi,1,29,10,6,4,0.16999999999999998,7,1,0,0,0,2,5,9,4,0,0.1621904761904762
4226,ë∫ìcç_éi,2,41,4,4,5,0.17853658536585368,0,2,2,0,0,0,0,0,0,24,0.1621904761904762
4226,ë∫ìcç_éi,3,38,2,2,9,0.1723684210526316,0,0,2,0,0,0,0,0,0,0,0.1621904761904762
4226,ë∫ìcç_éi,4,31,1,4,6,0.1367741935483871,0,0,0,1,0,0,0,0,0,0,0.1621904761904762
4226,ë∫ìcç_éi,5,41,3,4,7,0.1529268292682927,0,0,0,3,0,0,0,0,0,0,0.1621904761904762
4226,ë∫ìcç_éi,6,30,1,2,2,0.15833333333333333,0,0,0,1,0,0,0,0,0,0,0.1621904761904762
4227,à¿íBóTé˜,1,64,53,4,3,0.16328125,51,0,0,0,2,0,6,0,4,0,0.14657627118644068
4227,à¿íBóTé˜,2,51,8,24,8,0.13784313725490197,0,4,2,0,2,0,0,0,0,27,0.14657627118644068
4227,à¿íBóTé˜,3,51,11,16,14,0.1335294117647059,0,1,4,4,2,0,0,0,0,0,0.14657627118644068
4227,à¿íBóTé˜,4,44,5,8,10,0.13636363636363635,0,2,3,0,0,0,0,0,0,0,0.14657627118644068
4227,à¿íBóTé˜,5,43,6,12,7,0.1427906976744186,0,1,3,1,1,0,0,0,0,0,0.14657627118644068
4227,à¿íBóTé˜,6,42,3,7,8,0.16214285714285714,0,0,1,1,1,0,0,0,0,0,0.14657627118644068
4228,ãgìcêTìÒòY,1,48,24,8,8,0.17125,24,0,0,0,0,0,5,6,12,0,0.17305555555555557
4228,ãgìcêTìÒòY,2,44,4,11,8,0.17909090909090908,0,1,2,0,1,0,0,0,0,22,0.17305555555555557
4228,ãgìcêTìÒòY,3,57,9,15,7,0.17350877192982458,0,1,8,0,0,0,0,0,0,0,0.17305555555555557
4228,ãgìcêTìÒòY,4,50,5,7,8,0.1736,0,0,4,1,0,0,0,0,0,0,0.17305555555555557
4228,ãgìcêTìÒòY,5,51,6,11,12,0.17215686274509803,0,1,3,2,0,0,0,0,0,0,0.17305555555555557
4228,ãgìcêTìÒòY,6,38,1,3,6,0.1681578947368421,0,0,1,0,0,0,0,0,0,0,0.17305555555555557
4229,ésêÏî¸çG,1,22,8,5,4,0.1459090909090909,7,0,0,0,1,0,9,3,2,0,0.19111842105263158
4229,ésêÏî¸çG,2,25,1,8,7,0.20800000000000002,0,1,0,0,0,0,0,0,0,14,0.19111842105263158
4229,ésêÏî¸çG,3,24,3,6,1,0.18666666666666668,0,1,0,1,1,0,0,0,0,0,0.19111842105263158
4229,ésêÏî¸çG,4,29,3,3,6,0.18275862068965518,0,3,0,0,0,0,0,0,0,0,0.19111842105263158
4229,ésêÏî¸çG,5,24,1,1,2,0.17916666666666667,0,0,0,0,0,1,0,0,0,0,0.19111842105263158
4229,ésêÏî¸çG,6,28,2,0,4,0.2342857142857143,0,1,0,0,1,0,0,0,0,0,0.19111842105263158
4230,‡_çËíºñÓ,1,56,40,9,3,0.13285714285714287,39,0,0,0,1,0,6,4,3,0,0.14351778656126482
4230,‡_çËíºñÓ,2,37,10,7,8,0.13648648648648648,0,4,6,0,0,0,0,0,0,16,0.14351778656126482
4230,‡_çËíºñÓ,3,41,16,10,6,0.12195121951219512,0,0,5,7,4,0,0,0,0,0,0.14351778656126482
4230,‡_çËíºñÓ,4,38,8,8,3,0.14605263157894735,0,1,6,1,0,0,0,0,0,0,0.14351778656126482
4230,‡_çËíºñÓ,5,38,7,13,4,0.14605263157894735,0,1,1,4,1,0,0,0,0,0,0.14351778656126482
4230,‡_çËíºñÓ,6,43,2,1,14,0.17953488372093024,0,2,0,0,0,0,0,0,0,0,0.14351778656126482
4231,óÈñÿóTó≤,1,21,7,5,2,0.17857142857142858,6,0,0,0,1,0,6,3,3,0,0.18981818181818183
4231,óÈñÿóTó≤,2,31,7,6,6,0.15870967741935485,0,4,3,0,0,0,0,0,0,12,0.18981818181818183
4231,óÈñÿóTó≤,3,28,4,6,3,0.195,0,0,3,1,0,0,0,0,0,0,0.18981818181818183
4231,óÈñÿóTó≤,4,24,0,5,3,0.20125,0,0,0,0,0,0,0,0,0,0,0.18981818181818183
4231,óÈñÿóTó≤,5,31,0,3,4,0.20290322580645162,0,0,0,0,0,0,0,0,0,0,0.18981818181818183
4231,óÈñÿóTó≤,6,30,0,2,4,0.20233333333333334,0,0,0,0,0,0,0,0,0,0,0.18981818181818183
4232,ä}âÎóY,1,17,7,3,2,0.18705882352941178,7,0,0,0,0,0,3,4,3,0,0.17187878787878788
4232,ä}âÎóY,2,32,3,8,6,0.159375,1,2,0,0,0,0,0,0,0,23,0.17187878787878788
4232,ä}âÎóY,3,35,2,4,5,0.182,0,0,1,1,0,0,0,0,0,0,0.17187878787878788
4232,ä}âÎóY,4,28,1,2,8,0.1842857142857143,0,1,0,0,0,0,0,0,0,0,0.17187878787878788
4232,ä}âÎóY,5,31,1,1,1,0.16709677419354838,0,0,0,1,0,0,0,0,0,0,0.17187878787878788
4232,ä}âÎóY,6,22,0,3,3,0.1531818181818182,0,0,0,0,0,0,0,0,0,0,0.17187878787878788
4233,ãTéRâÎçK,1,46,24,16,2,0.15956521739130433,23,0,0,0,1,0,11,1,10,0,0.16876033057851242
4233,ãTéRâÎçK,2,44,3,18,7,0.15727272727272726,0,2,1,0,0,0,0,0,0,23,0.16876033057851242
4233,ãTéRâÎçK,3,34,1,6,5,0.15794117647058825,0,0,0,1,0,0,0,0,0,0,0.16876033057851242
4233,ãTéRâÎçK,4,37,5,11,9,0.1635135135135135,0,1,0,2,1,1,0,0,0,0,0.16876033057851242
4233,ãTéRâÎçK,5,43,2,7,11,0.19069767441860463,0,0,0,1,1,0,0,0,0,0,0.16876033057851242
4233,ãTéRâÎçK,6,38,1,6,8,0.1831578947368421,0,1,0,0,0,0,0,0,0,0,0.16876033057851242
4234,ñÏëäçOéi,1,23,9,4,5,0.12956521739130436,9,0,0,0,0,0,5,4,3,0,0.16163043478260872
4234,ñÏëäçOéi,2,30,4,8,8,0.165,0,2,0,1,1,0,0,0,0,16,0.16163043478260872
4234,ñÏëäçOéi,3,35,2,8,7,0.13885714285714287,0,0,0,2,0,0,0,0,0,0,0.16163043478260872
4234,ñÏëäçOéi,4,34,1,6,5,0.15205882352941177,0,0,1,0,0,0,0,0,0,0,0.16163043478260872
4234,ñÏëäçOéi,5,34,0,3,7,0.18441176470588236,0,0,0,0,0,0,0,0,0,0,0.16163043478260872
4234,ñÏëäçOéi,6,28,2,2,4,0.19678571428571429,0,0,0,1,1,0,0,0,0,0,0.16163043478260872
4236,èºë∫ïq,1,70,54,9,2,0.14185714285714285,54,0,0,0,0,0,5,4,6,0,0.12538461538461537
4236,èºë∫ïq,2,42,8,14,10,0.11928571428571429,0,3,4,0,1,0,0,0,0,24,0.12538461538461537
4236,èºë∫ïq,3,48,11,11,14,0.11520833333333334,0,0,5,5,1,0,0,0,0,0,0.12538461538461537
4236,èºë∫ïq,4,44,8,12,10,0.12227272727272727,0,2,5,0,0,1,0,0,0,0,0.12538461538461537
4236,èºë∫ïq,5,33,2,6,8,0.11363636363636363,0,0,0,2,0,0,0,0,0,0,0.12538461538461537
4236,èºë∫ïq,6,36,3,5,12,0.12861111111111112,0,0,0,2,0,1,0,0,0,0,0.12538461538461537
4237,ëÂïıñL,1,71,57,10,1,0.14422535211267606,51,0,0,0,6,0,3,4,4,0,0.1541967213114754
4237,ëÂïıñL,2,53,17,22,6,0.14415094339622642,0,10,7,0,0,0,0,0,0,23,0.1541967213114754
4237,ëÂïıñL,3,45,4,12,13,0.14755555555555555,0,0,1,2,1,0,0,0,0,0,0.1541967213114754
4237,ëÂïıñL,4,46,8,13,10,0.16021739130434784,0,1,5,2,0,0,0,0,0,0,0.1541967213114754
4237,ëÂïıñL,5,46,6,4,13,0.1565217391304348,0,1,0,4,1,0,0,0,0,0,0.1541967213114754
4237,ëÂïıñL,6,44,5,9,8,0.18045454545454545,0,0,3,2,0,0,0,0,0,0,0.1541967213114754
4238,ì≈ìáêΩ,1,51,43,3,2,0.12803921568627452,42,0,0,0,1,0,0,5,2,0,0.1361860465116279
4238,ì≈ìáêΩ,2,30,8,9,3,0.14533333333333334,2,4,2,0,0,0,0,0,0,16,0.1361860465116279
4238,ì≈ìáêΩ,3,34,11,12,4,0.12176470588235293,1,2,5,3,0,0,0,0,0,0,0.1361860465116279
4238,ì≈ìáêΩ,4,31,3,10,4,0.13741935483870968,0,1,0,2,0,0,0,0,0,0,0.1361860465116279
4238,ì≈ìáêΩ,5,34,8,4,5,0.14794117647058824,0,3,2,2,1,0,0,0,0,0,0.1361860465116279
4238,ì≈ìáêΩ,6,35,6,8,3,0.1417142857142857,0,2,1,2,1,0,0,0,0,0,0.1361860465116279
4239,í|ìcíCñÁ,1,55,45,4,5,0.13763636363636364,45,0,0,0,0,0,2,3,3,0,0.15032520325203252
4239,í|ìcíCñÁ,2,37,9,11,8,0.15756756756756757,0,7,0,0,2,0,0,0,0,21,0.15032520325203252
4239,í|ìcíCñÁ,3,43,6,14,13,0.13209302325581396,0,1,0,5,0,0,0,0,0,0,0.15032520325203252
4239,í|ìcíCñÁ,4,41,2,12,12,0.14707317073170734,0,1,0,0,1,0,0,0,0,0,0.15032520325203252
4239,í|ìcíCñÁ,5,36,4,5,5,0.15777777777777777,0,1,0,2,1,0,0,0,0,0,0.15032520325203252
4239,í|ìcíCñÁ,6,34,2,3,6,0.18205882352941177,0,0,0,2,0,0,0,0,0,0,0.15032520325203252
4240,ç°à‰óTóú,1,39,22,8,4,0.1392307692307692,21,0,0,0,1,0,8,4,4,0,0.14694444444444446
4240,ç°à‰óTóú,2,38,8,11,8,0.14026315789473684,0,2,4,0,2,0,0,0,0,17,0.14694444444444446
4240,ç°à‰óTóú,3,41,7,8,13,0.13,0,2,2,2,1,0,0,0,0,0,0.14694444444444446
4240,ç°à‰óTóú,4,36,6,7,4,0.17583333333333334,0,0,3,3,0,0,0,0,0,0,0.14694444444444446
4240,ç°à‰óTóú,5,37,3,12,4,0.1372972972972973,0,0,1,0,2,0,0,0,0,0,0.14694444444444446
4240,ç°à‰óTóú,6,25,1,2,6,0.1696,0,0,1,0,0,0,0,0,0,0,0.14694444444444446
4241,ëÂã¯èdçK,1,31,16,5,3,0.16741935483870968,16,0,0,0,0,0,4,5,5,0,0.16689655172413795
4241,ëÂã¯èdçK,2,35,5,7,7,0.1814285714285714,1,2,1,0,1,0,0,0,0,16,0.16689655172413795
4241,ëÂã¯èdçK,3,37,5,7,11,0.1518918918918919,0,1,3,1,0,0,0,0,0,0,0.16689655172413795
4241,ëÂã¯èdçK,4,31,2,7,6,0.17419354838709677,0,1,0,1,0,0,0,0,0,0,0.16689655172413795
4241,ëÂã¯èdçK,5,38,1,5,7,0.16236842105263158,0,0,0,1,0,0,0,0,0,0,0.16689655172413795
4241,ëÂã¯èdçK,6,31,0,7,1,0.16612903225806452,0,0,0,0,0,0,0,0,0,0,0.16689655172413795
4243,êºë∫ï‡,1,2,1,1,0,0.135,1,0,0,0,0,0,0,0,1,0,0.209375
4243,êºë∫ï‡,2,2,0,0,0,0.275,0,0,0,0,0,0,0,0,0,2,0.209375
4243,êºë∫ï‡,3,1,1,0,0,0.23,0,1,0,0,0,0,0,0,0,0,0.209375
4243,êºë∫ï‡,4,1,0,0,0,0.32,0,0,0,0,0,0,0,0,0,0,0.209375
4243,êºë∫ï‡,5,5,0,0,1,0.242,0,0,0,0,0,0,0,0,0,0,0.209375
4243,êºë∫ï‡,6,5,0,0,1,0.154,0,0,0,0,0,0,0,0,0,0,0.209375
4244,óÈñÿê¨î¸,1,26,12,3,4,0.14692307692307693,12,0,0,0,0,0,5,7,2,0,0.14264864864864865
4244,óÈñÿê¨î¸,2,35,2,9,11,0.15057142857142855,0,1,1,0,0,0,0,0,0,24,0.14264864864864865
4244,óÈñÿê¨î¸,3,34,2,5,9,0.1302941176470588,0,0,1,0,1,0,0,0,0,0,0.14264864864864865
4244,óÈñÿê¨î¸,4,32,4,4,4,0.11125,0,2,0,2,0,0,0,0,0,0,0.14264864864864865
4244,óÈñÿê¨î¸,5,33,1,3,2,0.15242424242424243,0,0,0,1,0,0,0,0,0,0,0.14264864864864865
4244,óÈñÿê¨î¸,6,25,0,1,4,0.17120000000000002,0,0,0,0,0,0,0,0,0,0,0.14264864864864865
4245,çÇã¥íºç∆,1,32,12,6,2,0.1790625,12,0,0,0,0,0,6,10,2,0,0.1821256038647343
4245,çÇã¥íºç∆,2,40,4,7,10,0.20475,0,3,0,0,1,0,0,0,0,24,0.1821256038647343
4245,çÇã¥íºç∆,3,37,1,8,10,0.17945945945945949,0,0,0,1,0,0,0,0,0,0,0.1821256038647343
4245,çÇã¥íºç∆,4,35,2,11,8,0.1754285714285714,0,1,0,0,1,0,0,0,0,0,0.1821256038647343
4245,çÇã¥íºç∆,5,32,1,1,7,0.1740625,0,0,0,1,0,0,0,0,0,0,0.1821256038647343
4245,çÇã¥íºç∆,6,31,1,5,4,0.17516129032258063,0,0,0,1,0,0,0,0,0,0,0.1821256038647343
4246,äÏëΩìﬂóRâƒ,1,29,8,9,3,0.1896551724137931,7,0,0,0,0,1,6,7,6,0,0.19301980198019802
4246,äÏëΩìﬂóRâƒ,2,39,1,12,11,0.19923076923076924,0,1,0,0,0,0,0,0,0,22,0.19301980198019802
4246,äÏëΩìﬂóRâƒ,3,34,0,8,5,0.17852941176470588,0,0,0,0,0,0,0,0,0,0,0.19301980198019802
4246,äÏëΩìﬂóRâƒ,4,37,1,8,5,0.19594594594594594,0,0,0,1,0,0,0,0,0,0,0.19301980198019802
4246,äÏëΩìﬂóRâƒ,5,33,1,1,7,0.1903030303030303,0,0,1,0,0,0,0,0,0,0,0.19301980198019802
4246,äÏëΩìﬂóRâƒ,6,30,0,0,6,0.20400000000000001,0,0,0,0,0,0,0,0,0,0,0.19301980198019802
4247,Íéì°óD,1,25,12,3,3,0.18719999999999998,12,0,0,0,0,0,3,4,4,0,0.18231884057971015
4247,Íéì°óD,2,20,3,5,3,0.193,0,1,1,0,1,0,0,0,0,9,0.18231884057971015
4247,Íéì°óD,3,20,2,2,6,0.149,0,0,2,0,0,0,0,0,0,0,0.18231884057971015
4247,Íéì°óD,4,26,2,2,8,0.1757692307692308,0,2,0,0,0,0,0,0,0,0,0.18231884057971015
4247,Íéì°óD,5,22,0,1,5,0.17181818181818184,0,0,0,0,0,0,0,0,0,0,0.18231884057971015
4247,Íéì°óD,6,25,0,1,6,0.2116,0,0,0,0,0,0,0,0,0,0,0.18231884057971015
4248,â™ñ{ëÂ,1,34,13,7,2,0.14352941176470588,13,0,0,0,0,0,6,8,3,0,0.17351931330472103
4248,â™ñ{ëÂ,2,45,4,5,8,0.16,0,3,0,1,0,0,0,0,0,21,0.17351931330472103
4248,â™ñ{ëÂ,3,35,0,5,6,0.1542857142857143,0,0,0,0,0,0,0,0,0,0,0.17351931330472103
4248,â™ñ{ëÂ,4,37,3,5,6,0.16945945945945945,0,0,0,2,1,0,0,0,0,0,0.17351931330472103
4248,â™ñ{ëÂ,5,46,1,6,4,0.19065217391304348,0,0,0,1,0,0,0,0,0,0,0.17351931330472103
4248,â™ñ{ëÂ,6,36,0,0,6,0.21972222222222224,0,0,0,0,0,0,0,0,0,0,0.17351931330472103
4250,ì°êÏóòï∂,1,17,8,2,1,0.20352941176470588,8,0,0,0,0,0,4,2,2,0,0.19283687943262412
4250,ì°êÏóòï∂,2,27,1,7,4,0.17703703703703705,0,0,1,0,0,0,0,0,0,15,0.19283687943262412
4250,ì°êÏóòï∂,3,24,2,3,5,0.16874999999999998,0,0,2,0,0,0,0,0,0,0,0.19283687943262412
4250,ì°êÏóòï∂,4,27,1,1,0,0.21851851851851853,0,1,0,0,0,0,0,0,0,0,0.19283687943262412
4250,ì°êÏóòï∂,5,22,1,1,1,0.17045454545454544,0,1,0,0,0,0,0,0,0,0,0.19283687943262412
4250,ì°êÏóòï∂,6,24,0,0,1,0.21875,0,0,0,0,0,0,0,0,0,0,0.19283687943262412
4251,êÏçËêΩéu,1,33,14,7,1,0.18272727272727274,14,0,0,0,0,0,6,7,1,0,0.1925764192139738
4251,êÏçËêΩéu,2,40,5,13,7,0.20475,0,5,0,0,0,0,0,0,0,24,0.1925764192139738
4251,êÏçËêΩéu,3,45,5,9,9,0.16844444444444445,0,1,1,2,1,0,0,0,0,0,0.1925764192139738
4251,êÏçËêΩéu,4,38,2,4,4,0.2036842105263158,0,2,0,0,0,0,0,0,0,0,0.1925764192139738
4251,êÏçËêΩéu,5,36,2,3,11,0.19722222222222222,0,0,0,2,0,0,0,0,0,0,0.1925764192139738
4251,êÏçËêΩéu,6,37,0,5,5,0.20162162162162162,0,0,0,0,0,0,0,0,0,0,0.1925764192139738
4252,èºâ∫ìNñÁ,1,28,10,3,4,0.16035714285714286,10,0,0,0,0,0,6,1,9,0,0.16531707317073172
4252,èºâ∫ìNñÁ,2,36,2,7,6,0.19027777777777777,0,1,1,0,0,0,0,0,0,16,0.16531707317073172
4252,èºâ∫ìNñÁ,3,32,3,5,3,0.1478125,0,1,2,0,0,0,0,0,0,0,0.16531707317073172
4252,èºâ∫ìNñÁ,4,43,3,4,5,0.16325581395348837,0,0,3,0,0,0,0,0,0,0,0.16531707317073172
4252,èºâ∫ìNñÁ,5,38,2,6,2,0.1563157894736842,0,0,0,2,0,0,0,0,0,0,0.16531707317073172
4252,èºâ∫ìNñÁ,6,28,2,2,5,0.17357142857142857,0,0,2,0,0,0,0,0,0,0,0.16531707317073172
4253,êºêÏê^êl,1,37,14,10,8,0.16216216216216217,14,0,0,0,0,0,2,12,5,0,0.18357758620689657
4253,êºêÏê^êl,2,45,6,9,11,0.18266666666666667,0,2,3,0,0,1,0,0,0,24,0.18357758620689657
4253,êºêÏê^êl,3,43,1,7,8,0.16953488372093023,0,0,0,1,0,0,0,0,0,0,0.18357758620689657
4253,êºêÏê^êl,4,40,0,6,7,0.19775,0,0,0,0,0,0,0,0,0,0,0.18357758620689657
4253,êºêÏê^êl,5,34,0,2,3,0.20323529411764707,0,0,0,0,0,0,0,0,0,0,0.18357758620689657
4253,êºêÏê^êl,6,33,0,1,3,0.1896969696969697,0,0,0,0,0,0,0,0,0,0,0.18357758620689657
4254,êÏìáå\éi,1,49,34,10,3,0.1346938775510204,33,0,0,0,1,0,2,5,4,0,0.1447843137254902
4254,êÏìáå\éi,2,42,4,9,10,0.13833333333333334,0,3,1,0,0,0,0,0,0,26,0.1447843137254902
4254,êÏìáå\éi,3,41,1,19,11,0.13853658536585364,0,0,1,0,0,0,0,0,0,0,0.1447843137254902
4254,êÏìáå\éi,4,41,6,9,12,0.1431707317073171,0,2,2,2,0,0,0,0,0,0,0.1447843137254902
4254,êÏìáå\éi,5,40,0,2,11,0.15475,0,0,0,0,0,0,0,0,0,0,0.1447843137254902
4254,êÏìáå\éi,6,42,1,3,7,0.1611904761904762,0,0,0,1,0,0,0,0,0,0,0.1447843137254902
4256,ìnï”ç_éi,1,65,51,9,2,0.13107692307692306,46,0,0,0,5,0,2,6,5,0,0.14332103321033213
4256,ìnï”ç_éi,2,41,6,15,7,0.14097560975609758,0,5,1,0,0,0,0,0,0,20,0.14332103321033213
4256,ìnï”ç_éi,3,49,6,21,11,0.15081632653061225,0,1,3,2,0,0,0,0,0,0,0.14332103321033213
4256,ìnï”ç_éi,4,45,8,10,12,0.13511111111111113,0,2,4,1,1,0,0,0,0,0,0.14332103321033213
4256,ìnï”ç_éi,5,36,4,10,13,0.14194444444444446,0,0,1,2,1,0,0,0,0,0,0.14332103321033213
4256,ìnï”ç_éi,6,35,0,5,13,0.1702857142857143,0,0,0,0,0,0,0,0,0,0,0.14332103321033213
4257,å√êÏåí,1,35,20,6,3,0.14714285714285716,17,0,0,0,3,0,4,5,6,0,0.14552631578947367
4257,å√êÏåí,2,41,9,13,5,0.13365853658536586,1,7,1,0,0,0,0,0,0,22,0.14552631578947367
4257,å√êÏåí,3,42,4,5,8,0.14809523809523809,0,0,0,4,0,0,0,0,0,0,0.14552631578947367
4257,å√êÏåí,4,40,5,6,3,0.131,0,0,3,2,0,0,0,0,0,0,0.14552631578947367
4257,å√êÏåí,5,35,1,9,1,0.15228571428571427,0,1,0,0,0,0,0,0,0,0,0.14552631578947367
4257,å√êÏåí,6,35,0,3,5,0.16457142857142856,0,0,0,0,0,0,0,0,0,0,0.14552631578947367
4258,ä÷ç™è≤êl,1,31,14,4,2,0.20129032258064516,13,0,0,0,1,0,3,9,4,0,0.18379310344827587
4258,ä÷ç™è≤êl,2,35,3,6,9,0.17485714285714285,0,2,1,0,0,0,0,0,0,16,0.18379310344827587
4258,ä÷ç™è≤êl,3,36,3,5,12,0.17916666666666667,0,1,2,0,0,0,0,0,0,0,0.18379310344827587
4258,ä÷ç™è≤êl,4,37,2,2,9,0.19027027027027027,0,0,2,0,0,0,0,0,0,0,0.18379310344827587
4258,ä÷ç™è≤êl,5,34,0,3,8,0.18676470588235294,0,0,0,0,0,0,0,0,0,0,0.18379310344827587
4258,ä÷ç™è≤êl,6,30,1,0,5,0.17033333333333334,0,0,0,1,0,0,0,0,0,0,0.18379310344827587
4259,ê^íÎñæéu,1,61,44,9,6,0.13622950819672133,43,0,0,0,1,0,5,10,1,0,0.16174216027874566
4259,ê^íÎñæéu,2,47,7,14,6,0.1523404255319149,0,3,3,0,1,0,0,0,0,23,0.16174216027874566
4259,ê^íÎñæéu,3,48,5,11,14,0.165,0,1,2,2,0,0,0,0,0,0,0.16174216027874566
4259,ê^íÎñæéu,4,44,5,8,12,0.1640909090909091,0,2,1,0,2,0,0,0,0,0,0.16174216027874566
4259,ê^íÎñæéu,5,38,1,2,8,0.17710526315789474,0,0,0,0,1,0,0,0,0,0,0.16174216027874566
4259,ê^íÎñæéu,6,49,2,4,6,0.1853061224489796,0,2,0,0,0,0,0,0,0,0,0.16174216027874566
4260,íÜâzîéãI,1,34,19,4,5,0.15235294117647058,17,0,0,0,2,0,5,3,6,0,0.15963470319634704
4260,íÜâzîéãI,2,36,2,13,7,0.16777777777777778,0,1,0,0,1,0,0,0,0,20,0.15963470319634704
4260,íÜâzîéãI,3,44,4,14,7,0.16,0,1,1,2,0,0,0,0,0,0,0.15963470319634704
4260,íÜâzîéãI,4,33,5,4,1,0.14454545454545453,0,1,3,1,0,0,0,0,0,0,0.15963470319634704
4260,íÜâzîéãI,5,38,1,4,7,0.16447368421052633,0,0,0,1,0,0,0,0,0,0,0.15963470319634704
4260,íÜâzîéãI,6,34,1,1,4,0.16705882352941176,0,0,1,0,0,0,0,0,0,0,0.15963470319634704
4261,â™óSêb,1,50,32,12,2,0.1588,32,0,0,0,0,0,6,6,3,0,0.16186440677966102
4261,â™óSêb,2,37,4,17,7,0.17783783783783785,0,2,2,0,0,0,0,0,0,25,0.16186440677966102
4261,â™óSêb,3,34,8,7,8,0.16147058823529412,0,0,3,5,0,0,0,0,0,0,0.16186440677966102
4261,â™óSêb,4,41,11,9,5,0.15121951219512195,0,1,3,5,2,0,0,0,0,0,0.16186440677966102
4261,â™óSêb,5,34,1,8,8,0.15647058823529414,0,0,0,1,0,0,0,0,0,0,0.16186440677966102
4261,â™óSêb,6,40,3,5,10,0.16675,0,0,0,2,1,0,0,0,0,0,0.16186440677966102
4262,înèÍãMñÁ,1,69,55,6,4,0.10869565217391304,50,0,0,0,5,0,5,3,5,0,0.13216949152542373
4262,înèÍãMñÁ,2,52,15,15,5,0.13115384615384615,0,9,3,1,2,0,0,0,0,24,0.13216949152542373
4262,înèÍãMñÁ,3,42,13,11,6,0.13952380952380952,0,1,2,9,1,0,0,0,0,0,0.13216949152542373
4262,înèÍãMñÁ,4,49,10,15,11,0.14204081632653062,0,5,2,0,3,0,0,0,0,0,0.13216949152542373
4262,înèÍãMñÁ,5,36,3,9,8,0.13611111111111113,0,0,0,1,2,0,0,0,0,0,0.13216949152542373
4262,înèÍãMñÁ,6,47,5,8,8,0.1478723404255319,0,0,0,4,1,0,0,0,0,0,0.13216949152542373
4263,ïêèdóYâÓ,1,49,38,7,3,0.1416326530612245,35,0,0,0,3,0,1,2,6,0,0.16213333333333332
4263,ïêèdóYâÓ,2,42,9,13,6,0.15904761904761905,0,7,1,1,0,0,0,0,0,21,0.16213333333333332
4263,ïêèdóYâÓ,3,30,3,11,3,0.15533333333333335,0,1,1,1,0,0,0,0,0,0,0.16213333333333332
4263,ïêèdóYâÓ,4,30,3,3,12,0.162,0,0,2,1,0,0,0,0,0,0,0.16213333333333332
4263,ïêèdóYâÓ,5,35,2,8,7,0.16685714285714284,0,0,1,1,0,0,0,0,0,0,0.16213333333333332
4263,ïêèdóYâÓ,6,39,2,2,4,0.19230769230769232,0,0,0,0,2,0,0,0,0,0,0.16213333333333332
4264,í∑îˆèÕïΩ,1,51,37,9,1,0.14137254901960783,32,0,0,0,5,0,3,2,7,0,0.16535055350553507
4264,í∑îˆèÕïΩ,2,42,5,14,8,0.17095238095238094,0,4,1,0,0,0,0,0,0,21,0.16535055350553507
4264,í∑îˆèÕïΩ,3,49,6,13,10,0.15775510204081633,0,1,1,2,2,0,0,0,0,0,0.16535055350553507
4264,í∑îˆèÕïΩ,4,46,5,8,15,0.1758695652173913,0,0,4,1,0,0,0,0,0,0,0.16535055350553507
4264,í∑îˆèÕïΩ,5,47,1,6,15,0.16191489361702127,0,0,1,0,0,0,0,0,0,0,0.16535055350553507
4264,í∑îˆèÕïΩ,6,36,0,5,9,0.19416666666666668,0,0,0,0,0,0,0,0,0,0,0.16535055350553507
4266,í∑ìcóäè@,1,56,50,4,0,0.11553571428571428,45,0,0,0,5,0,4,0,1,0,0.1449811320754717
4266,í∑ìcóäè@,2,45,5,14,10,0.1451111111111111,0,2,2,0,1,0,0,0,0,29,0.1449811320754717
4266,í∑ìcóäè@,3,43,10,14,11,0.1330232558139535,1,2,2,3,2,0,0,0,0,0,0.1449811320754717
4266,í∑ìcóäè@,4,43,3,9,8,0.16534883720930232,0,3,0,0,0,0,0,0,0,0,0.1449811320754717
4266,í∑ìcóäè@,5,37,8,5,11,0.15216216216216216,0,1,1,3,3,0,0,0,0,0,0.1449811320754717
4266,í∑ìcóäè@,6,41,4,8,10,0.16975609756097562,0,0,0,2,2,0,0,0,0,0,0.1449811320754717
4268,òaçáèrâÓ,1,18,1,4,2,0.18666666666666665,1,0,0,0,0,0,5,6,4,0,0.17959183673469387
4268,òaçáèrâÓ,2,25,1,3,3,0.1728,0,1,0,0,0,0,0,0,0,13,0.17959183673469387
4268,òaçáèrâÓ,3,32,3,6,7,0.1609375,0,0,2,0,1,0,0,0,0,0,0.17959183673469387
4268,òaçáèrâÓ,4,25,3,1,4,0.1564,0,0,2,1,0,0,0,0,0,0,0.17959183673469387
4268,òaçáèrâÓ,5,28,0,0,5,0.19357142857142856,0,0,0,0,0,0,0,0,0,0,0.17959183673469387
4268,òaçáèrâÓ,6,19,0,2,0,0.2231578947368421,0,0,0,0,0,0,0,0,0,0,0.17959183673469387
4269,êôéRóTñÁ,1,51,32,9,3,0.14705882352941177,29,0,0,0,3,0,7,3,9,0,0.15516129032258064
4269,êôéRóTñÁ,2,49,8,16,11,0.17489795918367348,0,6,2,0,0,0,0,0,0,27,0.15516129032258064
4269,êôéRóTñÁ,3,44,3,14,9,0.15704545454545454,0,0,2,0,1,0,0,0,0,0,0.15516129032258064
4269,êôéRóTñÁ,4,44,5,13,8,0.15113636363636365,0,0,2,2,1,0,0,0,0,0,0.15516129032258064
4269,êôéRóTñÁ,5,43,4,13,7,0.1513953488372093,0,0,0,3,1,0,0,0,0,0,0.15516129032258064
4269,êôéRóTñÁ,6,48,2,6,9,0.14895833333333333,0,0,0,2,0,0,0,0,0,0,0.15516129032258064
4270,ä›ñ{óYãM,1,26,9,5,4,0.15653846153846154,7,0,1,0,1,0,10,1,5,0,0.17405405405405408
4270,ä›ñ{óYãM,2,34,1,11,6,0.16911764705882354,0,1,0,0,0,0,0,0,0,24,0.17405405405405408
4270,ä›ñ{óYãM,3,33,2,1,8,0.17575757575757575,0,0,2,0,0,0,0,0,0,0,0.17405405405405408
4270,ä›ñ{óYãM,4,36,3,3,6,0.17222222222222222,0,1,2,0,0,0,0,0,0,0,0.17405405405405408
4270,ä›ñ{óYãM,5,32,0,4,6,0.175625,0,0,0,0,0,0,0,0,0,0,0.17405405405405408
4270,ä›ñ{óYãM,6,24,0,0,0,0.19833333333333333,0,0,0,0,0,0,0,0,0,0,0.17405405405405408
4271,êÏçËåˆñı,1,41,21,10,6,0.13975609756097562,21,0,0,0,0,0,7,4,6,0,0.15578544061302682
4271,êÏçËåˆñı,2,42,4,9,6,0.14809523809523809,0,3,1,0,0,0,0,0,0,24,0.15578544061302682
4271,êÏçËåˆñı,3,49,2,7,15,0.15673469387755104,0,1,1,0,0,0,0,0,0,0,0.15578544061302682
4271,êÏçËåˆñı,4,48,6,3,11,0.15625,0,3,2,1,0,0,0,0,0,0,0.15578544061302682
4271,êÏçËåˆñı,5,41,1,4,4,0.1719512195121951,0,0,0,1,0,0,0,0,0,0,0.15578544061302682
4271,êÏçËåˆñı,6,40,1,1,5,0.162,0,1,0,0,0,0,0,0,0,0,0.15578544061302682
4272,ëÂèÍçLçF,1,45,19,10,8,0.15288888888888888,19,0,0,0,0,0,11,6,3,0,0.16240418118466898
4272,ëÂèÍçLçF,2,47,4,18,9,0.17425531914893616,0,3,1,0,0,0,0,0,0,20,0.16240418118466898
4272,ëÂèÍçLçF,3,57,8,8,16,0.15421052631578946,0,3,3,2,0,0,0,0,0,0,0.16240418118466898
4272,ëÂèÍçLçF,4,52,2,10,14,0.17942307692307694,0,0,2,0,0,0,0,0,0,0,0.16240418118466898
4272,ëÂèÍçLçF,5,42,2,6,7,0.1592857142857143,0,0,0,1,1,0,0,0,0,0,0.16240418118466898
4272,ëÂèÍçLçF,6,44,0,2,7,0.15295454545454545,0,0,0,0,0,0,0,0,0,0,0.16240418118466898
4273,ç≤ì°àÆ,1,31,11,9,3,0.17096774193548386,10,0,0,0,1,0,4,8,7,0,0.18702702702702703
4273,ç≤ì°àÆ,2,40,7,11,7,0.1975,0,4,3,0,0,0,0,0,0,16,0.18702702702702703
4273,ç≤ì°àÆ,3,41,5,13,8,0.16829268292682928,0,0,4,1,0,0,0,0,0,0,0.18702702702702703
4273,ç≤ì°àÆ,4,35,1,4,11,0.19428571428571428,0,0,0,0,1,0,0,0,0,0,0.18702702702702703
4273,ç≤ì°àÆ,5,40,6,6,8,0.195,0,0,1,5,0,0,0,0,0,0,0.18702702702702703
4273,ç≤ì°àÆ,6,35,0,2,8,0.19485714285714287,0,0,0,0,0,0,0,0,0,0,0.18702702702702703
4274,í∑î®óFï„,1,33,20,2,5,0.14636363636363636,18,1,0,0,1,0,3,5,2,0,0.16415887850467292
4274,í∑î®óFï„,2,42,4,11,9,0.15952380952380954,0,4,0,0,0,0,0,0,0,25,0.16415887850467292
4274,í∑î®óFï„,3,35,2,6,9,0.16457142857142856,0,0,0,2,0,0,0,0,0,0,0.16415887850467292
4274,í∑î®óFï„,4,36,5,6,5,0.1497222222222222,0,1,3,1,0,0,0,0,0,0,0.16415887850467292
4274,í∑î®óFï„,5,36,4,1,8,0.19444444444444445,0,1,0,1,1,1,0,0,0,0,0.16415887850467292
4274,í∑î®óFï„,6,32,3,2,5,0.1703125,0,1,0,2,0,0,0,0,0,0,0.16415887850467292
4275,êõñÏÇÕÇ‚Ç©,1,26,4,3,3,0.19153846153846155,4,0,0,0,0,0,4,9,7,0,0.17478260869565218
4275,êõñÏÇÕÇ‚Ç©,2,36,4,9,9,0.17,0,2,0,0,2,0,0,0,0,19,0.17478260869565218
4275,êõñÏÇÕÇ‚Ç©,3,37,2,8,6,0.17027027027027025,0,0,2,0,0,0,0,0,0,0,0.17478260869565218
4275,êõñÏÇÕÇ‚Ç©,4,30,2,4,7,0.153,0,0,0,2,0,0,0,0,0,0,0.17478260869565218
4275,êõñÏÇÕÇ‚Ç©,5,32,0,3,4,0.1809375,0,0,0,0,0,0,0,0,0,0,0.17478260869565218
4275,êõñÏÇÕÇ‚Ç©,6,23,1,0,3,0.19043478260869565,0,0,1,0,0,0,0,0,0,0,0.17478260869565218
4276,óÈñÿèüîé,1,54,36,8,4,0.1388888888888889,35,0,0,0,1,0,9,3,6,0,0.14485596707818932
4276,óÈñÿèüîé,2,44,13,13,5,0.17204545454545456,1,9,3,0,0,0,0,0,0,16,0.14485596707818932
4276,óÈñÿèüîé,3,36,6,17,6,0.13194444444444445,0,0,4,1,1,0,0,0,0,0,0.14485596707818932
4276,óÈñÿèüîé,4,32,13,8,2,0.1203125,0,5,5,3,0,0,0,0,0,0,0.14485596707818932
4276,óÈñÿèüîé,5,37,9,6,8,0.1256756756756757,0,0,5,2,2,0,0,0,0,0,0.14485596707818932
4276,óÈñÿèüîé,6,40,9,10,6,0.172,0,1,5,2,0,1,0,0,0,0,0.14485596707818932
4277,ã‡ìcëÂï„,1,32,14,8,3,0.1378125,10,0,0,0,4,0,6,4,6,0,0.1471291866028708
4277,ã‡ìcëÂï„,2,37,4,9,7,0.15783783783783784,0,1,1,0,2,0,0,0,0,22,0.1471291866028708
4277,ã‡ìcëÂï„,3,38,10,6,7,0.1628947368421053,0,2,7,1,0,0,0,0,0,0,0.1471291866028708
4277,ã‡ìcëÂï„,4,37,7,5,3,0.14162162162162162,0,0,6,1,0,0,0,0,0,0,0.1471291866028708
4277,ã‡ìcëÂï„,5,33,1,6,2,0.1487878787878788,0,0,0,0,1,0,0,0,0,0,0.1471291866028708
4277,ã‡ìcëÂï„,6,32,1,8,4,0.13,0,0,0,1,0,0,0,0,0,0,0.1471291866028708
4278,ì°â™èrâÓ,1,52,38,7,5,0.13,36,0,0,0,2,0,3,5,5,0,0.1383265306122449
4278,ì°â™èrâÓ,2,47,9,12,9,0.13319148936170214,1,6,1,0,1,0,0,0,0,26,0.1383265306122449
4278,ì°â™èrâÓ,3,36,7,11,7,0.12777777777777777,0,2,1,3,1,0,0,0,0,0,0.1383265306122449
4278,ì°â™èrâÓ,4,38,8,11,9,0.14157894736842105,0,1,3,2,1,1,0,0,0,0,0.1383265306122449
4278,ì°â™èrâÓ,5,40,3,9,10,0.15075,0,1,0,2,0,0,0,0,0,0,0.1383265306122449
4278,ì°â™èrâÓ,6,32,4,4,6,0.151875,0,1,0,1,2,0,0,0,0,0,0.1383265306122449
4281,ëÂ‡VëÂñ≤,1,32,14,4,6,0.1596875,14,0,0,0,0,0,2,7,7,0,0.16360655737704918
4281,ëÂ‡VëÂñ≤,2,28,7,5,6,0.17214285714285715,0,7,0,0,0,0,0,0,0,10,0.16360655737704918
4281,ëÂ‡VëÂñ≤,3,33,4,4,4,0.14333333333333334,0,0,1,3,0,0,0,0,0,0,0.16360655737704918
4281,ëÂ‡VëÂñ≤,4,29,2,5,13,0.16344827586206898,0,1,1,0,0,0,0,0,0,0,0.16360655737704918
4281,ëÂ‡VëÂñ≤,5,28,1,4,9,0.16964285714285715,0,0,1,0,0,0,0,0,0,0,0.16360655737704918
4281,ëÂ‡VëÂñ≤,6,33,0,2,4,0.17545454545454545,0,0,0,0,0,0,0,0,0,0,0.16360655737704918
4282,â©ã‡à‰óTéq,1,8,3,0,2,0.18875,2,0,0,0,1,0,2,2,1,0,0.17092307692307693
4282,â©ã‡à‰óTéq,2,14,0,6,3,0.19428571428571426,0,0,0,0,0,0,0,0,0,8,0.17092307692307693
4282,â©ã‡à‰óTéq,3,11,0,1,2,0.15363636363636363,0,0,0,0,0,0,0,0,0,0,0.17092307692307693
4282,â©ã‡à‰óTéq,4,12,0,4,3,0.1575,0,0,0,0,0,0,0,0,0,0,0.17092307692307693
4282,â©ã‡à‰óTéq,5,10,0,0,2,0.16699999999999998,0,0,0,0,0,0,0,0,0,0,0.17092307692307693
4282,â©ã‡à‰óTéq,6,10,0,1,2,0.163,0,0,0,0,0,0,0,0,0,0,0.17092307692307693
4283,êŒà‰óTî¸,1,22,3,8,4,0.15181818181818182,3,0,0,0,0,0,3,12,2,0,0.181375
4283,êŒà‰óTî¸,2,36,4,5,7,0.18666666666666665,0,2,1,0,0,1,0,0,0,18,0.181375
4283,êŒà‰óTî¸,3,31,1,3,5,0.1896774193548387,0,0,0,0,1,0,0,0,0,0,0.181375
4283,êŒà‰óTî¸,4,21,0,3,7,0.1952380952380952,0,0,0,0,0,0,0,0,0,0,0.181375
4283,êŒà‰óTî¸,5,30,0,4,5,0.19033333333333333,0,0,0,0,0,0,0,0,0,0,0.181375
4283,êŒà‰óTî¸,6,20,0,2,5,0.1635,0,0,0,0,0,0,0,0,0,0,0.181375
4285,î∫è´ìT,1,24,6,8,3,0.13625,6,0,0,0,0,0,11,3,4,0,0.17916666666666667
4285,î∫è´ìT,2,33,2,5,7,0.16363636363636364,0,1,0,0,0,1,0,0,0,17,0.17916666666666667
4285,î∫è´ìT,3,34,0,3,3,0.15441176470588236,0,0,0,0,0,0,0,0,0,0,0.17916666666666667
4285,î∫è´ìT,4,29,0,0,4,0.20758620689655174,0,0,0,0,0,0,0,0,0,0,0.17916666666666667
4285,î∫è´ìT,5,25,1,2,0,0.2064,0,0,0,1,0,0,0,0,0,0,0.17916666666666667
4285,î∫è´ìT,6,23,0,0,3,0.21739130434782608,0,0,0,0,0,0,0,0,0,0,0.17916666666666667
4286,ïΩìcÇ≥Ç‚Ç©,1,57,36,11,6,0.16824561403508773,35,0,0,0,1,0,3,10,7,0,0.1557627118644068
4286,ïΩìcÇ≥Ç‚Ç©,2,48,7,16,11,0.14708333333333334,0,1,4,0,1,1,0,0,0,23,0.1557627118644068
4286,ïΩìcÇ≥Ç‚Ç©,3,56,8,15,10,0.13339285714285715,0,2,2,3,1,0,0,0,0,0,0.1557627118644068
4286,ïΩìcÇ≥Ç‚Ç©,4,60,3,4,14,0.15266666666666667,0,0,0,3,0,0,0,0,0,0,0.1557627118644068
4286,ïΩìcÇ≥Ç‚Ç©,5,40,4,5,6,0.16399999999999998,0,1,0,3,0,0,0,0,0,0,0.1557627118644068
4286,ïΩìcÇ≥Ç‚Ç©,6,34,2,1,2,0.1797058823529412,0,0,1,0,1,0,0,0,0,0,0.1557627118644068
4287,ç°à‰ãMém,1,71,52,11,5,0.14464788732394365,47,0,0,0,4,1,8,4,6,0,0.15482758620689654
4287,ç°à‰ãMém,2,42,10,17,7,0.15666666666666668,0,6,3,1,0,0,0,0,0,17,0.15482758620689654
4287,ç°à‰ãMém,3,47,14,13,6,0.15978723404255318,0,1,7,3,3,0,0,0,0,0,0.15482758620689654
4287,ç°à‰ãMém,4,42,4,21,8,0.16404761904761905,0,3,1,0,0,0,0,0,0,0,0.15482758620689654
4287,ç°à‰ãMém,5,47,4,9,8,0.15319148936170213,0,1,2,1,0,0,0,0,0,0,0.15482758620689654
4287,ç°à‰ãMém,6,41,2,7,11,0.1573170731707317,0,1,0,0,1,0,0,0,0,0,0.15482758620689654
4288,âiìcå[ìÒ,1,56,50,2,2,0.1367857142857143,45,0,0,0,5,0,4,1,1,0,0.14886877828054298
4288,âiìcå[ìÒ,2,37,11,13,7,0.14756756756756756,1,4,6,0,0,0,0,0,0,15,0.14886877828054298
4288,âiìcå[ìÒ,3,36,8,8,11,0.15666666666666668,0,0,5,3,0,0,0,0,0,0,0.14886877828054298
4288,âiìcå[ìÒ,4,36,6,12,9,0.15083333333333332,0,0,4,2,0,0,0,0,0,0,0.14886877828054298
4288,âiìcå[ìÒ,5,33,4,8,11,0.15181818181818182,0,0,3,1,0,0,0,0,0,0,0.14886877828054298
4288,âiìcå[ìÒ,6,23,3,0,9,0.16086956521739132,0,0,2,1,0,0,0,0,0,0,0.14886877828054298
4289,óéçáíºéq,1,61,51,6,4,0.12639344262295082,47,0,0,0,4,0,4,4,1,0,0.13158536585365851
4289,óéçáíºéq,2,41,13,10,8,0.13195121951219513,0,9,3,0,1,0,0,0,0,17,0.13158536585365851
4289,óéçáíºéq,3,41,3,21,4,0.11682926829268293,0,0,2,1,0,0,0,0,0,0,0.13158536585365851
4289,óéçáíºéq,4,39,3,7,13,0.14076923076923079,0,0,2,0,1,0,0,0,0,0,0.13158536585365851
4289,óéçáíºéq,5,25,3,7,3,0.1272,0,0,1,2,0,0,0,0,0,0,0.13158536585365851
4289,óéçáíºéq,6,39,1,6,9,0.14846153846153845,0,1,0,0,0,0,0,0,0,0,0.13158536585365851
4290,àÓìcç_ìÒ,1,54,40,7,1,0.13407407407407407,38,0,0,0,2,0,9,3,2,0,0.13679999999999998
4290,àÓìcç_ìÒ,2,44,13,17,5,0.1290909090909091,0,7,6,0,0,0,0,0,0,22,0.13679999999999998
4290,àÓìcç_ìÒ,3,50,12,12,5,0.1428,0,3,2,5,2,0,0,0,0,0,0.13679999999999998
4290,àÓìcç_ìÒ,4,46,10,9,7,0.1252173913043478,0,2,2,3,3,0,0,0,0,0,0.13679999999999998
4290,àÓìcç_ìÒ,5,44,4,15,12,0.145,0,0,0,3,1,0,0,0,0,0,0.13679999999999998
4290,àÓìcç_ìÒ,6,37,3,11,5,0.1464864864864865,0,0,2,1,0,0,0,0,0,0,0.13679999999999998
4292,ñÉê∂êTâÓ,1,67,50,9,3,0.14820895522388058,47,1,0,0,2,0,3,3,7,0,0.14072463768115942
4292,ñÉê∂êTâÓ,2,42,9,8,9,0.15023809523809525,0,6,1,0,2,0,0,0,0,22,0.14072463768115942
4292,ñÉê∂êTâÓ,3,49,16,13,9,0.14346938775510204,0,3,3,9,1,0,0,0,0,0,0.14072463768115942
4292,ñÉê∂êTâÓ,4,44,7,12,6,0.14409090909090908,0,0,2,3,2,0,0,0,0,0,0.14072463768115942
4292,ñÉê∂êTâÓ,5,40,5,4,10,0.12275,0,1,1,3,0,0,0,0,0,0,0.14072463768115942
4292,ñÉê∂êTâÓ,6,34,2,6,6,0.12705882352941178,0,0,1,0,1,0,0,0,0,0,0.14072463768115942
4293,óÈñÿíqå[,1,47,26,11,4,0.1376595744680851,26,0,0,0,0,0,9,6,5,0,0.15537906137184115
4293,óÈñÿíqå[,2,51,5,11,15,0.16941176470588237,0,4,1,0,0,0,0,0,0,30,0.15537906137184115
4293,óÈñÿíqå[,3,49,3,9,14,0.1463265306122449,0,0,1,2,0,0,0,0,0,0,0.15537906137184115
4293,óÈñÿíqå[,4,43,1,8,16,0.1672093023255814,0,1,0,0,0,0,0,0,0,0,0.15537906137184115
4293,óÈñÿíqå[,5,47,4,6,11,0.1468085106382979,0,0,1,3,0,0,0,0,0,0,0.15537906137184115
4293,óÈñÿíqå[,6,40,1,3,5,0.16675,0,0,0,1,0,0,0,0,0,0,0.15537906137184115
4294,å√âÍî…ãP,1,39,29,5,2,0.1441025641025641,25,0,0,0,4,0,2,6,2,0,0.16609375
4294,å√âÍî…ãP,2,33,3,14,5,0.1672727272727273,0,3,0,0,0,0,0,0,0,19,0.16609375
4294,å√âÍî…ãP,3,30,8,6,6,0.17266666666666666,0,0,3,4,1,0,0,0,0,0,0.16609375
4294,å√âÍî…ãP,4,37,12,4,8,0.157027027027027,0,0,5,6,1,0,0,0,0,0,0.16609375
4294,å√âÍî…ãP,5,28,1,7,10,0.17107142857142857,0,0,0,1,0,0,0,0,0,0,0.16609375
4294,å√âÍî…ãP,6,25,5,3,4,0.19879999999999998,0,1,1,3,0,0,0,0,0,0,0.16609375
4295,è¨ç‚èÆç∆,1,48,36,7,1,0.13333333333333333,35,0,0,0,1,0,3,4,3,0,0.15399193548387097
4295,è¨ç‚èÆç∆,2,39,10,13,6,0.15487179487179487,0,8,2,0,0,0,0,0,0,19,0.15399193548387097
4295,è¨ç‚èÆç∆,3,42,7,16,12,0.13333333333333336,0,0,2,5,0,0,0,0,0,0,0.15399193548387097
4295,è¨ç‚èÆç∆,4,39,10,6,12,0.17897435897435898,0,0,4,6,0,0,0,0,0,0,0.15399193548387097
4295,è¨ç‚èÆç∆,5,34,3,6,14,0.1411764705882353,0,0,1,2,0,0,0,0,0,0,0.15399193548387097
4295,è¨ç‚èÆç∆,6,46,2,2,16,0.1819565217391304,0,2,0,0,0,0,0,0,0,0,0.15399193548387097
4296,â™çËã±óT,1,65,45,8,6,0.13292307692307692,41,0,0,0,4,0,6,9,4,0,0.12762886597938145
4296,â™çËã±óT,2,50,12,17,5,0.12480000000000001,0,8,0,1,2,1,0,0,0,25,0.12762886597938145
4296,â™çËã±óT,3,48,11,15,11,0.12166666666666666,0,2,3,5,1,0,0,0,0,0,0.12762886597938145
4296,â™çËã±óT,4,46,9,19,12,0.1182608695652174,0,1,2,4,2,0,0,0,0,0,0.12762886597938145
4296,â™çËã±óT,5,45,3,9,10,0.12533333333333332,0,0,1,1,1,0,0,0,0,0,0.12762886597938145
4296,â™çËã±óT,6,37,7,4,6,0.14432432432432432,0,2,1,3,1,0,0,0,0,0,0.12762886597938145
4297,éRìcìNñÁ,1,51,39,7,1,0.1319607843137255,38,0,0,0,1,0,4,3,5,0,0.1124609375
4297,éRìcìNñÁ,2,48,10,18,6,0.11479166666666667,0,5,3,1,1,0,0,0,0,30,0.1124609375
4297,éRìcìNñÁ,3,38,11,6,8,0.10868421052631579,0,0,10,1,0,0,0,0,0,0,0.1124609375
4297,éRìcìNñÁ,4,44,8,9,8,0.10159090909090908,0,1,5,1,1,0,0,0,0,0,0.1124609375
4297,éRìcìNñÁ,5,40,6,6,9,0.1045,0,0,5,1,0,0,0,0,0,0,0.1124609375
4297,éRìcìNñÁ,6,35,3,5,3,0.10771428571428572,0,2,0,1,0,0,0,0,0,0,0.1124609375
4298,ã{â∫å≥à˚,1,45,30,10,2,0.15488888888888888,27,0,0,0,3,0,5,3,4,0,0.15646090534979426
4298,ã{â∫å≥à˚,2,40,10,9,12,0.16325,0,5,2,0,3,0,0,0,0,21,0.15646090534979426
4298,ã{â∫å≥à˚,3,42,1,12,11,0.1619047619047619,0,0,1,0,0,0,0,0,0,0,0.15646090534979426
4298,ã{â∫å≥à˚,4,43,5,11,11,0.1444186046511628,0,0,5,0,0,0,0,0,0,0,0.15646090534979426
4298,ã{â∫å≥à˚,5,38,1,1,6,0.15236842105263157,0,0,0,0,1,0,0,0,0,0,0.15646090534979426
4298,ã{â∫å≥à˚,6,35,1,3,10,0.16342857142857142,0,0,0,1,0,0,0,0,0,0,0.15646090534979426
4299,íÜìáç_ç∆,1,32,12,8,5,0.1459375,10,0,0,0,2,0,5,8,4,0,0.1474074074074074
4299,íÜìáç_ç∆,2,29,0,9,4,0.14689655172413793,0,0,0,0,0,0,0,0,0,22,0.1474074074074074
4299,íÜìáç_ç∆,3,32,4,8,5,0.1471875,0,1,1,2,0,0,0,0,0,0,0.1474074074074074
4299,íÜìáç_ç∆,4,30,2,2,6,0.14400000000000002,0,0,1,0,1,0,0,0,0,0,0.1474074074074074
4299,íÜìáç_ç∆,5,32,3,2,3,0.154375,0,0,0,3,0,0,0,0,0,0,0.1474074074074074
4299,íÜìáç_ç∆,6,34,0,0,4,0.14588235294117646,0,0,0,0,0,0,0,0,0,0,0.1474074074074074
4300,â¡ì°àª,1,31,15,7,4,0.1632258064516129,14,0,0,0,1,0,5,7,1,0,0.18548913043478263
4300,â¡ì°àª,2,33,10,8,4,0.16090909090909092,0,9,0,0,1,0,0,0,0,12,0.18548913043478263
4300,â¡ì°àª,3,28,1,8,7,0.17785714285714288,0,0,0,1,0,0,0,0,0,0,0.18548913043478263
4300,â¡ì°àª,4,32,3,5,10,0.19187500000000002,0,0,2,1,0,0,0,0,0,0,0.18548913043478263
4300,â¡ì°àª,5,32,2,2,5,0.20875,0,0,0,2,0,0,0,0,0,0,0.18548913043478263
4300,â¡ì°àª,6,28,0,3,6,0.21285714285714286,0,0,0,0,0,0,0,0,0,0,0.18548913043478263
4301,ä÷óTñÁ,1,37,31,3,1,0.1245945945945946,31,0,0,0,0,0,4,1,0,0,0.14863636363636362
4301,ä÷óTñÁ,2,36,1,10,4,0.15666666666666665,0,1,0,0,0,0,0,0,0,25,0.14863636363636362
4301,ä÷óTñÁ,3,32,8,8,3,0.154375,1,0,4,1,2,0,0,0,0,0,0.14863636363636362
4301,ä÷óTñÁ,4,31,3,5,4,0.1664516129032258,0,2,1,0,0,0,0,0,0,0,0.14863636363636362
4301,ä÷óTñÁ,5,35,0,5,6,0.13914285714285715,0,0,0,0,0,0,0,0,0,0,0.14863636363636362
4301,ä÷óTñÁ,6,27,4,1,7,0.1559259259259259,0,0,2,1,1,0,0,0,0,0,0.14863636363636362
4302,êºñÏ„ƒëæ,1,54,41,8,2,0.14407407407407408,40,0,0,0,1,0,3,4,6,0,0.14804780876494025
4302,êºñÏ„ƒëæ,2,38,4,18,4,0.1473684210526316,0,4,0,0,0,0,0,0,0,27,0.14804780876494025
4302,êºñÏ„ƒëæ,3,38,7,11,7,0.14842105263157893,1,1,2,3,0,0,0,0,0,0,0.14804780876494025
4302,êºñÏ„ƒëæ,4,49,5,17,9,0.15142857142857144,1,0,1,2,1,0,0,0,0,0,0.14804780876494025
4302,êºñÏ„ƒëæ,5,38,2,4,8,0.15026315789473685,0,0,0,2,0,0,0,0,0,0,0.14804780876494025
4302,êºñÏ„ƒëæ,6,34,3,5,8,0.14735294117647058,0,1,0,2,0,0,0,0,0,0,0.14804780876494025
4303,ñqå¥êí,1,38,17,8,7,0.15921052631578947,17,0,0,0,0,0,5,5,5,0,0.19405737704918033
4303,ñqå¥êí,2,43,4,12,12,0.1713953488372093,0,2,0,1,1,0,0,0,0,20,0.19405737704918033
4303,ñqå¥êí,3,42,3,6,8,0.19952380952380955,0,0,1,2,0,0,0,0,0,0,0.19405737704918033
4303,ñqå¥êí,4,42,2,6,11,0.19452380952380952,0,0,0,2,0,0,0,0,0,0,0.19405737704918033
4303,ñqå¥êí,5,43,1,3,9,0.2046511627906977,0,1,0,0,0,0,0,0,0,0,0.19405737704918033
4303,ñqå¥êí,6,36,2,3,5,0.23833333333333334,0,1,0,1,0,0,0,0,0,0,0.19405737704918033
4304,ì°çËè¨ïSçá,1,32,19,2,5,0.1434375,14,0,0,0,5,0,3,7,2,0,0.12270833333333335
4304,ì°çËè¨ïSçá,2,23,3,13,4,0.12000000000000001,0,1,1,0,1,0,0,0,0,8,0.12270833333333335
4304,ì°çËè¨ïSçá,3,26,4,7,6,0.135,0,1,2,0,1,0,0,0,0,0,0.12270833333333335
4304,ì°çËè¨ïSçá,4,22,6,2,2,0.10090909090909092,0,0,3,3,0,0,0,0,0,0,0.12270833333333335
4304,ì°çËè¨ïSçá,5,18,2,4,3,0.1111111111111111,0,0,2,0,0,0,0,0,0,0,0.12270833333333335
4304,ì°çËè¨ïSçá,6,23,1,2,1,0.1126086956521739,0,0,0,0,1,0,0,0,0,0,0.12270833333333335
4305,ã‡éqëÒñÓ,1,51,34,8,0,0.1264705882352941,33,0,0,0,1,0,4,5,7,0,0.13794117647058823
4305,ã‡éqëÒñÓ,2,38,7,15,6,0.14263157894736841,0,4,1,0,1,1,0,0,0,19,0.13794117647058823
4305,ã‡éqëÒñÓ,3,50,8,8,15,0.1424,0,1,3,3,1,0,0,0,0,0,0.13794117647058823
4305,ã‡éqëÒñÓ,4,40,7,14,9,0.14450000000000002,0,1,3,3,0,0,0,0,0,0,0.13794117647058823
4305,ã‡éqëÒñÓ,5,31,5,4,10,0.13806451612903226,0,0,0,5,0,0,0,0,0,0,0.13794117647058823
4305,ã‡éqëÒñÓ,6,28,1,7,4,0.135,0,0,0,1,0,0,0,0,0,0,0.13794117647058823
4306,î»ñˆèrå·,1,31,9,4,8,0.22838709677419355,8,0,0,0,1,0,4,12,4,0,0.1967027027027027
4306,î»ñˆèrå·,2,31,2,6,7,0.1806451612903226,0,2,0,0,0,0,0,0,0,17,0.1967027027027027
4306,î»ñˆèrå·,3,36,2,12,8,0.21333333333333332,0,0,0,0,2,0,0,0,0,0,0.1967027027027027
4306,î»ñˆèrå·,4,25,0,6,5,0.1844,0,0,0,0,0,0,0,0,0,0,0.1967027027027027
4306,î»ñˆèrå·,5,33,4,7,9,0.17,0,1,1,2,0,0,0,0,0,0,0.1967027027027027
4306,î»ñˆèrå·,6,29,2,4,8,0.20034482758620692,0,1,0,0,1,0,0,0,0,0,0.1967027027027027
4308,âÕë∫óπ,1,47,28,7,2,0.15595744680851065,28,0,0,0,0,0,3,7,8,0,0.15844155844155844
4308,âÕë∫óπ,2,38,9,14,5,0.15105263157894738,0,5,3,0,1,0,0,0,0,14,0.15844155844155844
4308,âÕë∫óπ,3,37,7,14,8,0.1583783783783784,0,0,3,4,0,0,0,0,0,0,0.15844155844155844
4308,âÕë∫óπ,4,37,5,9,4,0.16594594594594594,0,1,1,2,1,0,0,0,0,0,0.15844155844155844
4308,âÕë∫óπ,5,37,4,8,7,0.16567567567567568,0,0,0,3,1,0,0,0,0,0,0.15844155844155844
4308,âÕë∫óπ,6,35,1,5,12,0.1542857142857143,0,0,1,0,0,0,0,0,0,0,0.15844155844155844
4311,â™ë∫êm,1,68,54,6,4,0.12264705882352941,52,0,0,0,2,0,4,4,4,0,0.13567567567567568
4311,â™ë∫êm,2,46,12,17,8,0.1323913043478261,0,9,2,0,1,0,0,0,0,28,0.13567567567567568
4311,â™ë∫êm,3,52,16,12,13,0.12865384615384617,0,2,5,7,2,0,0,0,0,0,0.13567567567567568
4311,â™ë∫êm,4,45,10,14,9,0.13511111111111113,0,2,6,2,0,0,0,0,0,0,0.13567567567567568
4311,â™ë∫êm,5,42,4,11,15,0.14047619047619048,0,1,0,3,0,0,0,0,0,0,0.13567567567567568
4311,â™ë∫êm,6,43,1,7,13,0.1641860465116279,0,1,0,0,0,0,0,0,0,0,0.13567567567567568
4313,êºë∫î¸íqéq,1,38,32,2,3,0.13289473684210526,31,0,0,0,1,0,2,0,3,0,0.1395266272189349
4313,êºë∫î¸íqéq,2,28,6,8,6,0.13464285714285715,0,2,3,0,1,0,0,0,0,18,0.1395266272189349
4313,êºë∫î¸íqéq,3,26,5,5,7,0.11615384615384615,0,0,1,3,1,0,0,0,0,0,0.1395266272189349
4313,êºë∫î¸íqéq,4,23,4,2,4,0.11956521739130435,0,0,3,1,0,0,0,0,0,0,0.1395266272189349
4313,êºë∫î¸íqéq,5,27,1,6,5,0.14,0,0,0,1,0,0,0,0,0,0,0.1395266272189349
4313,êºë∫î¸íqéq,6,27,0,2,6,0.19296296296296298,0,0,0,0,0,0,0,0,0,0,0.1395266272189349
4314,ê¬ñÿçKëæòY,1,36,18,8,6,0.15638888888888888,18,0,0,0,0,0,7,5,5,0,0.1452232142857143
4314,ê¬ñÿçKëæòY,2,39,5,14,7,0.13076923076923075,0,3,2,0,0,0,0,0,0,20,0.1452232142857143
4314,ê¬ñÿçKëæòY,3,38,3,10,5,0.15105263157894738,0,1,1,1,0,0,0,0,0,0,0.1452232142857143
4314,ê¬ñÿçKëæòY,4,38,7,4,6,0.11552631578947367,0,0,7,0,0,0,0,0,0,0,0.1452232142857143
4314,ê¬ñÿçKëæòY,5,38,2,3,8,0.145,0,0,2,0,0,0,0,0,0,0,0.1452232142857143
4314,ê¬ñÿçKëæòY,6,35,1,1,4,0.17600000000000002,0,0,0,1,0,0,0,0,0,0,0.1452232142857143
4315,éRçËçVâÓ,1,39,21,4,4,0.1946153846153846,21,0,0,0,0,0,7,6,2,0,0.18181415929203543
4315,éRçËçVâÓ,2,35,5,10,5,0.17942857142857144,1,2,1,0,1,0,0,0,0,15,0.18181415929203543
4315,éRçËçVâÓ,3,40,2,12,8,0.16425,0,0,0,1,0,1,0,0,0,0,0.18181415929203543
4315,éRçËçVâÓ,4,42,4,7,8,0.1676190476190476,0,0,1,3,0,0,0,0,0,0,0.18181415929203543
4315,éRçËçVâÓ,5,33,1,3,6,0.18454545454545454,0,0,0,1,0,0,0,0,0,0,0.18181415929203543
4315,éRçËçVâÓ,6,37,2,2,3,0.20324324324324325,0,0,0,2,0,0,0,0,0,0,0.18181415929203543
4316,éRå˚óTëæ,1,17,7,4,3,0.15117647058823527,6,0,0,0,1,0,1,5,1,0,0.18063492063492065
4316,éRå˚óTëæ,2,22,2,5,4,0.16045454545454543,0,1,1,0,0,0,0,0,0,11,0.18063492063492065
4316,éRå˚óTëæ,3,21,0,3,2,0.1919047619047619,0,0,0,0,0,0,0,0,0,0,0.18063492063492065
4316,éRå˚óTëæ,4,21,2,2,4,0.15761904761904763,0,0,2,0,0,0,0,0,0,0,0.18063492063492065
4316,éRå˚óTëæ,5,21,1,3,0,0.17857142857142858,0,0,0,1,0,0,0,0,0,0,0.18063492063492065
4316,éRå˚óTëæ,6,24,0,2,2,0.23208333333333334,0,0,0,0,0,0,0,0,0,0,0.18063492063492065
4317,ñÿë∫é—óFäÛ,1,21,8,6,0,0.14714285714285713,8,0,0,0,0,0,6,4,2,0,0.16389312977099235
4317,ñÿë∫é—óFäÛ,2,25,0,7,3,0.1784,0,0,0,0,0,0,0,0,0,14,0.16389312977099235
4317,ñÿë∫é—óFäÛ,3,24,3,2,2,0.15,0,2,1,0,0,0,0,0,0,0,0.16389312977099235
4317,ñÿë∫é—óFäÛ,4,19,2,5,4,0.16578947368421051,0,0,2,0,0,0,0,0,0,0,0.16389312977099235
4317,ñÿë∫é—óFäÛ,5,21,0,2,5,0.16857142857142857,0,0,0,0,0,0,0,0,0,0,0.16389312977099235
4317,ñÿë∫é—óFäÛ,6,21,0,0,2,0.17285714285714285,0,0,0,0,0,0,0,0,0,0,0.16389312977099235
4318,åKå¥è´åı,1,43,28,12,1,0.16581395348837208,25,0,0,0,3,0,3,6,5,0,0.1622093023255814
4318,åKå¥è´åı,2,48,14,13,6,0.17,0,10,3,0,1,0,0,0,0,17,0.1622093023255814
4318,åKå¥è´åı,3,44,6,11,13,0.1597727272727273,0,1,3,2,0,0,0,0,0,0,0.1622093023255814
4318,åKå¥è´åı,4,49,2,10,8,0.16346938775510203,0,1,0,0,1,0,0,0,0,0,0.1622093023255814
4318,åKå¥è´åı,5,38,4,6,13,0.15763157894736843,0,1,0,3,0,0,0,0,0,0,0.1622093023255814
4318,åKå¥è´åı,6,36,1,2,9,0.15361111111111111,0,0,0,1,0,0,0,0,0,0,0.1622093023255814
4319,éOëÓèÅ,1,48,33,6,1,0.14270833333333333,33,0,0,0,0,0,4,3,5,0,0.1574903474903475
4319,éOëÓèÅ,2,45,13,11,5,0.14933333333333332,0,8,4,0,0,1,0,0,0,22,0.1574903474903475
4319,éOëÓèÅ,3,41,4,5,13,0.14634146341463414,0,2,0,2,0,0,0,0,0,0,0.1574903474903475
4319,éOëÓèÅ,4,45,2,8,12,0.15466666666666667,0,0,0,2,0,0,0,0,0,0,0.1574903474903475
4319,éOëÓèÅ,5,43,2,5,15,0.1644186046511628,0,0,0,2,0,0,0,0,0,0,0.1574903474903475
4319,éOëÓèÅ,6,37,2,3,11,0.19432432432432434,0,0,0,1,1,0,0,0,0,0,0.1574903474903475
4320,ïÙó≥ëæ,1,42,39,2,1,0.13261904761904764,39,0,0,0,0,0,1,2,0,0,0.1319745222929936
4320,ïÙó≥ëæ,2,22,8,8,2,0.1431818181818182,1,3,2,0,2,0,0,0,0,11,0.1319745222929936
4320,ïÙó≥ëæ,3,27,14,6,4,0.1288888888888889,0,3,1,9,1,0,0,0,0,0,0.1319745222929936
4320,ïÙó≥ëæ,4,24,5,8,6,0.11333333333333334,0,1,0,3,1,0,0,0,0,0,0.1319745222929936
4320,ïÙó≥ëæ,5,20,4,9,5,0.143,0,0,0,3,1,0,0,0,0,0,0.1319745222929936
4320,ïÙó≥ëæ,6,22,5,6,4,0.13363636363636364,0,0,1,1,1,2,0,0,0,0,0.1319745222929936
4323,éRìcóCé˜,1,34,15,10,5,0.14852941176470588,14,0,0,0,1,0,4,7,7,0,0.1733846153846154
4323,éRìcóCé˜,2,32,2,9,8,0.1615625,0,2,0,0,0,0,0,0,0,15,0.1733846153846154
4323,éRìcóCé˜,3,38,5,8,7,0.17842105263157895,0,0,2,3,0,0,0,0,0,0,0.1733846153846154
4323,éRìcóCé˜,4,29,5,5,5,0.17793103448275863,0,0,3,2,0,0,0,0,0,0,0.1733846153846154
4323,éRìcóCé˜,5,32,2,2,4,0.1703125,0,0,2,0,0,0,0,0,0,0,0.1733846153846154
4323,éRìcóCé˜,6,30,0,2,5,0.20666666666666667,0,0,0,0,0,0,0,0,0,0,0.1733846153846154
4324,äCñÏçNéuòY,1,64,50,7,1,0.114375,50,0,0,0,0,0,5,5,2,0,0.13086956521739132
4324,äCñÏçNéuòY,2,53,15,19,10,0.13377358490566038,2,7,4,1,1,0,0,0,0,30,0.13086956521739132
4324,äCñÏçNéuòY,3,48,9,13,10,0.12791666666666665,0,1,0,8,0,0,0,0,0,0,0.13086956521739132
4324,äCñÏçNéuòY,4,46,8,6,12,0.1358695652173913,1,1,1,3,2,0,0,0,0,0,0.13086956521739132
4324,äCñÏçNéuòY,5,40,3,8,6,0.14425,0,0,2,1,0,0,0,0,0,0,0.13086956521739132
4324,äCñÏçNéuòY,6,48,3,13,9,0.13666666666666666,0,0,0,2,1,0,0,0,0,0,0.13086956521739132
4325,êVèoç_éi,1,31,14,10,1,0.14548387096774193,14,0,0,0,0,0,4,6,6,0,0.1487777777777778
4325,êVèoç_éi,2,24,5,5,6,0.14666666666666667,0,4,1,0,0,0,0,0,0,10,0.1487777777777778
4325,êVèoç_éi,3,33,6,9,6,0.14272727272727273,0,0,3,2,1,0,0,0,0,0,0.1487777777777778
4325,êVèoç_éi,4,32,2,5,10,0.1296875,0,0,2,0,0,0,0,0,0,0,0.1487777777777778
4325,êVèoç_éi,5,29,0,0,4,0.1617241379310345,0,0,0,0,0,0,0,0,0,0,0.1487777777777778
4325,êVèoç_éi,6,31,1,2,2,0.16774193548387098,0,0,0,1,0,0,0,0,0,0,0.1487777777777778
4327,â¡ì°„ƒ,1,30,11,8,1,0.18366666666666667,11,0,0,0,0,0,6,5,8,0,0.2028767123287671
4327,â¡ì°„ƒ,2,43,9,9,9,0.18558139534883722,0,5,4,0,0,0,0,0,0,17,0.2028767123287671
4327,â¡ì°„ƒ,3,40,3,6,12,0.20625,0,0,1,1,0,1,0,0,0,0,0.2028767123287671
4327,â¡ì°„ƒ,4,38,2,2,8,0.18763157894736843,0,1,1,0,0,0,0,0,0,0,0.2028767123287671
4327,â¡ì°„ƒ,5,36,1,2,6,0.23666666666666666,0,0,0,1,0,0,0,0,0,0,0.2028767123287671
4327,â¡ì°„ƒ,6,32,0,0,5,0.22,0,0,0,0,0,0,0,0,0,0,0.2028767123287671
4329,è¨èºëÏéi,1,31,13,9,3,0.13032258064516128,12,0,0,0,1,0,7,6,3,0,0.1609469696969697
4329,è¨èºëÏéi,2,51,9,18,14,0.1652941176470588,0,5,2,1,1,0,0,0,0,30,0.1609469696969697
4329,è¨èºëÏéi,3,51,2,11,10,0.1450980392156863,0,0,0,2,0,0,0,0,0,0,0.1609469696969697
4329,è¨èºëÏéi,4,49,0,4,12,0.16122448979591839,0,0,0,0,0,0,0,0,0,0,0.1609469696969697
4329,è¨èºëÏéi,5,42,1,5,9,0.16357142857142856,0,0,0,1,0,0,0,0,0,0,0.1609469696969697
4329,è¨èºëÏéi,6,40,0,1,3,0.19624999999999998,0,0,0,0,0,0,0,0,0,0,0.1609469696969697
4330,ìﬁê{å[ëæ,1,51,33,6,4,0.12686274509803921,32,0,0,0,1,0,3,4,7,0,0.12603603603603603
4330,ìﬁê{å[ëæ,2,35,15,12,3,0.11428571428571428,1,7,5,1,1,0,0,0,0,12,0.12603603603603603
4330,ìﬁê{å[ëæ,3,40,9,9,13,0.1255,0,1,5,1,1,1,0,0,0,0,0.12603603603603603
4330,ìﬁê{å[ëæ,4,37,7,7,11,0.1291891891891892,1,3,1,1,1,0,0,0,0,0,0.12603603603603603
4330,ìﬁê{å[ëæ,5,31,2,5,7,0.13129032258064516,0,0,0,1,1,0,0,0,0,0,0.12603603603603603
4330,ìﬁê{å[ëæ,6,28,0,2,6,0.13,0,0,0,0,0,0,0,0,0,0,0.12603603603603603
4331,éOçDóEêl,1,28,16,8,2,0.12392857142857143,12,1,0,0,3,0,7,0,1,0,0.16164948453608247
4331,éOçDóEêl,2,31,9,6,4,0.14677419354838708,0,9,0,0,0,0,0,0,0,17,0.16164948453608247
4331,éOçDóEêl,3,30,1,9,8,0.14933333333333335,0,0,0,1,0,0,0,0,0,0,0.16164948453608247
4331,éOçDóEêl,4,36,2,3,5,0.155,0,0,0,2,0,0,0,0,0,0,0.16164948453608247
4331,éOçDóEêl,5,33,0,3,5,0.20030303030303032,0,0,0,0,0,0,0,0,0,0,0.16164948453608247
4331,éOçDóEêl,6,36,0,1,5,0.18527777777777776,0,0,0,0,0,0,0,0,0,0,0.16164948453608247
4332,ë∫è„è≤àÍ,1,24,10,4,1,0.16333333333333333,10,0,0,0,0,0,4,6,2,0,0.16466666666666668
4332,ë∫è„è≤àÍ,2,33,3,7,8,0.15636363636363637,0,3,0,0,0,0,0,0,0,18,0.16466666666666668
4332,ë∫è„è≤àÍ,3,31,1,7,5,0.13774193548387098,0,1,0,0,0,0,0,0,0,0,0.16466666666666668
4332,ë∫è„è≤àÍ,4,27,1,3,6,0.19148148148148147,0,0,0,1,0,0,0,0,0,0,0.16466666666666668
4332,ë∫è„è≤àÍ,5,27,1,4,2,0.16962962962962963,0,0,0,0,1,0,0,0,0,0,0.16466666666666668
4332,ë∫è„è≤àÍ,6,23,0,3,3,0.17695652173913046,0,0,0,0,0,0,0,0,0,0,0.16466666666666668
4333,ë∫ìcóFñÁ,1,29,7,6,5,0.16931034482758622,7,0,0,0,0,0,4,6,9,0,0.17161458333333335
4333,ë∫ìcóFñÁ,2,37,1,7,3,0.18135135135135136,0,1,0,0,0,0,0,0,0,17,0.17161458333333335
4333,ë∫ìcóFñÁ,3,37,6,5,5,0.1518918918918919,1,0,4,0,0,1,0,0,0,0,0.17161458333333335
4333,ë∫ìcóFñÁ,4,32,4,3,5,0.14250000000000002,0,1,2,1,0,0,0,0,0,0,0.17161458333333335
4333,ë∫ìcóFñÁ,5,34,0,2,1,0.18588235294117647,0,0,0,0,0,0,0,0,0,0,0.17161458333333335
4333,ë∫ìcóFñÁ,6,23,0,0,1,0.21,0,0,0,0,0,0,0,0,0,0,0.17161458333333335
4335,é·ó—è´,1,56,41,12,2,0.11160714285714286,36,1,1,0,3,0,1,3,9,0,0.11836501901140684
4335,é·ó—è´,2,45,18,12,8,0.12688888888888888,0,12,4,0,2,0,0,0,0,19,0.11836501901140684
4335,é·ó—è´,3,42,6,11,6,0.11785714285714285,0,0,3,2,0,1,0,0,0,0,0.11836501901140684
4335,é·ó—è´,4,36,6,7,10,0.11166666666666668,0,0,3,3,0,0,0,0,0,0,0.11836501901140684
4335,é·ó—è´,5,41,4,14,7,0.11195121951219512,0,2,1,0,1,0,0,0,0,0,0.11836501901140684
4335,é·ó—è´,6,43,4,6,12,0.1304651162790698,0,0,1,2,1,0,0,0,0,0,0.11836501901140684
4336,èºìcó≥în,1,44,31,4,2,0.1615909090909091,30,0,0,0,1,0,2,5,6,0,0.15145748987854252
4336,èºìcó≥în,2,43,7,16,6,0.13651162790697674,0,6,0,1,0,0,0,0,0,22,0.15145748987854252
4336,èºìcó≥în,3,38,5,14,5,0.13526315789473684,0,0,3,2,0,0,0,0,0,0,0.15145748987854252
4336,èºìcó≥în,4,40,3,5,5,0.15875,0,0,1,2,0,0,0,0,0,0,0.15145748987854252
4336,èºìcó≥în,5,43,4,6,8,0.15,0,1,1,2,0,0,0,0,0,0,0.15145748987854252
4336,èºìcó≥în,6,39,0,6,6,0.16641025641025642,0,0,0,0,0,0,0,0,0,0,0.15145748987854252
4337,ïΩñ{ê^îV,1,47,29,15,2,0.1276595744680851,29,0,0,0,0,0,4,4,8,0,0.13681415929203541
4337,ïΩñ{ê^îV,2,33,9,3,5,0.14272727272727273,0,7,1,0,1,0,0,0,0,15,0.13681415929203541
4337,ïΩñ{ê^îV,3,36,5,9,6,0.1288888888888889,0,0,2,3,0,0,0,0,0,0,0.13681415929203541
4337,ïΩñ{ê^îV,4,34,3,11,6,0.14235294117647057,0,2,0,1,0,0,0,0,0,0,0.13681415929203541
4337,ïΩñ{ê^îV,5,39,4,7,3,0.1394871794871795,0,0,0,3,0,1,0,0,0,0,0.13681415929203541
4337,ïΩñ{ê^îV,6,37,2,3,13,0.14297297297297298,0,1,1,0,0,0,0,0,0,0,0.13681415929203541
4338,î—ìcâ¿ç],1,4,2,1,0,0.23249999999999998,1,0,0,0,0,1,2,0,0,0,0.21782608695652173
4338,î—ìcâ¿ç],2,4,0,1,0,0.2275,0,0,0,0,0,0,0,0,0,2,0.21782608695652173
4338,î—ìcâ¿ç],3,5,0,0,1,0.20800000000000002,0,0,0,0,0,0,0,0,0,0,0.21782608695652173
4338,î—ìcâ¿ç],4,2,0,0,0,0.15,0,0,0,0,0,0,0,0,0,0,0.21782608695652173
4338,î—ìcâ¿ç],5,6,0,0,0,0.18666666666666668,0,0,0,0,0,0,0,0,0,0,0.21782608695652173
4338,î—ìcâ¿ç],6,2,0,0,0,0.355,0,0,0,0,0,0,0,0,0,0,0.21782608695652173
4339,ïΩê£èÈå[,1,18,7,3,3,0.16833333333333333,7,0,0,0,0,0,5,4,1,0,0.17776978417266187
4339,ïΩê£èÈå[,2,28,3,8,5,0.15321428571428572,0,1,2,0,0,0,0,0,0,11,0.17776978417266187
4339,ïΩê£èÈå[,3,23,1,4,3,0.15956521739130433,0,0,1,0,0,0,0,0,0,0,0.17776978417266187
4339,ïΩê£èÈå[,4,22,0,3,1,0.20727272727272725,0,0,0,0,0,0,0,0,0,0,0.17776978417266187
4339,ïΩê£èÈå[,5,26,0,1,1,0.18576923076923077,0,0,0,0,0,0,0,0,0,0,0.17776978417266187
4339,ïΩê£èÈå[,6,22,0,0,0,0.1968181818181818,0,0,0,0,0,0,0,0,0,0,0.17776978417266187
4340,ìyê´âÎñÁ,1,35,19,6,4,0.15457142857142858,15,0,0,0,4,0,3,5,7,0,0.18233333333333332
4340,ìyê´âÎñÁ,2,43,3,8,13,0.1841860465116279,0,2,0,0,1,0,0,0,0,22,0.18233333333333332
4340,ìyê´âÎñÁ,3,41,3,11,5,0.1780487804878049,0,0,1,2,0,0,0,0,0,0,0.18233333333333332
4340,ìyê´âÎñÁ,4,43,1,8,9,0.17046511627906977,0,0,1,0,0,0,0,0,0,0,0.18233333333333332
4340,ìyê´âÎñÁ,5,38,0,4,6,0.2068421052631579,0,0,0,0,0,0,0,0,0,0,0.18233333333333332
4340,ìyê´âÎñÁ,6,40,2,1,3,0.1985,0,2,0,0,0,0,0,0,0,0,0.18233333333333332
4342,íJñÏòBéu,1,48,31,8,4,0.13854166666666667,29,0,0,0,2,0,4,8,5,0,0.13685823754789272
4342,íJñÏòBéu,2,41,7,13,7,0.12853658536585366,0,5,1,1,0,0,0,0,0,20,0.13685823754789272
4342,íJñÏòBéu,3,42,13,14,7,0.12976190476190477,0,1,4,6,2,0,0,0,0,0,0.13685823754789272
4342,íJñÏòBéu,4,43,7,10,9,0.14697674418604653,0,1,5,0,1,0,0,0,0,0,0.13685823754789272
4342,íJñÏòBéu,5,40,2,12,12,0.13175,0,0,0,2,0,0,0,0,0,0,0.13685823754789272
4342,íJñÏòBéu,6,47,3,4,19,0.14382978723404255,0,0,1,1,1,0,0,0,0,0,0.13685823754789272
4343,ë∫â™å´,1,35,18,6,2,0.174,18,0,0,0,0,0,7,4,6,0,0.1912093023255814
4343,ë∫â™å´,2,39,2,15,5,0.20333333333333334,0,1,0,0,1,0,0,0,0,21,0.1912093023255814
4343,ë∫â™å´,3,36,6,8,4,0.1811111111111111,0,1,1,2,2,0,0,0,0,0,0.1912093023255814
4343,ë∫â™å´,4,39,3,3,7,0.19923076923076924,0,0,0,2,1,0,0,0,0,0,0.1912093023255814
4343,ë∫â™å´,5,36,4,2,4,0.18611111111111112,0,0,0,4,0,0,0,0,0,0,0.1912093023255814
4343,ë∫â™å´,6,30,0,2,7,0.2033333333333333,0,0,0,0,0,0,0,0,0,0,0.1912093023255814
4344,êVìcóYéj,1,53,43,5,3,0.12452830188679245,43,0,0,0,0,0,3,4,2,0,0.13826839826839826
4344,êVìcóYéj,2,39,11,12,6,0.13435897435897437,1,8,1,0,0,1,0,0,0,23,0.13826839826839826
4344,êVìcóYéj,3,33,11,5,4,0.13787878787878788,1,0,3,7,0,0,0,0,0,0,0.13826839826839826
4344,êVìcóYéj,4,38,7,11,7,0.13921052631578948,0,3,2,2,0,0,0,0,0,0,0.13826839826839826
4344,êVìcóYéj,5,32,0,5,5,0.1440625,0,0,0,0,0,0,0,0,0,0,0.13826839826839826
4344,êVìcóYéj,6,36,4,5,10,0.15694444444444444,0,1,1,1,1,0,0,0,0,0,0.13826839826839826
4345,êºä⁄åí,1,30,9,5,5,0.15633333333333335,9,0,0,0,0,0,10,7,2,0,0.17484536082474228
4345,êºä⁄åí,2,37,4,8,6,0.182972972972973,0,3,1,0,0,0,0,0,0,15,0.17484536082474228
4345,êºä⁄åí,3,34,1,6,10,0.18176470588235294,0,0,0,1,0,0,0,0,0,0,0.17484536082474228
4345,êºä⁄åí,4,31,3,5,6,0.17580645161290323,0,0,1,1,1,0,0,0,0,0,0.17484536082474228
4345,êºä⁄åí,5,35,2,7,8,0.1782857142857143,0,0,0,2,0,0,0,0,0,0,0.17484536082474228
4345,êºä⁄åí,6,27,1,2,5,0.16999999999999998,0,0,0,0,1,0,0,0,0,0,0.17484536082474228
4346,ëOìcåíëæòY,1,38,15,7,4,0.15973684210526318,13,0,0,0,2,0,5,7,9,0,0.16141304347826085
4346,ëOìcåíëæòY,2,49,5,9,11,0.1820408163265306,0,3,2,0,0,0,0,0,0,28,0.16141304347826085
4346,ëOìcåíëæòY,3,49,7,13,5,0.14959183673469387,0,1,4,2,0,0,0,0,0,0,0.16141304347826085
4346,ëOìcåíëæòY,4,51,2,9,13,0.16098039215686277,0,0,1,1,0,0,0,0,0,0,0.16141304347826085
4346,ëOìcåíëæòY,5,48,0,4,8,0.16958333333333334,0,0,0,0,0,0,0,0,0,0,0.16141304347826085
4346,ëOìcåíëæòY,6,41,1,3,3,0.14341463414634145,0,0,1,0,0,0,0,0,0,0,0.16141304347826085
4347,ãõíJçÅêD,1,40,22,6,7,0.14775,21,0,0,0,1,0,9,4,5,0,0.147292817679558
4347,ãõíJçÅêD,2,29,9,6,10,0.1610344827586207,0,8,1,0,0,0,0,0,0,14,0.147292817679558
4347,ãõíJçÅêD,3,30,7,10,4,0.13166666666666668,0,2,4,0,1,0,0,0,0,0,0.147292817679558
4347,ãõíJçÅêD,4,30,5,3,11,0.14666666666666667,0,2,2,0,1,0,0,0,0,0,0.147292817679558
4347,ãõíJçÅêD,5,30,0,8,7,0.13933333333333334,0,0,0,0,0,0,0,0,0,0,0.147292817679558
4347,ãõíJçÅêD,6,22,0,2,3,0.16136363636363635,0,0,0,0,0,0,0,0,0,0,0.147292817679558
4348,ã{çËèß,1,50,33,11,3,0.1244,32,0,0,0,1,0,5,2,9,0,0.1582824427480916
4348,ã{çËèß,2,48,13,17,6,0.1679166666666667,0,9,2,2,0,0,0,0,0,22,0.1582824427480916
4348,ã{çËèß,3,45,3,13,12,0.16244444444444445,0,2,1,0,0,0,0,0,0,0,0.1582824427480916
4348,ã{çËèß,4,41,1,11,14,0.16634146341463416,0,0,0,1,0,0,0,0,0,0,0.1582824427480916
4348,ã{çËèß,5,41,1,5,12,0.16390243902439025,0,0,0,1,0,0,0,0,0,0,0.1582824427480916
4348,ã{çËèß,6,37,0,2,7,0.17135135135135135,0,0,0,0,0,0,0,0,0,0,0.1582824427480916
4349,å¢ì∂êÁèH,1,40,16,14,3,0.15225,16,0,0,0,0,0,6,6,9,0,0.15301369863013697
4349,å¢ì∂êÁèH,2,42,8,10,11,0.15404761904761904,0,5,3,0,0,0,0,0,0,22,0.15301369863013697
4349,å¢ì∂êÁèH,3,34,7,4,7,0.14029411764705882,0,2,5,0,0,0,0,0,0,0,0.15301369863013697
4349,å¢ì∂êÁèH,4,31,2,9,6,0.1703225806451613,0,1,1,0,0,0,0,0,0,0,0.15301369863013697
4349,å¢ì∂êÁèH,5,34,1,6,8,0.14705882352941177,0,0,0,0,1,0,0,0,0,0,0.15301369863013697
4349,å¢ì∂êÁèH,6,38,0,4,12,0.15526315789473685,0,0,0,0,0,0,0,0,0,0,0.15301369863013697
4350,é¬çËå≥éu,1,58,39,8,4,0.12689655172413794,39,0,0,0,0,0,8,9,1,0,0.13618110236220474
4350,é¬çËå≥éu,2,46,6,16,11,0.13152173913043477,0,3,3,0,0,0,0,0,0,27,0.13618110236220474
4350,é¬çËå≥éu,3,31,4,12,4,0.13516129032258065,0,1,2,0,1,0,0,0,0,0,0.13618110236220474
4350,é¬çËå≥éu,4,41,4,10,11,0.14609756097560977,0,1,1,1,1,0,0,0,0,0,0.13618110236220474
4350,é¬çËå≥éu,5,43,2,9,15,0.1444186046511628,0,0,2,0,0,0,0,0,0,0,0.13618110236220474
4350,é¬çËå≥éu,6,35,3,8,8,0.13685714285714287,0,1,2,0,0,0,0,0,0,0,0.13618110236220474
4351,ó¢â™âEãM,1,60,48,6,4,0.128,45,0,0,0,3,0,3,4,3,0,0.12803773584905662
4351,ó¢â™âEãM,2,48,9,20,10,0.13333333333333333,0,5,2,0,2,0,0,0,0,26,0.12803773584905662
4351,ó¢â™âEãM,3,47,7,16,11,0.11872340425531915,0,2,3,2,0,0,0,0,0,0,0.12803773584905662
4351,ó¢â™âEãM,4,43,7,12,8,0.1286046511627907,0,1,4,2,0,0,0,0,0,0,0.12803773584905662
4351,ó¢â™âEãM,5,31,2,10,6,0.12451612903225806,0,0,0,2,0,0,0,0,0,0,0.12803773584905662
4351,ó¢â™âEãM,6,36,1,2,9,0.13555555555555554,0,0,0,1,0,0,0,0,0,0,0.12803773584905662
4352,â∫ûäóYëæòY,1,66,48,11,3,0.10818181818181817,45,0,0,0,3,0,6,1,8,0,0.11673758865248228
4352,â∫ûäóYëæòY,2,47,7,18,11,0.11659574468085107,0,7,0,0,0,0,0,0,0,34,0.11673758865248228
4352,â∫ûäóYëæòY,3,43,6,18,12,0.1086046511627907,0,1,1,1,3,0,0,0,0,0,0.11673758865248228
4352,â∫ûäóYëæòY,4,42,7,8,11,0.1269047619047619,0,0,2,2,3,0,0,0,0,0,0.11673758865248228
4352,â∫ûäóYëæòY,5,43,3,12,14,0.1155813953488372,0,0,0,0,3,0,0,0,0,0,0.11673758865248228
4352,â∫ûäóYëæòY,6,41,2,7,13,0.13,0,0,0,2,0,0,0,0,0,0,0.11673758865248228
4355,è¨êÏçLëÂ,1,27,8,6,5,0.1611111111111111,8,0,0,0,0,0,6,5,5,0,0.20155555555555557
4355,è¨êÏçLëÂ,2,42,3,9,7,0.2061904761904762,0,3,0,0,0,0,0,0,0,23,0.20155555555555557
4355,è¨êÏçLëÂ,3,43,2,2,12,0.1925581395348837,0,1,0,0,1,0,0,0,0,0,0.20155555555555557
4355,è¨êÏçLëÂ,4,42,1,9,7,0.2154761904761905,0,1,0,0,0,0,0,0,0,0,0.20155555555555557
4355,è¨êÏçLëÂ,5,38,2,1,6,0.20210526315789473,0,0,1,1,0,0,0,0,0,0,0.20155555555555557
4355,è¨êÏçLëÂ,6,33,1,1,2,0.22212121212121214,1,0,0,0,0,0,0,0,0,0,0.20155555555555557
4356,í∑â™ó«ñÁ,1,44,35,4,3,0.15295454545454545,33,0,0,0,2,0,1,6,1,0,0.16395939086294414
4356,í∑â™ó«ñÁ,2,31,7,9,6,0.14161290322580647,0,3,3,0,1,0,0,0,0,18,0.16395939086294414
4356,í∑â™ó«ñÁ,3,29,4,9,7,0.18137931034482757,0,0,1,2,1,0,0,0,0,0,0.16395939086294414
4356,í∑â™ó«ñÁ,4,31,4,7,8,0.14387096774193547,0,1,3,0,0,0,0,0,0,0,0.16395939086294414
4356,í∑â™ó«ñÁ,5,30,2,9,6,0.15733333333333333,0,0,0,1,0,1,0,0,0,0,0.16395939086294414
4356,í∑â™ó«ñÁ,6,32,1,4,11,0.210625,0,0,1,0,0,0,0,0,0,0,0.16395939086294414
4357,ìcíÜòañÁ,1,55,40,7,3,0.15618181818181817,36,0,0,0,4,0,4,3,6,0,0.16999999999999998
4357,ìcíÜòañÁ,2,38,11,11,6,0.17789473684210524,1,7,3,0,0,0,0,0,0,17,0.16999999999999998
4357,ìcíÜòañÁ,3,39,8,13,6,0.16794871794871793,0,1,2,4,1,0,0,0,0,0,0.16999999999999998
4357,ìcíÜòañÁ,4,39,9,8,9,0.17846153846153845,0,2,4,2,1,0,0,0,0,0,0.16999999999999998
4357,ìcíÜòañÁ,5,33,2,9,13,0.16515151515151516,0,0,1,0,1,0,0,0,0,0,0.16999999999999998
4357,ìcíÜòañÁ,6,36,3,8,10,0.1802777777777778,1,1,1,0,0,0,0,0,0,0,0.16999999999999998
4358,èºñ{ófïΩ,1,35,18,8,2,0.1662857142857143,16,0,0,0,2,0,6,6,4,0,0.18932203389830507
4358,èºñ{ófïΩ,2,36,7,5,5,0.19333333333333333,2,4,1,0,0,0,0,0,0,15,0.18932203389830507
4358,èºñ{ófïΩ,3,51,4,11,14,0.18058823529411766,1,1,2,0,0,0,0,0,0,0,0.18932203389830507
4358,èºñ{ófïΩ,4,42,2,6,6,0.19166666666666668,0,1,0,1,0,0,0,0,0,0,0.18932203389830507
4358,èºñ{ófïΩ,5,35,1,3,2,0.19885714285714284,0,1,0,0,0,0,0,0,0,0,0.18932203389830507
4358,èºñ{ófïΩ,6,37,0,2,5,0.20756756756756756,0,0,0,0,0,0,0,0,0,0,0.18932203389830507
4359,â°êÏêπéu,1,49,26,15,1,0.14204081632653062,25,0,0,0,0,1,8,4,9,0,0.13977011494252872
4359,â°êÏêπéu,2,42,7,11,5,0.13571428571428573,0,4,3,0,0,0,0,0,0,22,0.13977011494252872
4359,â°êÏêπéu,3,47,8,8,10,0.13170212765957448,0,2,1,4,0,1,0,0,0,0,0.13977011494252872
4359,â°êÏêπéu,4,44,2,12,7,0.13045454545454546,0,0,1,1,0,0,0,0,0,0,0.13977011494252872
4359,â°êÏêπéu,5,40,2,7,12,0.12325,0,0,0,1,1,0,0,0,0,0,0.13977011494252872
4359,â°êÏêπéu,6,39,0,5,6,0.17846153846153845,0,0,0,0,0,0,0,0,0,0,0.13977011494252872
4360,èØéiçFï„,1,32,15,3,6,0.1375,15,0,0,0,0,0,6,6,5,0,0.15653508771929825
4360,èØéiçFï„,2,39,8,6,10,0.15948717948717947,0,6,2,0,0,0,0,0,0,18,0.15653508771929825
4360,èØéiçFï„,3,41,3,7,10,0.17439024390243904,0,0,1,2,0,0,0,0,0,0,0.15653508771929825
4360,èØéiçFï„,4,40,5,10,7,0.14725,0,2,1,1,1,0,0,0,0,0,0.15653508771929825
4360,èØéiçFï„,5,42,4,5,10,0.15285714285714286,0,1,1,2,0,0,0,0,0,0,0.15653508771929825
4360,èØéiçFï„,6,34,0,4,10,0.165,0,0,0,0,0,0,0,0,0,0,0.15653508771929825
4361,ñˆê∂ë◊ìÒ,1,57,46,6,3,0.143859649122807,44,0,1,0,1,0,1,4,6,0,0.14654708520179371
4361,ñˆê∂ë◊ìÒ,2,34,8,11,5,0.13294117647058826,0,6,2,0,0,0,0,0,0,18,0.14654708520179371
4361,ñˆê∂ë◊ìÒ,3,35,7,10,11,0.15,0,2,2,2,1,0,0,0,0,0,0.14654708520179371
4361,ñˆê∂ë◊ìÒ,4,29,3,14,6,0.1417241379310345,0,0,2,0,0,1,0,0,0,0,0.14654708520179371
4361,ñˆê∂ë◊ìÒ,5,27,4,7,4,0.15259259259259259,0,1,2,1,0,0,0,0,0,0,0.14654708520179371
4361,ñˆê∂ë◊ìÒ,6,41,6,5,15,0.15804878048780488,0,0,4,2,0,0,0,0,0,0,0.14654708520179371
4362,ìyâÆíqë•,1,58,46,6,3,0.10862068965517241,42,0,0,0,3,1,4,4,4,0,0.12632231404958677
4362,ìyâÆíqë•,2,36,5,14,6,0.14027777777777778,2,2,0,0,1,0,0,0,0,27,0.12632231404958677
4362,ìyâÆíqë•,3,39,8,15,6,0.13153846153846155,1,3,2,1,1,0,0,0,0,0,0.12632231404958677
4362,ìyâÆíqë•,4,39,2,12,7,0.12256410256410256,1,1,0,0,0,0,0,0,0,0,0.12632231404958677
4362,ìyâÆíqë•,5,31,4,8,9,0.14129032258064517,0,0,0,4,0,0,0,0,0,0,0.12632231404958677
4362,ìyâÆíqë•,6,39,6,11,8,0.1264102564102564,1,2,1,2,0,0,0,0,0,0,0.12632231404958677
4363,ëÂñÏñFå∞,1,44,28,10,4,0.14431818181818182,26,0,0,0,2,0,9,2,3,0,0.16321428571428573
4363,ëÂñÏñFå∞,2,43,4,14,8,0.17093023255813952,0,3,0,0,1,0,0,0,0,18,0.16321428571428573
4363,ëÂñÏñFå∞,3,37,12,4,8,0.15972972972972974,0,2,6,2,2,0,0,0,0,0,0.16321428571428573
4363,ëÂñÏñFå∞,4,43,3,7,13,0.1641860465116279,0,0,2,1,0,0,0,0,0,0,0.16321428571428573
4363,ëÂñÏñFå∞,5,39,1,4,13,0.1523076923076923,0,0,0,0,1,0,0,0,0,0,0.16321428571428573
4363,ëÂñÏñFå∞,6,46,0,2,6,0.1852173913043478,0,0,0,0,0,0,0,0,0,0,0.16321428571428573
4364,írâiëæ,1,68,51,12,0,0.1461764705882353,46,0,0,0,4,1,7,6,4,0,0.1473076923076923
4364,írâiëæ,2,41,11,10,10,0.1529268292682927,0,6,1,0,3,1,0,0,0,19,0.1473076923076923
4364,írâiëæ,3,35,7,9,6,0.14142857142857143,0,1,3,3,0,0,0,0,0,0,0.1473076923076923
4364,írâiëæ,4,46,16,12,7,0.13782608695652174,0,4,7,2,3,0,0,0,0,0,0.1473076923076923
4364,írâiëæ,5,35,7,6,7,0.14914285714285713,0,2,3,2,0,0,0,0,0,0,0.1473076923076923
4364,írâiëæ,6,35,5,5,5,0.15942857142857142,0,1,0,4,0,0,0,0,0,0,0.1473076923076923
4365,ê∑ñ{ê^ï„,1,46,27,13,2,0.15239130434782608,27,0,0,0,0,0,9,4,6,0,0.18738461538461537
4365,ê∑ñ{ê^ï„,2,44,2,18,4,0.1825,0,2,0,0,0,0,0,0,0,30,0.18738461538461537
4365,ê∑ñ{ê^ï„,3,43,4,10,9,0.18209302325581395,0,0,2,1,0,1,0,0,0,0,0.18738461538461537
4365,ê∑ñ{ê^ï„,4,47,5,2,11,0.19744680851063828,0,0,4,0,1,0,0,0,0,0,0.18738461538461537
4365,ê∑ñ{ê^ï„,5,44,2,3,9,0.19386363636363635,0,0,1,1,0,0,0,0,0,0,0.18738461538461537
4365,ê∑ñ{ê^ï„,6,36,0,2,7,0.22333333333333336,0,0,0,0,0,0,0,0,0,0,0.18738461538461537
4366,ëOëÚè‰éj,1,62,47,8,4,0.14322580645161292,46,1,0,0,0,0,3,7,4,0,0.14398625429553263
4366,ëOëÚè‰éj,2,52,8,20,9,0.14192307692307693,1,5,2,0,0,0,0,0,0,31,0.14398625429553263
4366,ëOëÚè‰éj,3,51,17,11,15,0.14392156862745098,1,1,6,5,3,1,0,0,0,0,0.14398625429553263
4366,ëOëÚè‰éj,4,44,5,12,11,0.13568181818181818,0,3,1,1,0,0,0,0,0,0,0.14398625429553263
4366,ëOëÚè‰éj,5,42,3,7,10,0.14928571428571427,0,1,0,2,0,0,0,0,0,0,0.14398625429553263
4366,ëOëÚè‰éj,6,40,1,11,5,0.1515,0,0,0,0,1,0,0,0,0,0,0.14398625429553263
4367,éRå˚èCòH,1,21,8,5,2,0.20761904761904765,7,0,0,0,1,0,5,4,3,0,0.2181818181818182
4367,éRå˚èCòH,2,24,2,5,6,0.21125000000000002,0,2,0,0,0,0,0,0,0,12,0.2181818181818182
4367,éRå˚èCòH,3,30,1,5,7,0.201,0,0,1,0,0,0,0,0,0,0,0.2181818181818182
4367,éRå˚èCòH,4,27,0,4,8,0.23333333333333334,0,0,0,0,0,0,0,0,0,0,0.2181818181818182
4367,éRå˚èCòH,5,29,0,3,5,0.22551724137931034,0,0,0,0,0,0,0,0,0,0,0.2181818181818182
4367,éRå˚èCòH,6,23,1,1,5,0.23043478260869565,0,0,0,1,0,0,0,0,0,0,0.2181818181818182
4368,éRå˚ó≤éj,1,36,16,5,5,0.17666666666666667,16,0,0,0,0,0,4,9,5,0,0.18625498007968128
4368,éRå˚ó≤éj,2,47,2,10,12,0.18936170212765957,0,1,1,0,0,0,0,0,0,23,0.18625498007968128
4368,éRå˚ó≤éj,3,46,3,4,10,0.17695652173913046,0,0,3,0,0,0,0,0,0,0,0.18625498007968128
4368,éRå˚ó≤éj,4,51,3,8,7,0.17862745098039215,0,1,2,0,0,0,0,0,0,0,0.18625498007968128
4368,éRå˚ó≤éj,5,40,1,4,6,0.182,0,0,0,1,0,0,0,0,0,0,0.18625498007968128
4368,éRå˚ó≤éj,6,31,1,0,6,0.22451612903225807,0,0,0,0,0,1,0,0,0,0,0.18625498007968128
4369,íOâ∫è´,1,48,34,9,2,0.13104166666666667,34,0,0,0,0,0,3,3,5,0,0.15983333333333333
4369,íOâ∫è´,2,44,8,15,5,0.15295454545454545,0,7,0,0,1,0,0,0,0,21,0.15983333333333333
4369,íOâ∫è´,3,40,7,6,7,0.16075,0,1,2,3,1,0,0,0,0,0,0.15983333333333333
4369,íOâ∫è´,4,42,5,12,10,0.17047619047619048,0,0,3,2,0,0,0,0,0,0,0.15983333333333333
4369,íOâ∫è´,5,33,2,6,5,0.17515151515151517,0,0,0,2,0,0,0,0,0,0,0.15983333333333333
4369,íOâ∫è´,6,33,0,4,6,0.1809090909090909,0,0,0,0,0,0,0,0,0,0,0.15983333333333333
4370,éRå˚íBñÁ,1,51,39,5,1,0.1296078431372549,38,0,0,0,1,0,4,4,4,0,0.1488986784140969
4370,éRå˚íBñÁ,2,33,12,13,1,0.11727272727272728,1,7,2,0,2,0,0,0,0,14,0.1488986784140969
4370,éRå˚íBñÁ,3,40,12,10,10,0.13774999999999998,0,2,4,4,2,0,0,0,0,0,0.1488986784140969
4370,éRå˚íBñÁ,4,33,6,7,5,0.1618181818181818,0,1,4,1,0,0,0,0,0,0,0.1488986784140969
4370,éRå˚íBñÁ,5,37,3,5,11,0.16972972972972974,0,0,0,3,0,0,0,0,0,0,0.1488986784140969
4370,éRå˚íBñÁ,6,33,4,4,6,0.1875757575757576,0,0,2,1,1,0,0,0,0,0,0.1488986784140969
4371,êºéRãMç_,1,65,49,6,1,0.10953846153846154,48,0,0,0,1,0,6,4,5,0,0.1366914498141264
4371,êºéRãMç_,2,36,4,13,6,0.13611111111111113,0,3,1,0,0,0,0,0,0,20,0.1366914498141264
4371,êºéRãMç_,3,37,9,5,8,0.14243243243243245,0,1,6,1,1,0,0,0,0,0,0.1366914498141264
4371,êºéRãMç_,4,47,5,10,15,0.14404255319148937,0,0,3,1,1,0,0,0,0,0,0.1366914498141264
4371,êºéRãMç_,5,41,3,4,11,0.1351219512195122,0,0,1,0,2,0,0,0,0,0,0.1366914498141264
4371,êºéRãMç_,6,43,6,4,7,0.16674418604651162,0,0,2,2,1,1,0,0,0,0,0.1366914498141264
4372,å¥ìcóCé¿,1,45,27,10,2,0.13022222222222224,25,0,0,0,1,1,4,9,3,0,0.1477578475336323
4372,å¥ìcóCé¿,2,41,15,13,6,0.17634146341463416,0,7,7,0,1,0,0,0,0,17,0.1477578475336323
4372,å¥ìcóCé¿,3,37,10,9,7,0.13486486486486488,0,5,5,0,0,0,0,0,0,0,0.1477578475336323
4372,å¥ìcóCé¿,4,38,4,8,9,0.16,0,1,2,1,0,0,0,0,0,0,0.1477578475336323
4372,å¥ìcóCé¿,5,33,3,5,11,0.1293939393939394,0,0,0,3,0,0,0,0,0,0,0.1477578475336323
4372,å¥ìcóCé¿,6,29,1,4,5,0.15586206896551727,0,1,0,0,0,0,0,0,0,0,0.1477578475336323
4373,é·ã∑ìﬁî¸éq,1,36,17,8,4,0.19194444444444445,17,0,0,0,0,0,6,9,3,0,0.18521951219512195
4373,é·ã∑ìﬁî¸éq,2,33,8,9,8,0.1684848484848485,1,5,2,0,0,0,0,0,0,15,0.18521951219512195
4373,é·ã∑ìﬁî¸éq,3,40,6,11,10,0.16475,0,1,5,0,0,0,0,0,0,0,0.18521951219512195
4373,é·ã∑ìﬁî¸éq,4,34,1,10,7,0.18529411764705883,0,1,0,0,0,0,0,0,0,0,0.18521951219512195
4373,é·ã∑ìﬁî¸éq,5,33,1,5,12,0.21333333333333335,0,1,0,0,0,0,0,0,0,0,0.18521951219512195
4373,é·ã∑ìﬁî¸éq,6,29,0,2,8,0.1920689655172414,0,0,0,0,0,0,0,0,0,0,0.18521951219512195
4374,âiìcã`çh,1,31,15,8,1,0.1532258064516129,14,0,0,0,1,0,6,5,2,0,0.1498076923076923
4374,âiìcã`çh,2,42,4,8,11,0.13666666666666666,0,2,2,0,0,0,0,0,0,25,0.1498076923076923
4374,âiìcã`çh,3,35,0,4,5,0.1437142857142857,0,0,0,0,0,0,0,0,0,0,0.1498076923076923
4374,âiìcã`çh,4,32,3,5,5,0.14906250000000001,0,0,2,1,0,0,0,0,0,0,0.1498076923076923
4374,âiìcã`çh,5,39,1,2,2,0.15000000000000002,0,0,0,1,0,0,0,0,0,0,0.1498076923076923
4374,âiìcã`çh,6,29,0,0,2,0.17310344827586208,0,0,0,0,0,0,0,0,0,0,0.1498076923076923
4375,è∆âÆå˙êm,1,37,22,9,4,0.16675675675675675,21,0,0,0,1,0,7,2,4,0,0.16541666666666666
4375,è∆âÆå˙êm,2,36,4,8,7,0.15944444444444444,0,3,1,0,0,0,0,0,0,22,0.16541666666666666
4375,è∆âÆå˙êm,3,38,7,6,11,0.15236842105263157,0,2,4,1,0,0,0,0,0,0,0.16541666666666666
4375,è∆âÆå˙êm,4,35,2,5,10,0.14914285714285713,0,0,1,0,0,1,0,0,0,0,0.16541666666666666
4375,è∆âÆå˙êm,5,35,1,2,11,0.17457142857142857,0,0,0,1,0,0,0,0,0,0,0.16541666666666666
4375,è∆âÆå˙êm,6,35,0,4,4,0.19142857142857142,0,0,0,0,0,0,0,0,0,0,0.16541666666666666
4376,ì°ìcñıçO,1,56,38,7,4,0.14107142857142857,35,0,0,0,3,0,7,6,5,0,0.15242957746478872
4376,ì°ìcñıçO,2,48,12,11,8,0.14166666666666666,0,7,4,0,1,0,0,0,0,18,0.15242957746478872
4376,ì°ìcñıçO,3,43,7,12,10,0.14162790697674418,0,0,4,2,1,0,0,0,0,0,0.15242957746478872
4376,ì°ìcñıçO,4,40,1,7,12,0.155,0,0,1,0,0,0,0,0,0,0,0.15242957746478872
4376,ì°ìcñıçO,5,49,0,10,14,0.1489795918367347,0,0,0,0,0,0,0,0,0,0,0.15242957746478872
4376,ì°ìcñıçO,6,48,3,6,10,0.1875,0,2,0,1,0,0,0,0,0,0,0.15242957746478872
4377,‡_ñ{óDàÍ,1,51,33,11,6,0.14137254901960783,32,0,0,0,1,0,2,6,5,0,0.16089795918367347
4377,‡_ñ{óDàÍ,2,46,9,13,8,0.15217391304347827,0,5,1,0,3,0,0,0,0,22,0.16089795918367347
4377,‡_ñ{óDàÍ,3,37,7,8,6,0.1654054054054054,0,1,1,3,2,0,0,0,0,0,0.16089795918367347
4377,‡_ñ{óDàÍ,4,41,8,4,8,0.16560975609756098,0,0,1,3,4,0,0,0,0,0,0.16089795918367347
4377,‡_ñ{óDàÍ,5,32,4,4,8,0.16875,0,0,1,2,1,0,0,0,0,0,0.16089795918367347
4377,‡_ñ{óDàÍ,6,38,2,1,12,0.18157894736842106,0,2,0,0,0,0,0,0,0,0,0.16089795918367347
4379,åKìáòaçG,1,40,17,11,4,0.1675,16,0,0,0,1,0,8,7,6,0,0.17177489177489177
4379,åKìáòaçG,2,42,2,7,15,0.17761904761904762,0,2,0,0,0,0,0,0,0,19,0.17177489177489177
4379,åKìáòaçG,3,42,8,9,9,0.14809523809523809,0,0,2,3,2,1,0,0,0,0,0.17177489177489177
4379,åKìáòaçG,4,39,4,8,7,0.18051282051282053,0,1,0,2,1,0,0,0,0,0,0.17177489177489177
4379,åKìáòaçG,5,33,2,4,10,0.1796969696969697,0,0,0,1,1,0,0,0,0,0,0.17177489177489177
4379,åKìáòaçG,6,35,0,3,11,0.18085714285714286,0,0,0,0,0,0,0,0,0,0,0.17177489177489177
4380,óÈñÿèsóC,1,35,15,7,3,0.13942857142857143,15,0,0,0,0,0,5,6,6,0,0.1733632286995516
4380,óÈñÿèsóC,2,40,3,13,6,0.15225,0,1,2,0,0,0,0,0,0,17,0.1733632286995516
4380,óÈñÿèsóC,3,35,1,6,6,0.18028571428571427,0,0,1,0,0,0,0,0,0,0,0.1733632286995516
4380,óÈñÿèsóC,4,36,2,3,10,0.18083333333333332,0,0,1,1,0,0,0,0,0,0,0.1733632286995516
4380,óÈñÿèsóC,5,40,5,3,5,0.181,0,1,2,0,2,0,0,0,0,0,0.1733632286995516
4380,óÈñÿèsóC,6,37,1,3,4,0.20621621621621622,0,0,1,0,0,0,0,0,0,0,0.1733632286995516
4381,ìcòHï¸éj,1,42,24,9,3,0.1519047619047619,24,0,0,0,0,0,4,5,5,0,0.1611453744493392
4381,ìcòHï¸éj,2,38,6,11,9,0.16131578947368422,0,5,1,0,0,0,0,0,0,17,0.1611453744493392
4381,ìcòHï¸éj,3,42,3,14,5,0.19714285714285712,0,1,1,1,0,0,0,0,0,0,0.1611453744493392
4381,ìcòHï¸éj,4,37,4,6,11,0.14783783783783783,0,1,2,1,0,0,0,0,0,0,0.1611453744493392
4381,ìcòHï¸éj,5,32,2,4,8,0.16125,0,0,1,1,0,0,0,0,0,0,0.1611453744493392
4381,ìcòHï¸éj,6,36,2,3,4,0.14333333333333334,0,0,2,0,0,0,0,0,0,0,0.1611453744493392
4382,çÇéRíqéä,1,26,9,6,4,0.16,9,0,0,0,0,0,7,4,4,0,0.16585492227979273
4382,çÇéRíqéä,2,30,1,4,8,0.153,0,0,1,0,0,0,0,0,0,18,0.16585492227979273
4382,çÇéRíqéä,3,39,1,6,9,0.15692307692307692,0,0,1,0,0,0,0,0,0,0,0.16585492227979273
4382,çÇéRíqéä,4,36,0,1,6,0.16527777777777777,0,0,0,0,0,0,0,0,0,0,0.16585492227979273
4382,çÇéRíqéä,5,35,1,1,5,0.18828571428571428,0,0,0,1,0,0,0,0,0,0,0.16585492227979273
4382,çÇéRíqéä,6,27,0,1,3,0.17037037037037037,0,0,0,0,0,0,0,0,0,0,0.16585492227979273
4383,í|ìcãgçs,1,37,21,7,4,0.16567567567567568,21,0,0,0,0,0,10,1,5,0,0.17438053097345135
4383,í|ìcãgçs,2,43,1,11,8,0.1981395348837209,0,1,0,0,0,0,0,0,0,20,0.17438053097345135
4383,í|ìcãgçs,3,37,2,10,4,0.15135135135135133,0,0,1,1,0,0,0,0,0,0,0.17438053097345135
4383,í|ìcãgçs,4,39,5,8,10,0.15666666666666668,0,1,0,3,1,0,0,0,0,0,0.17438053097345135
4383,í|ìcãgçs,5,40,1,4,9,0.1695,0,0,0,0,0,1,0,0,0,0,0.17438053097345135
4383,í|ìcãgçs,6,30,0,5,3,0.20900000000000002,0,0,0,0,0,0,0,0,0,0,0.17438053097345135
4384,íﬂñ{êíï∂,1,59,46,8,2,0.15,44,0,0,0,2,0,4,2,5,0,0.15636042402826855
4384,íﬂñ{êíï∂,2,51,6,23,12,0.1450980392156863,0,5,0,0,0,1,0,0,0,34,0.15636042402826855
4384,íﬂñ{êíï∂,3,43,7,12,10,0.15,0,0,2,3,2,0,0,0,0,0,0.15636042402826855
4384,íﬂñ{êíï∂,4,48,4,11,14,0.15041666666666667,0,0,1,2,1,0,0,0,0,0,0.15636042402826855
4384,íﬂñ{êíï∂,5,37,4,7,8,0.16486486486486485,0,2,0,2,0,0,0,0,0,0,0.15636042402826855
4384,íﬂñ{êíï∂,6,45,1,6,8,0.1828888888888889,0,1,0,0,0,0,0,0,0,0,0.15636042402826855
4385,óÈñÿóSî¸éq,1,21,7,7,1,0.22380952380952382,7,0,0,0,0,0,5,4,4,0,0.2194927536231884
4385,óÈñÿóSî¸éq,2,25,1,5,4,0.21559999999999999,0,0,1,0,0,0,0,0,0,12,0.2194927536231884
4385,óÈñÿóSî¸éq,3,30,1,5,12,0.2036666666666667,0,0,1,0,0,0,0,0,0,0,0.2194927536231884
4385,óÈñÿóSî¸éq,4,22,0,3,2,0.20227272727272727,0,0,0,0,0,0,0,0,0,0,0.2194927536231884
4385,óÈñÿóSî¸éq,5,19,0,2,4,0.2263157894736842,0,0,0,0,0,0,0,0,0,0,0.2194927536231884
4385,óÈñÿóSî¸éq,6,21,0,2,5,0.2542857142857143,0,0,0,0,0,0,0,0,0,0,0.2194927536231884
4387,ïΩéRíqâ¡,1,58,39,6,4,0.135,39,0,0,0,0,0,5,10,3,0,0.1460392156862745
4387,ïΩéRíqâ¡,2,43,13,8,9,0.14790697674418604,0,5,7,0,1,0,0,0,0,20,0.1460392156862745
4387,ïΩéRíqâ¡,3,42,8,12,8,0.14119047619047617,0,2,3,2,0,1,0,0,0,0,0.1460392156862745
4387,ïΩéRíqâ¡,4,38,5,9,8,0.14921052631578946,0,2,1,1,1,0,0,0,0,0,0.1460392156862745
4387,ïΩéRíqâ¡,5,34,1,7,8,0.15235294117647058,0,0,0,1,0,0,0,0,0,0,0.1460392156862745
4387,ïΩéRíqâ¡,6,40,0,3,9,0.15675,0,0,0,0,0,0,0,0,0,0,0.1460392156862745
4388,ê•‡VçFçG,1,56,30,12,7,0.14696428571428571,26,0,0,0,4,0,10,8,8,0,0.15613545816733068
4388,ê•‡VçFçG,2,44,12,14,9,0.15795454545454546,1,8,2,0,1,0,0,0,0,19,0.15613545816733068
4388,ê•‡VçFçG,3,37,5,9,8,0.14081081081081082,0,0,3,1,1,0,0,0,0,0,0.15613545816733068
4388,ê•‡VçFçG,4,36,10,7,7,0.1638888888888889,0,3,2,3,2,0,0,0,0,0,0.15613545816733068
4388,ê•‡VçFçG,5,41,3,11,13,0.16317073170731708,0,0,0,3,0,0,0,0,0,0,0.15613545816733068
4388,ê•‡VçFçG,6,37,1,3,9,0.16783783783783784,0,0,0,1,0,0,0,0,0,0,0.15613545816733068
4389,à…ì°äÏíq,1,33,12,9,3,0.18303030303030304,11,0,0,0,1,0,7,8,4,0,0.16469565217391305
4389,à…ì°äÏíq,2,40,1,8,7,0.15625,0,1,0,0,0,0,0,0,0,24,0.16469565217391305
4389,à…ì°äÏíq,3,45,1,10,9,0.15955555555555556,0,0,0,1,0,0,0,0,0,0,0.16469565217391305
4389,à…ì°äÏíq,4,39,0,5,9,0.16999999999999998,0,0,0,0,0,0,0,0,0,0,0.16469565217391305
4389,à…ì°äÏíq,5,37,2,8,2,0.16135135135135134,0,0,0,2,0,0,0,0,0,0,0.16469565217391305
4389,à…ì°äÏíq,6,36,0,3,4,0.16138888888888892,0,0,0,0,0,0,0,0,0,0,0.16469565217391305
4390,èºñ{ã|óY,1,18,3,6,4,0.1761111111111111,2,0,0,0,1,0,3,5,4,0,0.17044444444444445
4390,èºñ{ã|óY,2,25,2,3,7,0.174,0,1,0,0,1,0,0,0,0,12,0.17044444444444445
4390,èºñ{ã|óY,3,24,3,5,5,0.17500000000000002,0,0,1,2,0,0,0,0,0,0,0.17044444444444445
4390,èºñ{ã|óY,4,26,1,2,5,0.15346153846153848,0,1,0,0,0,0,0,0,0,0,0.17044444444444445
4390,èºñ{ã|óY,5,25,1,2,5,0.1604,0,0,0,1,0,0,0,0,0,0,0.17044444444444445
4390,èºñ{ã|óY,6,17,0,1,1,0.1935294117647059,0,0,0,0,0,0,0,0,0,0,0.17044444444444445
4391,èºìcóSãG,1,67,54,5,2,0.15507462686567164,50,0,0,0,4,0,1,5,7,0,0.16826388888888888
4391,èºìcóSãG,2,45,11,19,8,0.15088888888888888,1,7,0,0,2,1,0,0,0,21,0.16826388888888888
4391,èºìcóSãG,3,45,15,11,6,0.18733333333333332,0,1,4,7,3,0,0,0,0,0,0.16826388888888888
4391,èºìcóSãG,4,42,4,18,9,0.17333333333333334,0,2,0,2,0,0,0,0,0,0,0.16826388888888888
4391,èºìcóSãG,5,43,4,8,15,0.17069767441860464,0,0,0,3,1,0,0,0,0,0,0.16826388888888888
4391,èºìcóSãG,6,46,3,6,12,0.17891304347826087,0,1,0,2,0,0,0,0,0,0,0.16826388888888888
4393,ìcíÜçFñæ,1,29,12,8,5,0.1568965517241379,10,0,0,0,2,0,5,3,9,0,0.1895609756097561
4393,ìcíÜçFñæ,2,36,2,8,9,0.19,0,2,0,0,0,0,0,0,0,15,0.1895609756097561
4393,ìcíÜçFñæ,3,38,1,11,8,0.17763157894736842,0,0,1,0,0,0,0,0,0,0,0.1895609756097561
4393,ìcíÜçFñæ,4,39,1,4,13,0.20307692307692307,0,0,1,0,0,0,0,0,0,0,0.1895609756097561
4393,ìcíÜçFñæ,5,34,0,1,6,0.20588235294117646,0,0,0,0,0,0,0,0,0,0,0.1895609756097561
4393,ìcíÜçFñæ,6,29,0,0,5,0.19999999999999998,0,0,0,0,0,0,0,0,0,0,0.1895609756097561
4394,âiìàóTàÍ,1,18,13,3,0,0.1622222222222222,13,0,0,0,0,0,3,0,2,0,0.15666666666666668
4394,âiìàóTàÍ,2,33,1,8,8,0.14363636363636365,0,1,0,0,0,0,0,0,0,18,0.15666666666666668
4394,âiìàóTàÍ,3,31,4,8,5,0.13516129032258065,0,1,1,0,2,0,0,0,0,0,0.15666666666666668
4394,âiìàóTàÍ,4,23,0,2,4,0.15434782608695655,0,0,0,0,0,0,0,0,0,0,0.15666666666666668
4394,âiìàóTàÍ,5,25,0,2,3,0.1764,0,0,0,0,0,0,0,0,0,0,0.15666666666666668
4394,âiìàóTàÍ,6,26,1,0,2,0.17807692307692308,0,0,0,1,0,0,0,0,0,0,0.15666666666666668
4395,â∫âÕâÎéj,1,33,18,6,4,0.15303030303030302,17,0,0,0,1,0,2,4,5,0,0.16122529644268774
4395,â∫âÕâÎéj,2,46,6,11,9,0.16543478260869565,0,5,1,0,0,0,0,0,0,25,0.16122529644268774
4395,â∫âÕâÎéj,3,51,6,9,17,0.16,0,0,2,3,1,0,0,0,0,0,0.16122529644268774
4395,â∫âÕâÎéj,4,47,4,6,17,0.15404255319148938,0,0,2,1,0,1,0,0,0,0,0.16122529644268774
4395,â∫âÕâÎéj,5,43,1,6,11,0.14906976744186046,0,0,0,0,1,0,0,0,0,0,0.16122529644268774
4395,â∫âÕâÎéj,6,33,0,3,3,0.19151515151515153,0,0,0,0,0,0,0,0,0,0,0.16122529644268774
4396,ëÂìcíºñÌ,1,40,23,7,5,0.18125,20,0,0,0,3,0,7,5,5,0,0.18703125
4396,ëÂìcíºñÌ,2,47,11,19,7,0.17659574468085107,0,7,0,0,3,1,0,0,0,21,0.18703125
4396,ëÂìcíºñÌ,3,42,3,9,11,0.17595238095238094,0,0,0,1,0,2,0,0,0,0,0.18703125
4396,ëÂìcíºñÌ,4,47,4,8,12,0.16659574468085106,0,1,3,0,0,0,0,0,0,0,0.18703125
4396,ëÂìcíºñÌ,5,42,2,6,10,0.20976190476190476,0,1,0,1,0,0,0,0,0,0,0.18703125
4396,ëÂìcíºñÌ,6,38,1,1,7,0.21842105263157896,0,0,0,0,1,0,0,0,0,0,0.18703125
4397,êºë∫ëÒñÁ,1,60,45,6,6,0.15583333333333332,42,0,0,0,3,0,5,4,4,0,0.16796992481203007
4397,êºë∫ëÒñÁ,2,40,14,14,4,0.15975,0,10,1,0,3,0,0,0,0,13,0.16796992481203007
4397,êºë∫ëÒñÁ,3,40,10,12,7,0.15875,0,2,2,5,1,0,0,0,0,0,0.16796992481203007
4397,êºë∫ëÒñÁ,4,43,3,18,11,0.15976744186046513,0,1,0,2,0,0,0,0,0,0,0.16796992481203007
4397,êºë∫ëÒñÁ,5,39,3,7,13,0.19025641025641024,0,0,0,1,2,0,0,0,0,0,0.16796992481203007
4397,êºë∫ëÒñÁ,6,44,4,9,11,0.18863636363636366,0,1,0,2,1,0,0,0,0,0,0.16796992481203007
4398,ëDâ™ómàÍòY,1,56,41,6,5,0.14714285714285716,41,0,0,0,0,0,6,4,4,0,0.15022556390977443
4398,ëDâ™ómàÍòY,2,44,12,13,4,0.13,0,7,4,0,1,0,0,0,0,22,0.15022556390977443
4398,ëDâ™ómàÍòY,3,49,11,10,7,0.15081632653061225,0,1,2,7,1,0,0,0,0,0,0.15022556390977443
4398,ëDâ™ómàÍòY,4,38,7,9,8,0.1394736842105263,0,1,1,4,1,0,0,0,0,0,0.15022556390977443
4398,ëDâ™ómàÍòY,5,38,6,8,6,0.14973684210526317,0,1,1,3,1,0,0,0,0,0,0.15022556390977443
4398,ëDâ™ómàÍòY,6,41,3,3,13,0.18585365853658536,0,1,1,1,0,0,0,0,0,0,0.15022556390977443
4399,èºñ{èªåb,1,56,37,11,3,0.1660714285714286,35,0,0,0,2,0,3,9,5,0,0.16120833333333331
4399,èºñ{èªåb,2,39,8,18,6,0.1735897435897436,0,5,0,0,3,0,0,0,0,17,0.16120833333333331
4399,èºñ{èªåb,3,39,9,8,12,0.16025641025641027,0,2,1,6,0,0,0,0,0,0,0.16120833333333331
4399,èºñ{èªåb,4,43,4,11,11,0.1513953488372093,0,1,1,2,0,0,0,0,0,0,0.16120833333333331
4399,èºñ{èªåb,5,32,0,7,5,0.134375,0,0,0,0,0,0,0,0,0,0,0.16120833333333331
4399,èºñ{èªåb,6,31,0,5,7,0.17935483870967744,0,0,0,0,0,0,0,0,0,0,0.16120833333333331
4400,â¡ì°ìﬁåé,1,27,4,5,5,0.242962962962963,4,0,0,0,0,0,10,9,4,0,0.20617142857142856
4400,â¡ì°ìﬁåé,2,32,1,9,5,0.2034375,0,0,1,0,0,0,0,0,0,17,0.20617142857142856
4400,â¡ì°ìﬁåé,3,34,3,8,8,0.18382352941176472,0,1,1,1,0,0,0,0,0,0,0.20617142857142856
4400,â¡ì°ìﬁåé,4,26,2,3,5,0.1903846153846154,0,0,0,2,0,0,0,0,0,0,0.20617142857142856
4400,â¡ì°ìﬁåé,5,36,0,6,3,0.21305555555555555,0,0,0,0,0,0,0,0,0,0,0.20617142857142856
4400,â¡ì°ìﬁåé,6,20,0,1,7,0.207,0,0,0,0,0,0,0,0,0,0,0.20617142857142856
4401,è¨ó—ë◊,1,37,30,4,1,0.11405405405405404,27,0,0,0,3,0,3,0,3,0,0.12903381642512077
4401,è¨ó—ë◊,2,30,5,13,5,0.13133333333333333,0,4,0,0,1,0,0,0,0,15,0.12903381642512077
4401,è¨ó—ë◊,3,33,5,11,6,0.1196969696969697,0,1,3,1,0,0,0,0,0,0,0.12903381642512077
4401,è¨ó—ë◊,4,41,11,9,4,0.13341463414634147,0,1,7,2,1,0,0,0,0,0,0.12903381642512077
4401,è¨ó—ë◊,5,31,2,3,7,0.12580645161290321,0,0,1,1,0,0,0,0,0,0,0.12903381642512077
4401,è¨ó—ë◊,6,35,1,3,9,0.14942857142857144,0,0,0,0,0,1,0,0,0,0,0.12903381642512077
4402,â≥ì°íqéj,1,37,30,2,0,0.12945945945945947,29,0,0,0,1,0,1,4,1,0,0.166010101010101
4402,â≥ì°íqéj,2,30,7,7,3,0.155,0,5,1,0,0,1,0,0,0,15,0.166010101010101
4402,â≥ì°íqéj,3,25,1,4,6,0.152,0,0,0,1,0,0,0,0,0,0,0.166010101010101
4402,â≥ì°íqéj,4,39,2,8,8,0.15948717948717947,0,1,0,1,0,0,0,0,0,0,0.166010101010101
4402,â≥ì°íqéj,5,33,1,4,5,0.17727272727272725,0,1,0,0,0,0,0,0,0,0,0.166010101010101
4402,â≥ì°íqéj,6,34,1,2,8,0.2223529411764706,0,0,0,1,0,0,0,0,0,0,0.166010101010101
4403,ñÿâ∫ëÂõí,1,37,24,8,4,0.14513513513513515,19,0,1,0,4,0,3,5,4,0,0.16165775401069518
4403,ñÿâ∫ëÂõí,2,36,11,7,5,0.16,0,3,8,0,0,0,0,0,0,20,0.16165775401069518
4403,ñÿâ∫ëÂõí,3,32,6,7,8,0.15375,0,1,4,1,0,0,0,0,0,0,0.16165775401069518
4403,ñÿâ∫ëÂõí,4,29,2,9,9,0.15413793103448276,0,0,1,1,0,0,0,0,0,0,0.16165775401069518
4403,ñÿâ∫ëÂõí,5,32,1,7,7,0.1784375,0,0,1,0,0,0,0,0,0,0,0.16165775401069518
4403,ñÿâ∫ëÂõí,6,21,0,4,8,0.19047619047619047,0,0,0,0,0,0,0,0,0,0,0.16165775401069518
4404,ä›à¸ó∫,1,23,12,4,0,0.1882608695652174,12,0,0,0,0,0,4,1,5,0,0.18
4404,ä›à¸ó∫,2,34,5,8,5,0.1476470588235294,0,4,0,0,1,0,0,0,0,18,0.18
4404,ä›à¸ó∫,3,24,3,3,2,0.16625,0,0,2,0,1,0,0,0,0,0,0.18
4404,ä›à¸ó∫,4,29,4,6,1,0.18172413793103448,0,0,4,0,0,0,0,0,0,0,0.18
4404,ä›à¸ó∫,5,36,2,6,8,0.18777777777777777,0,0,0,1,1,0,0,0,0,0,0.18
4404,ä›à¸ó∫,6,32,1,1,4,0.2084375,0,0,1,0,0,0,0,0,0,0,0.18
4405,ìÏñÏóòì´,1,31,7,8,5,0.15193548387096775,7,0,0,0,0,0,8,4,7,0,0.16372641509433963
4405,ìÏñÏóòì´,2,40,2,6,8,0.16425,0,2,0,0,0,0,0,0,0,24,0.16372641509433963
4405,ìÏñÏóòì´,3,38,4,4,7,0.17210526315789473,0,0,1,3,0,0,0,0,0,0,0.16372641509433963
4405,ìÏñÏóòì´,4,39,4,5,9,0.1392307692307692,0,0,1,2,1,0,0,0,0,0,0.16372641509433963
4405,ìÏñÏóòì´,5,35,3,5,7,0.1782857142857143,0,0,0,2,0,1,0,0,0,0,0.16372641509433963
4405,ìÏñÏóòì´,6,29,1,1,0,0.18,0,0,1,0,0,0,0,0,0,0,0.16372641509433963
4406,çKñÏéjñæ,1,30,10,6,4,0.175,10,0,0,0,0,0,5,4,7,0,0.17031531531531532
4406,çKñÏéjñæ,2,37,4,5,6,0.17783783783783785,0,2,2,0,0,0,0,0,0,19,0.17031531531531532
4406,çKñÏéjñæ,3,43,2,9,10,0.14976744186046512,0,0,1,1,0,0,0,0,0,0,0.17031531531531532
4406,çKñÏéjñæ,4,41,1,6,11,0.17121951219512196,0,1,0,0,0,0,0,0,0,0,0.17031531531531532
4406,çKñÏéjñæ,5,41,1,1,6,0.175609756097561,0,0,0,1,0,0,0,0,0,0,0.17031531531531532
4406,çKñÏéjñæ,6,30,0,0,4,0.17733333333333334,0,0,0,0,0,0,0,0,0,0,0.17031531531531532
4407,é≠ìáïqçO,1,38,23,4,5,0.15105263157894738,22,0,0,0,1,0,4,6,3,0,0.1817578125
4407,é≠ìáïqçO,2,48,4,13,8,0.1779166666666667,0,3,1,0,0,0,0,0,0,28,0.1817578125
4407,é≠ìáïqçO,3,45,4,14,6,0.16911111111111113,0,1,1,1,1,0,0,0,0,0,0.1817578125
4407,é≠ìáïqçO,4,46,3,8,14,0.18456521739130435,0,1,0,1,1,0,0,0,0,0,0.1817578125
4407,é≠ìáïqçO,5,42,0,3,15,0.2,0,0,0,0,0,0,0,0,0,0,0.1817578125
4407,é≠ìáïqçO,6,37,0,1,10,0.20945945945945946,0,0,0,0,0,0,0,0,0,0,0.1817578125
4408,êmâ»Ç≥Ç‚Ç©,1,25,12,6,4,0.1588,12,0,0,0,0,0,1,5,5,0,0.17880794701986755
4408,êmâ»Ç≥Ç‚Ç©,2,31,4,9,5,0.15870967741935485,0,2,0,0,2,0,0,0,0,16,0.17880794701986755
4408,êmâ»Ç≥Ç‚Ç©,3,27,4,2,8,0.17666666666666664,0,0,1,2,1,0,0,0,0,0,0.17880794701986755
4408,êmâ»Ç≥Ç‚Ç©,4,22,2,1,3,0.19772727272727275,0,0,0,2,0,0,0,0,0,0,0.17880794701986755
4408,êmâ»Ç≥Ç‚Ç©,5,24,0,3,4,0.17958333333333332,0,0,0,0,0,0,0,0,0,0,0.17880794701986755
4408,êmâ»Ç≥Ç‚Ç©,6,22,1,0,3,0.2127272727272727,0,0,0,1,0,0,0,0,0,0,0.17880794701986755
4409,ç‚å≥ç_êm,1,52,35,7,2,0.13903846153846156,33,0,0,0,2,0,7,6,3,0,0.14076
4409,ç‚å≥ç_êm,2,40,5,14,8,0.1315,0,2,3,0,0,0,0,0,0,19,0.14076
4409,ç‚å≥ç_êm,3,37,7,11,5,0.13135135135135137,0,1,2,3,1,0,0,0,0,0,0.14076
4409,ç‚å≥ç_êm,4,43,13,12,8,0.13511627906976745,0,1,10,1,0,1,0,0,0,0,0.14076
4409,ç‚å≥ç_êm,5,37,3,7,9,0.14756756756756756,0,1,1,1,0,0,0,0,0,0,0.14076
4409,ç‚å≥ç_êm,6,41,3,6,14,0.1602439024390244,0,0,3,0,0,0,0,0,0,0,0.14076
4410,à‰è„ëÂï„,1,48,24,11,7,0.15333333333333335,23,0,0,0,1,0,11,6,4,0,0.17058333333333334
4410,à‰è„ëÂï„,2,37,6,7,8,0.16864864864864865,0,1,3,2,0,0,0,0,0,14,0.17058333333333334
4410,à‰è„ëÂï„,3,40,6,6,7,0.18775,0,0,4,1,1,0,0,0,0,0,0.17058333333333334
4410,à‰è„ëÂï„,4,40,10,7,10,0.1655,0,0,7,0,3,0,0,0,0,0,0.17058333333333334
4410,à‰è„ëÂï„,5,38,4,3,8,0.1705263157894737,0,0,3,1,0,0,0,0,0,0,0.17058333333333334
4410,à‰è„ëÂï„,6,37,5,1,5,0.1818918918918919,0,0,3,2,0,0,0,0,0,0,0.17058333333333334
4411,ëÚìcè∫çG,1,49,32,9,4,0.16530612244897958,32,0,0,0,0,0,5,7,4,0,0.1789705882352941
4411,ëÚìcè∫çG,2,49,9,14,8,0.1910204081632653,0,6,1,0,2,0,0,0,0,20,0.1789705882352941
4411,ëÚìcè∫çG,3,47,3,12,15,0.1872340425531915,0,0,1,2,0,0,0,0,0,0,0.1789705882352941
4411,ëÚìcè∫çG,4,46,4,6,15,0.1758695652173913,0,1,1,2,0,0,0,0,0,0,0.1789705882352941
4411,ëÚìcè∫çG,5,41,4,4,7,0.16073170731707317,0,0,3,1,0,0,0,0,0,0,0.1789705882352941
4411,ëÚìcè∫çG,6,40,2,3,7,0.1935,0,0,2,0,0,0,0,0,0,0,0.1789705882352941
4413,êÖñÄì÷,1,46,30,7,4,0.1667391304347826,27,0,1,0,2,0,1,5,6,0,0.15757009345794393
4413,êÖñÄì÷,2,37,8,9,10,0.16027027027027027,0,3,3,0,2,0,0,0,0,17,0.15757009345794393
4413,êÖñÄì÷,3,35,9,7,9,0.164,0,0,8,1,0,0,0,0,0,0,0.15757009345794393
4413,êÖñÄì÷,4,35,8,7,10,0.1482857142857143,0,1,7,0,0,0,0,0,0,0,0.15757009345794393
4413,êÖñÄì÷,5,26,6,4,7,0.14076923076923079,0,0,3,2,0,1,0,0,0,0,0.15757009345794393
4413,êÖñÄì÷,6,35,7,4,11,0.158,0,0,6,1,0,0,0,0,0,0,0.15757009345794393
4414,ëÂ‡Vê^çÿ,1,3,1,1,0,0.12,1,0,0,0,0,0,1,1,0,0,0.1788888888888889
4414,ëÂ‡Vê^çÿ,2,7,1,1,0,0.16428571428571428,0,0,1,0,0,0,0,0,0,1,0.1788888888888889
4414,ëÂ‡Vê^çÿ,3,5,0,0,1,0.196,0,0,0,0,0,0,0,0,0,0,0.1788888888888889
4414,ëÂ‡Vê^çÿ,4,4,0,0,1,0.21750000000000003,0,0,0,0,0,0,0,0,0,0,0.1788888888888889
4414,ëÂ‡Vê^çÿ,5,4,0,1,1,0.1875,0,0,0,0,0,0,0,0,0,0,0.1788888888888889
4414,ëÂ‡Vê^çÿ,6,4,0,0,1,0.18,0,0,0,0,0,0,0,0,0,0,0.1788888888888889
4415,â∫èoëÏñÓ,1,52,38,9,3,0.13615384615384615,34,0,1,0,3,0,3,4,6,0,0.15806691449814128
4415,â∫èoëÏñÓ,2,50,14,10,6,0.1572,0,6,6,0,2,0,0,0,0,21,0.15806691449814128
4415,â∫èoëÏñÓ,3,39,8,10,4,0.15333333333333335,0,1,2,4,1,0,0,0,0,0,0.15806691449814128
4415,â∫èoëÏñÓ,4,45,14,9,7,0.16266666666666668,0,2,10,1,1,0,0,0,0,0,0.15806691449814128
4415,â∫èoëÏñÓ,5,43,3,10,7,0.16534883720930232,0,0,2,0,1,0,0,0,0,0,0.15806691449814128
4415,â∫èoëÏñÓ,6,40,5,7,4,0.17925,0,0,4,1,0,0,0,0,0,0,0.15806691449814128
4416,éOëÓåíëæ,1,37,17,10,7,0.14594594594594595,16,0,0,0,1,0,3,7,8,0,0.16842857142857143
4416,éOëÓåíëæ,2,37,6,10,6,0.15,0,2,3,0,1,0,0,0,0,18,0.16842857142857143
4416,éOëÓåíëæ,3,31,3,8,7,0.15193548387096775,0,0,1,2,0,0,0,0,0,0,0.16842857142857143
4416,éOëÓåíëæ,4,32,4,6,5,0.183125,0,0,1,3,0,0,0,0,0,0,0.16842857142857143
4416,éOëÓåíëæ,5,38,0,5,6,0.185,0,0,0,0,0,0,0,0,0,0,0.16842857142857143
4416,éOëÓåíëæ,6,35,1,2,5,0.19485714285714287,0,0,1,0,0,0,0,0,0,0,0.16842857142857143
4417,ïûïîçÑ,1,27,10,5,6,0.18518518518518517,9,0,0,0,1,0,7,6,3,0,0.18736040609137058
4417,ïûïîçÑ,2,40,4,7,10,0.18825,0,2,2,0,0,0,0,0,0,23,0.18736040609137058
4417,ïûïîçÑ,3,37,4,8,10,0.18567567567567567,0,1,2,1,0,0,0,0,0,0,0.18736040609137058
4417,ïûïîçÑ,4,27,0,6,7,0.1862962962962963,0,0,0,0,0,0,0,0,0,0,0.18736040609137058
4417,ïûïîçÑ,5,37,3,2,10,0.182972972972973,0,0,1,2,0,0,0,0,0,0,0.18736040609137058
4417,ïûïîçÑ,6,29,0,2,9,0.19689655172413792,0,0,0,0,0,0,0,0,0,0,0.18736040609137058
4418,äùå¥óIãI,1,59,46,3,4,0.13559322033898305,45,0,0,0,1,0,1,9,3,0,0.12547244094488189
4418,äùå¥óIãI,2,39,6,14,6,0.12179487179487179,0,3,2,0,1,0,0,0,0,26,0.12547244094488189
4418,äùå¥óIãI,3,36,10,10,8,0.12277777777777778,0,1,5,3,1,0,0,0,0,0,0.12547244094488189
4418,äùå¥óIãI,4,41,9,16,8,0.11048780487804878,0,1,5,3,0,0,0,0,0,0,0.12547244094488189
4418,äùå¥óIãI,5,36,4,6,9,0.12083333333333332,0,0,2,2,0,0,0,0,0,0,0.12547244094488189
4418,äùå¥óIãI,6,43,2,9,12,0.13534883720930233,0,2,0,0,0,0,0,0,0,0,0.12547244094488189
4419,å¥â¡âõóù,1,28,13,3,2,0.18892857142857142,12,0,0,0,1,0,5,7,2,0,0.1628409090909091
4419,å¥â¡âõóù,2,29,3,5,11,0.15379310344827585,0,1,2,0,0,0,0,0,0,17,0.1628409090909091
4419,å¥â¡âõóù,3,35,4,8,9,0.17457142857142857,0,0,2,1,1,0,0,0,0,0,0.1628409090909091
4419,å¥â¡âõóù,4,33,3,7,8,0.15121212121212121,0,2,1,0,0,0,0,0,0,0,0.1628409090909091
4419,å¥â¡âõóù,5,28,0,4,9,0.16,0,0,0,0,0,0,0,0,0,0,0.1628409090909091
4419,å¥â¡âõóù,6,23,0,1,7,0.14478260869565218,0,0,0,0,0,0,0,0,0,0,0.1628409090909091
4420,í√ãvà‰ëÒñÁ,1,49,23,8,6,0.1873469387755102,22,0,0,0,1,0,7,8,9,0,0.16869090909090909
4420,í√ãvà‰ëÒñÁ,2,48,9,14,15,0.16604166666666667,1,3,3,0,2,0,0,0,0,28,0.16869090909090909
4420,í√ãvà‰ëÒñÁ,3,43,9,9,9,0.15023255813953487,0,3,5,1,0,0,0,0,0,0,0.16869090909090909
4420,í√ãvà‰ëÒñÁ,4,52,1,10,15,0.16596153846153847,0,0,0,1,0,0,0,0,0,0,0.16869090909090909
4420,í√ãvà‰ëÒñÁ,5,44,5,5,11,0.16227272727272726,0,1,0,4,0,0,0,0,0,0,0.16869090909090909
4420,í√ãvà‰ëÒñÁ,6,39,1,4,9,0.17974358974358973,0,0,0,0,1,0,0,0,0,0,0.16869090909090909
4421,êXçÏçLëÂ,1,24,6,3,7,0.14708333333333334,5,0,0,0,1,0,6,4,7,0,0.18133720930232558
4421,êXçÏçLëÂ,2,33,1,3,10,0.17939393939393938,0,1,0,0,0,0,0,0,0,27,0.18133720930232558
4421,êXçÏçLëÂ,3,30,0,6,6,0.17600000000000002,0,0,0,0,0,0,0,0,0,0,0.18133720930232558
4421,êXçÏçLëÂ,4,23,1,1,4,0.1817391304347826,0,0,1,0,0,0,0,0,0,0,0.18133720930232558
4421,êXçÏçLëÂ,5,33,2,1,8,0.19363636363636363,0,0,1,1,0,0,0,0,0,0,0.18133720930232558
4421,êXçÏçLëÂ,6,29,0,4,4,0.20310344827586205,0,0,0,0,0,0,0,0,0,0,0.18133720930232558
4422,âià‰ó∫éü,1,25,12,5,5,0.156,12,0,0,0,0,0,4,7,1,0,0.19870967741935483
4422,âià‰ó∫éü,2,36,3,8,8,0.1741666666666667,0,3,0,0,0,0,0,0,0,18,0.19870967741935483
4422,âià‰ó∫éü,3,36,5,1,11,0.18666666666666665,0,1,4,0,0,0,0,0,0,0,0.19870967741935483
4422,âià‰ó∫éü,4,33,1,1,6,0.22212121212121214,0,0,0,0,0,1,0,0,0,0,0.19870967741935483
4422,âià‰ó∫éü,5,33,1,1,4,0.21606060606060606,0,0,1,0,0,0,0,0,0,0,0.19870967741935483
4422,âià‰ó∫éü,6,23,0,0,2,0.24391304347826087,0,0,0,0,0,0,0,0,0,0,0.19870967741935483
4423,ç‚å˚ãMïF,1,33,21,3,7,0.12,19,0,0,0,2,0,6,3,2,0,0.1675744680851064
4423,ç‚å˚ãMïF,2,44,5,11,8,0.18454545454545454,0,3,1,0,1,0,0,0,0,24,0.1675744680851064
4423,ç‚å˚ãMïF,3,41,3,11,6,0.17926829268292682,0,0,2,1,0,0,0,0,0,0,0.1675744680851064
4423,ç‚å˚ãMïF,4,42,1,1,10,0.17261904761904762,0,0,0,0,0,1,0,0,0,0,0.1675744680851064
4423,ç‚å˚ãMïF,5,40,1,4,9,0.15975,0,0,0,1,0,0,0,0,0,0,0.1675744680851064
4423,ç‚å˚ãMïF,6,35,1,1,0,0.1802857142857143,0,0,0,1,0,0,0,0,0,0,0.1675744680851064
4424,èºîˆçVñæ,1,57,47,6,1,0.1549122807017544,47,0,0,0,0,0,5,4,0,0,0.15814229249011857
4424,èºîˆçVñæ,2,40,8,14,7,0.1625,0,5,3,0,0,0,0,0,0,17,0.15814229249011857
4424,èºîˆçVñæ,3,44,9,6,9,0.1715909090909091,0,3,3,3,0,0,0,0,0,0,0.15814229249011857
4424,èºîˆçVñæ,4,35,9,10,5,0.1382857142857143,0,2,2,5,0,0,0,0,0,0,0.15814229249011857
4424,èºîˆçVñæ,5,34,8,5,4,0.15647058823529414,0,1,4,2,1,0,0,0,0,0,0.15814229249011857
4424,èºîˆçVñæ,6,43,3,6,9,0.16209302325581396,0,0,1,0,2,0,0,0,0,0,0.15814229249011857
4425,ëÂà‰ê¥ãM,1,35,13,4,2,0.15314285714285716,13,0,0,0,0,0,8,7,3,0,0.1730593607305936
4425,ëÂà‰ê¥ãM,2,34,5,6,7,0.18411764705882352,0,3,2,0,0,0,0,0,0,17,0.1730593607305936
4425,ëÂà‰ê¥ãM,3,45,5,4,8,0.17155555555555554,0,0,2,2,1,0,0,0,0,0,0.1730593607305936
4425,ëÂà‰ê¥ãM,4,35,1,9,4,0.1762857142857143,0,0,0,1,0,0,0,0,0,0,0.1730593607305936
4425,ëÂà‰ê¥ãM,5,39,1,1,8,0.16666666666666666,0,0,0,1,0,0,0,0,0,0,0.1730593607305936
4425,ëÂà‰ê¥ãM,6,31,0,2,3,0.19000000000000003,0,0,0,0,0,0,0,0,0,0,0.1730593607305936
4427,ê`âpåÂ,1,42,32,5,2,0.12476190476190477,32,0,0,0,0,0,1,3,5,0,0.15231155778894473
4427,ê`âpåÂ,2,33,9,12,3,0.1609090909090909,0,4,5,0,0,0,0,0,0,10,0.15231155778894473
4427,ê`âpåÂ,3,29,6,9,5,0.14310344827586208,0,3,1,1,1,0,0,0,0,0,0.15231155778894473
4427,ê`âpåÂ,4,29,2,6,2,0.15448275862068966,0,1,1,0,0,0,0,0,0,0,0.15231155778894473
4427,ê`âpåÂ,5,38,6,9,4,0.14394736842105263,0,0,2,4,0,0,0,0,0,0,0.15231155778894473
4427,ê`âpåÂ,6,28,1,5,5,0.20214285714285715,0,0,0,0,0,1,0,0,0,0,0.15231155778894473
4428,óLâÍíBñÁ,1,55,37,10,4,0.13090909090909092,34,0,0,0,3,0,2,6,8,0,0.1350188679245283
4428,óLâÍíBñÁ,2,41,8,16,7,0.13756097560975608,0,2,6,0,0,0,0,0,0,21,0.1350188679245283
4428,óLâÍíBñÁ,3,42,10,10,6,0.1438095238095238,0,1,5,4,0,0,0,0,0,0,0.1350188679245283
4428,óLâÍíBñÁ,4,42,10,6,9,0.13,0,2,3,5,0,0,0,0,0,0,0.1350188679245283
4428,óLâÍíBñÁ,5,44,7,6,8,0.14,0,0,2,5,0,0,0,0,0,0,0.1350188679245283
4428,óLâÍíBñÁ,6,41,6,6,5,0.12878048780487805,0,1,2,1,2,0,0,0,0,0,0.1350188679245283
4429,ñLìcë◊óm,1,25,10,7,1,0.1364,10,0,0,0,0,0,3,6,3,0,0.17150837988826814
4429,ñLìcë◊óm,2,37,3,7,6,0.14675675675675678,0,2,0,0,0,1,0,0,0,20,0.17150837988826814
4429,ñLìcë◊óm,3,37,1,2,7,0.1635135135135135,0,0,1,0,0,0,0,0,0,0,0.17150837988826814
4429,ñLìcë◊óm,4,28,1,5,4,0.19,0,0,0,0,1,0,0,0,0,0,0.17150837988826814
4429,ñLìcë◊óm,5,31,0,0,7,0.18741935483870967,0,0,0,0,0,0,0,0,0,0,0.17150837988826814
4429,ñLìcë◊óm,6,21,1,0,0,0.22285714285714284,0,0,0,1,0,0,0,0,0,0,0.17150837988826814
4430,âiìcèGìÒ,1,60,35,18,4,0.15416666666666667,30,0,0,0,5,0,7,3,12,0,0.1804
4430,âiìcèGìÒ,2,38,9,11,7,0.17842105263157895,0,2,5,0,2,0,0,0,0,21,0.1804
4430,âiìcèGìÒ,3,42,7,13,8,0.17523809523809525,0,0,5,1,1,0,0,0,0,0,0.1804
4430,âiìcèGìÒ,4,37,9,5,11,0.20432432432432435,0,4,3,2,0,0,0,0,0,0,0.1804
4430,âiìcèGìÒ,5,37,4,5,8,0.16486486486486487,0,0,2,2,0,0,0,0,0,0,0.1804
4430,âiìcèGìÒ,6,36,4,4,11,0.22361111111111112,0,0,1,3,0,0,0,0,0,0,0.1804
4431,êŒíÀóTâÓ,1,27,14,4,4,0.12222222222222222,13,0,0,0,1,0,5,1,4,0,0.14875675675675676
4431,êŒíÀóTâÓ,2,36,7,6,3,0.14,0,5,1,1,0,0,0,0,0,18,0.14875675675675676
4431,êŒíÀóTâÓ,3,34,6,13,6,0.1338235294117647,0,1,3,2,0,0,0,0,0,0,0.14875675675675676
4431,êŒíÀóTâÓ,4,30,2,3,5,0.15600000000000003,0,0,2,0,0,0,0,0,0,0,0.14875675675675676
4431,êŒíÀóTâÓ,5,30,1,2,5,0.15966666666666668,0,0,1,0,0,0,0,0,0,0,0.14875675675675676
4431,êŒíÀóTâÓ,6,28,1,3,4,0.1842857142857143,0,1,0,0,0,0,0,0,0,0,0.14875675675675676
4432,â©ã‡à‰óÕó«,1,37,18,7,6,0.15972972972972974,17,0,0,0,1,0,6,8,5,0,0.166496062992126
4432,â©ã‡à‰óÕó«,2,41,5,7,11,0.17926829268292682,0,4,1,0,0,0,0,0,0,20,0.166496062992126
4432,â©ã‡à‰óÕó«,3,50,4,11,15,0.1552,0,0,2,1,1,0,0,0,0,0,0.166496062992126
4432,â©ã‡à‰óÕó«,4,50,2,11,14,0.16740000000000002,0,1,1,0,0,0,0,0,0,0,0.166496062992126
4432,â©ã‡à‰óÕó«,5,40,1,3,7,0.1645,0,0,0,1,0,0,0,0,0,0,0.166496062992126
4432,â©ã‡à‰óÕó«,6,36,1,2,8,0.17555555555555558,0,0,0,1,0,0,0,0,0,0,0.166496062992126
4433,êÏñÏâËóB,1,49,32,7,6,0.1659183673469388,31,0,0,0,1,0,2,9,4,0,0.192
4433,êÏñÏâËóB,2,31,5,9,10,0.18161290322580645,0,3,2,0,0,0,0,0,0,13,0.192
4433,êÏñÏâËóB,3,40,6,10,7,0.193,0,0,4,0,2,0,0,0,0,0,0.192
4433,êÏñÏâËóB,4,35,2,13,6,0.18942857142857142,0,0,2,0,0,0,0,0,0,0,0.192
4433,êÏñÏâËóB,5,24,0,4,8,0.19958333333333333,0,0,0,0,0,0,0,0,0,0,0.192
4433,êÏñÏâËóB,6,36,1,6,10,0.2327777777777778,0,1,0,0,0,0,0,0,0,0,0.192
4434,ìcíÜíCïF,1,58,36,8,6,0.15810344827586206,35,0,0,0,1,0,4,11,5,0,0.1673851590106007
4434,ìcíÜíCïF,2,48,11,18,6,0.1575,0,10,1,0,0,0,0,0,0,22,0.1673851590106007
4434,ìcíÜíCïF,3,51,5,8,18,0.15333333333333335,0,2,1,2,0,0,0,0,0,0,0.1673851590106007
4434,ìcíÜíCïF,4,45,5,11,15,0.1568888888888889,0,1,3,1,0,0,0,0,0,0,0.1673851590106007
4434,ìcíÜíCïF,5,41,1,5,6,0.18292682926829268,0,0,0,1,0,0,0,0,0,0,0.1673851590106007
4434,ìcíÜíCïF,6,40,2,7,5,0.2065,0,0,0,2,0,0,0,0,0,0,0.1673851590106007
4435,ïûïîíBç∆,1,47,30,11,2,0.1546808510638298,26,0,0,0,4,0,3,8,5,0,0.16225409836065574
4435,ïûïîíBç∆,2,45,13,9,6,0.15533333333333335,0,8,0,2,3,0,0,0,0,21,0.16225409836065574
4435,ïûïîíBç∆,3,40,2,15,7,0.143,0,0,0,1,1,0,0,0,0,0,0.16225409836065574
4435,ïûïîíBç∆,4,37,4,4,8,0.1483783783783784,0,2,0,1,0,1,0,0,0,0,0.16225409836065574
4435,ïûïîíBç∆,5,38,6,3,11,0.18789473684210525,0,1,0,3,1,1,0,0,0,0,0.16225409836065574
4435,ïûïîíBç∆,6,37,0,4,8,0.18864864864864866,0,0,0,0,0,0,0,0,0,0,0.16225409836065574
4436,èaíJñæåõ,1,40,31,4,2,0.11274999999999999,29,0,0,0,2,0,2,4,3,0,0.15080357142857143
4436,èaíJñæåõ,2,36,8,11,6,0.1527777777777778,0,6,1,0,1,0,0,0,0,19,0.15080357142857143
4436,èaíJñæåõ,3,40,7,7,11,0.15125,0,0,0,6,1,0,0,0,0,0,0.15080357142857143
4436,èaíJñæåõ,4,39,1,6,13,0.1535897435897436,0,0,0,1,0,0,0,0,0,0,0.15080357142857143
4436,èaíJñæåõ,5,36,3,7,9,0.1713888888888889,0,0,0,3,0,0,0,0,0,0,0.15080357142857143
4436,èaíJñæåõ,6,33,0,6,8,0.1684848484848485,0,0,0,0,0,0,0,0,0,0,0.15080357142857143
4437,íÜìcå≥ë◊,1,37,28,3,3,0.1554054054054054,27,0,0,0,0,1,1,2,4,0,0.16285714285714287
4437,íÜìcå≥ë◊,2,29,7,7,5,0.1603448275862069,0,6,0,0,1,0,0,0,0,16,0.16285714285714287
4437,íÜìcå≥ë◊,3,27,5,9,3,0.14814814814814814,0,1,3,0,1,0,0,0,0,0,0.16285714285714287
4437,íÜìcå≥ë◊,4,26,6,5,3,0.1676923076923077,0,1,4,1,0,0,0,0,0,0,0.16285714285714287
4437,íÜìcå≥ë◊,5,28,4,6,3,0.15142857142857144,0,0,0,4,0,0,0,0,0,0,0.16285714285714287
4437,íÜìcå≥ë◊,6,28,1,4,8,0.19642857142857142,0,0,0,1,0,0,0,0,0,0,0.16285714285714287
4438,êXçÏóYëÂ,1,40,17,7,5,0.132,15,0,0,0,2,0,8,6,5,0,0.15207468879668049
4438,êXçÏóYëÂ,2,43,3,13,6,0.14790697674418604,0,1,2,0,0,0,0,0,0,17,0.15207468879668049
4438,êXçÏóYëÂ,3,40,6,7,9,0.159,0,1,4,1,0,0,0,0,0,0,0.15207468879668049
4438,êXçÏóYëÂ,4,38,4,6,7,0.14368421052631578,0,1,3,0,0,0,0,0,0,0,0.15207468879668049
4438,êXçÏóYëÂ,5,44,4,3,9,0.1675,0,1,2,1,0,0,0,0,0,0,0.15207468879668049
4438,êXçÏóYëÂ,6,36,3,1,6,0.16166666666666668,0,0,2,1,0,0,0,0,0,0,0.15207468879668049
4439,ãﬂì°óFïÛ,1,29,6,8,5,0.15896551724137933,6,0,0,0,0,0,5,10,4,0,0.16515463917525772
4439,ãﬂì°óFïÛ,2,31,4,5,8,0.17096774193548386,0,1,1,0,1,1,0,0,0,17,0.16515463917525772
4439,ãﬂì°óFïÛ,3,37,2,4,12,0.16459459459459458,0,2,0,0,0,0,0,0,0,0,0.16515463917525772
4439,ãﬂì°óFïÛ,4,37,4,5,8,0.15702702702702703,0,1,2,1,0,0,0,0,0,0,0.16515463917525772
4439,ãﬂì°óFïÛ,5,33,0,0,6,0.17363636363636364,0,0,0,0,0,0,0,0,0,0,0.16515463917525772
4439,ãﬂì°óFïÛ,6,27,0,0,4,0.16666666666666666,0,0,0,0,0,0,0,0,0,0,0.16515463917525772
4440,îãå¥ímç∆,1,19,4,5,2,0.16,4,0,0,0,0,0,5,4,3,0,0.1954109589041096
4440,îãå¥ímç∆,2,21,3,2,6,0.16857142857142857,0,1,2,0,0,0,0,0,0,6,0.1954109589041096
4440,îãå¥ímç∆,3,28,3,2,6,0.19321428571428573,0,0,2,1,0,0,0,0,0,0,0.1954109589041096
4440,îãå¥ímç∆,4,25,1,3,6,0.20199999999999999,0,0,1,0,0,0,0,0,0,0,0.1954109589041096
4440,îãå¥ímç∆,5,24,0,2,2,0.20375000000000001,0,0,0,0,0,0,0,0,0,0,0.1954109589041096
4440,îãå¥ímç∆,6,29,0,0,3,0.2275862068965517,0,0,0,0,0,0,0,0,0,0,0.1954109589041096
4441,ññâióRäy,1,53,36,9,3,0.15207547169811322,34,0,0,0,2,0,6,4,4,0,0.15649402390438247
4441,ññâióRäy,2,47,10,10,9,0.15021276595744681,0,7,2,1,0,0,0,0,0,26,0.15649402390438247
4441,ññâióRäy,3,36,4,11,7,0.15222222222222223,0,0,0,3,1,0,0,0,0,0,0.15649402390438247
4441,ññâióRäy,4,41,3,12,12,0.1546341463414634,0,0,2,1,0,0,0,0,0,0,0.15649402390438247
4441,ññâióRäy,5,36,3,4,7,0.15777777777777777,0,0,0,3,0,0,0,0,0,0,0.15649402390438247
4441,ññâióRäy,6,38,1,3,11,0.17526315789473684,0,0,0,1,0,0,0,0,0,0,0.15649402390438247
4442,èºí|ëÂï„,1,42,18,9,3,0.18142857142857144,17,0,0,0,1,0,3,10,9,0,0.1810593220338983
4442,èºí|ëÂï„,2,39,7,6,5,0.17871794871794872,0,5,1,0,1,0,0,0,0,22,0.1810593220338983
4442,èºí|ëÂï„,3,41,6,5,6,0.1748780487804878,0,0,1,4,1,0,0,0,0,0,0.1810593220338983
4442,èºí|ëÂï„,4,45,3,9,10,0.17066666666666666,0,0,1,2,0,0,0,0,0,0,0.1810593220338983
4442,èºí|ëÂï„,5,34,2,5,7,0.17882352941176471,0,0,0,1,1,0,0,0,0,0,0.1810593220338983
4442,èºí|ëÂï„,6,35,3,0,4,0.206,0,1,0,2,0,0,0,0,0,0,0.1810593220338983
4443,í√ìcóTäG,1,44,19,13,8,0.17863636363636365,13,0,0,0,6,0,10,8,6,0,0.1826829268292683
4443,í√ìcóTäG,2,46,3,11,14,0.18630434782608696,0,1,1,0,1,0,0,0,0,29,0.1826829268292683
4443,í√ìcóTäG,3,43,3,13,12,0.16325581395348837,0,0,1,0,1,1,0,0,0,0,0.1826829268292683
4443,í√ìcóTäG,4,39,4,7,10,0.16435897435897437,0,1,2,0,0,1,0,0,0,0,0.1826829268292683
4443,í√ìcóTäG,5,36,0,4,7,0.20222222222222222,0,0,0,0,0,0,0,0,0,0,0.1826829268292683
4443,í√ìcóTäG,6,38,1,2,6,0.20526315789473684,0,1,0,0,0,0,0,0,0,0,0.1826829268292683
4444,ãÀê∂èáïΩ,1,55,39,11,1,0.13363636363636364,37,0,0,0,2,0,2,4,8,0,0.14126050420168065
4444,ãÀê∂èáïΩ,2,39,8,14,4,0.1387179487179487,0,6,1,0,1,0,0,0,0,18,0.14126050420168065
4444,ãÀê∂èáïΩ,3,39,10,13,7,0.14846153846153845,0,2,0,8,0,0,0,0,0,0,0.14126050420168065
4444,ãÀê∂èáïΩ,4,35,5,13,7,0.14914285714285713,1,0,2,1,1,0,0,0,0,0,0.14126050420168065
4444,ãÀê∂èáïΩ,5,35,3,12,11,0.14114285714285715,0,0,0,2,1,0,0,0,0,0,0.14126050420168065
4444,ãÀê∂èáïΩ,6,35,3,6,12,0.1402857142857143,0,2,0,0,1,0,0,0,0,0,0.14126050420168065
4445,ã{ínå≥ãP,1,60,51,3,3,0.1396666666666667,47,0,0,0,4,0,4,3,1,0,0.13610687022900764
4445,ã{ínå≥ãP,2,41,9,18,9,0.1326829268292683,0,6,1,2,0,0,0,0,0,20,0.13610687022900764
4445,ã{ínå≥ãP,3,43,11,16,6,0.13906976744186048,0,1,5,4,1,0,0,0,0,0,0.13610687022900764
4445,ã{ínå≥ãP,4,46,10,8,11,0.11847826086956523,0,1,2,5,2,0,0,0,0,0,0.13610687022900764
4445,ã{ínå≥ãP,5,35,8,4,9,0.14571428571428574,0,0,0,5,3,0,0,0,0,0,0.13610687022900764
4445,ã{ínå≥ãP,6,37,3,9,5,0.14351351351351352,0,0,0,1,2,0,0,0,0,0,0.13610687022900764
4446,òaìcåìï„,1,62,40,9,7,0.1538709677419355,37,0,0,0,3,0,6,3,13,0,0.1557677902621723
4446,òaìcåìï„,2,45,9,20,8,0.16622222222222224,0,5,3,0,1,0,0,0,0,26,0.1557677902621723
4446,òaìcåìï„,3,41,10,12,12,0.14414634146341465,0,0,4,3,3,0,0,0,0,0,0.1557677902621723
4446,òaìcåìï„,4,46,9,13,8,0.14804347826086955,0,0,7,1,1,0,0,0,0,0,0.1557677902621723
4446,òaìcåìï„,5,37,3,8,9,0.15297297297297296,0,0,1,2,0,0,0,0,0,0,0.1557677902621723
4446,òaìcåìï„,6,36,3,8,6,0.17194444444444446,0,0,0,3,0,0,0,0,0,0,0.1557677902621723
4447,ê[êÏñÉìﬁî¸,1,33,19,3,2,0.15393939393939393,18,0,0,0,1,0,6,7,1,0,0.16094999999999998
4447,ê[êÏñÉìﬁî¸,2,37,3,9,11,0.15135135135135136,0,1,2,0,0,0,0,0,0,19,0.16094999999999998
4447,ê[êÏñÉìﬁî¸,3,35,3,15,3,0.18857142857142856,0,0,2,1,0,0,0,0,0,0,0.16094999999999998
4447,ê[êÏñÉìﬁî¸,4,32,1,5,4,0.165625,0,0,1,0,0,0,0,0,0,0,0.16094999999999998
4447,ê[êÏñÉìﬁî¸,5,34,5,8,5,0.14558823529411766,0,0,2,2,0,1,0,0,0,0,0.16094999999999998
4447,ê[êÏñÉìﬁî¸,6,29,0,4,6,0.1606896551724138,0,0,0,0,0,0,0,0,0,0,0.16094999999999998
4448,ê¬ñÿå∫ëæ,1,51,45,3,1,0.1496078431372549,44,0,0,0,1,0,0,2,4,0,0.1454732510288066
4448,ê¬ñÿå∫ëæ,2,42,6,15,12,0.1473809523809524,0,3,3,0,0,0,0,0,0,30,0.1454732510288066
4448,ê¬ñÿå∫ëæ,3,37,6,12,5,0.12189189189189188,0,1,4,0,1,0,0,0,0,0,0.1454732510288066
4448,ê¬ñÿå∫ëæ,4,40,4,15,11,0.14725,0,2,1,1,0,0,0,0,0,0,0.1454732510288066
4448,ê¬ñÿå∫ëæ,5,35,4,9,7,0.1457142857142857,0,0,0,3,1,0,0,0,0,0,0.1454732510288066
4448,ê¬ñÿå∫ëæ,6,38,5,13,10,0.1586842105263158,0,0,2,3,0,0,0,0,0,0,0.1454732510288066
4449,íÜìàíBñÁ,1,31,10,4,6,0.17193548387096774,8,0,0,0,2,0,7,6,6,0,0.15888888888888889
4449,íÜìàíBñÁ,2,40,4,6,9,0.17125,0,2,1,0,1,0,0,0,0,22,0.15888888888888889
4449,íÜìàíBñÁ,3,40,2,3,3,0.16699999999999998,0,1,0,1,0,0,0,0,0,0,0.15888888888888889
4449,íÜìàíBñÁ,4,38,2,8,3,0.14631578947368423,0,0,1,1,0,0,0,0,0,0,0.15888888888888889
4449,íÜìàíBñÁ,5,38,0,3,5,0.15236842105263157,0,0,0,0,0,0,0,0,0,0,0.15888888888888889
4449,íÜìàíBñÁ,6,29,2,2,3,0.1417241379310345,0,0,1,1,0,0,0,0,0,0,0.15888888888888889
4450,ïΩçÇìﬁçÿ,1,62,45,4,4,0.13661290322580646,44,0,0,0,1,0,1,13,2,0,0.14375886524822695
4450,ïΩçÇìﬁçÿ,2,49,13,10,13,0.14612244897959184,0,8,4,0,1,0,0,0,0,28,0.14375886524822695
4450,ïΩçÇìﬁçÿ,3,47,5,11,13,0.16425531914893615,0,2,2,0,1,0,0,0,0,0,0.14375886524822695
4450,ïΩçÇìﬁçÿ,4,46,10,11,11,0.15021739130434783,1,4,1,3,1,0,0,0,0,0,0.14375886524822695
4450,ïΩçÇìﬁçÿ,5,36,3,4,10,0.14083333333333334,0,1,0,2,0,0,0,0,0,0,0.14375886524822695
4450,ïΩçÇìﬁçÿ,6,42,3,7,5,0.12404761904761905,0,0,1,1,0,1,0,0,0,0,0.14375886524822695
4451,èºçËóSëæòY,1,58,41,11,4,0.13344827586206898,39,0,0,0,2,0,8,4,4,0,0.15893536121673002
4451,èºçËóSëæòY,2,44,9,16,4,0.1434090909090909,0,7,0,1,1,0,0,0,0,25,0.15893536121673002
4451,èºçËóSëæòY,3,42,10,10,7,0.1519047619047619,0,0,6,4,0,0,0,0,0,0,0.15893536121673002
4451,èºçËóSëæòY,4,50,2,18,13,0.1702,0,2,0,0,0,0,0,0,0,0,0.15893536121673002
4451,èºçËóSëæòY,5,32,1,6,6,0.1715625,0,0,1,0,0,0,0,0,0,0,0.15893536121673002
4451,èºçËóSëæòY,6,37,0,4,7,0.19918918918918918,0,0,0,0,0,0,0,0,0,0,0.15893536121673002
4452,èºîˆç’,1,35,14,9,5,0.19514285714285715,13,0,0,0,1,0,12,5,3,0,0.19530805687203792
4452,èºîˆç’,2,31,3,7,13,0.1903225806451613,0,2,0,0,1,0,0,0,0,14,0.19530805687203792
4452,èºîˆç’,3,39,7,11,5,0.17025641025641025,0,0,4,3,0,0,0,0,0,0,0.19530805687203792
4452,èºîˆç’,4,37,4,8,11,0.19081081081081083,0,1,3,0,0,0,0,0,0,0,0.19530805687203792
4452,èºîˆç’,5,38,1,8,12,0.20289473684210527,0,0,0,1,0,0,0,0,0,0,0.19530805687203792
4452,èºîˆç’,6,31,1,0,6,0.22806451612903228,0,0,0,1,0,0,0,0,0,0,0.19530805687203792
4453,âiìcàËñÌ,1,24,10,3,7,0.13791666666666666,9,0,0,0,1,0,4,2,4,0,0.15736842105263157
4453,âiìcàËñÌ,2,30,4,9,3,0.16966666666666666,0,2,2,0,0,0,0,0,0,13,0.15736842105263157
4453,âiìcàËñÌ,3,28,2,7,1,0.1625,0,0,2,0,0,0,0,0,0,0,0.15736842105263157
4453,âiìcàËñÌ,4,29,5,2,5,0.15724137931034485,0,0,3,1,1,0,0,0,0,0,0.15736842105263157
4453,âiìcàËñÌ,5,32,1,0,4,0.1453125,0,0,1,0,0,0,0,0,0,0,0.15736842105263157
4453,âiìcàËñÌ,6,28,0,1,3,0.16964285714285715,0,0,0,0,0,0,0,0,0,0,0.15736842105263157
4456,äôëqó¡,1,46,35,5,2,0.14326086956521739,34,0,0,0,1,0,1,8,1,0,0.16958549222797925
4456,äôëqó¡,2,34,5,9,5,0.18,0,3,1,0,1,0,0,0,0,14,0.16958549222797925
4456,äôëqó¡,3,25,8,4,7,0.172,0,1,5,2,0,0,0,0,0,0,0.16958549222797925
4456,äôëqó¡,4,36,8,10,5,0.16166666666666668,0,2,1,4,1,0,0,0,0,0,0.16958549222797925
4456,äôëqó¡,5,24,1,8,7,0.1775,0,0,0,0,1,0,0,0,0,0,0.16958549222797925
4456,äôëqó¡,6,28,4,5,8,0.20142857142857143,0,1,0,1,2,0,0,0,0,0,0.16958549222797925
4457,ê_ìcíBñÁ,1,23,8,6,4,0.1882608695652174,7,0,0,0,1,0,8,3,3,0,0.1949142857142857
4457,ê_ìcíBñÁ,2,32,1,9,5,0.18625,0,1,0,0,0,0,0,0,0,15,0.1949142857142857
4457,ê_ìcíBñÁ,3,31,3,5,11,0.1870967741935484,0,0,1,2,0,0,0,0,0,0,0.1949142857142857
4457,ê_ìcíBñÁ,4,34,2,8,8,0.20205882352941176,0,1,0,0,1,0,0,0,0,0,0.1949142857142857
4457,ê_ìcíBñÁ,5,29,2,4,4,0.19999999999999998,0,0,1,1,0,0,0,0,0,0,0.1949142857142857
4457,ê_ìcíBñÁ,6,26,1,5,3,0.20576923076923076,0,0,0,0,1,0,0,0,0,0,0.1949142857142857
4458,ñïçÅóYéO,1,27,10,2,5,0.13814814814814816,10,0,0,0,0,0,5,5,1,0,0.151858407079646
4458,ñïçÅóYéO,2,42,9,8,10,0.1388095238095238,1,6,1,0,1,0,0,0,0,24,0.151858407079646
4458,ñïçÅóYéO,3,41,8,11,10,0.14853658536585365,0,0,0,7,0,1,0,0,0,0,0.151858407079646
4458,ñïçÅóYéO,4,45,3,6,6,0.15755555555555556,0,1,0,2,0,0,0,0,0,0,0.151858407079646
4458,ñïçÅóYéO,5,45,1,9,6,0.1491111111111111,0,0,0,1,0,0,0,0,0,0,0.151858407079646
4458,ñïçÅóYéO,6,26,0,0,6,0.18730769230769231,0,0,0,0,0,0,0,0,0,0,0.151858407079646
4459,ï–â™âÎóT,1,58,42,9,3,0.13206896551724137,42,0,0,0,0,0,5,6,5,0,0.12496350364963504
4459,ï–â™âÎóT,2,48,12,19,2,0.11354166666666667,0,10,1,0,1,0,0,0,0,31,0.12496350364963504
4459,ï–â™âÎóT,3,41,6,12,7,0.13365853658536586,0,0,1,4,1,0,0,0,0,0,0.12496350364963504
4459,ï–â™âÎóT,4,44,10,8,15,0.11363636363636363,0,4,1,3,2,0,0,0,0,0,0.12496350364963504
4459,ï–â™âÎóT,5,47,7,9,8,0.11744680851063831,0,0,2,5,0,0,0,0,0,0,0.12496350364963504
4459,ï–â™âÎóT,6,36,2,9,5,0.1425,0,1,0,0,0,1,0,0,0,0,0.12496350364963504
4460,å„ì°„ƒîV,1,53,33,15,1,0.13245283018867926,33,0,0,0,0,0,12,2,5,0,0.13717557251908397
4460,å„ì°„ƒîV,2,41,13,14,4,0.14560975609756097,2,7,2,0,2,0,0,0,0,24,0.13717557251908397
4460,å„ì°„ƒîV,3,54,9,16,15,0.13814814814814816,0,0,1,6,2,0,0,0,0,0,0.13717557251908397
4460,å„ì°„ƒîV,4,41,11,8,7,0.12902439024390244,0,1,5,3,2,0,0,0,0,0,0.13717557251908397
4460,å„ì°„ƒîV,5,37,6,6,10,0.11540540540540542,0,0,2,4,0,0,0,0,0,0,0.13717557251908397
4460,å„ì°„ƒîV,6,36,6,4,6,0.16472222222222221,1,2,2,0,1,0,0,0,0,0,0.13717557251908397
4461,à¿ìcãgçG,1,23,7,6,4,0.15434782608695655,7,0,0,0,0,0,3,8,4,0,0.1748447204968944
4461,à¿ìcãgçG,2,28,0,4,5,0.18892857142857142,0,0,0,0,0,0,0,0,0,12,0.1748447204968944
4461,à¿ìcãgçG,3,28,3,2,6,0.1432142857142857,0,1,0,2,0,0,0,0,0,0,0.1748447204968944
4461,à¿ìcãgçG,4,32,1,2,6,0.18,0,0,0,1,0,0,0,0,0,0,0.1748447204968944
4461,à¿ìcãgçG,5,25,0,3,1,0.2036,0,0,0,0,0,0,0,0,0,0,0.1748447204968944
4461,à¿ìcãgçG,6,25,1,2,2,0.17800000000000002,0,0,1,0,0,0,0,0,0,0,0.1748447204968944
4462,âƒéRó∫ïΩ,1,25,12,3,3,0.16920000000000002,12,0,0,0,0,0,3,6,2,0,0.1533492822966507
4462,âƒéRó∫ïΩ,2,40,3,13,4,0.15,0,2,0,0,1,0,0,0,0,25,0.1533492822966507
4462,âƒéRó∫ïΩ,3,35,3,7,8,0.13485714285714284,0,0,2,0,1,0,0,0,0,0,0.1533492822966507
4462,âƒéRó∫ïΩ,4,36,5,4,6,0.14916666666666667,0,2,2,1,0,0,0,0,0,0,0.1533492822966507
4462,âƒéRó∫ïΩ,5,39,3,2,6,0.14769230769230768,0,0,1,2,0,0,0,0,0,0,0.1533492822966507
4462,âƒéRó∫ïΩ,6,34,2,0,8,0.17558823529411763,0,0,0,2,0,0,0,0,0,0,0.1533492822966507
4463,éOìœçWçK,1,55,32,14,3,0.15672727272727274,31,0,0,0,1,0,9,6,6,0,0.16367491166077738
4463,éOìœçWçK,2,48,8,19,7,0.16541666666666668,0,4,2,0,1,1,0,0,0,24,0.16367491166077738
4463,éOìœçWçK,3,51,7,12,12,0.1674509803921569,0,2,0,5,0,0,0,0,0,0,0.16367491166077738
4463,éOìœçWçK,4,50,7,11,13,0.1648,0,1,3,3,0,0,0,0,0,0,0.16367491166077738
4463,éOìœçWçK,5,41,2,4,15,0.15292682926829268,0,1,0,1,0,0,0,0,0,0,0.16367491166077738
4463,éOìœçWçK,6,38,1,3,7,0.17657894736842106,0,0,1,0,0,0,0,0,0,0,0.16367491166077738
4464,éRâ∫óFãM,1,48,31,6,4,0.14625000000000002,28,0,0,0,3,0,4,10,2,0,0.16295833333333334
4464,éRâ∫óFãM,2,46,13,12,8,0.1532608695652174,0,12,0,0,1,0,0,0,0,21,0.16295833333333334
4464,éRâ∫óFãM,3,38,3,8,11,0.16499999999999998,0,0,0,2,1,0,0,0,0,0,0.16295833333333334
4464,éRâ∫óFãM,4,41,3,9,10,0.18243902439024393,0,1,2,0,0,0,0,0,0,0,0.16295833333333334
4464,éRâ∫óFãM,5,37,0,5,10,0.157027027027027,0,0,0,0,0,0,0,0,0,0,0.16295833333333334
4464,éRâ∫óFãM,6,30,1,5,5,0.18266666666666667,0,0,0,0,1,0,0,0,0,0,0.16295833333333334
4465,ëÂêºå´,1,27,3,8,5,0.1925925925925926,3,0,0,0,0,0,6,12,4,0,0.1818396226415094
4465,ëÂêºå´,2,38,5,4,6,0.1618421052631579,0,2,0,0,2,1,0,0,0,18,0.1818396226415094
4465,ëÂêºå´,3,45,2,5,12,0.18244444444444444,0,1,1,0,0,0,0,0,0,0,0.1818396226415094
4465,ëÂêºå´,4,38,3,9,9,0.16947368421052633,0,1,2,0,0,0,0,0,0,0,0.1818396226415094
4465,ëÂêºå´,5,38,0,4,7,0.19078947368421054,0,0,0,0,0,0,0,0,0,0,0.1818396226415094
4465,ëÂêºå´,6,26,0,0,4,0.20384615384615384,0,0,0,0,0,0,0,0,0,0,0.1818396226415094
4466,ìÏóCìT,1,42,29,4,5,0.1573809523809524,28,0,0,0,1,0,2,6,5,0,0.17689320388349514
4466,ìÏóCìT,2,32,9,8,6,0.1825,0,7,2,0,0,0,0,0,0,14,0.17689320388349514
4466,ìÏóCìT,3,42,7,14,7,0.16523809523809524,0,2,1,2,2,0,0,0,0,0,0.17689320388349514
4466,ìÏóCìT,4,34,1,10,10,0.17323529411764707,0,0,0,0,0,1,0,0,0,0,0.17689320388349514
4466,ìÏóCìT,5,24,2,1,4,0.19000000000000003,0,0,0,1,1,0,0,0,0,0,0.17689320388349514
4466,ìÏóCìT,6,32,0,2,3,0.20625,0,0,0,0,0,0,0,0,0,0,0.17689320388349514
4467,ìnÁ≥èrâÓ,1,39,22,9,2,0.16102564102564104,20,0,0,0,2,0,6,4,6,0,0.1437751004016064
4467,ìnÁ≥èrâÓ,2,48,9,17,4,0.14333333333333334,0,7,1,1,0,0,0,0,0,22,0.1437751004016064
4467,ìnÁ≥èrâÓ,3,43,6,15,7,0.13209302325581396,0,0,3,1,2,0,0,0,0,0,0.1437751004016064
4467,ìnÁ≥èrâÓ,4,35,5,7,4,0.12342857142857144,0,0,2,1,2,0,0,0,0,0,0.1437751004016064
4467,ìnÁ≥èrâÓ,5,46,0,12,8,0.14782608695652175,0,0,0,0,0,0,0,0,0,0,0.1437751004016064
4467,ìnÁ≥èrâÓ,6,38,2,2,8,0.15368421052631578,0,0,0,1,1,0,0,0,0,0,0.1437751004016064
4468,ëÂíróCóà,1,49,32,10,5,0.11673469387755102,30,0,0,0,2,0,7,3,7,0,0.13484978540772533
4468,ëÂíróCóà,2,39,7,10,7,0.11615384615384616,0,5,1,1,0,0,0,0,0,19,0.13484978540772533
4468,ëÂíróCóà,3,36,4,9,9,0.15555555555555556,0,0,1,3,0,0,0,0,0,0,0.13484978540772533
4468,ëÂíróCóà,4,38,6,12,7,0.1394736842105263,0,2,4,0,0,0,0,0,0,0,0.13484978540772533
4468,ëÂíróCóà,5,36,5,5,7,0.13444444444444445,0,0,0,4,1,0,0,0,0,0,0.13484978540772533
4468,ëÂíróCóà,6,35,4,4,10,0.15514285714285714,0,0,0,3,1,0,0,0,0,0,0.13484978540772533
4469,ìyéRëÏñÁ,1,38,28,4,5,0.14736842105263157,28,0,0,0,0,0,3,4,0,0,0.1661363636363636
4469,ìyéRëÏñÁ,2,38,11,9,2,0.17394736842105263,0,2,9,0,0,0,0,0,0,19,0.1661363636363636
4469,ìyéRëÏñÁ,3,38,5,14,8,0.17078947368421052,0,0,3,1,1,0,0,0,0,0,0.1661363636363636
4469,ìyéRëÏñÁ,4,40,3,3,9,0.1595,0,1,1,1,0,0,0,0,0,0,0.1661363636363636
4469,ìyéRëÏñÁ,5,34,3,6,6,0.1735294117647059,0,0,0,1,2,0,0,0,0,0,0.1661363636363636
4469,ìyéRëÏñÁ,6,32,1,0,8,0.1740625,0,0,0,1,0,0,0,0,0,0,0.1661363636363636
4470,ïΩìcåíîVóC,1,50,31,9,3,0.1322,30,0,0,0,1,0,7,4,5,0,0.1431060606060606
4470,ïΩìcåíîVóC,2,47,5,10,13,0.15978723404255318,0,4,1,0,0,0,0,0,0,24,0.1431060606060606
4470,ïΩìcåíîVóC,3,45,3,7,14,0.1497777777777778,0,1,0,2,0,0,0,0,0,0,0.1431060606060606
4470,ïΩìcåíîVóC,4,42,5,12,8,0.1361904761904762,0,0,1,3,1,0,0,0,0,0,0.1431060606060606
4470,ïΩìcåíîVóC,5,42,5,2,8,0.13738095238095238,0,0,1,4,0,0,0,0,0,0,0.1431060606060606
4470,ïΩìcåíîVóC,6,38,1,8,5,0.14289473684210527,0,0,0,0,1,0,0,0,0,0,0.1431060606060606
4471,êVìcë◊èÕ,1,67,50,10,3,0.1291044776119403,42,0,0,0,8,0,7,4,3,0,0.15503225806451615
4471,êVìcë◊èÕ,2,51,11,13,16,0.14490196078431372,1,9,1,0,0,0,0,0,0,27,0.15503225806451615
4471,êVìcë◊èÕ,3,51,11,15,10,0.16588235294117648,0,1,3,6,1,0,0,0,0,0,0.15503225806451615
4471,êVìcë◊èÕ,4,51,6,6,15,0.16019607843137254,0,3,2,0,1,0,0,0,0,0,0.15503225806451615
4471,êVìcë◊èÕ,5,42,2,5,12,0.1619047619047619,0,1,0,1,0,0,0,0,0,0,0.15503225806451615
4471,êVìcë◊èÕ,6,48,0,7,11,0.17895833333333333,0,0,0,0,0,0,0,0,0,0,0.15503225806451615
4472,îˆìààÍçL,1,56,47,2,0,0.14017857142857143,46,0,0,0,1,0,1,2,5,0,0.14535849056603775
4472,îˆìààÍçL,2,51,12,16,7,0.14294117647058824,1,10,1,0,0,0,0,0,0,23,0.14535849056603775
4472,îˆìààÍçL,3,35,9,6,10,0.14885714285714285,0,3,2,1,3,0,0,0,0,0,0.14535849056603775
4472,îˆìààÍçL,4,43,7,14,9,0.14162790697674418,0,1,5,1,0,0,0,0,0,0,0.14535849056603775
4472,îˆìààÍçL,5,38,5,8,5,0.15157894736842104,0,2,0,2,1,0,0,0,0,0,0.14535849056603775
4472,îˆìààÍçL,6,42,2,5,7,0.15047619047619049,0,1,0,1,0,0,0,0,0,0,0.14535849056603775
4473,ì°ì∞ó¢çÅ,1,2,1,0,0,0.16,1,0,0,0,0,0,0,1,0,0,0.14777777777777779
4473,ì°ì∞ó¢çÅ,2,1,1,0,0,0.17,0,1,0,0,0,0,0,0,0,0,0.14777777777777779
4473,ì°ì∞ó¢çÅ,3,3,1,0,1,0.1366666666666667,0,1,0,0,0,0,0,0,0,0,0.14777777777777779
4473,ì°ì∞ó¢çÅ,4,1,0,1,0,0.07,0,0,0,0,0,0,0,0,0,0,0.14777777777777779
4473,ì°ì∞ó¢çÅ,5,1,0,0,0,0.09,0,0,0,0,0,0,0,0,0,0,0.14777777777777779
4473,ì°ì∞ó¢çÅ,6,1,0,0,0,0.27,0,0,0,0,0,0,0,0,0,0,0.14777777777777779
4474,ìnï”êí,1,30,17,7,3,0.15833333333333333,16,0,0,0,1,0,7,4,1,0,0.18518828451882843
4474,ìnï”êí,2,45,4,13,15,0.1802222222222222,0,3,0,0,1,0,0,0,0,26,0.18518828451882843
4474,ìnï”êí,3,42,2,10,12,0.1769047619047619,0,0,0,1,1,0,0,0,0,0,0.18518828451882843
4474,ìnï”êí,4,37,2,5,9,0.19675675675675677,0,0,0,2,0,0,0,0,0,0,0.18518828451882843
4474,ìnï”êí,5,49,1,5,16,0.18489795918367347,0,0,1,0,0,0,0,0,0,0,0.18518828451882843
4474,ìnï”êí,6,36,0,1,4,0.21194444444444444,0,0,0,0,0,0,0,0,0,0,0.18518828451882843
4475,ññâióSãP,1,64,41,13,4,0.1434375,40,0,1,0,0,0,4,7,10,0,0.1563050847457627
4475,ññâióSãP,2,42,4,12,14,0.18357142857142858,0,1,0,0,2,1,0,0,0,28,0.1563050847457627
4475,ññâióSãP,3,50,8,13,14,0.1476,0,1,3,4,0,0,0,0,0,0,0.1563050847457627
4475,ññâióSãP,4,52,6,12,15,0.1528846153846154,0,0,5,1,0,0,0,0,0,0,0.1563050847457627
4475,ññâióSãP,5,39,4,5,12,0.15743589743589742,0,1,1,2,0,0,0,0,0,0,0.1563050847457627
4475,ññâióSãP,6,48,0,6,10,0.16145833333333334,0,0,0,0,0,0,0,0,0,0,0.1563050847457627
4477,é¬çËêméu,1,55,43,6,1,0.10909090909090909,43,0,0,0,0,0,4,3,4,0,0.12130612244897959
4477,é¬çËêméu,2,39,8,9,10,0.11025641025641025,0,6,2,0,0,0,0,0,0,24,0.12130612244897959
4477,é¬çËêméu,3,36,11,10,9,0.12944444444444445,0,0,8,2,1,0,0,0,0,0,0.12130612244897959
4477,é¬çËêméu,4,45,10,10,12,0.11733333333333335,0,6,2,2,0,0,0,0,0,0,0.12130612244897959
4477,é¬çËêméu,5,33,0,6,8,0.1303030303030303,0,0,0,0,0,0,0,0,0,0,0.12130612244897959
4477,é¬çËêméu,6,37,1,2,13,0.13999999999999999,0,0,0,1,0,0,0,0,0,0,0.12130612244897959
4478,üNñ{Ç†Ç‰Ç›,1,43,28,6,3,0.13906976744186048,27,0,0,0,1,0,6,6,3,0,0.15995
4478,üNñ{Ç†Ç‰Ç›,2,33,6,9,6,0.17303030303030303,1,2,2,0,1,0,0,0,0,14,0.15995
4478,üNñ{Ç†Ç‰Ç›,3,34,10,9,4,0.14352941176470588,0,0,7,2,1,0,0,0,0,0,0.15995
4478,üNñ{Ç†Ç‰Ç›,4,33,4,8,4,0.1387878787878788,0,1,2,1,0,0,0,0,0,0,0.15995
4478,üNñ{Ç†Ç‰Ç›,5,25,3,2,5,0.17120000000000002,0,0,1,2,0,0,0,0,0,0,0.15995
4478,üNñ{Ç†Ç‰Ç›,6,32,1,3,4,0.20500000000000002,0,0,1,0,0,0,0,0,0,0,0.15995
4479,ñÓñÏê^óúçÿ,1,13,4,3,1,0.16692307692307692,4,0,0,0,0,0,4,1,1,0,0.17559999999999998
4479,ñÓñÏê^óúçÿ,2,21,1,3,8,0.18047619047619048,0,0,1,0,0,0,0,0,0,13,0.17559999999999998
4479,ñÓñÏê^óúçÿ,3,22,2,3,3,0.16772727272727272,0,0,2,0,0,0,0,0,0,0,0.17559999999999998
4479,ñÓñÏê^óúçÿ,4,16,0,1,1,0.18875,0,0,0,0,0,0,0,0,0,0,0.17559999999999998
4479,ñÓñÏê^óúçÿ,5,16,1,0,0,0.184375,0,0,1,0,0,0,0,0,0,0,0.17559999999999998
4479,ñÓñÏê^óúçÿ,6,12,0,0,1,0.16166666666666665,0,0,0,0,0,0,0,0,0,0,0.17559999999999998
4482,éÁâÆî¸ï‰,1,48,41,3,1,0.13333333333333333,40,0,0,0,1,0,4,1,1,0,0.16362903225806452
4482,éÁâÆî¸ï‰,2,47,14,8,9,0.15936170212765957,1,10,3,0,0,0,0,0,0,20,0.16362903225806452
4482,éÁâÆî¸ï‰,3,39,3,9,10,0.15,0,0,2,1,0,0,0,0,0,0,0.16362903225806452
4482,éÁâÆî¸ï‰,4,40,11,7,2,0.1645,0,3,3,4,1,0,0,0,0,0,0.16362903225806452
4482,éÁâÆî¸ï‰,5,37,1,4,6,0.1945945945945946,0,0,0,1,0,0,0,0,0,0,0.16362903225806452
4482,éÁâÆî¸ï‰,6,37,3,4,7,0.19081081081081083,0,1,2,0,0,0,0,0,0,0,0.16362903225806452
4483,ñkñÏãPãG,1,52,41,6,3,0.13442307692307692,41,0,0,0,0,0,1,5,4,0,0.1428740157480315
4483,ñkñÏãPãG,2,39,10,12,7,0.1564102564102564,1,8,1,0,0,0,0,0,0,24,0.1428740157480315
4483,ñkñÏãPãG,3,47,12,11,9,0.15829787234042553,0,2,6,4,0,0,0,0,0,0,0.1428740157480315
4483,ñkñÏãPãG,4,44,7,9,14,0.12136363636363635,0,1,6,0,0,0,0,0,0,0,0.1428740157480315
4483,ñkñÏãPãG,5,32,7,3,8,0.1390625,0,0,2,3,1,1,0,0,0,0,0.1428740157480315
4483,ñkñÏãPãG,6,40,3,6,6,0.14925,0,1,0,0,2,0,0,0,0,0,0.1428740157480315
4484,àÓê∂âƒãG,1,31,7,8,6,0.1667741935483871,6,0,0,0,0,1,13,2,6,0,0.17581521739130435
4484,àÓê∂âƒãG,2,36,5,9,3,0.17888888888888888,1,2,1,0,1,0,0,0,0,16,0.17581521739130435
4484,àÓê∂âƒãG,3,32,0,3,8,0.166875,0,0,0,0,0,0,0,0,0,0,0.17581521739130435
4484,àÓê∂âƒãG,4,30,2,3,7,0.18433333333333335,0,1,1,0,0,0,0,0,0,0,0.17581521739130435
4484,àÓê∂âƒãG,5,30,2,1,8,0.16266666666666665,0,0,0,2,0,0,0,0,0,0,0.17581521739130435
4484,àÓê∂âƒãG,6,25,0,2,4,0.1996,0,0,0,0,0,0,0,0,0,0,0.17581521739130435
4485,ìÌå¥ê≥çÑ,1,26,9,6,2,0.15153846153846154,9,0,0,0,0,0,3,4,4,0,0.1637908496732026
4485,ìÌå¥ê≥çÑ,2,26,4,7,5,0.15692307692307692,0,3,1,0,0,0,0,0,0,16,0.1637908496732026
4485,ìÌå¥ê≥çÑ,3,28,6,4,7,0.1442857142857143,0,1,2,2,1,0,0,0,0,0,0.1637908496732026
4485,ìÌå¥ê≥çÑ,4,22,4,5,5,0.15954545454545455,0,1,2,1,0,0,0,0,0,0,0.1637908496732026
4485,ìÌå¥ê≥çÑ,5,24,3,1,5,0.18583333333333332,0,1,1,1,0,0,0,0,0,0,0.1637908496732026
4485,ìÌå¥ê≥çÑ,6,27,0,1,6,0.1862962962962963,0,0,0,0,0,0,0,0,0,0,0.1637908496732026
4486,ñÏë∫êΩ,1,34,26,4,0,0.16411764705882353,26,0,0,0,0,0,0,2,2,0,0.16371134020618558
4486,ñÏë∫êΩ,2,33,7,10,3,0.16363636363636364,0,5,2,0,0,0,0,0,0,14,0.16371134020618558
4486,ñÏë∫êΩ,3,32,4,8,6,0.1346875,0,1,1,0,2,0,0,0,0,0,0.16371134020618558
4486,ñÏë∫êΩ,4,33,5,6,7,0.16545454545454547,0,1,3,0,1,0,0,0,0,0,0.16371134020618558
4486,ñÏë∫êΩ,5,32,4,5,6,0.1690625,0,0,1,3,0,0,0,0,0,0,0.16371134020618558
4486,ñÏë∫êΩ,6,30,2,3,7,0.18666666666666665,0,1,0,1,0,0,0,0,0,0,0.16371134020618558
4487,éOå¥éi,1,24,12,4,3,0.19625,12,0,0,0,0,0,6,2,4,0,0.19014925373134328
4487,éOå¥éi,2,37,3,7,5,0.20243243243243245,0,1,1,1,0,0,0,0,0,16,0.19014925373134328
4487,éOå¥éi,3,43,3,8,11,0.18372093023255814,0,1,2,0,0,0,0,0,0,0,0.19014925373134328
4487,éOå¥éi,4,36,2,1,7,0.17777777777777778,0,2,0,0,0,0,0,0,0,0,0.19014925373134328
4487,éOå¥éi,5,35,0,1,5,0.18857142857142858,0,0,0,0,0,0,0,0,0,0,0.19014925373134328
4487,éOå¥éi,6,26,0,0,2,0.19692307692307692,0,0,0,0,0,0,0,0,0,0,0.19014925373134328
4488,è¨éRï◊,1,38,27,7,2,0.13736842105263158,25,0,0,0,2,0,3,3,4,0,0.16132701421800946
4488,è¨éRï◊,2,29,5,9,6,0.14275862068965517,0,4,0,0,1,0,0,0,0,16,0.16132701421800946
4488,è¨éRï◊,3,45,10,12,9,0.15844444444444444,0,1,2,4,3,0,0,0,0,0,0.16132701421800946
4488,è¨éRï◊,4,35,6,6,7,0.15571428571428572,0,2,2,2,0,0,0,0,0,0,0.16132701421800946
4488,è¨éRï◊,5,31,2,6,5,0.1732258064516129,0,1,1,0,0,0,0,0,0,0,0.16132701421800946
4488,è¨éRï◊,6,33,2,7,5,0.20393939393939395,0,0,1,1,0,0,0,0,0,0,0.16132701421800946
4489,ä‚êÏêmém,1,34,18,8,4,0.14764705882352944,18,0,0,0,0,0,6,2,4,0,0.16659751037344397
4489,ä‚êÏêmém,2,48,5,15,12,0.16645833333333335,0,5,0,0,0,0,0,0,0,26,0.16659751037344397
4489,ä‚êÏêmém,3,37,2,8,10,0.1472972972972973,0,0,2,0,0,0,0,0,0,0,0.16659751037344397
4489,ä‚êÏêmém,4,37,4,3,6,0.16135135135135134,0,1,3,0,0,0,0,0,0,0,0.16659751037344397
4489,ä‚êÏêmém,5,48,1,7,4,0.16458333333333333,0,0,0,1,0,0,0,0,0,0,0.16659751037344397
4489,ä‚êÏêmém,6,37,0,2,3,0.21135135135135136,0,0,0,0,0,0,0,0,0,0,0.16659751037344397
4491,ìcíÜåò,1,31,11,4,6,0.18774193548387097,11,0,0,0,0,0,8,4,7,0,0.2132034632034632
4491,ìcíÜåò,2,40,6,1,10,0.2085,0,1,5,0,0,0,0,0,0,13,0.2132034632034632
4491,ìcíÜåò,3,46,2,9,7,0.20195652173913045,1,0,1,0,0,0,0,0,0,0,0.2132034632034632
4491,ìcíÜåò,4,45,1,3,7,0.22266666666666665,0,0,1,0,0,0,0,0,0,0,0.2132034632034632
4491,ìcíÜåò,5,40,1,4,7,0.22749999999999998,0,0,0,0,1,0,0,0,0,0,0.2132034632034632
4491,ìcíÜåò,6,29,1,0,7,0.2303448275862069,0,0,0,0,1,0,0,0,0,0,0.2132034632034632
4492,ñ{ëΩçGòa,1,54,43,6,3,0.13370370370370369,42,0,0,0,1,0,2,4,4,0,0.14516129032258066
4492,ñ{ëΩçGòa,2,36,10,12,5,0.14944444444444444,2,4,2,0,2,0,0,0,0,19,0.14516129032258066
4492,ñ{ëΩçGòa,3,38,10,9,6,0.1563157894736842,0,1,4,5,0,0,0,0,0,0,0.14516129032258066
4492,ñ{ëΩçGòa,4,35,10,7,4,0.14457142857142857,0,1,5,4,0,0,0,0,0,0,0.14516129032258066
4492,ñ{ëΩçGòa,5,26,3,6,5,0.14653846153846153,0,0,2,1,0,0,0,0,0,0,0.14516129032258066
4492,ñ{ëΩçGòa,6,28,1,5,7,0.14607142857142857,0,0,1,0,0,0,0,0,0,0,0.14516129032258066
4494,âÕçáóCé˜,1,65,48,10,4,0.13984615384615384,45,0,1,0,2,0,4,6,5,0,0.14223728813559322
4494,âÕçáóCé˜,2,50,8,19,7,0.1426,0,5,1,0,2,0,0,0,0,32,0.14223728813559322
4494,âÕçáóCé˜,3,49,11,17,12,0.13142857142857145,0,2,2,6,1,0,0,0,0,0,0.14223728813559322
4494,âÕçáóCé˜,4,39,6,11,10,0.13999999999999999,0,1,2,3,0,0,0,0,0,0,0.14223728813559322
4494,âÕçáóCé˜,5,46,9,8,11,0.1443478260869565,0,2,0,5,2,0,0,0,0,0,0.14223728813559322
4494,âÕçáóCé˜,6,46,3,8,13,0.1565217391304348,0,0,0,1,2,0,0,0,0,0,0.14223728813559322
4495,êXêWëæòY,1,26,14,7,2,0.15923076923076923,14,0,0,0,0,0,5,2,2,0,0.1505056179775281
4495,êXêWëæòY,2,33,7,11,3,0.15484848484848485,0,6,1,0,0,0,0,0,0,18,0.1505056179775281
4495,êXêWëæòY,3,30,3,6,8,0.14733333333333334,0,0,2,0,1,0,0,0,0,0,0.1505056179775281
4495,êXêWëæòY,4,27,4,3,3,0.14,0,0,2,2,0,0,0,0,0,0,0.1505056179775281
4495,êXêWëæòY,5,32,1,6,3,0.1521875,0,0,0,1,0,0,0,0,0,0,0.1505056179775281
4495,êXêWëæòY,6,30,0,1,5,0.149,0,0,0,0,0,0,0,0,0,0,0.1505056179775281
4496,ì‡ñxäw,1,41,20,9,4,0.20414634146341465,20,0,0,0,0,0,8,8,3,0,0.1938888888888889
4496,ì‡ñxäw,2,41,6,10,11,0.1851219512195122,1,0,3,0,1,1,0,0,0,27,0.1938888888888889
4496,ì‡ñxäw,3,33,8,8,6,0.18818181818181817,0,1,3,1,3,0,0,0,0,0,0.1938888888888889
4496,ì‡ñxäw,4,35,2,7,7,0.21,0,1,1,0,0,0,0,0,0,0,0.1938888888888889
4496,ì‡ñxäw,5,32,2,4,11,0.179375,0,0,1,1,0,0,0,0,0,0,0.1938888888888889
4496,ì‡ñxäw,6,34,1,8,5,0.19470588235294117,0,0,0,0,1,0,0,0,0,0,0.1938888888888889
4497,åKå¥óI,1,52,40,7,3,0.12326923076923077,40,0,0,0,0,0,5,2,4,0,0.13760180995475113
4497,åKå¥óI,2,36,8,12,3,0.13194444444444445,0,4,4,0,0,0,0,0,0,24,0.13760180995475113
4497,åKå¥óI,3,32,8,10,5,0.131875,0,2,2,2,2,0,0,0,0,0,0.13760180995475113
4497,åKå¥óI,4,35,4,13,7,0.14342857142857143,0,0,4,0,0,0,0,0,0,0,0.13760180995475113
4497,åKå¥óI,5,35,5,5,6,0.1402857142857143,0,0,2,3,0,0,0,0,0,0,0.13760180995475113
4497,åKå¥óI,6,31,2,2,9,0.16451612903225804,0,0,1,1,0,0,0,0,0,0,0.13760180995475113
4498,ã{ñ{âƒé˜,1,53,37,8,2,0.1569811320754717,34,0,0,0,3,0,8,5,2,0,0.16719557195571957
4498,ã{ñ{âƒé˜,2,45,7,11,6,0.18933333333333333,1,5,1,0,0,0,0,0,0,28,0.16719557195571957
4498,ã{ñ{âƒé˜,3,47,8,10,6,0.14170212765957446,0,1,4,2,1,0,0,0,0,0,0.16719557195571957
4498,ã{ñ{âƒé˜,4,51,4,9,13,0.16607843137254905,0,0,3,1,0,0,0,0,0,0,0.16719557195571957
4498,ã{ñ{âƒé˜,5,40,1,7,5,0.178,0,0,0,1,0,0,0,0,0,0,0.16719557195571957
4498,ã{ñ{âƒé˜,6,35,2,5,6,0.1777142857142857,1,0,0,0,1,0,0,0,0,0,0.16719557195571957
4499,ëÍêÏê^óRéq,1,37,19,7,4,0.16702702702702701,18,0,0,0,1,0,6,9,2,0,0.1739647577092511
4499,ëÍêÏê^óRéq,2,48,10,13,12,0.17770833333333333,0,8,1,0,1,0,0,0,0,27,0.1739647577092511
4499,ëÍêÏê^óRéq,3,38,6,7,12,0.1618421052631579,0,1,1,2,2,0,0,0,0,0,0.1739647577092511
4499,ëÍêÏê^óRéq,4,38,2,5,8,0.17763157894736842,0,1,1,0,0,0,0,0,0,0,0.1739647577092511
4499,ëÍêÏê^óRéq,5,32,2,6,5,0.1784375,0,1,1,0,0,0,0,0,0,0,0.1739647577092511
4499,ëÍêÏê^óRéq,6,34,3,4,5,0.1814705882352941,0,2,0,1,0,0,0,0,0,0,0.1739647577092511
4500,éRìcçNìÒ,1,61,48,8,1,0.13885245901639345,43,0,0,0,2,3,0,6,4,0,0.15237704918032788
4500,éRìcçNìÒ,2,37,18,12,3,0.1635135135135135,1,10,3,0,4,0,0,0,0,13,0.15237704918032788
4500,éRìcçNìÒ,3,37,12,16,3,0.15621621621621623,0,0,6,3,3,0,0,0,0,0,0.15237704918032788
4500,éRìcçNìÒ,4,39,6,10,16,0.1558974358974359,0,0,3,2,1,0,0,0,0,0,0.15237704918032788
4500,éRìcçNìÒ,5,33,5,10,9,0.15212121212121213,0,1,1,2,1,0,0,0,0,0,0.15237704918032788
4500,éRìcçNìÒ,6,37,3,9,13,0.15621621621621623,0,0,0,2,1,0,0,0,0,0,0.15237704918032788
4501,îÛå˚óRâ¡ó¢,1,19,13,4,2,0.16421052631578947,13,0,0,0,0,0,3,2,0,0,0.16267241379310346
4501,îÛå˚óRâ¡ó¢,2,22,3,8,5,0.14681818181818182,0,0,2,0,0,1,0,0,0,13,0.16267241379310346
4501,îÛå˚óRâ¡ó¢,3,21,3,7,4,0.1842857142857143,0,1,1,1,0,0,0,0,0,0,0.16267241379310346
4501,îÛå˚óRâ¡ó¢,4,18,2,3,3,0.14555555555555555,0,0,2,0,0,0,0,0,0,0,0.16267241379310346
4501,îÛå˚óRâ¡ó¢,5,19,0,1,3,0.16842105263157894,0,0,0,0,0,0,0,0,0,0,0.16267241379310346
4501,îÛå˚óRâ¡ó¢,6,17,0,2,2,0.16647058823529412,0,0,0,0,0,0,0,0,0,0,0.16267241379310346
4502,âìì°ÉGÉ~,1,61,43,7,6,0.12016393442622951,41,0,0,0,2,0,6,6,3,0,0.1424812030075188
4502,âìì°ÉGÉ~,2,45,11,15,6,0.124,0,4,5,0,2,0,0,0,0,23,0.1424812030075188
4502,âìì°ÉGÉ~,3,39,7,14,9,0.13692307692307693,0,0,5,2,0,0,0,0,0,0,0.1424812030075188
4502,âìì°ÉGÉ~,4,38,8,9,8,0.14631578947368423,0,2,2,2,2,0,0,0,0,0,0.1424812030075188
4502,âìì°ÉGÉ~,5,43,3,7,10,0.1541860465116279,0,0,0,2,1,0,0,0,0,0,0.1424812030075188
4502,âìì°ÉGÉ~,6,40,1,3,9,0.1865,0,0,1,0,0,0,0,0,0,0,0.1424812030075188
4503,è„ñÏê^îVâÓ,1,57,43,6,3,0.1243859649122807,40,0,0,0,3,0,2,4,4,0,0.1327237354085603
4503,è„ñÏê^îVâÓ,2,37,7,14,8,0.14432432432432432,0,1,5,1,0,0,0,0,0,23,0.1327237354085603
4503,è„ñÏê^îVâÓ,3,46,9,10,11,0.1226086956521739,1,0,5,3,0,0,0,0,0,0,0.1327237354085603
4503,è„ñÏê^îVâÓ,4,41,11,4,6,0.12951219512195122,0,0,7,4,0,0,0,0,0,0,0.1327237354085603
4503,è„ñÏê^îVâÓ,5,32,2,9,6,0.13625,0,0,0,1,1,0,0,0,0,0,0.1327237354085603
4503,è„ñÏê^îVâÓ,6,44,4,3,11,0.14477272727272728,0,1,2,1,0,0,0,0,0,0,0.1327237354085603
4504,ëOìcè´ëæ,1,64,55,7,0,0.133125,51,0,0,0,3,1,3,3,2,0,0.14453874538745387
4504,ëOìcè´ëæ,2,43,7,22,6,0.15906976744186047,0,4,0,0,3,0,0,0,0,29,0.14453874538745387
4504,ëOìcè´ëæ,3,41,11,8,9,0.1524390243902439,0,1,3,7,0,0,0,0,0,0,0.14453874538745387
4504,ëOìcè´ëæ,4,49,7,19,9,0.14653061224489794,0,1,1,4,0,1,0,0,0,0,0.14453874538745387
4504,ëOìcè´ëæ,5,35,5,8,9,0.1277142857142857,0,0,0,4,1,0,0,0,0,0,0.14453874538745387
4504,ëOìcè´ëæ,6,39,2,6,8,0.15153846153846154,0,0,0,2,0,0,0,0,0,0,0.14453874538745387
4505,ìáìcå´êl,1,30,20,5,2,0.15200000000000002,19,0,0,0,1,0,3,1,5,0,0.14702702702702702
4505,ìáìcå´êl,2,30,4,12,5,0.13866666666666666,0,2,2,0,0,0,0,0,0,18,0.14702702702702702
4505,ìáìcå´êl,3,36,5,10,7,0.15416666666666667,0,1,3,0,1,0,0,0,0,0,0.14702702702702702
4505,ìáìcå´êl,4,29,1,6,10,0.13379310344827589,0,0,0,1,0,0,0,0,0,0,0.14702702702702702
4505,ìáìcå´êl,5,29,1,6,5,0.15482758620689657,0,0,1,0,0,0,0,0,0,0,0.14702702702702702
4505,ìáìcå´êl,6,31,2,5,9,0.1470967741935484,0,0,1,1,0,0,0,0,0,0,0.14702702702702702
4506,ïBìcêπñÁ,1,58,43,5,5,0.13413793103448277,41,0,0,0,2,0,5,1,7,0,0.1360797342192691
4506,ïBìcêπñÁ,2,51,9,13,7,0.15450980392156863,0,5,3,0,1,0,0,0,0,23,0.1360797342192691
4506,ïBìcêπñÁ,3,56,9,13,7,0.1367857142857143,0,0,4,1,3,1,0,0,0,0,0.1360797342192691
4506,ïBìcêπñÁ,4,57,5,12,13,0.126140350877193,0,1,2,1,1,0,0,0,0,0,0.1360797342192691
4506,ïBìcêπñÁ,5,41,3,6,5,0.12585365853658537,0,0,1,2,0,0,0,0,0,0,0.1360797342192691
4506,ïBìcêπñÁ,6,38,1,2,1,0.13921052631578948,0,0,0,1,0,0,0,0,0,0,0.1360797342192691
4508,ñÏä‘ëÂé˜,1,22,8,6,5,0.16545454545454547,7,1,0,0,0,0,3,9,0,0,0.17360544217687074
4508,ñÏä‘ëÂé˜,2,24,2,5,3,0.16708333333333333,0,2,0,0,0,0,0,0,0,10,0.17360544217687074
4508,ñÏä‘ëÂé˜,3,25,2,2,6,0.1508,0,0,1,1,0,0,0,0,0,0,0.17360544217687074
4508,ñÏä‘ëÂé˜,4,27,1,5,5,0.1788888888888889,0,0,0,1,0,0,0,0,0,0,0.17360544217687074
4508,ñÏä‘ëÂé˜,5,25,1,0,3,0.1808,0,0,0,1,0,0,0,0,0,0,0.17360544217687074
4508,ñÏä‘ëÂé˜,6,24,0,1,3,0.19791666666666666,0,0,0,0,0,0,0,0,0,0,0.17360544217687074
4509,ïΩå©ê^ïF,1,37,24,4,3,0.15783783783783784,23,0,0,0,1,0,6,4,3,0,0.1758823529411765
4509,ïΩå©ê^ïF,2,32,4,7,8,0.166875,0,2,1,0,0,1,0,0,0,15,0.1758823529411765
4509,ïΩå©ê^ïF,3,32,5,7,10,0.16593750000000002,0,0,0,4,1,0,0,0,0,0,0.1758823529411765
4509,ïΩå©ê^ïF,4,25,3,6,6,0.15960000000000002,0,1,0,2,0,0,0,0,0,0,0.1758823529411765
4509,ïΩå©ê^ïF,5,34,2,7,12,0.19323529411764706,0,0,0,2,0,0,0,0,0,0,0.1758823529411765
4509,ïΩå©ê^ïF,6,44,1,5,7,0.20068181818181818,0,0,0,1,0,0,0,0,0,0,0.1758823529411765
4510,ç‚ñ{ìﬁâõ,1,6,2,0,0,0.22833333333333336,2,0,0,0,0,0,2,1,1,0,0.2412
4510,ç‚ñ{ìﬁâõ,2,10,0,2,3,0.191,0,0,0,0,0,0,0,0,0,8,0.2412
4510,ç‚ñ{ìﬁâõ,3,12,1,1,5,0.23416666666666666,0,0,0,0,1,0,0,0,0,0,0.2412
4510,ç‚ñ{ìﬁâõ,4,9,0,0,1,0.26666666666666666,0,0,0,0,0,0,0,0,0,0,0.2412
4510,ç‚ñ{ìﬁâõ,5,7,0,0,1,0.25,0,0,0,0,0,0,0,0,0,0,0.2412
4510,ç‚ñ{ìﬁâõ,6,6,0,0,1,0.3033333333333333,0,0,0,0,0,0,0,0,0,0,0.2412
4511,íÜâ™åíêl,1,31,11,9,4,0.14806451612903226,11,0,0,0,0,0,5,4,7,0,0.16917808219178085
4511,íÜâ™åíêl,2,41,5,5,9,0.17219512195121953,1,4,0,0,0,0,0,0,0,24,0.16917808219178085
4511,íÜâ™åíêl,3,39,2,7,7,0.1782051282051282,0,0,1,1,0,0,0,0,0,0,0.16917808219178085
4511,íÜâ™åíêl,4,39,1,4,10,0.15435897435897436,0,0,0,0,1,0,0,0,0,0,0.16917808219178085
4511,íÜâ™åíêl,5,41,2,3,7,0.1653658536585366,0,0,0,2,0,0,0,0,0,0,0.16917808219178085
4511,íÜâ™åíêl,6,28,0,0,4,0.2017857142857143,0,0,0,0,0,0,0,0,0,0,0.16917808219178085
4512,çÇñÏìNéj,1,61,49,3,4,0.14786885245901638,49,0,0,0,0,0,2,7,3,0,0.13999999999999999
4512,çÇñÏìNéj,2,48,10,15,10,0.15375,0,10,0,0,0,0,0,0,0,26,0.13999999999999999
4512,çÇñÏìNéj,3,56,7,24,10,0.12589285714285714,0,0,3,2,2,0,0,0,0,0,0.13999999999999999
4512,çÇñÏìNéj,4,44,4,12,13,0.14477272727272728,0,1,2,1,0,0,0,0,0,0,0.13999999999999999
4512,çÇñÏìNéj,5,44,4,10,6,0.12454545454545456,0,0,1,2,1,0,0,0,0,0,0.13999999999999999
4512,çÇñÏìNéj,6,43,2,6,11,0.14279069767441863,0,0,1,1,0,0,0,0,0,0,0.13999999999999999
4513,âÕñÏê^ñÁ,1,39,23,8,3,0.15333333333333335,22,0,0,0,1,0,6,6,4,0,0.16089743589743588
4513,âÕñÏê^ñÁ,2,38,5,14,6,0.15947368421052632,0,2,2,0,1,0,0,0,0,25,0.16089743589743588
4513,âÕñÏê^ñÁ,3,43,4,9,10,0.133953488372093,0,1,0,1,2,0,0,0,0,0,0.16089743589743588
4513,âÕñÏê^ñÁ,4,41,4,9,9,0.16902439024390242,0,2,1,1,0,0,0,0,0,0,0.16089743589743588
4513,âÕñÏê^ñÁ,5,38,0,8,5,0.17473684210526316,0,0,0,0,0,0,0,0,0,0,0.16089743589743588
4513,âÕñÏê^ñÁ,6,35,0,3,8,0.17942857142857144,0,0,0,0,0,0,0,0,0,0,0.16089743589743588
4514,è„ûäâ√ék,1,47,29,12,2,0.17106382978723406,27,0,0,0,2,0,3,11,2,0,0.1769260700389105
4514,è„ûäâ√ék,2,45,12,10,10,0.16933333333333334,1,9,2,0,0,0,0,0,0,18,0.1769260700389105
4514,è„ûäâ√ék,3,41,11,8,10,0.1521951219512195,2,2,4,2,1,0,0,0,0,0,0.1769260700389105
4514,è„ûäâ√ék,4,45,8,12,13,0.19422222222222224,0,4,2,2,0,0,0,0,0,0,0.1769260700389105
4514,è„ûäâ√ék,5,36,1,9,10,0.17555555555555558,0,0,1,0,0,0,0,0,0,0,0.1769260700389105
4514,è„ûäâ√ék,6,43,2,6,6,0.19790697674418603,0,1,0,0,0,1,0,0,0,0,0.1769260700389105
4515,ì°ìcç_êl,1,43,30,6,3,0.13953488372093023,29,0,0,0,1,0,3,5,5,0,0.16543396226415097
4515,ì°ìcç_êl,2,42,6,12,7,0.18047619047619048,1,1,2,1,1,0,0,0,0,20,0.16543396226415097
4515,ì°ìcç_êl,3,48,6,16,9,0.15,0,3,1,2,0,0,0,0,0,0,0.16543396226415097
4515,ì°ìcç_êl,4,43,3,11,10,0.15558139534883722,0,2,0,0,1,0,0,0,0,0,0.16543396226415097
4515,ì°ìcç_êl,5,49,0,7,10,0.18285714285714288,0,0,0,0,0,0,0,0,0,0,0.16543396226415097
4515,ì°ìcç_êl,6,40,1,3,8,0.18525,0,1,0,0,0,0,0,0,0,0,0.16543396226415097
4516,ñÏå˚èüçO,1,37,22,9,2,0.16216216216216217,21,0,0,0,1,0,6,5,2,0,0.17155963302752292
4516,ñÏå˚èüçO,2,33,7,9,7,0.16575757575757574,0,6,1,0,0,0,0,0,0,17,0.17155963302752292
4516,ñÏå˚èüçO,3,38,6,15,5,0.17842105263157895,0,0,2,3,0,1,0,0,0,0,0.17155963302752292
4516,ñÏå˚èüçO,4,45,2,12,9,0.15755555555555556,0,0,1,1,0,0,0,0,0,0,0.17155963302752292
4516,ñÏå˚èüçO,5,35,2,5,9,0.168,0,1,0,1,0,0,0,0,0,0,0.17155963302752292
4516,ñÏå˚èüçO,6,30,1,0,7,0.206,0,0,0,1,0,0,0,0,0,0,0.17155963302752292
4518,ëÂê{âÍóF,1,48,34,6,2,0.146875,33,0,0,0,1,0,3,2,5,0,0.16953191489361705
4518,ëÂê{âÍóF,2,41,4,16,8,0.15121951219512195,0,3,0,0,1,0,0,0,0,20,0.16953191489361705
4518,ëÂê{âÍóF,3,33,1,7,10,0.17303030303030303,0,0,0,1,0,0,0,0,0,0,0.16953191489361705
4518,ëÂê{âÍóF,4,36,2,5,9,0.18055555555555555,0,1,0,1,0,0,0,0,0,0,0.16953191489361705
4518,ëÂê{âÍóF,5,36,1,6,8,0.18583333333333335,0,0,0,1,0,0,0,0,0,0,0.16953191489361705
4518,ëÂê{âÍóF,6,41,2,4,6,0.1875609756097561,0,0,2,0,0,0,0,0,0,0,0.16953191489361705
4519,ê¥êÖçπé˜,1,36,18,8,3,0.1488888888888889,17,0,0,0,1,0,8,2,4,0,0.15843601895734596
4519,ê¥êÖçπé˜,2,39,5,11,10,0.17897435897435898,0,3,1,0,1,0,0,0,0,19,0.15843601895734596
4519,ê¥êÖçπé˜,3,39,4,8,8,0.158974358974359,0,2,2,0,0,0,0,0,0,0,0.15843601895734596
4519,ê¥êÖçπé˜,4,33,9,4,8,0.15787878787878787,0,1,4,4,0,0,0,0,0,0,0.15843601895734596
4519,ê¥êÖçπé˜,5,35,2,8,9,0.13885714285714287,0,0,0,1,1,0,0,0,0,0,0.15843601895734596
4519,ê¥êÖçπé˜,6,29,1,3,4,0.16620689655172416,0,0,1,0,0,0,0,0,0,0,0.15843601895734596
4520,çÇëqçFëæ,1,41,21,5,4,0.17658536585365855,19,0,0,0,2,0,3,5,9,0,0.1759839357429719
4520,çÇëqçFëæ,2,41,3,13,6,0.1797560975609756,0,3,0,0,0,0,0,0,0,17,0.1759839357429719
4520,çÇëqçFëæ,3,38,9,8,2,0.16342105263157894,0,0,6,1,1,1,0,0,0,0,0.1759839357429719
4520,çÇëqçFëæ,4,47,4,10,6,0.19042553191489361,0,0,3,0,1,0,0,0,0,0,0.1759839357429719
4520,çÇëqçFëæ,5,42,2,5,5,0.17523809523809525,0,0,1,1,0,0,0,0,0,0,0.1759839357429719
4520,çÇëqçFëæ,6,40,1,7,6,0.16725,0,0,1,0,0,0,0,0,0,0,0.1759839357429719
4521,è¨íråˆê∂,1,52,33,12,3,0.12557692307692309,31,0,0,0,2,0,5,6,8,0,0.1668421052631579
4521,è¨íråˆê∂,2,36,6,11,9,0.17527777777777778,0,3,1,0,2,0,0,0,0,17,0.1668421052631579
4521,è¨íråˆê∂,3,54,8,18,11,0.15814814814814818,0,1,4,3,0,0,0,0,0,0,0.1668421052631579
4521,è¨íråˆê∂,4,47,5,14,13,0.18851063829787232,0,2,2,1,0,0,0,0,0,0,0.1668421052631579
4521,è¨íråˆê∂,5,35,5,7,6,0.1677142857142857,0,0,0,5,0,0,0,0,0,0,0.1668421052631579
4521,è¨íråˆê∂,6,42,0,4,8,0.1969047619047619,0,0,0,0,0,0,0,0,0,0,0.1668421052631579
4522,å√‡VåıãI,1,57,49,5,2,0.13894736842105262,47,0,0,0,2,0,6,2,0,0,0.14886554621848738
4522,å√‡VåıãI,2,33,8,11,2,0.13757575757575757,0,5,2,1,0,0,0,0,0,14,0.14886554621848738
4522,å√‡VåıãI,3,40,10,12,5,0.14325000000000002,0,0,3,6,1,0,0,0,0,0,0.14886554621848738
4522,å√‡VåıãI,4,39,9,9,9,0.15205128205128204,0,3,0,5,0,1,0,0,0,0,0.14886554621848738
4522,å√‡VåıãI,5,36,3,4,10,0.15222222222222223,0,1,0,1,1,0,0,0,0,0,0.14886554621848738
4522,å√‡VåıãI,6,33,3,1,6,0.17666666666666667,0,0,1,2,0,0,0,0,0,0,0.14886554621848738
4523,íÜë∫íCñÁ,1,49,35,7,1,0.14775510204081632,31,0,0,0,4,0,6,5,2,0,0.1528813559322034
4523,íÜë∫íCñÁ,2,38,10,14,2,0.16421052631578947,0,9,1,0,0,0,0,0,0,20,0.1528813559322034
4523,íÜë∫íCñÁ,3,42,7,12,9,0.15357142857142858,0,1,3,2,1,0,0,0,0,0,0.1528813559322034
4523,íÜë∫íCñÁ,4,36,4,9,10,0.15222222222222223,0,1,2,1,0,0,0,0,0,0,0.1528813559322034
4523,íÜë∫íCñÁ,5,39,2,6,12,0.1453846153846154,0,0,1,1,0,0,0,0,0,0,0.1528813559322034
4523,íÜë∫íCñÁ,6,32,0,3,2,0.15625,0,0,0,0,0,0,0,0,0,0,0.1528813559322034
4524,ê[íJímîé,1,59,46,7,2,0.10813559322033899,44,0,0,0,2,0,1,3,7,0,0.12816849816849818
4524,ê[íJímîé,2,43,17,9,7,0.13813953488372094,3,9,3,2,0,0,0,0,0,18,0.12816849816849818
4524,ê[íJímîé,3,46,12,13,10,0.10913043478260871,0,3,4,4,0,1,0,0,0,0,0.12816849816849818
4524,ê[íJímîé,4,43,5,8,12,0.13883720930232557,0,1,2,2,0,0,0,0,0,0,0.12816849816849818
4524,ê[íJímîé,5,36,6,10,6,0.13916666666666666,0,0,1,5,0,0,0,0,0,0,0.12816849816849818
4524,ê[íJímîé,6,46,4,5,8,0.145,0,0,0,2,2,0,0,0,0,0,0.12816849816849818
4525,ê^éqìﬁí√é¿,1,29,10,11,3,0.13724137931034483,10,0,0,0,0,0,7,8,2,0,0.14666666666666667
4525,ê^éqìﬁí√é¿,2,37,1,8,9,0.15756756756756757,0,0,1,0,0,0,0,0,0,25,0.14666666666666667
4525,ê^éqìﬁí√é¿,3,34,3,4,4,0.145,0,0,2,1,0,0,0,0,0,0,0.14666666666666667
4525,ê^éqìﬁí√é¿,4,36,2,2,9,0.14222222222222222,0,2,0,0,0,0,0,0,0,0,0.14666666666666667
4525,ê^éqìﬁí√é¿,5,34,1,2,2,0.14823529411764705,0,0,1,0,0,0,0,0,0,0,0.14666666666666667
4525,ê^éqìﬁí√é¿,6,22,0,0,4,0.1481818181818182,0,0,0,0,0,0,0,0,0,0,0.14666666666666667
4526,írìcóYóS,1,50,31,14,2,0.1326,29,0,0,0,2,0,1,8,8,0,0.1344
4526,írìcóYóS,2,38,9,12,8,0.135,0,6,3,0,0,0,0,0,0,20,0.1344
4526,írìcóYóS,3,50,14,11,5,0.14300000000000002,0,1,7,3,3,0,0,0,0,0,0.1344
4526,írìcóYóS,4,53,9,14,14,0.12584905660377357,0,1,6,2,0,0,0,0,0,0,0.1344
4526,írìcóYóS,5,44,2,6,12,0.12477272727272727,0,0,1,1,0,0,0,0,0,0,0.1344
4526,írìcóYóS,6,40,0,4,10,0.14725,0,0,0,0,0,0,0,0,0,0,0.1344
4527,çÇñÏêSå·,1,26,14,7,1,0.14769230769230768,13,0,0,0,1,0,7,3,1,0,0.18481675392670155
4527,çÇñÏêSå·,2,35,1,12,6,0.18542857142857144,0,0,0,0,1,0,0,0,0,16,0.18481675392670155
4527,çÇñÏêSå·,3,35,4,6,2,0.18857142857142858,0,3,0,1,0,0,0,0,0,0,0.18481675392670155
4527,çÇñÏêSå·,4,32,1,4,7,0.1803125,0,0,0,0,1,0,0,0,0,0,0.18481675392670155
4527,çÇñÏêSå·,5,31,0,1,3,0.1964516129032258,0,0,0,0,0,0,0,0,0,0,0.18481675392670155
4527,çÇñÏêSå·,6,32,0,2,1,0.2034375,0,0,0,0,0,0,0,0,0,0,0.18481675392670155
4528,çïà‰íBñÓ,1,58,44,5,5,0.1270689655172414,44,0,0,0,0,0,3,6,4,0,0.1423722627737226
4528,çïà‰íBñÓ,2,43,7,8,11,0.12395348837209302,0,5,2,0,0,0,0,0,0,24,0.1423722627737226
4528,çïà‰íBñÓ,3,41,8,9,11,0.14634146341463414,0,0,2,5,1,0,0,0,0,0,0.1423722627737226
4528,çïà‰íBñÓ,4,45,13,6,11,0.15422222222222223,0,3,8,2,0,0,0,0,0,0,0.1423722627737226
4528,çïà‰íBñÓ,5,46,6,5,8,0.14869565217391303,0,4,0,2,0,0,0,0,0,0,0.1423722627737226
4528,çïà‰íBñÓ,6,41,3,3,10,0.15926829268292683,0,0,1,2,0,0,0,0,0,0,0.1423722627737226
4529,ìàã`êM,1,30,18,3,6,0.1396666666666667,17,0,0,0,1,0,6,5,1,0,0.15205128205128204
4529,ìàã`êM,2,33,4,9,5,0.14757575757575758,0,4,0,0,0,0,0,0,0,19,0.15205128205128204
4529,ìàã`êM,3,33,4,4,8,0.11303030303030304,0,0,1,3,0,0,0,0,0,0,0.15205128205128204
4529,ìàã`êM,4,36,3,2,9,0.15527777777777776,0,2,0,1,0,0,0,0,0,0,0.15205128205128204
4529,ìàã`êM,5,36,4,3,7,0.16833333333333333,0,0,0,4,0,0,0,0,0,0,0.15205128205128204
4529,ìàã`êM,6,27,0,4,6,0.19296296296296298,0,0,0,0,0,0,0,0,0,0,0.15205128205128204
4530,è¨ñÏê∂ìﬁ,1,11,5,2,2,0.11545454545454546,4,0,0,0,1,0,4,1,0,0,0.13625
4530,è¨ñÏê∂ìﬁ,2,9,3,3,1,0.12333333333333335,0,1,2,0,0,0,0,0,0,4,0.13625
4530,è¨ñÏê∂ìﬁ,3,11,2,2,2,0.10636363636363635,0,1,0,0,1,0,0,0,0,0,0.13625
4530,è¨ñÏê∂ìﬁ,4,7,3,2,1,0.1285714285714286,0,1,2,0,0,0,0,0,0,0,0.13625
4530,è¨ñÏê∂ìﬁ,5,8,0,2,1,0.19125,0,0,0,0,0,0,0,0,0,0,0.13625
4530,è¨ñÏê∂ìﬁ,6,10,0,1,4,0.165,0,0,0,0,0,0,0,0,0,0,0.13625
4531,ïêïxíqó∫,1,42,31,5,4,0.12833333333333335,30,0,0,0,1,0,2,4,2,0,0.14663934426229508
4531,ïêïxíqó∫,2,43,7,14,5,0.13232558139534883,0,6,1,0,0,0,0,0,0,23,0.14663934426229508
4531,ïêïxíqó∫,3,45,5,12,9,0.16,0,1,3,1,0,0,0,0,0,0,0.14663934426229508
4531,ïêïxíqó∫,4,39,5,12,5,0.14256410256410257,0,0,4,1,0,0,0,0,0,0,0.14663934426229508
4531,ïêïxíqó∫,5,38,5,6,11,0.1586842105263158,0,1,0,3,1,0,0,0,0,0,0.14663934426229508
4531,ïêïxíqó∫,6,37,1,3,7,0.15972972972972974,0,0,1,0,0,0,0,0,0,0,0.14663934426229508
4532,èHå≥ìN,1,40,25,7,2,0.17525,24,0,0,0,1,0,5,6,3,0,0.16525896414342628
4532,èHå≥ìN,2,45,10,17,6,0.16066666666666668,0,6,4,0,0,0,0,0,0,21,0.16525896414342628
4532,èHå≥ìN,3,46,9,13,7,0.15717391304347827,0,2,3,4,0,0,0,0,0,0,0.16525896414342628
4532,èHå≥ìN,4,42,13,9,6,0.16166666666666668,0,1,5,5,2,0,0,0,0,0,0.16525896414342628
4532,èHå≥ìN,5,40,2,6,10,0.164,0,0,0,2,0,0,0,0,0,0,0.16525896414342628
4532,èHå≥ìN,6,38,1,3,9,0.17526315789473684,0,0,0,1,0,0,0,0,0,0,0.16525896414342628
4533,ïÙèdò–é°,1,25,14,4,1,0.17679999999999998,13,0,0,0,1,0,2,5,4,0,0.1713440860215054
4533,ïÙèdò–é°,2,32,6,7,7,0.1778125,0,3,2,0,1,0,0,0,0,18,0.1713440860215054
4533,ïÙèdò–é°,3,33,10,7,4,0.17,0,0,6,2,2,0,0,0,0,0,0.1713440860215054
4533,ïÙèdò–é°,4,36,6,6,11,0.15611111111111112,0,1,5,0,0,0,0,0,0,0,0.1713440860215054
4533,ïÙèdò–é°,5,33,0,2,5,0.16363636363636364,0,0,0,0,0,0,0,0,0,0,0.1713440860215054
4533,ïÙèdò–é°,6,27,0,2,9,0.19,0,0,0,0,0,0,0,0,0,0,0.1713440860215054
4535,ñkéRçNâÓ,1,46,35,5,5,0.15347826086956523,34,0,0,0,1,0,3,7,1,0,0.14400000000000002
4535,ñkéRçNâÓ,2,34,8,5,8,0.15088235294117647,0,5,3,0,0,0,0,0,0,17,0.14400000000000002
4535,ñkéRçNâÓ,3,32,8,6,9,0.1384375,0,1,2,3,2,0,0,0,0,0,0.14400000000000002
4535,ñkéRçNâÓ,4,36,6,11,6,0.14666666666666667,0,3,1,2,0,0,0,0,0,0,0.14400000000000002
4535,ñkéRçNâÓ,5,30,6,7,4,0.13766666666666666,0,0,3,3,0,0,0,0,0,0,0.14400000000000002
4535,ñkéRçNâÓ,6,37,0,6,11,0.13324324324324324,0,0,0,0,0,0,0,0,0,0,0.14400000000000002
4536,äÏà‰Ç¬Ç©Ç≥,1,34,13,12,2,0.14088235294117646,13,0,0,0,0,0,7,7,4,0,0.14985576923076924
4536,äÏà‰Ç¬Ç©Ç≥,2,36,8,15,7,0.13333333333333333,0,5,3,0,0,0,0,0,0,14,0.14985576923076924
4536,äÏà‰Ç¬Ç©Ç≥,3,41,11,12,6,0.14,0,0,6,5,0,0,0,0,0,0,0.14985576923076924
4536,äÏà‰Ç¬Ç©Ç≥,4,29,3,8,9,0.14413793103448275,0,0,0,2,1,0,0,0,0,0,0.14985576923076924
4536,äÏà‰Ç¬Ç©Ç≥,5,36,0,5,10,0.17916666666666667,0,0,0,0,0,0,0,0,0,0,0.14985576923076924
4536,äÏà‰Ç¬Ç©Ç≥,6,32,2,5,10,0.1628125,0,0,0,2,0,0,0,0,0,0,0.14985576923076924
4537,ìnÁ≥òaè´,1,51,39,5,2,0.12509803921568627,39,0,0,0,0,0,2,6,4,0,0.1308173076923077
4537,ìnÁ≥òaè´,2,33,15,11,1,0.11515151515151516,0,1,11,1,2,0,0,0,0,13,0.1308173076923077
4537,ìnÁ≥òaè´,3,32,9,9,8,0.13593750000000002,0,3,2,2,2,0,0,0,0,0,0.1308173076923077
4537,ìnÁ≥òaè´,4,32,5,2,10,0.119375,0,0,3,2,0,0,0,0,0,0,0.1308173076923077
4537,ìnÁ≥òaè´,5,28,4,5,7,0.13535714285714287,0,0,2,1,1,0,0,0,0,0,0.1308173076923077
4537,ìnÁ≥òaè´,6,32,3,5,2,0.1584375,0,0,1,2,0,0,0,0,0,0,0.1308173076923077
4538,ä}íuîéîV,1,34,14,5,5,0.13147058823529412,14,0,0,0,0,0,2,9,6,0,0.14876543209876542
4538,ä}íuîéîV,2,40,7,7,13,0.14450000000000002,0,3,4,0,0,0,0,0,0,16,0.14876543209876542
4538,ä}íuîéîV,3,42,4,7,8,0.1630952380952381,0,1,1,2,0,0,0,0,0,0,0.14876543209876542
4538,ä}íuîéîV,4,47,6,6,11,0.1370212765957447,0,0,3,3,0,0,0,0,0,0,0.14876543209876542
4538,ä}íuîéîV,5,45,5,10,8,0.15266666666666667,0,0,2,3,0,0,0,0,0,0,0.14876543209876542
4538,ä}íuîéîV,6,35,0,2,3,0.164,0,0,0,0,0,0,0,0,0,0,0.14876543209876542
4539,ã‡éqå´éu,1,56,43,6,2,0.10571428571428572,42,0,1,0,0,0,2,3,5,0,0.12815068493150686
4539,ã‡éqå´éu,2,51,17,9,6,0.12588235294117647,1,12,4,0,0,0,0,0,0,19,0.12815068493150686
4539,ã‡éqå´éu,3,49,10,18,7,0.13571428571428573,0,1,7,2,0,0,0,0,0,0,0.12815068493150686
4539,ã‡éqå´éu,4,46,9,12,10,0.12739130434782608,0,1,7,1,0,0,0,0,0,0,0.12815068493150686
4539,ã‡éqå´éu,5,49,2,5,15,0.14489795918367349,0,0,1,0,1,0,0,0,0,0,0.12815068493150686
4539,ã‡éqå´éu,6,41,1,7,9,0.13341463414634147,0,0,1,0,0,0,0,0,0,0,0.12815068493150686
4540,ëäå¥óòèÕ,1,43,26,11,4,0.12511627906976744,26,0,0,0,0,0,4,6,6,0,0.13468750000000002
4540,ëäå¥óòèÕ,2,47,13,15,9,0.14148936170212767,0,8,4,0,1,0,0,0,0,19,0.13468750000000002
4540,ëäå¥óòèÕ,3,42,2,8,14,0.12571428571428572,0,0,1,1,0,0,0,0,0,0,0.13468750000000002
4540,ëäå¥óòèÕ,4,40,5,11,10,0.1275,0,1,2,1,1,0,0,0,0,0,0.13468750000000002
4540,ëäå¥óòèÕ,5,44,3,3,8,0.12204545454545455,0,1,2,0,0,0,0,0,0,0,0.13468750000000002
4540,ëäå¥óòèÕ,6,40,0,3,7,0.1675,0,0,0,0,0,0,0,0,0,0,0.13468750000000002
4543,èdñÿãPïF,1,44,31,8,3,0.14,30,0,0,0,1,0,4,0,9,0,0.17528925619834712
4543,èdñÿãPïF,2,39,8,12,7,0.16282051282051282,1,5,1,0,1,0,0,0,0,17,0.17528925619834712
4543,èdñÿãPïF,3,41,4,11,11,0.14878048780487804,0,0,3,1,0,0,0,0,0,0,0.17528925619834712
4543,èdñÿãPïF,4,42,4,4,13,0.18285714285714286,0,1,0,2,1,0,0,0,0,0,0.17528925619834712
4543,èdñÿãPïF,5,33,4,3,8,0.21484848484848484,0,0,1,2,1,0,0,0,0,0,0.17528925619834712
4543,èdñÿãPïF,6,43,5,5,5,0.2102325581395349,0,1,1,3,0,0,0,0,0,0,0.17528925619834712
4544,èºìcëÂéuòY,1,54,36,5,5,0.16537037037037036,35,0,0,0,1,0,3,9,4,0,0.18979423868312756
4544,èºìcëÂéuòY,2,34,10,13,5,0.1776470588235294,0,6,3,0,1,0,0,0,0,16,0.18979423868312756
4544,èºìcëÂéuòY,3,40,10,11,8,0.1995,0,1,3,3,2,1,0,0,0,0,0.18979423868312756
4544,èºìcëÂéuòY,4,38,7,9,10,0.18973684210526315,0,2,4,1,0,0,0,0,0,0,0.18979423868312756
4544,èºìcëÂéuòY,5,40,8,13,6,0.18975,0,1,2,5,0,0,0,0,0,0,0.18979423868312756
4544,èºìcëÂéuòY,6,37,2,7,13,0.22621621621621624,0,0,0,2,0,0,0,0,0,0,0.18979423868312756
4545,â™ë∫åcëæ,1,63,55,3,5,0.1192063492063492,53,0,0,0,2,0,0,4,2,0,0.1315873015873016
4545,â™ë∫åcëæ,2,42,13,12,7,0.1261904761904762,0,8,3,0,2,0,0,0,0,24,0.1315873015873016
4545,â™ë∫åcëæ,3,38,10,7,10,0.13868421052631577,0,1,2,7,0,0,0,0,0,0,0.1315873015873016
4545,â™ë∫åcëæ,4,36,9,11,8,0.13,0,2,2,4,1,0,0,0,0,0,0.1315873015873016
4545,â™ë∫åcëæ,5,35,4,11,7,0.12371428571428572,0,0,2,2,0,0,0,0,0,0,0.1315873015873016
4545,â™ë∫åcëæ,6,38,3,5,9,0.15973684210526318,0,1,0,2,0,0,0,0,0,0,0.1315873015873016
4546,ïlìcàüóùçπ,1,52,28,8,8,0.17442307692307693,25,0,0,0,3,0,2,12,8,0,0.1705829596412556
4546,ïlìcàüóùçπ,2,33,11,13,2,0.17363636363636364,0,6,4,0,1,0,0,0,0,10,0.1705829596412556
4546,ïlìcàüóùçπ,3,35,3,11,10,0.1682857142857143,0,0,1,2,0,0,0,0,0,0,0.1705829596412556
4546,ïlìcàüóùçπ,4,43,9,15,6,0.16255813953488374,0,3,2,2,2,0,0,0,0,0,0.1705829596412556
4546,ïlìcàüóùçπ,5,26,7,6,6,0.16076923076923075,0,1,2,3,1,0,0,0,0,0,0.1705829596412556
4546,ïlìcàüóùçπ,6,34,1,7,8,0.18176470588235294,0,0,0,1,0,0,0,0,0,0,0.1705829596412556
4547,íÜìcó≥ëæ,1,54,42,3,6,0.14462962962962964,37,0,0,0,5,0,4,3,4,0,0.14603238866396762
4547,íÜìcó≥ëæ,2,44,14,16,7,0.1340909090909091,0,12,2,0,0,0,0,0,0,16,0.14603238866396762
4547,íÜìcó≥ëæ,3,38,7,17,7,0.12184210526315789,0,3,0,4,0,0,0,0,0,0,0.14603238866396762
4547,íÜìcó≥ëæ,4,33,7,6,7,0.13636363636363635,0,0,3,2,2,0,0,0,0,0,0.14603238866396762
4547,íÜìcó≥ëæ,5,41,5,7,8,0.15926829268292683,0,0,1,4,0,0,0,0,0,0,0.14603238866396762
4547,íÜìcó≥ëæ,6,37,4,11,6,0.1810810810810811,0,2,1,1,0,0,0,0,0,0,0.14603238866396762
4548,é¬ñÿàüàﬂâ‘,1,21,8,6,0,0.18571428571428572,8,0,0,0,0,0,1,9,2,0,0.21007751937984498
4548,é¬ñÿàüàﬂâ‘,2,27,2,6,11,0.19333333333333333,0,1,0,0,1,0,0,0,0,13,0.21007751937984498
4548,é¬ñÿàüàﬂâ‘,3,24,0,7,4,0.18041666666666667,0,0,0,0,0,0,0,0,0,0,0.21007751937984498
4548,é¬ñÿàüàﬂâ‘,4,19,0,0,5,0.21842105263157896,0,0,0,0,0,0,0,0,0,0,0.21007751937984498
4548,é¬ñÿàüàﬂâ‘,5,20,0,0,3,0.22000000000000003,0,0,0,0,0,0,0,0,0,0,0.21007751937984498
4548,é¬ñÿàüàﬂâ‘,6,18,0,0,2,0.2833333333333333,0,0,0,0,0,0,0,0,0,0,0.21007751937984498
4549,è¨ó—ï∂ïF,1,50,35,4,6,0.1602,34,0,0,0,1,0,3,5,3,0,0.17899598393574298
4549,è¨ó—ï∂ïF,2,42,5,9,10,0.18095238095238095,0,4,0,0,0,1,0,0,0,26,0.17899598393574298
4549,è¨ó—ï∂ïF,3,42,6,14,7,0.15833333333333335,0,1,1,3,1,0,0,0,0,0,0.17899598393574298
4549,è¨ó—ï∂ïF,4,39,1,11,11,0.19999999999999998,0,0,0,0,0,1,0,0,0,0,0.17899598393574298
4549,è¨ó—ï∂ïF,5,44,0,9,10,0.1922727272727273,0,0,0,0,0,0,0,0,0,0,0.17899598393574298
4549,è¨ó—ï∂ïF,6,32,1,4,13,0.1890625,0,0,0,1,0,0,0,0,0,0,0.17899598393574298
4550,êŒâ™è´ëæ,1,33,11,8,8,0.12181818181818183,10,0,0,0,1,0,10,3,7,0,0.14370044052863434
4550,êŒâ™è´ëæ,2,36,3,4,11,0.14083333333333334,0,2,0,0,0,1,0,0,0,16,0.14370044052863434
4550,êŒâ™è´ëæ,3,42,5,6,12,0.14166666666666666,0,0,2,2,1,0,0,0,0,0,0.14370044052863434
4550,êŒâ™è´ëæ,4,41,3,8,9,0.15024390243902438,0,0,0,2,1,0,0,0,0,0,0.14370044052863434
4550,êŒâ™è´ëæ,5,36,3,3,6,0.16305555555555556,0,0,1,1,0,1,0,0,0,0,0.14370044052863434
4550,êŒâ™è´ëæ,6,39,0,4,8,0.1423076923076923,0,0,0,0,0,0,0,0,0,0,0.14370044052863434
4551,éOêÏçVã≈,1,49,29,5,7,0.1404081632653061,27,0,0,0,2,0,7,4,7,0,0.16007246376811593
4551,éOêÏçVã≈,2,45,5,13,8,0.162,0,5,0,0,0,0,0,0,0,27,0.16007246376811593
4551,éOêÏçVã≈,3,45,4,15,8,0.14400000000000002,0,1,1,1,1,0,0,0,0,0,0.16007246376811593
4551,éOêÏçVã≈,4,47,3,19,11,0.17170212765957446,0,1,0,2,0,0,0,0,0,0,0.16007246376811593
4551,éOêÏçVã≈,5,46,2,9,7,0.18021739130434786,0,0,0,1,1,0,0,0,0,0,0.16007246376811593
4551,éOêÏçVã≈,6,44,0,4,13,0.16295454545454546,0,0,0,0,0,0,0,0,0,0,0.16007246376811593
4552,êôéRèüãß,1,30,8,7,4,0.16033333333333336,8,0,0,0,0,0,9,9,3,0,0.15986301369863012
4552,êôéRèüãß,2,38,2,9,10,0.17105263157894737,0,1,0,0,1,0,0,0,0,21,0.15986301369863012
4552,êôéRèüãß,3,38,4,5,5,0.1805263157894737,0,1,3,0,0,0,0,0,0,0,0.15986301369863012
4552,êôéRèüãß,4,42,7,7,6,0.1407142857142857,0,1,3,3,0,0,0,0,0,0,0.15986301369863012
4552,êôéRèüãß,5,36,3,4,12,0.15000000000000002,0,1,1,1,0,0,0,0,0,0,0.15986301369863012
4552,êôéRèüãß,6,35,1,2,4,0.158,0,0,1,0,0,0,0,0,0,0,0.15986301369863012
4553,íÿå˚ó≥ñÁ,1,43,31,4,3,0.16534883720930232,30,0,0,0,1,0,4,5,3,0,0.17572052401746727
4553,íÿå˚ó≥ñÁ,2,40,4,8,13,0.17225,0,2,1,1,0,0,0,0,0,22,0.17572052401746727
4553,íÿå˚ó≥ñÁ,3,42,3,10,11,0.16666666666666666,0,0,0,3,0,0,0,0,0,0,0.17572052401746727
4553,íÿå˚ó≥ñÁ,4,39,2,7,10,0.1741025641025641,0,2,0,0,0,0,0,0,0,0,0.17572052401746727
4553,íÿå˚ó≥ñÁ,5,33,0,4,8,0.19242424242424241,0,0,0,0,0,0,0,0,0,0,0.17572052401746727
4553,íÿå˚ó≥ñÁ,6,32,0,1,14,0.190625,0,0,0,0,0,0,0,0,0,0,0.17572052401746727
4555,ïxâiëÂàÍ,1,33,16,7,3,0.1693939393939394,16,0,0,0,0,0,3,6,5,0,0.1852093023255814
4555,ïxâiëÂàÍ,2,33,3,7,8,0.18272727272727274,0,1,2,0,0,0,0,0,0,19,0.1852093023255814
4555,ïxâiëÂàÍ,3,39,8,7,9,0.16564102564102565,0,0,5,2,1,0,0,0,0,0,0.1852093023255814
4555,ïxâiëÂàÍ,4,37,3,5,8,0.19675675675675677,0,0,0,3,0,0,0,0,0,0,0.1852093023255814
4555,ïxâiëÂàÍ,5,39,0,6,9,0.18076923076923077,0,0,0,0,0,0,0,0,0,0,0.1852093023255814
4555,ïxâiëÂàÍ,6,34,2,4,7,0.21794117647058825,0,0,0,0,2,0,0,0,0,0,0.1852093023255814
4557,èºîˆåıçL,1,14,5,2,3,0.17642857142857143,4,0,0,0,1,0,3,3,2,0,0.19362068965517243
4557,èºîˆåıçL,2,26,4,2,4,0.1819230769230769,0,3,0,0,1,0,0,0,0,13,0.19362068965517243
4557,èºîˆåıçL,3,21,0,2,4,0.19571428571428573,0,0,0,0,0,0,0,0,0,0,0.19362068965517243
4557,èºîˆåıçL,4,19,0,0,3,0.1773684210526316,0,0,0,0,0,0,0,0,0,0,0.19362068965517243
4557,èºîˆåıçL,5,22,1,0,2,0.21727272727272728,0,0,0,1,0,0,0,0,0,0,0.19362068965517243
4557,èºîˆåıçL,6,14,0,1,0,0.21428571428571427,0,0,0,0,0,0,0,0,0,0,0.19362068965517243
4558,ã{ñÏêm,1,22,11,5,1,0.13636363636363635,10,0,0,0,1,0,5,1,3,0,0.15565714285714286
4558,ã{ñÏêm,2,35,8,6,8,0.1482857142857143,0,5,1,0,2,0,0,0,0,12,0.15565714285714286
4558,ã{ñÏêm,3,28,2,6,9,0.16178571428571428,0,0,1,1,0,0,0,0,0,0,0.15565714285714286
4558,ã{ñÏêm,4,30,4,4,9,0.13366666666666666,0,2,0,2,0,0,0,0,0,0,0.15565714285714286
4558,ã{ñÏêm,5,36,1,4,2,0.1675,0,0,0,1,0,0,0,0,0,0,0.15565714285714286
4558,ã{ñÏêm,6,24,1,0,5,0.18666666666666668,0,0,0,1,0,0,0,0,0,0,0.15565714285714286
4560,èØéié˜ó«ÅX,1,27,9,6,2,0.1411111111111111,9,0,0,0,0,0,3,11,3,0,0.14887096774193548
4560,èØéié˜ó«ÅX,2,36,4,10,6,0.15861111111111112,0,3,0,0,1,0,0,0,0,21,0.14887096774193548
4560,èØéié˜ó«ÅX,3,34,2,5,5,0.14441176470588235,0,0,1,0,1,0,0,0,0,0,0.14887096774193548
4560,èØéié˜ó«ÅX,4,28,0,6,8,0.13999999999999999,0,0,0,0,0,0,0,0,0,0,0.14887096774193548
4560,èØéié˜ó«ÅX,5,38,0,4,7,0.15447368421052632,0,0,0,0,0,0,0,0,0,0,0.14887096774193548
4560,èØéié˜ó«ÅX,6,23,2,1,3,0.1508695652173913,0,1,0,0,1,0,0,0,0,0,0.14887096774193548
4561,ì°éR„ƒëÂ,1,47,33,8,1,0.17617021276595743,29,0,4,0,0,0,5,2,6,0,0.1991701244813278
4561,ì°éR„ƒëÂ,2,32,11,4,4,0.1759375,0,2,8,0,1,0,0,0,0,12,0.1991701244813278
4561,ì°éR„ƒëÂ,3,42,17,7,4,0.1611904761904762,0,0,15,0,2,0,0,0,0,0,0.1991701244813278
4561,ì°éR„ƒëÂ,4,39,9,6,3,0.19384615384615383,0,0,9,0,0,0,0,0,0,0,0.1991701244813278
4561,ì°éR„ƒëÂ,5,36,7,7,2,0.24027777777777778,0,0,7,0,0,0,0,0,0,0,0.1991701244813278
4561,ì°éR„ƒëÂ,6,45,5,5,2,0.24688888888888888,0,0,5,0,0,0,0,0,0,0,0.1991701244813278
4562,ç„ñ{óEâÓ,1,26,11,8,1,0.17807692307692308,11,0,0,0,0,0,4,5,6,0,0.18829596412556054
4562,ç„ñ{óEâÓ,2,40,4,8,15,0.18375000000000002,0,2,1,0,1,0,0,0,0,24,0.18829596412556054
4562,ç„ñ{óEâÓ,3,48,5,3,12,0.185625,0,0,3,2,0,0,0,0,0,0,0.18829596412556054
4562,ç„ñ{óEâÓ,4,40,3,2,7,0.19475,0,1,2,0,0,0,0,0,0,0,0.18829596412556054
4562,ç„ñ{óEâÓ,5,43,5,6,9,0.1890697674418605,0,1,3,1,0,0,0,0,0,0,0.18829596412556054
4562,ç„ñ{óEâÓ,6,26,1,1,2,0.1992307692307692,0,0,0,0,1,0,0,0,0,0,0.18829596412556054
4563,‚Vì°ê^îV,1,24,10,6,4,0.15583333333333335,9,0,0,0,1,0,6,3,1,0,0.1711046511627907
4563,‚Vì°ê^îV,2,30,0,5,7,0.17766666666666667,0,0,0,0,0,0,0,0,0,17,0.1711046511627907
4563,‚Vì°ê^îV,3,34,2,7,6,0.14382352941176468,0,0,1,1,0,0,0,0,0,0,0.1711046511627907
4563,‚Vì°ê^îV,4,31,0,2,6,0.17548387096774193,0,0,0,0,0,0,0,0,0,0,0.1711046511627907
4563,‚Vì°ê^îV,5,26,0,2,4,0.18153846153846154,0,0,0,0,0,0,0,0,0,0,0.1711046511627907
4563,‚Vì°ê^îV,6,27,0,2,3,0.19666666666666666,0,0,0,0,0,0,0,0,0,0,0.1711046511627907
4564,éRñ{åiémòY,1,51,33,9,3,0.14176470588235296,32,0,0,0,0,1,3,3,10,0,0.15791808873720137
4564,éRñ{åiémòY,2,53,8,19,9,0.14849056603773586,0,6,2,0,0,0,0,0,0,35,0.15791808873720137
4564,éRñ{åiémòY,3,55,6,15,16,0.1609090909090909,0,1,5,0,0,0,0,0,0,0,0.15791808873720137
4564,éRñ{åiémòY,4,47,2,8,8,0.1580851063829787,0,0,0,2,0,0,0,0,0,0,0.15791808873720137
4564,éRñ{åiémòY,5,45,2,2,12,0.1688888888888889,0,0,1,1,0,0,0,0,0,0,0.15791808873720137
4564,éRñ{åiémòY,6,42,0,3,14,0.17357142857142857,0,0,0,0,0,0,0,0,0,0,0.15791808873720137
4565,êºë∫çãóm,1,31,10,8,2,0.19612903225806452,9,0,0,0,1,0,9,10,2,0,0.1773611111111111
4565,êºë∫çãóm,2,38,3,8,11,0.16526315789473686,0,3,0,0,0,0,0,0,0,18,0.1773611111111111
4565,êºë∫çãóm,3,33,3,5,5,0.17393939393939395,0,0,1,2,0,0,0,0,0,0,0.1773611111111111
4565,êºë∫çãóm,4,33,0,6,11,0.1687878787878788,0,0,0,0,0,0,0,0,0,0,0.1773611111111111
4565,êºë∫çãóm,5,45,2,5,11,0.18333333333333332,0,1,0,1,0,0,0,0,0,0,0.1773611111111111
4565,êºë∫çãóm,6,36,1,1,8,0.1775,0,0,0,1,0,0,0,0,0,0,0.1773611111111111
4566,âñìcñkìl,1,80,67,7,4,0.139875,67,0,0,0,0,0,4,6,2,0,0.15
4566,âñìcñkìl,2,39,9,17,6,0.1494871794871795,0,5,2,1,1,0,0,0,0,18,0.15
4566,âñìcñkìl,3,46,17,9,8,0.15478260869565216,0,5,3,7,2,0,0,0,0,0,0.15
4566,âñìcñkìl,4,47,8,15,6,0.14957446808510638,0,4,1,3,0,0,0,0,0,0,0.15
4566,âñìcñkìl,5,36,5,9,10,0.1461111111111111,0,1,0,4,0,0,0,0,0,0,0.15
4566,âñìcñkìl,6,41,2,13,8,0.16878048780487806,0,0,1,0,1,0,0,0,0,0,0.15
4567,è„ë∫êTëæòY,1,20,5,7,5,0.1855,5,0,0,0,0,0,8,5,0,0,0.20125
4567,è„ë∫êTëæòY,2,41,4,6,14,0.1953658536585366,0,3,1,0,0,0,0,0,0,19,0.20125
4567,è„ë∫êTëæòY,3,35,3,10,3,0.1897142857142857,0,0,2,0,1,0,0,0,0,0,0.20125
4567,è„ë∫êTëæòY,4,37,0,5,6,0.18756756756756757,0,0,0,0,0,0,0,0,0,0,0.20125
4567,è„ë∫êTëæòY,5,31,0,3,6,0.20741935483870966,0,0,0,0,0,0,0,0,0,0,0.20125
4567,è„ë∫êTëæòY,6,28,0,1,2,0.2467857142857143,0,0,0,0,0,0,0,0,0,0,0.20125
4568,úAê£ê^ñÁ,1,30,20,3,3,0.15366666666666667,20,0,0,0,0,0,3,2,3,0,0.15904494382022472
4568,úAê£ê^ñÁ,2,27,2,8,6,0.15037037037037035,0,0,2,0,0,0,0,0,0,13,0.15904494382022472
4568,úAê£ê^ñÁ,3,30,1,5,9,0.153,0,0,0,1,0,0,0,0,0,0,0.15904494382022472
4568,úAê£ê^ñÁ,4,30,2,6,6,0.15033333333333332,0,0,1,1,0,0,0,0,0,0,0.15904494382022472
4568,úAê£ê^ñÁ,5,29,2,6,8,0.15275862068965515,0,0,1,1,0,0,0,0,0,0,0.15904494382022472
4568,úAê£ê^ñÁ,6,32,0,1,4,0.1909375,0,0,0,0,0,0,0,0,0,0,0.15904494382022472
4569,íÜ‡VçGìﬁ,1,33,11,7,7,0.18575757575757576,10,0,0,0,0,1,5,9,4,0,0.17630901287553646
4569,íÜ‡VçGìﬁ,2,46,5,12,12,0.1791304347826087,0,3,2,0,0,0,0,0,0,22,0.17630901287553646
4569,íÜ‡VçGìﬁ,3,42,4,12,4,0.1719047619047619,0,0,4,0,0,0,0,0,0,0,0.17630901287553646
4569,íÜ‡VçGìﬁ,4,35,4,5,4,0.1685714285714286,0,0,2,1,1,0,0,0,0,0,0.17630901287553646
4569,íÜ‡VçGìﬁ,5,42,2,8,8,0.15880952380952382,0,0,1,0,0,1,0,0,0,0,0.17630901287553646
4569,íÜ‡VçGìﬁ,6,35,2,2,3,0.1977142857142857,0,0,0,2,0,0,0,0,0,0,0.17630901287553646
4570,ëOìcêπï∂,1,47,20,11,4,0.1823404255319149,18,0,0,0,2,0,6,10,6,0,0.164296875
4570,ëOìcêπï∂,2,41,8,10,9,0.15146341463414634,0,5,2,1,0,0,0,0,0,23,0.164296875
4570,ëOìcêπï∂,3,44,6,13,12,0.1715909090909091,0,1,2,2,1,0,0,0,0,0,0.164296875
4570,ëOìcêπï∂,4,46,3,8,10,0.1497826086956522,0,2,1,0,0,0,0,0,0,0,0.164296875
4570,ëOìcêπï∂,5,43,0,10,7,0.16255813953488374,0,0,0,0,0,0,0,0,0,0,0.164296875
4570,ëOìcêπï∂,6,35,2,2,5,0.16714285714285715,0,2,0,0,0,0,0,0,0,0,0.164296875
4571,êõèÕç∆,1,49,29,10,3,0.16755102040816328,27,0,0,0,2,0,4,9,5,0,0.15333333333333335
4571,êõèÕç∆,2,37,16,8,4,0.1362162162162162,0,4,11,0,1,0,0,0,0,14,0.15333333333333335
4571,êõèÕç∆,3,37,5,4,7,0.14351351351351352,0,0,3,0,1,1,0,0,0,0,0.15333333333333335
4571,êõèÕç∆,4,47,18,3,3,0.15659574468085108,1,0,12,4,1,0,0,0,0,0,0.15333333333333335
4571,êõèÕç∆,5,37,13,1,4,0.15108108108108106,0,0,13,0,0,0,0,0,0,0,0.15333333333333335
4571,êõèÕç∆,6,45,7,6,2,0.15844444444444444,0,0,6,1,0,0,0,0,0,0,0.15333333333333335
4572,ìnïîåÂ,1,49,27,8,5,0.14489795918367346,24,0,0,0,3,0,8,8,4,0,0.1521292775665399
4572,ìnïîåÂ,2,43,4,12,10,0.14930232558139533,0,1,3,0,0,0,0,0,0,25,0.1521292775665399
4572,ìnïîåÂ,3,47,3,9,13,0.1370212765957447,0,0,0,1,2,0,0,0,0,0,0.1521292775665399
4572,ìnïîåÂ,4,41,2,7,10,0.13658536585365855,0,0,1,1,0,0,0,0,0,0,0.1521292775665399
4572,ìnïîåÂ,5,40,0,5,10,0.17099999999999999,0,0,0,0,0,0,0,0,0,0,0.1521292775665399
4572,ìnïîåÂ,6,43,1,4,9,0.17697674418604653,0,1,0,0,0,0,0,0,0,0,0.1521292775665399
4573,ç≤ì°óÉ,1,54,32,7,8,0.1277777777777778,29,0,0,0,3,0,8,7,6,0,0.13417670682730926
4573,ç≤ì°óÉ,2,37,7,11,6,0.12837837837837837,0,2,5,0,0,0,0,0,0,17,0.13417670682730926
4573,ç≤ì°óÉ,3,40,6,9,5,0.136,0,0,4,2,0,0,0,0,0,0,0.13417670682730926
4573,ç≤ì°óÉ,4,37,8,9,4,0.13,0,0,6,1,1,0,0,0,0,0,0.13417670682730926
4573,ç≤ì°óÉ,5,40,3,8,8,0.14575,0,1,1,1,0,0,0,0,0,0,0.13417670682730926
4573,ç≤ì°óÉ,6,41,6,4,12,0.13853658536585364,0,2,2,1,1,0,0,0,0,0,0.13417670682730926
4574,ìåèÅé˜,1,36,15,6,3,0.17194444444444446,14,0,0,0,1,0,3,8,6,0,0.1895769230769231
4574,ìåèÅé˜,2,51,6,12,12,0.1884313725490196,0,6,0,0,0,0,0,0,0,29,0.1895769230769231
4574,ìåèÅé˜,3,49,3,12,13,0.19693877551020408,0,0,3,0,0,0,0,0,0,0,0.1895769230769231
4574,ìåèÅé˜,4,45,5,6,10,0.1948888888888889,0,0,3,2,0,0,0,0,0,0,0.1895769230769231
4574,ìåèÅé˜,5,47,1,9,13,0.1817021276595745,0,0,0,1,0,0,0,0,0,0,0.1895769230769231
4574,ìåèÅé˜,6,32,0,1,7,0.2040625,0,0,0,0,0,0,0,0,0,0,0.1895769230769231
4575,åÀíÀñMçD,1,33,20,5,3,0.15818181818181817,18,0,0,0,2,0,3,3,5,0,0.1559433962264151
4575,åÀíÀñMçD,2,39,10,10,6,0.16333333333333333,0,8,1,0,1,0,0,0,0,15,0.1559433962264151
4575,åÀíÀñMçD,3,34,5,7,9,0.15058823529411766,0,1,1,2,1,0,0,0,0,0,0.1559433962264151
4575,åÀíÀñMçD,4,37,6,5,6,0.14810810810810812,0,1,4,1,0,0,0,0,0,0,0.1559433962264151
4575,åÀíÀñMçD,5,36,4,3,8,0.15416666666666667,0,1,1,1,1,0,0,0,0,0,0.1559433962264151
4575,åÀíÀñMçD,6,33,1,5,7,0.16121212121212122,0,0,0,1,0,0,0,0,0,0,0.1559433962264151
4578,ì°éRâÎçO,1,45,29,12,1,0.13066666666666665,29,0,0,0,0,0,2,8,5,0,0.17531120331950206
4578,ì°éRâÎçO,2,45,6,7,8,0.1831111111111111,0,4,2,0,0,0,0,0,0,19,0.17531120331950206
4578,ì°éRâÎçO,3,38,11,10,2,0.16973684210526316,0,0,9,2,0,0,0,0,0,0,0.17531120331950206
4578,ì°éRâÎçO,4,37,4,8,8,0.17162162162162162,0,0,2,1,0,1,0,0,0,0,0.17531120331950206
4578,ì°éRâÎçO,5,38,1,6,7,0.1863157894736842,0,0,0,1,0,0,0,0,0,0,0.17531120331950206
4578,ì°éRâÎçO,6,38,1,3,2,0.21710526315789475,0,0,0,1,0,0,0,0,0,0,0.17531120331950206
4579,íÜìàåíàÍòY,1,42,26,5,6,0.1376190476190476,26,0,0,0,0,0,4,7,4,0,0.1525
4579,íÜìàåíàÍòY,2,36,10,10,7,0.17166666666666666,0,2,5,1,1,1,0,0,0,17,0.1525
4579,íÜìàåíàÍòY,3,40,9,12,8,0.15175,0,0,3,5,1,0,0,0,0,0,0.1525
4579,íÜìàåíàÍòY,4,38,5,7,16,0.14315789473684212,0,1,3,1,0,0,0,0,0,0,0.1525
4579,íÜìàåíàÍòY,5,37,1,8,10,0.15972972972972974,0,0,0,1,0,0,0,0,0,0,0.1525
4579,íÜìàåíàÍòY,6,43,0,2,8,0.15372093023255815,0,0,0,0,0,0,0,0,0,0,0.1525
4580,í∑íJêÏâÎòa,1,24,13,5,2,0.17,13,0,0,0,0,0,5,4,0,0,0.1806185567010309
4580,í∑íJêÏâÎòa,2,40,4,16,5,0.17875000000000002,1,3,0,0,0,0,0,0,0,24,0.1806185567010309
4580,í∑íJêÏâÎòa,3,31,8,9,4,0.1761290322580645,0,0,3,3,2,0,0,0,0,0,0.1806185567010309
4580,í∑íJêÏâÎòa,4,34,5,9,4,0.16176470588235295,0,0,4,1,0,0,0,0,0,0,0.1806185567010309
4580,í∑íJêÏâÎòa,5,34,0,2,7,0.20176470588235296,0,0,0,0,0,0,0,0,0,0,0.1806185567010309
4580,í∑íJêÏâÎòa,6,31,0,2,3,0.1932258064516129,0,0,0,0,0,0,0,0,0,0,0.1806185567010309
4581,ãgë∫êΩ,1,40,23,7,3,0.11499999999999999,21,0,0,0,2,0,4,8,4,0,0.13943478260869566
4581,ãgë∫êΩ,2,41,3,18,8,0.14365853658536587,0,3,0,0,0,0,0,0,0,25,0.13943478260869566
4581,ãgë∫êΩ,3,41,6,9,7,0.1529268292682927,0,1,1,3,1,0,0,0,0,0,0.13943478260869566
4581,ãgë∫êΩ,4,42,7,5,5,0.15166666666666667,0,1,1,2,2,1,0,0,0,0,0.13943478260869566
4581,ãgë∫êΩ,5,37,1,3,10,0.13972972972972972,0,1,0,0,0,0,0,0,0,0,0.13943478260869566
4581,ãgë∫êΩ,6,29,0,3,5,0.13,0,0,0,0,0,0,0,0,0,0,0.13943478260869566
4583,å√ìcóSãM,1,52,29,12,7,0.13692307692307693,25,0,0,0,3,1,9,4,9,0,0.15409090909090908
4583,å√ìcóSãM,2,51,7,15,12,0.1568627450980392,0,5,1,0,1,0,0,0,0,30,0.15409090909090908
4583,å√ìcóSãM,3,44,4,12,16,0.1318181818181818,0,0,0,3,1,0,0,0,0,0,0.15409090909090908
4583,å√ìcóSãM,4,44,3,9,9,0.15022727272727274,0,1,1,0,0,1,0,0,0,0,0.15409090909090908
4583,å√ìcóSãM,5,52,1,1,15,0.1776923076923077,0,0,0,1,0,0,0,0,0,0,0.15409090909090908
4583,å√ìcóSãM,6,43,0,4,10,0.1697674418604651,0,0,0,0,0,0,0,0,0,0,0.15409090909090908
4584,ë∫â™å´êl,1,50,33,10,2,0.1392,31,0,0,0,1,1,4,7,5,0,0.1284765625
4584,ë∫â™å´êl,2,40,8,10,10,0.14375,0,3,4,0,1,0,0,0,0,24,0.1284765625
4584,ë∫â™å´êl,3,45,6,7,14,0.1228888888888889,0,2,3,0,1,0,0,0,0,0,0.1284765625
4584,ë∫â™å´êl,4,44,6,11,9,0.11159090909090909,0,0,2,3,1,0,0,0,0,0,0.1284765625
4584,ë∫â™å´êl,5,34,5,1,10,0.12264705882352941,0,0,1,4,0,0,0,0,0,0,0.1284765625
4584,ë∫â™å´êl,6,43,0,7,9,0.12953488372093025,0,0,0,0,0,0,0,0,0,0,0.1284765625
4586,àÈïîêΩ,1,64,50,4,3,0.115,48,0,0,0,2,0,3,5,4,0,0.1297090909090909
4586,àÈïîêΩ,2,44,13,19,3,0.13113636363636363,0,4,5,1,1,2,0,0,0,23,0.1297090909090909
4586,àÈïîêΩ,3,48,15,10,10,0.140625,0,3,2,10,0,0,0,0,0,0,0.1297090909090909
4586,àÈïîêΩ,4,44,7,6,12,0.13863636363636364,0,3,3,1,0,0,0,0,0,0,0.1297090909090909
4586,àÈïîêΩ,5,35,5,9,9,0.128,0,0,1,3,1,0,0,0,0,0,0.1297090909090909
4586,àÈïîêΩ,6,40,4,5,13,0.13025,0,0,0,3,1,0,0,0,0,0,0.1297090909090909
4587,ñÿìcïÙóRãG,1,49,28,6,3,0.1826530612244898,25,1,0,0,2,0,5,7,8,0,0.16842465753424657
4587,ñÿìcïÙóRãG,2,50,6,15,10,0.1536,2,4,0,0,0,0,0,0,0,25,0.16842465753424657
4587,ñÿìcïÙóRãG,3,46,7,13,12,0.16347826086956524,0,2,0,2,2,1,0,0,0,0,0.16842465753424657
4587,ñÿìcïÙóRãG,4,57,6,12,10,0.16543859649122805,0,0,1,5,0,0,0,0,0,0,0.16842465753424657
4587,ñÿìcïÙóRãG,5,49,2,11,11,0.1763265306122449,0,0,0,1,1,0,0,0,0,0,0.16842465753424657
4587,ñÿìcïÙóRãG,6,41,0,8,7,0.16975609756097562,0,0,0,0,0,0,0,0,0,0,0.16842465753424657
4588,ìcíÜãûâÓ,1,37,23,7,2,0.14108108108108108,21,0,0,0,2,0,7,3,3,0,0.1416371681415929
4588,ìcíÜãûâÓ,2,40,8,12,8,0.14425000000000002,0,7,1,0,0,0,0,0,0,19,0.1416371681415929
4588,ìcíÜãûâÓ,3,39,7,9,8,0.14205128205128206,0,0,5,1,1,0,0,0,0,0,0.1416371681415929
4588,ìcíÜãûâÓ,4,31,2,9,6,0.13096774193548388,0,0,1,1,0,0,0,0,0,0,0.1416371681415929
4588,ìcíÜãûâÓ,5,42,3,7,11,0.135,0,0,0,3,0,0,0,0,0,0,0.1416371681415929
4588,ìcíÜãûâÓ,6,37,1,2,8,0.1554054054054054,0,0,0,1,0,0,0,0,0,0,0.1416371681415929
4589,âñçËãÀâ¡,1,4,4,0,0,0.19,4,0,0,0,0,0,0,0,0,0,0.17538461538461542
4589,âñçËãÀâ¡,2,4,1,0,3,0.1775,0,0,0,0,1,0,0,0,0,3,0.17538461538461542
4589,âñçËãÀâ¡,3,8,1,3,1,0.16625,0,0,0,1,0,0,0,0,0,0,0.17538461538461542
4589,âñçËãÀâ¡,4,4,0,0,2,0.1825,0,0,0,0,0,0,0,0,0,0,0.17538461538461542
4589,âñçËãÀâ¡,5,4,0,0,3,0.17,0,0,0,0,0,0,0,0,0,0,0.17538461538461542
4589,âñçËãÀâ¡,6,2,0,0,1,0.175,0,0,0,0,0,0,0,0,0,0,0.17538461538461542
4590,ìnÁ≥óDî¸,1,56,45,4,4,0.13660714285714287,45,0,0,0,0,0,2,4,5,0,0.14385892116182572
4590,ìnÁ≥óDî¸,2,39,7,13,8,0.14974358974358973,0,5,2,0,0,0,0,0,0,24,0.14385892116182572
4590,ìnÁ≥óDî¸,3,37,5,11,10,0.1583783783783784,0,1,2,2,0,0,0,0,0,0,0.14385892116182572
4590,ìnÁ≥óDî¸,4,40,6,17,5,0.1405,0,1,2,1,2,0,0,0,0,0,0.14385892116182572
4590,ìnÁ≥óDî¸,5,33,4,5,10,0.13545454545454544,0,0,1,3,0,0,0,0,0,0,0.14385892116182572
4590,ìnÁ≥óDî¸,6,36,1,5,7,0.14527777777777778,0,0,0,1,0,0,0,0,0,0,0.14385892116182572
4592,è¨ó—çFçO,1,36,14,7,6,0.13,13,0,0,0,1,0,13,3,4,0,0.16508474576271187
4592,è¨ó—çFçO,2,41,2,9,6,0.17609756097560975,0,2,0,0,0,0,0,0,0,25,0.16508474576271187
4592,è¨ó—çFçO,3,46,2,11,4,0.16282608695652173,0,0,0,1,1,0,0,0,0,0,0.16508474576271187
4592,è¨ó—çFçO,4,37,4,3,8,0.17162162162162165,0,0,0,4,0,0,0,0,0,0,0.16508474576271187
4592,è¨ó—çFçO,5,43,2,1,8,0.17837209302325582,0,1,0,1,0,0,0,0,0,0,0.16508474576271187
4592,è¨ó—çFçO,6,33,0,1,7,0.16818181818181818,0,0,0,0,0,0,0,0,0,0,0.16508474576271187
4593,è¨ç‚è@éi,1,35,27,6,0,0.10142857142857144,26,0,0,0,1,0,2,1,5,0,0.12855855855855855
4593,è¨ç‚è@éi,2,43,8,13,8,0.11348837209302326,0,1,5,0,2,0,0,0,0,17,0.12855855855855855
4593,è¨ç‚è@éi,3,35,5,9,9,0.14142857142857143,0,1,3,0,1,0,0,0,0,0,0.12855855855855855
4593,è¨ç‚è@éi,4,37,5,6,14,0.13216216216216214,0,1,2,2,0,0,0,0,0,0,0.12855855855855855
4593,è¨ç‚è@éi,5,35,2,8,7,0.12857142857142856,0,0,1,1,0,0,0,0,0,0,0.12855855855855855
4593,è¨ç‚è@éi,6,37,0,2,7,0.15594594594594594,0,0,0,0,0,0,0,0,0,0,0.12855855855855855
4594,íJêÏóSàÍ,1,45,32,2,3,0.12466666666666668,32,0,0,0,0,0,2,7,1,0,0.14206349206349206
4594,íJêÏóSàÍ,2,45,8,15,11,0.14622222222222223,0,5,3,0,0,0,0,0,0,30,0.14206349206349206
4594,íJêÏóSàÍ,3,46,6,16,9,0.14478260869565218,0,1,2,1,2,0,0,0,0,0,0.14206349206349206
4594,íJêÏóSàÍ,4,39,8,7,6,0.14153846153846156,0,1,6,1,0,0,0,0,0,0,0.14206349206349206
4594,íJêÏóSàÍ,5,42,3,3,13,0.14547619047619048,0,1,2,0,0,0,0,0,0,0,0.14206349206349206
4594,íJêÏóSàÍ,6,35,6,1,6,0.152,0,1,0,4,0,1,0,0,0,0,0.14206349206349206
4596,äãå¥ëÂóz,1,35,17,9,4,0.14485714285714288,15,0,0,0,2,0,8,1,6,0,0.1579399141630901
4596,äãå¥ëÂóz,2,41,9,14,8,0.15829268292682927,0,6,3,0,0,0,0,0,0,21,0.1579399141630901
4596,äãå¥ëÂóz,3,42,5,8,6,0.14833333333333334,0,0,3,2,0,0,0,0,0,0,0.1579399141630901
4596,äãå¥ëÂóz,4,43,6,6,9,0.16837209302325581,0,0,3,2,1,0,0,0,0,0,0.1579399141630901
4596,äãå¥ëÂóz,5,37,2,7,8,0.1618918918918919,0,0,0,2,0,0,0,0,0,0,0.1579399141630901
4596,äãå¥ëÂóz,6,35,1,2,8,0.16514285714285715,0,0,0,1,0,0,0,0,0,0,0.1579399141630901
4598,â¡ì°ê≠ïF,1,45,25,6,6,0.14066666666666666,25,0,0,0,0,0,4,9,5,0,0.16690376569037657
4598,â¡ì°ê≠ïF,2,31,7,11,6,0.1429032258064516,0,6,1,0,0,0,0,0,0,16,0.16690376569037657
4598,â¡ì°ê≠ïF,3,45,5,12,15,0.15777777777777777,0,0,1,1,3,0,0,0,0,0,0.16690376569037657
4598,â¡ì°ê≠ïF,4,45,7,12,11,0.18666666666666668,0,1,2,3,1,0,0,0,0,0,0.16690376569037657
4598,â¡ì°ê≠ïF,5,34,6,5,7,0.17882352941176471,0,1,1,2,2,0,0,0,0,0,0.16690376569037657
4598,â¡ì°ê≠ïF,6,39,1,3,6,0.1935897435897436,0,0,0,1,0,0,0,0,0,0,0.16690376569037657
4600,à‰ì‡è´ëæòY,1,57,40,10,1,0.14245614035087717,35,0,0,0,5,0,6,5,2,0,0.14240549828178695
4600,à‰ì‡è´ëæòY,2,42,4,18,11,0.14142857142857143,0,3,1,0,0,0,0,0,0,26,0.14240549828178695
4600,à‰ì‡è´ëæòY,3,55,6,17,13,0.12818181818181817,0,1,1,3,0,1,0,0,0,0,0.14240549828178695
4600,à‰ì‡è´ëæòY,4,52,5,13,12,0.15096153846153848,0,1,1,1,2,0,0,0,0,0,0.14240549828178695
4600,à‰ì‡è´ëæòY,5,42,3,8,14,0.12452380952380954,0,1,0,2,0,0,0,0,0,0,0.14240549828178695
4600,à‰ì‡è´ëæòY,6,43,1,2,9,0.1686046511627907,0,0,0,1,0,0,0,0,0,0,0.14240549828178695
4601,êXñÏê≥çO,1,49,32,6,4,0.15448979591836734,31,0,0,0,1,0,3,5,5,0,0.15049107142857143
4601,êXñÏê≥çO,2,33,4,17,8,0.15303030303030302,0,2,2,0,0,0,0,0,0,22,0.15049107142857143
4601,êXñÏê≥çO,3,36,8,12,5,0.1288888888888889,0,2,2,3,1,0,0,0,0,0,0.15049107142857143
4601,êXñÏê≥çO,4,40,7,6,9,0.15525,0,5,2,0,0,0,0,0,0,0,0.15049107142857143
4601,êXñÏê≥çO,5,29,1,6,5,0.15344827586206897,0,0,0,1,0,0,0,0,0,0,0.15049107142857143
4601,êXñÏê≥çO,6,37,1,4,11,0.1564864864864865,0,0,0,1,0,0,0,0,0,0,0.15049107142857143
4603,íJêÏè´ëæ,1,31,17,5,3,0.15677419354838712,16,0,0,0,1,0,0,7,4,0,0.15986111111111112
4603,íJêÏè´ëæ,2,39,2,12,5,0.1553846153846154,0,0,0,0,2,0,0,0,0,23,0.15986111111111112
4603,íJêÏè´ëæ,3,38,6,7,3,0.15263157894736842,0,0,1,5,0,0,0,0,0,0,0.15986111111111112
4603,íJêÏè´ëæ,4,37,4,5,6,0.17135135135135135,0,0,2,1,1,0,0,0,0,0,0.15986111111111112
4603,íJêÏè´ëæ,5,37,1,2,5,0.16432432432432434,0,0,1,0,0,0,0,0,0,0,0.15986111111111112
4603,íJêÏè´ëæ,6,34,1,2,6,0.15852941176470586,0,0,0,1,0,0,0,0,0,0,0.15986111111111112
4604,ä‚ê£óTó∫,1,69,57,5,4,0.11101449275362318,56,0,0,0,1,0,1,5,4,0,0.1400709219858156
4604,ä‚ê£óTó∫,2,44,10,12,14,0.1534090909090909,0,9,0,0,1,0,0,0,0,22,0.1400709219858156
4604,ä‚ê£óTó∫,3,42,5,16,8,0.13833333333333334,0,0,0,2,3,0,0,0,0,0,0.1400709219858156
4604,ä‚ê£óTó∫,4,47,2,12,16,0.1478723404255319,0,2,0,0,0,0,0,0,0,0,0.1400709219858156
4604,ä‚ê£óTó∫,5,39,5,4,11,0.15769230769230771,0,1,0,3,1,0,0,0,0,0,0.1400709219858156
4604,ä‚ê£óTó∫,6,41,2,6,11,0.15073170731707317,0,0,0,2,0,0,0,0,0,0,0.1400709219858156
4605,êXê¢ó¢,1,9,5,0,0,0.17222222222222222,5,0,0,0,0,0,1,3,0,0,0.1681159420289855
4605,êXê¢ó¢,2,13,2,3,3,0.1469230769230769,0,1,0,0,0,1,0,0,0,8,0.1681159420289855
4605,êXê¢ó¢,3,15,1,4,5,0.15,0,0,1,0,0,0,0,0,0,0,0.1681159420289855
4605,êXê¢ó¢,4,11,1,1,1,0.1981818181818182,0,0,0,1,0,0,0,0,0,0,0.1681159420289855
4605,êXê¢ó¢,5,12,2,0,4,0.18166666666666667,0,0,1,1,0,0,0,0,0,0,0.1681159420289855
4605,êXê¢ó¢,6,9,0,0,0,0.17,0,0,0,0,0,0,0,0,0,0,0.1681159420289855
4607,íﬂìcóEóY,1,34,18,7,3,0.19294117647058825,12,0,0,0,6,0,6,5,4,0,0.1833181818181818
4607,íﬂìcóEóY,2,41,4,10,7,0.1851219512195122,0,0,2,0,2,0,0,0,0,19,0.1833181818181818
4607,íﬂìcóEóY,3,39,2,9,11,0.17461538461538462,0,0,1,1,0,0,0,0,0,0,0.1833181818181818
4607,íﬂìcóEóY,4,37,3,5,10,0.19432432432432434,0,1,0,2,0,0,0,0,0,0,0.1833181818181818
4607,íﬂìcóEóY,5,38,0,4,11,0.1794736842105263,0,0,0,0,0,0,0,0,0,0,0.1833181818181818
4607,íﬂìcóEóY,6,31,0,2,12,0.17290322580645162,0,0,0,0,0,0,0,0,0,0,0.1833181818181818
4608,çrà‰„ƒåﬁ,1,51,29,11,5,0.15176470588235294,28,0,0,0,1,0,7,8,5,0,0.17365671641791044
4608,çrà‰„ƒåﬁ,2,42,7,14,12,0.17547619047619048,0,3,3,0,1,0,0,0,0,22,0.17365671641791044
4608,çrà‰„ƒåﬁ,3,50,7,16,12,0.1732,0,0,5,1,1,0,0,0,0,0,0.17365671641791044
4608,çrà‰„ƒåﬁ,4,46,4,11,12,0.17456521739130434,0,0,4,0,0,0,0,0,0,0,0.17365671641791044
4608,çrà‰„ƒåﬁ,5,35,4,6,6,0.16914285714285715,0,1,1,1,1,0,0,0,0,0,0.17365671641791044
4608,çrà‰„ƒåﬁ,6,44,1,5,11,0.20045454545454547,0,1,0,0,0,0,0,0,0,0,0.17365671641791044
4610,ç≤ì°ëÂóC,1,48,27,7,5,0.193125,27,0,0,0,0,0,1,13,4,0,0.17980392156862746
4610,ç≤ì°ëÂóC,2,50,14,12,4,0.1822,1,5,8,0,0,0,0,0,0,20,0.17980392156862746
4610,ç≤ì°ëÂóC,3,41,11,11,8,0.16682926829268294,0,0,8,2,1,0,0,0,0,0,0.17980392156862746
4610,ç≤ì°ëÂóC,4,39,15,5,7,0.16666666666666666,0,3,9,2,1,0,0,0,0,0,0.17980392156862746
4610,ç≤ì°ëÂóC,5,36,4,9,10,0.18333333333333335,0,0,2,2,0,0,0,0,0,0,0.17980392156862746
4610,ç≤ì°ëÂóC,6,41,6,5,12,0.18365853658536585,0,0,5,1,0,0,0,0,0,0,0.17980392156862746
4611,ç°à‰î¸àü,1,23,13,5,0,0.12739130434782608,13,0,0,0,0,0,3,5,1,0,0.15246987951807228
4611,ç°à‰î¸àü,2,27,3,7,4,0.13703703703703704,0,0,2,0,0,1,0,0,0,15,0.15246987951807228
4611,ç°à‰î¸àü,3,29,5,7,4,0.11551724137931035,0,0,2,2,1,0,0,0,0,0,0.15246987951807228
4611,ç°à‰î¸àü,4,26,3,4,6,0.19,0,0,2,1,0,0,0,0,0,0,0.15246987951807228
4611,ç°à‰î¸àü,5,27,2,1,6,0.1614814814814815,0,0,0,2,0,0,0,0,0,0,0.15246987951807228
4611,ç°à‰î¸àü,6,34,1,1,9,0.1773529411764706,0,0,0,1,0,0,0,0,0,0,0.15246987951807228
4614,êŒëqómçs,1,73,54,8,4,0.12301369863013699,51,0,0,0,3,0,5,7,5,0,0.11796610169491524
4614,êŒëqómçs,2,50,11,23,9,0.124,1,6,3,0,1,0,0,0,0,29,0.11796610169491524
4614,êŒëqómçs,3,50,17,14,9,0.12040000000000001,0,2,10,4,1,0,0,0,0,0,0.11796610169491524
4614,êŒëqómçs,4,50,11,15,11,0.10279999999999999,0,3,5,0,1,2,0,0,0,0,0.11796610169491524
4614,êŒëqómçs,5,40,3,12,11,0.12525,0,0,0,3,0,0,0,0,0,0,0.11796610169491524
4614,êŒëqómçs,6,32,6,6,5,0.1078125,0,2,0,2,2,0,0,0,0,0,0.11796610169491524
4615,î¬ëqì÷éj,1,30,8,8,7,0.18966666666666665,8,0,0,0,0,0,6,10,4,0,0.19528497409326423
4615,î¬ëqì÷éj,2,31,2,7,4,0.20419354838709677,0,2,0,0,0,0,0,0,0,18,0.19528497409326423
4615,î¬ëqì÷éj,3,36,2,5,6,0.17555555555555558,0,0,1,1,0,0,0,0,0,0,0.19528497409326423
4615,î¬ëqì÷éj,4,30,2,7,5,0.1716666666666667,0,1,0,0,1,0,0,0,0,0,0.19528497409326423
4615,î¬ëqì÷éj,5,32,1,4,10,0.2003125,0,0,0,1,0,0,0,0,0,0,0.19528497409326423
4615,î¬ëqì÷éj,6,34,0,2,5,0.22911764705882354,0,0,0,0,0,0,0,0,0,0,0.19528497409326423
4618,îTë∫çNóF,1,39,24,6,7,0.1676923076923077,22,0,0,0,2,0,4,5,5,0,0.183625
4618,îTë∫çNóF,2,40,2,13,12,0.1995,0,2,0,0,0,0,0,0,0,23,0.183625
4618,îTë∫çNóF,3,42,3,11,10,0.17833333333333334,0,0,0,3,0,0,0,0,0,0,0.183625
4618,îTë∫çNóF,4,45,5,5,7,0.18644444444444447,0,1,2,1,1,0,0,0,0,0,0.183625
4618,îTë∫çNóF,5,41,5,3,8,0.18414634146341463,0,0,0,5,0,0,0,0,0,0,0.183625
4618,îTë∫çNóF,6,33,2,1,5,0.18545454545454546,0,2,0,0,0,0,0,0,0,0,0.183625
4619,ïöìcóTó≤,1,17,5,8,1,0.14764705882352944,4,0,1,0,0,0,6,0,5,0,0.18054794520547945
4619,ïöìcóTó≤,2,21,3,5,4,0.16476190476190475,0,1,1,0,1,0,0,0,0,10,0.18054794520547945
4619,ïöìcóTó≤,3,24,7,4,3,0.1779166666666667,0,0,5,2,0,0,0,0,0,0,0.18054794520547945
4619,ïöìcóTó≤,4,18,1,6,1,0.18055555555555555,0,1,0,0,0,0,0,0,0,0,0.18054794520547945
4619,ïöìcóTó≤,5,22,2,0,8,0.1640909090909091,0,0,1,1,0,0,0,0,0,0,0.18054794520547945
4619,ïöìcóTó≤,6,44,5,2,5,0.21045454545454545,0,0,3,0,2,0,0,0,0,0,0.18054794520547945
4623,íÜñkè´éj,1,30,15,6,3,0.16233333333333333,11,0,0,0,4,0,5,5,4,0,0.17548387096774193
4623,íÜñkè´éj,2,41,3,10,7,0.17634146341463416,0,2,1,0,0,0,0,0,0,21,0.17548387096774193
4623,íÜñkè´éj,3,36,2,10,9,0.15777777777777777,0,1,1,0,0,0,0,0,0,0,0.17548387096774193
4623,íÜñkè´éj,4,37,1,6,8,0.18081081081081082,0,1,0,0,0,0,0,0,0,0,0.17548387096774193
4623,íÜñkè´éj,5,41,1,5,7,0.1821951219512195,0,0,0,0,1,0,0,0,0,0,0.17548387096774193
4623,íÜñkè´éj,6,32,0,1,7,0.191875,0,0,0,0,0,0,0,0,0,0,0.17548387096774193
4624,çÇìcñæ,1,33,23,5,2,0.1603030303030303,22,0,0,0,1,0,3,2,5,0,0.1669398907103825
4624,çÇìcñæ,2,28,6,6,3,0.13892857142857143,0,2,3,0,1,0,0,0,0,16,0.1669398907103825
4624,çÇìcñæ,3,30,4,6,4,0.166,0,0,3,1,0,0,0,0,0,0,0.1669398907103825
4624,çÇìcñæ,4,33,2,7,4,0.17272727272727273,0,1,1,0,0,0,0,0,0,0,0.1669398907103825
4624,çÇìcñæ,5,29,2,3,8,0.17206896551724138,0,0,1,1,0,0,0,0,0,0,0.1669398907103825
4624,çÇìcñæ,6,30,1,2,1,0.19,0,0,0,1,0,0,0,0,0,0,0.1669398907103825
4625,ìnÁ≤óTãM,1,29,9,6,3,0.1482758620689655,8,0,0,0,1,0,6,1,9,0,0.15782828282828282
4625,ìnÁ≤óTãM,2,37,4,8,4,0.1602702702702703,0,0,3,0,1,0,0,0,0,14,0.15782828282828282
4625,ìnÁ≤óTãM,3,37,2,6,6,0.1589189189189189,0,0,1,0,1,0,0,0,0,0,0.15782828282828282
4625,ìnÁ≤óTãM,4,32,3,2,4,0.150625,0,0,2,0,1,0,0,0,0,0,0.15782828282828282
4625,ìnÁ≤óTãM,5,35,4,2,5,0.15828571428571428,0,0,4,0,0,0,0,0,0,0,0.15782828282828282
4625,ìnÁ≤óTãM,6,28,1,1,5,0.17071428571428574,0,0,0,1,0,0,0,0,0,0,0.15782828282828282
4626,à…ì°çhèÕ,1,22,8,4,4,0.13954545454545453,8,0,0,0,0,0,3,2,6,0,0.176
4626,à…ì°çhèÕ,2,34,4,6,10,0.15147058823529413,0,2,2,0,0,0,0,0,0,15,0.176
4626,à…ì°çhèÕ,3,26,4,5,3,0.1853846153846154,0,1,2,0,1,0,0,0,0,0,0.176
4626,à…ì°çhèÕ,4,29,2,4,3,0.17689655172413793,0,1,0,0,1,0,0,0,0,0,0.176
4626,à…ì°çhèÕ,5,31,3,5,4,0.1806451612903226,0,0,1,1,1,0,0,0,0,0,0.176
4626,à…ì°çhèÕ,6,18,0,1,4,0.24388888888888893,0,0,0,0,0,0,0,0,0,0,0.176
4627,ì°å¥çÿäÛ,1,41,33,4,4,0.11463414634146342,32,0,0,0,1,0,4,2,2,0,0.14161434977578477
4627,ì°å¥çÿäÛ,2,45,17,10,7,0.15,1,6,8,0,2,0,0,0,0,21,0.14161434977578477
4627,ì°å¥çÿäÛ,3,36,6,11,6,0.1336111111111111,0,0,0,5,1,0,0,0,0,0,0.14161434977578477
4627,ì°å¥çÿäÛ,4,33,8,10,6,0.12848484848484848,0,1,3,4,0,0,0,0,0,0,0.14161434977578477
4627,ì°å¥çÿäÛ,5,36,8,5,9,0.1627777777777778,0,1,0,6,1,0,0,0,0,0,0.14161434977578477
4627,ì°å¥çÿäÛ,6,32,3,10,5,0.163125,0,2,0,0,1,0,0,0,0,0,0.14161434977578477
4630,ä‚âiâÎêl,1,41,15,7,7,0.2004878048780488,15,0,0,0,0,0,6,13,4,0,0.19898617511520736
4630,ä‚âiâÎêl,2,37,10,4,7,0.20486486486486485,0,6,0,2,2,0,0,0,0,14,0.19898617511520736
4630,ä‚âiâÎêl,3,38,4,10,5,0.19710526315789476,0,1,0,2,1,0,0,0,0,0,0.19898617511520736
4630,ä‚âiâÎêl,4,32,2,5,4,0.193125,0,0,2,0,0,0,0,0,0,0,0.19898617511520736
4630,ä‚âiâÎêl,5,32,2,3,10,0.174375,0,0,0,2,0,0,0,0,0,0,0.19898617511520736
4630,ä‚âiâÎêl,6,37,0,2,6,0.21972972972972976,0,0,0,0,0,0,0,0,0,0,0.19898617511520736
4631,êVà‰âpçF,1,20,10,3,3,0.136,10,0,0,0,0,0,4,1,1,0,0.17937062937062936
4631,êVà‰âpçF,2,19,2,6,3,0.12263157894736842,0,1,1,0,0,0,0,0,0,9,0.17937062937062936
4631,êVà‰âpçF,3,27,0,4,3,0.16666666666666666,0,0,0,0,0,0,0,0,0,0,0.17937062937062936
4631,êVà‰âpçF,4,21,0,5,4,0.19857142857142857,0,0,0,0,0,0,0,0,0,0,0.17937062937062936
4631,êVà‰âpçF,5,29,2,2,5,0.20413793103448274,0,0,2,0,0,0,0,0,0,0,0.17937062937062936
4631,êVà‰âpçF,6,27,1,1,4,0.2225925925925926,0,0,0,1,0,0,0,0,0,0,0.17937062937062936
4632,í∑îˆãûéuòY,1,24,10,6,4,0.14291666666666666,10,0,0,0,0,0,2,5,3,0,0.16316582914572864
4632,í∑îˆãûéuòY,2,32,3,11,3,0.185,0,0,3,0,0,0,0,0,0,20,0.16316582914572864
4632,í∑îˆãûéuòY,3,40,5,4,11,0.16725,0,1,2,1,0,1,0,0,0,0,0.16316582914572864
4632,í∑îˆãûéuòY,4,36,1,8,7,0.16194444444444445,0,0,1,0,0,0,0,0,0,0,0.16316582914572864
4632,í∑îˆãûéuòY,5,33,3,3,5,0.13424242424242425,0,1,0,0,2,0,0,0,0,0,0.16316582914572864
4632,í∑îˆãûéuòY,6,34,1,1,8,0.1814705882352941,0,0,0,0,0,1,0,0,0,0,0.16316582914572864
4633,êXíqñÁ,1,46,19,15,7,0.13869565217391305,19,0,0,0,0,0,10,4,9,0,0.1656060606060606
4633,êXíqñÁ,2,39,3,12,7,0.15923076923076923,0,3,0,0,0,0,0,0,0,20,0.1656060606060606
4633,êXíqñÁ,3,46,5,9,13,0.14130434782608695,0,2,2,0,1,0,0,0,0,0,0.1656060606060606
4633,êXíqñÁ,4,50,2,8,8,0.1696,0,0,2,0,0,0,0,0,0,0,0.1656060606060606
4633,êXíqñÁ,5,43,1,1,8,0.1927906976744186,0,0,1,0,0,0,0,0,0,0,0.1656060606060606
4633,êXíqñÁ,6,40,0,2,9,0.1965,0,0,0,0,0,0,0,0,0,0,0.1656060606060606
4635,ïÙèdóÕñÁ,1,19,10,4,1,0.1394736842105263,9,0,0,0,0,1,2,2,4,0,0.12625766871165645
4635,ïÙèdóÕñÁ,2,32,5,7,3,0.1246875,0,3,2,0,0,0,0,0,0,18,0.12625766871165645
4635,ïÙèdóÕñÁ,3,34,3,9,5,0.12794117647058822,0,0,0,3,0,0,0,0,0,0,0.12625766871165645
4635,ïÙèdóÕñÁ,4,29,1,7,4,0.13586206896551725,0,0,0,1,0,0,0,0,0,0,0.12625766871165645
4635,ïÙèdóÕñÁ,5,25,1,1,3,0.128,0,0,0,1,0,0,0,0,0,0,0.12625766871165645
4635,ïÙèdóÕñÁ,6,24,0,2,0,0.10208333333333335,0,0,0,0,0,0,0,0,0,0,0.12625766871165645
4636,ê‘írèCïΩ,1,25,6,5,5,0.1912,5,0,0,0,1,0,2,10,5,0,0.18327868852459017
4636,ê‘írèCïΩ,2,33,2,6,3,0.16545454545454547,0,0,2,0,0,0,0,0,0,17,0.18327868852459017
4636,ê‘írèCïΩ,3,36,2,7,5,0.1788888888888889,0,0,2,0,0,0,0,0,0,0,0.18327868852459017
4636,ê‘írèCïΩ,4,28,2,3,2,0.15571428571428572,0,0,2,0,0,0,0,0,0,0,0.18327868852459017
4636,ê‘írèCïΩ,5,31,0,4,3,0.19741935483870968,0,0,0,0,0,0,0,0,0,0,0.18327868852459017
4636,ê‘írèCïΩ,6,30,1,0,2,0.21266666666666667,0,0,0,1,0,0,0,0,0,0,0.18327868852459017
4637,íÜìcóFñÁ,1,21,10,3,4,0.16904761904761906,10,0,0,0,0,0,1,6,1,0,0.18901840490797545
4637,íÜìcóFñÁ,2,28,1,6,4,0.1882142857142857,0,1,0,0,0,0,0,0,0,14,0.18901840490797545
4637,íÜìcóFñÁ,3,28,1,5,10,0.17821428571428571,0,0,1,0,0,0,0,0,0,0,0.18901840490797545
4637,íÜìcóFñÁ,4,28,3,6,12,0.18571428571428572,0,1,1,1,0,0,0,0,0,0,0.18901840490797545
4637,íÜìcóFñÁ,5,29,1,4,6,0.18448275862068964,0,1,0,0,0,0,0,0,0,0,0.18901840490797545
4637,íÜìcóFñÁ,6,29,0,1,6,0.22241379310344828,0,0,0,0,0,0,0,0,0,0,0.18901840490797545
4638,è¨ó—ó…ëæ,1,31,13,10,0,0.16548387096774192,10,0,0,0,3,0,4,4,9,0,0.1817982456140351
4638,è¨ó—ó…ëæ,2,45,7,13,11,0.18511111111111112,0,5,0,1,0,1,0,0,0,21,0.1817982456140351
4638,è¨ó—ó…ëæ,3,37,3,8,6,0.16864864864864865,0,0,2,1,0,0,0,0,0,0,0.1817982456140351
4638,è¨ó—ó…ëæ,4,40,2,3,10,0.17875000000000002,0,0,0,2,0,0,0,0,0,0,0.1817982456140351
4638,è¨ó—ó…ëæ,5,37,0,5,6,0.18351351351351353,0,0,0,0,0,0,0,0,0,0,0.1817982456140351
4638,è¨ó—ó…ëæ,6,38,0,4,5,0.20552631578947367,0,0,0,0,0,0,0,0,0,0,0.1817982456140351
4639,éGâÍóEãM,1,27,16,4,3,0.1622222222222222,13,0,0,0,3,0,6,5,0,0,0.174180790960452
4639,éGâÍóEãM,2,31,3,7,4,0.16548387096774192,0,2,1,0,0,0,0,0,0,17,0.174180790960452
4639,éGâÍóEãM,3,29,4,9,7,0.1503448275862069,0,0,4,0,0,0,0,0,0,0,0.174180790960452
4639,éGâÍóEãM,4,25,3,3,2,0.1892,0,0,2,0,1,0,0,0,0,0,0.174180790960452
4639,éGâÍóEãM,5,38,1,5,3,0.19131578947368422,0,1,0,0,0,0,0,0,0,0,0.174180790960452
4639,éGâÍóEãM,6,27,2,3,4,0.1837037037037037,0,1,1,0,0,0,0,0,0,0,0.174180790960452
4640,éRÉmì‡âÎêl,1,45,26,11,2,0.12955555555555556,25,0,0,0,1,0,9,5,4,0,0.1395258620689655
4640,éRÉmì‡âÎêl,2,39,9,12,7,0.1371794871794872,0,5,3,0,0,1,0,0,0,17,0.1395258620689655
4640,éRÉmì‡âÎêl,3,36,6,12,11,0.12361111111111112,0,3,2,0,1,0,0,0,0,0,0.1395258620689655
4640,éRÉmì‡âÎêl,4,37,7,8,7,0.13945945945945945,0,0,6,1,0,0,0,0,0,0,0.1395258620689655
4640,éRÉmì‡âÎêl,5,39,2,5,8,0.13717948717948716,0,0,1,1,0,0,0,0,0,0,0.1395258620689655
4640,éRÉmì‡âÎêl,6,36,0,3,2,0.17305555555555557,0,0,0,0,0,0,0,0,0,0,0.1395258620689655
4641,àÈë∫è†,1,25,12,3,1,0.1232,12,0,0,0,0,0,6,4,1,0,0.16634146341463416
4641,àÈë∫è†,2,29,5,7,11,0.16793103448275862,0,2,2,0,1,0,0,0,0,15,0.16634146341463416
4641,àÈë∫è†,3,27,5,1,7,0.14592592592592593,0,0,3,2,0,0,0,0,0,0,0.16634146341463416
4641,àÈë∫è†,4,27,3,2,5,0.18481481481481482,0,1,0,1,1,0,0,0,0,0,0.16634146341463416
4641,àÈë∫è†,5,27,1,1,4,0.17777777777777778,0,0,0,1,0,0,0,0,0,0,0.16634146341463416
4641,àÈë∫è†,6,29,0,1,4,0.19310344827586207,0,0,0,0,0,0,0,0,0,0,0.16634146341463416
4642,èºîˆâƒäC,1,29,24,2,1,0.15068965517241378,23,0,0,0,1,0,2,0,1,0,0.15
4642,èºîˆâƒäC,2,26,8,8,0,0.14038461538461539,0,6,1,0,1,0,0,0,0,12,0.15
4642,èºîˆâƒäC,3,22,3,8,2,0.16136363636363635,0,1,0,2,0,0,0,0,0,0,0.15
4642,èºîˆâƒäC,4,26,4,5,5,0.1469230769230769,0,3,0,1,0,0,0,0,0,0,0.15
4642,èºîˆâƒäC,5,21,2,4,5,0.1442857142857143,0,1,1,0,0,0,0,0,0,0,0.15
4642,èºîˆâƒäC,6,19,0,5,1,0.15947368421052632,0,0,0,0,0,0,0,0,0,0,0.15
4643,ãﬂç]„ƒå·,1,55,48,1,3,0.11327272727272727,45,0,0,0,3,0,4,1,1,0,0.13842794759825328
4643,ãﬂç]„ƒå·,2,37,6,13,6,0.14135135135135135,0,2,3,0,1,0,0,0,0,21,0.13842794759825328
4643,ãﬂç]„ƒå·,3,37,10,8,6,0.14783783783783783,0,3,4,3,0,0,0,0,0,0,0.13842794759825328
4643,ãﬂç]„ƒå·,4,32,10,9,6,0.1178125,0,2,6,2,0,0,0,0,0,0,0.13842794759825328
4643,ãﬂç]„ƒå·,5,31,3,4,8,0.15258064516129033,0,0,1,2,0,0,0,0,0,0,0.13842794759825328
4643,ãﬂç]„ƒå·,6,37,1,5,8,0.16945945945945948,0,1,0,0,0,0,0,0,0,0,0.13842794759825328
4644,éRìcó∫ëæ,1,37,23,7,3,0.1445945945945946,20,0,0,0,2,1,2,5,5,0,0.15232758620689657
4644,éRìcó∫ëæ,2,40,9,13,5,0.15225,0,6,1,0,1,1,0,0,0,16,0.15232758620689657
4644,éRìcó∫ëæ,3,42,5,8,17,0.16428571428571428,0,0,3,2,0,0,0,0,0,0,0.15232758620689657
4644,éRìcó∫ëæ,4,43,5,8,7,0.15837209302325583,0,1,4,0,0,0,0,0,0,0,0.15232758620689657
4644,éRìcó∫ëæ,5,37,7,3,10,0.1502702702702703,0,0,2,5,0,0,0,0,0,0,0.15232758620689657
4644,éRìcó∫ëæ,6,33,3,6,9,0.1403030303030303,0,0,0,3,0,0,0,0,0,0,0.15232758620689657
4645,è„ë∫èÉàÍ,1,56,38,6,3,0.15142857142857144,36,0,1,0,1,0,5,8,4,0,0.13794007490636703
4645,è„ë∫èÉàÍ,2,41,9,18,5,0.12853658536585366,0,8,1,0,0,0,0,0,0,20,0.13794007490636703
4645,è„ë∫èÉàÍ,3,40,5,12,5,0.12775,0,0,2,3,0,0,0,0,0,0,0.13794007490636703
4645,è„ë∫èÉàÍ,4,48,16,8,6,0.12958333333333333,0,2,9,3,1,1,0,0,0,0,0.13794007490636703
4645,è„ë∫èÉàÍ,5,38,3,5,9,0.13421052631578947,0,0,1,2,0,0,0,0,0,0,0.13794007490636703
4645,è„ë∫èÉàÍ,6,44,1,6,11,0.15113636363636365,0,1,0,0,0,0,0,0,0,0,0.13794007490636703
4648,ñÿë∫ó∫ëæ,1,37,15,10,7,0.1310810810810811,15,0,0,0,0,0,9,7,5,0,0.15577272727272728
4648,ñÿë∫ó∫ëæ,2,35,4,3,12,0.16542857142857142,0,2,1,0,1,0,0,0,0,20,0.15577272727272728
4648,ñÿë∫ó∫ëæ,3,36,3,6,13,0.14027777777777778,0,1,1,1,0,0,0,0,0,0,0.15577272727272728
4648,ñÿë∫ó∫ëæ,4,37,4,4,9,0.16621621621621624,0,0,0,3,1,0,0,0,0,0,0.15577272727272728
4648,ñÿë∫ó∫ëæ,5,39,1,3,10,0.16128205128205128,0,0,1,0,0,0,0,0,0,0,0.15577272727272728
4648,ñÿë∫ó∫ëæ,6,36,0,2,8,0.17055555555555554,0,0,0,0,0,0,0,0,0,0,0.15577272727272728
4649,òaìcëÄëÒ,1,41,25,7,2,0.13219512195121952,22,0,0,0,3,0,3,2,9,0,0.1267391304347826
4649,òaìcëÄëÒ,2,34,6,10,5,0.14176470588235296,0,4,2,0,0,0,0,0,0,17,0.1267391304347826
4649,òaìcëÄëÒ,3,41,4,10,9,0.13097560975609757,0,0,1,1,2,0,0,0,0,0,0.1267391304347826
4649,òaìcëÄëÒ,4,41,1,12,12,0.12048780487804879,0,0,1,0,0,0,0,0,0,0,0.1267391304347826
4649,òaìcëÄëÒ,5,35,4,4,5,0.11485714285714284,0,1,0,2,1,0,0,0,0,0,0.1267391304347826
4649,òaìcëÄëÒ,6,38,0,4,4,0.12052631578947369,0,0,0,0,0,0,0,0,0,0,0.1267391304347826
4650,íÜéRóYëæ,1,50,36,7,1,0.1536,36,0,0,0,0,0,1,5,5,0,0.15661417322834645
4650,íÜéRóYëæ,2,41,8,11,7,0.13853658536585364,0,4,3,0,0,1,0,0,0,23,0.15661417322834645
4650,íÜéRóYëæ,3,39,6,6,9,0.16230769230769232,0,0,2,0,4,0,0,0,0,0,0.15661417322834645
4650,íÜéRóYëæ,4,47,7,6,11,0.15340425531914895,0,1,4,1,1,0,0,0,0,0,0.15661417322834645
4650,íÜéRóYëæ,5,38,1,10,7,0.17026315789473684,0,0,0,0,1,0,0,0,0,0,0.15661417322834645
4650,íÜéRóYëæ,6,39,2,4,5,0.16435897435897437,0,0,0,2,0,0,0,0,0,0,0.15661417322834645
4651,ç≤ì°ëÂãR,1,18,11,1,1,0.175,11,0,0,0,0,0,1,5,1,0,0.16649122807017544
4651,ç≤ì°ëÂãR,2,30,3,8,4,0.15166666666666667,0,1,2,0,0,0,0,0,0,14,0.16649122807017544
4651,ç≤ì°ëÂãR,3,37,1,5,4,0.18675675675675676,0,0,0,1,0,0,0,0,0,0,0.16649122807017544
4651,ç≤ì°ëÂãR,4,33,3,4,1,0.16848484848484846,0,1,2,0,0,0,0,0,0,0,0.16649122807017544
4651,ç≤ì°ëÂãR,5,32,3,5,1,0.16593750000000002,0,0,0,3,0,0,0,0,0,0,0.16649122807017544
4651,ç≤ì°ëÂãR,6,21,0,4,3,0.14238095238095239,0,0,0,0,0,0,0,0,0,0,0.16649122807017544
4652,éå©èsâÓ,1,38,18,7,5,0.16105263157894736,18,0,0,0,0,0,7,3,7,0,0.16008163265306122
4652,éå©èsâÓ,2,43,6,15,11,0.17883720930232558,1,1,3,0,1,0,0,0,0,18,0.16008163265306122
4652,éå©èsâÓ,3,43,11,8,8,0.1574418604651163,0,1,7,1,2,0,0,0,0,0,0.16008163265306122
4652,éå©èsâÓ,4,47,10,11,7,0.1295744680851064,0,0,9,1,0,0,0,0,0,0,0.16008163265306122
4652,éå©èsâÓ,5,42,6,7,4,0.15761904761904763,0,0,6,0,0,0,0,0,0,0,0.16008163265306122
4652,éå©èsâÓ,6,32,2,0,6,0.1853125,0,0,2,0,0,0,0,0,0,0,0.16008163265306122
4653,è¨ñÏíBç∆,1,62,47,7,3,0.14483870967741935,42,0,1,0,4,0,3,5,5,0,0.14672597864768686
4653,è¨ñÏíBç∆,2,47,12,17,9,0.15021276595744681,0,9,3,0,0,0,0,0,0,25,0.14672597864768686
4653,è¨ñÏíBç∆,3,47,14,17,6,0.1427659574468085,0,2,7,4,1,0,0,0,0,0,0.14672597864768686
4653,è¨ñÏíBç∆,4,45,7,11,10,0.1317777777777778,0,0,5,1,1,0,0,0,0,0,0.14672597864768686
4653,è¨ñÏíBç∆,5,41,8,4,9,0.15000000000000002,1,0,1,5,1,0,0,0,0,0,0.14672597864768686
4653,è¨ñÏíBç∆,6,39,3,5,8,0.1641025641025641,0,1,0,2,0,0,0,0,0,0,0.14672597864768686
4654,é¬ìcóDñÁ,1,27,15,7,4,0.14925925925925926,15,0,0,0,0,0,3,2,7,0,0.15838323353293413
4654,é¬ìcóDñÁ,2,31,5,9,2,0.15774193548387097,0,3,2,0,0,0,0,0,0,16,0.15838323353293413
4654,é¬ìcóDñÁ,3,28,5,8,6,0.13999999999999999,0,0,1,3,1,0,0,0,0,0,0.15838323353293413
4654,é¬ìcóDñÁ,4,29,1,5,8,0.15586206896551721,0,1,0,0,0,0,0,0,0,0,0.15838323353293413
4654,é¬ìcóDñÁ,5,27,3,6,5,0.14555555555555555,0,0,0,3,0,0,0,0,0,0,0.15838323353293413
4654,é¬ìcóDñÁ,6,25,0,0,5,0.2064,0,0,0,0,0,0,0,0,0,0,0.15838323353293413
4656,ëÂçË„ƒ,1,38,12,11,6,0.13289473684210526,11,0,0,0,0,1,9,7,7,0,0.13626016260162602
4656,ëÂçË„ƒ,2,44,7,6,9,0.14,0,7,0,0,0,0,0,0,0,21,0.13626016260162602
4656,ëÂçË„ƒ,3,39,1,9,8,0.13692307692307693,0,0,0,1,0,0,0,0,0,0,0.13626016260162602
4656,ëÂçË„ƒ,4,45,4,8,11,0.13133333333333333,0,0,2,2,0,0,0,0,0,0,0.13626016260162602
4656,ëÂçË„ƒ,5,45,2,4,4,0.13266666666666665,0,0,2,0,0,0,0,0,0,0,0.13626016260162602
4656,ëÂçË„ƒ,6,35,1,4,2,0.14542857142857143,0,0,0,1,0,0,0,0,0,0,0.13626016260162602
4657,ç]çËàÍóY,1,43,27,10,3,0.13930232558139535,25,0,0,0,2,0,3,4,6,0,0.165662100456621
4657,ç]çËàÍóY,2,29,3,7,3,0.1617241379310345,0,0,2,0,1,0,0,0,0,16,0.165662100456621
4657,ç]çËàÍóY,3,41,7,4,8,0.1726829268292683,0,1,2,2,2,0,0,0,0,0,0.165662100456621
4657,ç]çËàÍóY,4,38,5,5,14,0.1568421052631579,0,0,3,2,0,0,0,0,0,0,0.165662100456621
4657,ç]çËàÍóY,5,32,2,7,9,0.1521875,0,0,0,2,0,0,0,0,0,0,0.165662100456621
4657,ç]çËàÍóY,6,36,1,4,4,0.2136111111111111,0,0,0,0,1,0,0,0,0,0,0.165662100456621
4659,ñÿâ∫„ƒëæ,1,60,43,6,3,0.15316666666666665,42,0,0,0,1,0,5,7,3,0,0.14385767790262174
4659,ñÿâ∫„ƒëæ,2,49,12,15,6,0.15224489795918367,1,4,3,1,3,0,0,0,0,24,0.14385767790262174
4659,ñÿâ∫„ƒëæ,3,40,12,12,5,0.134,0,1,2,6,3,0,0,0,0,0,0.14385767790262174
4659,ñÿâ∫„ƒëæ,4,46,5,9,14,0.1284782608695652,0,1,2,2,0,0,0,0,0,0,0.14385767790262174
4659,ñÿâ∫„ƒëæ,5,33,4,8,8,0.13696969696969696,0,0,0,3,1,0,0,0,0,0,0.14385767790262174
4659,ñÿâ∫„ƒëæ,6,39,2,3,10,0.15307692307692308,0,0,0,2,0,0,0,0,0,0,0.14385767790262174
4660,âFìcêÏêMàÍ,1,29,10,4,6,0.19034482758620688,10,0,0,0,0,0,5,3,9,0,0.2000947867298578
4660,âFìcêÏêMàÍ,2,39,4,9,8,0.19564102564102565,0,3,0,0,1,0,0,0,0,18,0.2000947867298578
4660,âFìcêÏêMàÍ,3,39,3,5,12,0.19230769230769232,0,1,1,1,0,0,0,0,0,0,0.2000947867298578
4660,âFìcêÏêMàÍ,4,36,0,6,2,0.2061111111111111,0,0,0,0,0,0,0,0,0,0,0.2000947867298578
4660,âFìcêÏêMàÍ,5,40,1,4,4,0.186,0,0,0,1,0,0,0,0,0,0,0.2000947867298578
4660,âFìcêÏêMàÍ,6,28,0,2,5,0.23964285714285713,0,0,0,0,0,0,0,0,0,0,0.2000947867298578
4661,íÜìáçVèÕ,1,42,21,9,8,0.14809523809523809,20,0,0,0,1,0,8,4,6,0,0.19216911764705882
4661,íÜìáçVèÕ,2,46,5,16,13,0.18152173913043476,0,5,0,0,0,0,0,0,0,28,0.19216911764705882
4661,íÜìáçVèÕ,3,54,2,16,21,0.19555555555555557,0,0,2,0,0,0,0,0,0,0,0.19216911764705882
4661,íÜìáçVèÕ,4,51,3,12,17,0.19745098039215686,0,2,0,0,1,0,0,0,0,0,0.19216911764705882
4661,íÜìáçVèÕ,5,48,0,3,17,0.213125,0,0,0,0,0,0,0,0,0,0,0.19216911764705882
4661,íÜìáçVèÕ,6,31,0,2,8,0.22064516129032258,0,0,0,0,0,0,0,0,0,0,0.19216911764705882
4662,ï–éRâÎóY,1,8,4,1,0,0.19875,3,0,0,0,1,0,1,2,0,0,0.21220338983050846
4662,ï–éRâÎóY,2,9,0,3,2,0.2111111111111111,0,0,0,0,0,0,0,0,0,6,0.21220338983050846
4662,ï–éRâÎóY,3,9,0,0,1,0.2622222222222222,0,0,0,0,0,0,0,0,0,0,0.21220338983050846
4662,ï–éRâÎóY,4,9,0,2,1,0.21666666666666667,0,0,0,0,0,0,0,0,0,0,0.21220338983050846
4662,ï–éRâÎóY,5,12,0,0,0,0.18500000000000003,0,0,0,0,0,0,0,0,0,0,0.21220338983050846
4662,ï–éRâÎóY,6,12,0,0,2,0.20833333333333334,0,0,0,0,0,0,0,0,0,0,0.21220338983050846
4663,ñ‡éRâ¿äx,1,29,9,7,5,0.13482758620689655,8,0,0,0,1,0,7,6,6,0,0.16724489795918368
4663,ñ‡éRâ¿äx,2,35,5,3,10,0.17685714285714288,0,3,2,0,0,0,0,0,0,20,0.16724489795918368
4663,ñ‡éRâ¿äx,3,34,1,4,11,0.16470588235294117,0,0,1,0,0,0,0,0,0,0,0.16724489795918368
4663,ñ‡éRâ¿äx,4,35,2,5,9,0.16428571428571428,0,1,0,1,0,0,0,0,0,0,0.16724489795918368
4663,ñ‡éRâ¿äx,5,35,1,4,6,0.18228571428571427,0,0,0,0,1,0,0,0,0,0,0.16724489795918368
4663,ñ‡éRâ¿äx,6,28,0,2,8,0.1767857142857143,0,0,0,0,0,0,0,0,0,0,0.16724489795918368
4664,ìåå˚çW,1,27,6,3,3,0.17185185185185184,5,0,0,0,1,0,7,5,8,0,0.1953953488372093
4664,ìåå˚çW,2,44,3,3,8,0.19386363636363635,0,3,0,0,0,0,0,0,0,26,0.1953953488372093
4664,ìåå˚çW,3,38,5,8,4,0.19263157894736843,0,0,4,1,0,0,0,0,0,0,0.1953953488372093
4664,ìåå˚çW,4,40,1,2,8,0.19,0,1,0,0,0,0,0,0,0,0,0.1953953488372093
4664,ìåå˚çW,5,33,2,1,3,0.19393939393939394,0,1,0,1,0,0,0,0,0,0,0.1953953488372093
4664,ìåå˚çW,6,33,0,1,3,0.2278787878787879,0,0,0,0,0,0,0,0,0,0,0.1953953488372093
4665,â¡ì°å[ëæ,1,16,4,3,2,0.16375,3,0,0,0,1,0,4,5,3,0,0.18069767441860468
4665,â¡ì°å[ëæ,2,26,3,6,4,0.175,0,1,2,0,0,0,0,0,0,12,0.18069767441860468
4665,â¡ì°å[ëæ,3,18,0,3,5,0.18944444444444444,0,0,0,0,0,0,0,0,0,0,0.18069767441860468
4665,â¡ì°å[ëæ,4,18,0,2,5,0.17222222222222222,0,0,0,0,0,0,0,0,0,0,0.18069767441860468
4665,â¡ì°å[ëæ,5,26,0,1,4,0.1803846153846154,0,0,0,0,0,0,0,0,0,0,0.18069767441860468
4665,â¡ì°å[ëæ,6,25,1,2,6,0.19760000000000003,0,0,0,1,0,0,0,0,0,0,0.18069767441860468
4666,ì˙ä}èüçO,1,24,15,1,2,0.15125,15,0,0,0,0,0,1,3,4,0,0.15377272727272726
4666,ì˙ä}èüçO,2,43,5,8,5,0.14581395348837212,0,4,1,0,0,0,0,0,0,23,0.15377272727272726
4666,ì˙ä}èüçO,3,38,2,8,9,0.15026315789473685,0,0,2,0,0,0,0,0,0,0,0.15377272727272726
4666,ì˙ä}èüçO,4,39,0,8,5,0.1512820512820513,0,0,0,0,0,0,0,0,0,0,0.15377272727272726
4666,ì˙ä}èüçO,5,44,1,3,3,0.1527272727272727,0,0,1,0,0,0,0,0,0,0,0.15377272727272726
4666,ì˙ä}èüçO,6,32,0,0,4,0.175,0,0,0,0,0,0,0,0,0,0,0.15377272727272726
4668,ìÌñ{çWék,1,12,2,3,3,0.13,2,0,0,0,0,0,3,4,2,0,0.18236559139784947
4668,ìÌñ{çWék,2,20,3,3,3,0.21400000000000002,0,1,2,0,0,0,0,0,0,8,0.18236559139784947
4668,ìÌñ{çWék,3,16,1,2,3,0.1625,0,0,0,1,0,0,0,0,0,0,0.18236559139784947
4668,ìÌñ{çWék,4,16,0,1,3,0.2,0,0,0,0,0,0,0,0,0,0,0.18236559139784947
4668,ìÌñ{çWék,5,16,0,0,3,0.1925,0,0,0,0,0,0,0,0,0,0,0.18236559139784947
4668,ìÌñ{çWék,6,13,0,1,2,0.17230769230769233,0,0,0,0,0,0,0,0,0,0,0.18236559139784947
4669,à‰è„ñŒ,1,29,14,7,2,0.13,12,0,0,0,2,0,5,7,3,0,0.17226495726495727
4669,à‰è„ñŒ,2,44,2,14,5,0.1781818181818182,0,0,2,0,0,0,0,0,0,22,0.17226495726495727
4669,à‰è„ñŒ,3,44,2,6,14,0.15159090909090908,0,0,1,1,0,0,0,0,0,0,0.17226495726495727
4669,à‰è„ñŒ,4,40,1,6,8,0.19224999999999998,0,1,0,0,0,0,0,0,0,0,0.17226495726495727
4669,à‰è„ñŒ,5,39,0,3,5,0.17846153846153845,0,0,0,0,0,0,0,0,0,0,0.17226495726495727
4669,à‰è„ñŒ,6,38,0,0,4,0.19421052631578947,0,0,0,0,0,0,0,0,0,0,0.17226495726495727
4672,éÁâÆëÂín,1,21,4,5,1,0.19428571428571428,4,0,0,0,0,0,7,5,2,0,0.2016184971098266
4672,éÁâÆëÂín,2,35,1,6,7,0.2042857142857143,0,0,1,0,0,0,0,0,0,16,0.2016184971098266
4672,éÁâÆëÂín,3,32,2,2,6,0.22625,0,0,1,0,1,0,0,0,0,0,0.2016184971098266
4672,éÁâÆëÂín,4,29,0,3,10,0.18344827586206897,0,0,0,0,0,0,0,0,0,0,0.2016184971098266
4672,éÁâÆëÂín,5,31,1,4,7,0.20548387096774193,0,0,0,1,0,0,0,0,0,0,0.2016184971098266
4672,éÁâÆëÂín,6,25,1,0,3,0.1888,0,0,1,0,0,0,0,0,0,0,0.2016184971098266
4674,írìcçÑãK,1,27,10,6,6,0.14592592592592593,9,0,0,0,1,0,9,3,3,0,0.15941747572815534
4674,írìcçÑãK,2,36,7,7,7,0.17055555555555554,0,6,1,0,0,0,0,0,0,13,0.15941747572815534
4674,írìcçÑãK,3,39,4,12,6,0.15794871794871795,0,0,3,1,0,0,0,0,0,0,0.15941747572815534
4674,írìcçÑãK,4,35,3,4,9,0.1514285714285714,0,0,2,0,0,1,0,0,0,0,0.15941747572815534
4674,írìcçÑãK,5,31,0,2,9,0.17483870967741935,0,0,0,0,0,0,0,0,0,0,0.15941747572815534
4674,írìcçÑãK,6,38,1,5,8,0.15473684210526314,0,0,0,1,0,0,0,0,0,0,0.15941747572815534
4675,à‰éËó«ëæ,1,35,16,11,3,0.17,15,0,0,0,1,0,6,6,4,0,0.13167512690355332
4675,à‰éËó«ëæ,2,34,5,12,4,0.12823529411764706,0,5,0,0,0,0,0,0,0,19,0.13167512690355332
4675,à‰éËó«ëæ,3,32,5,4,6,0.1190625,0,0,3,1,1,0,0,0,0,0,0.13167512690355332
4675,à‰éËó«ëæ,4,34,1,6,8,0.11735294117647059,0,0,1,0,0,0,0,0,0,0,0.13167512690355332
4675,à‰éËó«ëæ,5,30,1,1,4,0.13033333333333333,0,1,0,0,0,0,0,0,0,0,0.13167512690355332
4675,à‰éËó«ëæ,6,32,0,1,7,0.1225,0,0,0,0,0,0,0,0,0,0,0.13167512690355332
4676,å„ì°îπîV,1,29,15,6,3,0.16620689655172416,12,0,0,0,3,0,6,6,2,0,0.18085427135678392
4676,å„ì°îπîV,2,37,8,5,8,0.17783783783783785,0,3,4,1,0,0,0,0,0,18,0.18085427135678392
4676,å„ì°îπîV,3,32,3,11,5,0.1721875,0,0,1,2,0,0,0,0,0,0,0.18085427135678392
4676,å„ì°îπîV,4,31,3,4,6,0.19612903225806452,0,0,1,2,0,0,0,0,0,0,0.18085427135678392
4676,å„ì°îπîV,5,34,0,2,8,0.1902941176470588,0,0,0,0,0,0,0,0,0,0,0.18085427135678392
4676,å„ì°îπîV,6,36,1,1,8,0.1813888888888889,0,0,0,1,0,0,0,0,0,0,0.18085427135678392
4677,ï–ã¥çKãM,1,40,24,6,4,0.135,23,0,0,0,1,0,5,3,4,0,0.1542713567839196
4677,ï–ã¥çKãM,2,29,2,5,11,0.1810344827586207,0,1,1,0,0,0,0,0,0,15,0.1542713567839196
4677,ï–ã¥çKãM,3,35,6,4,7,0.17085714285714287,0,0,1,4,1,0,0,0,0,0,0.1542713567839196
4677,ï–ã¥çKãM,4,31,2,13,4,0.1403225806451613,0,1,0,0,0,1,0,0,0,0,0.1542713567839196
4677,ï–ã¥çKãM,5,29,0,5,5,0.14206896551724138,0,0,0,0,0,0,0,0,0,0,0.1542713567839196
4677,ï–ã¥çKãM,6,35,0,4,8,0.16,0,0,0,0,0,0,0,0,0,0,0.1542713567839196
4678,êÖñÏñ]î¸,1,33,15,8,2,0.14303030303030304,15,0,0,0,0,0,4,9,5,0,0.15677248677248676
4678,êÖñÏñ]î¸,2,29,4,8,7,0.16241379310344828,0,2,2,0,0,0,0,0,0,16,0.15677248677248676
4678,êÖñÏñ]î¸,3,33,1,7,9,0.1621212121212121,0,0,1,0,0,0,0,0,0,0,0.15677248677248676
4678,êÖñÏñ]î¸,4,30,4,5,3,0.16733333333333336,0,1,1,1,0,1,0,0,0,0,0.15677248677248676
4678,êÖñÏñ]î¸,5,30,3,5,4,0.16333333333333336,0,0,1,2,0,0,0,0,0,0,0.15677248677248676
4678,êÖñÏñ]î¸,6,34,0,3,9,0.145,0,0,0,0,0,0,0,0,0,0,0.15677248677248676
4679,êAìcëæàÍ,1,32,21,2,4,0.1525,21,0,0,0,0,0,2,6,3,0,0.16394999999999998
4679,êAìcëæàÍ,2,37,6,9,3,0.157027027027027,0,2,2,0,1,1,0,0,0,17,0.16394999999999998
4679,êAìcëæàÍ,3,33,2,4,4,0.16393939393939394,0,0,2,0,0,0,0,0,0,0,0.16394999999999998
4679,êAìcëæàÍ,4,34,4,1,6,0.1847058823529412,0,0,1,3,0,0,0,0,0,0,0.16394999999999998
4679,êAìcëæàÍ,5,35,4,3,7,0.16314285714285715,0,0,2,2,0,0,0,0,0,0,0.16394999999999998
4679,êAìcëæàÍ,6,29,1,0,1,0.1620689655172414,0,0,0,1,0,0,0,0,0,0,0.16394999999999998
4680,å„ì°î¸óÉ,1,39,15,11,9,0.18205128205128207,15,0,0,0,0,0,6,4,9,0,0.19622119815668201
4680,å„ì°î¸óÉ,2,39,7,14,8,0.21974358974358976,0,4,2,0,1,0,0,0,0,12,0.19622119815668201
4680,å„ì°î¸óÉ,3,40,6,9,9,0.1825,0,1,5,0,0,0,0,0,0,0,0.19622119815668201
4680,å„ì°î¸óÉ,4,36,0,4,14,0.1813888888888889,0,0,0,0,0,0,0,0,0,0,0.19622119815668201
4680,å„ì°î¸óÉ,5,34,1,2,7,0.21441176470588236,0,0,0,0,1,0,0,0,0,0,0.19622119815668201
4680,å„ì°î¸óÉ,6,29,0,1,6,0.1996551724137931,0,0,0,0,0,0,0,0,0,0,0.19622119815668201
4681,ëæìcí™,1,18,7,0,3,0.165,7,0,0,0,0,0,3,6,2,0,0.18681159420289856
4681,ëæìcí™,2,28,1,1,8,0.1875,0,0,0,0,1,0,0,0,0,12,0.18681159420289856
4681,ëæìcí™,3,23,2,2,3,0.1565217391304348,0,1,0,0,0,1,0,0,0,0,0.18681159420289856
4681,ëæìcí™,4,22,1,3,3,0.1968181818181818,0,0,1,0,0,0,0,0,0,0,0.18681159420289856
4681,ëæìcí™,5,23,1,3,3,0.19608695652173913,0,0,0,1,0,0,0,0,0,0,0.18681159420289856
4681,ëæìcí™,6,24,0,1,1,0.21333333333333335,0,0,0,0,0,0,0,0,0,0,0.18681159420289856
4682,ëÂè„ëÏêl,1,68,51,9,4,0.11897058823529412,49,0,0,0,2,0,5,4,6,0,0.13855218855218854
4682,ëÂè„ëÏêl,2,50,14,10,11,0.1414,0,9,4,1,0,0,0,0,0,20,0.13855218855218854
4682,ëÂè„ëÏêl,3,50,14,13,9,0.146,0,0,4,7,3,0,0,0,0,0,0.13855218855218854
4682,ëÂè„ëÏêl,4,44,8,12,10,0.12090909090909091,0,3,2,2,1,0,0,0,0,0,0.13855218855218854
4682,ëÂè„ëÏêl,5,41,2,9,10,0.1480487804878049,0,0,0,2,0,0,0,0,0,0,0.13855218855218854
4682,ëÂè„ëÏêl,6,44,5,6,8,0.1659090909090909,0,1,1,2,1,0,0,0,0,0,0.13855218855218854
4683,å¸à‰ìcíºñÌ,1,12,2,3,4,0.18916666666666668,2,0,0,0,0,0,3,5,2,0,0.14664000000000002
4683,å¸à‰ìcíºñÌ,2,20,4,5,1,0.14550000000000002,0,3,1,0,0,0,0,0,0,12,0.14664000000000002
4683,å¸à‰ìcíºñÌ,3,22,3,6,4,0.1318181818181818,0,0,1,1,1,0,0,0,0,0,0.14664000000000002
4683,å¸à‰ìcíºñÌ,4,23,1,2,4,0.13391304347826088,0,0,1,0,0,0,0,0,0,0,0.14664000000000002
4683,å¸à‰ìcíºñÌ,5,26,2,2,4,0.12192307692307693,0,0,0,2,0,0,0,0,0,0,0.14664000000000002
4683,å¸à‰ìcíºñÌ,6,22,0,1,3,0.18181818181818182,0,0,0,0,0,0,0,0,0,0,0.14664000000000002
4684,ìÌå¥„ƒëæ,1,43,25,4,7,0.12186046511627907,24,0,0,0,1,0,2,9,6,0,0.139453125
4684,ìÌå¥„ƒëæ,2,46,5,17,11,0.13260869565217392,0,2,1,0,1,1,0,0,0,26,0.139453125
4684,ìÌå¥„ƒëæ,3,42,9,10,16,0.14238095238095239,0,1,5,2,1,0,0,0,0,0,0.139453125
4684,ìÌå¥„ƒëæ,4,41,3,8,10,0.16317073170731708,0,2,1,0,0,0,0,0,0,0,0.139453125
4684,ìÌå¥„ƒëæ,5,44,5,11,7,0.12886363636363637,0,0,0,5,0,0,0,0,0,0,0.139453125
4684,ìÌå¥„ƒëæ,6,40,0,3,7,0.1505,0,0,0,0,0,0,0,0,0,0,0.139453125
4685,ìáë∫ó≤çK,1,56,41,9,2,0.11660714285714287,40,0,0,0,1,0,4,4,7,0,0.12007936507936509
4685,ìáë∫ó≤çK,2,45,16,9,9,0.12422222222222222,0,7,8,0,1,0,0,0,0,22,0.12007936507936509
4685,ìáë∫ó≤çK,3,36,12,7,6,0.125,0,4,3,3,2,0,0,0,0,0,0.12007936507936509
4685,ìáë∫ó≤çK,4,35,6,12,6,0.13114285714285714,0,0,3,2,1,0,0,0,0,0,0.12007936507936509
4685,ìáë∫ó≤çK,5,42,9,7,9,0.11523809523809524,0,1,2,4,2,0,0,0,0,0,0.12007936507936509
4685,ìáë∫ó≤çK,6,38,7,3,11,0.11078947368421052,0,2,1,2,2,0,0,0,0,0,0.12007936507936509
4686,ä€ñÏàÍé˜,1,49,38,2,2,0.1126530612244898,35,0,0,0,3,0,3,4,4,0,0.13370517928286854
4686,ä€ñÏàÍé˜,2,39,7,9,6,0.13384615384615384,0,4,2,0,1,0,0,0,0,24,0.13370517928286854
4686,ä€ñÏàÍé˜,3,40,7,8,10,0.12375,0,1,1,4,1,0,0,0,0,0,0.13370517928286854
4686,ä€ñÏàÍé˜,4,42,3,10,5,0.15023809523809523,0,1,0,2,0,0,0,0,0,0,0.13370517928286854
4686,ä€ñÏàÍé˜,5,38,5,12,4,0.14631578947368423,0,1,1,2,1,0,0,0,0,0,0.13370517928286854
4686,ä€ñÏàÍé˜,6,43,1,6,13,0.13953488372093023,0,0,0,0,1,0,0,0,0,0,0.13370517928286854
4688,âià‰ïVñÁ,1,49,38,4,3,0.13755102040816328,38,0,0,0,0,0,1,3,6,0,0.1368951612903226
4688,âià‰ïVñÁ,2,36,3,14,8,0.12722222222222224,0,1,2,0,0,0,0,0,0,23,0.1368951612903226
4688,âià‰ïVñÁ,3,40,8,6,7,0.12875,0,0,4,4,0,0,0,0,0,0,0.1368951612903226
4688,âià‰ïVñÁ,4,37,4,10,6,0.13351351351351354,0,2,2,0,0,0,0,0,0,0,0.1368951612903226
4688,âià‰ïVñÁ,5,40,6,6,3,0.13574999999999998,0,2,0,3,1,0,0,0,0,0,0.1368951612903226
4688,âià‰ïVñÁ,6,46,1,6,8,0.15456521739130435,0,0,0,1,0,0,0,0,0,0,0.1368951612903226
4690,çÇêŒóúçÿ,1,23,10,7,3,0.12260869565217393,10,0,0,0,0,0,4,5,3,0,0.16683098591549297
4690,çÇêŒóúçÿ,2,27,3,4,8,0.1562962962962963,0,1,2,0,0,0,0,0,0,16,0.16683098591549297
4690,çÇêŒóúçÿ,3,29,2,6,7,0.16241379310344828,0,0,2,0,0,0,0,0,0,0,0.16683098591549297
4690,çÇêŒóúçÿ,4,24,1,5,4,0.20833333333333334,0,0,1,0,0,0,0,0,0,0,0.16683098591549297
4690,çÇêŒóúçÿ,5,16,0,2,1,0.160625,0,0,0,0,0,0,0,0,0,0,0.16683098591549297
4690,çÇêŒóúçÿ,6,23,1,0,1,0.19,0,0,0,1,0,0,0,0,0,0,0.16683098591549297
4691,êÖå¥êT,1,29,14,6,5,0.14103448275862068,14,0,0,0,0,0,5,2,4,0,0.17200000000000001
4691,êÖå¥êT,2,51,2,10,20,0.1776470588235294,0,2,0,0,0,0,0,0,0,31,0.17200000000000001
4691,êÖå¥êT,3,41,1,12,11,0.1578048780487805,0,0,0,1,0,0,0,0,0,0,0.17200000000000001
4691,êÖå¥êT,4,37,2,2,6,0.1637837837837838,0,0,1,1,0,0,0,0,0,0,0.17200000000000001
4691,êÖå¥êT,5,50,2,2,6,0.191,0,1,0,1,0,0,0,0,0,0,0.17200000000000001
4691,êÖå¥êT,6,32,2,1,4,0.1890625,0,1,0,1,0,0,0,0,0,0,0.17200000000000001
4692,éà‰èrçO,1,31,11,7,3,0.13774193548387098,10,0,0,0,1,0,6,9,3,0,0.15529126213592231
4692,éà‰èrçO,2,36,5,8,8,0.15527777777777776,0,3,2,0,0,0,0,0,0,21,0.15529126213592231
4692,éà‰èrçO,3,43,8,9,7,0.15976744186046513,0,1,4,3,0,0,0,0,0,0,0.15529126213592231
4692,éà‰èrçO,4,28,2,0,5,0.15857142857142859,0,0,1,1,0,0,0,0,0,0,0.15529126213592231
4692,éà‰èrçO,5,34,0,3,4,0.15794117647058825,0,0,0,0,0,0,0,0,0,0,0.15529126213592231
4692,éà‰èrçO,6,34,1,2,7,0.16029411764705884,0,0,1,0,0,0,0,0,0,0,0.15529126213592231
4693,èºâ∫ó_ém,1,28,7,5,6,0.18857142857142858,7,0,0,0,0,0,5,11,5,0,0.17378854625550663
4693,èºâ∫ó_ém,2,44,2,9,8,0.1725,0,1,1,0,0,0,0,0,0,21,0.17378854625550663
4693,èºâ∫ó_ém,3,45,2,6,8,0.16599999999999998,0,1,1,0,0,0,0,0,0,0,0.17378854625550663
4693,èºâ∫ó_ém,4,39,2,5,5,0.16846153846153847,0,0,0,1,1,0,0,0,0,0,0.17378854625550663
4693,èºâ∫ó_ém,5,40,2,4,3,0.17825,0,1,0,1,0,0,0,0,0,0,0.17378854625550663
4693,èºâ∫ó_ém,6,31,1,1,3,0.17451612903225808,0,0,1,0,0,0,0,0,0,0,0.17378854625550663
4694,çÇìcàª,1,35,18,2,5,0.19342857142857142,17,0,0,0,1,0,3,10,2,0,0.17176724137931035
4694,çÇìcàª,2,40,6,7,10,0.17350000000000002,0,6,0,0,0,0,0,0,0,20,0.17176724137931035
4694,çÇìcàª,3,44,4,8,10,0.14181818181818182,0,1,3,0,0,0,0,0,0,0,0.17176724137931035
4694,çÇìcàª,4,39,1,6,9,0.17461538461538462,0,1,0,0,0,0,0,0,0,0,0.17176724137931035
4694,çÇìcàª,5,41,0,5,4,0.18073170731707316,0,0,0,0,0,0,0,0,0,0,0.17176724137931035
4694,çÇìcàª,6,33,0,1,3,0.17212121212121212,0,0,0,0,0,0,0,0,0,0,0.17176724137931035
4695,îˆçËóYìÒ,1,26,9,3,6,0.16807692307692307,7,0,0,0,1,1,5,4,2,0,0.1652153110047847
4695,îˆçËóYìÒ,2,42,3,7,10,0.1661904761904762,0,2,1,0,0,0,0,0,0,26,0.1652153110047847
4695,îˆçËóYìÒ,3,40,2,10,9,0.16699999999999998,0,0,1,1,0,0,0,0,0,0,0.1652153110047847
4695,îˆçËóYìÒ,4,36,1,3,7,0.1525,0,0,0,0,1,0,0,0,0,0,0.1652153110047847
4695,îˆçËóYìÒ,5,35,1,2,8,0.16714285714285712,0,0,0,1,0,0,0,0,0,0,0.1652153110047847
4695,îˆçËóYìÒ,6,30,0,2,3,0.17200000000000001,0,0,0,0,0,0,0,0,0,0,0.1652153110047847
4697,ö†çO„ƒïΩ,1,32,8,8,8,0.160625,8,0,0,0,0,0,13,5,3,0,0.1774193548387097
4697,ö†çO„ƒïΩ,2,48,3,9,6,0.1864583333333333,0,0,3,0,0,0,0,0,0,22,0.1774193548387097
4697,ö†çO„ƒïΩ,3,48,8,11,7,0.15666666666666665,0,1,6,1,0,0,0,0,0,0,0.1774193548387097
4697,ö†çO„ƒïΩ,4,38,2,6,5,0.18657894736842104,0,0,2,0,0,0,0,0,0,0,0.1774193548387097
4697,ö†çO„ƒïΩ,5,44,2,9,6,0.18272727272727274,0,0,0,2,0,0,0,0,0,0,0.1774193548387097
4697,ö†çO„ƒïΩ,6,38,2,3,7,0.19105263157894736,0,0,1,0,1,0,0,0,0,0,0.1774193548387097
4700,ã‡éqòaîV,1,44,28,5,4,0.15522727272727274,27,0,0,0,1,0,2,8,6,0,0.17902439024390243
4700,ã‡éqòaîV,2,34,6,10,7,0.19441176470588237,0,6,0,0,0,0,0,0,0,15,0.17902439024390243
4700,ã‡éqòaîV,3,44,7,8,10,0.19454545454545455,0,0,0,6,1,0,0,0,0,0,0.17902439024390243
4700,ã‡éqòaîV,4,44,6,13,9,0.18113636363636365,0,2,0,2,2,0,0,0,0,0,0.17902439024390243
4700,ã‡éqòaîV,5,35,4,5,8,0.17657142857142857,0,1,0,2,1,0,0,0,0,0,0.17902439024390243
4700,ã‡éqòaîV,6,45,1,8,11,0.17533333333333334,0,0,0,1,0,0,0,0,0,0,0.17902439024390243
4702,éOâYåhëæ,1,41,30,5,1,0.14975609756097563,30,0,0,0,0,0,4,4,2,0,0.13774647887323943
4702,éOâYåhëæ,2,39,11,10,7,0.13846153846153847,0,6,4,0,1,0,0,0,0,20,0.13774647887323943
4702,éOâYåhëæ,3,37,8,6,10,0.15675675675675677,0,1,1,6,0,0,0,0,0,0,0.13774647887323943
4702,éOâYåhëæ,4,33,6,7,6,0.1190909090909091,0,0,3,2,0,1,0,0,0,0,0.13774647887323943
4702,éOâYåhëæ,5,35,8,3,6,0.1382857142857143,0,0,4,4,0,0,0,0,0,0,0.13774647887323943
4702,éOâYåhëæ,6,28,3,3,6,0.11535714285714285,0,1,2,0,0,0,0,0,0,0,0.13774647887323943
4703,êXâió≤,1,44,31,10,1,0.1322727272727273,31,0,0,0,0,0,4,3,4,0,0.15628205128205128
4703,êXâió≤,2,41,6,11,12,0.15170731707317073,0,4,2,0,0,0,0,0,0,22,0.15628205128205128
4703,êXâió≤,3,35,5,10,7,0.14257142857142857,1,0,2,2,0,0,0,0,0,0,0.15628205128205128
4703,êXâió≤,4,37,5,10,7,0.17486486486486486,0,1,2,2,0,0,0,0,0,0,0.15628205128205128
4703,êXâió≤,5,38,2,5,6,0.1681578947368421,0,0,0,2,0,0,0,0,0,0,0.15628205128205128
4703,êXâió≤,6,39,2,5,11,0.17128205128205126,0,0,0,2,0,0,0,0,0,0,0.15628205128205128
4704,âÕñÏëÂ,1,51,38,7,2,0.1450980392156863,36,0,0,0,2,0,2,4,6,0,0.14964566929133857
4704,âÕñÏëÂ,2,41,7,13,12,0.1429268292682927,0,3,4,0,0,0,0,0,0,22,0.14964566929133857
4704,âÕñÏëÂ,3,43,5,11,9,0.14651162790697675,0,0,0,5,0,0,0,0,0,0,0.14964566929133857
4704,âÕñÏëÂ,4,49,4,15,8,0.15755102040816327,0,0,2,2,0,0,0,0,0,0,0.14964566929133857
4704,âÕñÏëÂ,5,33,3,8,4,0.14818181818181816,0,0,0,2,1,0,0,0,0,0,0.14964566929133857
4704,âÕñÏëÂ,6,37,1,5,13,0.15783783783783784,0,0,0,0,1,0,0,0,0,0,0.14964566929133857
4705,ãgêÏóEçÏ,1,26,14,3,4,0.14615384615384616,14,0,0,0,0,0,3,6,2,0,0.15162280701754385
4705,ãgêÏóEçÏ,2,42,4,11,5,0.16095238095238096,0,2,2,0,0,0,0,0,0,17,0.15162280701754385
4705,ãgêÏóEçÏ,3,46,2,7,8,0.14521739130434783,0,0,1,1,0,0,0,0,0,0,0.15162280701754385
4705,ãgêÏóEçÏ,4,46,1,3,10,0.15413043478260868,0,0,0,1,0,0,0,0,0,0,0.15162280701754385
4705,ãgêÏóEçÏ,5,39,2,2,5,0.1358974358974359,0,0,0,1,1,0,0,0,0,0,0.15162280701754385
4705,ãgêÏóEçÏ,6,29,0,3,2,0.17034482758620692,0,0,0,0,0,0,0,0,0,0,0.15162280701754385
4706,éOâYóméüòN,1,62,43,10,3,0.16709677419354838,40,0,0,0,3,0,6,7,3,0,0.1701863354037267
4706,éOâYóméüòN,2,52,11,14,6,0.18269230769230768,0,9,0,0,1,1,0,0,0,22,0.1701863354037267
4706,éOâYóméüòN,3,51,7,14,12,0.16941176470588237,0,0,1,5,1,0,0,0,0,0,0.1701863354037267
4706,éOâYóméüòN,4,57,6,12,14,0.1756140350877193,0,2,1,3,0,0,0,0,0,0,0.1701863354037267
4706,éOâYóméüòN,5,52,8,7,10,0.16692307692307692,0,2,0,5,0,1,0,0,0,0,0.1701863354037267
4706,éOâYóméüòN,6,48,2,6,7,0.15854166666666666,0,0,0,1,1,0,0,0,0,0,0.1701863354037267
4708,îºìcèÆñÁ,1,20,5,5,4,0.1735,5,0,0,0,0,0,4,5,5,0,0.1977639751552795
4708,îºìcèÆñÁ,2,29,2,4,5,0.2013793103448276,0,1,1,0,0,0,0,0,0,22,0.1977639751552795
4708,îºìcèÆñÁ,3,28,0,2,6,0.19571428571428573,0,0,0,0,0,0,0,0,0,0,0.1977639751552795
4708,îºìcèÆñÁ,4,30,1,1,9,0.18933333333333333,0,0,1,0,0,0,0,0,0,0,0.1977639751552795
4708,îºìcèÆñÁ,5,28,1,1,6,0.19892857142857143,0,1,0,0,0,0,0,0,0,0,0.1977639751552795
4708,îºìcèÆñÁ,6,26,0,3,4,0.22307692307692306,0,0,0,0,0,0,0,0,0,0,0.1977639751552795
4709,â™ë∫è´ñÁ,1,31,15,6,3,0.1696774193548387,15,0,0,0,0,0,5,7,4,0,0.167035175879397
4709,â™ë∫è´ñÁ,2,33,5,14,5,0.1606060606060606,0,3,2,0,0,0,0,0,0,18,0.167035175879397
4709,â™ë∫è´ñÁ,3,38,4,15,6,0.16605263157894737,0,0,3,0,1,0,0,0,0,0,0.167035175879397
4709,â™ë∫è´ñÁ,4,34,4,9,4,0.16205882352941176,0,0,3,1,0,0,0,0,0,0,0.167035175879397
4709,â™ë∫è´ñÁ,5,31,3,2,8,0.15451612903225806,0,1,0,2,0,0,0,0,0,0,0.167035175879397
4709,â™ë∫è´ñÁ,6,32,1,2,8,0.1896875,0,0,0,1,0,0,0,0,0,0,0.167035175879397
4710,ïüìcè@ïΩ,1,39,21,10,4,0.16487179487179487,17,0,0,0,4,0,8,5,3,0,0.1583817427385892
4710,ïüìcè@ïΩ,2,45,10,9,16,0.15444444444444444,0,5,3,0,2,0,0,0,0,20,0.1583817427385892
4710,ïüìcè@ïΩ,3,45,7,9,17,0.15444444444444444,0,1,1,4,1,0,0,0,0,0,0.1583817427385892
4710,ïüìcè@ïΩ,4,36,2,9,8,0.15444444444444447,0,0,2,0,0,0,0,0,0,0,0.1583817427385892
4710,ïüìcè@ïΩ,5,36,3,6,6,0.1638888888888889,0,0,0,2,1,0,0,0,0,0,0.1583817427385892
4710,ïüìcè@ïΩ,6,40,4,5,8,0.1595,0,0,0,3,1,0,0,0,0,0,0.1583817427385892
4711,ëOèoíBãg,1,17,2,9,2,0.15294117647058825,1,0,0,0,1,0,6,4,5,0,0.15721428571428572
4711,ëOèoíBãg,2,31,3,10,6,0.1532258064516129,0,1,2,0,0,0,0,0,0,13,0.15721428571428572
4711,ëOèoíBãg,3,23,2,5,4,0.14391304347826087,0,0,0,2,0,0,0,0,0,0,0.15721428571428572
4711,ëOèoíBãg,4,23,1,5,7,0.16,0,0,0,1,0,0,0,0,0,0,0.15721428571428572
4711,ëOèoíBãg,5,27,2,2,4,0.16444444444444445,0,0,0,2,0,0,0,0,0,0,0.15721428571428572
4711,ëOèoíBãg,6,19,0,0,1,0.17,0,0,0,0,0,0,0,0,0,0,0.15721428571428572
4712,ïyçDóSê^,1,24,2,4,3,0.19541666666666668,2,0,0,0,0,0,6,11,3,0,0.18777777777777777
4712,ïyçDóSê^,2,26,2,3,8,0.20269230769230767,0,2,0,0,0,0,0,0,0,14,0.18777777777777777
4712,ïyçDóSê^,3,26,2,4,6,0.15692307692307692,0,0,0,1,1,0,0,0,0,0,0.18777777777777777
4712,ïyçDóSê^,4,20,0,2,3,0.178,0,0,0,0,0,0,0,0,0,0,0.18777777777777777
4712,ïyçDóSê^,5,27,1,1,4,0.17148148148148148,0,0,1,0,0,0,0,0,0,0,0.18777777777777777
4712,ïyçDóSê^,6,21,0,1,1,0.22904761904761903,0,0,0,0,0,0,0,0,0,0,0.18777777777777777
4713,îíê_óD,1,41,28,5,1,0.13853658536585364,27,0,0,0,1,0,7,3,1,0,0.15298076923076923
4713,îíê_óD,2,35,8,13,4,0.13457142857142856,0,7,0,0,1,0,0,0,0,20,0.15298076923076923
4713,îíê_óD,3,33,5,7,10,0.16363636363636364,0,1,0,3,1,0,0,0,0,0,0.15298076923076923
4713,îíê_óD,4,35,2,10,10,0.16714285714285712,0,0,0,2,0,0,0,0,0,0,0.15298076923076923
4713,îíê_óD,5,31,1,3,4,0.15612903225806452,0,0,0,0,1,0,0,0,0,0,0.15298076923076923
4713,îíê_óD,6,33,0,4,6,0.1618181818181818,0,0,0,0,0,0,0,0,0,0,0.15298076923076923
4714,äÏëΩê{à«ìﬁ,1,27,15,9,0,0.1322222222222222,14,0,0,0,0,1,4,7,1,0,0.18614130434782608
4714,äÏëΩê{à«ìﬁ,2,30,3,8,10,0.18733333333333332,0,3,0,0,0,0,0,0,0,19,0.18614130434782608
4714,äÏëΩê{à«ìﬁ,3,30,2,11,4,0.15966666666666668,0,1,0,0,1,0,0,0,0,0,0.18614130434782608
4714,äÏëΩê{à«ìﬁ,4,28,1,3,9,0.19535714285714284,0,0,0,0,1,0,0,0,0,0,0.18614130434782608
4714,äÏëΩê{à«ìﬁ,5,31,1,3,6,0.20258064516129032,0,0,0,0,1,0,0,0,0,0,0.18614130434782608
4714,äÏëΩê{à«ìﬁ,6,38,0,1,5,0.22421052631578947,0,0,0,0,0,0,0,0,0,0,0.18614130434782608
4715,ë∫è„ó…,1,45,32,6,4,0.14555555555555555,31,0,0,0,1,0,2,6,3,0,0.13760765550239235
4715,ë∫è„ó…,2,34,7,8,5,0.1373529411764706,0,2,4,1,0,0,0,0,0,17,0.13760765550239235
4715,ë∫è„ó…,3,32,9,6,6,0.141875,0,1,4,2,2,0,0,0,0,0,0.13760765550239235
4715,ë∫è„ó…,4,32,3,10,4,0.13343750000000001,0,0,2,0,1,0,0,0,0,0,0.13760765550239235
4715,ë∫è„ó…,5,31,7,10,4,0.12903225806451613,0,0,2,5,0,0,0,0,0,0,0.13760765550239235
4715,ë∫è„ó…,6,35,5,5,5,0.13514285714285715,0,0,2,2,0,1,0,0,0,0,0.13760765550239235
4718,ñkêÏëæàÍ,1,33,17,9,3,0.1484848484848485,17,0,0,0,0,0,6,4,5,0,0.1527317073170732
4718,ñkêÏëæàÍ,2,33,6,9,4,0.16696969696969696,0,4,1,0,1,0,0,0,0,20,0.1527317073170732
4718,ñkêÏëæàÍ,3,34,4,6,4,0.15529411764705883,0,0,2,1,1,0,0,0,0,0,0.1527317073170732
4718,ñkêÏëæàÍ,4,38,4,10,5,0.15473684210526314,0,0,1,3,0,0,0,0,0,0,0.1527317073170732
4718,ñkêÏëæàÍ,5,35,2,7,9,0.14342857142857143,0,0,0,1,1,0,0,0,0,0,0.1527317073170732
4718,ñkêÏëæàÍ,6,32,1,6,9,0.1475,0,0,0,1,0,0,0,0,0,0,0.1527317073170732
4719,è„ûäí®êì,1,60,50,7,3,0.14733333333333334,49,0,0,0,1,0,2,3,5,0,0.15246323529411765
4719,è„ûäí®êì,2,43,5,24,5,0.1430232558139535,0,4,1,0,0,0,0,0,0,21,0.15246323529411765
4719,è„ûäí®êì,3,44,9,13,9,0.15681818181818183,0,2,1,5,1,0,0,0,0,0,0.15246323529411765
4719,è„ûäí®êì,4,46,8,11,6,0.13478260869565217,0,3,1,3,1,0,0,0,0,0,0.15246323529411765
4719,è„ûäí®êì,5,40,3,8,4,0.1555,0,0,2,0,0,1,0,0,0,0,0.15246323529411765
4719,è„ûäí®êì,6,39,1,7,8,0.1835897435897436,0,0,1,0,0,0,0,0,0,0,0.15246323529411765
4720,êº‡Vì˙â‘ó¢,1,21,7,5,3,0.17285714285714285,5,0,0,0,2,0,4,3,5,0,0.17246153846153847
4720,êº‡Vì˙â‘ó¢,2,24,5,4,4,0.20958333333333334,0,2,1,0,2,0,0,0,0,7,0.17246153846153847
4720,êº‡Vì˙â‘ó¢,3,24,1,9,6,0.16291666666666668,0,0,1,0,0,0,0,0,0,0,0.17246153846153847
4720,êº‡Vì˙â‘ó¢,4,22,0,3,4,0.15727272727272726,0,0,0,0,0,0,0,0,0,0,0.17246153846153847
4720,êº‡Vì˙â‘ó¢,5,23,2,2,3,0.16434782608695653,0,0,2,0,0,0,0,0,0,0,0.17246153846153847
4720,êº‡Vì˙â‘ó¢,6,16,0,1,3,0.163125,0,0,0,0,0,0,0,0,0,0,0.17246153846153847
4723,éõìáãgïF,1,31,6,5,4,0.15806451612903227,6,0,0,0,0,0,5,11,4,0,0.17010000000000003
4723,éõìáãgïF,2,41,3,5,9,0.17341463414634148,0,1,1,0,1,0,0,0,0,15,0.17010000000000003
4723,éõìáãgïF,3,36,3,5,8,0.16138888888888892,0,1,0,2,0,0,0,0,0,0,0.17010000000000003
4723,éõìáãgïF,4,30,1,4,6,0.18000000000000002,0,0,1,0,0,0,0,0,0,0,0.17010000000000003
4723,éõìáãgïF,5,31,1,6,2,0.16806451612903225,0,0,1,0,0,0,0,0,0,0,0.17010000000000003
4723,éõìáãgïF,6,31,0,3,4,0.1803225806451613,0,0,0,0,0,0,0,0,0,0,0.17010000000000003
4724,ãgìcóSãM,1,23,9,6,1,0.15,9,0,0,0,0,0,6,2,4,0,0.1638308457711443
4724,ãgìcóSãM,2,40,2,8,8,0.1695,0,1,1,0,0,0,0,0,0,21,0.1638308457711443
4724,ãgìcóSãM,3,38,4,6,4,0.17157894736842105,0,3,0,1,0,0,0,0,0,0,0.1638308457711443
4724,ãgìcóSãM,4,36,0,4,9,0.16305555555555556,0,0,0,0,0,0,0,0,0,0,0.1638308457711443
4724,ãgìcóSãM,5,37,1,2,2,0.14054054054054055,0,0,0,1,0,0,0,0,0,0,0.1638308457711443
4724,ãgìcóSãM,6,27,0,1,6,0.18925925925925927,0,0,0,0,0,0,0,0,0,0,0.1638308457711443
4725,ç≤í|ëæàÍ,1,35,18,3,4,0.16485714285714284,16,0,0,0,2,0,1,9,6,0,0.1700497512437811
4725,ç≤í|ëæàÍ,2,34,5,8,9,0.17705882352941177,0,4,0,0,0,1,0,0,0,21,0.1700497512437811
4725,ç≤í|ëæàÍ,3,32,6,9,5,0.1496875,0,1,2,2,1,0,0,0,0,0,0.1700497512437811
4725,ç≤í|ëæàÍ,4,31,2,6,8,0.1464516129032258,0,0,2,0,0,0,0,0,0,0,0.1700497512437811
4725,ç≤í|ëæàÍ,5,34,3,3,6,0.18029411764705883,0,0,0,2,1,0,0,0,0,0,0.1700497512437811
4725,ç≤í|ëæàÍ,6,35,1,3,7,0.19799999999999998,0,0,0,0,1,0,0,0,0,0,0.1700497512437811
4726,ìáìcÇ»Ç¨Ç≥,1,35,11,7,7,0.16342857142857142,11,0,0,0,0,0,4,14,3,0,0.14800000000000002
4726,ìáìcÇ»Ç¨Ç≥,2,32,7,8,6,0.1565625,0,7,0,0,0,0,0,0,0,13,0.14800000000000002
4726,ìáìcÇ»Ç¨Ç≥,3,30,5,7,9,0.13466666666666666,0,1,1,2,1,0,0,0,0,0,0.14800000000000002
4726,ìáìcÇ»Ç¨Ç≥,4,27,5,3,6,0.1288888888888889,0,0,3,2,0,0,0,0,0,0,0.14800000000000002
4726,ìáìcÇ»Ç¨Ç≥,5,26,4,4,3,0.14,0,2,1,0,1,0,0,0,0,0,0.14800000000000002
4726,ìáìcÇ»Ç¨Ç≥,6,25,0,3,3,0.1604,0,0,0,0,0,0,0,0,0,0,0.14800000000000002
4727,à¿ïîêTàÍ,1,19,4,5,3,0.13052631578947368,4,0,0,0,0,0,4,8,1,0,0.15482014388489207
4727,à¿ïîêTàÍ,2,27,4,2,6,0.16518518518518518,0,3,1,0,0,0,0,0,0,13,0.15482014388489207
4727,à¿ïîêTàÍ,3,26,0,1,8,0.155,0,0,0,0,0,0,0,0,0,0,0.15482014388489207
4727,à¿ïîêTàÍ,4,24,2,1,4,0.14,0,1,1,0,0,0,0,0,0,0,0.15482014388489207
4727,à¿ïîêTàÍ,5,23,0,2,4,0.15565217391304348,0,0,0,0,0,0,0,0,0,0,0.15482014388489207
4727,à¿ïîêTàÍ,6,20,0,2,1,0.1805,0,0,0,0,0,0,0,0,0,0,0.15482014388489207
4728,éRå˚ó∫,1,38,21,10,0,0.16763157894736844,17,0,0,0,3,1,3,5,5,0,0.1746551724137931
4728,éRå˚ó∫,2,41,5,11,7,0.17902439024390243,0,4,0,1,0,0,0,0,0,20,0.1746551724137931
4728,éRå˚ó∫,3,47,1,11,10,0.16765957446808513,0,0,1,0,0,0,0,0,0,0,0.1746551724137931
4728,éRå˚ó∫,4,40,4,8,12,0.16575,0,2,1,0,1,0,0,0,0,0,0.1746551724137931
4728,éRå˚ó∫,5,37,1,6,3,0.1781081081081081,0,0,0,1,0,0,0,0,0,0,0.1746551724137931
4728,éRå˚ó∫,6,29,0,1,4,0.19689655172413792,0,0,0,0,0,0,0,0,0,0,0.1746551724137931
4729,ç≤ì°å™éjòN,1,31,8,10,3,0.15258064516129033,8,0,0,0,0,0,4,12,5,0,0.16325
4729,ç≤ì°å™éjòN,2,36,5,5,6,0.1761111111111111,0,2,2,0,1,0,0,0,0,19,0.16325
4729,ç≤ì°å™éjòN,3,28,3,2,4,0.17142857142857143,0,1,0,2,0,0,0,0,0,0,0.16325
4729,ç≤ì°å™éjòN,4,39,5,8,9,0.1441025641025641,0,0,3,2,0,0,0,0,0,0,0.16325
4729,ç≤ì°å™éjòN,5,35,2,4,11,0.15885714285714286,0,0,0,2,0,0,0,0,0,0,0.16325
4729,ç≤ì°å™éjòN,6,31,1,1,3,0.1806451612903226,0,0,0,1,0,0,0,0,0,0,0.16325
4730,ìyâÆé¿çπäÛ,1,32,20,5,2,0.1428125,19,0,0,0,1,0,3,7,0,0,0.15522222222222223
4730,ìyâÆé¿çπäÛ,2,30,6,6,4,0.14933333333333335,0,5,1,0,0,0,0,0,0,14,0.15522222222222223
4730,ìyâÆé¿çπäÛ,3,30,4,6,7,0.14100000000000001,0,3,0,1,0,0,0,0,0,0,0.15522222222222223
4730,ìyâÆé¿çπäÛ,4,29,5,0,7,0.16689655172413792,0,1,2,2,0,0,0,0,0,0,0.15522222222222223
4730,ìyâÆé¿çπäÛ,5,29,2,5,4,0.15379310344827585,0,0,0,0,2,0,0,0,0,0,0.15522222222222223
4730,ìyâÆé¿çπäÛ,6,30,0,2,1,0.17866666666666667,0,0,0,0,0,0,0,0,0,0,0.15522222222222223
4731,ä‘ñÏåìóÁ,1,38,23,5,4,0.16921052631578948,21,0,0,0,2,0,3,5,3,0,0.1576639344262295
4731,ä‘ñÏåìóÁ,2,39,5,15,10,0.15384615384615385,0,2,3,0,0,0,0,0,0,20,0.1576639344262295
4731,ä‘ñÏåìóÁ,3,43,6,11,6,0.15511627906976744,0,1,2,1,2,0,0,0,0,0,0.1576639344262295
4731,ä‘ñÏåìóÁ,4,42,4,10,8,0.1488095238095238,0,0,3,1,0,0,0,0,0,0,0.1576639344262295
4731,ä‘ñÏåìóÁ,5,44,2,7,8,0.16045454545454546,0,0,2,0,0,0,0,0,0,0,0.1576639344262295
4731,ä‘ñÏåìóÁ,6,38,2,4,6,0.1594736842105263,0,0,0,1,0,1,0,0,0,0,0.1576639344262295
4732,ñxñ{òañÁ,1,47,33,7,1,0.1127659574468085,33,0,0,0,0,0,6,4,3,0,0.11964
4732,ñxñ{òañÁ,2,45,7,14,8,0.13,0,5,2,0,0,0,0,0,0,23,0.11964
4732,ñxñ{òañÁ,3,42,8,8,12,0.10547619047619047,0,2,5,1,0,0,0,0,0,0,0.11964
4732,ñxñ{òañÁ,4,36,8,5,4,0.12833333333333333,0,3,5,0,0,0,0,0,0,0,0.11964
4732,ñxñ{òañÁ,5,40,4,7,9,0.11975,0,0,2,1,1,0,0,0,0,0,0.11964
4732,ñxñ{òañÁ,6,40,4,4,9,0.123,0,1,2,1,0,0,0,0,0,0,0.11964
4733,ê‘à‰ñr,1,6,4,0,1,0.12,4,0,0,0,0,0,1,0,1,0,0.16210526315789475
4733,ê‘à‰ñr,2,6,1,2,0,0.18500000000000003,0,0,1,0,0,0,0,0,0,3,0.16210526315789475
4733,ê‘à‰ñr,3,6,0,2,1,0.15333333333333335,0,0,0,0,0,0,0,0,0,0,0.16210526315789475
4733,ê‘à‰ñr,4,6,0,0,0,0.13833333333333334,0,0,0,0,0,0,0,0,0,0,0.16210526315789475
4733,ê‘à‰ñr,5,7,0,1,0,0.12999999999999998,0,0,0,0,0,0,0,0,0,0,0.16210526315789475
4733,ê‘à‰ñr,6,7,0,0,0,0.23857142857142857,0,0,0,0,0,0,0,0,0,0,0.16210526315789475
4734,à¿âÕì‡è´,1,31,26,1,3,0.1367741935483871,23,0,0,0,3,0,0,1,3,0,0.15063218390804597
4734,à¿âÕì‡è´,2,31,7,10,10,0.14580645161290323,1,3,2,0,1,0,0,0,0,16,0.15063218390804597
4734,à¿âÕì‡è´,3,28,9,6,6,0.14500000000000002,0,1,3,3,1,1,0,0,0,0,0.15063218390804597
4734,à¿âÕì‡è´,4,30,6,7,8,0.12766666666666668,0,0,4,1,1,0,0,0,0,0,0.15063218390804597
4734,à¿âÕì‡è´,5,24,6,4,2,0.18500000000000003,0,1,0,3,2,0,0,0,0,0,0.15063218390804597
4734,à¿âÕì‡è´,6,30,5,8,5,0.17066666666666666,0,0,1,4,0,0,0,0,0,0,0.15063218390804597
4735,äpéRóYç∆,1,27,7,5,3,0.1685185185185185,7,0,0,0,0,0,3,5,9,0,0.16655813953488374
4735,äpéRóYç∆,2,41,6,11,11,0.1575609756097561,1,3,2,0,0,0,0,0,0,22,0.16655813953488374
4735,äpéRóYç∆,3,43,3,10,7,0.1588372093023256,0,0,3,0,0,0,0,0,0,0,0.16655813953488374
4735,äpéRóYç∆,4,36,3,4,6,0.15916666666666668,0,2,1,0,0,0,0,0,0,0,0.16655813953488374
4735,äpéRóYç∆,5,41,0,4,5,0.17634146341463416,0,0,0,0,0,0,0,0,0,0,0.16655813953488374
4735,äpéRóYç∆,6,27,1,2,2,0.18555555555555556,0,0,0,1,0,0,0,0,0,0,0.16655813953488374
4736,çÇëqòaém,1,49,30,10,3,0.15183673469387757,30,0,0,0,0,0,1,7,7,0,0.14495535714285715
4736,çÇëqòaém,2,37,10,13,5,0.16,0,9,0,0,1,0,0,0,0,16,0.14495535714285715
4736,çÇëqòaém,3,34,7,7,9,0.13470588235294118,0,0,1,4,1,1,0,0,0,0,0.14495535714285715
4736,çÇëqòaém,4,35,6,11,10,0.13342857142857142,0,2,2,2,0,0,0,0,0,0,0.14495535714285715
4736,çÇëqòaém,5,33,8,8,8,0.14,0,0,1,4,3,0,0,0,0,0,0.14495535714285715
4736,çÇëqòaém,6,36,1,1,10,0.14555555555555555,0,0,0,0,1,0,0,0,0,0,0.14495535714285715
4737,í|à‰ãMéj,1,22,16,3,0,0.16136363636363635,14,0,1,0,1,0,1,2,3,0,0.16080536912751678
4737,í|à‰ãMéj,2,23,7,8,1,0.1839130434782609,0,7,0,0,0,0,0,0,0,11,0.16080536912751678
4737,í|à‰ãMéj,3,28,3,6,7,0.1625,0,0,1,2,0,0,0,0,0,0,0.16080536912751678
4737,í|à‰ãMéj,4,32,5,9,8,0.153125,0,1,2,2,0,0,0,0,0,0,0.16080536912751678
4737,í|à‰ãMéj,5,21,4,2,6,0.17476190476190476,0,1,1,1,1,0,0,0,0,0,0.16080536912751678
4737,í|à‰ãMéj,6,23,1,3,6,0.13304347826086957,0,0,0,1,0,0,0,0,0,0,0.16080536912751678
4738,ê¥îW„ƒéq,1,45,34,5,0,0.13177777777777777,34,0,0,0,0,0,5,2,3,0,0.1508366533864542
4738,ê¥îW„ƒéq,2,42,10,12,7,0.15833333333333335,0,5,4,0,1,0,0,0,0,24,0.1508366533864542
4738,ê¥îW„ƒéq,3,43,13,7,9,0.15627906976744185,0,3,9,0,1,0,0,0,0,0,0.1508366533864542
4738,ê¥îW„ƒéq,4,47,7,4,11,0.1427659574468085,0,0,6,0,0,1,0,0,0,0,0.1508366533864542
4738,ê¥îW„ƒéq,5,40,2,4,7,0.15425,0,0,1,0,0,1,0,0,0,0,0.1508366533864542
4738,ê¥îW„ƒéq,6,34,0,4,2,0.16705882352941176,0,0,0,0,0,0,0,0,0,0,0.1508366533864542
4739,íÜë∫çWï¸,1,72,45,13,6,0.1497222222222222,44,0,0,0,1,0,10,11,5,0,0.1432280701754386
4739,íÜë∫çWï¸,2,47,12,19,5,0.12574468085106383,0,9,1,0,1,1,0,0,0,23,0.1432280701754386
4739,íÜë∫çWï¸,3,41,16,9,10,0.13439024390243903,0,5,7,1,3,0,0,0,0,0,0.1432280701754386
4739,íÜë∫çWï¸,4,43,6,13,7,0.15651162790697676,0,0,1,3,2,0,0,0,0,0,0.1432280701754386
4739,íÜë∫çWï¸,5,36,1,10,6,0.145,0,0,0,0,0,1,0,0,0,0,0.1432280701754386
4739,íÜë∫çWï¸,6,46,3,8,4,0.145,0,0,0,1,2,0,0,0,0,0,0.1432280701754386
4740,‚Vì°íBäÛ,1,30,5,9,2,0.15333333333333332,4,0,0,0,1,0,10,9,1,0,0.1853080568720379
4740,‚Vì°íBäÛ,2,38,4,9,11,0.1773684210526316,0,3,0,0,1,0,0,0,0,18,0.1853080568720379
4740,‚Vì°íBäÛ,3,38,0,6,6,0.18710526315789475,0,0,0,0,0,0,0,0,0,0,0.1853080568720379
4740,‚Vì°íBäÛ,4,37,1,3,3,0.17756756756756759,0,0,0,1,0,0,0,0,0,0,0.1853080568720379
4740,‚Vì°íBäÛ,5,35,0,3,3,0.2062857142857143,0,0,0,0,0,0,0,0,0,0,0.1853080568720379
4740,‚Vì°íBäÛ,6,33,0,0,5,0.20787878787878789,0,0,0,0,0,0,0,0,0,0,0.1853080568720379
4742,â°ìcóIàﬂ,1,11,1,3,0,0.2545454545454546,1,0,0,0,0,0,1,8,0,0,0.24916666666666668
4742,â°ìcóIàﬂ,2,21,0,1,3,0.2604761904761905,0,0,0,0,0,0,0,0,0,12,0.24916666666666668
4742,â°ìcóIàﬂ,3,15,1,1,0,0.24266666666666667,0,0,0,0,0,1,0,0,0,0,0.24916666666666668
4742,â°ìcóIàﬂ,4,17,0,1,3,0.23941176470588238,0,0,0,0,0,0,0,0,0,0,0.24916666666666668
4742,â°ìcóIàﬂ,5,19,0,0,1,0.20842105263157895,0,0,0,0,0,0,0,0,0,0,0.24916666666666668
4742,â°ìcóIàﬂ,6,13,0,0,0,0.30615384615384617,0,0,0,0,0,0,0,0,0,0,0.24916666666666668
4743,ñÿë∫êmãI,1,49,33,7,2,0.14612244897959184,32,0,0,0,1,0,5,8,2,0,0.14016129032258065
4743,ñÿë∫êmãI,2,33,5,6,9,0.14454545454545456,0,5,0,0,0,0,0,0,0,17,0.14016129032258065
4743,ñÿë∫êmãI,3,46,11,16,3,0.11804347826086956,0,3,1,5,1,1,0,0,0,0,0.14016129032258065
4743,ñÿë∫êmãI,4,49,5,15,10,0.1416326530612245,0,0,2,2,1,0,0,0,0,0,0.14016129032258065
4743,ñÿë∫êmãI,5,39,4,4,14,0.1441025641025641,0,0,0,3,1,0,0,0,0,0,0.14016129032258065
4743,ñÿë∫êmãI,6,32,1,1,6,0.15125,0,1,0,0,0,0,0,0,0,0,0.14016129032258065
4744,à…ì°óÊìﬁ,1,16,3,3,3,0.19,3,0,0,0,0,0,3,5,5,0,0.19427631578947369
4744,à…ì°óÊìﬁ,2,32,3,5,6,0.19,0,1,2,0,0,0,0,0,0,18,0.19427631578947369
4744,à…ì°óÊìﬁ,3,29,3,5,4,0.20793103448275863,0,1,0,2,0,0,0,0,0,0,0.19427631578947369
4744,à…ì°óÊìﬁ,4,28,1,1,6,0.1982142857142857,0,0,0,1,0,0,0,0,0,0,0.19427631578947369
4744,à…ì°óÊìﬁ,5,28,3,4,6,0.20392857142857143,0,0,0,3,0,0,0,0,0,0,0.19427631578947369
4744,à…ì°óÊìﬁ,6,19,0,1,3,0.16421052631578947,0,0,0,0,0,0,0,0,0,0,0.19427631578947369
4746,ëÂì§ê∂ìcëì,1,38,21,10,1,0.1405263157894737,20,0,0,0,1,0,6,7,2,0,0.15383084577114428
4746,ëÂì§ê∂ìcëì,2,40,11,14,5,0.1515,0,8,3,0,0,0,0,0,0,16,0.15383084577114428
4746,ëÂì§ê∂ìcëì,3,35,8,6,7,0.18314285714285714,0,1,3,3,1,0,0,0,0,0,0.15383084577114428
4746,ëÂì§ê∂ìcëì,4,32,8,6,8,0.15375,0,2,2,4,0,0,0,0,0,0,0.15383084577114428
4746,ëÂì§ê∂ìcëì,5,28,4,4,3,0.1392857142857143,0,0,0,3,1,0,0,0,0,0,0.15383084577114428
4746,ëÂì§ê∂ìcëì,6,28,3,3,5,0.15321428571428572,0,0,1,1,0,1,0,0,0,0,0.15383084577114428
4747,éRåÀêMìÒ,1,22,6,3,5,0.17954545454545456,6,0,0,0,0,0,7,4,3,0,0.1659375
4747,éRåÀêMìÒ,2,36,1,5,5,0.16944444444444445,0,1,0,0,0,0,0,0,0,21,0.1659375
4747,éRåÀêMìÒ,3,39,1,5,6,0.16076923076923078,0,0,1,0,0,0,0,0,0,0,0.1659375
4747,éRåÀêMìÒ,4,36,0,4,9,0.15666666666666665,0,0,0,0,0,0,0,0,0,0,0.1659375
4747,éRåÀêMìÒ,5,36,2,1,6,0.16027777777777777,0,0,0,0,2,0,0,0,0,0,0.1659375
4747,éRåÀêMìÒ,6,23,0,1,2,0.17956521739130435,0,0,0,0,0,0,0,0,0,0,0.1659375
4748,ìnÁ≥óYòN,1,30,16,6,2,0.18233333333333332,16,0,0,0,0,0,3,2,5,0,0.17340659340659342
4748,ìnÁ≥óYòN,2,35,8,9,8,0.1682857142857143,1,3,1,1,1,1,0,0,0,20,0.17340659340659342
4748,ìnÁ≥óYòN,3,28,6,2,8,0.1675,0,2,0,3,1,0,0,0,0,0,0.17340659340659342
4748,ìnÁ≥óYòN,4,24,6,4,3,0.16916666666666666,0,1,3,0,1,1,0,0,0,0,0.17340659340659342
4748,ìnÁ≥óYòN,5,32,2,7,7,0.1690625,0,0,1,1,0,0,0,0,0,0,0.17340659340659342
4748,ìnÁ≥óYòN,6,33,1,6,6,0.18303030303030304,0,0,1,0,0,0,0,0,0,0,0.17340659340659342
4749,éRå˚çvãP,1,11,2,2,1,0.16090909090909092,2,0,0,0,0,0,4,3,2,0,0.1776530612244898
4749,éRå˚çvãP,2,20,0,7,1,0.1995,0,0,0,0,0,0,0,0,0,14,0.1776530612244898
4749,éRå˚çvãP,3,19,2,0,4,0.17684210526315788,0,0,1,0,1,0,0,0,0,0,0.1776530612244898
4749,éRå˚çvãP,4,18,1,4,0,0.15166666666666667,0,0,1,0,0,0,0,0,0,0,0.1776530612244898
4749,éRå˚çvãP,5,15,1,1,2,0.1753333333333333,0,0,0,1,0,0,0,0,0,0,0.1776530612244898
4749,éRå˚çvãP,6,15,0,0,1,0.19533333333333333,0,0,0,0,0,0,0,0,0,0,0.1776530612244898
4750,à‰è„èÆåÂ,1,25,13,2,3,0.1648,13,0,0,0,0,0,2,5,4,0,0.1758128078817734
4750,à‰è„èÆåÂ,2,36,3,5,5,0.18472222222222223,0,2,0,0,0,1,0,0,0,15,0.1758128078817734
4750,à‰è„èÆåÂ,3,40,1,3,15,0.19475,0,0,1,0,0,0,0,0,0,0,0.1758128078817734
4750,à‰è„èÆåÂ,4,36,1,4,7,0.16305555555555556,0,1,0,0,0,0,0,0,0,0,0.1758128078817734
4750,à‰è„èÆåÂ,5,35,2,3,8,0.16228571428571428,0,0,0,2,0,0,0,0,0,0,0.1758128078817734
4750,à‰è„èÆåÂ,6,31,1,0,4,0.18,0,1,0,0,0,0,0,0,0,0,0.1758128078817734
4752,êºîˆó∫ï„,1,26,7,4,3,0.17461538461538462,6,0,0,0,1,0,5,7,6,0,0.1709478672985782
4752,êºîˆó∫ï„,2,45,1,6,9,0.19466666666666665,0,1,0,0,0,0,0,0,0,24,0.1709478672985782
4752,êºîˆó∫ï„,3,37,3,3,6,0.1502702702702703,0,1,2,0,0,0,0,0,0,0,0.1709478672985782
4752,êºîˆó∫ï„,4,35,0,6,7,0.1662857142857143,0,0,0,0,0,0,0,0,0,0,0.1709478672985782
4752,êºîˆó∫ï„,5,40,3,2,8,0.1795,0,0,0,3,0,0,0,0,0,0,0.1709478672985782
4752,êºîˆó∫ï„,6,28,1,2,5,0.15035714285714286,0,0,0,1,0,0,0,0,0,0,0.1709478672985782
4753,êXè∆ïv,1,16,8,2,1,0.17875,6,0,0,0,2,0,1,1,5,0,0.18624242424242424
4753,êXè∆ïv,2,33,7,9,2,0.19090909090909092,0,5,2,0,0,0,0,0,0,16,0.18624242424242424
4753,êXè∆ïv,3,30,6,7,6,0.17333333333333334,0,1,3,1,1,0,0,0,0,0,0.18624242424242424
4753,êXè∆ïv,4,30,5,5,3,0.17933333333333332,0,0,2,3,0,0,0,0,0,0,0.18624242424242424
4753,êXè∆ïv,5,33,4,5,5,0.18363636363636363,0,0,1,3,0,0,0,0,0,0,0.18624242424242424
4753,êXè∆ïv,6,23,2,2,1,0.21434782608695652,0,1,0,0,1,0,0,0,0,0,0.18624242424242424
4754,èºîˆè[,1,46,32,3,2,0.15347826086956523,27,0,0,0,5,0,2,4,7,0,0.15682539682539684
4754,èºîˆè[,2,43,7,16,3,0.16813953488372094,0,4,2,0,1,0,0,0,0,19,0.15682539682539684
4754,èºîˆè[,3,41,11,8,14,0.14414634146341465,0,1,4,5,1,0,0,0,0,0,0.15682539682539684
4754,èºîˆè[,4,38,3,9,10,0.14894736842105263,0,2,1,0,0,0,0,0,0,0,0.15682539682539684
4754,èºîˆè[,5,42,4,7,8,0.15761904761904763,0,0,1,2,1,0,0,0,0,0,0.15682539682539684
4754,èºîˆè[,6,42,2,3,10,0.1676190476190476,0,1,0,1,0,0,0,0,0,0,0.15682539682539684
4756,ìnÁ≥èπê¨,1,5,3,1,1,0.152,3,0,0,0,0,0,0,1,1,0,0.16125
4756,ìnÁ≥èπê¨,2,6,0,2,1,0.15166666666666667,0,0,0,0,0,0,0,0,0,5,0.16125
4756,ìnÁ≥èπê¨,3,4,0,0,1,0.1275,0,0,0,0,0,0,0,0,0,0,0.16125
4756,ìnÁ≥èπê¨,4,4,0,1,1,0.1025,0,0,0,0,0,0,0,0,0,0,0.16125
4756,ìnÁ≥èπê¨,5,6,0,0,1,0.20666666666666667,0,0,0,0,0,0,0,0,0,0,0.16125
4756,ìnÁ≥èπê¨,6,7,0,1,1,0.19,0,0,0,0,0,0,0,0,0,0,0.16125
4757,éRìcóSñÁ,1,55,41,6,4,0.13745454545454544,39,0,0,0,2,0,3,5,1,0,0.14233480176211455
4757,éRìcóSñÁ,2,32,6,10,8,0.135625,0,5,0,0,0,1,0,0,0,17,0.14233480176211455
4757,éRìcóSñÁ,3,34,12,8,3,0.15205882352941177,0,1,4,5,2,0,0,0,0,0,0.14233480176211455
4757,éRìcóSñÁ,4,37,9,11,4,0.14081081081081082,0,1,2,5,1,0,0,0,0,0,0.14233480176211455
4757,éRìcóSñÁ,5,38,7,12,4,0.13815789473684212,0,0,2,5,0,0,0,0,0,0,0.14233480176211455
4757,éRìcóSñÁ,6,31,2,5,5,0.15419354838709678,0,0,0,1,1,0,0,0,0,0,0.14233480176211455
4758,ïxä~óÌâ¡,1,43,26,7,3,0.1444186046511628,24,0,0,0,2,0,4,7,3,0,0.1732701421800948
4758,ïxä~óÌâ¡,2,35,2,14,6,0.17200000000000001,0,1,0,0,1,0,0,0,0,19,0.1732701421800948
4758,ïxä~óÌâ¡,3,33,6,9,7,0.1390909090909091,0,0,3,2,1,0,0,0,0,0,0.1732701421800948
4758,ïxä~óÌâ¡,4,35,2,6,10,0.17114285714285715,0,1,0,1,0,0,0,0,0,0,0.1732701421800948
4758,ïxä~óÌâ¡,5,34,2,5,7,0.2023529411764706,0,0,0,0,1,1,0,0,0,0,0.1732701421800948
4758,ïxä~óÌâ¡,6,31,0,4,5,0.22161290322580646,0,0,0,0,0,0,0,0,0,0,0.1732701421800948
4759,ç°êÚóFå·,1,41,16,9,6,0.1851219512195122,15,0,0,0,1,0,5,12,7,0,0.20074418604651165
4759,ç°êÚóFå·,2,30,6,8,6,0.19133333333333333,0,5,1,0,0,0,0,0,0,10,0.20074418604651165
4759,ç°êÚóFå·,3,39,2,8,13,0.20282051282051283,0,1,0,0,1,0,0,0,0,0,0.20074418604651165
4759,ç°êÚóFå·,4,38,3,9,10,0.21289473684210525,0,1,1,1,0,0,0,0,0,0,0.20074418604651165
4759,ç°êÚóFå·,5,31,1,5,9,0.2064516129032258,0,0,0,1,0,0,0,0,0,0,0.20074418604651165
4759,ç°êÚóFå·,6,36,1,5,9,0.20638888888888887,0,0,0,0,0,1,0,0,0,0,0.20074418604651165
4760,éRçËåS,1,63,47,7,4,0.12857142857142856,46,0,0,0,1,0,3,4,8,0,0.12328621908127209
4760,éRçËåS,2,45,17,12,7,0.12977777777777777,0,12,4,0,1,0,0,0,0,18,0.12328621908127209
4760,éRçËåS,3,46,16,12,5,0.11782608695652173,0,0,8,7,1,0,0,0,0,0,0.12328621908127209
4760,éRçËåS,4,46,8,11,10,0.12065217391304348,0,1,4,3,0,0,0,0,0,0,0.12328621908127209
4760,éRçËåS,5,44,12,4,4,0.12068181818181817,0,0,6,6,0,0,0,0,0,0,0.12328621908127209
4760,éRçËåS,6,39,5,8,9,0.11974358974358974,0,0,3,2,0,0,0,0,0,0,0.12328621908127209
4761,éRìcçWëÂ,1,30,13,6,9,0.15433333333333332,12,0,0,0,1,0,5,9,1,0,0.16516483516483518
4761,éRìcçWëÂ,2,32,5,9,3,0.17,0,3,2,0,0,0,0,0,0,14,0.16516483516483518
4761,éRìcçWëÂ,3,31,5,10,2,0.15806451612903227,0,0,4,1,0,0,0,0,0,0,0.16516483516483518
4761,éRìcçWëÂ,4,30,3,5,11,0.16033333333333336,0,0,2,1,0,0,0,0,0,0,0.16516483516483518
4761,éRìcçWëÂ,5,29,0,2,8,0.1620689655172414,0,0,0,0,0,0,0,0,0,0,0.16516483516483518
4761,éRìcçWëÂ,6,30,1,3,2,0.186,0,0,0,0,1,0,0,0,0,0,0.16516483516483518
4762,ì°å¥å[éjòN,1,62,46,10,2,0.13935483870967744,42,1,0,0,3,0,3,5,6,0,0.133690036900369
4762,ì°å¥å[éjòN,2,42,7,9,6,0.155,0,5,0,0,2,0,0,0,0,23,0.133690036900369
4762,ì°å¥å[éjòN,3,43,7,13,6,0.12813953488372093,0,0,1,5,1,0,0,0,0,0,0.133690036900369
4762,ì°å¥å[éjòN,4,43,5,16,7,0.11465116279069766,0,0,2,3,0,0,0,0,0,0,0.133690036900369
4762,ì°å¥å[éjòN,5,40,4,11,14,0.13925,0,1,1,2,0,0,0,0,0,0,0.133690036900369
4762,ì°å¥å[éjòN,6,41,2,7,14,0.12365853658536587,0,0,0,1,1,0,0,0,0,0,0.133690036900369
4764,è¨íróÁîT,1,27,14,7,4,0.15185185185185185,13,0,0,0,1,0,2,8,1,0,0.15260204081632653
4764,è¨íróÁîT,2,40,5,10,12,0.15625,0,3,2,0,0,0,0,0,0,22,0.15260204081632653
4764,è¨íróÁîT,3,33,3,8,10,0.15424242424242424,0,0,3,0,0,0,0,0,0,0,0.15260204081632653
4764,è¨íróÁîT,4,37,4,4,9,0.14702702702702702,0,1,2,0,1,0,0,0,0,0,0.15260204081632653
4764,è¨íróÁîT,5,34,1,6,8,0.14029411764705882,0,0,0,1,0,0,0,0,0,0,0.15260204081632653
4764,è¨íróÁîT,6,25,0,1,5,0.1704,0,0,0,0,0,0,0,0,0,0,0.15260204081632653
4765,ñÏìcïîçGéq,1,17,6,3,4,0.13941176470588235,5,0,0,0,1,0,3,2,5,0,0.1315
4765,ñÏìcïîçGéq,2,28,6,4,4,0.13642857142857143,0,2,3,0,1,0,0,0,0,18,0.1315
4765,ñÏìcïîçGéq,3,27,7,5,7,0.10925925925925926,0,0,5,1,1,0,0,0,0,0,0.1315
4765,ñÏìcïîçGéq,4,20,2,2,3,0.142,0,0,2,0,0,0,0,0,0,0,0.1315
4765,ñÏìcïîçGéq,5,25,2,2,0,0.1336,0,0,1,1,0,0,0,0,0,0,0.1315
4765,ñÏìcïîçGéq,6,23,1,1,0,0.13434782608695653,0,0,1,0,0,0,0,0,0,0,0.1315
4766,êŒà‰çFîV,1,18,9,2,2,0.15555555555555556,9,0,0,0,0,0,3,4,2,0,0.13377358490566038
4766,êŒà‰çFîV,2,29,5,3,5,0.15068965517241378,0,4,1,0,0,0,0,0,0,17,0.13377358490566038
4766,êŒà‰çFîV,3,32,3,4,4,0.140625,0,0,3,0,0,0,0,0,0,0,0.13377358490566038
4766,êŒà‰çFîV,4,29,4,5,3,0.11655172413793104,0,1,3,0,0,0,0,0,0,0,0.13377358490566038
4766,êŒà‰çFîV,5,29,4,3,4,0.13,0,1,0,3,0,0,0,0,0,0,0.13377358490566038
4766,êŒà‰çFîV,6,22,0,2,2,0.11136363636363637,0,0,0,0,0,0,0,0,0,0,0.13377358490566038
4769,înèÍçÑ,1,55,46,4,1,0.12454545454545456,44,0,0,0,1,1,2,4,3,0,0.12031872509960159
4769,înèÍçÑ,2,43,11,20,7,0.11837209302325581,0,5,1,0,4,1,0,0,0,14,0.12031872509960159
4769,înèÍçÑ,3,45,6,13,12,0.12088888888888889,0,0,4,2,0,0,0,0,0,0,0.12031872509960159
4769,înèÍçÑ,4,37,9,4,13,0.12162162162162163,0,2,4,3,0,0,0,0,0,0,0.12031872509960159
4769,înèÍçÑ,5,31,5,6,7,0.11032258064516129,0,1,0,3,1,0,0,0,0,0,0.12031872509960159
4769,înèÍçÑ,6,40,0,8,12,0.12250000000000001,0,0,0,0,0,0,0,0,0,0,0.12031872509960159
4771,â∫éõèGòa,1,57,46,4,2,0.13333333333333333,46,0,0,0,0,0,1,5,3,0,0.1373356401384083
4771,â∫éõèGòa,2,48,13,20,3,0.13604166666666667,1,10,2,0,0,0,0,0,0,23,0.1373356401384083
4771,â∫éõèGòa,3,58,12,16,9,0.13551724137931034,2,2,3,4,1,0,0,0,0,0,0.1373356401384083
4771,â∫éõèGòa,4,49,3,12,12,0.14285714285714285,0,0,2,1,0,0,0,0,0,0,0.1373356401384083
4771,â∫éõèGòa,5,38,2,5,6,0.13578947368421054,0,0,1,1,0,0,0,0,0,0,0.1373356401384083
4771,â∫éõèGòa,6,39,3,0,9,0.14205128205128206,1,1,0,1,0,0,0,0,0,0,0.1373356401384083
4772,êŒä€äCìn,1,58,42,9,5,0.11827586206896552,41,0,0,0,1,0,5,1,7,0,0.1173764258555133
4772,êŒä€äCìn,2,37,10,7,6,0.1127027027027027,0,5,3,0,2,0,0,0,0,21,0.1173764258555133
4772,êŒä€äCìn,3,44,8,9,10,0.11113636363636363,0,0,1,7,0,0,0,0,0,0,0.1173764258555133
4772,êŒä€äCìn,4,44,8,8,7,0.11954545454545454,0,3,3,1,1,0,0,0,0,0,0.1173764258555133
4772,êŒä€äCìn,5,39,4,9,2,0.11820512820512821,0,1,0,3,0,0,0,0,0,0,0.1173764258555133
4772,êŒä€äCìn,6,41,4,4,8,0.12390243902439024,0,0,0,2,1,1,0,0,0,0,0.1173764258555133
4773,íÜêÏÇËÇ»,1,50,29,8,4,0.15839999999999999,27,0,0,0,2,0,9,8,2,0,0.16476851851851854
4773,íÜêÏÇËÇ»,2,34,9,7,6,0.1773529411764706,0,6,2,0,1,0,0,0,0,13,0.16476851851851854
4773,íÜêÏÇËÇ»,3,39,4,5,8,0.16102564102564104,0,1,1,2,0,0,0,0,0,0,0.16476851851851854
4773,íÜêÏÇËÇ»,4,31,1,6,6,0.16806451612903225,0,0,0,1,0,0,0,0,0,0,0.16476851851851854
4773,íÜêÏÇËÇ»,5,31,0,4,8,0.15967741935483873,0,0,0,0,0,0,0,0,0,0,0.16476851851851854
4773,íÜêÏÇËÇ»,6,31,1,2,3,0.16774193548387098,0,0,0,0,1,0,0,0,0,0,0.16476851851851854
4775,êÁótê^ñÌ,1,8,5,2,0,0.1825,5,0,0,0,0,0,0,1,1,0,0.19378378378378378
4775,êÁótê^ñÌ,2,7,1,2,2,0.16571428571428573,0,0,1,0,0,0,0,0,0,5,0.19378378378378378
4775,êÁótê^ñÌ,3,7,0,1,3,0.20142857142857146,0,0,0,0,0,0,0,0,0,0,0.19378378378378378
4775,êÁótê^ñÌ,4,5,0,0,1,0.20400000000000001,0,0,0,0,0,0,0,0,0,0,0.19378378378378378
4775,êÁótê^ñÌ,5,4,0,0,2,0.215,0,0,0,0,0,0,0,0,0,0,0.19378378378378378
4775,êÁótê^ñÌ,6,6,0,0,0,0.21,0,0,0,0,0,0,0,0,0,0,0.19378378378378378
4776,í|ìcòaç∆,1,55,43,4,4,0.13018181818181818,42,0,0,0,1,0,4,3,3,0,0.141640625
4776,í|ìcòaç∆,2,46,7,20,6,0.14043478260869566,0,4,2,0,0,1,0,0,0,27,0.141640625
4776,í|ìcòaç∆,3,39,7,15,9,0.1264102564102564,0,0,5,1,1,0,0,0,0,0,0.141640625
4776,í|ìcòaç∆,4,40,5,11,11,0.14250000000000002,0,2,1,1,1,0,0,0,0,0,0.141640625
4776,í|ìcòaç∆,5,38,2,6,8,0.15026315789473685,0,0,1,1,0,0,0,0,0,0,0.141640625
4776,í|ìcòaç∆,6,38,0,7,6,0.16578947368421051,0,0,0,0,0,0,0,0,0,0,0.141640625
4778,íÁå[ï„,1,28,14,6,2,0.15178571428571427,14,0,0,0,0,0,3,5,3,0,0.16856410256410256
4778,íÁå[ï„,2,33,4,4,7,0.1690909090909091,0,2,2,0,0,0,0,0,0,14,0.16856410256410256
4778,íÁå[ï„,3,34,4,8,5,0.16176470588235295,0,2,2,0,0,0,0,0,0,0,0.16856410256410256
4778,íÁå[ï„,4,37,2,7,4,0.19243243243243244,0,0,2,0,0,0,0,0,0,0,0.16856410256410256
4778,íÁå[ï„,5,34,0,6,8,0.16911764705882354,0,0,0,0,0,0,0,0,0,0,0.16856410256410256
4778,íÁå[ï„,6,29,0,3,3,0.1610344827586207,0,0,0,0,0,0,0,0,0,0,0.16856410256410256
4779,à…ëqåı,1,26,10,7,6,0.14576923076923076,10,0,0,0,0,0,5,2,3,0,0.15475409836065573
4779,à…ëqåı,2,33,2,4,6,0.16636363636363638,0,2,0,0,0,0,0,0,0,13,0.15475409836065573
4779,à…ëqåı,3,33,1,7,7,0.1387878787878788,0,0,1,0,0,0,0,0,0,0,0.15475409836065573
4779,à…ëqåı,4,30,0,5,5,0.14333333333333334,0,0,0,0,0,0,0,0,0,0,0.15475409836065573
4779,à…ëqåı,5,35,1,3,5,0.1625714285714286,0,0,1,0,0,0,0,0,0,0,0.15475409836065573
4779,à…ëqåı,6,26,1,3,2,0.1719230769230769,0,0,1,0,0,0,0,0,0,0,0.15475409836065573
4780,É}ÉCÉPÉãìcë„,1,23,11,1,3,0.17956521739130435,9,0,0,0,2,0,0,6,4,0,0.1745664739884393
4780,É}ÉCÉPÉãìcë„,2,30,4,5,7,0.16866666666666666,0,1,2,0,1,0,0,0,0,14,0.1745664739884393
4780,É}ÉCÉPÉãìcë„,3,25,2,4,4,0.1648,0,0,1,1,0,0,0,0,0,0,0.1745664739884393
4780,É}ÉCÉPÉãìcë„,4,30,2,7,5,0.16633333333333333,0,0,2,0,0,0,0,0,0,0,0.1745664739884393
4780,É}ÉCÉPÉãìcë„,5,33,2,4,8,0.17696969696969697,0,0,0,1,1,0,0,0,0,0,0.1745664739884393
4780,É}ÉCÉPÉãìcë„,6,32,0,4,3,0.189375,0,0,0,0,0,0,0,0,0,0,0.1745664739884393
4781,êºä⁄â ó¢,1,25,11,8,1,0.1392,10,0,0,0,1,0,1,9,1,0,0.15162650602409639
4781,êºä⁄â ó¢,2,29,4,3,5,0.17379310344827587,0,3,1,0,0,0,0,0,0,16,0.15162650602409639
4781,êºä⁄â ó¢,3,31,5,2,10,0.1264516129032258,0,1,0,2,2,0,0,0,0,0,0.15162650602409639
4781,êºä⁄â ó¢,4,26,3,5,2,0.16923076923076924,0,1,1,0,1,0,0,0,0,0,0.15162650602409639
4781,êºä⁄â ó¢,5,24,0,3,8,0.16458333333333333,0,0,0,0,0,0,0,0,0,0,0.15162650602409639
4781,êºä⁄â ó¢,6,31,0,5,6,0.14129032258064517,0,0,0,0,0,0,0,0,0,0,0.15162650602409639
4782,ïlçËèÄñÁ,1,35,18,9,3,0.15228571428571427,18,0,0,0,0,0,3,11,3,0,0.1570048309178744
4782,ïlçËèÄñÁ,2,32,6,11,7,0.1459375,0,3,2,0,1,0,0,0,0,20,0.1570048309178744
4782,ïlçËèÄñÁ,3,41,5,9,12,0.1546341463414634,0,2,0,3,0,0,0,0,0,0,0.1570048309178744
4782,ïlçËèÄñÁ,4,32,3,10,6,0.138125,0,2,0,1,0,0,0,0,0,0,0.1570048309178744
4782,ïlçËèÄñÁ,5,31,1,1,7,0.16741935483870968,0,0,0,1,0,0,0,0,0,0,0.1570048309178744
4782,ïlçËèÄñÁ,6,36,0,3,5,0.18194444444444444,0,0,0,0,0,0,0,0,0,0,0.1570048309178744
4783,ñÿë∫è⁄éq,1,16,5,2,5,0.201875,5,0,0,0,0,0,2,4,2,0,0.20477064220183486
4783,ñÿë∫è⁄éq,2,20,3,1,3,0.20950000000000002,0,1,2,0,0,0,0,0,0,8,0.20477064220183486
4783,ñÿë∫è⁄éq,3,20,2,0,8,0.1715,0,0,2,0,0,0,0,0,0,0,0.20477064220183486
4783,ñÿë∫è⁄éq,4,19,0,2,3,0.2210526315789474,0,0,0,0,0,0,0,0,0,0,0.20477064220183486
4783,ñÿë∫è⁄éq,5,18,0,0,5,0.19777777777777777,0,0,0,0,0,0,0,0,0,0,0.20477064220183486
4783,ñÿë∫è⁄éq,6,16,0,1,1,0.231875,0,0,0,0,0,0,0,0,0,0,0.20477064220183486
4784,å¸à‰ìcê^ãI,1,12,6,2,1,0.17666666666666667,5,0,0,0,0,1,1,4,0,0,0.18489361702127657
4784,å¸à‰ìcê^ãI,2,19,1,4,5,0.1568421052631579,0,0,1,0,0,0,0,0,0,10,0.18489361702127657
4784,å¸à‰ìcê^ãI,3,19,2,4,1,0.18105263157894738,0,0,2,0,0,0,0,0,0,0,0.18489361702127657
4784,å¸à‰ìcê^ãI,4,14,0,1,4,0.22285714285714286,0,0,0,0,0,0,0,0,0,0,0.18489361702127657
4784,å¸à‰ìcê^ãI,5,15,1,0,4,0.16866666666666666,0,0,1,0,0,0,0,0,0,0,0.18489361702127657
4784,å¸à‰ìcê^ãI,6,15,0,0,1,0.21266666666666667,0,0,0,0,0,0,0,0,0,0,0.18489361702127657
4785,ñÿî¶èÉñÁ,1,20,3,3,4,0.138,2,0,0,0,1,0,9,4,3,0,0.16660919540229885
4785,ñÿî¶èÉñÁ,2,40,3,4,6,0.16625,0,2,0,0,1,0,0,0,0,23,0.16660919540229885
4785,ñÿî¶èÉñÁ,3,31,1,6,5,0.16548387096774192,0,0,0,1,0,0,0,0,0,0,0.16660919540229885
4785,ñÿî¶èÉñÁ,4,31,3,4,4,0.15967741935483873,0,0,0,3,0,0,0,0,0,0,0.16660919540229885
4785,ñÿî¶èÉñÁ,5,30,2,1,4,0.179,0,0,0,2,0,0,0,0,0,0,0.16660919540229885
4785,ñÿî¶èÉñÁ,6,22,0,1,0,0.18772727272727271,0,0,0,0,0,0,0,0,0,0,0.16660919540229885
4786,ç≤ì°îéó∫,1,45,35,4,2,0.1228888888888889,34,0,0,0,1,0,3,4,3,0,0.12538461538461537
4786,ç≤ì°îéó∫,2,40,12,11,12,0.11825000000000001,0,5,5,0,2,0,0,0,0,19,0.12538461538461537
4786,ç≤ì°îéó∫,3,45,9,11,7,0.12311111111111112,0,0,4,5,0,0,0,0,0,0,0.12538461538461537
4786,ç≤ì°îéó∫,4,43,7,8,9,0.1286046511627907,0,0,5,1,1,0,0,0,0,0,0.12538461538461537
4786,ç≤ì°îéó∫,5,36,3,2,14,0.12388888888888888,0,0,2,1,0,0,0,0,0,0,0.12538461538461537
4786,ç≤ì°îéó∫,6,38,3,3,8,0.1363157894736842,0,0,1,1,1,0,0,0,0,0,0.12538461538461537
4787,í≈ñºñL,1,55,43,9,1,0.12490909090909091,40,0,0,0,3,0,3,2,6,0,0.12967871485943774
4787,í≈ñºñL,2,45,12,13,5,0.14422222222222222,0,4,6,0,1,1,0,0,0,20,0.12967871485943774
4787,í≈ñºñL,3,42,14,9,9,0.11904761904761904,0,1,8,5,0,0,0,0,0,0,0.12967871485943774
4787,í≈ñºñL,4,37,9,10,6,0.1262162162162162,0,0,5,4,0,0,0,0,0,0,0.12967871485943774
4787,í≈ñºñL,5,34,5,10,8,0.13176470588235295,0,0,2,2,1,0,0,0,0,0,0.12967871485943774
4787,í≈ñºñL,6,36,4,6,4,0.13277777777777777,0,0,0,2,2,0,0,0,0,0,0.12967871485943774
4788,è¨írìNñÁ,1,44,27,5,4,0.14954545454545454,27,0,0,0,0,0,3,8,3,0,0.1390295358649789
4788,è¨írìNñÁ,2,43,13,11,9,0.1418604651162791,0,7,3,1,2,0,0,0,0,18,0.1390295358649789
4788,è¨írìNñÁ,3,38,2,9,15,0.1131578947368421,0,0,2,0,0,0,0,0,0,0,0.1390295358649789
4788,è¨írìNñÁ,4,36,4,5,10,0.14555555555555555,0,1,2,1,0,0,0,0,0,0,0.1390295358649789
4788,è¨írìNñÁ,5,42,4,7,6,0.14047619047619048,0,0,1,2,1,0,0,0,0,0,0.1390295358649789
4788,è¨írìNñÁ,6,34,1,1,8,0.14205882352941177,0,0,0,1,0,0,0,0,0,0,0.1390295358649789
4789,å√âÍíqîV,1,16,3,4,1,0.21875,3,0,0,0,0,0,1,8,2,0,0.1765492957746479
4789,å√âÍíqîV,2,25,1,4,8,0.1824,0,1,0,0,0,0,0,0,0,13,0.1765492957746479
4789,å√âÍíqîV,3,22,4,2,5,0.1590909090909091,0,0,1,1,1,1,0,0,0,0,0.1765492957746479
4789,å√âÍíqîV,4,26,2,2,8,0.16038461538461538,0,0,0,2,0,0,0,0,0,0,0.1765492957746479
4789,å√âÍíqîV,5,29,0,5,5,0.1803448275862069,0,0,0,0,0,0,0,0,0,0,0.1765492957746479
4789,å√âÍíqîV,6,24,0,2,3,0.17125,0,0,0,0,0,0,0,0,0,0,0.1765492957746479
4790,ñˆì‡åhëæ,1,46,26,9,2,0.14217391304347826,25,0,0,0,0,1,7,6,6,0,0.1611904761904762
4790,ñˆì‡åhëæ,2,47,6,9,10,0.15340425531914895,0,5,0,1,0,0,0,0,0,27,0.1611904761904762
4790,ñˆì‡åhëæ,3,40,13,9,7,0.16425,0,2,6,3,2,0,0,0,0,0,0.1611904761904762
4790,ñˆì‡åhëæ,4,43,4,8,11,0.17162790697674418,0,0,0,4,0,0,0,0,0,0,0.1611904761904762
4790,ñˆì‡åhëæ,5,36,1,8,8,0.16555555555555557,0,0,0,1,0,0,0,0,0,0,0.1611904761904762
4790,ñˆì‡åhëæ,6,40,0,3,7,0.174,0,0,0,0,0,0,0,0,0,0,0.1611904761904762
4791,çï‡VÇﬂÇÆÇ›,1,31,19,3,0,0.17096774193548386,17,0,0,0,2,0,2,7,3,0,0.1798989898989899
4791,çï‡VÇﬂÇÆÇ›,2,44,8,8,13,0.1781818181818182,0,6,2,0,0,0,0,0,0,21,0.1798989898989899
4791,çï‡VÇﬂÇÆÇ›,3,29,1,4,8,0.17344827586206898,0,0,1,0,0,0,0,0,0,0,0.1798989898989899
4791,çï‡VÇﬂÇÆÇ›,4,29,5,4,2,0.16655172413793104,0,1,0,4,0,0,0,0,0,0,0.1798989898989899
4791,çï‡VÇﬂÇÆÇ›,5,35,0,6,6,0.20085714285714287,0,0,0,0,0,0,0,0,0,0,0.1798989898989899
4791,çï‡VÇﬂÇÆÇ›,6,30,0,5,5,0.18633333333333332,0,0,0,0,0,0,0,0,0,0,0.1798989898989899
4792,êôë∫å´ñÁ,1,21,4,5,4,0.18523809523809526,4,0,0,0,0,0,7,2,6,0,0.17939393939393938
4792,êôë∫å´ñÁ,2,22,2,0,5,0.18181818181818182,0,0,2,0,0,0,0,0,0,8,0.17939393939393938
4792,êôë∫å´ñÁ,3,24,1,3,2,0.20625000000000002,0,0,0,1,0,0,0,0,0,0,0.17939393939393938
4792,êôë∫å´ñÁ,4,22,2,1,2,0.17909090909090908,0,0,1,1,0,0,0,0,0,0,0.17939393939393938
4792,êôë∫å´ñÁ,5,22,2,3,2,0.15863636363636366,0,1,0,0,0,1,0,0,0,0,0.17939393939393938
4792,êôë∫å´ñÁ,6,21,1,0,1,0.16238095238095238,0,0,1,0,0,0,0,0,0,0,0.17939393939393938
4793,ã‡éqñG,1,41,27,8,1,0.12682926829268293,27,0,0,0,0,0,4,6,4,0,0.14138775510204082
4793,ã‡éqñG,2,42,9,12,7,0.14666666666666667,0,5,2,1,1,0,0,0,0,18,0.14138775510204082
4793,ã‡éqñG,3,42,12,7,9,0.13904761904761903,0,1,2,7,2,0,0,0,0,0,0.14138775510204082
4793,ã‡éqñG,4,40,5,6,13,0.1545,0,3,1,0,1,0,0,0,0,0,0.14138775510204082
4793,ã‡éqñG,5,36,5,4,6,0.12944444444444445,0,0,1,3,1,0,0,0,0,0,0.14138775510204082
4793,ã‡éqñG,6,44,0,4,6,0.15000000000000002,0,0,0,0,0,0,0,0,0,0,0.14138775510204082
4794,òaìcëÒñÁ,1,40,27,4,3,0.14750000000000002,26,0,0,0,1,0,6,2,5,0,0.13839506172839508
4794,òaìcëÒñÁ,2,41,5,15,8,0.13756097560975608,0,1,2,0,2,0,0,0,0,21,0.13839506172839508
4794,òaìcëÒñÁ,3,47,9,8,15,0.15446808510638296,0,1,1,5,2,0,0,0,0,0,0.13839506172839508
4794,òaìcëÒñÁ,4,41,2,11,9,0.12536585365853659,0,0,1,1,0,0,0,0,0,0,0.13839506172839508
4794,òaìcëÒñÁ,5,36,2,3,8,0.13277777777777777,0,0,1,1,0,0,0,0,0,0,0.13839506172839508
4794,òaìcëÒñÁ,6,38,2,2,5,0.12921052631578947,0,0,1,1,0,0,0,0,0,0,0.13839506172839508
4796,ètâÄå˜ëæ,1,37,15,11,3,0.13891891891891894,15,0,0,0,0,0,7,5,7,0,0.14098130841121495
4796,ètâÄå˜ëæ,2,37,11,6,6,0.12945945945945947,0,8,0,0,3,0,0,0,0,13,0.14098130841121495
4796,ètâÄå˜ëæ,3,36,5,11,5,0.1413888888888889,0,0,1,3,1,0,0,0,0,0,0.14098130841121495
4796,ètâÄå˜ëæ,4,36,7,8,4,0.14222222222222222,0,1,2,3,1,0,0,0,0,0,0.14098130841121495
4796,ètâÄå˜ëæ,5,38,1,6,9,0.14578947368421052,0,0,0,1,0,0,0,0,0,0,0.14098130841121495
4796,ètâÄå˜ëæ,6,30,0,3,7,0.14966666666666667,0,0,0,0,0,0,0,0,0,0,0.14098130841121495
4797,íÜéRè´,1,42,24,8,2,0.17857142857142858,23,0,0,0,1,0,5,6,7,0,0.15246636771300448
4797,íÜéRè´,2,34,7,10,6,0.13647058823529412,0,4,2,0,1,0,0,0,0,17,0.15246636771300448
4797,íÜéRè´,3,37,5,6,5,0.1618918918918919,0,1,2,2,0,0,0,0,0,0,0.15246636771300448
4797,íÜéRè´,4,37,4,7,5,0.15297297297297296,0,0,3,1,0,0,0,0,0,0,0.15246636771300448
4797,íÜéRè´,5,40,5,1,4,0.13225,0,1,2,2,0,0,0,0,0,0,0.15246636771300448
4797,íÜéRè´,6,33,0,4,9,0.14909090909090908,0,0,0,0,0,0,0,0,0,0,0.15246636771300448
4798,ïlêÊê^îÕ,1,60,42,7,4,0.14316666666666666,39,0,0,0,3,0,3,7,6,0,0.1446896551724138
4798,ïlêÊê^îÕ,2,50,13,19,6,0.14,1,10,0,0,1,1,0,0,0,25,0.1446896551724138
4798,ïlêÊê^îÕ,3,46,10,15,8,0.14673913043478262,0,0,2,6,2,0,0,0,0,0,0.1446896551724138
4798,ïlêÊê^îÕ,4,42,4,12,8,0.1438095238095238,0,0,1,2,1,0,0,0,0,0,0.1446896551724138
4798,ïlêÊê^îÕ,5,47,3,6,7,0.13936170212765958,0,0,0,2,0,1,0,0,0,0,0.1446896551724138
4798,ïlêÊê^îÕ,6,45,0,5,13,0.15622222222222223,0,0,0,0,0,0,0,0,0,0,0.1446896551724138
4800,è¨éõåùêl,1,16,3,2,2,0.17500000000000002,3,0,0,0,0,0,1,4,8,0,0.18049586776859505
4800,è¨éõåùêl,2,19,1,2,3,0.16789473684210526,0,1,0,0,0,0,0,0,0,9,0.18049586776859505
4800,è¨éõåùêl,3,21,0,2,7,0.1895238095238095,0,0,0,0,0,0,0,0,0,0,0.18049586776859505
4800,è¨éõåùêl,4,22,2,2,6,0.16727272727272727,0,1,0,0,1,0,0,0,0,0,0.18049586776859505
4800,è¨éõåùêl,5,20,0,0,5,0.1735,0,0,0,0,0,0,0,0,0,0,0.18049586776859505
4800,è¨éõåùêl,6,23,0,0,4,0.20521739130434782,0,0,0,0,0,0,0,0,0,0,0.18049586776859505
4802,íÜìcíBñÁ,1,50,38,6,2,0.14859999999999998,36,0,0,0,2,0,2,3,5,0,0.13961977186311786
4802,íÜìcíBñÁ,2,45,19,12,2,0.14155555555555555,1,13,1,1,1,2,0,0,0,24,0.13961977186311786
4802,íÜìcíBñÁ,3,42,13,13,6,0.13380952380952382,0,3,4,6,0,0,0,0,0,0,0.13961977186311786
4802,íÜìcíBñÁ,4,44,9,8,5,0.13,0,3,2,4,0,0,0,0,0,0,0.13961977186311786
4802,íÜìcíBñÁ,5,40,8,6,7,0.14225000000000002,0,0,1,5,2,0,0,0,0,0,0.13961977186311786
4802,íÜìcíBñÁ,6,42,3,5,7,0.14023809523809522,0,0,1,2,0,0,0,0,0,0,0.13961977186311786
4803,î—ìcèØå·,1,7,1,0,0,0.23285714285714285,1,0,0,0,0,0,2,3,1,0,0.19703125
4803,î—ìcèØå·,2,13,0,2,3,0.21769230769230768,0,0,0,0,0,0,0,0,0,5,0.19703125
4803,î—ìcèØå·,3,12,0,2,2,0.18166666666666667,0,0,0,0,0,0,0,0,0,0,0.19703125
4803,î—ìcèØå·,4,12,0,3,2,0.17166666666666666,0,0,0,0,0,0,0,0,0,0,0.19703125
4803,î—ìcèØå·,5,13,0,2,3,0.18846153846153849,0,0,0,0,0,0,0,0,0,0,0.19703125
4803,î—ìcèØå·,6,7,0,0,2,0.20857142857142857,0,0,0,0,0,0,0,0,0,0,0.19703125
4804,çÇìcÇ–Ç©ÇÈ,1,59,32,11,6,0.17864406779661016,29,0,0,0,3,0,10,8,4,0,0.1822641509433962
4804,çÇìcÇ–Ç©ÇÈ,2,39,13,6,7,0.18333333333333335,0,1,10,0,1,1,0,0,0,14,0.1822641509433962
4804,çÇìcÇ–Ç©ÇÈ,3,46,16,10,4,0.19086956521739132,0,0,13,0,3,0,0,0,0,0,0.1822641509433962
4804,çÇìcÇ–Ç©ÇÈ,4,48,9,10,10,0.18145833333333336,0,0,7,2,0,0,0,0,0,0,0.1822641509433962
4804,çÇìcÇ–Ç©ÇÈ,5,37,2,10,7,0.19054054054054054,0,0,1,1,0,0,0,0,0,0,0.1822641509433962
4804,çÇìcÇ–Ç©ÇÈ,6,36,6,3,6,0.16861111111111113,0,1,4,1,0,0,0,0,0,0,0.1822641509433962
4806,ç≤ì°ãùéq,1,13,1,0,2,0.2792307692307692,1,0,0,0,0,0,4,7,0,0,0.19362745098039216
4806,ç≤ì°ãùéq,2,21,1,2,1,0.20333333333333337,0,0,0,0,1,0,0,0,0,12,0.19362745098039216
4806,ç≤ì°ãùéq,3,19,0,1,0,0.18263157894736842,0,0,0,0,0,0,0,0,0,0,0.19362745098039216
4806,ç≤ì°ãùéq,4,20,0,1,0,0.17250000000000001,0,0,0,0,0,0,0,0,0,0,0.19362745098039216
4806,ç≤ì°ãùéq,5,13,0,0,0,0.16846153846153847,0,0,0,0,0,0,0,0,0,0,0.19362745098039216
4806,ç≤ì°ãùéq,6,16,0,0,1,0.17124999999999999,0,0,0,0,0,0,0,0,0,0,0.19362745098039216
4807,â™óIïΩ,1,3,1,0,1,0.11333333333333334,1,0,0,0,0,0,1,1,0,0,0.16777777777777778
4807,â™óIïΩ,2,4,0,1,0,0.1625,0,0,0,0,0,0,0,0,0,2,0.16777777777777778
4807,â™óIïΩ,3,2,0,0,0,0.22499999999999998,0,0,0,0,0,0,0,0,0,0,0.16777777777777778
4807,â™óIïΩ,4,3,0,0,1,0.23666666666666666,0,0,0,0,0,0,0,0,0,0,0.16777777777777778
4807,â™óIïΩ,5,3,0,0,0,0.09000000000000001,0,0,0,0,0,0,0,0,0,0,0.16777777777777778
4807,â™óIïΩ,6,3,0,0,0,0.19999999999999998,0,0,0,0,0,0,0,0,0,0,0.16777777777777778
4808,èºîˆëÒ,1,32,25,1,3,0.135625,25,0,0,0,0,0,1,3,2,0,0.14271356783919598
4808,èºîˆëÒ,2,32,5,8,5,0.13625,0,3,2,0,0,0,0,0,0,15,0.14271356783919598
4808,èºîˆëÒ,3,30,5,3,7,0.14,0,0,2,3,0,0,0,0,0,0,0.14271356783919598
4808,èºîˆëÒ,4,38,4,7,10,0.145,0,1,2,1,0,0,0,0,0,0,0.14271356783919598
4808,èºîˆëÒ,5,37,4,7,4,0.14054054054054055,0,0,1,2,0,1,0,0,0,0,0.14271356783919598
4808,èºîˆëÒ,6,30,2,1,3,0.15966666666666668,0,0,0,1,1,0,0,0,0,0,0.14271356783919598
4809,äOçËåÂ,1,28,11,9,4,0.16999999999999998,10,0,0,0,1,0,3,7,5,0,0.15849056603773584
4809,äOçËåÂ,2,29,6,5,6,0.15724137931034482,0,4,1,0,1,0,0,0,0,13,0.15849056603773584
4809,äOçËåÂ,3,27,0,5,10,0.16592592592592595,0,0,0,0,0,0,0,0,0,0,0.15849056603773584
4809,äOçËåÂ,4,27,7,2,7,0.12555555555555556,0,2,2,3,0,0,0,0,0,0,0.15849056603773584
4809,äOçËåÂ,5,28,2,8,6,0.15678571428571428,0,0,1,1,0,0,0,0,0,0,0.15849056603773584
4809,äOçËåÂ,6,20,0,1,3,0.181,0,0,0,0,0,0,0,0,0,0,0.15849056603773584
4811,å¸à‰ìcóCãI,1,44,20,15,3,0.1390909090909091,19,0,0,0,1,0,8,6,7,0,0.15196721311475409
4811,å¸à‰ìcóCãI,2,40,5,11,5,0.15150000000000002,0,3,2,0,0,0,0,0,0,20,0.15196721311475409
4811,å¸à‰ìcóCãI,3,47,8,11,10,0.13744680851063829,0,3,4,0,1,0,0,0,0,0,0.15196721311475409
4811,å¸à‰ìcóCãI,4,36,5,6,11,0.14833333333333332,0,1,2,1,1,0,0,0,0,0,0.15196721311475409
4811,å¸à‰ìcóCãI,5,39,2,2,9,0.16333333333333333,0,0,0,1,1,0,0,0,0,0,0.15196721311475409
4811,å¸à‰ìcóCãI,6,38,2,2,5,0.17710526315789474,0,0,0,1,1,0,0,0,0,0,0.15196721311475409
4812,êºñÏóYãM,1,52,34,8,5,0.11173076923076924,33,0,0,0,1,0,9,5,2,0,0.12427385892116183
4812,êºñÏóYãM,2,34,13,11,3,0.11764705882352941,0,10,2,0,1,0,0,0,0,14,0.12427385892116183
4812,êºñÏóYãM,3,41,16,10,8,0.12146341463414635,0,5,2,9,0,0,0,0,0,0,0.12427385892116183
4812,êºñÏóYãM,4,39,7,8,13,0.11794871794871795,0,2,3,2,0,0,0,0,0,0,0.12427385892116183
4812,êºñÏóYãM,5,33,3,4,5,0.13333333333333333,0,0,0,3,0,0,0,0,0,0,0.12427385892116183
4812,êºñÏóYãM,6,42,2,6,6,0.14666666666666667,0,0,0,2,0,0,0,0,0,0,0.12427385892116183
4813,ã{ì‡íºç∆,1,27,11,5,2,0.1733333333333333,9,0,0,0,1,1,7,8,1,0,0.1906896551724138
4813,ã{ì‡íºç∆,2,29,2,8,3,0.2017241379310345,0,2,0,0,0,0,0,0,0,15,0.1906896551724138
4813,ã{ì‡íºç∆,3,31,3,4,4,0.1938709677419355,0,0,2,1,0,0,0,0,0,0,0.1906896551724138
4813,ã{ì‡íºç∆,4,31,5,5,3,0.15580645161290324,0,1,1,1,2,0,0,0,0,0,0.1906896551724138
4813,ã{ì‡íºç∆,5,29,2,1,7,0.19827586206896552,0,0,0,1,1,0,0,0,0,0,0.1906896551724138
4813,ã{ì‡íºç∆,6,27,0,2,2,0.22444444444444447,0,0,0,0,0,0,0,0,0,0,0.1906896551724138
4815,ïöìáóSâÓ,1,24,6,3,5,0.19333333333333333,5,0,0,0,1,0,6,8,3,0,0.18274509803921568
4815,ïöìáóSâÓ,2,24,2,4,7,0.17916666666666667,0,0,2,0,0,0,0,0,0,8,0.18274509803921568
4815,ïöìáóSâÓ,3,30,4,7,5,0.185,0,0,2,2,0,0,0,0,0,0,0.18274509803921568
4815,ïöìáóSâÓ,4,31,1,6,5,0.17,0,0,1,0,0,0,0,0,0,0,0.18274509803921568
4815,ïöìáóSâÓ,5,23,1,1,3,0.17391304347826086,0,0,0,1,0,0,0,0,0,0,0.18274509803921568
4815,ïöìáóSâÓ,6,21,0,1,5,0.2,0,0,0,0,0,0,0,0,0,0,0.18274509803921568
4816,ë∫èºèCìÒ,1,52,36,6,1,0.1671153846153846,36,0,0,0,0,0,4,5,7,0,0.1509504132231405
4816,ë∫èºèCìÒ,2,40,9,10,9,0.14475,0,1,6,0,2,0,0,0,0,19,0.1509504132231405
4816,ë∫èºèCìÒ,3,40,11,10,8,0.14725,0,1,2,5,3,0,0,0,0,0,0.1509504132231405
4816,ë∫èºèCìÒ,4,35,7,8,6,0.14,0,2,5,0,0,0,0,0,0,0,0.1509504132231405
4816,ë∫èºèCìÒ,5,36,8,6,7,0.15388888888888888,0,0,2,5,1,0,0,0,0,0,0.1509504132231405
4816,ë∫èºèCìÒ,6,39,5,7,8,0.14666666666666667,0,1,1,3,0,0,0,0,0,0,0.1509504132231405
4817,ìnÁ≥óÉ,1,54,31,12,5,0.12407407407407407,31,0,0,0,0,0,7,11,4,0,0.14350180505415164
4817,ìnÁ≥óÉ,2,49,4,13,13,0.14530612244897959,0,2,1,0,0,1,0,0,0,31,0.14350180505415164
4817,ìnÁ≥óÉ,3,44,3,11,8,0.14795454545454545,0,0,1,1,1,0,0,0,0,0,0.14350180505415164
4817,ìnÁ≥óÉ,4,45,3,6,13,0.14822222222222223,0,0,1,2,0,0,0,0,0,0,0.14350180505415164
4817,ìnÁ≥óÉ,5,42,1,5,7,0.14166666666666666,0,0,0,1,0,0,0,0,0,0,0.14350180505415164
4817,ìnÁ≥óÉ,6,43,0,6,6,0.15813953488372093,0,0,0,0,0,0,0,0,0,0,0.14350180505415164
4818,ïöå©èrâÓ,1,16,10,2,0,0.16125,10,0,0,0,0,0,2,3,0,0,0.15716535433070866
4818,ïöå©èrâÓ,2,24,4,5,4,0.17416666666666666,0,0,2,0,2,0,0,0,0,15,0.15716535433070866
4818,ïöå©èrâÓ,3,23,3,7,2,0.15173913043478263,0,0,2,1,0,0,0,0,0,0,0.15716535433070866
4818,ïöå©èrâÓ,4,22,4,3,2,0.16090909090909092,0,0,3,1,0,0,0,0,0,0,0.15716535433070866
4818,ïöå©èrâÓ,5,22,1,3,4,0.15454545454545454,0,0,1,0,0,0,0,0,0,0,0.15716535433070866
4818,ïöå©èrâÓ,6,20,3,2,3,0.1385,0,1,1,1,0,0,0,0,0,0,0.15716535433070866
4819,ñIê{êêê∂,1,30,16,3,6,0.168,16,0,0,0,0,0,3,9,1,0,0.1751794871794872
4819,ñIê{êêê∂,2,36,7,4,7,0.195,0,3,4,0,0,0,0,0,0,15,0.1751794871794872
4819,ñIê{êêê∂,3,34,3,5,7,0.15764705882352942,0,0,1,2,0,0,0,0,0,0,0.1751794871794872
4819,ñIê{êêê∂,4,29,3,0,9,0.17413793103448275,0,0,2,1,0,0,0,0,0,0,0.1751794871794872
4819,ñIê{êêê∂,5,34,1,2,3,0.17176470588235293,0,0,0,1,0,0,0,0,0,0,0.1751794871794872
4819,ñIê{êêê∂,6,32,0,2,8,0.18281250000000002,0,0,0,0,0,0,0,0,0,0,0.1751794871794872
4821,ç»íπêWñÁ,1,27,10,8,3,0.20296296296296298,10,0,0,0,0,0,6,7,2,0,0.19839195979899496
4821,ç»íπêWñÁ,2,35,6,3,8,0.186,0,4,2,0,0,0,0,0,0,12,0.19839195979899496
4821,ç»íπêWñÁ,3,39,5,11,9,0.20025641025641028,0,1,0,4,0,0,0,0,0,0,0.19839195979899496
4821,ç»íπêWñÁ,4,33,2,8,7,0.20636363636363636,0,0,1,0,1,0,0,0,0,0,0.19839195979899496
4821,ç»íπêWñÁ,5,32,2,1,7,0.1940625,0,0,0,2,0,0,0,0,0,0,0.19839195979899496
4821,ç»íπêWñÁ,6,33,0,2,8,0.2018181818181818,0,0,0,0,0,0,0,0,0,0,0.19839195979899496
4822,ïSïê„ƒ,1,26,12,7,1,0.16192307692307692,12,0,0,0,0,0,4,6,4,0,0.17390862944162436
4822,ïSïê„ƒ,2,36,6,13,8,0.1763888888888889,0,6,0,0,0,0,0,0,0,21,0.17390862944162436
4822,ïSïê„ƒ,3,36,4,11,9,0.15611111111111112,0,0,2,1,1,0,0,0,0,0,0.17390862944162436
4822,ïSïê„ƒ,4,34,3,6,7,0.17676470588235293,0,2,1,0,0,0,0,0,0,0,0.17390862944162436
4822,ïSïê„ƒ,5,35,1,4,8,0.182,0,0,1,0,0,0,0,0,0,0,0.17390862944162436
4822,ïSïê„ƒ,6,30,0,5,7,0.19,0,0,0,0,0,0,0,0,0,0,0.17390862944162436
4823,íÜë∫ìçâ¿,1,61,44,7,5,0.12786885245901639,44,0,0,0,0,0,8,2,5,0,0.1272727272727273
4823,íÜë∫ìçâ¿,2,39,12,13,6,0.12871794871794873,1,8,2,0,1,0,0,0,0,16,0.1272727272727273
4823,íÜë∫ìçâ¿,3,39,8,11,7,0.12128205128205129,0,3,4,0,1,0,0,0,0,0,0.1272727272727273
4823,íÜë∫ìçâ¿,4,48,6,12,10,0.11,0,1,5,0,0,0,0,0,0,0,0.1272727272727273
4823,íÜë∫ìçâ¿,5,31,5,6,4,0.12064516129032259,0,1,1,3,0,0,0,0,0,0,0.1272727272727273
4823,íÜë∫ìçâ¿,6,35,3,3,10,0.16085714285714287,0,0,0,1,2,0,0,0,0,0,0.1272727272727273
4824,èºà‰ç^ñÌ,1,42,32,7,1,0.1269047619047619,32,0,0,0,0,0,2,6,2,0,0.1367420814479638
4824,èºà‰ç^ñÌ,2,34,11,6,7,0.13852941176470587,0,8,1,0,2,0,0,0,0,15,0.1367420814479638
4824,èºà‰ç^ñÌ,3,39,11,11,5,0.13512820512820514,0,6,1,4,0,0,0,0,0,0,0.1367420814479638
4824,èºà‰ç^ñÌ,4,39,7,7,5,0.13205128205128205,0,3,1,2,0,1,0,0,0,0,0.1367420814479638
4824,èºà‰ç^ñÌ,5,33,2,2,10,0.14454545454545456,0,1,0,1,0,0,0,0,0,0,0.1367420814479638
4824,èºà‰ç^ñÌ,6,34,1,2,6,0.14676470588235294,0,0,0,0,1,0,0,0,0,0,0.1367420814479638
4825,ëqéù‰ªÅX,1,44,33,6,2,0.12886363636363637,31,0,0,0,1,1,5,4,2,0,0.14082901554404145
4825,ëqéù‰ªÅX,2,27,6,7,7,0.14851851851851852,0,1,3,0,2,0,0,0,0,14,0.14082901554404145
4825,ëqéù‰ªÅX,3,41,8,11,9,0.13658536585365852,0,2,2,2,2,0,0,0,0,0,0.14082901554404145
4825,ëqéù‰ªÅX,4,32,6,12,6,0.133125,0,0,3,2,1,0,0,0,0,0,0.14082901554404145
4825,ëqéù‰ªÅX,5,26,3,7,5,0.16999999999999998,0,0,1,1,1,0,0,0,0,0,0.14082901554404145
4825,ëqéù‰ªÅX,6,23,1,5,4,0.14,0,0,0,1,0,0,0,0,0,0,0.14082901554404145
4826,à‰è„àÍãP,1,49,34,5,5,0.14183673469387756,31,0,0,0,3,0,6,6,3,0,0.1448684210526316
4826,à‰è„àÍãP,2,34,6,7,9,0.15911764705882353,0,2,1,0,3,0,0,0,0,21,0.1448684210526316
4826,à‰è„àÍãP,3,42,11,11,7,0.1473809523809524,0,1,4,5,1,0,0,0,0,0,0.1448684210526316
4826,à‰è„àÍãP,4,37,6,6,9,0.13702702702702704,0,1,2,3,0,0,0,0,0,0,0.1448684210526316
4826,à‰è„àÍãP,5,32,2,5,5,0.140625,0,0,1,1,0,0,0,0,0,0,0.1448684210526316
4826,à‰è„àÍãP,6,34,2,4,5,0.14441176470588235,0,0,0,2,0,0,0,0,0,0,0.1448684210526316
4828,èºéRè´å·,1,46,28,7,2,0.14173913043478262,27,0,0,0,1,0,0,8,7,0,0.15421641791044777
4828,èºéRè´å·,2,44,8,13,12,0.15818181818181817,0,4,1,1,1,1,0,0,0,24,0.15421641791044777
4828,èºéRè´å·,3,47,6,13,9,0.15,0,1,0,5,0,0,0,0,0,0,0.15421641791044777
4828,èºéRè´å·,4,48,10,11,9,0.14479166666666668,0,3,2,3,2,0,0,0,0,0,0.15421641791044777
4828,èºéRè´å·,5,43,6,4,10,0.1672093023255814,0,0,1,4,1,0,0,0,0,0,0.15421641791044777
4828,èºéRè´å·,6,40,0,7,15,0.1665,0,0,0,0,0,0,0,0,0,0,0.15421641791044777
4831,âHñÏíºñÁ,1,49,38,8,1,0.11979591836734695,36,1,0,0,0,1,4,1,5,0,0.12128099173553719
4831,âHñÏíºñÁ,2,42,6,15,6,0.10952380952380951,0,4,2,0,0,0,0,0,0,22,0.12128099173553719
4831,âHñÏíºñÁ,3,34,9,7,7,0.1361764705882353,0,1,2,5,0,1,0,0,0,0,0.12128099173553719
4831,âHñÏíºñÁ,4,49,11,13,10,0.11448979591836736,0,5,3,3,0,0,0,0,0,0,0.12128099173553719
4831,âHñÏíºñÁ,5,35,1,7,11,0.12142857142857143,0,0,1,0,0,0,0,0,0,0,0.12128099173553719
4831,âHñÏíºñÁ,6,33,0,2,10,0.13303030303030303,0,0,0,0,0,0,0,0,0,0,0.12128099173553719
4832,å†ì°èråı,1,52,39,8,2,0.1405769230769231,36,0,0,0,3,0,2,7,4,0,0.14449612403100776
4832,å†ì°èråı,2,54,15,19,12,0.15333333333333332,0,11,3,0,1,0,0,0,0,26,0.14449612403100776
4832,å†ì°èråı,3,36,7,15,8,0.14,0,1,1,3,2,0,0,0,0,0,0.14449612403100776
4832,å†ì°èråı,4,41,9,8,11,0.14560975609756097,0,1,4,3,1,0,0,0,0,0,0.14449612403100776
4832,å†ì°èråı,5,35,6,7,9,0.14914285714285713,0,1,1,4,0,0,0,0,0,0,0.14449612403100776
4832,å†ì°èråı,6,40,0,8,12,0.1365,0,0,0,0,0,0,0,0,0,0,0.14449612403100776
4834,ïlñ{óTå»,1,31,14,8,2,0.14580645161290323,14,0,0,0,0,0,6,2,5,0,0.15864197530864196
4834,ïlñ{óTå»,2,45,3,8,11,0.1751111111111111,0,0,1,1,1,0,0,0,0,24,0.15864197530864196
4834,ïlñ{óTå»,3,42,5,12,9,0.15714285714285717,1,1,0,2,1,0,0,0,0,0,0.15864197530864196
4834,ïlñ{óTå»,4,48,3,3,12,0.15645833333333334,0,0,0,3,0,0,0,0,0,0,0.15864197530864196
4834,ïlñ{óTå»,5,44,2,4,3,0.14272727272727273,0,0,1,1,0,0,0,0,0,0,0.15864197530864196
4834,ïlñ{óTå»,6,33,0,0,4,0.17454545454545453,0,0,0,0,0,0,0,0,0,0,0.15864197530864196
4835,ã¥ñ{ñæ,1,31,10,8,5,0.16806451612903225,9,0,0,0,1,0,6,8,6,0,0.17141630901287552
4835,ã¥ñ{ñæ,2,39,3,8,16,0.17051282051282052,0,3,0,0,0,0,0,0,0,27,0.17141630901287552
4835,ã¥ñ{ñæ,3,53,6,12,13,0.17415094339622642,0,1,0,4,1,0,0,0,0,0,0.17141630901287552
4835,ã¥ñ{ñæ,4,38,0,4,10,0.1631578947368421,0,0,0,0,0,0,0,0,0,0,0.17141630901287552
4835,ã¥ñ{ñæ,5,42,1,2,11,0.17642857142857143,0,1,0,0,0,0,0,0,0,0,0.17141630901287552
4835,ã¥ñ{ñæ,6,30,0,3,5,0.17466666666666666,0,0,0,0,0,0,0,0,0,0,0.17141630901287552
4836,ëÂíJåíëæ,1,30,10,2,9,0.1716666666666667,10,0,0,0,0,0,3,9,6,0,0.15536585365853658
4836,ëÂíJåíëæ,2,35,2,10,10,0.16685714285714284,0,1,1,0,0,0,0,0,0,18,0.15536585365853658
4836,ëÂíJåíëæ,3,39,3,7,7,0.16179487179487181,0,1,0,2,0,0,0,0,0,0,0.15536585365853658
4836,ëÂíJåíëæ,4,35,6,3,8,0.14314285714285713,0,2,3,1,0,0,0,0,0,0,0.15536585365853658
4836,ëÂíJåíëæ,5,36,1,4,1,0.1411111111111111,0,0,1,0,0,0,0,0,0,0,0.15536585365853658
4836,ëÂíJåíëæ,6,30,4,3,3,0.14866666666666667,0,0,2,2,0,0,0,0,0,0,0.15536585365853658
4837,éà‰ózóS,1,22,8,4,4,0.17,8,0,0,0,0,0,9,4,1,0,0.17006060606060605
4837,éà‰ózóS,2,30,4,5,4,0.15566666666666668,0,4,0,0,0,0,0,0,0,17,0.17006060606060605
4837,éà‰ózóS,3,31,4,5,5,0.1503225806451613,0,1,2,1,0,0,0,0,0,0,0.17006060606060605
4837,éà‰ózóS,4,29,1,5,4,0.17034482758620692,0,0,0,1,0,0,0,0,0,0,0.17006060606060605
4837,éà‰ózóS,5,27,2,2,1,0.17296296296296296,0,2,0,0,0,0,0,0,0,0,0.17006060606060605
4837,éà‰ózóS,6,26,0,0,2,0.20692307692307693,0,0,0,0,0,0,0,0,0,0,0.17006060606060605
4839,élã{ó^ä∞,1,37,20,5,4,0.15243243243243243,19,0,0,0,1,0,5,8,3,0,0.14352941176470588
4839,élã{ó^ä∞,2,42,11,12,8,0.13595238095238096,0,8,3,0,0,0,0,0,0,20,0.14352941176470588
4839,élã{ó^ä∞,3,30,2,8,8,0.14,0,1,1,0,0,0,0,0,0,0,0.14352941176470588
4839,élã{ó^ä∞,4,37,2,9,8,0.14027027027027028,0,0,1,0,1,0,0,0,0,0,0.14352941176470588
4839,élã{ó^ä∞,5,39,3,3,6,0.13102564102564104,0,0,1,1,0,1,0,0,0,0,0.14352941176470588
4839,élã{ó^ä∞,6,36,0,7,7,0.16305555555555556,0,0,0,0,0,0,0,0,0,0,0.14352941176470588
4840,óÈñÿèG‰ù,1,27,4,7,4,0.17037037037037037,4,0,0,0,0,0,7,8,7,0,0.1756701030927835
4840,óÈñÿèG‰ù,2,32,0,5,6,0.19125,0,0,0,0,0,0,0,0,0,21,0.1756701030927835
4840,óÈñÿèG‰ù,3,38,4,2,14,0.16921052631578948,0,2,2,0,0,0,0,0,0,0,0.1756701030927835
4840,óÈñÿèG‰ù,4,34,3,2,6,0.1797058823529412,0,1,2,0,0,0,0,0,0,0,0.1756701030927835
4840,óÈñÿèG‰ù,5,34,1,2,3,0.16029411764705884,0,0,1,0,0,0,0,0,0,0,0.1756701030927835
4840,óÈñÿèG‰ù,6,29,0,1,6,0.18517241379310345,0,0,0,0,0,0,0,0,0,0,0.1756701030927835
4841,çÇã¥óIâ‘,1,3,1,1,0,0.18666666666666668,1,0,0,0,0,0,0,1,0,0,0.15941176470588236
4841,çÇã¥óIâ‘,2,3,0,0,0,0.15333333333333332,0,0,0,0,0,0,0,0,0,3,0.15941176470588236
4841,çÇã¥óIâ‘,3,4,0,1,0,0.16999999999999998,0,0,0,0,0,0,0,0,0,0,0.15941176470588236
4841,çÇã¥óIâ‘,4,2,0,1,0,0.15,0,0,0,0,0,0,0,0,0,0,0.15941176470588236
4841,çÇã¥óIâ‘,5,2,1,0,0,0.045,0,0,1,0,0,0,0,0,0,0,0.15941176470588236
4841,çÇã¥óIâ‘,6,3,0,0,0,0.20666666666666667,0,0,0,0,0,0,0,0,0,0,0.15941176470588236
4842,éRâ∫çVëÂ,1,30,16,7,2,0.14266666666666666,14,0,0,0,1,1,1,7,3,0,0.15474747474747474
4842,éRâ∫çVëÂ,2,34,5,8,8,0.1535294117647059,0,5,0,0,0,0,0,0,0,21,0.15474747474747474
4842,éRâ∫çVëÂ,3,31,1,13,9,0.1396774193548387,0,0,0,1,0,0,0,0,0,0,0.15474747474747474
4842,éRâ∫çVëÂ,4,36,4,5,14,0.15444444444444447,0,0,2,2,0,0,0,0,0,0,0.15474747474747474
4842,éRâ∫çVëÂ,5,37,0,3,10,0.15162162162162163,0,0,0,0,0,0,0,0,0,0,0.15474747474747474
4842,éRâ∫çVëÂ,6,30,0,2,6,0.188,0,0,0,0,0,0,0,0,0,0,0.15474747474747474
4843,ê[îˆîbåb,1,22,5,3,5,0.23636363636363636,5,0,0,0,0,0,6,8,1,0,0.20302816901408452
4843,ê[îˆîbåb,2,27,2,4,1,0.2162962962962963,0,0,2,0,0,0,0,0,0,16,0.20302816901408452
4843,ê[îˆîbåb,3,27,4,1,2,0.19777777777777777,0,0,3,0,1,0,0,0,0,0,0.20302816901408452
4843,ê[îˆîbåb,4,21,3,3,3,0.22333333333333336,0,0,3,0,0,0,0,0,0,0,0.20302816901408452
4843,ê[îˆîbåb,5,23,1,5,4,0.14782608695652175,0,0,0,0,1,0,0,0,0,0,0.20302816901408452
4843,ê[îˆîbåb,6,22,0,0,2,0.1981818181818182,0,0,0,0,0,0,0,0,0,0,0.20302816901408452
4844,ë∫è„ìﬁï‰,1,24,10,2,3,0.1675,9,0,0,0,1,0,3,7,3,0,0.18875647668393783
4844,ë∫è„ìﬁï‰,2,38,2,7,9,0.19210526315789472,0,2,0,0,0,0,0,0,0,24,0.18875647668393783
4844,ë∫è„ìﬁï‰,3,35,1,4,6,0.18999999999999997,0,0,0,1,0,0,0,0,0,0,0.18875647668393783
4844,ë∫è„ìﬁï‰,4,38,2,4,10,0.1836842105263158,0,1,1,0,0,0,0,0,0,0,0.18875647668393783
4844,ë∫è„ìﬁï‰,5,30,0,1,3,0.19166666666666668,0,0,0,0,0,0,0,0,0,0,0.18875647668393783
4844,ë∫è„ìﬁï‰,6,28,0,2,1,0.20464285714285715,0,0,0,0,0,0,0,0,0,0,0.18875647668393783
4845,ëOìcé—äÛ,1,38,20,10,5,0.1386842105263158,20,0,0,0,0,0,4,6,5,0,0.14958715596330274
4845,ëOìcé—äÛ,2,34,8,7,5,0.13588235294117648,0,3,3,0,2,0,0,0,0,12,0.14958715596330274
4845,ëOìcé—äÛ,3,41,8,11,8,0.16073170731707317,0,0,2,4,2,0,0,0,0,0,0.14958715596330274
4845,ëOìcé—äÛ,4,37,2,10,12,0.12756756756756757,0,0,2,0,0,0,0,0,0,0,0.14958715596330274
4845,ëOìcé—äÛ,5,37,2,8,6,0.15324324324324323,0,0,0,2,0,0,0,0,0,0,0.14958715596330274
4845,ëOìcé—äÛ,6,31,2,3,5,0.18516129032258066,0,1,0,1,0,0,0,0,0,0,0.14958715596330274
4846,ç≤ì°èxâÓ,1,29,14,5,3,0.15758620689655173,11,0,0,0,3,0,3,9,1,0,0.16726141078838175
4846,ç≤ì°èxâÓ,2,47,3,8,5,0.17829787234042555,0,2,0,0,0,1,0,0,0,24,0.16726141078838175
4846,ç≤ì°èxâÓ,3,46,3,10,6,0.14369565217391306,0,1,1,1,0,0,0,0,0,0,0.16726141078838175
4846,ç≤ì°èxâÓ,4,47,5,5,8,0.16489361702127658,0,1,2,2,0,0,0,0,0,0,0.16726141078838175
4846,ç≤ì°èxâÓ,5,42,2,4,7,0.1811904761904762,0,0,1,1,0,0,0,0,0,0,0.16726141078838175
4846,ç≤ì°èxâÓ,6,30,0,2,4,0.17966666666666667,0,0,0,0,0,0,0,0,0,0,0.16726141078838175
4847,ç≤ì°ó≤ëæòY,1,45,27,5,5,0.1622222222222222,24,0,0,0,3,0,7,6,2,0,0.15665198237885464
4847,ç≤ì°ó≤ëæòY,2,37,10,10,6,0.14459459459459462,0,9,1,0,0,0,0,0,0,18,0.15665198237885464
4847,ç≤ì°ó≤ëæòY,3,35,7,11,7,0.16371428571428573,0,1,2,3,1,0,0,0,0,0,0.15665198237885464
4847,ç≤ì°ó≤ëæòY,4,33,5,9,7,0.13424242424242425,0,0,3,1,1,0,0,0,0,0,0.15665198237885464
4847,ç≤ì°ó≤ëæòY,5,37,5,6,10,0.1572972972972973,0,0,0,3,1,1,0,0,0,0,0.15665198237885464
4847,ç≤ì°ó≤ëæòY,6,40,3,2,11,0.17325,0,0,3,0,0,0,0,0,0,0,0.15665198237885464
4848,íáíJÈDêm,1,66,52,6,4,0.12954545454545455,46,0,0,0,6,0,6,3,4,0,0.14556666666666668
4848,íáíJÈDêm,2,46,9,14,8,0.15108695652173915,0,7,1,1,0,0,0,0,0,21,0.14556666666666668
4848,íáíJÈDêm,3,50,13,15,11,0.1452,0,3,4,4,1,1,0,0,0,0,0.14556666666666668
4848,íáíJÈDêm,4,55,5,18,13,0.15363636363636363,0,0,1,2,1,1,0,0,0,0,0.14556666666666668
4848,íáíJÈDêm,5,37,3,13,9,0.14513513513513515,0,1,0,1,1,0,0,0,0,0,0.14556666666666668
4848,íáíJÈDêm,6,46,1,10,10,0.15413043478260868,0,0,1,0,0,0,0,0,0,0,0.14556666666666668
4849,êXìcëæóz,1,7,0,3,2,0.19999999999999998,0,0,0,0,0,0,0,4,0,0,0.21648148148148147
4849,êXìcëæóz,2,11,1,5,1,0.17545454545454545,0,1,0,0,0,0,0,0,0,5,0.21648148148148147
4849,êXìcëæóz,3,8,0,0,5,0.22,0,0,0,0,0,0,0,0,0,0,0.21648148148148147
4849,êXìcëæóz,4,9,0,1,0,0.23444444444444443,0,0,0,0,0,0,0,0,0,0,0.21648148148148147
4849,êXìcëæóz,5,10,0,0,1,0.229,0,0,0,0,0,0,0,0,0,0,0.21648148148148147
4849,êXìcëæóz,6,9,0,0,1,0.24444444444444446,0,0,0,0,0,0,0,0,0,0,0.21648148148148147
4850,ñÏíÜàÍïΩ,1,34,27,3,1,0.11794117647058823,26,0,0,0,1,0,0,3,4,0,0.12983516483516483
4850,ñÏíÜàÍïΩ,2,26,5,6,4,0.11538461538461539,0,4,0,0,1,0,0,0,0,12,0.12983516483516483
4850,ñÏíÜàÍïΩ,3,30,7,9,6,0.12366666666666666,0,0,3,3,1,0,0,0,0,0,0.12983516483516483
4850,ñÏíÜàÍïΩ,4,34,5,8,9,0.11029411764705882,0,1,2,1,1,0,0,0,0,0,0.12983516483516483
4850,ñÏíÜàÍïΩ,5,28,4,4,6,0.1575,0,0,1,3,0,0,0,0,0,0,0.12983516483516483
4850,ñÏíÜàÍïΩ,6,30,1,6,7,0.15833333333333333,0,0,0,0,1,0,0,0,0,0,0.12983516483516483
4851,ä÷ç_ç∆,1,70,56,7,5,0.1362857142857143,53,0,0,0,3,0,6,5,2,0,0.1544718309859155
4851,ä÷ç_ç∆,2,46,14,18,6,0.15956521739130433,0,10,2,0,2,0,0,0,0,25,0.1544718309859155
4851,ä÷ç_ç∆,3,47,19,10,12,0.15553191489361703,0,1,9,4,5,0,0,0,0,0,0.1544718309859155
4851,ä÷ç_ç∆,4,45,2,19,15,0.15022222222222223,0,0,1,1,0,0,0,0,0,0,0.1544718309859155
4851,ä÷ç_ç∆,5,39,7,11,7,0.1717948717948718,0,0,1,6,0,0,0,0,0,0,0.1544718309859155
4851,ä÷ç_ç∆,6,37,4,12,9,0.1681081081081081,0,1,0,2,0,1,0,0,0,0,0.1544718309859155
4852,êÏå¥óSñæ,1,52,39,6,3,0.1601923076923077,38,0,0,0,1,0,3,7,0,0,0.15350000000000003
4852,êÏå¥óSñæ,2,43,9,11,8,0.15069767441860465,0,5,2,1,1,0,0,0,0,25,0.15350000000000003
4852,êÏå¥óSñæ,3,38,13,7,7,0.16394736842105265,0,4,2,6,1,0,0,0,0,0,0.15350000000000003
4852,êÏå¥óSñæ,4,36,7,8,10,0.15055555555555555,0,3,1,2,1,0,0,0,0,0,0.15350000000000003
4852,êÏå¥óSñæ,5,32,3,8,7,0.1465625,0,0,0,1,1,1,0,0,0,0,0.15350000000000003
4852,êÏå¥óSñæ,6,39,1,6,13,0.1458974358974359,0,0,0,1,0,0,0,0,0,0,0.15350000000000003
4853,ëOå¥ç∆,1,21,8,3,1,0.19047619047619047,8,0,0,0,0,0,2,10,1,0,0.19017045454545453
4853,ëOå¥ç∆,2,31,4,5,5,0.1993548387096774,0,3,1,0,0,0,0,0,0,14,0.19017045454545453
4853,ëOå¥ç∆,3,36,2,8,8,0.17583333333333334,0,1,0,0,1,0,0,0,0,0,0.19017045454545453
4853,ëOå¥ç∆,4,33,1,3,7,0.1781818181818182,0,1,0,0,0,0,0,0,0,0,0.19017045454545453
4853,ëOå¥ç∆,5,36,0,2,6,0.19972222222222225,0,0,0,0,0,0,0,0,0,0,0.19017045454545453
4853,ëOå¥ç∆,6,19,0,2,4,0.20473684210526316,0,0,0,0,0,0,0,0,0,0,0.19017045454545453
4854,ëÂã¥óRéÏ,1,27,12,5,2,0.20296296296296298,11,0,0,0,1,0,2,9,2,0,0.1918181818181818
4854,ëÂã¥óRéÏ,2,41,1,6,17,0.18170731707317073,0,0,1,0,0,0,0,0,0,27,0.1918181818181818
4854,ëÂã¥óRéÏ,3,37,4,4,6,0.20216216216216218,0,0,0,4,0,0,0,0,0,0,0.1918181818181818
4854,ëÂã¥óRéÏ,4,25,2,3,3,0.20559999999999998,0,0,0,1,1,0,0,0,0,0,0.1918181818181818
4854,ëÂã¥óRéÏ,5,32,1,2,7,0.1809375,0,0,1,0,0,0,0,0,0,0,0.1918181818181818
4854,ëÂã¥óRéÏ,6,36,1,3,6,0.18444444444444444,0,0,0,0,1,0,0,0,0,0,0.1918181818181818
4855,ç]ì™å´ëæ,1,19,11,1,3,0.15263157894736842,10,0,0,0,1,0,3,1,2,0,0.15718954248366013
4855,ç]ì™å´ëæ,2,30,7,3,5,0.15833333333333333,0,4,2,1,0,0,0,0,0,15,0.15718954248366013
4855,ç]ì™å´ëæ,3,23,4,0,4,0.17,0,0,4,0,0,0,0,0,0,0,0.15718954248366013
4855,ç]ì™å´ëæ,4,27,2,2,4,0.14074074074074072,0,0,2,0,0,0,0,0,0,0,0.15718954248366013
4855,ç]ì™å´ëæ,5,29,0,1,1,0.15448275862068966,0,0,0,0,0,0,0,0,0,0,0.15718954248366013
4855,ç]ì™å´ëæ,6,25,1,2,0,0.1684,0,0,1,0,0,0,0,0,0,0,0.15718954248366013
4856,ñLìcåíémòY,1,48,32,6,6,0.14166666666666666,30,0,0,0,2,0,5,7,3,0,0.1574703557312253
4856,ñLìcåíémòY,2,37,8,11,7,0.18054054054054053,0,8,0,0,0,0,0,0,0,17,0.1574703557312253
4856,ñLìcåíémòY,3,44,8,11,18,0.15022727272727274,0,1,3,2,1,1,0,0,0,0,0.1574703557312253
4856,ñLìcåíémòY,4,42,10,8,11,0.15,0,3,2,4,0,1,0,0,0,0,0.1574703557312253
4856,ñLìcåíémòY,5,40,4,9,6,0.15325,0,0,1,3,0,0,0,0,0,0,0.1574703557312253
4856,ñLìcåíémòY,6,42,4,4,11,0.1742857142857143,0,0,3,1,0,0,0,0,0,0,0.1574703557312253
4857,â¡ì°„ƒîn,1,40,25,6,2,0.15175,25,0,0,0,0,0,4,5,4,0,0.17735042735042736
4857,â¡ì°„ƒîn,2,47,12,16,9,0.15787234042553192,0,3,6,1,2,0,0,0,0,28,0.17735042735042736
4857,â¡ì°„ƒîn,3,34,9,12,5,0.19,0,1,2,4,2,0,0,0,0,0,0.17735042735042736
4857,â¡ì°„ƒîn,4,37,3,15,6,0.18972972972972973,0,0,2,1,0,0,0,0,0,0,0.17735042735042736
4857,â¡ì°„ƒîn,5,37,2,9,7,0.18432432432432433,0,0,0,2,0,0,0,0,0,0,0.17735042735042736
4857,â¡ì°„ƒîn,6,39,1,4,18,0.1976923076923077,0,0,0,1,0,0,0,0,0,0,0.17735042735042736
4861,ìcíÜçGé˜,1,24,14,1,2,0.17041666666666666,14,0,0,0,0,0,5,3,0,0,0.1651295336787565
4861,ìcíÜçGé˜,2,35,4,9,7,0.16971428571428573,0,3,0,0,1,0,0,0,0,22,0.1651295336787565
4861,ìcíÜçGé˜,3,36,7,8,9,0.1461111111111111,0,1,4,2,0,0,0,0,0,0,0.1651295336787565
4861,ìcíÜçGé˜,4,35,2,4,8,0.15771428571428572,0,0,1,1,0,0,0,0,0,0,0.1651295336787565
4861,ìcíÜçGé˜,5,31,0,2,4,0.17806451612903226,0,0,0,0,0,0,0,0,0,0,0.1651295336787565
4861,ìcíÜçGé˜,6,32,0,1,1,0.173125,0,0,0,0,0,0,0,0,0,0,0.1651295336787565
4862,ïêì°íºéu,1,15,4,0,5,0.20666666666666667,4,0,0,0,0,0,4,3,2,0,0.19879999999999998
4862,ïêì°íºéu,2,18,0,2,3,0.18944444444444444,0,0,0,0,0,0,0,0,0,8,0.19879999999999998
4862,ïêì°íºéu,3,21,0,2,3,0.17761904761904762,0,0,0,0,0,0,0,0,0,0,0.19879999999999998
4862,ïêì°íºéu,4,18,0,3,4,0.18555555555555556,0,0,0,0,0,0,0,0,0,0,0.19879999999999998
4862,ïêì°íºéu,5,15,1,0,0,0.22733333333333333,0,0,0,0,1,0,0,0,0,0,0.19879999999999998
4862,ïêì°íºéu,6,13,0,1,1,0.22230769230769232,0,0,0,0,0,0,0,0,0,0,0.19879999999999998
4863,éOâYóTãM,1,24,4,6,4,0.17416666666666666,4,0,0,0,0,0,11,6,2,0,0.16329608938547485
4863,éOâYóTãM,2,38,2,10,4,0.15078947368421053,0,2,0,0,0,0,0,0,0,22,0.16329608938547485
4863,éOâYóTãM,3,31,1,2,11,0.1606451612903226,0,0,1,0,0,0,0,0,0,0,0.16329608938547485
4863,éOâYóTãM,4,27,0,3,5,0.18037037037037038,0,0,0,0,0,0,0,0,0,0,0.16329608938547485
4863,éOâYóTãM,5,31,1,4,9,0.1732258064516129,0,0,0,1,0,0,0,0,0,0,0.16329608938547485
4863,éOâYóTãM,6,28,0,1,9,0.14642857142857144,0,0,0,0,0,0,0,0,0,0,0.16329608938547485
4864,è¨êÏì˙ãIëæ,1,22,9,4,2,0.1390909090909091,8,0,0,0,1,0,6,4,0,0,0.14577142857142858
4864,è¨êÏì˙ãIëæ,2,35,7,9,8,0.14114285714285715,0,2,3,0,2,0,0,0,0,15,0.14577142857142858
4864,è¨êÏì˙ãIëæ,3,31,1,7,6,0.1525806451612903,0,0,1,0,0,0,0,0,0,0,0.14577142857142858
4864,è¨êÏì˙ãIëæ,4,28,2,7,3,0.1407142857142857,0,0,2,0,0,0,0,0,0,0,0.14577142857142858
4864,è¨êÏì˙ãIëæ,5,32,1,4,4,0.1446875,0,0,1,0,0,0,0,0,0,0,0.14577142857142858
4864,è¨êÏì˙ãIëæ,6,27,0,2,3,0.1559259259259259,0,0,0,0,0,0,0,0,0,0,0.14577142857142858
4865,óßãÔåhéi,1,18,6,6,0,0.17388888888888887,6,0,0,0,0,0,2,7,1,0,0.18758389261744965
4865,óßãÔåhéi,2,27,3,2,5,0.21370370370370373,0,2,1,0,0,0,0,0,0,8,0.18758389261744965
4865,óßãÔåhéi,3,25,3,10,4,0.1804,0,0,2,1,0,0,0,0,0,0,0.18758389261744965
4865,óßãÔåhéi,4,28,2,1,6,0.185,0,0,1,1,0,0,0,0,0,0,0.18758389261744965
4865,óßãÔåhéi,5,30,0,2,5,0.18066666666666667,0,0,0,0,0,0,0,0,0,0,0.18758389261744965
4865,óßãÔåhéi,6,21,1,1,2,0.18761904761904763,0,0,0,1,0,0,0,0,0,0,0.18758389261744965
4866,ã¥ñ{âpàÍ,1,28,14,7,1,0.15964285714285714,14,0,0,0,0,0,3,2,6,0,0.1507843137254902
4866,ã¥ñ{âpàÍ,2,34,4,9,11,0.14941176470588236,0,2,2,0,0,0,0,0,0,20,0.1507843137254902
4866,ã¥ñ{âpàÍ,3,37,2,15,5,0.14324324324324325,0,0,2,0,0,0,0,0,0,0,0.1507843137254902
4866,ã¥ñ{âpàÍ,4,36,1,8,4,0.14777777777777779,0,0,0,0,0,1,0,0,0,0,0.1507843137254902
4866,ã¥ñ{âpàÍ,5,35,1,1,10,0.14571428571428574,0,0,0,1,0,0,0,0,0,0,0.1507843137254902
4866,ã¥ñ{âpàÍ,6,34,1,3,4,0.16147058823529412,0,0,0,1,0,0,0,0,0,0,0.1507843137254902
4870,êVìcóLóù,1,1,0,0,0,0.28,0,0,0,0,0,0,0,0,1,0,0.1575
4870,êVìcóLóù,3,1,0,0,0,0.08,0,0,0,0,0,0,0,0,0,0,0.1575
4870,êVìcóLóù,5,1,0,0,0,0.11,0,0,0,0,0,0,0,0,0,0,0.1575
4870,êVìcóLóù,6,1,0,1,0,0.16,0,0,0,0,0,0,0,0,0,0,0.1575
4871,ãeírçGéu,1,15,7,0,3,0.21066666666666667,6,0,0,0,0,1,2,3,2,0,0.20446280991735538
4871,ãeírçGéu,2,25,0,3,4,0.1996,0,0,0,0,0,0,0,0,0,11,0.20446280991735538
4871,ãeírçGéu,3,21,1,3,5,0.20095238095238094,0,0,1,0,0,0,0,0,0,0,0.20446280991735538
4871,ãeírçGéu,4,25,0,2,5,0.226,0,0,0,0,0,0,0,0,0,0,0.20446280991735538
4871,ãeírçGéu,5,20,0,0,5,0.17250000000000001,0,0,0,0,0,0,0,0,0,0,0.20446280991735538
4871,ãeírçGéu,6,15,0,0,0,0.218,0,0,0,0,0,0,0,0,0,0,0.20446280991735538
4872,éRâ∫ó¨êS,1,55,29,12,2,0.1469090909090909,27,0,0,0,2,0,8,6,7,0,0.1739041095890411
4872,éRâ∫ó¨êS,2,47,4,20,14,0.16170212765957445,0,3,0,0,1,0,0,0,0,34,0.1739041095890411
4872,éRâ∫ó¨êS,3,50,7,16,15,0.1598,0,1,2,2,1,1,0,0,0,0,0.1739041095890411
4872,éRâ∫ó¨êS,4,44,4,12,14,0.17454545454545453,0,1,1,2,0,0,0,0,0,0,0.1739041095890411
4872,éRâ∫ó¨êS,5,49,1,5,13,0.18857142857142858,0,0,0,1,0,0,0,0,0,0,0.1739041095890411
4872,éRâ∫ó¨êS,6,47,0,2,11,0.21680851063829787,0,0,0,0,0,0,0,0,0,0,0.1739041095890411
4873,äóå¥åíëæ,1,20,4,2,4,0.20249999999999999,4,0,0,0,0,0,2,3,8,0,0.18892215568862275
4873,äóå¥åíëæ,2,29,2,4,6,0.16448275862068965,0,0,2,0,0,0,0,0,0,16,0.18892215568862275
4873,äóå¥åíëæ,3,33,1,5,6,0.17393939393939395,0,0,0,1,0,0,0,0,0,0,0.18892215568862275
4873,äóå¥åíëæ,4,27,0,2,4,0.17407407407407408,0,0,0,0,0,0,0,0,0,0,0.18892215568862275
4873,äóå¥åíëæ,5,31,1,2,6,0.2064516129032258,0,0,1,0,0,0,0,0,0,0,0.18892215568862275
4873,äóå¥åíëæ,6,27,0,0,1,0.21814814814814815,0,0,0,0,0,0,0,0,0,0,0.18892215568862275
4874,írìcìﬁí√î¸,1,27,6,6,4,0.13999999999999999,6,0,0,0,0,0,4,11,1,0,0.1504494382022472
4874,írìcìﬁí√î¸,2,35,2,4,13,0.15285714285714286,0,2,0,0,0,0,0,0,0,18,0.1504494382022472
4874,írìcìﬁí√î¸,3,28,3,6,5,0.135,0,0,0,2,1,0,0,0,0,0,0.1504494382022472
4874,írìcìﬁí√î¸,4,30,1,4,3,0.145,0,0,1,0,0,0,0,0,0,0,0.1504494382022472
4874,írìcìﬁí√î¸,5,29,1,1,6,0.1406896551724138,0,0,0,1,0,0,0,0,0,0,0.1504494382022472
4874,írìcìﬁí√î¸,6,29,1,0,4,0.18758620689655173,0,0,1,0,0,0,0,0,0,0,0.1504494382022472
4875,ëÂíÀçNâÎ,1,27,14,6,4,0.15333333333333332,12,0,0,0,2,0,1,7,3,0,0.18238888888888888
4875,ëÂíÀçNâÎ,2,35,6,11,4,0.1945714285714286,0,5,1,0,0,0,0,0,0,17,0.18238888888888888
4875,ëÂíÀçNâÎ,3,29,6,5,6,0.16689655172413792,0,1,2,2,1,0,0,0,0,0,0.18238888888888888
4875,ëÂíÀçNâÎ,4,30,4,6,1,0.188,0,3,0,1,0,0,0,0,0,0,0.18238888888888888
4875,ëÂíÀçNâÎ,5,31,0,4,5,0.17806451612903226,0,0,0,0,0,0,0,0,0,0,0.18238888888888888
4875,ëÂíÀçNâÎ,6,28,1,1,5,0.21,0,1,0,0,0,0,0,0,0,0,0.18238888888888888
4876,î~ñÿåhëæ,1,19,7,5,1,0.14684210526315788,7,0,0,0,0,0,6,1,4,0,0.15820224719101122
4876,î~ñÿåhëæ,2,34,0,6,8,0.14852941176470588,0,0,0,0,0,0,0,0,0,17,0.15820224719101122
4876,î~ñÿåhëæ,3,36,1,6,3,0.15611111111111112,0,0,1,0,0,0,0,0,0,0,0.15820224719101122
4876,î~ñÿåhëæ,4,29,2,3,5,0.1610344827586207,0,1,1,0,0,0,0,0,0,0,0.15820224719101122
4876,î~ñÿåhëæ,5,34,1,4,3,0.16705882352941176,0,0,0,1,0,0,0,0,0,0,0.15820224719101122
4876,î~ñÿåhëæ,6,26,0,2,0,0.1673076923076923,0,0,0,0,0,0,0,0,0,0,0.15820224719101122
4877,óÈíJàÍïΩ,1,51,34,8,3,0.1380392156862745,34,0,0,0,0,0,6,5,6,0,0.14251908396946567
4877,óÈíJàÍïΩ,2,38,9,9,7,0.15157894736842104,0,3,4,1,1,0,0,0,0,17,0.14251908396946567
4877,óÈíJàÍïΩ,3,46,8,7,13,0.12478260869565218,0,0,3,4,0,1,0,0,0,0,0.14251908396946567
4877,óÈíJàÍïΩ,4,43,10,2,4,0.15930232558139534,0,0,6,4,0,0,0,0,0,0,0.14251908396946567
4877,óÈíJàÍïΩ,5,39,5,7,6,0.13538461538461538,0,0,1,3,1,0,0,0,0,0,0.14251908396946567
4877,óÈíJàÍïΩ,6,45,6,6,9,0.14822222222222223,0,0,5,1,0,0,0,0,0,0,0.14251908396946567
4878,êºâ™àÁñ¢,1,36,15,7,6,0.19944444444444445,15,0,0,0,0,0,4,12,3,0,0.1988349514563107
4878,êºâ™àÁñ¢,2,36,5,7,8,0.19111111111111112,0,1,2,0,1,1,0,0,0,13,0.1988349514563107
4878,êºâ™àÁñ¢,3,42,3,5,11,0.18261904761904763,0,0,1,2,0,0,0,0,0,0,0.1988349514563107
4878,êºâ™àÁñ¢,4,30,3,1,8,0.2006666666666667,0,1,1,0,1,0,0,0,0,0,0.1988349514563107
4878,êºâ™àÁñ¢,5,34,1,1,10,0.19941176470588237,0,0,0,1,0,0,0,0,0,0,0.1988349514563107
4878,êºâ™àÁñ¢,6,28,0,0,1,0.22964285714285712,0,0,0,0,0,0,0,0,0,0,0.1988349514563107
4879,éRçËìSïΩ,1,18,11,4,0,0.15722222222222224,11,0,0,0,0,0,2,3,1,0,0.17440251572327045
4879,éRçËìSïΩ,2,23,6,3,3,0.16086956521739132,0,3,1,2,0,0,0,0,0,10,0.17440251572327045
4879,éRçËìSïΩ,3,22,1,6,4,0.1490909090909091,0,0,1,0,0,0,0,0,0,0,0.17440251572327045
4879,éRçËìSïΩ,4,31,2,6,6,0.15967741935483873,0,1,0,1,0,0,0,0,0,0,0.17440251572327045
4879,éRçËìSïΩ,5,29,0,3,7,0.19310344827586207,0,0,0,0,0,0,0,0,0,0,0.17440251572327045
4879,éRçËìSïΩ,6,36,0,5,8,0.20472222222222222,0,0,0,0,0,0,0,0,0,0,0.17440251572327045
4880,‡VçËóYç∆,1,32,17,7,0,0.125,15,0,0,0,2,0,2,5,5,0,0.13515625
4880,‡VçËóYç∆,2,33,4,6,11,0.12484848484848485,0,1,3,0,0,0,0,0,0,18,0.13515625
4880,‡VçËóYç∆,3,29,5,4,8,0.13482758620689655,0,0,3,2,0,0,0,0,0,0,0.13515625
4880,‡VçËóYç∆,4,32,4,5,8,0.13343750000000001,0,0,4,0,0,0,0,0,0,0,0.13515625
4880,‡VçËóYç∆,5,33,1,6,10,0.13,0,0,1,0,0,0,0,0,0,0,0.13515625
4880,‡VçËóYç∆,6,33,3,3,6,0.16242424242424244,0,0,1,2,0,0,0,0,0,0,0.13515625
4881,íhè´ëæ,1,2,0,1,0,0.125,0,0,0,0,0,0,1,0,0,0,0.19249999999999998
4881,íhè´ëæ,2,4,0,1,1,0.225,0,0,0,0,0,0,0,0,0,2,0.19249999999999998
4881,íhè´ëæ,3,7,0,0,1,0.20285714285714285,0,0,0,0,0,0,0,0,0,0,0.19249999999999998
4881,íhè´ëæ,4,7,0,0,0,0.1757142857142857,0,0,0,0,0,0,0,0,0,0,0.19249999999999998
4881,íhè´ëæ,5,5,0,0,1,0.202,0,0,0,0,0,0,0,0,0,0,0.19249999999999998
4881,íhè´ëæ,6,3,0,0,0,0.19333333333333336,0,0,0,0,0,0,0,0,0,0,0.19249999999999998
4882,ëÎêÏêÁàÀ,1,10,2,1,2,0.203,2,0,0,0,0,0,1,2,2,0,0.20723076923076925
4882,ëÎêÏêÁàÀ,2,12,1,1,2,0.20916666666666664,0,1,0,0,0,0,0,0,0,4,0.20723076923076925
4882,ëÎêÏêÁàÀ,3,14,1,0,5,0.22714285714285715,0,0,0,1,0,0,0,0,0,0,0.20723076923076925
4882,ëÎêÏêÁàÀ,4,10,2,0,1,0.198,0,1,0,1,0,0,0,0,0,0,0.20723076923076925
4882,ëÎêÏêÁàÀ,5,12,0,1,2,0.18833333333333332,0,0,0,0,0,0,0,0,0,0,0.20723076923076925
4882,ëÎêÏêÁàÀ,6,7,0,1,0,0.21571428571428572,0,0,0,0,0,0,0,0,0,0,0.20723076923076925
4883,â™ïîëÂãP,1,39,26,5,3,0.13256410256410256,25,0,0,0,1,0,4,4,2,0,0.14142222222222223
4883,â™ïîëÂãP,2,40,9,12,3,0.15125,0,7,1,0,1,0,0,0,0,17,0.14142222222222223
4883,â™ïîëÂãP,3,43,5,12,5,0.12813953488372093,0,1,2,2,0,0,0,0,0,0,0.14142222222222223
4883,â™ïîëÂãP,4,38,6,8,4,0.14342105263157895,0,2,1,2,1,0,0,0,0,0,0.14142222222222223
4883,â™ïîëÂãP,5,35,4,5,4,0.14514285714285716,0,0,0,3,1,0,0,0,0,0,0.14142222222222223
4883,â™ïîëÂãP,6,30,1,3,7,0.15200000000000002,0,1,0,0,0,0,0,0,0,0,0.14142222222222223
4884,èüâYê^îø,1,45,31,7,2,0.11288888888888889,30,0,0,0,1,0,4,8,1,0,0.1284192439862543
4884,èüâYê^îø,2,50,7,15,9,0.1174,0,4,3,0,0,0,0,0,0,23,0.1284192439862543
4884,èüâYê^îø,3,55,6,9,9,0.12563636363636363,0,2,0,1,3,0,0,0,0,0,0.1284192439862543
4884,èüâYê^îø,4,55,5,4,10,0.13963636363636364,0,0,3,1,1,0,0,0,0,0,0.1284192439862543
4884,èüâYê^îø,5,44,0,1,8,0.13068181818181818,0,0,0,0,0,0,0,0,0,0,0.1284192439862543
4884,èüâYê^îø,6,42,1,2,5,0.14476190476190476,0,1,0,0,0,0,0,0,0,0,0.1284192439862543
4885,ëÂéRêÁçL,1,40,33,3,2,0.12150000000000001,30,0,0,0,3,0,1,4,2,0,0.14016216216216215
4885,ëÂéRêÁçL,2,26,3,10,5,0.1423076923076923,0,2,1,0,0,0,0,0,0,13,0.14016216216216215
4885,ëÂéRêÁçL,3,34,11,11,5,0.14764705882352944,0,2,5,3,1,0,0,0,0,0,0.14016216216216215
4885,ëÂéRêÁçL,4,30,6,6,5,0.127,0,0,5,1,0,0,0,0,0,0,0.14016216216216215
4885,ëÂéRêÁçL,5,25,1,6,5,0.146,0,1,0,0,0,0,0,0,0,0,0.14016216216216215
4885,ëÂéRêÁçL,6,30,3,4,8,0.163,0,0,3,0,0,0,0,0,0,0,0.14016216216216215
4886,ì¸äCä],1,44,31,1,5,0.1665909090909091,31,0,0,0,0,0,5,5,2,0,0.15146666666666667
4886,ì¸äCä],2,45,14,12,9,0.13555555555555554,0,10,3,0,0,1,0,0,0,19,0.15146666666666667
4886,ì¸äCä],3,40,8,16,5,0.13525,0,2,2,3,1,0,0,0,0,0,0.15146666666666667
4886,ì¸äCä],4,30,5,6,4,0.14266666666666666,0,0,3,1,1,0,0,0,0,0,0.15146666666666667
4886,ì¸äCä],5,34,3,5,11,0.15117647058823527,0,0,0,2,1,0,0,0,0,0,0.15146666666666667
4886,ì¸äCä],6,32,0,2,7,0.181875,0,0,0,0,0,0,0,0,0,0,0.15146666666666667
4887,ïx‡VóSçÏ,1,29,16,1,4,0.15413793103448276,15,0,0,0,1,0,2,6,2,0,0.1527777777777778
4887,ïx‡VóSçÏ,2,41,6,14,7,0.16219512195121952,0,5,0,1,0,0,0,0,0,21,0.1527777777777778
4887,ïx‡VóSçÏ,3,28,5,5,3,0.14964285714285716,0,0,1,4,0,0,0,0,0,0,0.1527777777777778
4887,ïx‡VóSçÏ,4,33,3,7,3,0.15212121212121213,0,2,0,1,0,0,0,0,0,0,0.1527777777777778
4887,ïx‡VóSçÏ,5,34,5,5,12,0.1388235294117647,0,1,0,4,0,0,0,0,0,0,0.1527777777777778
4887,ïx‡VóSçÏ,6,33,0,1,5,0.1575757575757576,0,0,0,0,0,0,0,0,0,0,0.1527777777777778
4888,ã‡éôó≤ëæ,1,53,32,7,3,0.1539622641509434,30,0,0,0,2,0,9,5,5,0,0.1616206896551724
4888,ã‡éôó≤ëæ,2,49,11,15,10,0.15224489795918367,2,5,4,0,0,0,0,0,0,25,0.1616206896551724
4888,ã‡éôó≤ëæ,3,49,20,9,7,0.15714285714285714,2,1,10,6,1,0,0,0,0,0,0.1616206896551724
4888,ã‡éôó≤ëæ,4,49,7,9,11,0.16,0,1,4,1,1,0,0,0,0,0,0.1616206896551724
4888,ã‡éôó≤ëæ,5,48,4,7,5,0.165625,0,2,0,2,0,0,0,0,0,0,0.1616206896551724
4888,ã‡éôó≤ëæ,6,42,2,3,7,0.18476190476190477,1,0,0,0,1,0,0,0,0,0,0.1616206896551724
4889,å„ì°ê∑ñÁ,1,27,14,5,0,0.1562962962962963,14,0,0,0,0,0,5,5,2,0,0.1461256544502618
4889,å„ì°ê∑ñÁ,2,33,6,7,4,0.13484848484848486,0,1,3,0,2,0,0,0,0,21,0.1461256544502618
4889,å„ì°ê∑ñÁ,3,34,4,9,5,0.1285294117647059,0,1,2,1,0,0,0,0,0,0,0.1461256544502618
4889,å„ì°ê∑ñÁ,4,34,1,9,2,0.1611764705882353,0,0,1,0,0,0,0,0,0,0,0.1461256544502618
4889,å„ì°ê∑ñÁ,5,32,1,3,6,0.1428125,0,0,0,1,0,0,0,0,0,0,0.1461256544502618
4889,å„ì°ê∑ñÁ,6,31,2,2,4,0.15548387096774194,0,1,0,0,1,0,0,0,0,0,0.1461256544502618
4890,êŒêÏó»,1,23,8,7,2,0.1565217391304348,8,0,0,0,0,0,7,6,1,0,0.16071065989847716
4890,êŒêÏó»,2,44,6,9,8,0.1675,0,4,2,0,0,0,0,0,0,26,0.16071065989847716
4890,êŒêÏó»,3,30,1,7,6,0.16133333333333333,0,0,0,1,0,0,0,0,0,0,0.16071065989847716
4890,êŒêÏó»,4,37,2,4,11,0.1627027027027027,0,0,0,2,0,0,0,0,0,0,0.16071065989847716
4890,êŒêÏó»,5,35,3,1,3,0.1437142857142857,0,0,1,2,0,0,0,0,0,0,0.16071065989847716
4890,êŒêÏó»,6,28,0,1,4,0.17142857142857143,0,0,0,0,0,0,0,0,0,0,0.16071065989847716
4891,éõìáî¸ó¢,1,26,8,4,5,0.18,6,0,0,0,2,0,6,11,0,0,0.18266666666666667
4891,éõìáî¸ó¢,2,34,1,5,6,0.21647058823529414,0,0,1,0,0,0,0,0,0,22,0.18266666666666667
4891,éõìáî¸ó¢,3,33,2,8,6,0.16424242424242425,0,0,2,0,0,0,0,0,0,0,0.18266666666666667
4891,éõìáî¸ó¢,4,33,1,6,5,0.1606060606060606,0,0,0,1,0,0,0,0,0,0,0.18266666666666667
4891,éõìáî¸ó¢,5,30,0,3,3,0.17600000000000002,0,0,0,0,0,0,0,0,0,0,0.18266666666666667
4891,éõìáî¸ó¢,6,24,1,0,2,0.20166666666666666,0,1,0,0,0,0,0,0,0,0,0.18266666666666667
4892,éƒìcíºç∆,1,58,38,6,2,0.16844827586206895,37,0,0,0,1,0,6,8,5,0,0.1779322033898305
4892,éƒìcíºç∆,2,48,9,10,13,0.17770833333333333,0,5,4,0,0,0,0,0,0,22,0.1779322033898305
4892,éƒìcíºç∆,3,55,10,16,7,0.16945454545454547,0,0,2,7,1,0,0,0,0,0,0.1779322033898305
4892,éƒìcíºç∆,4,45,4,9,12,0.18,0,2,0,2,0,0,0,0,0,0,0.1779322033898305
4892,éƒìcíºç∆,5,45,1,4,13,0.18155555555555555,0,0,0,1,0,0,0,0,0,0,0.1779322033898305
4892,éƒìcíºç∆,6,44,2,3,7,0.19545454545454544,0,0,0,1,1,0,0,0,0,0,0.1779322033898305
4893,ìnÁ≥ê^ìﬁî¸,1,28,12,8,3,0.15357142857142855,11,0,0,0,1,0,9,1,4,0,0.17491228070175438
4893,ìnÁ≥ê^ìﬁî¸,2,30,3,6,4,0.18733333333333332,0,2,1,0,0,0,0,0,0,17,0.17491228070175438
4893,ìnÁ≥ê^ìﬁî¸,3,36,2,9,6,0.1761111111111111,0,0,2,0,0,0,0,0,0,0,0.17491228070175438
4893,ìnÁ≥ê^ìﬁî¸,4,27,1,2,5,0.16518518518518518,0,1,0,0,0,0,0,0,0,0,0.17491228070175438
4893,ìnÁ≥ê^ìﬁî¸,5,26,2,5,2,0.18730769230769231,0,0,1,1,0,0,0,0,0,0,0.17491228070175438
4893,ìnÁ≥ê^ìﬁî¸,6,24,2,1,2,0.18000000000000002,0,1,0,1,0,0,0,0,0,0,0.17491228070175438
4894,å¥ë∫ëÒñÁ,1,31,11,8,4,0.18419354838709678,11,0,0,0,0,0,9,6,3,0,0.18691983122362868
4894,å¥ë∫ëÒñÁ,2,47,2,8,10,0.21574468085106385,0,2,0,0,0,0,0,0,0,26,0.18691983122362868
4894,å¥ë∫ëÒñÁ,3,40,2,8,9,0.16575,0,0,2,0,0,0,0,0,0,0,0.18691983122362868
4894,å¥ë∫ëÒñÁ,4,41,4,2,8,0.16731707317073172,0,0,3,1,0,0,0,0,0,0,0.18691983122362868
4894,å¥ë∫ëÒñÁ,5,45,1,4,5,0.18,0,0,0,1,0,0,0,0,0,0,0.18691983122362868
4894,å¥ë∫ëÒñÁ,6,33,0,0,6,0.20787878787878789,0,0,0,0,0,0,0,0,0,0,0.18691983122362868
4895,ñÂä‘óYëÂ,1,28,10,4,4,0.17285714285714285,9,0,1,0,0,0,5,6,3,0,0.16443850267379678
4895,ñÂä‘óYëÂ,2,39,2,7,9,0.1635897435897436,0,0,1,0,0,1,0,0,0,20,0.16443850267379678
4895,ñÂä‘óYëÂ,3,26,3,1,5,0.1580769230769231,0,0,3,0,0,0,0,0,0,0,0.16443850267379678
4895,ñÂä‘óYëÂ,4,28,3,5,2,0.15321428571428572,0,1,2,0,0,0,0,0,0,0,0.16443850267379678
4895,ñÂä‘óYëÂ,5,33,1,5,7,0.16575757575757574,0,0,0,1,0,0,0,0,0,0,0.16443850267379678
4895,ñÂä‘óYëÂ,6,33,1,3,3,0.1715151515151515,0,1,0,0,0,0,0,0,0,0,0.16443850267379678
4896,â‘ñ{çÑ,1,21,15,1,1,0.15285714285714286,15,0,0,0,0,0,1,2,2,0,0.17494252873563218
4896,â‘ñ{çÑ,2,37,1,5,5,0.16432432432432434,0,0,1,0,0,0,0,0,0,20,0.17494252873563218
4896,â‘ñ{çÑ,3,26,2,5,7,0.13538461538461538,0,0,0,2,0,0,0,0,0,0,0.17494252873563218
4896,â‘ñ{çÑ,4,32,2,1,5,0.18875,0,0,2,0,0,0,0,0,0,0,0.17494252873563218
4896,â‘ñ{çÑ,5,30,0,2,5,0.19433333333333333,0,0,0,0,0,0,0,0,0,0,0.17494252873563218
4896,â‘ñ{çÑ,6,28,0,1,3,0.2057142857142857,0,0,0,0,0,0,0,0,0,0,0.17494252873563218
4897,ê[å©àüóRî¸,1,33,15,5,5,0.19424242424242424,15,0,0,0,0,0,3,12,3,0,0.21212
4897,ê[å©àüóRî¸,2,45,6,9,7,0.2197777777777778,0,5,1,0,0,0,0,0,0,21,0.21212
4897,ê[å©àüóRî¸,3,52,2,7,12,0.21615384615384617,0,0,1,1,0,0,0,0,0,0,0.21212
4897,ê[å©àüóRî¸,4,43,2,2,15,0.20023255813953486,0,1,0,1,0,0,0,0,0,0,0.21212
4897,ê[å©àüóRî¸,5,41,1,1,7,0.19195121951219513,0,0,0,0,0,1,0,0,0,0,0.21212
4897,ê[å©àüóRî¸,6,36,0,2,3,0.25027777777777777,0,0,0,0,0,0,0,0,0,0,0.21212
4898,ãeínåhâÓ,1,5,0,2,0,0.17,0,0,0,0,0,0,1,2,0,0,0.15536585365853658
4898,ãeínåhâÓ,2,8,1,1,3,0.13375,0,0,1,0,0,0,0,0,0,5,0.15536585365853658
4898,ãeínåhâÓ,3,9,2,2,1,0.16333333333333333,0,0,1,1,0,0,0,0,0,0,0.15536585365853658
4898,ãeínåhâÓ,4,7,0,0,3,0.13142857142857142,0,0,0,0,0,0,0,0,0,0,0.15536585365853658
4898,ãeínåhâÓ,5,7,0,1,2,0.16428571428571428,0,0,0,0,0,0,0,0,0,0,0.15536585365853658
4898,ãeínåhâÓ,6,5,0,1,0,0.182,0,0,0,0,0,0,0,0,0,0,0.15536585365853658
4899,êËïîàÍê^,1,11,4,1,2,0.15454545454545457,3,0,0,0,1,0,2,5,0,0,0.1685185185185185
4899,êËïîàÍê^,2,20,1,3,3,0.1925,0,1,0,0,0,0,0,0,0,8,0.1685185185185185
4899,êËïîàÍê^,3,27,4,1,2,0.1637037037037037,0,1,2,0,1,0,0,0,0,0,0.1685185185185185
4899,êËïîàÍê^,4,17,0,1,4,0.18411764705882352,0,0,0,0,0,0,0,0,0,0,0.1685185185185185
4899,êËïîàÍê^,5,17,0,1,1,0.16294117647058823,0,0,0,0,0,0,0,0,0,0,0.1685185185185185
4899,êËïîàÍê^,6,16,0,1,1,0.145625,0,0,0,0,0,0,0,0,0,0,0.1685185185185185
4900,íÜìcó[ãM,1,49,35,5,1,0.1226530612244898,33,0,0,0,2,0,5,6,1,0,0.14318367346938773
4900,íÜìcó[ãM,2,38,6,13,4,0.16473684210526315,0,5,1,0,0,0,0,0,0,20,0.14318367346938773
4900,íÜìcó[ãM,3,43,5,10,6,0.1386046511627907,0,2,1,2,0,0,0,0,0,0,0.14318367346938773
4900,íÜìcó[ãM,4,40,5,6,9,0.1355,0,3,2,0,0,0,0,0,0,0,0.14318367346938773
4900,íÜìcó[ãM,5,38,2,4,7,0.155,0,0,0,2,0,0,0,0,0,0,0.14318367346938773
4900,íÜìcó[ãM,6,37,2,7,2,0.14972972972972973,0,0,0,1,1,0,0,0,0,0,0.14318367346938773
4901,èoå˚ïëóLéq,1,27,14,6,3,0.15555555555555556,14,0,0,0,0,0,4,7,1,0,0.15382716049382716
4901,èoå˚ïëóLéq,2,32,7,9,6,0.1525,0,7,0,0,0,0,0,0,0,20,0.15382716049382716
4901,èoå˚ïëóLéq,3,26,5,6,8,0.14653846153846153,0,1,3,1,0,0,0,0,0,0,0.15382716049382716
4901,èoå˚ïëóLéq,4,24,6,4,6,0.16083333333333333,0,2,2,2,0,0,0,0,0,0,0.15382716049382716
4901,èoå˚ïëóLéq,5,25,2,5,4,0.1576,0,0,0,2,0,0,0,0,0,0,0.15382716049382716
4901,èoå˚ïëóLéq,6,28,0,6,3,0.15107142857142858,0,0,0,0,0,0,0,0,0,0,0.15382716049382716
4902,éRêÏóYëÂ,1,33,20,4,2,0.14242424242424243,20,0,0,0,0,0,1,7,5,0,0.16206572769953054
4902,éRêÏóYëÂ,2,37,4,10,6,0.16054054054054054,0,4,0,0,0,0,0,0,0,25,0.16206572769953054
4902,éRêÏóYëÂ,3,32,5,5,5,0.151875,0,0,3,2,0,0,0,0,0,0,0.16206572769953054
4902,éRêÏóYëÂ,4,37,1,8,3,0.17486486486486486,0,0,1,0,0,0,0,0,0,0,0.16206572769953054
4902,éRêÏóYëÂ,5,40,2,3,6,0.16975,0,1,0,1,0,0,0,0,0,0,0.16206572769953054
4902,éRêÏóYëÂ,6,34,0,4,2,0.16941176470588235,0,0,0,0,0,0,0,0,0,0,0.16206572769953054
4903,ãgìcóΩëæòN,1,41,27,3,5,0.1597560975609756,26,0,0,0,1,0,3,8,3,0,0.19411016949152543
4903,ãgìcóΩëæòN,2,36,8,10,5,0.20805555555555555,0,7,0,0,1,0,0,0,0,19,0.19411016949152543
4903,ãgìcóΩëæòN,3,43,4,14,8,0.18395348837209302,0,2,1,0,1,0,0,0,0,0,0.19411016949152543
4903,ãgìcóΩëæòN,4,41,3,7,8,0.21487804878048783,0,0,1,1,1,0,0,0,0,0,0.19411016949152543
4903,ãgìcóΩëæòN,5,33,1,7,10,0.2278787878787879,0,0,0,1,0,0,0,0,0,0,0.19411016949152543
4903,ãgìcóΩëæòN,6,42,2,4,9,0.1792857142857143,0,0,0,1,0,1,0,0,0,0,0.19411016949152543
4904,èºñ{àÍãB,1,54,39,6,1,0.11648148148148148,38,0,0,0,1,0,3,6,4,0,0.14845878136200719
4904,èºñ{àÍãB,2,55,14,14,7,0.13945454545454544,0,9,3,1,1,0,0,0,0,24,0.14845878136200719
4904,èºñ{àÍãB,3,42,7,7,9,0.18142857142857144,0,1,4,2,0,0,0,0,0,0,0.14845878136200719
4904,èºñ{àÍãB,4,42,9,15,8,0.14928571428571427,0,1,4,3,0,1,0,0,0,0,0.14845878136200719
4904,èºñ{àÍãB,5,47,3,7,6,0.14872340425531916,0,0,1,2,0,0,0,0,0,0,0.14845878136200719
4904,èºñ{àÍãB,6,39,0,4,8,0.1687179487179487,0,0,0,0,0,0,0,0,0,0,0.14845878136200719
4905,ìyà‰èÀåﬁ,1,31,14,7,2,0.19774193548387095,14,0,0,0,0,0,1,11,3,0,0.18822784810126583
4905,ìyà‰èÀåﬁ,2,38,3,13,7,0.19105263157894736,1,1,1,0,0,0,0,0,0,20,0.18822784810126583
4905,ìyà‰èÀåﬁ,3,45,4,9,11,0.16555555555555557,0,1,2,1,0,0,0,0,0,0,0.18822784810126583
4905,ìyà‰èÀåﬁ,4,48,3,4,11,0.18270833333333333,0,0,2,0,1,0,0,0,0,0,0.18822784810126583
4905,ìyà‰èÀåﬁ,5,43,0,1,3,0.20186046511627906,0,0,0,0,0,0,0,0,0,0,0.18822784810126583
4905,ìyà‰èÀåﬁ,6,32,0,2,3,0.1975,0,0,0,0,0,0,0,0,0,0,0.18822784810126583
4906,óÈñÿâÎäÛ,1,31,13,6,3,0.1474193548387097,13,0,0,0,0,0,4,4,9,0,0.1498404255319149
4906,óÈñÿâÎäÛ,2,32,6,6,5,0.1415625,0,2,2,0,2,0,0,0,0,18,0.1498404255319149
4906,óÈñÿâÎäÛ,3,29,3,7,5,0.11758620689655173,0,0,2,1,0,0,0,0,0,0,0.1498404255319149
4906,óÈñÿâÎäÛ,4,31,5,8,5,0.14838709677419354,0,1,2,2,0,0,0,0,0,0,0.1498404255319149
4906,óÈñÿâÎäÛ,5,31,2,3,8,0.13903225806451613,0,0,0,1,1,0,0,0,0,0,0.1498404255319149
4906,óÈñÿâÎäÛ,6,34,1,1,10,0.19852941176470587,0,0,1,0,0,0,0,0,0,0,0.1498404255319149
4907,è¨írèCïΩ,1,55,47,4,1,0.15218181818181817,45,0,0,0,2,0,0,3,5,0,0.15205533596837945
4907,è¨írèCïΩ,2,43,12,7,12,0.16465116279069766,1,5,3,1,2,0,0,0,0,19,0.15205533596837945
4907,è¨írèCïΩ,3,40,8,13,5,0.153,0,1,4,1,2,0,0,0,0,0,0.15205533596837945
4907,è¨írèCïΩ,4,32,10,8,6,0.1375,0,2,4,2,2,0,0,0,0,0,0.15205533596837945
4907,è¨írèCïΩ,5,42,9,10,5,0.13714285714285715,0,3,1,5,0,0,0,0,0,0,0.15205533596837945
4907,è¨írèCïΩ,6,41,2,7,11,0.16439024390243903,0,0,2,0,0,0,0,0,0,0,0.15205533596837945
4908,è„ìcó¥êØ,1,53,37,8,4,0.14264150943396228,34,0,0,0,3,0,3,6,5,0,0.14328125
4908,è„ìcó¥êØ,2,43,9,11,10,0.13534883720930233,1,6,1,0,1,0,0,0,0,31,0.14328125
4908,è„ìcó¥êØ,3,43,15,14,1,0.1386046511627907,0,4,2,6,3,0,0,0,0,0,0.14328125
4908,è„ìcó¥êØ,4,39,10,8,9,0.13282051282051283,0,3,3,3,1,0,0,0,0,0,0.14328125
4908,è„ìcó¥êØ,5,41,9,3,7,0.16048780487804878,0,1,3,4,0,1,0,0,0,0,0.14328125
4908,è„ìcó¥êØ,6,37,1,7,13,0.15081081081081082,0,0,1,0,0,0,0,0,0,0,0.14328125
4909,ñ˜ì‡êêäÛ,1,29,13,7,4,0.1606896551724138,13,0,0,0,0,0,5,8,3,0,0.15642487046632125
4909,ñ˜ì‡êêäÛ,2,33,3,9,9,0.16757575757575757,0,2,0,0,1,0,0,0,0,21,0.15642487046632125
4909,ñ˜ì‡êêäÛ,3,37,2,8,12,0.14594594594594595,0,0,1,1,0,0,0,0,0,0,0.15642487046632125
4909,ñ˜ì‡êêäÛ,4,34,4,6,4,0.15411764705882353,0,0,0,3,1,0,0,0,0,0,0.15642487046632125
4909,ñ˜ì‡êêäÛ,5,31,0,2,7,0.15258064516129033,0,0,0,0,0,0,0,0,0,0,0.15642487046632125
4909,ñ˜ì‡êêäÛ,6,29,0,2,7,0.1596551724137931,0,0,0,0,0,0,0,0,0,0,0.15642487046632125
4910,íÜë∫ë◊ïΩ,1,54,39,11,3,0.14166666666666666,37,0,0,0,2,0,1,3,7,0,0.15815384615384614
4910,íÜë∫ë◊ïΩ,2,46,11,8,9,0.16260869565217392,0,8,2,0,1,0,0,0,0,22,0.15815384615384614
4910,íÜë∫ë◊ïΩ,3,42,7,13,9,0.15880952380952382,0,0,4,1,2,0,0,0,0,0,0.15815384615384614
4910,íÜë∫ë◊ïΩ,4,44,4,13,12,0.16227272727272726,0,0,1,1,2,0,0,0,0,0,0.15815384615384614
4910,íÜë∫ë◊ïΩ,5,37,6,9,10,0.14324324324324325,0,1,4,0,1,0,0,0,0,0,0.15815384615384614
4910,íÜë∫ë◊ïΩ,6,37,1,4,11,0.18594594594594593,0,0,0,1,0,0,0,0,0,0,0.15815384615384614
4911,ï–â™ëÂín,1,33,8,8,7,0.17545454545454545,8,0,0,0,0,0,6,11,5,0,0.15748815165876778
4911,ï–â™ëÂín,2,38,2,5,9,0.15605263157894736,0,2,0,0,0,0,0,0,0,23,0.15748815165876778
4911,ï–â™ëÂín,3,37,1,4,11,0.16216216216216217,0,0,1,0,0,0,0,0,0,0,0.15748815165876778
4911,ï–â™ëÂín,4,35,4,6,8,0.17200000000000001,0,1,0,2,0,1,0,0,0,0,0.15748815165876778
4911,ï–â™ëÂín,5,37,0,2,6,0.14270270270270272,0,0,0,0,0,0,0,0,0,0,0.15748815165876778
4911,ï–â™ëÂín,6,31,1,0,1,0.13580645161290322,0,0,0,1,0,0,0,0,0,0,0.15748815165876778
4912,íÜéRè´ëæ,1,38,24,4,4,0.14263157894736841,24,0,0,0,0,0,3,5,6,0,0.13841346153846154
4912,íÜéRè´ëæ,2,33,7,6,7,0.13787878787878788,0,4,0,1,2,0,0,0,0,17,0.13841346153846154
4912,íÜéRè´ëæ,3,38,4,6,8,0.1286842105263158,0,0,1,2,1,0,0,0,0,0,0.13841346153846154
4912,íÜéRè´ëæ,4,32,1,8,8,0.155625,0,0,0,1,0,0,0,0,0,0,0.13841346153846154
4912,íÜéRè´ëæ,5,34,2,4,3,0.14029411764705885,0,0,0,2,0,0,0,0,0,0,0.13841346153846154
4912,íÜéRè´ëæ,6,33,0,3,6,0.12666666666666665,0,0,0,0,0,0,0,0,0,0,0.13841346153846154
4913,ê¥êÖÇ≥Ç≠ÇÁ,1,17,5,2,5,0.1652941176470588,4,0,1,0,0,0,4,4,3,0,0.18847222222222224
4913,ê¥êÖÇ≥Ç≠ÇÁ,2,28,2,4,2,0.18392857142857144,0,1,0,0,1,0,0,0,0,14,0.18847222222222224
4913,ê¥êÖÇ≥Ç≠ÇÁ,3,26,0,2,7,0.20192307692307693,0,0,0,0,0,0,0,0,0,0,0.18847222222222224
4913,ê¥êÖÇ≥Ç≠ÇÁ,4,27,1,3,2,0.18037037037037038,0,0,1,0,0,0,0,0,0,0,0.18847222222222224
4913,ê¥êÖÇ≥Ç≠ÇÁ,5,19,1,1,3,0.19578947368421054,0,0,1,0,0,0,0,0,0,0,0.18847222222222224
4913,ê¥êÖÇ≥Ç≠ÇÁ,6,27,0,0,2,0.19777777777777777,0,0,0,0,0,0,0,0,0,0,0.18847222222222224
4914,ãgìcóTïΩ,1,47,33,6,5,0.14085106382978724,33,0,0,0,0,0,1,7,5,0,0.14655339805825243
4914,ãgìcóTïΩ,2,28,6,8,4,0.1475,0,2,4,0,0,0,0,0,0,13,0.14655339805825243
4914,ãgìcóTïΩ,3,32,9,7,9,0.146875,0,0,3,4,2,0,0,0,0,0,0.14655339805825243
4914,ãgìcóTïΩ,4,36,6,11,7,0.1497222222222222,0,1,1,2,1,1,0,0,0,0,0.14655339805825243
4914,ãgìcóTïΩ,5,33,6,7,4,0.14272727272727273,0,0,1,4,1,0,0,0,0,0,0.14655339805825243
4914,ãgìcóTïΩ,6,30,2,7,6,0.15466666666666665,0,0,0,2,0,0,0,0,0,0,0.14655339805825243
4916,íÜë∫ëèéu,1,18,6,6,0,0.155,6,0,0,0,0,0,4,5,2,0,0.15582089552238806
4916,íÜë∫ëèéu,2,28,0,6,8,0.16357142857142856,0,0,0,0,0,0,0,0,0,17,0.15582089552238806
4916,íÜë∫ëèéu,3,20,1,3,5,0.13899999999999998,0,0,0,1,0,0,0,0,0,0,0.15582089552238806
4916,íÜë∫ëèéu,4,22,2,5,4,0.1531818181818182,0,0,2,0,0,0,0,0,0,0,0.15582089552238806
4916,íÜë∫ëèéu,5,25,1,0,2,0.15960000000000002,0,0,0,1,0,0,0,0,0,0,0.15582089552238806
4916,íÜë∫ëèéu,6,21,1,1,3,0.1604761904761905,0,0,0,1,0,0,0,0,0,0,0.15582089552238806
4917,ä‚ã¥óTîn,1,29,3,6,4,0.18551724137931033,3,0,0,0,0,0,7,13,5,0,0.17043062200956938
4917,ä‚ã¥óTîn,2,34,5,3,5,0.1823529411764706,0,3,1,1,0,0,0,0,0,22,0.17043062200956938
4917,ä‚ã¥óTîn,3,38,0,2,9,0.16394736842105265,0,0,0,0,0,0,0,0,0,0,0.17043062200956938
4917,ä‚ã¥óTîn,4,37,1,5,7,0.17432432432432432,0,0,0,1,0,0,0,0,0,0,0.17043062200956938
4917,ä‚ã¥óTîn,5,41,0,3,8,0.15804878048780488,0,0,0,0,0,0,0,0,0,0,0.17043062200956938
4917,ä‚ã¥óTîn,6,30,0,0,2,0.16266666666666665,0,0,0,0,0,0,0,0,0,0,0.17043062200956938
4918,êÏìáëÒòY,1,28,10,5,3,0.14464285714285713,10,0,0,0,0,0,5,10,2,0,0.16990147783251233
4918,êÏìáëÒòY,2,38,3,9,7,0.17842105263157895,0,3,0,0,0,0,0,0,0,21,0.16990147783251233
4918,êÏìáëÒòY,3,40,2,3,10,0.1835,0,1,0,1,0,0,0,0,0,0,0.16990147783251233
4918,êÏìáëÒòY,4,38,4,3,1,0.15447368421052632,0,1,3,0,0,0,0,0,0,0,0.16990147783251233
4918,êÏìáëÒòY,5,34,2,2,7,0.17558823529411763,0,0,1,1,0,0,0,0,0,0,0.16990147783251233
4918,êÏìáëÒòY,6,25,1,0,3,0.17920000000000003,0,0,0,1,0,0,0,0,0,0,0.16990147783251233
4919,ãgìc„ƒåÂ,1,28,17,6,2,0.135,16,0,0,0,1,0,3,6,2,0,0.14672131147540984
4919,ãgìc„ƒåÂ,2,31,3,5,9,0.15161290322580645,0,1,0,0,1,1,0,0,0,19,0.14672131147540984
4919,ãgìc„ƒåÂ,3,29,2,6,7,0.12379310344827586,0,0,1,1,0,0,0,0,0,0,0.14672131147540984
4919,ãgìc„ƒåÂ,4,34,2,4,4,0.14176470588235296,0,0,0,1,1,0,0,0,0,0,0.14672131147540984
4919,ãgìc„ƒåÂ,5,28,0,2,5,0.15464285714285714,0,0,0,0,0,0,0,0,0,0,0.14672131147540984
4919,ãgìc„ƒåÂ,6,33,0,3,8,0.1706060606060606,0,0,0,0,0,0,0,0,0,0,0.14672131147540984
4920,ãÀë∫„ƒëæ,1,15,3,4,3,0.17333333333333334,2,0,0,0,1,0,3,5,2,0,0.16271739130434784
4920,ãÀë∫„ƒëæ,2,18,2,2,0,0.16944444444444443,0,1,1,0,0,0,0,0,0,7,0.16271739130434784
4920,ãÀë∫„ƒëæ,3,13,2,1,1,0.1776923076923077,0,0,2,0,0,0,0,0,0,0,0.16271739130434784
4920,ãÀë∫„ƒëæ,4,16,1,4,2,0.173125,0,0,0,1,0,0,0,0,0,0,0.16271739130434784
4920,ãÀë∫„ƒëæ,5,14,0,0,0,0.1285714285714286,0,0,0,0,0,0,0,0,0,0,0.16271739130434784
4920,ãÀë∫„ƒëæ,6,16,0,4,0,0.1525,0,0,0,0,0,0,0,0,0,0,0.16271739130434784
4921,ìÒã{îéãM,1,9,2,1,2,0.1622222222222222,2,0,0,0,0,0,4,1,1,0,0.17581818181818182
4921,ìÒã{îéãM,2,11,1,1,0,0.17,0,0,1,0,0,0,0,0,0,7,0.17581818181818182
4921,ìÒã{îéãM,3,11,0,0,0,0.16181818181818183,0,0,0,0,0,0,0,0,0,0,0.17581818181818182
4921,ìÒã{îéãM,4,9,0,0,0,0.18444444444444447,0,0,0,0,0,0,0,0,0,0,0.17581818181818182
4921,ìÒã{îéãM,5,8,0,0,0,0.16999999999999998,0,0,0,0,0,0,0,0,0,0,0.17581818181818182
4921,ìÒã{îéãM,6,7,0,0,0,0.22,0,0,0,0,0,0,0,0,0,0,0.17581818181818182
4923,ññïêó¢ìﬁéq,1,7,0,0,2,0.2642857142857143,0,0,0,0,0,0,0,5,2,0,0.20066666666666666
4923,ññïêó¢ìﬁéq,2,9,0,1,3,0.14333333333333334,0,0,0,0,0,0,0,0,0,3,0.20066666666666666
4923,ññïêó¢ìﬁéq,3,7,0,1,1,0.1657142857142857,0,0,0,0,0,0,0,0,0,0,0.20066666666666666
4923,ññïêó¢ìﬁéq,4,7,0,0,0,0.20714285714285713,0,0,0,0,0,0,0,0,0,0,0.20066666666666666
4923,ññïêó¢ìﬁéq,5,7,0,0,0,0.20428571428571432,0,0,0,0,0,0,0,0,0,0,0.20066666666666666
4923,ññïêó¢ìﬁéq,6,8,0,0,0,0.23125,0,0,0,0,0,0,0,0,0,0,0.20066666666666666
4924,íÜñkó¡,1,31,9,12,4,0.15225806451612903,9,0,0,0,0,0,6,8,3,0,0.1494
4924,íÜñkó¡,2,38,3,9,8,0.13342105263157897,0,3,0,0,0,0,0,0,0,22,0.1494
4924,íÜñkó¡,3,36,2,2,8,0.15722222222222224,0,0,1,0,1,0,0,0,0,0,0.1494
4924,íÜñkó¡,4,31,2,4,5,0.14387096774193547,0,1,1,0,0,0,0,0,0,0,0.1494
4924,íÜñkó¡,5,31,0,3,8,0.1474193548387097,0,0,0,0,0,0,0,0,0,0,0.1494
4924,íÜñkó¡,6,33,0,2,7,0.16363636363636364,0,0,0,0,0,0,0,0,0,0,0.1494
4925,êXóIãH,1,34,13,5,6,0.1738235294117647,12,0,0,0,1,0,2,8,10,0,0.15672340425531914
4925,êXóIãH,2,42,1,8,13,0.1838095238095238,0,0,1,0,0,0,0,0,0,24,0.15672340425531914
4925,êXóIãH,3,40,4,9,5,0.1575,0,0,1,3,0,0,0,0,0,0,0.15672340425531914
4925,êXóIãH,4,37,9,6,2,0.13567567567567568,0,0,5,2,1,1,0,0,0,0,0.15672340425531914
4925,êXóIãH,5,43,3,10,7,0.14116279069767443,0,0,0,3,0,0,0,0,0,0,0.15672340425531914
4925,êXóIãH,6,39,0,2,7,0.14897435897435898,0,0,0,0,0,0,0,0,0,0,0.15672340425531914
4926,ãgêÏãMêm,1,45,32,8,3,0.13533333333333333,31,0,0,0,1,0,4,1,7,0,0.14760330578512396
4926,ãgêÏãMêm,2,47,14,5,14,0.1525531914893617,0,7,7,0,0,0,0,0,0,29,0.14760330578512396
4926,ãgêÏãMêm,3,38,9,9,6,0.14263157894736841,0,0,5,4,0,0,0,0,0,0,0.14760330578512396
4926,ãgêÏãMêm,4,39,9,7,7,0.1341025641025641,0,0,7,2,0,0,0,0,0,0,0.14760330578512396
4926,ãgêÏãMêm,5,36,7,8,6,0.15472222222222223,0,2,3,2,0,0,0,0,0,0,0.14760330578512396
4926,ãgêÏãMêm,6,37,1,8,3,0.16864864864864865,0,0,1,0,0,0,0,0,0,0,0.14760330578512396
4927,ä÷ñÏï∂,1,4,2,1,0,0.23,2,0,0,0,0,0,0,1,1,0,0.20346153846153847
4927,ä÷ñÏï∂,2,5,0,3,0,0.22200000000000003,0,0,0,0,0,0,0,0,0,3,0.20346153846153847
4927,ä÷ñÏï∂,3,6,1,1,1,0.16166666666666665,0,0,1,0,0,0,0,0,0,0,0.20346153846153847
4927,ä÷ñÏï∂,4,3,0,0,1,0.20333333333333334,0,0,0,0,0,0,0,0,0,0,0.20346153846153847
4927,ä÷ñÏï∂,5,4,0,1,1,0.2,0,0,0,0,0,0,0,0,0,0,0.20346153846153847
4927,ä÷ñÏï∂,6,4,0,1,0,0.22,0,0,0,0,0,0,0,0,0,0,0.20346153846153847
4928,åIèÈè†,1,49,39,4,1,0.12163265306122449,38,0,1,0,0,0,1,6,1,0,0.14162878787878788
4928,åIèÈè†,2,46,11,12,6,0.16108695652173913,0,8,3,0,0,0,0,0,0,23,0.14162878787878788
4928,åIèÈè†,3,50,11,17,6,0.13720000000000002,0,2,3,5,1,0,0,0,0,0,0.14162878787878788
4928,åIèÈè†,4,43,3,12,10,0.12813953488372093,0,2,1,0,0,0,0,0,0,0,0.14162878787878788
4928,åIèÈè†,5,41,7,4,11,0.15878048780487805,0,3,2,2,0,0,0,0,0,0,0.14162878787878788
4928,åIèÈè†,6,35,5,3,5,0.14685714285714288,0,3,0,2,0,0,0,0,0,0,0.14162878787878788
4929,î~ì‡ó[ãMìﬁ,1,5,0,1,0,0.22999999999999998,0,0,0,0,0,0,0,3,1,0,0.22568181818181818
4929,î~ì‡ó[ãMìﬁ,2,7,0,1,2,0.1742857142857143,0,0,0,0,0,0,0,0,0,4,0.22568181818181818
4929,î~ì‡ó[ãMìﬁ,3,6,0,0,0,0.225,0,0,0,0,0,0,0,0,0,0,0.22568181818181818
4929,î~ì‡ó[ãMìﬁ,4,8,0,0,0,0.23625000000000002,0,0,0,0,0,0,0,0,0,0,0.22568181818181818
4929,î~ì‡ó[ãMìﬁ,5,9,0,0,0,0.23666666666666666,0,0,0,0,0,0,0,0,0,0,0.22568181818181818
4929,î~ì‡ó[ãMìﬁ,6,9,0,0,0,0.24333333333333332,0,0,0,0,0,0,0,0,0,0,0.22568181818181818
4930,ç≤ì°óI,1,30,16,5,4,0.16233333333333333,16,0,0,0,0,0,5,6,2,0,0.16354166666666667
4930,ç≤ì°óI,2,35,3,14,7,0.162,0,3,0,0,0,0,0,0,0,20,0.16354166666666667
4930,ç≤ì°óI,3,27,1,9,7,0.16333333333333333,0,0,1,0,0,0,0,0,0,0,0.16354166666666667
4930,ç≤ì°óI,4,30,2,7,5,0.16566666666666666,0,0,1,0,1,0,0,0,0,0,0.16354166666666667
4930,ç≤ì°óI,5,39,2,3,7,0.16897435897435897,0,0,0,1,1,0,0,0,0,0,0.16354166666666667
4930,ç≤ì°óI,6,31,1,2,8,0.157741935483871,0,0,1,0,0,0,0,0,0,0,0.16354166666666667
4931,ñÿíJå´ëæ,1,45,30,7,2,0.15333333333333335,30,0,0,0,0,0,2,7,5,0,0.1636328125
4931,ñÿíJå´ëæ,2,44,6,11,11,0.16113636363636363,0,5,0,1,0,0,0,0,0,29,0.1636328125
4931,ñÿíJå´ëæ,3,46,4,17,7,0.14630434782608698,0,1,0,3,0,0,0,0,0,0,0.1636328125
4931,ñÿíJå´ëæ,4,42,4,9,8,0.16999999999999998,0,1,1,2,0,0,0,0,0,0,0.1636328125
4931,ñÿíJå´ëæ,5,36,2,10,5,0.16916666666666666,0,0,1,1,0,0,0,0,0,0,0.1636328125
4931,ñÿíJå´ëæ,6,43,1,7,12,0.18465116279069768,0,0,0,1,0,0,0,0,0,0,0.1636328125
4932,êVäJçq,1,82,71,8,3,0.1329268292682927,70,0,0,0,1,0,3,1,7,0,0.14189440993788818
4932,êVäJçq,2,52,17,15,8,0.1371153846153846,0,5,10,0,2,0,0,0,0,25,0.14189440993788818
4932,êVäJçq,3,51,14,14,12,0.14490196078431375,0,0,6,4,2,2,0,0,0,0,0.14189440993788818
4932,êVäJçq,4,47,11,13,10,0.15021276595744681,0,2,4,5,0,0,0,0,0,0,0.14189440993788818
4932,êVäJçq,5,47,8,11,11,0.12851063829787235,0,0,3,4,1,0,0,0,0,0,0.14189440993788818
4932,êVäJçq,6,43,4,11,8,0.16674418604651162,0,0,2,1,1,0,0,0,0,0,0.14189440993788818
4933,î¬ã¥ò–â‰,1,44,29,10,0,0.11977272727272728,28,0,0,0,1,0,7,4,2,0,0.13271604938271606
4933,î¬ã¥ò–â‰,2,45,5,15,9,0.12933333333333333,0,3,2,0,0,0,0,0,0,31,0.13271604938271606
4933,î¬ã¥ò–â‰,3,36,9,6,9,0.10583333333333333,0,2,4,3,0,0,0,0,0,0,0.13271604938271606
4933,î¬ã¥ò–â‰,4,45,5,13,7,0.13533333333333333,0,1,2,1,0,1,0,0,0,0,0.13271604938271606
4933,î¬ã¥ò–â‰,5,30,2,4,7,0.14433333333333334,0,1,0,1,0,0,0,0,0,0,0.13271604938271606
4933,î¬ã¥ò–â‰,6,43,3,2,5,0.16116279069767442,0,0,0,2,1,0,0,0,0,0,0.13271604938271606
4934,ç≤ÅXñÿ„ƒìl,1,21,6,5,3,0.14857142857142858,6,0,0,0,0,0,4,7,1,0,0.16645833333333332
4934,ç≤ÅXñÿ„ƒìl,2,29,5,7,4,0.15448275862068966,0,3,1,0,1,0,0,0,0,13,0.16645833333333332
4934,ç≤ÅXñÿ„ƒìl,3,23,3,3,1,0.17304347826086958,0,1,1,1,0,0,0,0,0,0,0.16645833333333332
4934,ç≤ÅXñÿ„ƒìl,4,21,0,5,4,0.14857142857142858,0,0,0,0,0,0,0,0,0,0,0.16645833333333332
4934,ç≤ÅXñÿ„ƒìl,5,27,0,3,4,0.18407407407407406,0,0,0,0,0,0,0,0,0,0,0.16645833333333332
4934,ç≤ÅXñÿ„ƒìl,6,23,0,2,2,0.18695652173913044,0,0,0,0,0,0,0,0,0,0,0.16645833333333332
4936,åÀï~çWî¸,1,10,5,2,0,0.185,5,0,0,0,0,0,3,2,0,0,0.16925233644859813
4936,åÀï~çWî¸,2,22,6,4,9,0.1590909090909091,0,1,3,0,2,0,0,0,0,10,0.16925233644859813
4936,åÀï~çWî¸,3,20,1,4,4,0.147,0,0,1,0,0,0,0,0,0,0,0.16925233644859813
4936,åÀï~çWî¸,4,21,2,6,1,0.17047619047619048,0,0,2,0,0,0,0,0,0,0,0.16925233644859813
4936,åÀï~çWî¸,5,15,3,1,3,0.14933333333333335,0,0,0,3,0,0,0,0,0,0,0.16925233644859813
4936,åÀï~çWî¸,6,19,1,0,4,0.21052631578947367,0,0,1,0,0,0,0,0,0,0,0.16925233644859813
4938,è¨à∞ÇÈÇËâÿ,1,45,27,9,3,0.15377777777777776,27,0,0,0,0,0,4,10,2,0,0.15258064516129033
4938,è¨à∞ÇÈÇËâÿ,2,36,6,6,11,0.1363888888888889,1,1,4,0,0,0,0,0,0,19,0.15258064516129033
4938,è¨à∞ÇÈÇËâÿ,3,43,7,11,7,0.1574418604651163,0,1,2,3,1,0,0,0,0,0,0.15258064516129033
4938,è¨à∞ÇÈÇËâÿ,4,34,2,3,6,0.15764705882352942,0,0,1,0,1,0,0,0,0,0,0.15258064516129033
4938,è¨à∞ÇÈÇËâÿ,5,30,1,4,6,0.14666666666666667,0,0,1,0,0,0,0,0,0,0,0.15258064516129033
4938,è¨à∞ÇÈÇËâÿ,6,29,0,5,3,0.16379310344827586,0,0,0,0,0,0,0,0,0,0,0.15258064516129033
4939,ã{îVå¥ãPãI,1,45,35,6,2,0.13577777777777778,35,0,0,0,0,0,2,6,0,0,0.1431707317073171
4939,ã{îVå¥ãPãI,2,36,15,11,5,0.13944444444444445,0,9,1,2,3,0,0,0,0,11,0.1431707317073171
4939,ã{îVå¥ãPãI,3,35,11,7,11,0.1577142857142857,1,1,4,4,1,0,0,0,0,0,0.1431707317073171
4939,ã{îVå¥ãPãI,4,35,12,5,8,0.152,0,4,4,3,1,0,0,0,0,0,0.1431707317073171
4939,ã{îVå¥ãPãI,5,30,2,8,7,0.12666666666666668,0,0,0,2,0,0,0,0,0,0,0.1431707317073171
4939,ã{îVå¥ãPãI,6,24,3,2,6,0.14916666666666667,0,0,2,0,1,0,0,0,0,0,0.1431707317073171
4940,îíêŒóLî¸,1,13,1,1,1,0.20076923076923076,1,0,0,0,0,0,2,9,1,0,0.23255555555555554
4940,îíêŒóLî¸,2,15,0,4,1,0.24466666666666667,0,0,0,0,0,0,0,0,0,3,0.23255555555555554
4940,îíêŒóLî¸,3,18,1,0,1,0.21,0,0,0,1,0,0,0,0,0,0,0.23255555555555554
4940,îíêŒóLî¸,4,16,0,2,1,0.258125,0,0,0,0,0,0,0,0,0,0,0.23255555555555554
4940,îíêŒóLî¸,5,12,0,1,0,0.22666666666666668,0,0,0,0,0,0,0,0,0,0,0.23255555555555554
4940,îíêŒóLî¸,6,16,0,1,1,0.25125,0,0,0,0,0,0,0,0,0,0,0.23255555555555554
4941,ë∑çËïSê¢,1,30,6,5,7,0.21,6,0,0,0,0,0,4,13,4,0,0.1968181818181818
4941,ë∑çËïSê¢,2,37,5,10,7,0.2083783783783784,0,4,0,0,1,0,0,0,0,17,0.1968181818181818
4941,ë∑çËïSê¢,3,35,1,7,10,0.21314285714285713,0,1,0,0,0,0,0,0,0,0,0.1968181818181818
4941,ë∑çËïSê¢,4,30,0,7,5,0.17333333333333334,0,0,0,0,0,0,0,0,0,0,0.1968181818181818
4941,ë∑çËïSê¢,5,32,3,3,6,0.19593750000000001,0,0,0,3,0,0,0,0,0,0,0.1968181818181818
4941,ë∑çËïSê¢,6,34,1,3,10,0.1773529411764706,0,0,0,0,1,0,0,0,0,0,0.1968181818181818
4942,éƒìcï¸ç∆,1,24,5,2,3,0.20958333333333334,3,0,0,0,2,0,6,4,6,0,0.1946031746031746
4942,éƒìcï¸ç∆,2,32,5,3,7,0.20781249999999998,0,3,2,0,0,0,0,0,0,13,0.1946031746031746
4942,éƒìcï¸ç∆,3,33,1,4,12,0.20787878787878789,0,0,0,0,1,0,0,0,0,0,0.1946031746031746
4942,éƒìcï¸ç∆,4,30,1,5,3,0.17933333333333332,0,0,1,0,0,0,0,0,0,0,0.1946031746031746
4942,éƒìcï¸ç∆,5,34,1,5,8,0.1861764705882353,0,0,0,1,0,0,0,0,0,0,0.1946031746031746
4942,éƒìcï¸ç∆,6,36,0,1,6,0.1813888888888889,0,0,0,0,0,0,0,0,0,0,0.1946031746031746
4943,î™ñÿé°é˜,1,25,7,5,4,0.15960000000000002,7,0,0,0,0,0,7,5,4,0,0.1712568306010929
4943,î™ñÿé°é˜,2,32,1,5,8,0.165625,0,0,0,0,1,0,0,0,0,18,0.1712568306010929
4943,î™ñÿé°é˜,3,34,5,1,9,0.1685294117647059,0,1,1,3,0,0,0,0,0,0,0.1712568306010929
4943,î™ñÿé°é˜,4,30,0,3,7,0.17300000000000001,0,0,0,0,0,0,0,0,0,0,0.1712568306010929
4943,î™ñÿé°é˜,5,33,1,3,7,0.16272727272727272,0,1,0,0,0,0,0,0,0,0,0.1712568306010929
4943,î™ñÿé°é˜,6,29,0,2,4,0.1986206896551724,0,0,0,0,0,0,0,0,0,0,0.1712568306010929
4944,ìcë„íBñÁ,1,15,5,1,3,0.18733333333333332,4,0,0,0,0,1,1,7,2,0,0.17747126436781607
4944,ìcë„íBñÁ,2,14,1,3,4,0.21785714285714283,0,1,0,0,0,0,0,0,0,3,0.17747126436781607
4944,ìcë„íBñÁ,3,16,3,1,1,0.148125,0,1,0,2,0,0,0,0,0,0,0.17747126436781607
4944,ìcë„íBñÁ,4,15,1,1,2,0.13333333333333333,0,0,1,0,0,0,0,0,0,0,0.17747126436781607
4944,ìcë„íBñÁ,5,15,1,1,1,0.182,0,0,0,1,0,0,0,0,0,0,0.17747126436781607
4944,ìcë„íBñÁ,6,12,0,1,3,0.20666666666666667,0,0,0,0,0,0,0,0,0,0,0.17747126436781607
4945,è„ë∫çGëæ,1,23,4,4,6,0.20521739130434782,4,0,0,0,0,0,11,3,4,0,0.1607514450867052
4945,è„ë∫çGëæ,2,29,2,9,4,0.16241379310344828,0,1,1,0,0,0,0,0,0,20,0.1607514450867052
4945,è„ë∫çGëæ,3,33,2,3,8,0.17424242424242425,0,0,0,2,0,0,0,0,0,0,0.1607514450867052
4945,è„ë∫çGëæ,4,32,4,4,3,0.1371875,0,1,2,1,0,0,0,0,0,0,0.1607514450867052
4945,è„ë∫çGëæ,5,31,4,1,3,0.14774193548387096,0,0,3,1,0,0,0,0,0,0,0.1607514450867052
4945,è„ë∫çGëæ,6,25,1,3,3,0.1464,0,0,0,1,0,0,0,0,0,0,0.1607514450867052
4946,ëDâzåíå·,1,28,11,4,2,0.1742857142857143,10,0,0,0,1,0,3,7,2,0,0.15967441860465115
4946,ëDâzåíå·,2,38,2,6,4,0.16894736842105262,0,1,1,0,0,0,0,0,0,21,0.15967441860465115
4946,ëDâzåíå·,3,47,3,7,10,0.17936170212765956,0,0,1,2,0,0,0,0,0,0,0.15967441860465115
4946,ëDâzåíå·,4,36,0,7,10,0.14333333333333334,0,0,0,0,0,0,0,0,0,0,0.15967441860465115
4946,ëDâzåíå·,5,37,0,2,7,0.1616216216216216,0,0,0,0,0,0,0,0,0,0,0.15967441860465115
4946,ëDâzåíå·,6,29,0,2,7,0.1193103448275862,0,0,0,0,0,0,0,0,0,0,0.15967441860465115
4947,ä‘íÎçÿìE,1,23,8,6,5,0.17521739130434782,8,0,0,0,0,0,4,7,2,0,0.17645962732919254
4947,ä‘íÎçÿìE,2,34,4,8,7,0.20705882352941177,0,2,0,0,2,0,0,0,0,16,0.17645962732919254
4947,ä‘íÎçÿìE,3,27,0,3,7,0.1885185185185185,0,0,0,0,0,0,0,0,0,0,0.17645962732919254
4947,ä‘íÎçÿìE,4,26,2,6,6,0.16115384615384618,0,1,0,1,0,0,0,0,0,0,0.17645962732919254
4947,ä‘íÎçÿìE,5,28,2,5,3,0.1464285714285714,0,0,0,2,0,0,0,0,0,0,0.17645962732919254
4947,ä‘íÎçÿìE,6,23,0,2,8,0.17217391304347826,0,0,0,0,0,0,0,0,0,0,0.17645962732919254
4948,ñÿèÍóIâÓ,1,32,14,7,7,0.143125,14,0,0,0,0,0,5,4,7,0,0.15251256281407036
4948,ñÿèÍóIâÓ,2,36,5,11,9,0.14666666666666667,0,2,3,0,0,0,0,0,0,24,0.15251256281407036
4948,ñÿèÍóIâÓ,3,37,6,8,7,0.15,0,0,5,1,0,0,0,0,0,0,0.15251256281407036
4948,ñÿèÍóIâÓ,4,32,4,6,10,0.134375,0,0,3,0,1,0,0,0,0,0,0.15251256281407036
4948,ñÿèÍóIâÓ,5,35,1,4,7,0.15657142857142858,0,1,0,0,0,0,0,0,0,0,0.15251256281407036
4948,ñÿèÍóIâÓ,6,27,0,2,1,0.19111111111111112,0,0,0,0,0,0,0,0,0,0,0.15251256281407036
4949,â°ìcãMñû,1,49,30,6,5,0.12428571428571428,29,0,0,0,1,0,5,6,6,0,0.14057761732851984
4949,â°ìcãMñû,2,47,7,13,7,0.12893617021276596,0,5,2,0,0,0,0,0,0,25,0.14057761732851984
4949,â°ìcãMñû,3,52,7,13,10,0.14692307692307693,0,0,4,3,0,0,0,0,0,0,0.14057761732851984
4949,â°ìcãMñû,4,47,10,11,9,0.14127659574468085,0,3,3,3,0,1,0,0,0,0,0.14057761732851984
4949,â°ìcãMñû,5,41,3,5,7,0.14365853658536584,0,0,1,2,0,0,0,0,0,0,0.14057761732851984
4949,â°ìcãMñû,6,41,1,4,9,0.16146341463414635,0,0,0,1,0,0,0,0,0,0,0.14057761732851984
4950,çÇâ™ó≥ñÁ,1,35,20,2,3,0.15457142857142858,18,0,0,0,1,1,3,6,5,0,0.15453703703703706
4950,çÇâ™ó≥ñÁ,2,39,1,10,11,0.1392307692307692,0,1,0,0,0,0,0,0,0,19,0.15453703703703706
4950,çÇâ™ó≥ñÁ,3,43,7,12,9,0.15,0,1,1,3,1,1,0,0,0,0,0.15453703703703706
4950,çÇâ™ó≥ñÁ,4,35,6,8,7,0.15885714285714286,0,1,3,1,1,0,0,0,0,0,0.15453703703703706
4950,çÇâ™ó≥ñÁ,5,34,5,5,10,0.165,0,0,2,3,0,0,0,0,0,0,0.15453703703703706
4950,çÇâ™ó≥ñÁ,6,30,1,2,7,0.164,0,0,0,1,0,0,0,0,0,0,0.15453703703703706
4951,êVìcómàÍ,1,29,10,4,6,0.15586206896551727,10,0,0,0,0,0,5,8,4,0,0.14565217391304347
4951,êVìcómàÍ,2,44,3,5,9,0.15954545454545455,0,0,3,0,0,0,0,0,0,29,0.14565217391304347
4951,êVìcómàÍ,3,45,6,9,10,0.1371111111111111,0,0,3,1,1,1,0,0,0,0,0.14565217391304347
4951,êVìcómàÍ,4,36,2,7,9,0.13166666666666668,0,0,0,2,0,0,0,0,0,0,0.14565217391304347
4951,êVìcómàÍ,5,45,1,5,9,0.12644444444444444,0,0,0,1,0,0,0,0,0,0,0.14565217391304347
4951,êVìcómàÍ,6,31,0,2,3,0.17290322580645162,0,0,0,0,0,0,0,0,0,0,0.14565217391304347
4952,ãgïêê^ñÁ,1,5,1,1,1,0.1,1,0,0,0,0,0,2,1,0,0,0.15021276595744681
4952,ãgïêê^ñÁ,2,11,3,2,4,0.14727272727272728,0,3,0,0,0,0,0,0,0,4,0.15021276595744681
4952,ãgïêê^ñÁ,3,8,1,2,1,0.12875,0,0,1,0,0,0,0,0,0,0,0.15021276595744681
4952,ãgïêê^ñÁ,4,9,0,0,2,0.19111111111111112,0,0,0,0,0,0,0,0,0,0,0.15021276595744681
4952,ãgïêê^ñÁ,5,8,0,0,1,0.17,0,0,0,0,0,0,0,0,0,0,0.15021276595744681
4952,ãgïêê^ñÁ,6,6,0,0,1,0.13833333333333334,0,0,0,0,0,0,0,0,0,0,0.15021276595744681
4953,îˆè„âÎñÁ,1,47,28,10,0,0.15595744680851065,27,0,0,0,1,0,7,6,5,0,0.16138996138996137
4953,îˆè„âÎñÁ,2,42,6,8,11,0.1538095238095238,0,6,0,0,0,0,0,0,0,29,0.16138996138996137
4953,îˆè„âÎñÁ,3,39,10,10,6,0.16282051282051282,0,1,3,3,3,0,0,0,0,0,0.16138996138996137
4953,îˆè„âÎñÁ,4,48,4,8,7,0.12916666666666668,0,0,2,1,1,0,0,0,0,0,0.16138996138996137
4953,îˆè„âÎñÁ,5,39,3,8,8,0.16487179487179487,0,1,1,1,0,0,0,0,0,0,0.16138996138996137
4953,îˆè„âÎñÁ,6,44,0,5,11,0.2052272727272727,0,0,0,0,0,0,0,0,0,0,0.16138996138996137
4954,ì‡éRèsï„,1,17,5,4,2,0.15058823529411766,5,0,0,0,0,0,4,3,3,0,0.15545454545454546
4954,ì‡éRèsï„,2,22,2,4,3,0.17181818181818184,0,1,0,0,1,0,0,0,0,10,0.15545454545454546
4954,ì‡éRèsï„,3,21,6,4,1,0.14857142857142858,0,0,2,2,2,0,0,0,0,0,0.15545454545454546
4954,ì‡éRèsï„,4,26,4,4,5,0.18692307692307694,0,0,2,2,0,0,0,0,0,0,0.15545454545454546
4954,ì‡éRèsï„,5,24,2,2,4,0.13583333333333333,0,1,1,0,0,0,0,0,0,0,0.15545454545454546
4954,ì‡éRèsï„,6,22,1,2,9,0.13363636363636364,0,0,1,0,0,0,0,0,0,0,0.15545454545454546
4955,ïüìcåcèÆ,1,14,1,6,1,0.19785714285714287,1,0,0,0,0,0,2,7,1,0,0.1795726495726496
4955,ïüìcåcèÆ,2,24,1,4,4,0.17125,0,0,1,0,0,0,0,0,0,14,0.1795726495726496
4955,ïüìcåcèÆ,3,22,0,2,4,0.19090909090909092,0,0,0,0,0,0,0,0,0,0,0.1795726495726496
4955,ïüìcåcèÆ,4,21,0,1,3,0.16476190476190475,0,0,0,0,0,0,0,0,0,0,0.1795726495726496
4955,ïüìcåcèÆ,5,22,1,0,2,0.16636363636363638,0,0,0,1,0,0,0,0,0,0,0.1795726495726496
4955,ïüìcåcèÆ,6,14,2,0,0,0.2007142857142857,0,0,0,2,0,0,0,0,0,0,0.1795726495726496
4956,Íéì°ëÂè´,1,22,7,5,4,0.14409090909090908,7,0,0,0,0,0,6,5,3,0,0.16243055555555555
4956,Íéì°ëÂè´,2,27,1,3,9,0.1625925925925926,0,1,0,0,0,0,0,0,0,13,0.16243055555555555
4956,Íéì°ëÂè´,3,26,3,3,6,0.16923076923076924,0,0,1,0,1,1,0,0,0,0,0.16243055555555555
4956,Íéì°ëÂè´,4,22,0,4,3,0.16136363636363638,0,0,0,0,0,0,0,0,0,0,0.16243055555555555
4956,Íéì°ëÂè´,5,25,0,2,2,0.1664,0,0,0,0,0,0,0,0,0,0,0.16243055555555555
4956,Íéì°ëÂè´,6,22,0,0,3,0.1690909090909091,0,0,0,0,0,0,0,0,0,0,0.16243055555555555
4957,í|îVì‡ã…,1,25,13,4,4,0.14400000000000002,11,0,0,0,2,0,5,4,1,0,0.1515217391304348
4957,í|îVì‡ã…,2,34,3,9,3,0.15676470588235294,0,3,0,0,0,0,0,0,0,20,0.1515217391304348
4957,í|îVì‡ã…,3,38,6,4,8,0.1726315789473684,0,0,1,4,1,0,0,0,0,0,0.1515217391304348
4957,í|îVì‡ã…,4,27,2,5,1,0.1474074074074074,0,0,0,1,1,0,0,0,0,0,0.1515217391304348
4957,í|îVì‡ã…,5,29,5,4,7,0.13999999999999999,0,0,0,3,2,0,0,0,0,0,0.1515217391304348
4957,í|îVì‡ã…,6,31,3,2,8,0.1403225806451613,0,0,0,3,0,0,0,0,0,0,0.1515217391304348
4958,çaå˚äCã`ñÁ,1,52,33,8,4,0.15596153846153846,31,0,0,0,2,0,2,8,6,0,0.14904593639575972
4958,çaå˚äCã`ñÁ,2,48,4,14,12,0.15916666666666668,0,3,1,0,0,0,0,0,0,23,0.14904593639575972
4958,çaå˚äCã`ñÁ,3,53,7,13,18,0.14622641509433962,0,2,5,0,0,0,0,0,0,0,0.14904593639575972
4958,çaå˚äCã`ñÁ,4,44,5,11,12,0.1309090909090909,0,1,3,1,0,0,0,0,0,0,0.14904593639575972
4958,çaå˚äCã`ñÁ,5,46,3,7,11,0.14673913043478262,0,1,1,1,0,0,0,0,0,0,0.14904593639575972
4958,çaå˚äCã`ñÁ,6,40,0,7,12,0.15425,0,0,0,0,0,0,0,0,0,0,0.14904593639575972
4959,à‰è„íâê≠,1,51,36,8,5,0.13705882352941176,35,0,0,0,0,1,6,0,7,0,0.15633064516129033
4959,à‰è„íâê≠,2,38,12,10,7,0.16236842105263158,0,5,5,0,2,0,0,0,0,19,0.15633064516129033
4959,à‰è„íâê≠,3,39,11,10,10,0.14205128205128206,0,0,10,1,0,0,0,0,0,0,0.15633064516129033
4959,à‰è„íâê≠,4,37,13,10,7,0.1564864864864865,0,0,10,1,2,0,0,0,0,0,0.15633064516129033
4959,à‰è„íâê≠,5,40,3,14,9,0.16425,0,2,0,1,0,0,0,0,0,0,0.15633064516129033
4959,à‰è„íâê≠,6,43,1,3,17,0.17930232558139536,0,0,0,1,0,0,0,0,0,0,0.15633064516129033
4960,çïñÏå≥äÓ,1,69,53,6,4,0.16202898550724637,51,0,0,0,1,1,6,6,4,0,0.1544097222222222
4960,çïñÏå≥äÓ,2,45,10,11,9,0.15755555555555556,0,6,4,0,0,0,0,0,0,19,0.1544097222222222
4960,çïñÏå≥äÓ,3,45,7,17,11,0.17222222222222222,1,2,1,2,1,0,0,0,0,0,0.1544097222222222
4960,çïñÏå≥äÓ,4,44,11,8,5,0.1365909090909091,1,0,7,3,0,0,0,0,0,0,0.1544097222222222
4960,çïñÏå≥äÓ,5,46,7,6,12,0.15065217391304347,0,0,4,3,0,0,0,0,0,0,0.1544097222222222
4960,çïñÏå≥äÓ,6,39,5,10,7,0.14128205128205126,0,1,2,2,0,0,0,0,0,0,0.1544097222222222
4961,êºã¥ìﬁñ¢,1,40,28,4,6,0.15550000000000003,28,0,0,0,0,0,5,4,1,0,0.1576243093922652
4961,êºã¥ìﬁñ¢,2,27,6,12,4,0.18592592592592594,0,3,3,0,0,0,0,0,0,13,0.1576243093922652
4961,êºã¥ìﬁñ¢,3,29,9,13,3,0.16517241379310346,1,1,1,2,4,0,0,0,0,0,0.1576243093922652
4961,êºã¥ìﬁñ¢,4,31,6,6,8,0.16225806451612904,0,2,1,1,2,0,0,0,0,0,0.1576243093922652
4961,êºã¥ìﬁñ¢,5,29,3,7,5,0.13793103448275862,0,0,0,3,0,0,0,0,0,0,0.1576243093922652
4961,êºã¥ìﬁñ¢,6,25,1,5,9,0.13879999999999998,0,0,1,0,0,0,0,0,0,0,0.1576243093922652
4962,î®ó≥ê∂,1,43,29,3,5,0.12674418604651164,27,0,0,0,2,0,0,9,4,0,0.1602671755725191
4962,î®ó≥ê∂,2,46,3,19,8,0.15282608695652175,0,2,0,0,1,0,0,0,0,25,0.1602671755725191
4962,î®ó≥ê∂,3,43,3,7,11,0.17232558139534884,0,1,1,0,1,0,0,0,0,0,0.1602671755725191
4962,î®ó≥ê∂,4,43,2,8,10,0.17790697674418607,0,0,0,1,0,1,0,0,0,0,0.1602671755725191
4962,î®ó≥ê∂,5,43,1,6,9,0.1811627906976744,0,1,0,0,0,0,0,0,0,0,0.1602671755725191
4962,î®ó≥ê∂,6,44,1,5,10,0.15136363636363637,0,0,0,0,1,0,0,0,0,0,0.1602671755725191
4963,õâêXî¸óS,1,38,25,5,1,0.12842105263157894,25,0,0,0,0,0,2,7,3,0,0.13316831683168318
4963,õâêXî¸óS,2,34,7,5,9,0.14029411764705885,0,4,1,0,1,1,0,0,0,21,0.13316831683168318
4963,õâêXî¸óS,3,36,5,6,7,0.12277777777777778,0,2,0,2,1,0,0,0,0,0,0.13316831683168318
4963,õâêXî¸óS,4,31,4,5,5,0.12548387096774194,0,2,1,0,0,1,0,0,0,0,0.13316831683168318
4963,õâêXî¸óS,5,25,2,6,5,0.1176,0,1,0,1,0,0,0,0,0,0,0.13316831683168318
4963,õâêXî¸óS,6,38,1,1,3,0.15789473684210525,0,0,0,1,0,0,0,0,0,0,0.13316831683168318
4964,ìyâÆìÏ,1,35,23,7,1,0.1217142857142857,22,0,0,0,1,0,5,4,2,0,0.12377659574468085
4964,ìyâÆìÏ,2,31,9,8,5,0.11709677419354839,0,4,5,0,0,0,0,0,0,18,0.12377659574468085
4964,ìyâÆìÏ,3,33,10,7,5,0.12030303030303031,0,2,5,2,0,1,0,0,0,0,0.12377659574468085
4964,ìyâÆìÏ,4,36,9,6,9,0.11722222222222221,0,3,3,2,1,0,0,0,0,0,0.12377659574468085
4964,ìyâÆìÏ,5,26,3,5,6,0.13115384615384615,0,0,1,2,0,0,0,0,0,0,0.12377659574468085
4964,ìyâÆìÏ,6,27,1,1,2,0.14,0,0,1,0,0,0,0,0,0,0,0.12377659574468085
4965,ïüâ™êÚêÖ,1,15,2,2,0,0.23733333333333334,2,0,0,0,0,0,2,7,2,0,0.16872881355932204
4965,ïüâ™êÚêÖ,2,21,0,2,4,0.1823809523809524,0,0,0,0,0,0,0,0,0,13,0.16872881355932204
4965,ïüâ™êÚêÖ,3,20,3,3,3,0.1865,0,0,2,1,0,0,0,0,0,0,0.16872881355932204
4965,ïüâ™êÚêÖ,4,20,1,1,3,0.14950000000000002,0,0,1,0,0,0,0,0,0,0,0.16872881355932204
4965,ïüâ™êÚêÖ,5,27,2,3,4,0.1462962962962963,0,0,0,2,0,0,0,0,0,0,0.16872881355932204
4965,ïüâ™êÚêÖ,6,15,0,0,4,0.12333333333333334,0,0,0,0,0,0,0,0,0,0,0.16872881355932204
4966,ìcêÏëÂãM,1,27,17,1,7,0.15925925925925924,17,0,0,0,0,0,5,2,3,0,0.16813953488372094
4966,ìcêÏëÂãM,2,40,5,8,10,0.1655,0,4,1,0,0,0,0,0,0,25,0.16813953488372094
4966,ìcêÏëÂãM,3,36,5,7,11,0.1711111111111111,0,0,0,3,1,1,0,0,0,0,0.16813953488372094
4966,ìcêÏëÂãM,4,36,3,9,9,0.18722222222222223,0,1,1,0,1,0,0,0,0,0,0.16813953488372094
4966,ìcêÏëÂãM,5,40,4,4,11,0.15875,0,1,0,3,0,0,0,0,0,0,0.16813953488372094
4966,ìcêÏëÂãM,6,36,1,4,7,0.16611111111111113,0,0,1,0,0,0,0,0,0,0,0.16813953488372094
4967,íÜë∫ä@ê∂,1,50,32,9,3,0.13419999999999999,31,0,0,0,1,0,4,5,5,0,0.13782608695652174
4967,íÜë∫ä@ê∂,2,38,6,12,8,0.16052631578947368,2,3,1,0,0,0,0,0,0,21,0.13782608695652174
4967,íÜë∫ä@ê∂,3,47,6,18,9,0.13553191489361702,0,1,1,3,0,1,0,0,0,0,0.13782608695652174
4967,íÜë∫ä@ê∂,4,45,9,8,15,0.11555555555555556,0,1,5,3,0,0,0,0,0,0,0.13782608695652174
4967,íÜë∫ä@ê∂,5,34,6,3,10,0.16558823529411765,0,0,1,5,0,0,0,0,0,0,0.13782608695652174
4967,íÜë∫ä@ê∂,6,39,1,5,9,0.12461538461538463,0,0,0,0,1,0,0,0,0,0,0.13782608695652174
4968,ã{çËåıäÓ,1,12,3,2,1,0.09416666666666666,3,0,0,0,0,0,7,1,0,0,0.14247422680412372
4968,ã{çËåıäÓ,2,16,0,0,1,0.149375,0,0,0,0,0,0,0,0,0,7,0.14247422680412372
4968,ã{çËåıäÓ,3,19,4,1,0,0.1731578947368421,0,1,2,1,0,0,0,0,0,0,0.14247422680412372
4968,ã{çËåıäÓ,4,16,0,0,0,0.12562500000000001,0,0,0,0,0,0,0,0,0,0,0.14247422680412372
4968,ã{çËåıäÓ,5,18,1,0,0,0.1388888888888889,0,1,0,0,0,0,0,0,0,0,0.14247422680412372
4968,ã{çËåıäÓ,6,16,0,0,0,0.15625,0,0,0,0,0,0,0,0,0,0,0.14247422680412372
4969,í¨ìcü©äÛ,1,29,13,6,3,0.13241379310344828,12,0,0,0,1,0,5,6,2,0,0.17530516431924884
4969,í¨ìcü©äÛ,2,40,0,3,15,0.1665,0,0,0,0,0,0,0,0,0,20,0.17530516431924884
4969,í¨ìcü©äÛ,3,33,3,8,9,0.1803030303030303,0,0,1,1,1,0,0,0,0,0,0.17530516431924884
4969,í¨ìcü©äÛ,4,42,2,8,6,0.20309523809523808,0,0,0,2,0,0,0,0,0,0,0.17530516431924884
4969,í¨ìcü©äÛ,5,35,0,6,3,0.18314285714285714,0,0,0,0,0,0,0,0,0,0,0.17530516431924884
4969,í¨ìcü©äÛ,6,34,1,1,3,0.17500000000000002,0,0,0,1,0,0,0,0,0,0,0.17530516431924884
4970,à‰í¨ë◊,1,11,3,3,0,0.16636363636363638,3,0,0,0,0,0,3,2,3,0,0.1825287356321839
4970,à‰í¨ë◊,2,16,0,3,1,0.18375,0,0,0,0,0,0,0,0,0,9,0.1825287356321839
4970,à‰í¨ë◊,3,14,0,1,4,0.16142857142857145,0,0,0,0,0,0,0,0,0,0,0.1825287356321839
4970,à‰í¨ë◊,4,20,0,2,0,0.1835,0,0,0,0,0,0,0,0,0,0,0.1825287356321839
4970,à‰í¨ë◊,5,15,0,0,1,0.194,0,0,0,0,0,0,0,0,0,0,0.1825287356321839
4970,à‰í¨ë◊,6,11,0,1,1,0.20636363636363636,0,0,0,0,0,0,0,0,0,0,0.1825287356321839
4971,ê`íºñÁ,1,8,3,1,0,0.14625,3,0,0,0,0,0,3,1,0,0,0.16610169491525426
4971,ê`íºñÁ,2,10,0,3,0,0.191,0,0,0,0,0,0,0,0,0,5,0.16610169491525426
4971,ê`íºñÁ,3,7,1,2,1,0.12142857142857144,0,0,1,0,0,0,0,0,0,0,0.16610169491525426
4971,ê`íºñÁ,4,8,0,1,1,0.14375,0,0,0,0,0,0,0,0,0,0,0.16610169491525426
4971,ê`íºñÁ,5,11,0,1,2,0.19636363636363638,0,0,0,0,0,0,0,0,0,0,0.16610169491525426
4971,ê`íºñÁ,6,15,0,2,2,0.17066666666666666,0,0,0,0,0,0,0,0,0,0,0.16610169491525426
4973,åIå¥íºñÁ,1,22,14,3,1,0.13,13,0,0,0,1,0,4,4,0,0,0.15021978021978022
4973,åIå¥íºñÁ,2,37,8,9,5,0.15918918918918917,0,7,1,0,0,0,0,0,0,19,0.15021978021978022
4973,åIå¥íºñÁ,3,35,3,7,8,0.1482857142857143,0,1,1,1,0,0,0,0,0,0,0.15021978021978022
4973,åIå¥íºñÁ,4,32,4,5,7,0.14125000000000001,0,1,1,2,0,0,0,0,0,0,0.15021978021978022
4973,åIå¥íºñÁ,5,36,1,7,6,0.14777777777777779,0,0,1,0,0,0,0,0,0,0,0.15021978021978022
4973,åIå¥íºñÁ,6,20,0,2,3,0.178,0,0,0,0,0,0,0,0,0,0,0.15021978021978022
4974,à¿à‰êêãI,1,20,5,3,2,0.192,5,0,0,0,0,0,3,9,1,0,0.16268456375838924
4974,à¿à‰êêãI,2,27,3,7,2,0.1725925925925926,0,1,2,0,0,0,0,0,0,15,0.16268456375838924
4974,à¿à‰êêãI,3,27,2,8,1,0.16,0,0,0,2,0,0,0,0,0,0,0.16268456375838924
4974,à¿à‰êêãI,4,30,2,5,4,0.156,0,0,1,0,1,0,0,0,0,0,0.16268456375838924
4974,à¿à‰êêãI,5,25,2,2,6,0.136,0,0,2,0,0,0,0,0,0,0,0.16268456375838924
4974,à¿à‰êêãI,6,20,1,2,1,0.16699999999999998,0,0,0,1,0,0,0,0,0,0,0.16268456375838924
4976,ã‡éRóßé˜,1,33,10,6,4,0.1803030303030303,10,0,0,0,0,0,6,7,8,0,0.1828110599078341
4976,ã‡éRóßé˜,2,42,5,13,7,0.18285714285714286,0,3,2,0,0,0,0,0,0,20,0.1828110599078341
4976,ã‡éRóßé˜,3,40,1,4,13,0.17625,0,0,1,0,0,0,0,0,0,0,0.1828110599078341
4976,ã‡éRóßé˜,4,33,1,5,8,0.18666666666666668,0,0,1,0,0,0,0,0,0,0,0.1828110599078341
4976,ã‡éRóßé˜,5,37,0,2,6,0.18243243243243243,0,0,0,0,0,0,0,0,0,0,0.1828110599078341
4976,ã‡éRóßé˜,6,32,0,0,5,0.19,0,0,0,0,0,0,0,0,0,0,0.1828110599078341
4977,înñÏós,1,30,16,5,4,0.14966666666666667,16,0,0,0,0,0,5,3,5,0,0.15689119170984456
4977,înñÏós,2,35,7,9,8,0.16114285714285714,0,3,3,0,1,0,0,0,0,20,0.15689119170984456
4977,înñÏós,3,35,0,7,9,0.142,0,0,0,0,0,0,0,0,0,0,0.15689119170984456
4977,înñÏós,4,37,2,4,13,0.1637837837837838,0,0,2,0,0,0,0,0,0,0,0.15689119170984456
4977,înñÏós,5,28,1,6,5,0.16571428571428573,0,0,0,1,0,0,0,0,0,0,0.15689119170984456
4977,înñÏós,6,28,1,4,7,0.16,0,0,1,0,0,0,0,0,0,0,0.15689119170984456
4978,éRìcòaç≤,1,29,13,6,3,0.16448275862068967,11,0,0,0,2,0,2,5,8,0,0.18561643835616437
4978,éRìcòaç≤,2,34,6,4,4,0.1861764705882353,1,2,3,0,0,0,0,0,0,14,0.18561643835616437
4978,éRìcòaç≤,3,37,4,2,8,0.16621621621621624,0,2,1,1,0,0,0,0,0,0,0.18561643835616437
4978,éRìcòaç≤,4,43,1,3,9,0.19790697674418603,0,0,1,0,0,0,0,0,0,0,0.18561643835616437
4978,éRìcòaç≤,5,35,1,2,9,0.17485714285714285,0,0,1,0,0,0,0,0,0,0,0.18561643835616437
4978,éRìcòaç≤,6,41,0,3,3,0.21390243902439024,0,0,0,0,0,0,0,0,0,0,0.18561643835616437
4979,íÜñÏñ≤ìl,1,37,21,2,6,0.1608108108108108,19,0,0,0,2,0,1,11,2,0,0.1682403433476395
4979,íÜñÏñ≤ìl,2,43,1,13,4,0.1816279069767442,0,0,1,0,0,0,0,0,0,23,0.1682403433476395
4979,íÜñÏñ≤ìl,3,47,8,5,9,0.15085106382978722,0,0,4,4,0,0,0,0,0,0,0.1682403433476395
4979,íÜñÏñ≤ìl,4,42,6,7,13,0.17214285714285715,0,1,4,1,0,0,0,0,0,0,0.1682403433476395
4979,íÜñÏñ≤ìl,5,33,2,8,5,0.15636363636363637,0,0,0,2,0,0,0,0,0,0,0.1682403433476395
4979,íÜñÏñ≤ìl,6,31,2,1,6,0.19225806451612903,0,0,1,1,0,0,0,0,0,0,0.1682403433476395
4980,ç≤ÅXñÿäÆëæ,1,42,33,4,2,0.15023809523809523,32,0,0,0,1,0,1,7,1,0,0.15821782178217822
4980,ç≤ÅXñÿäÆëæ,2,26,4,4,6,0.15923076923076923,0,3,1,0,0,0,0,0,0,12,0.15821782178217822
4980,ç≤ÅXñÿäÆëæ,3,30,5,5,7,0.17766666666666667,0,0,0,5,0,0,0,0,0,0,0.15821782178217822
4980,ç≤ÅXñÿäÆëæ,4,38,4,14,10,0.14026315789473684,0,2,2,0,0,0,0,0,0,0,0.15821782178217822
4980,ç≤ÅXñÿäÆëæ,5,31,4,6,6,0.16096774193548388,0,0,0,3,0,1,0,0,0,0,0.15821782178217822
4980,ç≤ÅXñÿäÆëæ,6,35,1,2,10,0.16742857142857143,0,1,0,0,0,0,0,0,0,0,0.15821782178217822
4981,ñqéRì÷ñÁ,1,31,17,6,2,0.1732258064516129,16,0,0,0,1,0,1,5,6,0,0.1627727272727273
4981,ñqéRì÷ñÁ,2,36,4,6,7,0.1602777777777778,0,3,1,0,0,0,0,0,0,13,0.1627727272727273
4981,ñqéRì÷ñÁ,3,36,2,7,8,0.14055555555555557,0,0,1,0,1,0,0,0,0,0,0.1627727272727273
4981,ñqéRì÷ñÁ,4,39,6,5,7,0.16102564102564104,0,1,3,2,0,0,0,0,0,0,0.1627727272727273
4981,ñqéRì÷ñÁ,5,41,1,4,4,0.16634146341463416,0,0,0,1,0,0,0,0,0,0,0.1627727272727273
4981,ñqéRì÷ñÁ,6,37,0,2,2,0.17594594594594595,0,0,0,0,0,0,0,0,0,0,0.1627727272727273
4982,íÜë∫è´ó≤,1,16,2,4,4,0.148125,2,0,0,0,0,0,6,4,3,0,0.18991150442477878
4982,íÜë∫è´ó≤,2,22,1,3,5,0.20772727272727273,0,1,0,0,0,0,0,0,0,11,0.18991150442477878
4982,íÜë∫è´ó≤,3,15,1,1,1,0.18400000000000002,0,1,0,0,0,0,0,0,0,0,0.18991150442477878
4982,íÜë∫è´ó≤,4,17,0,4,1,0.20058823529411765,0,0,0,0,0,0,0,0,0,0,0.18991150442477878
4982,íÜë∫è´ó≤,5,21,1,3,5,0.1880952380952381,0,0,0,1,0,0,0,0,0,0,0.18991150442477878
4982,íÜë∫è´ó≤,6,22,0,2,1,0.2,0,0,0,0,0,0,0,0,0,0,0.18991150442477878
4983,ëOìcìƒç∆,1,62,47,5,3,0.14274193548387096,43,0,2,0,1,1,3,3,9,0,0.14938775510204083
4983,ëOìcìƒç∆,2,54,14,13,6,0.15574074074074074,0,8,4,1,1,0,0,0,0,23,0.14938775510204083
4983,ëOìcìƒç∆,3,48,8,15,12,0.15375,0,0,3,5,0,0,0,0,0,0,0.14938775510204083
4983,ëOìcìƒç∆,4,44,9,7,10,0.16136363636363638,0,3,2,1,3,0,0,0,0,0,0.14938775510204083
4983,ëOìcìƒç∆,5,44,5,7,8,0.14795454545454545,0,0,0,2,1,2,0,0,0,0,0.14938775510204083
4983,ëOìcìƒç∆,6,42,0,11,6,0.135,0,0,0,0,0,0,0,0,0,0,0.14938775510204083
4984,êXâ∫à§óú,1,22,8,6,4,0.1759090909090909,7,0,0,0,1,0,4,7,1,0,0.20601351351351352
4984,êXâ∫à§óú,2,27,5,7,2,0.19851851851851854,0,2,3,0,0,0,0,0,0,12,0.20601351351351352
4984,êXâ∫à§óú,3,25,1,4,5,0.20600000000000002,0,0,0,0,1,0,0,0,0,0,0.20601351351351352
4984,êXâ∫à§óú,4,18,1,3,6,0.22166666666666668,0,0,0,1,0,0,0,0,0,0,0.20601351351351352
4984,êXâ∫à§óú,5,27,2,2,6,0.2048148148148148,0,0,2,0,0,0,0,0,0,0,0.20601351351351352
4984,êXâ∫à§óú,6,29,0,2,4,0.22724137931034483,0,0,0,0,0,0,0,0,0,0,0.20601351351351352
4985,à‰ñ{èπñÁ,1,51,30,11,4,0.19098039215686274,28,0,1,0,1,0,7,7,6,0,0.18707142857142858
4985,à‰ñ{èπñÁ,2,47,6,15,11,0.18468085106382978,0,5,1,0,0,0,0,0,0,23,0.18707142857142858
4985,à‰ñ{èπñÁ,3,50,9,11,18,0.17120000000000002,0,3,2,3,0,1,0,0,0,0,0.18707142857142858
4985,à‰ñ{èπñÁ,4,48,3,13,9,0.17979166666666668,0,1,1,1,0,0,0,0,0,0,0.18707142857142858
4985,à‰ñ{èπñÁ,5,47,4,6,6,0.1995744680851064,0,0,0,4,0,0,0,0,0,0,0.18707142857142858
4985,à‰ñ{èπñÁ,6,37,1,1,8,0.19972972972972974,0,0,1,0,0,0,0,0,0,0,0.18707142857142858
4986,êºéRóSäÛ,1,10,3,1,1,0.22200000000000003,3,0,0,0,0,0,2,2,2,0,0.19484848484848483
4986,êºéRóSäÛ,2,16,0,0,2,0.166875,0,0,0,0,0,0,0,0,0,8,0.19484848484848483
4986,êºéRóSäÛ,3,18,2,1,1,0.185,0,0,2,0,0,0,0,0,0,0,0.19484848484848483
4986,êºéRóSäÛ,4,17,0,0,0,0.20588235294117646,0,0,0,0,0,0,0,0,0,0,0.19484848484848483
4986,êºéRóSäÛ,5,19,0,0,0,0.2131578947368421,0,0,0,0,0,0,0,0,0,0,0.19484848484848483
4986,êºéRóSäÛ,6,19,1,0,1,0.18526315789473685,0,0,0,1,0,0,0,0,0,0,0.19484848484848483
4987,ìáëqìs,1,19,7,4,3,0.1568421052631579,6,0,0,0,1,0,0,9,1,0,0.16597122302158274
4987,ìáëqìs,2,27,1,6,2,0.19296296296296298,0,0,0,0,1,0,0,0,0,15,0.16597122302158274
4987,ìáëqìs,3,26,4,1,5,0.16653846153846155,0,1,1,2,0,0,0,0,0,0,0.16597122302158274
4987,ìáëqìs,4,25,1,1,4,0.1668,0,1,0,0,0,0,0,0,0,0,0.16597122302158274
4987,ìáëqìs,5,25,1,1,2,0.1572,0,0,0,1,0,0,0,0,0,0,0.16597122302158274
4987,ìáëqìs,6,17,0,1,1,0.14411764705882354,0,0,0,0,0,0,0,0,0,0,0.16597122302158274
4988,ñ¥ìcèßëæ,1,19,6,6,3,0.17368421052631577,6,0,0,0,0,0,4,7,0,0,0.15090090090090091
4988,ñ¥ìcèßëæ,2,19,1,4,5,0.17578947368421055,0,0,1,0,0,0,0,0,0,7,0.15090090090090091
4988,ñ¥ìcèßëæ,3,25,3,3,3,0.1268,0,0,2,1,0,0,0,0,0,0,0.15090090090090091
4988,ñ¥ìcèßëæ,4,17,4,0,4,0.1211764705882353,0,0,2,0,1,1,0,0,0,0,0.15090090090090091
4988,ñ¥ìcèßëæ,5,19,0,0,3,0.1542105263157895,0,0,0,0,0,0,0,0,0,0,0.15090090090090091
4988,ñ¥ìcèßëæ,6,12,1,2,2,0.1625,0,0,1,0,0,0,0,0,0,0,0.15090090090090091
4989,êŒå¥óÉ,1,41,34,1,0,0.12073170731707318,33,0,0,0,1,0,1,2,3,0,0.1459111111111111
4989,êŒå¥óÉ,2,46,7,15,3,0.14695652173913043,0,3,4,0,0,0,0,0,0,23,0.1459111111111111
4989,êŒå¥óÉ,3,39,7,11,10,0.13384615384615384,0,3,1,3,0,0,0,0,0,0,0.1459111111111111
4989,êŒå¥óÉ,4,35,1,8,8,0.1382857142857143,0,1,0,0,0,0,0,0,0,0,0.1459111111111111
4989,êŒå¥óÉ,5,36,4,4,4,0.16305555555555556,0,1,0,3,0,0,0,0,0,0,0.1459111111111111
4989,êŒå¥óÉ,6,28,2,1,3,0.18535714285714286,0,0,1,0,1,0,0,0,0,0,0.1459111111111111
4990,ìcíÜîééq,1,12,2,1,1,0.21083333333333334,1,1,0,0,0,0,1,5,2,0,0.18494736842105264
4990,ìcíÜîééq,2,24,0,1,6,0.1825,0,0,0,0,0,0,0,0,0,13,0.18494736842105264
4990,ìcíÜîééq,3,19,3,2,0,0.16526315789473686,0,1,1,0,0,1,0,0,0,0,0.18494736842105264
4990,ìcíÜîééq,4,12,0,0,1,0.17916666666666667,0,0,0,0,0,0,0,0,0,0,0.18494736842105264
4990,ìcíÜîééq,5,18,0,2,4,0.18166666666666667,0,0,0,0,0,0,0,0,0,0,0.18494736842105264
4990,ìcíÜîééq,6,10,0,1,0,0.21000000000000002,0,0,0,0,0,0,0,0,0,0,0.18494736842105264
4991,è@çsé°ç∆,1,29,11,11,3,0.18137931034482757,9,0,0,0,1,1,7,6,4,0,0.18845303867403315
4991,è@çsé°ç∆,2,34,6,6,7,0.1847058823529412,0,2,3,0,1,0,0,0,0,10,0.18845303867403315
4991,è@çsé°ç∆,3,32,4,9,7,0.166875,0,0,3,0,1,0,0,0,0,0,0.18845303867403315
4991,è@çsé°ç∆,4,33,0,3,10,0.20757575757575758,0,0,0,0,0,0,0,0,0,0,0.18845303867403315
4991,è@çsé°ç∆,5,23,1,4,1,0.1743478260869565,0,0,0,0,1,0,0,0,0,0,0.18845303867403315
4991,è@çsé°ç∆,6,30,0,1,6,0.21233333333333335,0,0,0,0,0,0,0,0,0,0,0.18845303867403315
4992,úAê£ìƒç∆,1,25,8,2,3,0.1376,7,0,0,0,1,0,4,5,5,0,0.17479381443298972
4992,úAê£ìƒç∆,2,34,8,6,2,0.15764705882352942,0,5,3,0,0,0,0,0,0,16,0.17479381443298972
4992,úAê£ìƒç∆,3,32,2,6,7,0.1684375,0,1,0,1,0,0,0,0,0,0,0.17479381443298972
4992,úAê£ìƒç∆,4,34,1,2,6,0.1885294117647059,0,0,0,1,0,0,0,0,0,0,0.17479381443298972
4992,úAê£ìƒç∆,5,37,2,1,6,0.19324324324324324,0,1,0,1,0,0,0,0,0,0,0.17479381443298972
4992,úAê£ìƒç∆,6,32,0,2,5,0.1925,0,0,0,0,0,0,0,0,0,0,0.17479381443298972
4993,â∫ñÏãûçÅ,1,14,2,1,1,0.22,2,0,0,0,0,0,2,9,0,0,0.19742268041237113
4993,â∫ñÏãûçÅ,2,19,0,1,4,0.21105263157894735,0,0,0,0,0,0,0,0,0,10,0.19742268041237113
4993,â∫ñÏãûçÅ,3,15,1,1,0,0.18733333333333332,0,0,0,1,0,0,0,0,0,0,0.19742268041237113
4993,â∫ñÏãûçÅ,4,19,0,0,2,0.1763157894736842,0,0,0,0,0,0,0,0,0,0,0.19742268041237113
4993,â∫ñÏãûçÅ,5,17,0,0,2,0.21764705882352942,0,0,0,0,0,0,0,0,0,0,0.19742268041237113
4993,â∫ñÏãûçÅ,6,13,0,0,2,0.16923076923076924,0,0,0,0,0,0,0,0,0,0,0.19742268041237113
4994,éRñ{óúçÿ,1,20,7,4,5,0.176,5,0,0,0,2,0,0,9,3,0,0.21785714285714283
4994,éRñ{óúçÿ,2,25,4,8,6,0.196,0,1,3,0,0,0,0,0,0,11,0.21785714285714283
4994,éRñ{óúçÿ,3,20,1,4,2,0.193,0,0,0,1,0,0,0,0,0,0,0.21785714285714283
4994,éRñ{óúçÿ,4,25,2,3,9,0.1968,0,0,1,1,0,0,0,0,0,0,0.21785714285714283
4994,éRñ{óúçÿ,5,30,1,1,3,0.22966666666666669,0,0,0,0,1,0,0,0,0,0,0.21785714285714283
4994,éRñ{óúçÿ,6,34,0,0,2,0.2782352941176471,0,0,0,0,0,0,0,0,0,0,0.21785714285714283
4995,ìcÁ≥ó∫ë†,1,25,10,3,3,0.1772,9,0,0,0,1,0,2,9,4,0,0.18276470588235294
4995,ìcÁ≥ó∫ë†,2,30,0,7,6,0.18066666666666667,0,0,0,0,0,0,0,0,0,16,0.18276470588235294
4995,ìcÁ≥ó∫ë†,3,28,0,3,6,0.1692857142857143,0,0,0,0,0,0,0,0,0,0,0.18276470588235294
4995,ìcÁ≥ó∫ë†,4,29,0,4,5,0.17206896551724138,0,0,0,0,0,0,0,0,0,0,0.18276470588235294
4995,ìcÁ≥ó∫ë†,5,29,0,3,5,0.18896551724137933,0,0,0,0,0,0,0,0,0,0,0.18276470588235294
4995,ìcÁ≥ó∫ë†,6,29,1,3,5,0.2072413793103448,0,1,0,0,0,0,0,0,0,0,0.18276470588235294
4997,‡_çËéıó¢ñÓ,1,9,1,0,3,0.1688888888888889,1,0,0,0,0,0,2,3,2,0,0.1631034482758621
4997,‡_çËéıó¢ñÓ,2,11,0,0,1,0.18181818181818182,0,0,0,0,0,0,0,0,0,6,0.1631034482758621
4997,‡_çËéıó¢ñÓ,3,13,0,1,1,0.1769230769230769,0,0,0,0,0,0,0,0,0,0,0.1631034482758621
4997,‡_çËéıó¢ñÓ,4,8,1,0,0,0.15125,0,0,0,1,0,0,0,0,0,0,0.1631034482758621
4997,‡_çËéıó¢ñÓ,5,10,0,0,0,0.149,0,0,0,0,0,0,0,0,0,0,0.1631034482758621
4997,‡_çËéıó¢ñÓ,6,7,0,1,0,0.13428571428571429,0,0,0,0,0,0,0,0,0,0,0.1631034482758621
4998,íÜë∫Ç©Ç»Ç¶,1,41,22,7,4,0.1578048780487805,18,0,0,0,4,0,7,10,1,0,0.13577981651376148
4998,íÜë∫Ç©Ç»Ç¶,2,38,4,14,7,0.13526315789473684,0,3,1,0,0,0,0,0,0,21,0.13577981651376148
4998,íÜë∫Ç©Ç»Ç¶,3,39,7,7,8,0.13897435897435897,0,0,2,3,2,0,0,0,0,0,0.13577981651376148
4998,íÜë∫Ç©Ç»Ç¶,4,36,7,8,7,0.12000000000000001,0,1,5,0,1,0,0,0,0,0,0.13577981651376148
4998,íÜë∫Ç©Ç»Ç¶,5,33,5,4,6,0.11060606060606061,0,1,3,1,0,0,0,0,0,0,0.13577981651376148
4998,íÜë∫Ç©Ç»Ç¶,6,31,4,2,6,0.14838709677419354,0,0,1,3,0,0,0,0,0,0,0.13577981651376148
4999,åBñºãMãP,1,12,2,3,1,0.20083333333333334,2,0,0,0,0,0,1,3,2,0,0.17703389830508476
4999,åBñºãMãP,2,23,0,1,3,0.16521739130434784,0,0,0,0,0,0,0,0,0,12,0.17703389830508476
4999,åBñºãMãP,3,18,2,1,1,0.17722222222222223,0,0,2,0,0,0,0,0,0,0,0.17703389830508476
4999,åBñºãMãP,4,21,1,1,2,0.16428571428571428,0,0,1,0,0,0,0,0,0,0,0.17703389830508476
4999,åBñºãMãP,5,22,0,1,1,0.1531818181818182,0,0,0,0,0,0,0,0,0,0,0.17703389830508476
4999,åBñºãMãP,6,22,1,0,2,0.21227272727272728,0,0,1,0,0,0,0,0,0,0,0.17703389830508476
5000,â™ñ{„ƒëæòY,1,17,9,4,1,0.1623529411764706,8,0,0,0,1,0,3,3,2,0,0.15815602836879433
5000,â™ñ{„ƒëæòY,2,28,3,5,6,0.15857142857142859,0,2,0,0,1,0,0,0,0,15,0.15815602836879433
5000,â™ñ{„ƒëæòY,3,26,2,2,5,0.16461538461538464,0,1,1,0,0,0,0,0,0,0,0.15815602836879433
5000,â™ñ{„ƒëæòY,4,22,0,2,7,0.14,0,0,0,0,0,0,0,0,0,0,0.15815602836879433
5000,â™ñ{„ƒëæòY,5,28,0,0,6,0.1542857142857143,0,0,0,0,0,0,0,0,0,0,0.15815602836879433
5000,â™ñ{„ƒëæòY,6,20,0,0,4,0.17099999999999999,0,0,0,0,0,0,0,0,0,0,0.15815602836879433
5001,ç‚ñ{âÎâ¿,1,22,7,7,1,0.1559090909090909,7,0,0,0,0,0,7,3,2,0,0.13964497041420118
5001,ç‚ñ{âÎâ¿,2,32,2,4,5,0.1396875,0,1,0,0,1,0,0,0,0,14,0.13964497041420118
5001,ç‚ñ{âÎâ¿,3,31,1,1,8,0.12225806451612903,0,0,0,1,0,0,0,0,0,0,0.13964497041420118
5001,ç‚ñ{âÎâ¿,4,26,2,2,2,0.11615384615384615,0,0,2,0,0,0,0,0,0,0,0.13964497041420118
5001,ç‚ñ{âÎâ¿,5,31,0,1,1,0.14516129032258066,0,0,0,0,0,0,0,0,0,0,0.13964497041420118
5001,ç‚ñ{âÎâ¿,6,27,0,1,2,0.1625925925925926,0,0,0,0,0,0,0,0,0,0,0.13964497041420118
5002,è„ìcåíëæ,1,30,20,4,2,0.13933333333333334,20,0,0,0,0,0,4,3,1,0,0.1566
5002,è„ìcåíëæ,2,38,6,10,7,0.13526315789473684,0,5,1,0,0,0,0,0,0,22,0.1566
5002,è„ìcåíëæ,3,37,6,5,10,0.17351351351351352,1,1,1,3,0,0,0,0,0,0,0.1566
5002,è„ìcåíëæ,4,29,3,7,7,0.15931034482758621,0,0,2,1,0,0,0,0,0,0,0.1566
5002,è„ìcåíëæ,5,36,2,3,5,0.16444444444444445,0,0,1,0,1,0,0,0,0,0,0.1566
5002,è„ìcåíëæ,6,30,0,2,9,0.168,0,0,0,0,0,0,0,0,0,0,0.1566
5003,óàìcàﬂêD,1,21,7,2,4,0.1838095238095238,7,0,0,0,0,0,3,7,2,0,0.16246913580246913
5003,óàìcàﬂêD,2,31,1,5,6,0.1774193548387097,0,0,1,0,0,0,0,0,0,13,0.16246913580246913
5003,óàìcàﬂêD,3,26,2,10,4,0.14115384615384616,0,0,1,1,0,0,0,0,0,0,0.16246913580246913
5003,óàìcàﬂêD,4,26,2,3,4,0.155,0,0,1,1,0,0,0,0,0,0,0.16246913580246913
5003,óàìcàﬂêD,5,31,1,4,5,0.14838709677419354,0,0,0,0,1,0,0,0,0,0,0.16246913580246913
5003,óàìcàﬂêD,6,27,0,0,4,0.1725925925925926,0,0,0,0,0,0,0,0,0,0,0.16246913580246913
5004,âÕñÏéÂé˜,1,21,9,6,1,0.13523809523809524,8,0,0,0,1,0,5,4,1,0,0.16920245398773007
5004,âÕñÏéÂé˜,2,25,1,3,9,0.158,0,0,1,0,0,0,0,0,0,15,0.16920245398773007
5004,âÕñÏéÂé˜,3,23,5,5,3,0.15913043478260872,0,1,1,3,0,0,0,0,0,0,0.16920245398773007
5004,âÕñÏéÂé˜,4,28,0,3,5,0.1675,0,0,0,0,0,0,0,0,0,0,0.16920245398773007
5004,âÕñÏéÂé˜,5,35,0,3,5,0.168,0,0,0,0,0,0,0,0,0,0,0.16920245398773007
5004,âÕñÏéÂé˜,6,31,0,3,3,0.21161290322580648,0,0,0,0,0,0,0,0,0,0,0.16920245398773007
5005,êŒìcãMóm,1,49,26,10,6,0.1579591836734694,25,0,0,0,1,0,10,4,5,0,0.14763713080168778
5005,êŒìcãMóm,2,44,6,17,8,0.1640909090909091,0,0,5,0,1,0,0,0,0,24,0.14763713080168778
5005,êŒìcãMóm,3,38,4,9,14,0.135,0,0,2,2,0,0,0,0,0,0,0.14763713080168778
5005,êŒìcãMóm,4,29,3,5,5,0.14275862068965517,0,0,2,1,0,0,0,0,0,0,0.14763713080168778
5005,êŒìcãMóm,5,41,7,8,6,0.13146341463414635,0,0,1,5,0,1,0,0,0,0,0.14763713080168778
5005,êŒìcãMóm,6,36,1,1,6,0.14916666666666667,0,0,1,0,0,0,0,0,0,0,0.14763713080168778
5006,ãvï€å¥èGêl,1,38,16,3,5,0.165,15,0,0,0,1,0,4,10,5,0,0.1696551724137931
5006,ãvï€å¥èGêl,2,38,3,5,3,0.17973684210526317,0,0,3,0,0,0,0,0,0,22,0.1696551724137931
5006,ãvï€å¥èGêl,3,40,4,10,8,0.17125,0,1,2,1,0,0,0,0,0,0,0.1696551724137931
5006,ãvï€å¥èGêl,4,47,3,6,6,0.17297872340425532,0,0,2,1,0,0,0,0,0,0,0.1696551724137931
5006,ãvï€å¥èGêl,5,31,1,5,8,0.16612903225806452,0,0,0,1,0,0,0,0,0,0,0.1696551724137931
5006,ãvï€å¥èGêl,6,38,1,1,4,0.16131578947368422,0,0,0,1,0,0,0,0,0,0,0.1696551724137931
5007,ãﬂì°óYàÍòY,1,21,6,3,3,0.17047619047619048,6,0,0,0,0,0,3,7,2,0,0.16615384615384615
5007,ãﬂì°óYàÍòY,2,24,1,4,4,0.16666666666666666,0,1,0,0,0,0,0,0,0,13,0.16615384615384615
5007,ãﬂì°óYàÍòY,3,26,0,2,2,0.16884615384615384,0,0,0,0,0,0,0,0,0,0,0.16615384615384615
5007,ãﬂì°óYàÍòY,4,27,4,2,7,0.1559259259259259,0,1,2,1,0,0,0,0,0,0,0.16615384615384615
5007,ãﬂì°óYàÍòY,5,23,0,2,1,0.1682608695652174,0,0,0,0,0,0,0,0,0,0,0.16615384615384615
5007,ãﬂì°óYàÍòY,6,22,0,1,2,0.16863636363636364,0,0,0,0,0,0,0,0,0,0,0.16615384615384615
5008,âHñÏó»,1,32,10,7,4,0.15,10,0,0,0,0,0,6,11,4,0,0.14648979591836736
5008,âHñÏó»,2,51,4,12,14,0.15862745098039216,0,3,0,0,1,0,0,0,0,33,0.14648979591836736
5008,âHñÏó»,3,40,3,7,8,0.144,0,0,1,2,0,0,0,0,0,0,0.14648979591836736
5008,âHñÏó»,4,41,3,6,9,0.11951219512195123,0,1,1,1,0,0,0,0,0,0,0.14648979591836736
5008,âHñÏó»,5,38,0,2,7,0.15973684210526318,0,0,0,0,0,0,0,0,0,0,0.14648979591836736
5008,âHñÏó»,6,43,1,5,6,0.1458139534883721,0,0,1,0,0,0,0,0,0,0,0.14648979591836736
5009,ëÂâÍó¥îVâÓ,1,20,11,2,1,0.124,9,0,0,0,2,0,4,4,0,0,0.1488622754491018
5009,ëÂâÍó¥îVâÓ,2,29,5,6,5,0.13137931034482758,0,2,2,0,1,0,0,0,0,12,0.1488622754491018
5009,ëÂâÍó¥îVâÓ,3,34,6,4,5,0.1535294117647059,0,0,2,3,1,0,0,0,0,0,0.1488622754491018
5009,ëÂâÍó¥îVâÓ,4,28,4,2,4,0.13214285714285715,0,0,3,0,1,0,0,0,0,0,0.1488622754491018
5009,ëÂâÍó¥îVâÓ,5,30,2,5,6,0.15966666666666668,0,1,0,1,0,0,0,0,0,0,0.1488622754491018
5009,ëÂâÍó¥îVâÓ,6,26,0,0,4,0.18692307692307694,0,0,0,0,0,0,0,0,0,0,0.1488622754491018
5010,âFóØìc„ƒïΩ,1,24,11,4,4,0.14625,11,0,0,0,0,0,6,2,4,0,0.1703658536585366
5010,âFóØìc„ƒïΩ,2,27,1,7,5,0.17185185185185184,0,1,0,0,0,0,0,0,0,17,0.1703658536585366
5010,âFóØìc„ƒïΩ,3,27,2,7,3,0.14222222222222222,0,0,1,1,0,0,0,0,0,0,0.1703658536585366
5010,âFóØìc„ƒïΩ,4,31,2,4,5,0.17451612903225808,0,1,0,0,1,0,0,0,0,0,0.1703658536585366
5010,âFóØìc„ƒïΩ,5,26,2,0,6,0.20115384615384618,0,0,2,0,0,0,0,0,0,0,0.1703658536585366
5010,âFóØìc„ƒïΩ,6,29,0,2,1,0.18310344827586209,0,0,0,0,0,0,0,0,0,0,0.1703658536585366
5011,çÇñÿå\ëÂ,1,17,3,2,4,0.18352941176470589,3,0,0,0,0,0,1,8,3,0,0.1556934306569343
5011,çÇñÿå\ëÂ,2,22,2,7,2,0.1590909090909091,0,2,0,0,0,0,0,0,0,15,0.1556934306569343
5011,çÇñÿå\ëÂ,3,30,1,1,6,0.162,0,0,0,1,0,0,0,0,0,0,0.1556934306569343
5011,çÇñÿå\ëÂ,4,24,1,2,4,0.14541666666666667,0,0,0,1,0,0,0,0,0,0,0.1556934306569343
5011,çÇñÿå\ëÂ,5,24,1,2,0,0.1375,0,0,0,1,0,0,0,0,0,0,0.1556934306569343
5011,çÇñÿå\ëÂ,6,20,0,0,2,0.153,0,0,0,0,0,0,0,0,0,0,0.1556934306569343
5012,â¡ëqò–ê™,1,8,1,2,1,0.17375000000000002,1,0,0,0,0,0,2,2,3,0,0.16422680412371135
5012,â¡ëqò–ê™,2,20,1,4,3,0.186,0,1,0,0,0,0,0,0,0,9,0.16422680412371135
5012,â¡ëqò–ê™,3,19,2,7,2,0.15052631578947367,0,0,2,0,0,0,0,0,0,0,0.16422680412371135
5012,â¡ëqò–ê™,4,17,0,0,4,0.14647058823529413,0,0,0,0,0,0,0,0,0,0,0.16422680412371135
5012,â¡ëqò–ê™,5,19,0,2,4,0.1805263157894737,0,0,0,0,0,0,0,0,0,0,0.16422680412371135
5012,â¡ëqò–ê™,6,14,0,3,2,0.1457142857142857,0,0,0,0,0,0,0,0,0,0,0.16422680412371135
5013,éRâ∫âƒóÈ,1,30,12,4,4,0.16933333333333334,10,1,0,0,1,0,7,4,5,0,0.17580310880829014
5013,éRâ∫âƒóÈ,2,34,7,6,5,0.17529411764705882,0,3,4,0,0,0,0,0,0,18,0.17580310880829014
5013,éRâ∫âƒóÈ,3,32,3,9,4,0.160625,0,0,1,1,1,0,0,0,0,0,0.17580310880829014
5013,éRâ∫âƒóÈ,4,31,7,7,4,0.19838709677419356,0,0,5,1,0,1,0,0,0,0,0.17580310880829014
5013,éRâ∫âƒóÈ,5,35,2,4,9,0.154,0,0,2,0,0,0,0,0,0,0,0.17580310880829014
5013,éRâ∫âƒóÈ,6,31,1,2,1,0.20032258064516129,0,0,0,0,1,0,0,0,0,0,0.17580310880829014
5014,äÅéRó¡ìl,1,26,7,7,2,0.15961538461538463,7,0,0,0,0,0,3,7,7,0,0.15143589743589744
5014,äÅéRó¡ìl,2,35,4,8,7,0.14742857142857144,0,2,1,1,0,0,0,0,0,20,0.15143589743589744
5014,äÅéRó¡ìl,3,38,1,6,7,0.15210526315789474,0,0,0,0,1,0,0,0,0,0,0.15143589743589744
5014,äÅéRó¡ìl,4,32,1,5,3,0.150625,0,0,0,1,0,0,0,0,0,0,0.15143589743589744
5014,äÅéRó¡ìl,5,31,1,7,8,0.14677419354838708,0,0,0,1,0,0,0,0,0,0,0.15143589743589744
5014,äÅéRó¡ìl,6,33,1,2,3,0.15363636363636365,0,0,1,0,0,0,0,0,0,0,0.15143589743589744
5015,çÇã¥ó≥ñÓ,1,55,36,8,9,0.12545454545454546,36,0,0,0,0,0,8,1,7,0,0.13479245283018867
5015,çÇã¥ó≥ñÓ,2,47,8,13,11,0.1523404255319149,0,8,0,0,0,0,0,0,0,28,0.13479245283018867
5015,çÇã¥ó≥ñÓ,3,37,8,14,6,0.11945945945945946,0,1,2,4,0,1,0,0,0,0,0.13479245283018867
5015,çÇã¥ó≥ñÓ,4,41,7,9,9,0.13,0,1,5,1,0,0,0,0,0,0,0.13479245283018867
5015,çÇã¥ó≥ñÓ,5,41,3,9,13,0.1326829268292683,0,1,1,1,0,0,0,0,0,0,0.13479245283018867
5015,çÇã¥ó≥ñÓ,6,44,1,4,11,0.14704545454545453,0,0,1,0,0,0,0,0,0,0,0.13479245283018867
5016,ã{ìcó¥în,1,41,21,15,4,0.1675609756097561,19,0,0,0,2,0,6,5,8,0,0.15470588235294117
5016,ã{ìcó¥în,2,44,12,7,8,0.13454545454545455,0,6,3,2,1,0,0,0,0,20,0.15470588235294117
5016,ã{ìcó¥în,3,37,10,6,12,0.14972972972972973,0,5,4,0,1,0,0,0,0,0,0.15470588235294117
5016,ã{ìcó¥în,4,37,2,10,14,0.17594594594594595,0,0,0,2,0,0,0,0,0,0,0.15470588235294117
5016,ã{ìcó¥în,5,38,1,5,13,0.1386842105263158,0,0,0,1,0,0,0,0,0,0,0.15470588235294117
5016,ã{ìcó¥în,6,41,0,6,8,0.16365853658536586,0,0,0,0,0,0,0,0,0,0,0.15470588235294117
5017,‡VìcèÆñÁ,1,53,41,3,3,0.13962264150943396,39,0,0,0,2,0,2,5,4,0,0.12823076923076923
5017,‡VìcèÆñÁ,2,41,9,17,9,0.12609756097560976,0,5,3,0,1,0,0,0,0,21,0.12823076923076923
5017,‡VìcèÆñÁ,3,43,5,15,8,0.13511627906976742,0,0,1,2,1,1,0,0,0,0,0.12823076923076923
5017,‡VìcèÆñÁ,4,40,7,14,10,0.11525,0,1,3,3,0,0,0,0,0,0,0.12823076923076923
5017,‡VìcèÆñÁ,5,40,4,9,6,0.1355,0,0,0,2,2,0,0,0,0,0,0.12823076923076923
5017,‡VìcèÆñÁ,6,43,1,5,7,0.11465116279069766,0,0,0,1,0,0,0,0,0,0,0.12823076923076923
5018,í|â∫ëÂé˜,1,33,21,7,1,0.15212121212121213,21,0,0,0,0,0,4,4,3,0,0.15965853658536588
5018,í|â∫ëÂé˜,2,32,7,6,6,0.16625,0,2,2,1,1,1,0,0,0,15,0.15965853658536588
5018,í|â∫ëÂé˜,3,41,5,11,13,0.1380487804878049,0,2,0,1,2,0,0,0,0,0,0.15965853658536588
5018,í|â∫ëÂé˜,4,35,4,8,11,0.1605714285714286,0,1,2,1,0,0,0,0,0,0,0.15965853658536588
5018,í|â∫ëÂé˜,5,29,3,3,12,0.15068965517241378,0,0,1,2,0,0,0,0,0,0,0.15965853658536588
5018,í|â∫ëÂé˜,6,35,0,6,9,0.1925714285714286,0,0,0,0,0,0,0,0,0,0,0.15965853658536588
5019,éƒìcïSåb,1,23,6,3,6,0.1817391304347826,6,0,0,0,0,0,5,6,6,0,0.19872340425531915
5019,éƒìcïSåb,2,40,2,7,5,0.2265,0,2,0,0,0,0,0,0,0,16,0.19872340425531915
5019,éƒìcïSåb,3,36,4,10,9,0.2222222222222222,0,1,3,0,0,0,0,0,0,0,0.19872340425531915
5019,éƒìcïSåb,4,31,0,3,6,0.19580645161290325,0,0,0,0,0,0,0,0,0,0,0.19872340425531915
5019,éƒìcïSåb,5,30,0,2,6,0.1756666666666667,0,0,0,0,0,0,0,0,0,0,0.19872340425531915
5019,éƒìcïSåb,6,28,1,1,10,0.17071428571428574,0,0,0,1,0,0,0,0,0,0,0.19872340425531915
5020,ã{ë∫óEç∆,1,23,6,8,2,0.21347826086956523,6,0,0,0,0,0,10,3,4,0,0.17835164835164835
5020,ã{ë∫óEç∆,2,32,2,7,6,0.1734375,0,1,0,1,0,0,0,0,0,22,0.17835164835164835
5020,ã{ë∫óEç∆,3,36,1,4,5,0.16444444444444445,0,0,1,0,0,0,0,0,0,0,0.17835164835164835
5020,ã{ë∫óEç∆,4,35,2,5,8,0.15714285714285714,0,1,0,1,0,0,0,0,0,0,0.17835164835164835
5020,ã{ë∫óEç∆,5,30,1,1,3,0.19833333333333333,0,0,0,1,0,0,0,0,0,0,0.17835164835164835
5020,ã{ë∫óEç∆,6,26,1,0,3,0.17807692307692308,0,0,1,0,0,0,0,0,0,0,0.17835164835164835
5022,à…ì°èÆëø,1,15,3,1,4,0.17666666666666667,3,0,0,0,0,0,2,5,3,0,0.185625
5022,à…ì°èÆëø,2,30,2,4,1,0.186,1,1,0,0,0,0,0,0,0,10,0.185625
5022,à…ì°èÆëø,3,26,3,4,5,0.18115384615384617,0,0,2,1,0,0,0,0,0,0,0.185625
5022,à…ì°èÆëø,4,24,0,3,3,0.215,0,0,0,0,0,0,0,0,0,0,0.185625
5022,à…ì°èÆëø,5,28,0,1,4,0.17392857142857143,0,0,0,0,0,0,0,0,0,0,0.185625
5022,à…ì°èÆëø,6,21,0,0,6,0.17904761904761904,0,0,0,0,0,0,0,0,0,0,0.185625
5023,ãvâièÀïΩ,1,20,7,5,3,0.1975,7,0,0,0,0,0,4,6,3,0,0.1931645569620253
5023,ãvâièÀïΩ,2,29,3,9,4,0.17620689655172414,0,2,1,0,0,0,0,0,0,15,0.1931645569620253
5023,ãvâièÀïΩ,3,27,1,7,5,0.18925925925925927,0,0,0,1,0,0,0,0,0,0,0.1931645569620253
5023,ãvâièÀïΩ,4,27,4,2,6,0.1733333333333333,0,0,3,1,0,0,0,0,0,0,0.1931645569620253
5023,ãvâièÀïΩ,5,27,4,3,2,0.18592592592592594,0,0,3,1,0,0,0,0,0,0,0.1931645569620253
5023,ãvâièÀïΩ,6,28,0,2,5,0.23750000000000002,0,0,0,0,0,0,0,0,0,0,0.1931645569620253
5024,å√èÍåíñÁ,1,5,0,1,0,0.16599999999999998,0,0,0,0,0,0,1,4,0,0,0.17096774193548386
5024,å√èÍåíñÁ,2,5,0,0,1,0.11600000000000002,0,0,0,0,0,0,0,0,0,5,0.17096774193548386
5024,å√èÍåíñÁ,3,4,0,0,0,0.235,0,0,0,0,0,0,0,0,0,0,0.17096774193548386
5024,å√èÍåíñÁ,4,6,0,1,0,0.18333333333333335,0,0,0,0,0,0,0,0,0,0,0.17096774193548386
5024,å√èÍåíñÁ,5,6,0,1,0,0.16166666666666665,0,0,0,0,0,0,0,0,0,0,0.17096774193548386
5024,å√èÍåíñÁ,6,5,0,0,1,0.176,0,0,0,0,0,0,0,0,0,0,0.17096774193548386
5025,àæìcèÀ,1,17,5,0,3,0.1535294117647059,4,0,0,0,1,0,3,3,5,0,0.1784507042253521
5025,àæìcèÀ,2,23,3,3,4,0.17565217391304347,0,2,0,0,1,0,0,0,0,11,0.1784507042253521
5025,àæìcèÀ,3,27,2,1,5,0.16666666666666666,0,0,2,0,0,0,0,0,0,0,0.1784507042253521
5025,àæìcèÀ,4,28,3,2,3,0.18821428571428572,0,0,1,1,1,0,0,0,0,0,0.1784507042253521
5025,àæìcèÀ,5,24,0,2,1,0.18041666666666667,0,0,0,0,0,0,0,0,0,0,0.1784507042253521
5025,àæìcèÀ,6,23,0,0,1,0.19956521739130434,0,0,0,0,0,0,0,0,0,0,0.1784507042253521
5026,à¿âÕì‡åí,1,23,17,5,0,0.14565217391304347,14,0,0,0,2,1,1,1,3,0,0.15477707006369426
5026,à¿âÕì‡åí,2,25,5,4,4,0.1404,1,3,0,0,1,0,0,0,0,12,0.15477707006369426
5026,à¿âÕì‡åí,3,29,7,8,5,0.12413793103448276,0,0,0,7,0,0,0,0,0,0,0.15477707006369426
5026,à¿âÕì‡åí,4,29,4,4,5,0.17517241379310344,0,2,0,2,0,0,0,0,0,0,0.15477707006369426
5026,à¿âÕì‡åí,5,27,6,5,6,0.1637037037037037,0,0,0,4,1,1,0,0,0,0,0.15477707006369426
5026,à¿âÕì‡åí,6,24,2,3,10,0.18083333333333332,0,0,0,2,0,0,0,0,0,0,0.15477707006369426
5027,èdïyóEç∆,1,20,7,3,5,0.14650000000000002,7,0,0,0,0,0,4,4,3,0,0.1709433962264151
5027,èdïyóEç∆,2,31,1,11,3,0.16709677419354838,0,1,0,0,0,0,0,0,0,16,0.1709433962264151
5027,èdïyóEç∆,3,34,1,3,6,0.15911764705882353,0,0,0,0,1,0,0,0,0,0,0.1709433962264151
5027,èdïyóEç∆,4,26,1,3,7,0.18423076923076923,0,0,1,0,0,0,0,0,0,0,0.1709433962264151
5027,èdïyóEç∆,5,28,1,5,4,0.1875,0,0,0,1,0,0,0,0,0,0,0.1709433962264151
5027,èdïyóEç∆,6,20,0,0,3,0.181,0,0,0,0,0,0,0,0,0,0,0.1709433962264151
5028,å¥ìcçÀàÍòY,1,34,18,7,5,0.14558823529411766,17,0,0,0,1,0,2,5,8,0,0.17391509433962263
5028,å¥ìcçÀàÍòY,2,38,10,8,9,0.17605263157894738,0,4,3,0,3,0,0,0,0,10,0.17391509433962263
5028,å¥ìcçÀàÍòY,3,32,3,9,10,0.17250000000000001,0,0,1,2,0,0,0,0,0,0,0.17391509433962263
5028,å¥ìcçÀàÍòY,4,36,2,5,8,0.19972222222222225,0,1,0,1,0,0,0,0,0,0,0.17391509433962263
5028,å¥ìcçÀàÍòY,5,34,0,7,4,0.1726470588235294,0,0,0,0,0,0,0,0,0,0,0.17391509433962263
5028,å¥ìcçÀàÍòY,6,38,0,1,8,0.17500000000000002,0,0,0,0,0,0,0,0,0,0,0.17391509433962263
5029,íÜó∫ëæ,1,30,20,2,4,0.16033333333333336,19,0,1,0,0,0,3,6,1,0,0.1518918918918919
5029,íÜó∫ëæ,2,28,7,7,4,0.1442857142857143,0,3,4,0,0,0,0,0,0,9,0.1518918918918919
5029,íÜó∫ëæ,3,31,9,8,4,0.1338709677419355,0,2,0,6,1,0,0,0,0,0,0.1518918918918919
5029,íÜó∫ëæ,4,30,4,5,6,0.15466666666666667,0,2,1,1,0,0,0,0,0,0,0.1518918918918919
5029,íÜó∫ëæ,5,36,4,4,8,0.15861111111111112,0,1,2,0,1,0,0,0,0,0,0.1518918918918919
5029,íÜó∫ëæ,6,30,1,6,4,0.15833333333333333,0,0,0,0,1,0,0,0,0,0,0.1518918918918919
5030,ã‡éqêÁï‰,1,7,0,2,1,0.16142857142857142,0,0,0,0,0,0,1,5,0,0,0.18274509803921568
5030,ã‡éqêÁï‰,2,11,0,1,3,0.14818181818181816,0,0,0,0,0,0,0,0,0,5,0.18274509803921568
5030,ã‡éqêÁï‰,3,10,0,0,0,0.18,0,0,0,0,0,0,0,0,0,0,0.18274509803921568
5030,ã‡éqêÁï‰,4,6,0,0,0,0.18833333333333332,0,0,0,0,0,0,0,0,0,0,0.18274509803921568
5030,ã‡éqêÁï‰,5,8,0,0,0,0.21,0,0,0,0,0,0,0,0,0,0,0.18274509803921568
5030,ã‡éqêÁï‰,6,9,0,0,0,0.21666666666666667,0,0,0,0,0,0,0,0,0,0,0.18274509803921568
5031,ìnï”ãÛàÀ,1,17,3,1,3,0.23,2,0,0,0,1,0,3,6,4,0,0.18577235772357725
5031,ìnï”ãÛàÀ,2,22,0,0,9,0.16863636363636364,0,0,0,0,0,0,0,0,0,14,0.18577235772357725
5031,ìnï”ãÛàÀ,3,23,1,2,5,0.15695652173913044,0,1,0,0,0,0,0,0,0,0,0.18577235772357725
5031,ìnï”ãÛàÀ,4,23,2,0,2,0.16304347826086957,0,2,0,0,0,0,0,0,0,0,0.18577235772357725
5031,ìnï”ãÛàÀ,5,21,0,0,3,0.20666666666666667,0,0,0,0,0,0,0,0,0,0,0.18577235772357725
5031,ìnï”ãÛàÀ,6,17,0,1,1,0.2076470588235294,0,0,0,0,0,0,0,0,0,0,0.18577235772357725
5032,íJå˚ímóD,1,20,8,3,3,0.1755,6,0,0,0,2,0,1,4,6,0,0.17323529411764704
5032,íJå˚ímóD,2,36,4,5,8,0.17666666666666667,1,2,1,0,0,0,0,0,0,18,0.17323529411764704
5032,íJå˚ímóD,3,24,2,3,9,0.16,0,1,1,0,0,0,0,0,0,0,0.17323529411764704
5032,íJå˚ímóD,4,26,4,5,5,0.17115384615384616,0,0,1,3,0,0,0,0,0,0,0.17323529411764704
5032,íJå˚ímóD,5,34,1,4,2,0.1811764705882353,0,0,0,1,0,0,0,0,0,0,0.17323529411764704
5032,íJå˚ímóD,6,30,0,1,2,0.17099999999999999,0,0,0,0,0,0,0,0,0,0,0.17323529411764704
5033,ì°å¥çFìl,1,30,10,1,9,0.16866666666666666,9,0,0,0,1,0,4,8,2,0,0.19403508771929825
5033,ì°å¥çFìl,2,42,2,7,6,0.19142857142857145,0,1,1,0,0,0,0,0,0,28,0.19403508771929825
5033,ì°å¥çFìl,3,41,1,8,8,0.1848780487804878,0,0,0,0,1,0,0,0,0,0,0.19403508771929825
5033,ì°å¥çFìl,4,43,1,4,8,0.20627906976744184,0,0,0,0,1,0,0,0,0,0,0.19403508771929825
5033,ì°å¥çFìl,5,41,0,4,10,0.20707317073170733,0,0,0,0,0,0,0,0,0,0,0.19403508771929825
5033,ì°å¥çFìl,6,31,0,2,5,0.2,0,0,0,0,0,0,0,0,0,0,0.19403508771929825
5034,é·ó—ã`êl,1,26,6,8,2,0.17538461538461536,5,0,0,0,1,0,7,8,2,0,0.16756345177664975
5034,é·ó—ã`êl,2,32,3,6,5,0.1721875,1,2,0,0,0,0,0,0,0,17,0.16756345177664975
5034,é·ó—ã`êl,3,38,11,9,5,0.16236842105263158,0,3,2,5,1,0,0,0,0,0,0.16756345177664975
5034,é·ó—ã`êl,4,35,2,7,8,0.13771428571428573,0,0,1,1,0,0,0,0,0,0,0.16756345177664975
5034,é·ó—ã`êl,5,38,2,6,9,0.17078947368421052,0,0,0,1,1,0,0,0,0,0,0.16756345177664975
5034,é·ó—ã`êl,6,28,1,4,5,0.195,0,0,0,0,1,0,0,0,0,0,0.16756345177664975
5035,üNà‰óD,1,22,7,4,5,0.195,7,0,0,0,0,0,3,5,1,0,0.1964406779661017
5035,üNà‰óD,2,36,4,7,3,0.21166666666666667,0,1,3,0,0,0,0,0,0,20,0.1964406779661017
5035,üNà‰óD,3,37,7,5,4,0.15972972972972974,0,0,6,0,1,0,0,0,0,0,0.1964406779661017
5035,üNà‰óD,4,28,4,1,5,0.18107142857142858,0,1,2,1,0,0,0,0,0,0,0.1964406779661017
5035,üNà‰óD,5,27,3,1,2,0.19037037037037036,0,0,1,2,0,0,0,0,0,0,0.1964406779661017
5035,üNà‰óD,6,27,0,2,2,0.24962962962962965,0,0,0,0,0,0,0,0,0,0,0.1964406779661017
5036,ïüìc„ƒå·,1,28,8,5,3,0.1667857142857143,7,0,0,0,1,0,8,7,4,0,0.1765533980582524
5036,ïüìc„ƒå·,2,35,2,7,5,0.20114285714285715,0,0,2,0,0,0,0,0,0,19,0.1765533980582524
5036,ïüìc„ƒå·,3,42,4,8,10,0.13976190476190475,0,0,3,1,0,0,0,0,0,0,0.1765533980582524
5036,ïüìc„ƒå·,4,33,3,4,5,0.17515151515151517,0,0,0,2,1,0,0,0,0,0,0.1765533980582524
5036,ïüìc„ƒå·,5,36,1,2,7,0.19055555555555553,0,0,0,1,0,0,0,0,0,0,0.1765533980582524
5036,ïüìc„ƒå·,6,32,0,0,9,0.1921875,0,0,0,0,0,0,0,0,0,0,0.1765533980582524
5037,ìcì™å’êe,1,30,24,1,3,0.13133333333333333,23,0,0,0,1,0,5,0,0,0,0.1579126213592233
5037,ìcì™å’êe,2,33,5,5,12,0.15666666666666668,0,4,1,0,0,0,0,0,0,19,0.1579126213592233
5037,ìcì™å’êe,3,36,6,4,7,0.14666666666666667,0,0,3,1,2,0,0,0,0,0,0.1579126213592233
5037,ìcì™å’êe,4,31,3,7,5,0.16161290322580643,0,0,2,1,0,0,0,0,0,0,0.1579126213592233
5037,ìcì™å’êe,5,39,3,2,3,0.17051282051282052,0,1,0,2,0,0,0,0,0,0,0.1579126213592233
5037,ìcì™å’êe,6,37,1,0,6,0.17513513513513515,0,0,0,1,0,0,0,0,0,0,0.1579126213592233
5038,ã‡ìcíqîé,1,28,18,5,0,0.15178571428571427,18,0,0,0,0,0,4,4,1,0,0.17864321608040198
5038,ã‡ìcíqîé,2,37,9,6,8,0.16324324324324324,0,3,6,0,0,0,0,0,0,18,0.17864321608040198
5038,ã‡ìcíqîé,3,35,2,11,5,0.1757142857142857,0,0,2,0,0,0,0,0,0,0,0.17864321608040198
5038,ã‡ìcíqîé,4,32,5,5,4,0.1859375,0,0,2,2,1,0,0,0,0,0,0.17864321608040198
5038,ã‡ìcíqîé,5,37,4,7,4,0.19567567567567568,0,0,1,3,0,0,0,0,0,0,0.17864321608040198
5038,ã‡ìcíqîé,6,30,1,2,0,0.19733333333333333,0,0,1,0,0,0,0,0,0,0,0.17864321608040198
5039,ëqìcñŒè´,1,29,9,8,3,0.1686206896551724,9,0,0,0,0,0,5,8,4,0,0.14830275229357798
5039,ëqìcñŒè´,2,41,2,8,4,0.17634146341463416,0,1,1,0,0,0,0,0,0,26,0.14830275229357798
5039,ëqìcñŒè´,3,38,3,5,7,0.15210526315789474,0,1,1,1,0,0,0,0,0,0,0.14830275229357798
5039,ëqìcñŒè´,4,35,4,4,6,0.13514285714285715,0,0,4,0,0,0,0,0,0,0,0.14830275229357798
5039,ëqìcñŒè´,5,38,1,5,5,0.11894736842105262,0,0,0,1,0,0,0,0,0,0,0.14830275229357798
5039,ëqìcñŒè´,6,37,0,2,0,0.13999999999999999,0,0,0,0,0,0,0,0,0,0,0.14830275229357798
5040,ñÿë∫ÈD,1,4,0,2,0,0.11750000000000001,0,0,0,0,0,0,1,1,2,0,0.17171875
5040,ñÿë∫ÈD,2,12,2,0,1,0.155,0,1,0,0,0,1,0,0,0,5,0.17171875
5040,ñÿë∫ÈD,3,12,0,0,1,0.16083333333333336,0,0,0,0,0,0,0,0,0,0,0.17171875
5040,ñÿë∫ÈD,4,12,0,0,0,0.18500000000000003,0,0,0,0,0,0,0,0,0,0,0.17171875
5040,ñÿë∫ÈD,5,13,0,0,0,0.17307692307692307,0,0,0,0,0,0,0,0,0,0,0.17171875
5040,ñÿë∫ÈD,6,11,0,0,0,0.20545454545454547,0,0,0,0,0,0,0,0,0,0,0.17171875
5041,çrñqì‚çπ,1,13,6,1,0,0.19692307692307692,5,0,1,0,0,0,4,3,0,0,0.18781456953642384
5041,çrñqì‚çπ,2,28,3,0,3,0.15714285714285717,0,0,2,0,0,1,0,0,0,12,0.18781456953642384
5041,çrñqì‚çπ,3,31,2,2,3,0.18548387096774194,0,0,2,0,0,0,0,0,0,0,0.18781456953642384
5041,çrñqì‚çπ,4,26,0,2,2,0.19846153846153847,0,0,0,0,0,0,0,0,0,0,0.18781456953642384
5041,çrñqì‚çπ,5,28,1,0,2,0.1742857142857143,0,0,0,1,0,0,0,0,0,0,0.18781456953642384
5041,çrñqì‚çπ,6,25,0,0,3,0.22440000000000002,0,0,0,0,0,0,0,0,0,0,0.18781456953642384
5042,î®ìcëøàÍ,1,43,26,5,7,0.14976744186046512,24,0,0,0,2,0,5,6,5,0,0.1475609756097561
5042,î®ìcëøàÍ,2,31,8,8,7,0.14225806451612905,0,3,2,0,3,0,0,0,0,15,0.1475609756097561
5042,î®ìcëøàÍ,3,33,9,11,4,0.14757575757575758,0,0,2,5,2,0,0,0,0,0,0.1475609756097561
5042,î®ìcëøàÍ,4,33,4,9,5,0.11393939393939395,0,1,1,1,1,0,0,0,0,0,0.1475609756097561
5042,î®ìcëøàÍ,5,31,4,6,7,0.15677419354838712,0,0,1,3,0,0,0,0,0,0,0.1475609756097561
5042,î®ìcëøàÍ,6,34,2,7,6,0.1738235294117647,0,1,0,1,0,0,0,0,0,0,0.1475609756097561
5043,íÜë∫ì˙å¸,1,61,44,7,5,0.15131147540983608,40,0,0,0,4,0,3,8,3,0,0.14328947368421052
5043,íÜë∫ì˙å¸,2,55,9,16,10,0.15036363636363637,0,2,2,1,3,1,0,0,0,30,0.14328947368421052
5043,íÜë∫ì˙å¸,3,56,15,19,9,0.13392857142857142,0,3,3,4,4,1,0,0,0,0,0.14328947368421052
5043,íÜë∫ì˙å¸,4,47,7,15,10,0.1423404255319149,0,1,4,1,1,0,0,0,0,0,0.14328947368421052
5043,íÜë∫ì˙å¸,5,45,5,14,9,0.1411111111111111,0,1,1,3,0,0,0,0,0,0,0.14328947368421052
5043,íÜë∫ì˙å¸,6,40,1,3,9,0.138,0,0,1,0,0,0,0,0,0,0,0.14328947368421052
5044,ìnÁ≥åí,1,32,17,4,1,0.1825,16,0,0,0,1,0,4,4,4,0,0.16108597285067874
5044,ìnÁ≥åí,2,37,1,10,7,0.15783783783783784,0,0,0,0,1,0,0,0,0,18,0.16108597285067874
5044,ìnÁ≥åí,3,42,4,8,8,0.14642857142857144,0,1,3,0,0,0,0,0,0,0,0.16108597285067874
5044,ìnÁ≥åí,4,36,4,5,1,0.13527777777777777,0,0,4,0,0,0,0,0,0,0,0.16108597285067874
5044,ìnÁ≥åí,5,36,3,1,7,0.15805555555555556,0,0,1,2,0,0,0,0,0,0,0.16108597285067874
5044,ìnÁ≥åí,6,38,0,0,7,0.18973684210526315,0,0,0,0,0,0,0,0,0,0,0.16108597285067874
5045,ïΩêÏçÅêD,1,11,4,4,0,0.1590909090909091,3,0,0,0,1,0,2,3,2,0,0.1670967741935484
5045,ïΩêÏçÅêD,2,18,6,2,2,0.16777777777777778,0,2,3,0,1,0,0,0,0,10,0.1670967741935484
5045,ïΩêÏçÅêD,3,17,3,0,4,0.19176470588235295,0,2,1,0,0,0,0,0,0,0,0.1670967741935484
5045,ïΩêÏçÅêD,4,18,4,3,2,0.16055555555555556,0,0,3,1,0,0,0,0,0,0,0.1670967741935484
5045,ïΩêÏçÅêD,5,14,1,1,2,0.1742857142857143,0,0,1,0,0,0,0,0,0,0,0.1670967741935484
5045,ïΩêÏçÅêD,6,15,0,0,0,0.14533333333333334,0,0,0,0,0,0,0,0,0,0,0.1670967741935484
5046,èºéRóTäÓ,1,27,7,6,2,0.18333333333333335,7,0,0,0,0,0,4,12,4,0,0.16819444444444442
5046,èºéRóTäÓ,2,44,5,6,5,0.18704545454545454,0,4,1,0,0,0,0,0,0,31,0.16819444444444442
5046,èºéRóTäÓ,3,40,3,6,5,0.1595,0,1,0,1,1,0,0,0,0,0,0.16819444444444442
5046,èºéRóTäÓ,4,38,4,4,7,0.14105263157894737,0,0,1,2,1,0,0,0,0,0,0.16819444444444442
5046,èºéRóTäÓ,5,33,0,2,4,0.15818181818181817,0,0,0,0,0,0,0,0,0,0,0.16819444444444442
5046,èºéRóTäÓ,6,34,1,2,2,0.18205882352941177,0,0,0,1,0,0,0,0,0,0,0.16819444444444442
5047,ö†ï™è´ëæòY,1,33,16,4,6,0.1315151515151515,15,0,0,0,0,1,4,6,5,0,0.1537055837563452
5047,ö†ï™è´ëæòY,2,36,5,14,7,0.17055555555555554,0,4,1,0,0,0,0,0,0,17,0.1537055837563452
5047,ö†ï™è´ëæòY,3,36,4,5,5,0.14805555555555555,0,0,3,1,0,0,0,0,0,0,0.1537055837563452
5047,ö†ï™è´ëæòY,4,27,2,3,8,0.15777777777777777,0,0,2,0,0,0,0,0,0,0,0.1537055837563452
5047,ö†ï™è´ëæòY,5,28,0,2,6,0.14892857142857144,0,0,0,0,0,0,0,0,0,0,0.1537055837563452
5047,ö†ï™è´ëæòY,6,37,2,3,8,0.16324324324324324,0,0,1,1,0,0,0,0,0,0,0.1537055837563452
5048,·¡íπçNëæ,1,22,3,4,3,0.1981818181818182,2,0,0,0,0,1,7,7,5,0,0.20346341463414636
5048,·¡íπçNëæ,2,42,6,5,8,0.20238095238095238,1,3,0,0,2,0,0,0,0,24,0.20346341463414636
5048,·¡íπçNëæ,3,38,3,6,12,0.19052631578947368,0,2,1,0,0,0,0,0,0,0,0.20346341463414636
5048,·¡íπçNëæ,4,33,0,2,11,0.22484848484848485,0,0,0,0,0,0,0,0,0,0,0.20346341463414636
5048,·¡íπçNëæ,5,40,0,4,1,0.21175000000000002,0,0,0,0,0,0,0,0,0,0,0.20346341463414636
5048,·¡íπçNëæ,6,30,1,2,8,0.19066666666666665,0,0,0,0,1,0,0,0,0,0,0.20346341463414636
5049,èºà‰óFëø,1,30,16,2,3,0.17266666666666666,16,0,0,0,0,0,1,8,4,0,0.17684684684684684
5049,èºà‰óFëø,2,37,5,8,3,0.18432432432432433,0,3,2,0,0,0,0,0,0,19,0.17684684684684684
5049,èºà‰óFëø,3,42,5,8,11,0.1580952380952381,0,0,1,3,1,0,0,0,0,0,0.17684684684684684
5049,èºà‰óFëø,4,43,3,7,13,0.18627906976744185,0,1,1,1,0,0,0,0,0,0,0.17684684684684684
5049,èºà‰óFëø,5,34,2,2,10,0.1797058823529412,0,1,0,1,0,0,0,0,0,0,0.17684684684684684
5049,èºà‰óFëø,6,36,0,1,6,0.18055555555555555,0,0,0,0,0,0,0,0,0,0,0.17684684684684684
5050,ñÿâ∫óYâÓ,1,31,8,12,2,0.16548387096774192,8,0,0,0,0,0,6,5,7,0,0.1503809523809524
5050,ñÿâ∫óYâÓ,2,41,8,6,10,0.1726829268292683,0,8,0,0,0,0,0,0,0,17,0.1503809523809524
5050,ñÿâ∫óYâÓ,3,34,2,4,12,0.1326470588235294,0,0,0,2,0,0,0,0,0,0,0.1503809523809524
5050,ñÿâ∫óYâÓ,4,35,5,6,8,0.13885714285714287,0,1,2,0,1,1,0,0,0,0,0.1503809523809524
5050,ñÿâ∫óYâÓ,5,37,0,3,8,0.1454054054054054,0,0,0,0,0,0,0,0,0,0,0.1503809523809524
5050,ñÿâ∫óYâÓ,6,32,0,3,2,0.144375,0,0,0,0,0,0,0,0,0,0,0.1503809523809524
5051,èºñ{èÉïΩ,1,36,18,5,6,0.14694444444444443,17,0,0,0,1,0,4,7,6,0,0.17511312217194572
5051,èºñ{èÉïΩ,2,37,5,11,7,0.17864864864864866,0,1,3,0,1,0,0,0,0,23,0.17511312217194572
5051,èºñ{èÉïΩ,3,39,4,9,6,0.18461538461538463,0,0,2,2,0,0,0,0,0,0,0.17511312217194572
5051,èºñ{èÉïΩ,4,43,5,11,8,0.17627906976744187,0,0,5,0,0,0,0,0,0,0,0.17511312217194572
5051,èºñ{èÉïΩ,5,31,4,6,2,0.1664516129032258,0,0,1,3,0,0,0,0,0,0,0.17511312217194572
5051,èºñ{èÉïΩ,6,35,0,3,8,0.196,0,0,0,0,0,0,0,0,0,0,0.17511312217194572
5052,ê‘à‰êØóûçÿ,1,17,5,2,3,0.15470588235294117,5,0,0,0,0,0,3,4,3,0,0.1745631067961165
5052,ê‘à‰êØóûçÿ,2,17,2,0,3,0.11647058823529412,0,0,2,0,0,0,0,0,0,10,0.1745631067961165
5052,ê‘à‰êØóûçÿ,3,17,1,2,2,0.16764705882352943,0,0,1,0,0,0,0,0,0,0,0.1745631067961165
5052,ê‘à‰êØóûçÿ,4,16,0,1,5,0.181875,0,0,0,0,0,0,0,0,0,0,0.1745631067961165
5052,ê‘à‰êØóûçÿ,5,17,0,1,1,0.20470588235294118,0,0,0,0,0,0,0,0,0,0,0.1745631067961165
5052,ê‘à‰êØóûçÿ,6,19,0,0,2,0.21736842105263157,0,0,0,0,0,0,0,0,0,0,0.1745631067961165
5053,éRå˚çLé˜,1,22,9,2,2,0.1922727272727273,8,0,0,0,1,0,1,8,3,0,0.1983529411764706
5053,éRå˚çLé˜,2,30,4,4,3,0.197,0,3,0,0,1,0,0,0,0,13,0.1983529411764706
5053,éRå˚çLé˜,3,31,7,3,3,0.17774193548387096,0,0,5,1,1,0,0,0,0,0,0.1983529411764706
5053,éRå˚çLé˜,4,28,1,3,1,0.20785714285714288,0,0,1,0,0,0,0,0,0,0,0.1983529411764706
5053,éRå˚çLé˜,5,32,2,0,4,0.191875,0,1,1,0,0,0,0,0,0,0,0.1983529411764706
5053,éRå˚çLé˜,6,27,0,2,2,0.2262962962962963,0,0,0,0,0,0,0,0,0,0,0.1983529411764706
5054,ç≤ÅXñÿëÂâÕ,1,23,13,4,0,0.13521739130434782,13,0,0,0,0,0,5,2,2,0,0.18405555555555558
5054,ç≤ÅXñÿëÂâÕ,2,28,3,7,7,0.19892857142857143,0,2,1,0,0,0,0,0,0,16,0.18405555555555558
5054,ç≤ÅXñÿëÂâÕ,3,31,3,10,3,0.17967741935483872,0,0,1,2,0,0,0,0,0,0,0.18405555555555558
5054,ç≤ÅXñÿëÂâÕ,4,28,2,6,3,0.1975,0,1,1,0,0,0,0,0,0,0,0.18405555555555558
5054,ç≤ÅXñÿëÂâÕ,5,33,4,3,2,0.17545454545454545,0,0,1,3,0,0,0,0,0,0,0.18405555555555558
5054,ç≤ÅXñÿëÂâÕ,6,37,1,3,4,0.20432432432432435,0,0,0,1,0,0,0,0,0,0,0.18405555555555558
5055,·¡íπèÕëæ,1,29,7,5,9,0.16241379310344828,7,0,0,0,0,0,2,10,6,0,0.17097938144329897
5055,·¡íπèÕëæ,2,36,4,5,9,0.17833333333333334,0,2,2,0,0,0,0,0,0,18,0.17097938144329897
5055,·¡íπèÕëæ,3,32,2,7,9,0.154375,0,0,1,0,0,1,0,0,0,0,0.17097938144329897
5055,·¡íπèÕëæ,4,29,2,1,9,0.15586206896551727,0,0,2,0,0,0,0,0,0,0,0.17097938144329897
5055,·¡íπèÕëæ,5,31,1,1,8,0.18838709677419355,0,0,0,0,1,0,0,0,0,0,0.17097938144329897
5055,·¡íπèÕëæ,6,37,0,1,10,0.18216216216216216,0,0,0,0,0,0,0,0,0,0,0.17097938144329897
5056,êºâ™ê¨î¸,1,33,21,6,1,0.13545454545454544,20,0,0,0,1,0,4,1,4,0,0.14333333333333334
5056,êºâ™ê¨î¸,2,39,7,14,4,0.14743589743589744,0,2,5,0,0,0,0,0,0,23,0.14333333333333334
5056,êºâ™ê¨î¸,3,41,8,8,9,0.1526829268292683,0,0,3,2,2,1,0,0,0,0,0.14333333333333334
5056,êºâ™ê¨î¸,4,34,3,2,12,0.1285294117647059,0,0,2,1,0,0,0,0,0,0,0.14333333333333334
5056,êºâ™ê¨î¸,5,40,3,2,7,0.14250000000000002,0,0,2,1,0,0,0,0,0,0,0.14333333333333334
5056,êºâ™ê¨î¸,6,26,0,2,7,0.15307692307692308,0,0,0,0,0,0,0,0,0,0,0.14333333333333334
5057,è„ìcé—ìﬁ,1,32,22,3,1,0.140625,22,0,0,0,0,0,5,4,1,0,0.16557077625570776
5057,è„ìcé—ìﬁ,2,42,8,9,5,0.1611904761904762,0,4,3,0,1,0,0,0,0,23,0.16557077625570776
5057,è„ìcé—ìﬁ,3,39,5,9,5,0.16564102564102565,0,0,4,1,0,0,0,0,0,0,0.16557077625570776
5057,è„ìcé—ìﬁ,4,32,2,5,6,0.1690625,0,0,2,0,0,0,0,0,0,0,0.16557077625570776
5057,è„ìcé—ìﬁ,5,38,2,4,7,0.17263157894736844,0,0,0,0,2,0,0,0,0,0,0.16557077625570776
5057,è„ìcé—ìﬁ,6,36,0,1,6,0.18222222222222223,0,0,0,0,0,0,0,0,0,0,0.16557077625570776
5058,ëOå¥ëÂìπ,1,31,9,8,3,0.2174193548387097,9,0,0,0,0,0,6,8,7,0,0.18
5058,ëOå¥ëÂìπ,2,31,7,8,5,0.18838709677419355,0,4,1,0,2,0,0,0,0,14,0.18
5058,ëOå¥ëÂìπ,3,37,5,10,9,0.15432432432432433,0,0,0,5,0,0,0,0,0,0,0.18
5058,ëOå¥ëÂìπ,4,33,6,7,7,0.17212121212121215,0,2,0,3,1,0,0,0,0,0,0.18
5058,ëOå¥ëÂìπ,5,33,4,4,7,0.15484848484848485,0,0,0,3,1,0,0,0,0,0,0.18
5058,ëOå¥ëÂìπ,6,34,2,3,13,0.19823529411764707,0,0,0,0,2,0,0,0,0,0,0.18
5059,ïyìcèÀ,1,12,3,2,0,0.15,3,0,0,0,0,0,1,5,3,0,0.15259615384615385
5059,ïyìcèÀ,2,19,1,3,2,0.15,0,0,1,0,0,0,0,0,0,10,0.15259615384615385
5059,ïyìcèÀ,3,20,0,2,1,0.147,0,0,0,0,0,0,0,0,0,0,0.15259615384615385
5059,ïyìcèÀ,4,16,2,0,2,0.18125,0,0,2,0,0,0,0,0,0,0,0.15259615384615385
5059,ïyìcèÀ,5,18,0,0,0,0.1461111111111111,0,0,0,0,0,0,0,0,0,0,0.15259615384615385
5059,ïyìcèÀ,6,19,0,2,1,0.14473684210526316,0,0,0,0,0,0,0,0,0,0,0.15259615384615385
5060,êîå¥ä@,1,15,4,5,2,0.17666666666666667,4,0,0,0,0,0,2,4,3,0,0.19477987421383647
5060,êîå¥ä@,2,28,4,4,2,0.18,0,1,1,1,1,0,0,0,0,15,0.19477987421383647
5060,êîå¥ä@,3,26,1,4,3,0.18307692307692308,0,0,0,1,0,0,0,0,0,0,0.19477987421383647
5060,êîå¥ä@,4,27,2,6,4,0.1611111111111111,0,0,1,1,0,0,0,0,0,0,0.19477987421383647
5060,êîå¥ä@,5,33,1,2,2,0.21303030303030304,0,0,1,0,0,0,0,0,0,0,0.19477987421383647
5060,êîå¥ä@,6,30,0,1,4,0.238,0,0,0,0,0,0,0,0,0,0,0.19477987421383647
5061,íÜë∫èxïΩ,1,21,7,2,2,0.13,6,0,0,0,0,1,1,7,2,0,0.15302857142857143
5061,íÜë∫èxïΩ,2,33,2,3,1,0.1609090909090909,0,1,0,1,0,0,0,0,0,17,0.15302857142857143
5061,íÜë∫èxïΩ,3,32,3,3,3,0.1665625,0,1,1,1,0,0,0,0,0,0,0.15302857142857143
5061,íÜë∫èxïΩ,4,28,2,2,3,0.15071428571428572,0,0,2,0,0,0,0,0,0,0,0.15302857142857143
5061,íÜë∫èxïΩ,5,30,3,1,5,0.15166666666666667,0,0,3,0,0,0,0,0,0,0,0.15302857142857143
5061,íÜë∫èxïΩ,6,31,1,1,2,0.1496774193548387,0,0,1,0,0,0,0,0,0,0,0.15302857142857143
5062,ìcìàó€,1,11,1,0,1,0.2636363636363636,1,0,0,0,0,0,2,5,2,0,0.19463414634146342
5062,ìcìàó€,2,15,0,3,3,0.18800000000000003,0,0,0,0,0,0,0,0,0,11,0.19463414634146342
5062,ìcìàó€,3,16,0,0,1,0.16999999999999998,0,0,0,0,0,0,0,0,0,0,0.19463414634146342
5062,ìcìàó€,4,15,0,0,0,0.14533333333333334,0,0,0,0,0,0,0,0,0,0,0.19463414634146342
5062,ìcìàó€,5,12,0,0,2,0.1925,0,0,0,0,0,0,0,0,0,0,0.19463414634146342
5062,ìcìàó€,6,13,0,0,1,0.2330769230769231,0,0,0,0,0,0,0,0,0,0,0.19463414634146342
5063,ëÂíÀâÎé°,1,22,2,5,1,0.16363636363636364,2,0,0,0,0,0,7,9,3,0,0.17246666666666668
5063,ëÂíÀâÎé°,2,28,2,3,4,0.1907142857142857,0,1,1,0,0,0,0,0,0,12,0.17246666666666668
5063,ëÂíÀâÎé°,3,26,1,2,6,0.1473076923076923,0,1,0,0,0,0,0,0,0,0,0.17246666666666668
5063,ëÂíÀâÎé°,4,29,3,1,5,0.16724137931034483,0,1,2,0,0,0,0,0,0,0,0.17246666666666668
5063,ëÂíÀâÎé°,5,26,1,2,3,0.1523076923076923,0,0,0,1,0,0,0,0,0,0,0.17246666666666668
5063,ëÂíÀâÎé°,6,19,0,0,2,0.22578947368421054,0,0,0,0,0,0,0,0,0,0,0.17246666666666668
5064,ïiêÏìÒêÁ„ƒ,1,24,9,3,3,0.18625,8,0,0,0,1,0,1,6,6,0,0.1712568306010929
5064,ïiêÏìÒêÁ„ƒ,2,33,1,3,10,0.1706060606060606,0,0,1,0,0,0,0,0,0,16,0.1712568306010929
5064,ïiêÏìÒêÁ„ƒ,3,35,1,4,9,0.16685714285714284,0,1,0,0,0,0,0,0,0,0,0.1712568306010929
5064,ïiêÏìÒêÁ„ƒ,4,30,2,4,5,0.153,0,0,1,1,0,0,0,0,0,0,0.1712568306010929
5064,ïiêÏìÒêÁ„ƒ,5,34,0,4,8,0.17794117647058824,0,0,0,0,0,0,0,0,0,0,0.1712568306010929
5064,ïiêÏìÒêÁ„ƒ,6,27,1,4,3,0.17629629629629628,0,0,0,1,0,0,0,0,0,0,0.1712568306010929
5065,à…ãvä‘ózóD,1,27,9,2,0,0.21888888888888888,9,0,0,0,0,0,4,6,6,0,0.15978494623655914
5065,à…ãvä‘ózóD,2,38,5,8,8,0.15763157894736843,0,3,1,1,0,0,0,0,0,22,0.15978494623655914
5065,à…ãvä‘ózóD,3,30,2,5,8,0.15833333333333333,0,0,2,0,0,0,0,0,0,0,0.15978494623655914
5065,à…ãvä‘ózóD,4,30,4,3,4,0.15766666666666668,0,0,2,2,0,0,0,0,0,0,0.15978494623655914
5065,à…ãvä‘ózóD,5,31,2,8,2,0.1367741935483871,0,0,1,0,1,0,0,0,0,0,0.15978494623655914
5065,à…ãvä‘ózóD,6,30,1,2,2,0.1366666666666667,0,0,1,0,0,0,0,0,0,0,0.15978494623655914
5066,óÈñÿçFñæ,1,25,13,4,4,0.126,13,0,0,0,0,0,5,5,0,0,0.14515625000000001
5066,óÈñÿçFñæ,2,40,4,6,11,0.149,0,2,2,0,0,0,0,0,0,17,0.14515625000000001
5066,óÈñÿçFñæ,3,37,7,2,8,0.1391891891891892,0,2,2,1,1,1,0,0,0,0,0.14515625000000001
5066,óÈñÿçFñæ,4,36,7,5,10,0.1502777777777778,0,0,5,2,0,0,0,0,0,0,0.14515625000000001
5066,óÈñÿçFñæ,5,28,2,1,3,0.1332142857142857,0,0,1,1,0,0,0,0,0,0,0.14515625000000001
5066,óÈñÿçFñæ,6,26,1,1,3,0.1719230769230769,0,0,1,0,0,0,0,0,0,0,0.14515625000000001
5067,éRìcê^êπ,1,29,10,3,6,0.1617241379310345,10,0,0,0,0,0,9,5,3,0,0.16142857142857145
5067,éRìcê^êπ,2,49,3,3,7,0.1553061224489796,0,0,3,0,0,0,0,0,0,31,0.16142857142857145
5067,éRìcê^êπ,3,44,3,9,5,0.1384090909090909,0,0,2,0,1,0,0,0,0,0,0.16142857142857145
5067,éRìcê^êπ,4,39,2,3,4,0.1692307692307692,0,0,2,0,0,0,0,0,0,0,0.16142857142857145
5067,éRìcê^êπ,5,45,1,5,2,0.15622222222222223,0,0,1,0,0,0,0,0,0,0,0.16142857142857145
5067,éRìcê^êπ,6,32,1,1,2,0.2,0,0,1,0,0,0,0,0,0,0,0.16142857142857145
5068,ëOìcü‰,1,29,18,3,3,0.16758620689655174,17,0,0,0,1,0,2,7,2,0,0.1754878048780488
5068,ëOìcü‰,2,29,6,7,3,0.1503448275862069,0,3,3,0,0,0,0,0,0,16,0.1754878048780488
5068,ëOìcü‰,3,27,5,9,5,0.17222222222222225,0,1,1,2,0,1,0,0,0,0,0.1754878048780488
5068,ëOìcü‰,4,23,1,9,6,0.17391304347826086,0,0,1,0,0,0,0,0,0,0,0.1754878048780488
5068,ëOìcü‰,5,29,4,1,9,0.18310344827586209,0,0,2,0,2,0,0,0,0,0,0.1754878048780488
5068,ëOìcü‰,6,27,1,1,10,0.2074074074074074,0,0,1,0,0,0,0,0,0,0,0.1754878048780488
5069,éRçËè¨ótâπ,1,25,5,5,8,0.156,5,0,0,0,0,0,11,3,3,0,0.15806818181818183
5069,éRçËè¨ótâπ,2,30,0,6,5,0.13866666666666666,0,0,0,0,0,0,0,0,0,15,0.15806818181818183
5069,éRçËè¨ótâπ,3,36,3,3,6,0.1622222222222222,0,0,3,0,0,0,0,0,0,0,0.15806818181818183
5069,éRçËè¨ótâπ,4,30,3,0,5,0.1753333333333333,0,0,2,1,0,0,0,0,0,0,0.15806818181818183
5069,éRçËè¨ótâπ,5,27,1,4,3,0.1562962962962963,0,0,0,1,0,0,0,0,0,0,0.15806818181818183
5069,éRçËè¨ótâπ,6,28,1,2,1,0.15857142857142859,0,0,0,1,0,0,0,0,0,0,0.15806818181818183
5070,íÜìáçq,1,18,7,1,2,0.1488888888888889,7,0,0,0,0,0,2,3,3,0,0.17652482269503547
5070,íÜìáçq,2,29,1,9,3,0.19448275862068967,0,0,1,0,0,0,0,0,0,16,0.17652482269503547
5070,íÜìáçq,3,29,3,4,4,0.18655172413793103,0,0,2,0,1,0,0,0,0,0,0.17652482269503547
5070,íÜìáçq,4,24,2,5,2,0.14458333333333334,0,1,1,0,0,0,0,0,0,0,0.17652482269503547
5070,íÜìáçq,5,23,0,2,4,0.16695652173913042,0,0,0,0,0,0,0,0,0,0,0.17652482269503547
5070,íÜìáçq,6,18,0,0,1,0.2138888888888889,0,0,0,0,0,0,0,0,0,0,0.17652482269503547
5071,ñÏå©éRëÒå»,1,13,3,3,2,0.15846153846153846,3,0,0,0,0,0,2,2,4,0,0.1766206896551724
5071,ñÏå©éRëÒå»,2,28,0,3,6,0.17214285714285715,0,0,0,0,0,0,0,0,0,13,0.1766206896551724
5071,ñÏå©éRëÒå»,3,27,1,2,6,0.19333333333333333,0,1,0,0,0,0,0,0,0,0,0.1766206896551724
5071,ñÏå©éRëÒå»,4,24,2,0,9,0.16125,0,0,0,2,0,0,0,0,0,0,0.1766206896551724
5071,ñÏå©éRëÒå»,5,29,1,0,3,0.17379310344827587,0,0,0,1,0,0,0,0,0,0,0.1766206896551724
5071,ñÏå©éRëÒå»,6,24,0,1,0,0.19166666666666665,0,0,0,0,0,0,0,0,0,0,0.1766206896551724
5072,ãgìcà«î¸,1,12,1,1,0,0.1991666666666667,1,0,0,0,0,0,5,4,1,0,0.19980769230769233
5072,ãgìcà«î¸,2,21,0,0,4,0.20666666666666667,0,0,0,0,0,0,0,0,0,9,0.19980769230769233
5072,ãgìcà«î¸,3,17,0,1,3,0.18823529411764706,0,0,0,0,0,0,0,0,0,0,0.19980769230769233
5072,ãgìcà«î¸,4,20,0,1,1,0.21800000000000003,0,0,0,0,0,0,0,0,0,0,0.19980769230769233
5072,ãgìcà«î¸,5,18,0,0,1,0.18611111111111112,0,0,0,0,0,0,0,0,0,0,0.19980769230769233
5072,ãgìcà«î¸,6,16,0,0,1,0.19625,0,0,0,0,0,0,0,0,0,0,0.19980769230769233
5073,è„å¥åíéüòY,1,29,7,4,10,0.1817241379310345,5,0,0,0,2,0,4,14,4,0,0.1738723404255319
5073,è„å¥åíéüòY,2,38,4,6,6,0.17,0,3,0,0,1,0,0,0,0,22,0.1738723404255319
5073,è„å¥åíéüòY,3,52,3,5,10,0.17423076923076924,0,0,0,2,0,1,0,0,0,0,0.1738723404255319
5073,è„å¥åíéüòY,4,44,2,6,9,0.16636363636363638,0,0,0,1,1,0,0,0,0,0,0.1738723404255319
5073,è„å¥åíéüòY,5,38,0,3,6,0.165,0,0,0,0,0,0,0,0,0,0,0.1738723404255319
5073,è„å¥åíéüòY,6,34,1,3,9,0.19058823529411767,0,0,0,1,0,0,0,0,0,0,0.1738723404255319
5074,ëÂ‡VêΩñÁ,1,28,11,11,2,0.16999999999999998,11,0,0,0,0,0,9,1,5,0,0.18240174672489085
5074,ëÂ‡VêΩñÁ,2,44,3,7,9,0.18363636363636363,0,2,0,0,1,0,0,0,0,24,0.18240174672489085
5074,ëÂ‡VêΩñÁ,3,47,1,4,13,0.17489361702127662,0,0,1,0,0,0,0,0,0,0,0.18240174672489085
5074,ëÂ‡VêΩñÁ,4,39,0,3,10,0.1782051282051282,0,0,0,0,0,0,0,0,0,0,0.18240174672489085
5074,ëÂ‡VêΩñÁ,5,39,0,0,4,0.19282051282051282,0,0,0,0,0,0,0,0,0,0,0.18240174672489085
5074,ëÂ‡VêΩñÁ,6,32,0,0,2,0.195,0,0,0,0,0,0,0,0,0,0,0.18240174672489085
5075,íÜìáèGé°,1,40,16,7,7,0.16375,14,0,0,0,2,0,6,9,6,0,0.1652830188679245
5075,íÜìáèGé°,2,34,5,9,9,0.1885294117647059,0,5,0,0,0,0,0,0,0,17,0.1652830188679245
5075,íÜìáèGé°,3,38,6,10,7,0.16921052631578948,0,1,1,4,0,0,0,0,0,0,0.1652830188679245
5075,íÜìáèGé°,4,31,4,6,5,0.15580645161290324,0,0,2,1,1,0,0,0,0,0,0.1652830188679245
5075,íÜìáèGé°,5,36,3,9,9,0.1527777777777778,0,1,0,2,0,0,0,0,0,0,0.1652830188679245
5075,íÜìáèGé°,6,33,4,4,7,0.16121212121212122,0,0,1,2,1,0,0,0,0,0,0.1652830188679245
5076,êŒå¥åı,1,18,6,3,4,0.12277777777777778,5,0,1,0,0,0,2,4,4,0,0.1681437125748503
5076,êŒå¥åı,2,30,4,4,2,0.16933333333333334,0,3,1,0,0,0,0,0,0,15,0.1681437125748503
5076,êŒå¥åı,3,33,2,6,1,0.14727272727272728,0,0,2,0,0,0,0,0,0,0,0.1681437125748503
5076,êŒå¥åı,4,28,0,1,5,0.16392857142857142,0,0,0,0,0,0,0,0,0,0,0.1681437125748503
5076,êŒå¥åı,5,32,1,3,3,0.1840625,0,0,0,1,0,0,0,0,0,0,0.1681437125748503
5076,êŒå¥åı,6,26,1,1,0,0.20961538461538462,0,0,0,1,0,0,0,0,0,0,0.1681437125748503
5077,ëÍëÚõ√,1,13,2,1,0,0.23923076923076922,1,0,0,0,1,0,2,4,2,0,0.22429752066115702
5077,ëÍëÚõ√,2,19,2,0,4,0.2168421052631579,0,2,0,0,0,0,0,0,0,5,0.22429752066115702
5077,ëÍëÚõ√,3,20,0,2,1,0.20350000000000001,0,0,0,0,0,0,0,0,0,0,0.22429752066115702
5077,ëÍëÚõ√,4,23,1,2,0,0.21521739130434783,0,1,0,0,0,0,0,0,0,0,0.22429752066115702
5077,ëÍëÚõ√,5,24,0,0,2,0.24416666666666667,0,0,0,0,0,0,0,0,0,0,0.22429752066115702
5077,ëÍëÚõ√,6,22,0,0,3,0.22863636363636364,0,0,0,0,0,0,0,0,0,0,0.22429752066115702
5078,éRêÏîgâ≥,1,30,11,4,2,0.195,11,0,0,0,0,0,4,10,2,0,0.1925925925925926
5078,éRêÏîgâ≥,2,36,5,14,6,0.18000000000000002,0,1,3,0,1,0,0,0,0,17,0.1925925925925926
5078,éRêÏîgâ≥,3,43,2,10,5,0.17232558139534884,0,1,0,1,0,0,0,0,0,0,0.1925925925925926
5078,éRêÏîgâ≥,4,39,1,3,6,0.1946153846153846,0,0,1,0,0,0,0,0,0,0,0.1925925925925926
5078,éRêÏîgâ≥,5,35,1,3,5,0.1977142857142857,0,0,0,1,0,0,0,0,0,0,0.1925925925925926
5078,éRêÏîgâ≥,6,33,1,1,3,0.22272727272727275,0,1,0,0,0,0,0,0,0,0,0.1925925925925926
5079,ëÂêŒê^âõ,1,26,11,1,3,0.21576923076923077,9,0,0,0,2,0,2,11,2,0,0.18182320441988953
5079,ëÂêŒê^âõ,2,27,4,5,8,0.1537037037037037,0,4,0,0,0,0,0,0,0,6,0.18182320441988953
5079,ëÂêŒê^âõ,3,39,8,8,5,0.16076923076923078,0,3,3,2,0,0,0,0,0,0,0.18182320441988953
5079,ëÂêŒê^âõ,4,33,4,3,5,0.18363636363636365,0,1,2,1,0,0,0,0,0,0,0.18182320441988953
5079,ëÂêŒê^âõ,5,26,0,2,5,0.19846153846153847,0,0,0,0,0,0,0,0,0,0,0.18182320441988953
5079,ëÂêŒê^âõ,6,30,0,1,3,0.18866666666666668,0,0,0,0,0,0,0,0,0,0,0.18182320441988953
5080,óÈñÿåcëæ,1,3,1,0,1,0.11333333333333333,1,0,0,0,0,0,0,1,1,0,0.1757142857142857
5080,óÈñÿåcëæ,2,11,1,3,1,0.2,0,1,0,0,0,0,0,0,0,7,0.1757142857142857
5080,óÈñÿåcëæ,3,7,1,0,3,0.20285714285714285,0,0,0,1,0,0,0,0,0,0,0.1757142857142857
5080,óÈñÿåcëæ,4,8,0,2,4,0.1225,0,0,0,0,0,0,0,0,0,0,0.1757142857142857
5080,óÈñÿåcëæ,5,6,1,0,2,0.21333333333333335,0,0,0,1,0,0,0,0,0,0,0.1757142857142857
5080,óÈñÿåcëæ,6,7,0,0,0,0.16571428571428573,0,0,0,0,0,0,0,0,0,0,0.1757142857142857
5081,é¬å¥îÚ„ƒ,1,29,12,5,6,0.1617241379310345,11,0,0,0,1,0,3,6,4,0,0.1656880733944954
5081,é¬å¥îÚ„ƒ,2,36,8,6,9,0.18638888888888888,0,6,1,0,1,0,0,0,0,16,0.1656880733944954
5081,é¬å¥îÚ„ƒ,3,46,3,17,15,0.14869565217391303,0,0,1,2,0,0,0,0,0,0,0.1656880733944954
5081,é¬å¥îÚ„ƒ,4,38,2,6,7,0.1718421052631579,0,1,1,0,0,0,0,0,0,0,0.1656880733944954
5081,é¬å¥îÚ„ƒ,5,35,1,11,6,0.16742857142857143,0,0,0,0,1,0,0,0,0,0,0.1656880733944954
5081,é¬å¥îÚ„ƒ,6,34,0,1,6,0.16147058823529412,0,0,0,0,0,0,0,0,0,0,0.1656880733944954
5082,àÍêFóΩâÎ,1,28,9,5,7,0.2082142857142857,8,0,0,0,1,0,7,7,5,0,0.22130841121495326
5082,àÍêFóΩâÎ,2,28,4,8,3,0.20428571428571426,0,1,2,0,1,0,0,0,0,14,0.22130841121495326
5082,àÍêFóΩâÎ,3,35,1,12,4,0.24085714285714285,0,0,1,0,0,0,0,0,0,0,0.22130841121495326
5082,àÍêFóΩâÎ,4,33,1,2,11,0.2109090909090909,0,0,0,0,1,0,0,0,0,0,0.22130841121495326
5082,àÍêFóΩâÎ,5,39,0,3,6,0.257948717948718,0,0,0,0,0,0,0,0,0,0,0.22130841121495326
5082,àÍêFóΩâÎ,6,51,1,5,5,0.20313725490196077,0,1,0,0,0,0,0,0,0,0,0.22130841121495326
5083,ñˆê£ä≤ëæ,1,29,8,3,4,0.1503448275862069,7,0,0,0,1,0,6,9,5,0,0.16694444444444445
5083,ñˆê£ä≤ëæ,2,35,1,5,6,0.16285714285714287,0,1,0,0,0,0,0,0,0,20,0.16694444444444445
5083,ñˆê£ä≤ëæ,3,43,1,4,9,0.15604651162790698,0,1,0,0,0,0,0,0,0,0,0.16694444444444445
5083,ñˆê£ä≤ëæ,4,44,2,1,5,0.17840909090909093,0,0,2,0,0,0,0,0,0,0,0.16694444444444445
5083,ñˆê£ä≤ëæ,5,38,0,3,3,0.16973684210526316,0,0,0,0,0,0,0,0,0,0,0.16694444444444445
5083,ñˆê£ä≤ëæ,6,27,0,0,4,0.18481481481481482,0,0,0,0,0,0,0,0,0,0,0.16694444444444445
5084,ññâiòañÁ,1,49,30,8,4,0.15244897959183673,28,1,0,0,1,0,5,7,7,0,0.14766536964980545
5084,ññâiòañÁ,2,46,12,10,15,0.1458695652173913,1,8,0,1,2,0,0,0,0,25,0.14766536964980545
5084,ññâiòañÁ,3,46,6,20,8,0.14695652173913043,0,0,1,2,3,0,0,0,0,0,0.14766536964980545
5084,ññâiòañÁ,4,39,7,12,8,0.13538461538461538,0,3,2,1,1,0,0,0,0,0,0.14766536964980545
5084,ññâiòañÁ,5,43,7,10,12,0.15674418604651164,0,0,0,5,2,0,0,0,0,0,0.14766536964980545
5084,ññâiòañÁ,6,34,2,3,9,0.14676470588235294,0,1,0,1,0,0,0,0,0,0,0.14766536964980545
5085,íÜë∫âhé°,1,22,9,4,1,0.15863636363636366,9,0,0,0,0,0,2,6,4,0,0.17708333333333334
5085,íÜë∫âhé°,2,26,2,4,5,0.18076923076923077,0,2,0,0,0,0,0,0,0,12,0.17708333333333334
5085,íÜë∫âhé°,3,30,2,6,4,0.15733333333333333,0,0,1,0,1,0,0,0,0,0,0.17708333333333334
5085,íÜë∫âhé°,4,27,2,1,8,0.2011111111111111,0,0,2,0,0,0,0,0,0,0,0.17708333333333334
5085,íÜë∫âhé°,5,33,2,2,6,0.18636363636363637,0,0,0,1,1,0,0,0,0,0,0.17708333333333334
5085,íÜë∫âhé°,6,30,0,1,4,0.1753333333333333,0,0,0,0,0,0,0,0,0,0,0.17708333333333334
5086,ñ{ë∫ëÂ,1,23,11,6,2,0.15956521739130433,11,0,0,0,0,0,2,4,1,0,0.16857142857142857
5086,ñ{ë∫ëÂ,2,39,3,10,12,0.15666666666666668,0,0,1,0,1,1,0,0,0,22,0.16857142857142857
5086,ñ{ë∫ëÂ,3,37,2,3,8,0.19486486486486487,0,0,1,1,0,0,0,0,0,0,0.16857142857142857
5086,ñ{ë∫ëÂ,4,28,1,4,7,0.15964285714285714,0,0,0,1,0,0,0,0,0,0,0.16857142857142857
5086,ñ{ë∫ëÂ,5,33,2,7,8,0.16151515151515153,0,0,0,1,1,0,0,0,0,0,0.16857142857142857
5086,ñ{ë∫ëÂ,6,29,1,4,7,0.17482758620689656,0,0,0,0,0,1,0,0,0,0,0.16857142857142857
5087,ç≤ì°çq,1,44,25,7,3,0.14545454545454548,21,0,0,0,4,0,6,11,1,0,0.1443913043478261
5087,ç≤ì°çq,2,31,5,6,6,0.15064516129032257,1,1,2,0,1,0,0,0,0,16,0.1443913043478261
5087,ç≤ì°çq,3,39,8,8,6,0.1423076923076923,0,0,3,5,0,0,0,0,0,0,0.1443913043478261
5087,ç≤ì°çq,4,40,7,7,8,0.1315,0,1,3,3,0,0,0,0,0,0,0.1443913043478261
5087,ç≤ì°çq,5,34,4,5,11,0.16264705882352942,0,0,1,3,0,0,0,0,0,0,0.1443913043478261
5087,ç≤ì°çq,6,42,3,5,8,0.1380952380952381,0,0,0,3,0,0,0,0,0,0,0.1443913043478261
5088,çÇì≤élãG,1,36,19,6,3,0.1922222222222222,19,0,0,0,0,0,2,7,6,0,0.1588392857142857
5088,çÇì≤élãG,2,43,9,10,11,0.16674418604651162,0,3,4,0,0,2,0,0,0,22,0.1588392857142857
5088,çÇì≤élãG,3,42,7,9,5,0.16952380952380952,0,0,5,1,1,0,0,0,0,0,0.1588392857142857
5088,çÇì≤élãG,4,38,7,4,11,0.14157894736842105,0,1,4,2,0,0,0,0,0,0,0.1588392857142857
5088,çÇì≤élãG,5,34,3,5,6,0.1261764705882353,0,0,2,0,1,0,0,0,0,0,0.1588392857142857
5088,çÇì≤élãG,6,31,1,5,4,0.15161290322580645,0,0,0,1,0,0,0,0,0,0,0.1588392857142857
5089,ëOìc„ƒ,1,38,22,8,4,0.18763157894736843,22,0,0,0,0,0,3,8,4,0,0.18166666666666667
5089,ëOìc„ƒ,2,30,4,7,10,0.16133333333333333,0,3,0,1,0,0,0,0,0,14,0.18166666666666667
5089,ëOìc„ƒ,3,39,6,6,13,0.1646153846153846,0,0,2,2,2,0,0,0,0,0,0.18166666666666667
5089,ëOìc„ƒ,4,35,6,6,7,0.17971428571428572,0,3,0,0,3,0,0,0,0,0,0.18166666666666667
5089,ëOìc„ƒ,5,29,3,5,8,0.19931034482758622,0,2,0,1,0,0,0,0,0,0,0.18166666666666667
5089,ëOìc„ƒ,6,33,0,4,7,0.19999999999999998,0,0,0,0,0,0,0,0,0,0,0.18166666666666667
5090,ê∂ï˚ñıàü,1,24,6,3,6,0.16958333333333334,5,0,0,0,1,0,1,10,3,0,0.1917777777777778
5090,ê∂ï˚ñıàü,2,34,5,5,12,0.18323529411764708,0,2,1,0,2,0,0,0,0,16,0.1917777777777778
5090,ê∂ï˚ñıàü,3,34,2,5,9,0.19088235294117648,0,1,1,0,0,0,0,0,0,0,0.1917777777777778
5090,ê∂ï˚ñıàü,4,31,0,4,3,0.18774193548387097,0,0,0,0,0,0,0,0,0,0,0.1917777777777778
5090,ê∂ï˚ñıàü,5,34,0,3,3,0.19794117647058826,0,0,0,0,0,0,0,0,0,0,0.1917777777777778
5090,ê∂ï˚ñıàü,6,23,0,0,6,0.2252173913043478,0,0,0,0,0,0,0,0,0,0,0.1917777777777778
5091,à◊ñ{íqñÁ,1,27,13,4,1,0.15259259259259259,13,0,0,0,0,0,6,6,2,0,0.14964071856287425
5091,à◊ñ{íqñÁ,2,28,1,4,5,0.165,0,1,0,0,0,0,0,0,0,18,0.14964071856287425
5091,à◊ñ{íqñÁ,3,32,3,5,7,0.139375,0,1,1,1,0,0,0,0,0,0,0.14964071856287425
5091,à◊ñ{íqñÁ,4,27,5,4,7,0.1385185185185185,0,0,2,2,1,0,0,0,0,0,0.14964071856287425
5091,à◊ñ{íqñÁ,5,25,1,2,4,0.156,0,0,1,0,0,0,0,0,0,0,0.14964071856287425
5091,à◊ñ{íqñÁ,6,28,1,3,4,0.14821428571428572,0,0,0,0,1,0,0,0,0,0,0.14964071856287425
5092,é¬å¥ùÓñÌ,1,28,16,2,4,0.12142857142857143,15,0,0,0,1,0,1,8,2,0,0.13122340425531917
5092,é¬å¥ùÓñÌ,2,35,8,11,3,0.14914285714285713,0,2,4,1,1,0,0,0,0,18,0.13122340425531917
5092,é¬å¥ùÓñÌ,3,31,5,1,10,0.1367741935483871,0,0,3,2,0,0,0,0,0,0,0.13122340425531917
5092,é¬å¥ùÓñÌ,4,33,5,7,4,0.13393939393939394,0,1,2,0,2,0,0,0,0,0,0.13122340425531917
5092,é¬å¥ùÓñÌ,5,33,2,5,9,0.1215151515151515,0,2,0,0,0,0,0,0,0,0,0.13122340425531917
5092,é¬å¥ùÓñÌ,6,28,2,1,1,0.1207142857142857,0,1,0,1,0,0,0,0,0,0,0.13122340425531917
5093,âYñÏäC,1,22,10,1,6,0.1481818181818182,9,0,0,0,1,0,4,6,0,0,0.19330097087378642
5093,âYñÏäC,2,41,1,6,8,0.20341463414634145,0,1,0,0,0,0,0,0,0,22,0.19330097087378642
5093,âYñÏäC,3,38,5,8,2,0.17894736842105263,0,2,1,1,1,0,0,0,0,0,0.19330097087378642
5093,âYñÏäC,4,34,0,3,4,0.1991176470588235,0,0,0,0,0,0,0,0,0,0,0.19330097087378642
5093,âYñÏäC,5,35,0,5,6,0.192,0,0,0,0,0,0,0,0,0,0,0.19330097087378642
5093,âYñÏäC,6,36,0,1,6,0.22027777777777777,0,0,0,0,0,0,0,0,0,0,0.19330097087378642
5094,ê∂ìcîgî¸âπ,1,27,12,4,1,0.13481481481481483,9,0,0,0,3,0,2,8,4,0,0.16409356725146199
5094,ê∂ìcîgî¸âπ,2,30,7,3,8,0.18166666666666667,0,2,3,0,2,0,0,0,0,10,0.16409356725146199
5094,ê∂ìcîgî¸âπ,3,32,1,9,3,0.1734375,0,0,1,0,0,0,0,0,0,0,0.16409356725146199
5094,ê∂ìcîgî¸âπ,4,28,3,5,6,0.14785714285714285,0,1,1,1,0,0,0,0,0,0,0.16409356725146199
5094,ê∂ìcîgî¸âπ,5,30,3,2,8,0.16699999999999998,0,0,2,1,0,0,0,0,0,0,0.16409356725146199
5094,ê∂ìcîgî¸âπ,6,24,0,1,5,0.17791666666666664,0,0,0,0,0,0,0,0,0,0,0.16409356725146199
5095,è¨å¥ëèè´,1,24,6,5,6,0.16,6,0,0,0,0,0,4,10,3,0,0.15878980891719746
5095,è¨å¥ëèè´,2,26,9,6,1,0.16576923076923078,0,3,4,0,1,1,0,0,0,10,0.15878980891719746
5095,è¨å¥ëèè´,3,30,0,5,4,0.1716666666666667,0,0,0,0,0,0,0,0,0,0,0.15878980891719746
5095,è¨å¥ëèè´,4,27,1,5,5,0.12703703703703703,0,0,0,1,0,0,0,0,0,0,0.15878980891719746
5095,è¨å¥ëèè´,5,25,2,3,7,0.16920000000000002,0,0,0,1,1,0,0,0,0,0,0.15878980891719746
5095,è¨å¥ëèè´,6,25,2,3,4,0.1588,0,0,0,1,1,0,0,0,0,0,0.15878980891719746
5096,è„å¥õ√,1,26,4,4,4,0.17884615384615385,4,0,0,0,0,0,6,13,3,0,0.1627319587628866
5096,è„å¥õ√,2,35,0,3,5,0.1862857142857143,0,0,0,0,0,0,0,0,0,17,0.1627319587628866
5096,è„å¥õ√,3,40,0,4,4,0.15375,0,0,0,0,0,0,0,0,0,0,0.1627319587628866
5096,è„å¥õ√,4,31,2,1,4,0.16419354838709677,0,0,1,1,0,0,0,0,0,0,0.1627319587628866
5096,è„å¥õ√,5,32,0,0,3,0.1465625,0,0,0,0,0,0,0,0,0,0,0.1627319587628866
5096,è„å¥õ√,6,30,0,1,3,0.149,0,0,0,0,0,0,0,0,0,0,0.1627319587628866
5098,ëÂç]èÉ,1,20,9,5,3,0.148,8,0,0,0,1,0,4,2,4,0,0.17300578034682082
5098,ëÂç]èÉ,2,28,3,2,4,0.14821428571428572,0,2,0,0,1,0,0,0,0,16,0.17300578034682082
5098,ëÂç]èÉ,3,36,2,2,7,0.1711111111111111,0,0,0,0,2,0,0,0,0,0,0.17300578034682082
5098,ëÂç]èÉ,4,30,0,0,4,0.187,0,0,0,0,0,0,0,0,0,0,0.17300578034682082
5098,ëÂç]èÉ,5,33,1,4,6,0.16696969696969696,0,0,1,0,0,0,0,0,0,0,0.17300578034682082
5098,ëÂç]èÉ,6,26,0,0,4,0.21307692307692308,0,0,0,0,0,0,0,0,0,0,0.17300578034682082
5099,å¥ìcèrñ@,1,3,0,0,1,0.20333333333333337,0,0,0,0,0,0,0,2,0,0,0.23609756097560974
5099,å¥ìcèrñ@,2,2,0,0,0,0.33999999999999997,0,0,0,0,0,0,0,0,0,1,0.23609756097560974
5099,å¥ìcèrñ@,3,4,0,0,0,0.265,0,0,0,0,0,0,0,0,0,0,0.23609756097560974
5099,å¥ìcèrñ@,4,2,0,0,1,0.14500000000000002,0,0,0,0,0,0,0,0,0,0,0.23609756097560974
5099,å¥ìcèrñ@,5,11,0,1,0,0.18818181818181817,0,0,0,0,0,0,0,0,0,0,0.23609756097560974
5099,å¥ìcèrñ@,6,19,0,0,0,0.261578947368421,0,0,0,0,0,0,0,0,0,0,0.23609756097560974
5100,åIå¥àÍîn,1,19,2,1,4,0.15368421052631578,2,0,0,0,0,0,5,7,3,0,0.16406060606060607
5100,åIå¥àÍîn,2,32,3,2,4,0.160625,0,0,3,0,0,0,0,0,0,18,0.16406060606060607
5100,åIå¥àÍîn,3,32,0,3,3,0.1503125,0,0,0,0,0,0,0,0,0,0,0.16406060606060607
5100,åIå¥àÍîn,4,25,1,1,0,0.1628,0,0,1,0,0,0,0,0,0,0,0.16406060606060607
5100,åIå¥àÍîn,5,29,1,1,1,0.19586206896551722,0,0,1,0,0,0,0,0,0,0,0.16406060606060607
5100,åIå¥àÍîn,6,28,0,0,2,0.15892857142857145,0,0,0,0,0,0,0,0,0,0,0.16406060606060607
5101,ï\åíëæ,1,9,1,2,2,0.13333333333333333,1,0,0,0,0,0,5,2,1,0,0.18436974789915966
5101,ï\åíëæ,2,24,0,1,2,0.19625,0,0,0,0,0,0,0,0,0,15,0.18436974789915966
5101,ï\åíëæ,3,18,0,0,5,0.16166666666666668,0,0,0,0,0,0,0,0,0,0,0.18436974789915966
5101,ï\åíëæ,4,22,1,0,0,0.16772727272727272,0,0,1,0,0,0,0,0,0,0,0.18436974789915966
5101,ï\åíëæ,5,24,0,2,2,0.18375,0,0,0,0,0,0,0,0,0,0,0.18436974789915966
5101,ï\åíëæ,6,22,0,0,0,0.22818181818181815,0,0,0,0,0,0,0,0,0,0,0.18436974789915966
5102,å¥ìcóYéü,1,23,13,3,2,0.14521739130434783,13,0,0,0,0,0,2,7,1,0,0.1906896551724138
5102,å¥ìcóYéü,2,43,3,8,5,0.18255813953488373,0,1,1,0,1,0,0,0,0,28,0.1906896551724138
5102,å¥ìcóYéü,3,51,6,4,11,0.20901960784313725,0,1,2,3,0,0,0,0,0,0,0.1906896551724138
5102,å¥ìcóYéü,4,40,1,5,11,0.20350000000000001,0,0,0,1,0,0,0,0,0,0,0.1906896551724138
5102,å¥ìcóYéü,5,38,3,6,5,0.2094736842105263,0,1,0,2,0,0,0,0,0,0,0.1906896551724138
5102,å¥ìcóYéü,6,37,1,3,4,0.17,0,0,0,0,1,0,0,0,0,0,0.1906896551724138
5103,é≈ìcãûâÓ,1,25,6,4,0,0.1788,5,0,0,0,1,0,5,6,3,0,0.1801063829787234
5103,é≈ìcãûâÓ,2,37,1,5,2,0.20621621621621622,0,1,0,0,0,0,0,0,0,12,0.1801063829787234
5103,é≈ìcãûâÓ,3,36,1,4,6,0.16499999999999998,0,0,1,0,0,0,0,0,0,0,0.1801063829787234
5103,é≈ìcãûâÓ,4,30,1,2,4,0.16366666666666668,0,0,1,0,0,0,0,0,0,0,0.1801063829787234
5103,é≈ìcãûâÓ,5,33,0,0,1,0.15818181818181817,0,0,0,0,0,0,0,0,0,0,0.1801063829787234
5103,é≈ìcãûâÓ,6,27,1,1,3,0.21074074074074076,0,0,0,1,0,0,0,0,0,0,0.1801063829787234
5104,éRìcè‰,1,25,15,3,1,0.1748,14,0,0,0,1,0,1,5,4,0,0.16413461538461538
5104,éRìcè‰,2,33,4,4,10,0.1593939393939394,0,4,0,0,0,0,0,0,0,19,0.16413461538461538
5104,éRìcè‰,3,40,6,4,9,0.14750000000000002,0,0,4,1,1,0,0,0,0,0,0.16413461538461538
5104,éRìcè‰,4,33,1,5,11,0.18484848484848485,0,1,0,0,0,0,0,0,0,0,0.16413461538461538
5104,éRìcè‰,5,38,0,6,2,0.16736842105263158,0,0,0,0,0,0,0,0,0,0,0.16413461538461538
5104,éRìcè‰,6,39,1,4,4,0.15769230769230771,0,0,0,0,0,1,0,0,0,0,0.16413461538461538
5105,ïxìcèöê∂,1,25,6,4,2,0.2064,6,0,0,0,0,0,2,12,2,0,0.20112745098039217
5105,ïxìcèöê∂,2,38,2,6,6,0.21473684210526317,0,0,1,0,1,0,0,0,0,20,0.20112745098039217
5105,ïxìcèöê∂,3,31,1,3,3,0.21838709677419355,0,0,0,0,1,0,0,0,0,0,0.20112745098039217
5105,ïxìcèöê∂,4,42,1,6,5,0.17976190476190476,0,0,0,1,0,0,0,0,0,0,0.20112745098039217
5105,ïxìcèöê∂,5,35,1,3,4,0.17714285714285716,0,0,0,1,0,0,0,0,0,0,0.20112745098039217
5105,ïxìcèöê∂,6,33,0,1,3,0.2178787878787879,0,0,0,0,0,0,0,0,0,0,0.20112745098039217
5106,éRçËèÀ,1,11,6,0,3,0.17636363636363636,5,0,0,0,1,0,1,3,1,0,0.17225352112676054
5106,éRçËèÀ,2,18,2,4,5,0.15833333333333333,0,1,1,0,0,0,0,0,0,14,0.17225352112676054
5106,éRçËèÀ,3,22,4,3,3,0.1922727272727273,0,0,2,1,1,0,0,0,0,0,0.17225352112676054
5106,éRçËèÀ,4,56,0,8,12,0.17250000000000001,0,0,0,0,0,0,0,0,0,0,0.17225352112676054
5106,éRçËèÀ,5,46,1,3,14,0.1623913043478261,0,0,0,1,0,0,0,0,0,0,0.17225352112676054
5106,éRçËèÀ,6,60,1,7,8,0.17566666666666667,0,0,1,0,0,0,0,0,0,0,0.17225352112676054
5107,èºñ{ê^çL,1,16,2,0,1,0.23875,2,0,0,0,0,0,2,6,3,0,0.18259067357512954
5107,èºñ{ê^çL,2,24,1,5,3,0.18875,1,0,0,0,0,0,0,0,0,12,0.18259067357512954
5107,èºñ{ê^çL,3,26,0,1,2,0.18153846153846154,0,0,0,0,0,0,0,0,0,0,0.18259067357512954
5107,èºñ{ê^çL,4,32,2,1,2,0.1790625,0,0,1,1,0,0,0,0,0,0,0.18259067357512954
5107,èºñ{ê^çL,5,43,1,2,4,0.17837209302325582,0,0,1,0,0,0,0,0,0,0,0.18259067357512954
5107,èºñ{ê^çL,6,52,1,3,3,0.16865384615384615,0,0,0,1,0,0,0,0,0,0,0.18259067357512954
5108,éƒìcà§óú,1,25,2,3,5,0.23120000000000002,2,0,0,0,0,0,2,15,3,0,0.22215909090909092
5108,éƒìcà§óú,2,27,1,0,4,0.24037037037037037,0,0,1,0,0,0,0,0,0,15,0.22215909090909092
5108,éƒìcà§óú,3,37,0,2,4,0.2137837837837838,0,0,0,0,0,0,0,0,0,0,0.22215909090909092
5108,éƒìcà§óú,4,35,0,0,2,0.22571428571428573,0,0,0,0,0,0,0,0,0,0,0.22215909090909092
5108,éƒìcà§óú,5,28,0,1,2,0.20035714285714287,0,0,0,0,0,0,0,0,0,0,0.22215909090909092
5108,éƒìcà§óú,6,24,0,0,3,0.22541666666666668,0,0,0,0,0,0,0,0,0,0,0.22215909090909092
5109,êÏçËíqñ´,1,18,4,3,3,0.14944444444444444,4,0,0,0,0,0,5,6,3,0,0.16523316062176166
5109,êÏçËíqñ´,2,35,1,8,9,0.17714285714285716,0,1,0,0,0,0,0,0,0,22,0.16523316062176166
5109,êÏçËíqñ´,3,34,1,9,5,0.14588235294117646,0,0,0,0,1,0,0,0,0,0,0.16523316062176166
5109,êÏçËíqñ´,4,45,1,8,10,0.17066666666666666,0,0,1,0,0,0,0,0,0,0,0.16523316062176166
5109,êÏçËíqñ´,5,34,0,2,9,0.16441176470588234,0,0,0,0,0,0,0,0,0,0,0.16523316062176166
5109,êÏçËíqñ´,6,27,0,2,2,0.1766666666666667,0,0,0,0,0,0,0,0,0,0,0.16523316062176166
5110,êôéRäÏàÍ,1,24,6,9,4,0.17708333333333334,6,0,0,0,0,0,7,7,2,0,0.1691794871794872
5110,êôéRäÏàÍ,2,38,1,10,8,0.16236842105263158,0,0,1,0,0,0,0,0,0,20,0.1691794871794872
5110,êôéRäÏàÍ,3,40,1,6,4,0.16924999999999998,0,0,0,0,1,0,0,0,0,0,0.1691794871794872
5110,êôéRäÏàÍ,4,31,1,5,8,0.15645161290322582,0,0,1,0,0,0,0,0,0,0,0.1691794871794872
5110,êôéRäÏàÍ,5,35,1,3,3,0.17657142857142857,0,0,0,1,0,0,0,0,0,0,0.1691794871794872
5110,êôéRäÏàÍ,6,27,0,2,9,0.17666666666666664,0,0,0,0,0,0,0,0,0,0,0.1691794871794872
5111,éOë∫äxêl,1,25,10,0,5,0.1732,9,0,0,0,1,0,2,10,3,0,0.18061538461538462
5111,éOë∫äxêl,2,33,0,8,3,0.20303030303030303,0,0,0,0,0,0,0,0,0,15,0.18061538461538462
5111,éOë∫äxêl,3,40,5,8,7,0.184,0,2,1,2,0,0,0,0,0,0,0.18061538461538462
5111,éOë∫äxêl,4,32,3,5,7,0.170625,0,0,3,0,0,0,0,0,0,0,0.18061538461538462
5111,éOë∫äxêl,5,35,0,3,6,0.1757142857142857,0,0,0,0,0,0,0,0,0,0,0.18061538461538462
5111,éOë∫äxêl,6,30,0,1,3,0.174,0,0,0,0,0,0,0,0,0,0,0.18061538461538462
5112,çªí∑ímãP,1,44,26,4,6,0.14340909090909093,24,0,0,0,2,0,1,10,3,0,0.1400398406374502
5112,çªí∑ímãP,2,42,13,13,4,0.1530952380952381,1,9,1,0,2,0,0,0,0,15,0.1400398406374502
5112,çªí∑ímãP,3,41,8,4,10,0.1429268292682927,0,1,3,3,1,0,0,0,0,0,0.1400398406374502
5112,çªí∑ímãP,4,42,10,9,7,0.12904761904761905,0,0,7,2,1,0,0,0,0,0,0.1400398406374502
5112,çªí∑ímãP,5,35,6,3,7,0.12942857142857145,0,1,2,3,0,0,0,0,0,0,0.1400398406374502
5112,çªí∑ímãP,6,47,2,3,11,0.1404255319148936,0,0,0,2,0,0,0,0,0,0,0.1400398406374502
5113,çïñæâ‘ñ≤,1,20,2,1,1,0.22149999999999997,2,0,0,0,0,0,3,10,4,0,0.1924260355029586
5113,çïñæâ‘ñ≤,2,29,0,4,4,0.16586206896551725,0,0,0,0,0,0,0,0,0,17,0.1924260355029586
5113,çïñæâ‘ñ≤,3,32,1,1,1,0.1790625,0,0,0,1,0,0,0,0,0,0,0.1924260355029586
5113,çïñæâ‘ñ≤,4,32,0,0,4,0.169375,0,0,0,0,0,0,0,0,0,0,0.1924260355029586
5113,çïñæâ‘ñ≤,5,25,0,0,1,0.20079999999999998,0,0,0,0,0,0,0,0,0,0,0.1924260355029586
5113,çïñæâ‘ñ≤,6,31,1,0,1,0.22935483870967743,0,0,0,0,1,0,0,0,0,0,0.1924260355029586
5114,è¨ó—çFè≤,1,27,8,3,5,0.1237037037037037,8,0,0,0,0,0,4,8,3,0,0.1676521739130435
5114,è¨ó—çFè≤,2,41,4,3,4,0.15585365853658537,0,2,1,0,1,0,0,0,0,17,0.1676521739130435
5114,è¨ó—çFè≤,3,39,1,3,4,0.1741025641025641,0,0,0,1,0,0,0,0,0,0,0.1676521739130435
5114,è¨ó—çFè≤,4,50,1,5,6,0.1672,0,1,0,0,0,0,0,0,0,0,0.1676521739130435
5114,è¨ó—çFè≤,5,37,1,4,3,0.16783783783783784,0,0,0,1,0,0,0,0,0,0,0.1676521739130435
5114,è¨ó—çFè≤,6,36,0,0,1,0.2075,0,0,0,0,0,0,0,0,0,0,0.1676521739130435
5115,çÅêÏÈDëæ,1,28,14,2,4,0.1432142857142857,14,0,0,0,0,0,4,6,3,0,0.16943127962085308
5115,çÅêÏÈDëæ,2,35,1,8,6,0.18685714285714286,0,0,1,0,0,0,0,0,0,21,0.16943127962085308
5115,çÅêÏÈDëæ,3,39,3,2,9,0.1817948717948718,0,2,0,1,0,0,0,0,0,0,0.16943127962085308
5115,çÅêÏÈDëæ,4,40,3,9,5,0.1805,0,1,0,2,0,0,0,0,0,0,0.16943127962085308
5115,çÅêÏÈDëæ,5,38,4,4,4,0.1531578947368421,0,0,1,3,0,0,0,0,0,0,0.16943127962085308
5115,çÅêÏÈDëæ,6,31,1,1,2,0.1635483870967742,0,0,1,0,0,0,0,0,0,0,0.16943127962085308
5116,ã‡éqéµäC,1,21,4,2,2,0.17095238095238094,4,0,0,0,0,0,2,8,5,0,0.19103225806451613
5116,ã‡éqéµäC,2,27,0,2,3,0.2211111111111111,0,0,0,0,0,0,0,0,0,14,0.19103225806451613
5116,ã‡éqéµäC,3,31,1,2,1,0.1774193548387097,0,0,0,1,0,0,0,0,0,0,0.19103225806451613
5116,ã‡éqéµäC,4,19,1,1,3,0.19,0,1,0,0,0,0,0,0,0,0,0.19103225806451613
5116,ã‡éqéµäC,5,27,0,1,1,0.19222222222222224,0,0,0,0,0,0,0,0,0,0,0.19103225806451613
5116,ã‡éqéµäC,6,30,0,1,3,0.19166666666666668,0,0,0,0,0,0,0,0,0,0,0.19103225806451613
5117,ïyñºçòìçìﬁ,1,21,5,5,3,0.1757142857142857,5,0,0,0,0,0,5,10,1,0,0.1901005025125628
5117,ïyñºçòìçìﬁ,2,33,1,8,4,0.20212121212121212,0,1,0,0,0,0,0,0,0,19,0.1901005025125628
5117,ïyñºçòìçìﬁ,3,41,0,5,7,0.18536585365853658,0,0,0,0,0,0,0,0,0,0,0.1901005025125628
5117,ïyñºçòìçìﬁ,4,41,4,5,4,0.17219512195121953,0,1,3,0,0,0,0,0,0,0,0.1901005025125628
5117,ïyñºçòìçìﬁ,5,30,0,2,5,0.17966666666666667,0,0,0,0,0,0,0,0,0,0,0.1901005025125628
5117,ïyñºçòìçìﬁ,6,33,0,3,5,0.22484848484848485,0,0,0,0,0,0,0,0,0,0,0.1901005025125628
5118,ñÏìcÇ»Ç√Ç´,1,22,4,2,2,0.23727272727272727,3,0,0,0,1,0,3,12,2,0,0.20313084112149532
5118,ñÏìcÇ»Ç√Ç´,2,44,1,5,11,0.18840909090909094,0,0,1,0,0,0,0,0,0,24,0.20313084112149532
5118,ñÏìcÇ»Ç√Ç´,3,46,2,3,10,0.1773913043478261,0,0,2,0,0,0,0,0,0,0,0.20313084112149532
5118,ñÏìcÇ»Ç√Ç´,4,36,1,0,6,0.205,0,0,1,0,0,0,0,0,0,0,0.20313084112149532
5118,ñÏìcÇ»Ç√Ç´,5,33,0,1,1,0.2303030303030303,0,0,0,0,0,0,0,0,0,0,0.20313084112149532
5118,ñÏìcÇ»Ç√Ç´,6,33,0,0,2,0.20666666666666667,0,0,0,0,0,0,0,0,0,0,0.20313084112149532
5119,ê^ìc„ƒñÅ,1,1,0,0,0,0.33,0,0,0,0,0,0,0,0,0,0,0.21933333333333332
5119,ê^ìc„ƒñÅ,2,2,0,0,0,0.2,0,0,0,0,0,0,0,0,0,1,0.21933333333333332
5119,ê^ìc„ƒñÅ,3,6,0,0,0,0.22,0,0,0,0,0,0,0,0,0,0,0.21933333333333332
5119,ê^ìc„ƒñÅ,4,4,0,0,0,0.1825,0,0,0,0,0,0,0,0,0,0,0.21933333333333332
5119,ê^ìc„ƒñÅ,5,7,0,0,0,0.21714285714285714,0,0,0,0,0,0,0,0,0,0,0.21933333333333332
5119,ê^ìc„ƒñÅ,6,10,0,0,0,0.22800000000000004,0,0,0,0,0,0,0,0,0,0,0.21933333333333332
5120,éRñ{ñ´ëæòN,1,11,5,0,1,0.14363636363636365,4,0,0,0,1,0,1,2,1,0,0.1256578947368421
5120,éRñ{ñ´ëæòN,2,15,2,3,2,0.132,0,1,1,0,0,0,0,0,0,5,0.1256578947368421
5120,éRñ{ñ´ëæòN,3,11,0,2,2,0.08272727272727273,0,0,0,0,0,0,0,0,0,0,0.1256578947368421
5120,éRñ{ñ´ëæòN,4,14,2,4,1,0.13714285714285715,0,1,0,0,0,1,0,0,0,0,0.1256578947368421
5120,éRñ{ñ´ëæòN,5,12,0,3,3,0.13333333333333333,0,0,0,0,0,0,0,0,0,0,0.1256578947368421
5120,éRñ{ñ´ëæòN,6,13,1,0,2,0.12000000000000001,0,1,0,0,0,0,0,0,0,0,0.1256578947368421
5121,íËèºóEé˜,1,36,22,7,4,0.1825,21,0,0,0,1,0,3,4,4,0,0.17398104265402844
5121,íËèºóEé˜,2,37,11,13,5,0.16972972972972974,0,3,4,1,2,1,0,0,0,16,0.17398104265402844
5121,íËèºóEé˜,3,36,5,12,6,0.16083333333333333,0,0,2,1,2,0,0,0,0,0,0.17398104265402844
5121,íËèºóEé˜,4,32,8,6,11,0.17125,0,1,4,3,0,0,0,0,0,0,0.17398104265402844
5121,íËèºóEé˜,5,39,6,12,6,0.17871794871794872,0,0,1,4,1,0,0,0,0,0,0.17398104265402844
5121,íËèºóEé˜,6,31,2,9,6,0.18129032258064517,0,0,0,1,1,0,0,0,0,0,0.17398104265402844
5122,ëäîn„ƒ,1,15,5,2,1,0.15866666666666665,4,0,0,0,1,0,0,5,4,0,0.2091573033707865
5122,ëäîn„ƒ,2,23,1,4,4,0.18869565217391304,0,0,1,0,0,0,0,0,0,13,0.2091573033707865
5122,ëäîn„ƒ,3,23,1,5,3,0.13434782608695653,0,0,0,1,0,0,0,0,0,0,0.2091573033707865
5122,ëäîn„ƒ,4,25,2,4,1,0.20879999999999999,0,0,0,2,0,0,0,0,0,0,0.2091573033707865
5122,ëäîn„ƒ,5,42,0,3,3,0.22404761904761905,0,0,0,0,0,0,0,0,0,0,0.2091573033707865
5122,ëäîn„ƒ,6,50,0,0,4,0.2558,0,0,0,0,0,0,0,0,0,0,0.2091573033707865
5123,ïüéRåbó¢ìﬁ,1,7,1,0,1,0.18,1,0,0,0,0,0,0,6,0,0,0.1928855721393035
5123,ïüéRåbó¢ìﬁ,2,21,1,1,1,0.18047619047619048,0,1,0,0,0,0,0,0,0,6,0.1928855721393035
5123,ïüéRåbó¢ìﬁ,3,19,1,0,2,0.23526315789473684,0,0,1,0,0,0,0,0,0,0,0.1928855721393035
5123,ïüéRåbó¢ìﬁ,4,48,0,1,5,0.21541666666666667,0,0,0,0,0,0,0,0,0,0,0.1928855721393035
5123,ïüéRåbó¢ìﬁ,5,51,1,2,4,0.17294117647058824,0,0,0,1,0,0,0,0,0,0,0.1928855721393035
5123,ïüéRåbó¢ìﬁ,6,55,0,0,2,0.18345454545454545,0,0,0,0,0,0,0,0,0,0,0.1928855721393035
5124,è„ëÎà∫ñÁ,1,16,3,0,3,0.163125,3,0,0,0,0,0,1,7,5,0,0.17794520547945206
5124,è„ëÎà∫ñÁ,2,23,1,0,0,0.22086956521739132,0,0,1,0,0,0,0,0,0,9,0.17794520547945206
5124,è„ëÎà∫ñÁ,3,26,0,1,1,0.13038461538461538,0,0,0,0,0,0,0,0,0,0,0.17794520547945206
5124,è„ëÎà∫ñÁ,4,22,1,1,0,0.18636363636363634,0,0,1,0,0,0,0,0,0,0,0.17794520547945206
5124,è„ëÎà∫ñÁ,5,30,0,0,3,0.17133333333333337,0,0,0,0,0,0,0,0,0,0,0.17794520547945206
5124,è„ëÎà∫ñÁ,6,29,0,0,1,0.19517241379310346,0,0,0,0,0,0,0,0,0,0,0.17794520547945206
5125,çÇà‰óYäÓ,1,11,5,2,2,0.14727272727272728,5,0,0,0,0,0,1,2,2,0,0.1476086956521739
5125,çÇà‰óYäÓ,2,17,1,6,2,0.14588235294117646,0,1,0,0,0,0,0,0,0,7,0.1476086956521739
5125,çÇà‰óYäÓ,3,17,1,3,3,0.14058823529411765,0,1,0,0,0,0,0,0,0,0,0.1476086956521739
5125,çÇà‰óYäÓ,4,16,0,2,4,0.13375,0,0,0,0,0,0,0,0,0,0,0.1476086956521739
5125,çÇà‰óYäÓ,5,19,0,7,2,0.12526315789473683,0,0,0,0,0,0,0,0,0,0,0.1476086956521739
5125,çÇà‰óYäÓ,6,12,0,0,3,0.21416666666666664,0,0,0,0,0,0,0,0,0,0,0.1476086956521739
5126,éRâ∫ëÂãP,1,24,12,4,1,0.14375000000000002,12,0,0,0,0,0,4,4,2,0,0.16538461538461538
5126,éRâ∫ëÂãP,2,37,6,4,5,0.15567567567567567,0,2,4,0,0,0,0,0,0,17,0.16538461538461538
5126,éRâ∫ëÂãP,3,36,2,3,7,0.17833333333333334,0,0,1,1,0,0,0,0,0,0,0.16538461538461538
5126,éRâ∫ëÂãP,4,37,0,4,4,0.16486486486486485,0,0,0,0,0,0,0,0,0,0,0.16538461538461538
5126,éRâ∫ëÂãP,5,37,0,3,5,0.1718918918918919,0,0,0,0,0,0,0,0,0,0,0.16538461538461538
5126,éRâ∫ëÂãP,6,37,1,1,4,0.17054054054054055,0,0,0,1,0,0,0,0,0,0,0.16538461538461538
5127,è¿ìcëÂìs,1,10,0,2,0,0.28500000000000003,0,0,0,0,0,0,1,5,2,0,0.2144360902255639
5127,è¿ìcëÂìs,2,12,0,2,0,0.19000000000000003,0,0,0,0,0,0,0,0,0,4,0.2144360902255639
5127,è¿ìcëÂìs,3,19,1,1,1,0.15894736842105264,0,0,0,0,1,0,0,0,0,0,0.2144360902255639
5127,è¿ìcëÂìs,4,25,0,0,0,0.2464,0,0,0,0,0,0,0,0,0,0,0.2144360902255639
5127,è¿ìcëÂìs,5,28,0,1,0,0.20035714285714287,0,0,0,0,0,0,0,0,0,0,0.2144360902255639
5127,è¿ìcëÂìs,6,39,0,0,1,0.2205128205128205,0,0,0,0,0,0,0,0,0,0,0.2144360902255639
5128,íÿà‰ëuóC,1,8,4,0,0,0.15375,4,0,0,0,0,0,2,0,2,0,0.14935672514619883
5128,íÿà‰ëuóC,2,7,0,4,2,0.15714285714285717,0,0,0,0,0,0,0,0,0,3,0.14935672514619883
5128,íÿà‰ëuóC,3,11,0,2,3,0.1318181818181818,0,0,0,0,0,0,0,0,0,0,0.14935672514619883
5128,íÿà‰ëuóC,4,46,3,7,6,0.13543478260869565,0,0,2,1,0,0,0,0,0,0,0.14935672514619883
5128,íÿà‰ëuóC,5,45,2,1,4,0.15711111111111112,0,0,0,1,0,1,0,0,0,0,0.14935672514619883
5128,íÿà‰ëuóC,6,54,0,4,2,0.15666666666666668,0,0,0,0,0,0,0,0,0,0,0.14935672514619883
5129,éRå˚ê^äÏéq,1,11,2,2,1,0.16545454545454547,2,0,0,0,0,0,1,6,1,0,0.14806763285024155
5129,éRå˚ê^äÏéq,2,20,2,8,3,0.16199999999999998,0,0,2,0,0,0,0,0,0,12,0.14806763285024155
5129,éRå˚ê^äÏéq,3,43,2,7,8,0.17976744186046512,0,0,1,1,0,0,0,0,0,0,0.14806763285024155
5129,éRå˚ê^äÏéq,4,37,3,6,9,0.12243243243243244,0,0,2,1,0,0,0,0,0,0,0.14806763285024155
5129,éRå˚ê^äÏéq,5,42,1,6,2,0.1335714285714286,0,0,0,1,0,0,0,0,0,0,0.14806763285024155
5129,éRå˚ê^äÏéq,6,54,4,3,8,0.14296296296296296,0,1,0,3,0,0,0,0,0,0,0.14806763285024155
5130,è„ñÏëÒîn,1,19,4,1,2,0.2473684210526316,4,0,0,0,0,0,1,7,4,0,0.20383783783783785
5130,è„ñÏëÒîn,2,24,2,4,4,0.21416666666666664,0,0,2,0,0,0,0,0,0,10,0.20383783783783785
5130,è„ñÏëÒîn,3,25,1,7,1,0.19080000000000003,0,1,0,0,0,0,0,0,0,0,0.20383783783783785
5130,è„ñÏëÒîn,4,38,0,3,3,0.19973684210526316,0,0,0,0,0,0,0,0,0,0,0.20383783783783785
5130,è„ñÏëÒîn,5,34,2,3,5,0.17058823529411765,0,0,0,2,0,0,0,0,0,0,0.20383783783783785
5130,è„ñÏëÒîn,6,45,0,0,4,0.2157777777777778,0,0,0,0,0,0,0,0,0,0,0.20383783783783785
5131,ç]ì°ì÷çG,1,18,4,1,2,0.14555555555555555,4,0,0,0,0,0,1,9,2,0,0.18735449735449738
5131,ç]ì°ì÷çG,2,35,0,3,5,0.2005714285714286,0,0,0,0,0,0,0,0,0,23,0.18735449735449738
5131,ç]ì°ì÷çG,3,35,0,1,5,0.17685714285714288,0,0,0,0,0,0,0,0,0,0,0.18735449735449738
5131,ç]ì°ì÷çG,4,32,0,0,2,0.1721875,0,0,0,0,0,0,0,0,0,0,0.18735449735449738
5131,ç]ì°ì÷çG,5,38,1,2,3,0.21184210526315791,0,0,1,0,0,0,0,0,0,0,0.18735449735449738
5131,ç]ì°ì÷çG,6,31,0,0,1,0.1941935483870968,0,0,0,0,0,0,0,0,0,0,0.18735449735449738
5132,íÜñÏäÛàÍ,1,26,5,6,2,0.15692307692307692,4,0,0,0,1,0,4,9,5,0,0.1507511737089202
5132,íÜñÏäÛàÍ,2,44,5,7,11,0.15613636363636363,0,3,1,0,1,0,0,0,0,18,0.1507511737089202
5132,íÜñÏäÛàÍ,3,40,2,7,8,0.13925,0,1,1,0,0,0,0,0,0,0,0.1507511737089202
5132,íÜñÏäÛàÍ,4,35,2,3,4,0.14742857142857144,0,1,1,0,0,0,0,0,0,0,0.1507511737089202
5132,íÜñÏäÛàÍ,5,40,1,4,9,0.15350000000000003,0,0,0,0,1,0,0,0,0,0,0.1507511737089202
5132,íÜñÏäÛàÍ,6,28,1,3,5,0.15321428571428572,0,0,0,0,1,0,0,0,0,0,0.1507511737089202
5133,ñxâzóYãM,1,25,7,4,1,0.17920000000000003,7,0,0,0,0,0,3,10,4,0,0.18133333333333332
5133,ñxâzóYãM,2,33,2,4,5,0.16484848484848486,0,2,0,0,0,0,0,0,0,13,0.18133333333333332
5133,ñxâzóYãM,3,30,1,3,7,0.183,0,0,1,0,0,0,0,0,0,0,0.18133333333333332
5133,ñxâzóYãM,4,38,1,3,4,0.16763157894736844,0,1,0,0,0,0,0,0,0,0,0.18133333333333332
5133,ñxâzóYãM,5,44,1,5,6,0.18636363636363634,0,0,0,1,0,0,0,0,0,0,0.18133333333333332
5133,ñxâzóYãM,6,40,0,0,7,0.20249999999999999,0,0,0,0,0,0,0,0,0,0,0.18133333333333332
5134,ëÂå¥èÀèπ,1,6,1,0,1,0.17333333333333334,0,0,0,0,1,0,1,3,0,0,0.1737179487179487
5134,ëÂå¥èÀèπ,2,6,0,1,2,0.15833333333333335,0,0,0,0,0,0,0,0,0,4,0.1737179487179487
5134,ëÂå¥èÀèπ,3,10,0,2,3,0.197,0,0,0,0,0,0,0,0,0,0,0.1737179487179487
5134,ëÂå¥èÀèπ,4,56,1,6,12,0.17124999999999999,0,0,0,1,0,0,0,0,0,0,0.1737179487179487
5134,ëÂå¥èÀèπ,5,70,4,5,9,0.17385714285714285,0,1,1,1,1,0,0,0,0,0,0.1737179487179487
5134,ëÂå¥èÀèπ,6,86,5,4,10,0.1736046511627907,0,0,0,3,2,0,0,0,0,0,0.1737179487179487
5135,íáçqëæ,1,28,10,2,2,0.15035714285714286,9,0,0,0,0,1,4,9,3,0,0.17991416309012875
5135,íáçqëæ,2,44,6,6,5,0.20181818181818184,0,6,0,0,0,0,0,0,0,18,0.17991416309012875
5135,íáçqëæ,3,45,2,4,13,0.16111111111111112,0,1,0,1,0,0,0,0,0,0,0.17991416309012875
5135,íáçqëæ,4,46,3,6,3,0.17217391304347826,0,1,0,2,0,0,0,0,0,0,0.17991416309012875
5135,íáçqëæ,5,38,0,1,5,0.18210526315789474,0,0,0,0,0,0,0,0,0,0,0.17991416309012875
5135,íáçqëæ,6,32,0,1,3,0.210625,0,0,0,0,0,0,0,0,0,0,0.17991416309012875
5136,‡_ñÏìlîn,1,20,10,3,5,0.16299999999999998,10,0,0,0,0,0,2,2,3,0,0.17817142857142856
5136,‡_ñÏìlîn,2,32,3,9,6,0.1746875,0,2,1,0,0,0,0,0,0,18,0.17817142857142856
5136,‡_ñÏìlîn,3,27,3,7,4,0.1574074074074074,0,0,2,1,0,0,0,0,0,0,0.17817142857142856
5136,‡_ñÏìlîn,4,25,1,4,4,0.1684,0,0,0,1,0,0,0,0,0,0,0.17817142857142856
5136,‡_ñÏìlîn,5,33,1,4,8,0.19303030303030302,0,0,0,1,0,0,0,0,0,0,0.17817142857142856
5136,‡_ñÏìlîn,6,38,2,4,4,0.19736842105263158,0,0,1,0,1,0,0,0,0,0,0.17817142857142856
5137,êÏå¥ó¡,1,12,3,3,0,0.165,3,0,0,0,0,0,1,4,1,0,0.17464285714285716
5137,êÏå¥ó¡,2,20,1,6,6,0.195,0,0,1,0,0,0,0,0,0,9,0.17464285714285716
5137,êÏå¥ó¡,3,23,3,4,4,0.17043478260869566,0,0,2,0,1,0,0,0,0,0,0.17464285714285716
5137,êÏå¥ó¡,4,36,2,4,9,0.16416666666666668,0,0,2,0,0,0,0,0,0,0,0.17464285714285716
5137,êÏå¥ó¡,5,51,2,4,5,0.17784313725490197,0,1,0,1,0,0,0,0,0,0,0.17464285714285716
5137,êÏå¥ó¡,6,54,1,1,8,0.175,0,0,1,0,0,0,0,0,0,0,0.17464285714285716
5138,ë∫ñ{ëÂê¨,1,10,0,1,1,0.253,0,0,0,0,0,0,2,6,2,0,0.1792
5138,ë∫ñ{ëÂê¨,2,31,2,1,3,0.18451612903225806,0,1,1,0,0,0,0,0,0,12,0.1792
5138,ë∫ñ{ëÂê¨,3,29,0,0,4,0.1396551724137931,0,0,0,0,0,0,0,0,0,0,0.1792
5138,ë∫ñ{ëÂê¨,4,30,1,0,3,0.1713333333333333,0,0,1,0,0,0,0,0,0,0,0.1792
5138,ë∫ñ{ëÂê¨,5,34,0,1,1,0.19411764705882353,0,0,0,0,0,0,0,0,0,0,0.1792
5138,ë∫ñ{ëÂê¨,6,41,0,0,1,0.17853658536585368,0,0,0,0,0,0,0,0,0,0,0.1792
5139,ëÂèÍçPãG,1,25,10,4,3,0.2152,7,0,0,0,3,0,3,9,2,0,0.18474489795918367
5139,ëÂèÍçPãG,2,34,6,9,4,0.17823529411764708,0,5,1,0,0,0,0,0,0,10,0.18474489795918367
5139,ëÂèÍçPãG,3,32,3,5,7,0.19125,0,0,3,0,0,0,0,0,0,0,0.18474489795918367
5139,ëÂèÍçPãG,4,32,6,4,7,0.1696875,0,2,1,2,0,1,0,0,0,0,0.18474489795918367
5139,ëÂèÍçPãG,5,30,1,1,7,0.165,0,0,0,1,0,0,0,0,0,0,0.18474489795918367
5139,ëÂèÍçPãG,6,43,1,1,5,0.19232558139534883,0,1,0,0,0,0,0,0,0,0,0.18474489795918367
5140,ãgìcç îT,1,12,1,2,2,0.17333333333333334,1,0,0,0,0,0,4,6,1,0,0.21071895424836604
5140,ãgìcç îT,2,22,3,2,3,0.19590909090909092,0,1,2,0,0,0,0,0,0,8,0.21071895424836604
5140,ãgìcç îT,3,31,1,5,1,0.19612903225806452,0,1,0,0,0,0,0,0,0,0,0.21071895424836604
5140,ãgìcç îT,4,27,0,2,1,0.22407407407407406,0,0,0,0,0,0,0,0,0,0,0.21071895424836604
5140,ãgìcç îT,5,28,1,1,1,0.2275,0,0,0,1,0,0,0,0,0,0,0.21071895424836604
5140,ãgìcç îT,6,33,0,0,1,0.22272727272727272,0,0,0,0,0,0,0,0,0,0,0.21071895424836604
5141,ëÂ‡Vïóà®,1,25,13,4,4,0.1628,11,0,0,0,2,0,2,5,2,0,0.16045454545454546
5141,ëÂ‡Vïóà®,2,35,4,6,9,0.17914285714285716,0,3,1,0,0,0,0,0,0,18,0.16045454545454546
5141,ëÂ‡Vïóà®,3,29,6,2,6,0.1603448275862069,0,0,3,2,1,0,0,0,0,0,0.16045454545454546
5141,ëÂ‡Vïóà®,4,33,0,9,7,0.17212121212121212,0,0,0,0,0,0,0,0,0,0,0.16045454545454546
5141,ëÂ‡Vïóà®,5,34,2,6,7,0.12823529411764706,0,1,0,1,0,0,0,0,0,0,0.16045454545454546
5141,ëÂ‡Vïóà®,6,20,1,4,3,0.1605,0,0,0,1,0,0,0,0,0,0,0.16045454545454546
5142,èÌèZò@,1,34,19,4,4,0.14823529411764705,18,0,0,0,1,0,4,6,5,0,0.15808163265306124
5142,èÌèZò@,2,42,2,11,11,0.16333333333333333,0,1,0,0,1,0,0,0,0,29,0.15808163265306124
5142,èÌèZò@,3,46,7,12,12,0.16978260869565218,0,1,2,4,0,0,0,0,0,0,0.15808163265306124
5142,èÌèZò@,4,43,7,12,13,0.13534883720930233,0,0,3,3,1,0,0,0,0,0,0.15808163265306124
5142,èÌèZò@,5,42,4,7,11,0.16595238095238096,0,0,1,2,1,0,0,0,0,0,0.15808163265306124
5142,èÌèZò@,6,38,1,2,9,0.16394736842105265,0,0,0,1,0,0,0,0,0,0,0.15808163265306124
5143,èÌî’äCêS,1,18,4,1,1,0.24333333333333332,4,0,0,0,0,0,0,6,4,0,0.19551912568306012
5143,èÌî’äCêS,2,31,1,7,5,0.20129032258064516,0,0,1,0,0,0,0,0,0,17,0.19551912568306012
5143,èÌî’äCêS,3,35,2,10,3,0.19942857142857143,0,0,1,1,0,0,0,0,0,0,0.19551912568306012
5143,èÌî’äCêS,4,37,1,5,1,0.17837837837837836,0,0,1,0,0,0,0,0,0,0,0.19551912568306012
5143,èÌî’äCêS,5,35,0,2,4,0.196,0,0,0,0,0,0,0,0,0,0,0.19551912568306012
5143,èÌî’äCêS,6,27,2,2,4,0.1748148148148148,0,0,1,1,0,0,0,0,0,0,0.19551912568306012
5144,íÜîˆç çÅ,1,11,1,0,0,0.22,1,0,0,0,0,0,2,7,1,0,0.22927083333333334
5144,íÜîˆç çÅ,2,26,0,5,1,0.23846153846153847,0,0,0,0,0,0,0,0,0,11,0.22927083333333334
5144,íÜîˆç çÅ,3,24,2,0,0,0.23416666666666666,0,0,0,1,1,0,0,0,0,0,0.22927083333333334
5144,íÜîˆç çÅ,4,35,2,1,0,0.2245714285714286,0,0,1,1,0,0,0,0,0,0,0.22927083333333334
5144,íÜîˆç çÅ,5,44,0,1,5,0.23386363636363638,0,0,0,0,0,0,0,0,0,0,0.22927083333333334
5144,íÜîˆç çÅ,6,52,0,0,0,0.22365384615384618,0,0,0,0,0,0,0,0,0,0,0.22927083333333334
5145,ìáêÏäCãP,3,1,0,0,0,0.2,0,0,0,0,0,0,0,0,0,0,0.18346153846153848
5145,ìáêÏäCãP,4,57,1,7,7,0.1910526315789474,0,1,0,0,0,0,0,0,0,0,0.18346153846153848
5145,ìáêÏäCãP,5,62,2,2,7,0.18870967741935482,0,0,0,2,0,0,0,0,0,0,0.18346153846153848
5145,ìáêÏäCãP,6,88,0,3,6,0.17465909090909093,0,0,0,0,0,0,0,0,0,0,0.18346153846153848
5146,ñÏìcç â¡,1,1,0,0,0,0.56,0,0,0,0,0,0,0,1,0,0,0.2152717391304348
5146,ñÏìcç â¡,2,3,0,1,0,0.25,0,0,0,0,0,0,0,0,0,1,0.2152717391304348
5146,ñÏìcç â¡,3,9,0,1,2,0.2533333333333333,0,0,0,0,0,0,0,0,0,0,0.2152717391304348
5146,ñÏìcç â¡,4,50,4,2,12,0.1986,0,1,2,1,0,0,0,0,0,0,0.2152717391304348
5146,ñÏìcç â¡,5,52,1,2,5,0.20173076923076924,0,0,1,0,0,0,0,0,0,0,0.2152717391304348
5146,ñÏìcç â¡,6,69,0,4,3,0.22608695652173913,0,0,0,0,0,0,0,0,0,0,0.2152717391304348
5147,ìcíÜóEï„,1,18,1,4,2,0.1638888888888889,0,0,0,0,1,0,5,7,3,0,0.17273885350318471
5147,ìcíÜóEï„,2,27,0,3,3,0.16740740740740742,0,0,0,0,0,0,0,0,0,9,0.17273885350318471
5147,ìcíÜóEï„,3,21,1,0,2,0.1880952380952381,0,0,0,0,1,0,0,0,0,0,0.17273885350318471
5147,ìcíÜóEï„,4,27,1,1,1,0.20666666666666667,0,0,1,0,0,0,0,0,0,0,0.17273885350318471
5147,ìcíÜóEï„,5,36,0,0,2,0.1636111111111111,0,0,0,0,0,0,0,0,0,0,0.17273885350318471
5147,ìcíÜóEï„,6,28,0,0,0,0.15107142857142858,0,0,0,0,0,0,0,0,0,0,0.17273885350318471
5148,èºñ{óÂ,1,4,2,0,0,0.19,2,0,0,0,0,0,0,1,1,0,0.2108854166666667
5148,èºñ{óÂ,2,10,0,1,2,0.211,0,0,0,0,0,0,0,0,0,7,0.2108854166666667
5148,èºñ{óÂ,3,5,1,1,0,0.184,0,0,1,0,0,0,0,0,0,0,0.2108854166666667
5148,èºñ{óÂ,4,48,2,2,8,0.21125000000000002,0,0,0,1,1,0,0,0,0,0,0.2108854166666667
5148,èºñ{óÂ,5,52,1,1,2,0.195,0,0,0,1,0,0,0,0,0,0,0.2108854166666667
5148,èºñ{óÂ,6,73,0,0,4,0.2249315068493151,0,0,0,0,0,0,0,0,0,0,0.2108854166666667
5150,ç‚ñ{óYãI,4,55,7,5,6,0.1549090909090909,0,2,3,2,0,0,0,0,0,0,0.15651162790697676
5150,ç‚ñ{óYãI,5,55,2,7,6,0.15436363636363637,0,0,1,1,0,0,0,0,0,0,0.15651162790697676
5150,ç‚ñ{óYãI,6,62,4,4,1,0.15983870967741937,0,1,0,3,0,0,0,0,0,0,0.15651162790697676
5151,éRâ∫ìﬁèè,1,12,2,0,3,0.24,2,0,0,0,0,0,3,4,0,0,0.2300558659217877
5151,éRâ∫ìﬁèè,2,20,0,2,0,0.24700000000000003,0,0,0,0,0,0,0,0,0,10,0.2300558659217877
5151,éRâ∫ìﬁèè,3,24,0,1,4,0.20875,0,0,0,0,0,0,0,0,0,0,0.2300558659217877
5151,éRâ∫ìﬁèè,4,38,0,1,3,0.24184210526315789,0,0,0,0,0,0,0,0,0,0,0.2300558659217877
5151,éRâ∫ìﬁèè,5,42,0,0,0,0.21571428571428572,0,0,0,0,0,0,0,0,0,0,0.2300558659217877
5151,éRâ∫ìﬁèè,6,43,0,1,1,0.23488372093023255,0,0,0,0,0,0,0,0,0,0,0.2300558659217877
5152,ä€éRóSñÁ,1,8,3,1,0,0.14250000000000002,3,0,0,0,0,0,3,0,1,0,0.19836363636363635
5152,ä€éRóSñÁ,2,14,0,0,1,0.18357142857142855,0,0,0,0,0,0,0,0,0,8,0.19836363636363635
5152,ä€éRóSñÁ,3,16,0,0,3,0.17625000000000002,0,0,0,0,0,0,0,0,0,0,0.19836363636363635
5152,ä€éRóSñÁ,4,31,0,0,2,0.1858064516129032,0,0,0,0,0,0,0,0,0,0,0.19836363636363635
5152,ä€éRóSñÁ,5,39,0,0,1,0.21153846153846154,0,0,0,0,0,0,0,0,0,0,0.19836363636363635
5152,ä€éRóSñÁ,6,57,1,2,1,0.213859649122807,0,0,0,0,0,1,0,0,0,0,0.19836363636363635
5153,ç≤ì°ÇŸÇÃÇ©,1,15,3,1,2,0.14866666666666667,3,0,0,0,0,0,2,8,1,0,0.18734848484848485
5153,ç≤ì°ÇŸÇÃÇ©,2,18,3,0,1,0.19166666666666668,0,2,1,0,0,0,0,0,0,5,0.18734848484848485
5153,ç≤ì°ÇŸÇÃÇ©,3,16,2,0,3,0.15875,0,0,2,0,0,0,0,0,0,0,0.18734848484848485
5153,ç≤ì°ÇŸÇÃÇ©,4,24,1,0,2,0.21833333333333335,0,0,1,0,0,0,0,0,0,0,0.18734848484848485
5153,ç≤ì°ÇŸÇÃÇ©,5,25,2,0,2,0.16920000000000002,0,0,2,0,0,0,0,0,0,0,0.18734848484848485
5153,ç≤ì°ÇŸÇÃÇ©,6,34,1,2,1,0.20705882352941177,0,0,1,0,0,0,0,0,0,0,0.18734848484848485
5154,ë∫èºâhëæ,4,55,1,3,6,0.18727272727272729,0,0,1,0,0,0,0,0,0,0,0.17512048192771085
5154,ë∫èºâhëæ,5,50,1,0,3,0.17240000000000003,0,0,0,1,0,0,0,0,0,0,0.17512048192771085
5154,ë∫èºâhëæ,6,61,0,1,3,0.16639344262295083,0,0,0,0,0,0,0,0,0,0,0.17512048192771085
5155,ì‡éRéµäC,1,8,2,0,0,0.245,2,0,0,0,0,0,0,4,1,0,0.17632183908045976
5155,ì‡éRéµäC,2,19,0,3,4,0.17,0,0,0,0,0,0,0,0,0,10,0.17632183908045976
5155,ì‡éRéµäC,3,19,1,2,2,0.16473684210526315,0,0,0,0,0,1,0,0,0,0,0.17632183908045976
5155,ì‡éRéµäC,4,38,1,3,0,0.18342105263157896,0,0,1,0,0,0,0,0,0,0,0.17632183908045976
5155,ì‡éRéµäC,5,43,1,3,1,0.17069767441860464,0,0,1,0,0,0,0,0,0,0,0.17632183908045976
5155,ì‡éRéµäC,6,47,0,1,4,0.17127659574468088,0,0,0,0,0,0,0,0,0,0,0.17632183908045976
5156,ç‚ñÏÇ≥Ç≠ÇÁ,1,2,0,0,0,0.19999999999999998,0,0,0,0,0,0,0,1,1,0,0.16718120805369127
5156,ç‚ñÏÇ≥Ç≠ÇÁ,2,4,1,0,0,0.17250000000000001,1,0,0,0,0,0,0,0,0,0,0.16718120805369127
5156,ç‚ñÏÇ≥Ç≠ÇÁ,3,3,0,1,1,0.15666666666666665,0,0,0,0,0,0,0,0,0,0,0.16718120805369127
5156,ç‚ñÏÇ≥Ç≠ÇÁ,4,34,0,1,2,0.18941176470588236,0,0,0,0,0,0,0,0,0,0,0.16718120805369127
5156,ç‚ñÏÇ≥Ç≠ÇÁ,5,44,0,1,2,0.1659090909090909,0,0,0,0,0,0,0,0,0,0,0.16718120805369127
5156,ç‚ñÏÇ≥Ç≠ÇÁ,6,62,0,1,2,0.155,0,0,0,0,0,0,0,0,0,0,0.16718120805369127
5157,ésêÏåíëæ,2,2,0,0,1,0.185,0,0,0,0,0,0,0,0,0,1,0.161
5157,ésêÏåíëæ,3,4,0,0,1,0.1725,0,0,0,0,0,0,0,0,0,0,0.161
5157,ésêÏåíëæ,4,55,3,2,8,0.17363636363636364,0,1,1,1,0,0,0,0,0,0,0.161
5157,ésêÏåíëæ,5,59,2,4,7,0.15576271186440677,0,0,1,1,0,0,0,0,0,0,0.161
5157,ésêÏåíëæ,6,60,4,2,11,0.153,0,1,1,1,1,0,0,0,0,0,0.161
5158,ã{òeó…ëæ,1,7,3,0,1,0.15,3,0,0,0,0,0,2,0,2,0,0.14081521739130434
5158,ã{òeó…ëæ,2,15,0,1,4,0.14533333333333334,0,0,0,0,0,0,0,0,0,8,0.14081521739130434
5158,ã{òeó…ëæ,3,19,2,2,3,0.13578947368421054,0,0,2,0,0,0,0,0,0,0,0.14081521739130434
5158,ã{òeó…ëæ,4,40,3,1,4,0.13625,0,0,2,0,0,1,0,0,0,0,0.14081521739130434
5158,ã{òeó…ëæ,5,41,4,0,3,0.13390243902439025,0,0,2,2,0,0,0,0,0,0,0.14081521739130434
5158,ã{òeó…ëæ,6,62,0,3,3,0.14774193548387096,0,0,0,0,0,0,0,0,0,0,0.14081521739130434
5159,ä}ä‘åõç∆,1,7,2,0,0,0.23142857142857146,1,1,0,0,0,0,0,2,2,0,0.21626168224299067
5159,ä}ä‘åõç∆,2,13,0,1,1,0.19307692307692306,0,0,0,0,0,0,0,0,0,7,0.21626168224299067
5159,ä}ä‘åõç∆,3,13,1,0,0,0.2053846153846154,0,0,0,1,0,0,0,0,0,0,0.21626168224299067
5159,ä}ä‘åõç∆,4,11,0,0,1,0.2081818181818182,0,0,0,0,0,0,0,0,0,0,0.21626168224299067
5159,ä}ä‘åõç∆,5,28,1,1,1,0.22285714285714286,0,1,0,0,0,0,0,0,0,0,0.21626168224299067
5159,ä}ä‘åõç∆,6,35,0,0,2,0.22314285714285717,0,0,0,0,0,0,0,0,0,0,0.21626168224299067
5160,ì°êXó§ìl,1,19,2,0,2,0.18578947368421053,1,0,0,0,1,0,4,8,4,0,0.16518324607329843
5160,ì°êXó§ìl,2,35,1,6,1,0.17200000000000001,0,0,1,0,0,0,0,0,0,17,0.16518324607329843
5160,ì°êXó§ìl,3,31,2,3,8,0.1403225806451613,0,1,1,0,0,0,0,0,0,0,0.16518324607329843
5160,ì°êXó§ìl,4,29,3,1,5,0.15241379310344827,0,0,2,1,0,0,0,0,0,0,0.16518324607329843
5160,ì°êXó§ìl,5,36,1,1,2,0.15777777777777777,0,0,0,1,0,0,0,0,0,0,0.16518324607329843
5160,ì°êXó§ìl,6,41,1,2,4,0.18414634146341463,0,1,0,0,0,0,0,0,0,0,0.16518324607329843
5161,ìoã îπïS,1,23,10,2,1,0.15782608695652173,10,0,0,0,0,0,2,6,3,0,0.14719576719576719
5161,ìoã îπïS,2,34,3,4,6,0.1461764705882353,0,2,1,0,0,0,0,0,0,17,0.14719576719576719
5161,ìoã îπïS,3,34,3,5,4,0.16088235294117648,0,0,1,2,0,0,0,0,0,0,0.14719576719576719
5161,ìoã îπïS,4,32,1,4,4,0.1603125,0,0,0,1,0,0,0,0,0,0,0.14719576719576719
5161,ìoã îπïS,5,34,0,0,6,0.1323529411764706,0,0,0,0,0,0,0,0,0,0,0.14719576719576719
5161,ìoã îπïS,6,32,0,1,4,0.12875,0,0,0,0,0,0,0,0,0,0,0.14719576719576719
5162,èºîˆóÂé¿,1,5,0,1,1,0.23199999999999998,0,0,0,0,0,0,1,3,0,0,0.2038323353293413
5162,èºîˆóÂé¿,2,9,1,0,0,0.2233333333333333,0,0,0,0,1,0,0,0,0,4,0.2038323353293413
5162,èºîˆóÂé¿,3,12,1,0,0,0.19833333333333333,0,0,0,1,0,0,0,0,0,0,0.2038323353293413
5162,èºîˆóÂé¿,4,28,1,2,3,0.1775,0,0,0,1,0,0,0,0,0,0,0.2038323353293413
5162,èºîˆóÂé¿,5,44,1,1,3,0.20727272727272725,0,0,0,1,0,0,0,0,0,0,0.2038323353293413
5162,èºîˆóÂé¿,6,69,1,0,4,0.20869565217391306,0,0,0,0,0,1,0,0,0,0,0.2038323353293413
5163,ê¥êÖà§äC,1,16,10,4,2,0.146875,9,0,0,0,1,0,2,1,0,0,0.17234782608695653
5163,ê¥êÖà§äC,2,25,5,7,5,0.17600000000000002,0,2,2,0,1,0,0,0,0,14,0.17234782608695653
5163,ê¥êÖà§äC,3,36,10,4,5,0.17583333333333334,0,1,5,3,0,1,0,0,0,0,0.17234782608695653
5163,ê¥êÖà§äC,4,50,2,11,4,0.1684,0,0,0,0,2,0,0,0,0,0,0.17234782608695653
5163,ê¥êÖà§äC,5,48,4,7,6,0.17166666666666666,0,0,1,2,0,1,0,0,0,0,0.17234782608695653
5163,ê¥êÖà§äC,6,55,1,3,10,0.18,0,0,0,0,1,0,0,0,0,0,0.17234782608695653
5164,êXìcóúåŒ,1,13,1,3,0,0.25461538461538463,1,0,0,0,0,0,5,4,1,0,0.2371264367816092
5164,êXìcóúåŒ,2,21,0,0,0,0.23523809523809525,0,0,0,0,0,0,0,0,0,9,0.2371264367816092
5164,êXìcóúåŒ,3,26,0,0,0,0.22230769230769232,0,0,0,0,0,0,0,0,0,0,0.2371264367816092
5164,êXìcóúåŒ,4,29,0,0,0,0.24172413793103448,0,0,0,0,0,0,0,0,0,0,0.2371264367816092
5164,êXìcóúåŒ,5,37,0,0,1,0.24891891891891893,0,0,0,0,0,0,0,0,0,0,0.2371264367816092
5164,êXìcóúåŒ,6,48,0,0,0,0.229375,0,0,0,0,0,0,0,0,0,0,0.2371264367816092
5165,è¨ó—à§é¿,2,1,0,0,0,0.5,0,0,0,0,0,0,0,0,0,0,0.20786127167630059
5165,è¨ó—à§é¿,3,1,0,0,0,0.35,0,0,0,0,0,0,0,0,0,0,0.20786127167630059
5165,è¨ó—à§é¿,4,31,2,4,3,0.2238709677419355,0,0,1,1,0,0,0,0,0,0,0.20786127167630059
5165,è¨ó—à§é¿,5,56,0,2,5,0.20625000000000002,0,0,0,0,0,0,0,0,0,0,0.20786127167630059
5165,è¨ó—à§é¿,6,84,0,0,12,0.19785714285714287,0,0,0,0,0,0,0,0,0,0,0.20786127167630059
5166,íáìπëÂï„,4,39,0,4,5,0.18410256410256412,0,0,0,0,0,0,0,0,0,0,0.18155844155844156
5166,íáìπëÂï„,5,51,1,1,13,0.17352941176470588,0,0,1,0,0,0,0,0,0,0,0.18155844155844156
5166,íáìπëÂï„,6,64,4,5,15,0.18640625,0,0,3,1,0,0,0,0,0,0,0.18155844155844156
5167,è¨êÏó≥ëæòN,1,19,6,0,3,0.1336842105263158,6,0,0,0,0,0,6,4,2,0,0.1564804469273743
5167,è¨êÏó≥ëæòN,2,29,0,2,1,0.1896551724137931,0,0,0,0,0,0,0,0,0,18,0.1564804469273743
5167,è¨êÏó≥ëæòN,3,33,1,2,3,0.16606060606060608,0,0,1,0,0,0,0,0,0,0,0.1564804469273743
5167,è¨êÏó≥ëæòN,4,37,0,2,6,0.1537837837837838,0,0,0,0,0,0,0,0,0,0,0.1564804469273743
5167,è¨êÏó≥ëæòN,5,33,0,2,5,0.1478787878787879,0,0,0,0,0,0,0,0,0,0,0.1564804469273743
5167,è¨êÏó≥ëæòN,6,28,0,0,4,0.13999999999999999,0,0,0,0,0,0,0,0,0,0,0.1564804469273743
5168,írìcÇ»Ç»,1,1,0,0,0,0.22,0,0,0,0,0,0,0,1,0,0,0.2299019607843137
5168,írìcÇ»Ç»,2,2,0,0,0,0.12000000000000001,0,0,0,0,0,0,0,0,0,2,0.2299019607843137
5168,írìcÇ»Ç»,3,6,0,0,0,0.15833333333333333,0,0,0,0,0,0,0,0,0,0,0.2299019607843137
5168,írìcÇ»Ç»,4,25,0,0,3,0.2316,0,0,0,0,0,0,0,0,0,0,0.2299019607843137
5168,írìcÇ»Ç»,5,32,1,1,3,0.215,0,0,1,0,0,0,0,0,0,0,0.2299019607843137
5168,írìcÇ»Ç»,6,36,0,3,2,0.2602777777777778,0,0,0,0,0,0,0,0,0,0,0.2299019607843137
5169,ñxñ{„ƒëæ,1,12,1,3,0,0.26833333333333337,1,0,0,0,0,0,2,8,0,0,0.22072625698324022
5169,ñxñ{„ƒëæ,2,23,1,1,2,0.24608695652173915,0,0,1,0,0,0,0,0,0,11,0.22072625698324022
5169,ñxñ{„ƒëæ,3,17,0,1,3,0.27941176470588236,0,0,0,0,0,0,0,0,0,0,0.22072625698324022
5169,ñxñ{„ƒëæ,4,42,1,2,2,0.20642857142857143,0,0,1,0,0,0,0,0,0,0,0.22072625698324022
5169,ñxñ{„ƒëæ,5,43,0,1,1,0.20348837209302326,0,0,0,0,0,0,0,0,0,0,0.22072625698324022
5169,ñxñ{„ƒëæ,6,42,0,3,0,0.20142857142857146,0,0,0,0,0,0,0,0,0,0,0.22072625698324022
5170,ç≤ì°ëæó∫,1,7,3,1,0,0.19714285714285712,3,0,0,0,0,0,0,3,0,0,0.16721153846153847
5170,ç≤ì°ëæó∫,2,13,1,1,1,0.12769230769230772,0,0,0,1,0,0,0,0,0,8,0.16721153846153847
5170,ç≤ì°ëæó∫,3,13,0,0,2,0.12384615384615386,0,0,0,0,0,0,0,0,0,0,0.16721153846153847
5170,ç≤ì°ëæó∫,4,55,0,3,7,0.17345454545454547,0,0,0,0,0,0,0,0,0,0,0.16721153846153847
5170,ç≤ì°ëæó∫,5,54,0,3,5,0.16166666666666668,0,0,0,0,0,0,0,0,0,0,0.16721153846153847
5170,ç≤ì°ëæó∫,6,66,1,1,4,0.1796969696969697,0,0,0,1,0,0,0,0,0,0,0.16721153846153847
5171,ê¥êÖñ¢óB,1,6,3,2,0,0.145,3,0,0,0,0,0,1,1,1,0,0.18258620689655172
5171,ê¥êÖñ¢óB,2,14,1,0,3,0.17071428571428574,0,0,1,0,0,0,0,0,0,6,0.18258620689655172
5171,ê¥êÖñ¢óB,3,19,3,2,3,0.1931578947368421,0,0,2,1,0,0,0,0,0,0,0.18258620689655172
5171,ê¥êÖñ¢óB,4,42,0,1,3,0.18357142857142858,0,0,0,0,0,0,0,0,0,0,0.18258620689655172
5171,ê¥êÖñ¢óB,5,43,0,1,5,0.18953488372093025,0,0,0,0,0,0,0,0,0,0,0.18258620689655172
5171,ê¥êÖñ¢óB,6,50,1,1,6,0.1796,0,0,1,0,0,0,0,0,0,0,0.18258620689655172
5172,ìcë∫åc,1,12,5,1,0,0.16083333333333333,5,0,0,0,0,0,0,5,1,0,0.1837696335078534
5172,ìcë∫åc,2,26,2,1,3,0.18423076923076923,0,0,2,0,0,0,0,0,0,14,0.1837696335078534
5172,ìcë∫åc,3,22,3,2,3,0.16045454545454546,0,1,1,0,1,0,0,0,0,0,0.1837696335078534
5172,ìcë∫åc,4,46,1,3,10,0.1834782608695652,0,0,0,1,0,0,0,0,0,0,0.1837696335078534
5172,ìcë∫åc,5,39,1,1,7,0.18794871794871795,0,0,0,0,1,0,0,0,0,0,0.1837696335078534
5172,ìcë∫åc,6,46,0,1,4,0.1973913043478261,0,0,0,0,0,0,0,0,0,0,0.1837696335078534
5173,íJå˚â¿ò@,1,23,7,5,4,0.17956521739130435,7,0,0,0,0,0,3,10,2,0,0.15146596858638744
5173,íJå˚â¿ò@,2,36,2,6,6,0.12027777777777778,0,1,1,0,0,0,0,0,0,27,0.15146596858638744
5173,íJå˚â¿ò@,3,45,6,7,3,0.15666666666666668,0,0,2,3,0,1,0,0,0,0,0.15146596858638744
5173,íJå˚â¿ò@,4,32,2,3,1,0.145625,0,0,1,1,0,0,0,0,0,0,0.15146596858638744
5173,íJå˚â¿ò@,5,29,3,0,3,0.15551724137931033,0,0,1,1,1,0,0,0,0,0,0.15146596858638744
5173,íJå˚â¿ò@,6,26,1,1,2,0.16346153846153846,0,0,0,1,0,0,0,0,0,0,0.15146596858638744
5174,êÏà‰ñG,1,20,8,2,2,0.1875,7,0,0,0,1,0,2,8,2,0,0.17009345794392522
5174,êÏà‰ñG,2,24,6,9,2,0.18708333333333335,0,4,1,0,0,1,0,0,0,11,0.17009345794392522
5174,êÏà‰ñG,3,42,8,7,4,0.16428571428571428,0,0,8,0,0,0,0,0,0,0,0.17009345794392522
5174,êÏà‰ñG,4,42,3,5,5,0.15071428571428572,0,0,3,0,0,0,0,0,0,0,0.17009345794392522
5174,êÏà‰ñG,5,38,1,2,8,0.15105263157894738,0,0,1,0,0,0,0,0,0,0,0.17009345794392522
5174,êÏà‰ñG,6,48,0,2,1,0.1914583333333333,0,0,0,0,0,0,0,0,0,0,0.17009345794392522
5175,ìáçËè‰àÍòN,3,4,0,0,0,0.14,0,0,0,0,0,0,0,0,0,0,0.20267716535433072
5175,ìáçËè‰àÍòN,4,36,0,0,3,0.19805555555555554,0,0,0,0,0,0,0,0,0,0,0.20267716535433072
5175,ìáçËè‰àÍòN,5,41,1,1,1,0.2121951219512195,0,0,0,1,0,0,0,0,0,0,0.20267716535433072
5175,ìáçËè‰àÍòN,6,46,0,0,0,0.20326086956521738,0,0,0,0,0,0,0,0,0,0,0.20267716535433072
5176,êŒëqëÒî¸,4,3,0,0,0,0.11,0,0,0,0,0,0,0,0,0,0,0.17551020408163265
5176,êŒëqëÒî¸,5,54,1,0,0,0.1787037037037037,0,0,0,1,0,0,0,0,0,0,0.17551020408163265
5176,êŒëqëÒî¸,6,90,0,0,1,0.17577777777777778,0,0,0,0,0,0,0,0,0,0,0.17551020408163265
5177,èºà‰ä—ëæ,2,2,0,0,1,0.2,0,0,0,0,0,0,0,0,0,1,0.19142105263157894
5177,èºà‰ä—ëæ,3,2,0,0,0,0.16,0,0,0,0,0,0,0,0,0,0,0.19142105263157894
5177,èºà‰ä—ëæ,4,32,0,1,2,0.203125,0,0,0,0,0,0,0,0,0,0,0.19142105263157894
5177,èºà‰ä—ëæ,5,60,0,0,2,0.1955,0,0,0,0,0,0,0,0,0,0,0.19142105263157894
5177,èºà‰ä—ëæ,6,94,0,0,2,0.18531914893617024,0,0,0,0,0,0,0,0,0,0,0.19142105263157894
5178,ê¨íÂó‘ïΩ,1,2,1,1,0,0.27,1,0,0,0,0,0,0,0,1,0,0.1989655172413793
5178,ê¨íÂó‘ïΩ,2,1,0,0,0,0.14,0,0,0,0,0,0,0,0,0,0,0.1989655172413793
5178,ê¨íÂó‘ïΩ,3,5,0,0,0,0.246,0,0,0,0,0,0,0,0,0,0,0.1989655172413793
5178,ê¨íÂó‘ïΩ,4,63,1,2,5,0.1907936507936508,0,0,1,0,0,0,0,0,0,0,0.1989655172413793
5178,ê¨íÂó‘ïΩ,5,60,0,0,2,0.197,0,0,0,0,0,0,0,0,0,0,0.1989655172413793
5178,ê¨íÂó‘ïΩ,6,72,0,0,4,0.20333333333333334,0,0,0,0,0,0,0,0,0,0,0.1989655172413793
5179,ì°ñ{å≥ãP,1,4,0,0,2,0.24,0,0,0,0,0,0,0,2,2,0,0.1738095238095238
5179,ì°ñ{å≥ãP,2,7,1,0,1,0.17142857142857143,0,1,0,0,0,0,0,0,0,3,0.1738095238095238
5179,ì°ñ{å≥ãP,3,6,0,1,0,0.15333333333333335,0,0,0,0,0,0,0,0,0,0,0.1738095238095238
5179,ì°ñ{å≥ãP,4,27,3,0,4,0.17851851851851852,0,0,3,0,0,0,0,0,0,0,0.1738095238095238
5179,ì°ñ{å≥ãP,5,41,1,1,0,0.17121951219512196,0,0,0,0,1,0,0,0,0,0,0.1738095238095238
5179,ì°ñ{å≥ãP,6,62,1,0,3,0.17145161290322583,0,0,0,1,0,0,0,0,0,0,0.1738095238095238
5180,ì°ñ{é—ñÌçÅ,1,1,1,0,0,0.07,1,0,0,0,0,0,0,0,0,0,0.18666666666666668
5180,ì°ñ{é—ñÌçÅ,2,1,0,0,0,0.29,0,0,0,0,0,0,0,0,0,1,0.18666666666666668
5180,ì°ñ{é—ñÌçÅ,3,7,0,1,0,0.24714285714285714,0,0,0,0,0,0,0,0,0,0,0.18666666666666668
5180,ì°ñ{é—ñÌçÅ,4,23,1,1,3,0.17304347826086958,0,0,0,1,0,0,0,0,0,0,0.18666666666666668
5180,ì°ñ{é—ñÌçÅ,5,48,0,1,2,0.1885416666666667,0,0,0,0,0,0,0,0,0,0,0.18666666666666668
5180,ì°ñ{é—ñÌçÅ,6,61,1,0,6,0.18360655737704917,0,0,0,1,0,0,0,0,0,0,0.18666666666666668
5181,êXíqç∆,3,3,0,0,0,0.15333333333333335,0,0,0,0,0,0,0,0,0,0,0.16708737864077672
5181,êXíqç∆,4,31,0,1,1,0.16838709677419353,0,0,0,0,0,0,0,0,0,0,0.16708737864077672
5181,êXíqç∆,5,64,2,3,5,0.16140625,0,0,1,1,0,0,0,0,0,0,0.16708737864077672
5181,êXíqç∆,6,108,1,1,12,0.17046296296296296,0,0,1,0,0,0,0,0,0,0,0.16708737864077672
5182,ã{çËà¿ìﬁ,4,54,1,1,4,0.19907407407407407,0,0,1,0,0,0,0,0,0,0,0.19796875
5182,ã{çËà¿ìﬁ,5,64,1,2,2,0.1978125,0,0,1,0,0,0,0,0,0,0,0.19796875
5182,ã{çËà¿ìﬁ,6,74,0,0,3,0.19729729729729728,0,0,0,0,0,0,0,0,0,0,0.19796875
5183,íÜñÏçFìÒ,4,34,1,4,2,0.15882352941176472,0,0,0,0,0,1,0,0,0,0,0.15723076923076923
5183,íÜñÏçFìÒ,5,41,1,4,2,0.15317073170731707,0,0,1,0,0,0,0,0,0,0,0.15723076923076923
5183,íÜñÏçFìÒ,6,55,0,0,4,0.15927272727272726,0,0,0,0,0,0,0,0,0,0,0.15723076923076923
5184,î—íÀãø,4,35,0,2,2,0.24171428571428574,0,0,0,0,0,0,0,0,0,0,0.2080891719745223
5184,î—íÀãø,5,51,0,0,2,0.2023529411764706,0,0,0,0,0,0,0,0,0,0,0.2080891719745223
5184,î—íÀãø,6,71,0,0,0,0.1956338028169014,0,0,0,0,0,0,0,0,0,0,0.2080891719745223
5185,â¡ì°óDñÌ,4,47,2,4,6,0.1672340425531915,0,0,2,0,0,0,0,0,0,0,0.1709467455621302
5185,â¡ì°óDñÌ,5,51,1,2,3,0.1711764705882353,0,0,0,0,1,0,0,0,0,0,0.1709467455621302
5185,â¡ì°óDñÌ,6,71,0,3,8,0.17323943661971833,0,0,0,0,0,0,0,0,0,0,0.1709467455621302
5186,âìì°å\å·,1,4,1,1,0,0.21000000000000002,1,0,0,0,0,0,0,2,1,0,0.1865217391304348
5186,âìì°å\å·,2,4,0,1,1,0.1725,0,0,0,0,0,0,0,0,0,3,0.1865217391304348
5186,âìì°å\å·,3,6,0,0,0,0.18833333333333332,0,0,0,0,0,0,0,0,0,0,0.1865217391304348
5186,âìì°å\å·,4,38,1,1,4,0.18131578947368424,0,0,1,0,0,0,0,0,0,0,0.1865217391304348
5186,âìì°å\å·,5,45,1,1,4,0.1753333333333333,0,0,0,1,0,0,0,0,0,0,0.1865217391304348
5186,âìì°å\å·,6,64,1,2,5,0.19671875,0,0,0,1,0,0,0,0,0,0,0.1865217391304348
5187,è¨ç‚ïóëæ,3,4,1,1,1,0.175,0,0,1,0,0,0,0,0,0,0,0.20489795918367348
5187,è¨ç‚ïóëæ,4,40,1,3,7,0.21600000000000003,0,0,0,0,1,0,0,0,0,0,0.20489795918367348
5187,è¨ç‚ïóëæ,5,51,0,1,7,0.1719607843137255,0,0,0,0,0,0,0,0,0,0,0.20489795918367348
5187,è¨ç‚ïóëæ,6,52,0,1,4,0.23096153846153847,0,0,0,0,0,0,0,0,0,0,0.20489795918367348
5188,ïêà‰‰ªó¢â¿,4,34,2,1,2,0.22176470588235295,0,0,1,1,0,0,0,0,0,0,0.20317204301075267
5188,ïêà‰‰ªó¢â¿,5,64,2,1,7,0.20546875,0,0,0,1,0,1,0,0,0,0,0.20317204301075267
5188,ïêà‰‰ªó¢â¿,6,88,0,3,6,0.19431818181818183,0,0,0,0,0,0,0,0,0,0,0.20317204301075267
5189,ì°å¥ëÅçÿ,3,5,0,3,0,0.20800000000000002,0,0,0,0,0,0,0,0,0,0,0.20952380952380953
5189,ì°å¥ëÅçÿ,4,40,0,1,1,0.2105,0,0,0,0,0,0,0,0,0,0,0.20952380952380953
5189,ì°å¥ëÅçÿ,5,56,0,1,2,0.20464285714285715,0,0,0,0,0,0,0,0,0,0,0.20952380952380953
5189,ì°å¥ëÅçÿ,6,67,0,2,1,0.21313432835820895,0,0,0,0,0,0,0,0,0,0,0.20952380952380953
5190,ëÂåéóVâÎ,4,29,0,0,0,0.16724137931034486,0,0,0,0,0,0,0,0,0,0,0.19
5190,ëÂåéóVâÎ,5,32,0,2,3,0.18625,0,0,0,0,0,0,0,0,0,0,0.19
5190,ëÂåéóVâÎ,6,53,0,0,2,0.20471698113207545,0,0,0,0,0,0,0,0,0,0,0.19
5191,îÚìcç]å»,1,15,5,1,5,0.18000000000000002,4,0,0,0,1,0,2,2,6,0,0.1755897435897436
5191,îÚìcç]å»,2,20,1,6,3,0.185,0,1,0,0,0,0,0,0,0,8,0.1755897435897436
5191,îÚìcç]å»,3,20,0,2,5,0.151,0,0,0,0,0,0,0,0,0,0,0.1755897435897436
5191,îÚìcç]å»,4,48,3,6,5,0.16833333333333333,0,2,1,0,0,0,0,0,0,0,0.1755897435897436
5191,îÚìcç]å»,5,47,2,2,6,0.18936170212765957,0,1,1,0,0,0,0,0,0,0,0.1755897435897436
5191,îÚìcç]å»,6,45,2,2,6,0.17422222222222222,0,0,2,0,0,0,0,0,0,0,0.1755897435897436
5192,íÜîˆóDçÅ,3,3,0,1,0,0.21,0,0,0,0,0,0,0,0,0,0,0.18674074074074073
5192,íÜîˆóDçÅ,4,31,1,2,2,0.17548387096774196,0,1,0,0,0,0,0,0,0,0,0.18674074074074073
5192,íÜîˆóDçÅ,5,37,1,1,1,0.19864864864864867,0,0,1,0,0,0,0,0,0,0,0.18674074074074073
5192,íÜîˆóDçÅ,6,64,0,0,2,0.18421875,0,0,0,0,0,0,0,0,0,0,0.18674074074074073
5193,ïƒä€îTäG,3,9,0,3,1,0.21333333333333332,0,0,0,0,0,0,0,0,0,0,0.1952
5193,ïƒä€îTäG,4,34,0,3,4,0.1738235294117647,0,0,0,0,0,0,0,0,0,0,0.1952
5193,ïƒä€îTäG,5,43,2,3,5,0.2023255813953488,0,0,1,1,0,0,0,0,0,0,0.1952
5193,ïƒä€îTäG,6,64,0,0,2,0.19921875,0,0,0,0,0,0,0,0,0,0,0.1952
5194,ëÂãvï€óCçÅ,1,7,1,1,0,0.24428571428571427,1,0,0,0,0,0,1,2,3,0,0.18257575757575759
5194,ëÂãvï€óCçÅ,2,13,0,2,4,0.11923076923076924,0,0,0,0,0,0,0,0,0,8,0.18257575757575759
5194,ëÂãvï€óCçÅ,3,10,0,1,1,0.141,0,0,0,0,0,0,0,0,0,0,0.18257575757575759
5194,ëÂãvï€óCçÅ,4,28,0,1,5,0.17178571428571426,0,0,0,0,0,0,0,0,0,0,0.18257575757575759
5194,ëÂãvï€óCçÅ,5,31,1,1,4,0.18774193548387097,0,0,1,0,0,0,0,0,0,0,0.18257575757575759
5194,ëÂãvï€óCçÅ,6,43,0,1,1,0.2046511627906977,0,0,0,0,0,0,0,0,0,0,0.18257575757575759
5195,ñkë∫îJÅX,2,1,0,0,0,0.01,0,0,0,0,0,0,0,0,0,0,0.21276422764227643
5195,ñkë∫îJÅX,3,11,0,1,2,0.1981818181818182,0,0,0,0,0,0,0,0,0,0,0.21276422764227643
5195,ñkë∫îJÅX,4,21,0,1,2,0.22,0,0,0,0,0,0,0,0,0,0,0.21276422764227643
5195,ñkë∫îJÅX,5,33,0,1,1,0.22272727272727275,0,0,0,0,0,0,0,0,0,0,0.21276422764227643
5195,ñkë∫îJÅX,6,57,2,0,1,0.21070175438596492,0,0,2,0,0,0,0,0,0,0,0.21276422764227643
5196,òkïîëæãÛäC,1,7,0,0,3,0.20285714285714285,0,0,0,0,0,0,2,2,3,0,0.2033734939759036
5196,òkïîëæãÛäC,2,9,1,3,2,0.15888888888888889,0,1,0,0,0,0,0,0,0,6,0.2033734939759036
5196,òkïîëæãÛäC,3,10,2,1,1,0.191,0,0,1,0,1,0,0,0,0,0,0.2033734939759036
5196,òkïîëæãÛäC,4,36,0,4,5,0.20944444444444443,0,0,0,0,0,0,0,0,0,0,0.2033734939759036
5196,òkïîëæãÛäC,5,46,1,5,10,0.2126086956521739,0,1,0,0,0,0,0,0,0,0,0.2033734939759036
5196,òkïîëæãÛäC,6,58,0,1,8,0.2013793103448276,0,0,0,0,0,0,0,0,0,0,0.2033734939759036
5197,íÜñÏêmè∆,1,2,0,0,1,0.23,0,0,0,0,0,0,0,1,1,0,0.15843243243243244
5197,íÜñÏêmè∆,2,1,0,1,0,0.12,0,0,0,0,0,0,0,0,0,1,0.15843243243243244
5197,íÜñÏêmè∆,3,3,1,0,0,0.2233333333333333,0,0,1,0,0,0,0,0,0,0,0.15843243243243244
5197,íÜñÏêmè∆,4,47,3,1,5,0.1370212765957447,0,0,3,0,0,0,0,0,0,0,0.15843243243243244
5197,íÜñÏêmè∆,5,55,0,3,1,0.1601818181818182,0,0,0,0,0,0,0,0,0,0,0.15843243243243244
5197,íÜñÏêmè∆,6,77,1,2,6,0.16636363636363638,0,0,0,1,0,0,0,0,0,0,0.15843243243243244
5198,âúë∫ñæì˙çÅ,4,36,0,0,4,0.23055555555555557,0,0,0,0,0,0,0,0,0,0,0.22419753086419753
5198,âúë∫ñæì˙çÅ,5,49,1,1,0,0.22877551020408166,0,0,0,1,0,0,0,0,0,0,0.22419753086419753
5198,âúë∫ñæì˙çÅ,6,77,0,0,2,0.2183116883116883,0,0,0,0,0,0,0,0,0,0,0.22419753086419753
5199,êÇêÖóI,1,11,3,3,2,0.15363636363636363,3,0,0,0,0,0,2,2,3,0,0.16604060913705584
5199,êÇêÖóI,2,15,1,1,3,0.18066666666666667,0,1,0,0,0,0,0,0,0,8,0.16604060913705584
5199,êÇêÖóI,3,15,1,2,0,0.182,0,0,0,1,0,0,0,0,0,0,0.16604060913705584
5199,êÇêÖóI,4,44,1,1,4,0.16545454545454547,0,0,1,0,0,0,0,0,0,0,0.16604060913705584
5199,êÇêÖóI,5,49,1,5,3,0.14551020408163265,0,0,0,0,1,0,0,0,0,0,0.16604060913705584
5199,êÇêÖóI,6,63,1,0,2,0.1773015873015873,0,0,0,1,0,0,0,0,0,0,0.16604060913705584
5200,ìõà‰î¸ã’,4,22,0,1,0,0.22545454545454546,0,0,0,0,0,0,0,0,0,0,0.21851851851851853
5200,ìõà‰î¸ã’,5,32,0,0,0,0.24,0,0,0,0,0,0,0,0,0,0,0.21851851851851853
5200,ìõà‰î¸ã’,6,54,0,0,0,0.20296296296296298,0,0,0,0,0,0,0,0,0,0,0.21851851851851853
5201,ë∫è„è@ëæòY,1,1,1,0,0,0.05,1,0,0,0,0,0,0,0,0,0,0.16627218934911245
5201,ë∫è„è@ëæòY,2,1,0,0,1,0.18,0,0,0,0,0,0,0,0,0,1,0.16627218934911245
5201,ë∫è„è@ëæòY,3,1,0,0,0,0.33,0,0,0,0,0,0,0,0,0,0,0.16627218934911245
5201,ë∫è„è@ëæòY,4,53,3,5,6,0.150188679245283,0,0,2,0,1,0,0,0,0,0,0.16627218934911245
5201,ë∫è„è@ëæòY,5,57,0,1,8,0.16350877192982458,0,0,0,0,0,0,0,0,0,0,0.16627218934911245
5201,ë∫è„è@ëæòY,6,56,0,1,6,0.18321428571428572,0,0,0,0,0,0,0,0,0,0,0.16627218934911245
5202,ã{çËÇ¬ÇÆÇ›,2,1,0,0,0,0.21,0,0,0,0,0,0,0,0,0,0,0.1716774193548387
5202,ã{çËÇ¬ÇÆÇ›,3,1,0,0,0,0.15,0,0,0,0,0,0,0,0,0,0,0.1716774193548387
5202,ã{çËÇ¬ÇÆÇ›,4,37,2,1,4,0.16324324324324324,0,0,1,1,0,0,0,0,0,0,0.1716774193548387
5202,ã{çËÇ¬ÇÆÇ›,5,49,2,2,4,0.16183673469387755,0,0,1,1,0,0,0,0,0,0,0.1716774193548387
5202,ã{çËÇ¬ÇÆÇ›,6,67,1,1,7,0.18328358208955223,0,1,0,0,0,0,0,0,0,0,0.1716774193548387
5203,ê_ó¢ã’âπ,4,31,2,1,5,0.2174193548387097,0,1,0,1,0,0,0,0,0,0,0.19602339181286552
5203,ê_ó¢ã’âπ,5,54,1,1,1,0.19703703703703704,0,0,0,0,1,0,0,0,0,0,0.19602339181286552
5203,ê_ó¢ã’âπ,6,86,0,1,4,0.18767441860465117,0,0,0,0,0,0,0,0,0,0,0.19602339181286552
5204,âFåbóLçÅ,4,11,1,0,0,0.22090909090909092,0,0,1,0,0,0,0,0,0,0,0.19237410071942448
5204,âFåbóLçÅ,5,49,0,1,4,0.1826530612244898,0,0,0,0,0,0,0,0,0,0,0.19237410071942448
5204,âFåbóLçÅ,6,79,0,1,6,0.19443037974683544,0,0,0,0,0,0,0,0,0,0,0.19237410071942448
5205,åYïîàüó¢é—,4,19,1,0,0,0.1563157894736842,0,0,0,1,0,0,0,0,0,0,0.18440559440559443
5205,åYïîàüó¢é—,5,48,2,2,2,0.17833333333333334,0,0,1,1,0,0,0,0,0,0,0.18440559440559443
5205,åYïîàüó¢é—,6,76,2,4,6,0.19526315789473683,0,0,0,2,0,0,0,0,0,0,0.18440559440559443
5206,î~å¥èÀïΩ,3,1,0,1,0,0.09,0,0,0,0,0,0,0,0,0,0,0.15516129032258064
5206,î~å¥èÀïΩ,4,10,0,1,0,0.197,0,0,0,0,0,0,0,0,0,0,0.15516129032258064
5206,î~å¥èÀïΩ,5,72,1,1,5,0.15083333333333332,0,0,1,0,0,0,0,0,0,0,0.15516129032258064
5206,î~å¥èÀïΩ,6,103,1,1,2,0.15475728155339805,0,0,0,1,0,0,0,0,0,0,0.15516129032258064
5207,çÇéRåhåÂ,4,7,0,0,0,0.20714285714285713,0,0,0,0,0,0,0,0,0,0,0.2203937007874016
5207,çÇéRåhåÂ,5,38,1,0,0,0.21000000000000002,0,0,0,1,0,0,0,0,0,0,0.2203937007874016
5207,çÇéRåhåÂ,6,82,0,0,3,0.22634146341463413,0,0,0,0,0,0,0,0,0,0,0.2203937007874016
5208,âÆó«ó¥ãI,4,3,0,0,0,0.14666666666666667,0,0,0,0,0,0,0,0,0,0,0.17204545454545456
5208,âÆó«ó¥ãI,5,44,1,0,0,0.18295454545454548,0,0,0,1,0,0,0,0,0,0,0.17204545454545456
5208,âÆó«ó¥ãI,6,85,0,4,2,0.16729411764705884,0,0,0,0,0,0,0,0,0,0,0.17204545454545456
5209,è¨ñÏãûïΩ,4,14,0,0,0,0.16785714285714287,0,0,0,0,0,0,0,0,0,0,0.1790728476821192
5209,è¨ñÏãûïΩ,5,54,0,1,0,0.18796296296296297,0,0,0,0,0,0,0,0,0,0,0.1790728476821192
5209,è¨ñÏãûïΩ,6,83,1,0,0,0.17518072289156628,0,0,0,1,0,0,0,0,0,0,0.1790728476821192
5210,ì°à‰åˆêl,4,7,0,0,0,0.19714285714285712,0,0,0,0,0,0,0,0,0,0,0.20789915966386557
5210,ì°à‰åˆêl,5,36,0,0,1,0.22361111111111112,0,0,0,0,0,0,0,0,0,0,0.20789915966386557
5210,ì°à‰åˆêl,6,76,0,0,2,0.20144736842105262,0,0,0,0,0,0,0,0,0,0,0.20789915966386557
5211,çÇà‰èxñÌ,4,22,0,1,0,0.20909090909090908,0,0,0,0,0,0,0,0,0,0,0.17610389610389612
5211,çÇà‰èxñÌ,5,52,0,0,0,0.17365384615384613,0,0,0,0,0,0,0,0,0,0,0.17610389610389612
5211,çÇà‰èxñÌ,6,80,0,1,1,0.168625,0,0,0,0,0,0,0,0,0,0,0.17610389610389612
5212,êºêÏëÒóò,4,16,0,0,1,0.23875000000000002,0,0,0,0,0,0,0,0,0,0,0.21823529411764706
5212,êºêÏëÒóò,5,57,1,0,3,0.21701754385964914,0,0,0,0,1,0,0,0,0,0,0.21823529411764706
5212,êºêÏëÒóò,6,97,0,0,1,0.21556701030927836,0,0,0,0,0,0,0,0,0,0,0.21823529411764706
5213,ìíü«ãIçÅ,4,18,0,0,2,0.23833333333333334,0,0,0,0,0,0,0,0,0,0,0.2330201342281879
5213,ìíü«ãIçÅ,5,51,0,0,1,0.21666666666666667,0,0,0,0,0,0,0,0,0,0,0.2330201342281879
5213,ìíü«ãIçÅ,6,80,0,1,2,0.24225,0,0,0,0,0,0,0,0,0,0,0.2330201342281879
5214,ìcíÜçGìT,4,7,0,0,1,0.17714285714285713,0,0,0,0,0,0,0,0,0,0,0.1928671328671329
5214,ìcíÜçGìT,5,52,0,0,0,0.19076923076923077,0,0,0,0,0,0,0,0,0,0,0.1928671328671329
5214,ìcíÜçGìT,6,84,0,0,0,0.1954761904761905,0,0,0,0,0,0,0,0,0,0,0.1928671328671329
5215,êŒä€è¨ñä,4,13,0,3,0,0.18999999999999997,0,0,0,0,0,0,0,0,0,0,0.17258823529411765
5215,êŒä€è¨ñä,5,28,1,2,1,0.16964285714285715,0,0,1,0,0,0,0,0,0,0,0.17258823529411765
5215,êŒä€è¨ñä,6,44,0,2,0,0.1693181818181818,0,0,0,0,0,0,0,0,0,0,0.17258823529411765
5216,í∑íJêÏê∞ç∆,4,10,0,1,0,0.22200000000000003,0,0,0,0,0,0,0,0,0,0,0.19573426573426572
5216,í∑íJêÏê∞ç∆,5,52,0,0,3,0.1951923076923077,0,0,0,0,0,0,0,0,0,0,0.19573426573426572
5216,í∑íJêÏê∞ç∆,6,81,0,4,5,0.19283950617283951,0,0,0,0,0,0,0,0,0,0,0.19573426573426572
5217,ì°å¥ï…ê∂,1,1,0,1,0,0.29,0,0,0,0,0,0,0,1,0,0,0.15872340425531914
5217,ì°å¥ï…ê∂,2,2,0,1,1,0.135,0,0,0,0,0,0,0,0,0,1,0.15872340425531914
5217,ì°å¥ï…ê∂,3,3,0,1,1,0.22333333333333336,0,0,0,0,0,0,0,0,0,0,0.15872340425531914
5217,ì°å¥ï…ê∂,4,25,3,7,4,0.1496,0,1,0,2,0,0,0,0,0,0,0.15872340425531914
5217,ì°å¥ï…ê∂,5,63,1,5,10,0.16523809523809524,0,0,0,1,0,0,0,0,0,0,0.15872340425531914
5217,ì°å¥ï…ê∂,6,94,2,4,12,0.15382978723404256,0,0,0,1,0,1,0,0,0,0,0.15872340425531914
5218,éRìcóùâõ,4,9,0,0,1,0.1922222222222222,0,0,0,0,0,0,0,0,0,0,0.21825
5218,éRìcóùâõ,5,42,1,1,1,0.2080952380952381,0,0,0,1,0,0,0,0,0,0,0.21825
5218,éRìcóùâõ,6,69,0,0,4,0.22782608695652176,0,0,0,0,0,0,0,0,0,0,0.21825
5219,êXå˚òaãI,4,12,0,0,0,0.18666666666666668,0,0,0,0,0,0,0,0,0,0,0.19428571428571428
5219,êXå˚òaãI,5,46,0,2,0,0.19130434782608696,0,0,0,0,0,0,0,0,0,0,0.19428571428571428
5219,êXå˚òaãI,6,89,0,0,3,0.19685393258426967,0,0,0,0,0,0,0,0,0,0,0.19428571428571428
5220,ê¬ñÿò@,2,1,0,0,0,0.13,0,0,0,0,0,0,0,0,0,0,0.17012048192771084
5220,ê¬ñÿò@,4,29,1,3,2,0.15379310344827585,0,0,1,0,0,0,0,0,0,0,0.17012048192771084
5220,ê¬ñÿò@,5,59,0,0,6,0.1847457627118644,0,0,0,0,0,0,0,0,0,0,0.17012048192771084
5220,ê¬ñÿò@,6,77,1,2,5,0.16558441558441558,0,0,0,0,1,0,0,0,0,0,0.17012048192771084
5221,í|ä‘ó≤ùÓ,1,4,1,0,0,0.1925,1,0,0,0,0,0,0,1,2,0,0.16342696629213482
5221,í|ä‘ó≤ùÓ,2,4,0,0,1,0.18,0,0,0,0,0,0,0,0,0,2,0.16342696629213482
5221,í|ä‘ó≤ùÓ,3,5,0,0,1,0.138,0,0,0,0,0,0,0,0,0,0,0.16342696629213482
5221,í|ä‘ó≤ùÓ,4,31,2,2,5,0.1867741935483871,0,2,0,0,0,0,0,0,0,0,0.16342696629213482
5221,í|ä‘ó≤ùÓ,5,51,1,5,6,0.1588235294117647,0,0,0,0,1,0,0,0,0,0,0.16342696629213482
5221,í|ä‘ó≤ùÓ,6,83,1,2,8,0.15686746987951808,0,0,0,1,0,0,0,0,0,0,0.16342696629213482
5222,í√ìcó§„ƒ,4,6,0,0,0,0.18000000000000002,0,0,0,0,0,0,0,0,0,0,0.17187919463087248
5222,í√ìcó§„ƒ,5,54,0,0,4,0.1774074074074074,0,0,0,0,0,0,0,0,0,0,0.17187919463087248
5222,í√ìcó§„ƒ,6,89,0,2,10,0.16797752808988764,0,0,0,0,0,0,0,0,0,0,0.17187919463087248
5223,êXê¥óF„ƒ,4,12,0,0,0,0.1975,0,0,0,0,0,0,0,0,0,0,0.18402061855670104
5223,êXê¥óF„ƒ,5,71,0,0,1,0.18295774647887325,0,0,0,0,0,0,0,0,0,0,0.18402061855670104
5223,êXê¥óF„ƒ,6,111,0,1,1,0.18324324324324323,0,0,0,0,0,0,0,0,0,0,0.18402061855670104
5224,êºâ™å∞êS,4,5,0,0,0,0.174,0,0,0,0,0,0,0,0,0,0,0.18072
5224,êºâ™å∞êS,5,49,0,0,5,0.19040816326530613,0,0,0,0,0,0,0,0,0,0,0.18072
5224,êºâ™å∞êS,6,71,0,4,12,0.17450704225352112,0,0,0,0,0,0,0,0,0,0,0.18072
5225,ç÷ì°Í£,4,34,0,0,2,0.2014705882352941,0,0,0,0,0,0,0,0,0,0,0.1986231884057971
5225,ç÷ì°Í£,5,46,0,0,1,0.1958695652173913,0,0,0,0,0,0,0,0,0,0,0.1986231884057971
5225,ç÷ì°Í£,6,58,0,0,0,0.19913793103448277,0,0,0,0,0,0,0,0,0,0,0.1986231884057971
5226,ì°ìcèróS,1,2,1,0,0,0.15000000000000002,1,0,0,0,0,0,0,0,0,0,0.17536144578313254
5226,ì°ìcèróS,2,4,0,1,0,0.195,0,0,0,0,0,0,0,0,0,1,0.17536144578313254
5226,ì°ìcèróS,3,3,0,1,2,0.1466666666666667,0,0,0,0,0,0,0,0,0,0,0.17536144578313254
5226,ì°ìcèróS,4,27,1,1,2,0.16,0,0,1,0,0,0,0,0,0,0,0.17536144578313254
5226,ì°ìcèróS,5,56,1,4,6,0.18035714285714285,0,0,0,1,0,0,0,0,0,0,0.17536144578313254
5226,ì°ìcèróS,6,74,1,0,4,0.17797297297297296,0,0,0,1,0,0,0,0,0,0,0.17536144578313254
5227,êÏå¥à§ñ¢,4,13,0,0,0,0.20846153846153845,0,0,0,0,0,0,0,0,0,0,0.22664429530201344
5227,êÏå¥à§ñ¢,5,46,0,0,1,0.23630434782608695,0,0,0,0,0,0,0,0,0,0,0.22664429530201344
5227,êÏå¥à§ñ¢,6,90,0,1,1,0.22433333333333336,0,0,0,0,0,0,0,0,0,0,0.22664429530201344
5228,é·ó—é˜óñ,4,25,2,1,4,0.1632,0,0,1,1,0,0,0,0,0,0,0.18066176470588236
5228,é·ó—é˜óñ,5,46,2,1,3,0.19065217391304348,0,0,0,1,1,0,0,0,0,0,0.18066176470588236
5228,é·ó—é˜óñ,6,65,1,1,5,0.1803076923076923,0,0,0,1,0,0,0,0,0,0,0.18066176470588236
5229,ãgêÏê∞êl,4,19,1,0,1,0.14684210526315788,0,0,1,0,0,0,0,0,0,0,0.1737888198757764
5229,ãgêÏê∞êl,5,43,1,0,1,0.15604651162790698,0,0,0,1,0,0,0,0,0,0,0.1737888198757764
5229,ãgêÏê∞êl,6,99,0,2,1,0.18666666666666668,0,0,0,0,0,0,0,0,0,0,0.1737888198757764
5230,êŒå¥ì‚é—,3,1,0,0,0,0.2,0,0,0,0,0,0,0,0,0,0,0.15644444444444444
5230,êŒå¥ì‚é—,4,11,0,1,0,0.15,0,0,0,0,0,0,0,0,0,0,0.15644444444444444
5230,êŒå¥ì‚é—,5,45,0,1,1,0.13555555555555554,0,0,0,0,0,0,0,0,0,0,0.15644444444444444
5230,êŒå¥ì‚é—,6,78,0,1,3,0.16884615384615384,0,0,0,0,0,0,0,0,0,0,0.15644444444444444
5231,éõìcãÛéç,3,1,0,0,0,0.18,0,0,0,0,0,0,0,0,0,0,0.21344594594594596
5231,éõìcãÛéç,4,13,0,0,0,0.20461538461538462,0,0,0,0,0,0,0,0,0,0,0.21344594594594596
5231,éõìcãÛéç,5,49,0,1,2,0.21959183673469387,0,0,0,0,0,0,0,0,0,0,0.21344594594594596
5231,éõìcãÛéç,6,85,0,0,3,0.21164705882352944,0,0,0,0,0,0,0,0,0,0,0.21344594594594596
5232,û‡éRëÒîn,4,4,0,0,0,0.1775,0,0,0,0,0,0,0,0,0,0,0.18455882352941178
5232,û‡éRëÒîn,5,26,0,0,0,0.1973076923076923,0,0,0,0,0,0,0,0,0,0,0.18455882352941178
5232,û‡éRëÒîn,6,38,0,0,0,0.17657894736842106,0,0,0,0,0,0,0,0,0,0,0.18455882352941178
5233,ë∫ìcâ¿ìﬁéq,4,4,0,0,0,0.22999999999999998,0,0,0,0,0,0,0,0,0,0,0.18865671641791046
5233,ë∫ìcâ¿ìﬁéq,5,25,0,0,1,0.166,0,0,0,0,0,0,0,0,0,0,0.18865671641791046
5233,ë∫ìcâ¿ìﬁéq,6,38,0,0,1,0.19921052631578948,0,0,0,0,0,0,0,0,0,0,0.18865671641791046
5234,íÀâzäCìl,4,7,0,0,0,0.18142857142857144,0,0,0,0,0,0,0,0,0,0,0.19053333333333333
5234,íÀâzäCìl,5,22,0,0,1,0.20681818181818182,0,0,0,0,0,0,0,0,0,0,0.19053333333333333
5234,íÀâzäCìl,6,46,1,1,2,0.1841304347826087,0,1,0,0,0,0,0,0,0,0,0.19053333333333333
5235,ä‚ìcóΩ,4,4,0,0,0,0.23249999999999998,0,0,0,0,0,0,0,0,0,0,0.2336734693877551
5235,ä‚ìcóΩ,5,13,0,0,0,0.2646153846153846,0,0,0,0,0,0,0,0,0,0,0.2336734693877551
5235,ä‚ìcóΩ,6,32,0,0,0,0.22125,0,0,0,0,0,0,0,0,0,0,0.2336734693877551
5236,è¨ã{ó¡âÎ,4,3,0,0,0,0.19000000000000003,0,0,0,0,0,0,0,0,0,0,0.18884057971014492
5236,è¨ã{ó¡âÎ,5,22,0,0,0,0.19090909090909092,0,0,0,0,0,0,0,0,0,0,0.18884057971014492
5236,è¨ã{ó¡âÎ,6,44,0,0,0,0.18772727272727271,0,0,0,0,0,0,0,0,0,0,0.18884057971014492
5237,âièºó«ã≥,4,4,0,0,0,0.23500000000000001,0,0,0,0,0,0,0,0,0,0,0.25261538461538463
5237,âièºó«ã≥,5,21,0,0,0,0.24285714285714288,0,0,0,0,0,0,0,0,0,0,0.25261538461538463
5237,âièºó«ã≥,6,40,0,0,0,0.2595,0,0,0,0,0,0,0,0,0,0,0.25261538461538463
5238,ç˘ñÿçÅå·,4,5,0,0,0,0.154,0,0,0,0,0,0,0,0,0,0,0.19194444444444445
5238,ç˘ñÿçÅå·,5,23,0,0,1,0.17217391304347826,0,0,0,0,0,0,0,0,0,0,0.19194444444444445
5238,ç˘ñÿçÅå·,6,44,0,0,0,0.20659090909090908,0,0,0,0,0,0,0,0,0,0,0.19194444444444445
5239,è„ñÏèré˜,4,6,0,0,0,0.155,0,0,0,0,0,0,0,0,0,0,0.17851851851851852
5239,è„ñÏèré˜,5,26,0,0,2,0.1726923076923077,0,0,0,0,0,0,0,0,0,0,0.17851851851851852
5239,è„ñÏèré˜,6,49,0,2,1,0.18448979591836734,0,0,0,0,0,0,0,0,0,0,0.17851851851851852
5240,çÇã¥ó¥é°,4,4,0,0,0,0.245,0,0,0,0,0,0,0,0,0,0,0.20597014925373136
5240,çÇã¥ó¥é°,5,22,0,0,0,0.21454545454545454,0,0,0,0,0,0,0,0,0,0,0.20597014925373136
5240,çÇã¥ó¥é°,6,41,0,0,0,0.19756097560975608,0,0,0,0,0,0,0,0,0,0,0.20597014925373136
5241,ñÂìcûx,4,4,0,0,0,0.1975,0,0,0,0,0,0,0,0,0,0,0.21348484848484847
5241,ñÂìcûx,5,23,0,0,0,0.21695652173913044,0,0,0,0,0,0,0,0,0,0,0.21348484848484847
5241,ñÂìcûx,6,39,0,0,0,0.21307692307692308,0,0,0,0,0,0,0,0,0,0,0.21348484848484847
5242,çÇéRçOìl,4,6,0,0,0,0.13833333333333334,0,0,0,0,0,0,0,0,0,0,0.15735849056603773
5242,çÇéRçOìl,5,19,0,0,0,0.1573684210526316,0,0,0,0,0,0,0,0,0,0,0.15735849056603773
5242,çÇéRçOìl,6,28,0,0,0,0.16142857142857142,0,0,0,0,0,0,0,0,0,0,0.15735849056603773
5243,éOînêíéj,4,2,0,0,0,0.125,0,0,0,0,0,0,0,0,0,0,0.20595238095238097
5243,éOînêíéj,5,30,0,0,0,0.217,0,0,0,0,0,0,0,0,0,0,0.20595238095238097
5243,éOînêíéj,6,52,0,0,0,0.20269230769230767,0,0,0,0,0,0,0,0,0,0,0.20595238095238097
5244,çïìcçÑ,4,1,0,0,0,0.26,0,0,0,0,0,0,0,0,0,0,0.18037974683544303
5244,çïìcçÑ,5,25,0,0,0,0.18719999999999998,0,0,0,0,0,0,0,0,0,0,0.18037974683544303
5244,çïìcçÑ,6,53,0,0,0,0.17566037735849058,0,0,0,0,0,0,0,0,0,0,0.18037974683544303
5245,ëqïxëÂêΩ,4,12,0,0,0,0.19166666666666665,0,0,0,0,0,0,0,0,0,0,0.20746031746031746
5245,ëqïxëÂêΩ,5,20,1,0,0,0.227,0,0,1,0,0,0,0,0,0,0,0.20746031746031746
5245,ëqïxëÂêΩ,6,31,0,1,1,0.2009677419354839,0,0,0,0,0,0,0,0,0,0,0.20746031746031746
5246,ìÌè´ëæòY,4,1,0,0,0,0.1,0,0,0,0,0,0,0,0,0,0,0.19547169811320753
5246,ìÌè´ëæòY,5,20,0,0,1,0.1855,0,0,0,0,0,0,0,0,0,0,0.19547169811320753
5246,ìÌè´ëæòY,6,32,0,0,1,0.2046875,0,0,0,0,0,0,0,0,0,0,0.19547169811320753
5247,ëÂêXóÉ,4,6,0,0,0,0.18000000000000002,0,0,0,0,0,0,0,0,0,0,0.1945783132530121
5247,ëÂêXóÉ,5,21,0,0,1,0.18714285714285714,0,0,0,0,0,0,0,0,0,0,0.1945783132530121
5247,ëÂêXóÉ,6,56,0,0,1,0.19892857142857143,0,0,0,0,0,0,0,0,0,0,0.1945783132530121
5248,ñ{ìcà§,4,7,0,0,0,0.17857142857142858,0,0,0,0,0,0,0,0,0,0,0.21761904761904763
5248,ñ{ìcà§,5,21,0,0,0,0.22142857142857145,0,0,0,0,0,0,0,0,0,0,0.21761904761904763
5248,ñ{ìcà§,6,35,0,0,0,0.22314285714285717,0,0,0,0,0,0,0,0,0,0,0.21761904761904763
5249,éOñÿê∞ìl,4,4,0,0,0,0.16999999999999998,0,0,0,0,0,0,0,0,0,0,0.190625
5249,éOñÿê∞ìl,5,17,0,0,0,0.17411764705882352,0,0,0,0,0,0,0,0,0,0,0.190625
5249,éOñÿê∞ìl,6,43,0,0,0,0.19906976744186047,0,0,0,0,0,0,0,0,0,0,0.190625
5250,ìàìcóLó¢,4,3,0,0,0,0.17666666666666667,0,0,0,0,0,0,0,0,0,0,0.20955223880597015
5250,ìàìcóLó¢,5,22,0,0,0,0.19727272727272727,0,0,0,0,0,0,0,0,0,0,0.20955223880597015
5250,ìàìcóLó¢,6,42,0,0,0,0.21833333333333332,0,0,0,0,0,0,0,0,0,0,0.20955223880597015
5251,è¿ìcéµâÿ,4,3,0,0,0,0.24666666666666667,0,0,0,0,0,0,0,0,0,0,0.21107692307692308
5251,è¿ìcéµâÿ,5,17,0,0,0,0.2335294117647059,0,0,0,0,0,0,0,0,0,0,0.21107692307692308
5251,è¿ìcéµâÿ,6,45,0,0,2,0.20022222222222222,0,0,0,0,0,0,0,0,0,0,0.21107692307692308
5252,çrñÿÈDìl,4,10,0,1,1,0.27999999999999997,0,0,0,0,0,0,0,0,0,0,0.21126436781609195
5252,çrñÿÈDìl,5,32,0,1,1,0.19375,0,0,0,0,0,0,0,0,0,0,0.21126436781609195
5252,çrñÿÈDìl,6,45,0,0,0,0.20844444444444446,0,0,0,0,0,0,0,0,0,0,0.21126436781609195
5253,ì°à‰ëæâÎ,4,2,0,0,0,0.14,0,0,0,0,0,0,0,0,0,0,0.2505
5253,ì°à‰ëæâÎ,5,22,0,0,0,0.24818181818181817,0,0,0,0,0,0,0,0,0,0,0.2505
5253,ì°à‰ëæâÎ,6,36,1,0,0,0.25805555555555554,0,0,0,1,0,0,0,0,0,0,0.2505
5254,âHìcî‹äÛ,4,5,0,0,0,0.21200000000000002,0,0,0,0,0,0,0,0,0,0,0.20379310344827586
5254,âHìcî‹äÛ,5,9,0,0,0,0.18777777777777777,0,0,0,0,0,0,0,0,0,0,0.20379310344827586
5254,âHìcî‹äÛ,6,15,0,0,1,0.21066666666666667,0,0,0,0,0,0,0,0,0,0,0.20379310344827586
5255,ì°å¥êÂìÒ,5,13,0,1,0,0.23153846153846153,0,0,0,0,0,0,0,0,0,0,0.22446428571428573
5255,ì°å¥êÂìÒ,6,43,0,2,12,0.22232558139534886,0,0,0,0,0,0,0,0,0,0,0.22446428571428573
5256,íÜéR„ƒëæ,4,6,0,0,0,0.205,0,0,0,0,0,0,0,0,0,0,0.16225806451612904
5256,íÜéR„ƒëæ,5,28,2,1,0,0.15071428571428572,0,0,0,2,0,0,0,0,0,0,0.16225806451612904
5256,íÜéR„ƒëæ,6,59,1,0,5,0.16338983050847458,0,1,0,0,0,0,0,0,0,0,0.16225806451612904
5257,êºä€ò–ëæòN,4,2,0,0,0,0.20500000000000002,0,0,0,0,0,0,0,0,0,0,0.16824561403508773
5257,êºä€ò–ëæòN,5,16,0,1,1,0.143125,0,0,0,0,0,0,0,0,0,0,0.16824561403508773
5257,êºä€ò–ëæòN,6,39,0,2,1,0.17666666666666667,0,0,0,0,0,0,0,0,0,0,0.16824561403508773
5258,íáñ{èw,4,2,0,0,0,0.365,0,0,0,0,0,0,0,0,0,0,0.22642857142857142
5258,íáñ{èw,5,19,0,0,0,0.18157894736842106,0,0,0,0,0,0,0,0,0,0,0.22642857142857142
5258,íáñ{èw,6,35,0,0,1,0.24285714285714285,0,0,0,0,0,0,0,0,0,0,0.22642857142857142
5259,ñÏìcè∏å·,5,2,0,0,0,0.365,0,0,0,0,0,0,0,0,0,0,0.3033333333333333
5259,ñÏìcè∏å·,6,4,0,0,0,0.2725,0,0,0,0,0,0,0,0,0,0,0.3033333333333333
5267,êŒñ{óTïê,5,2,0,0,2,0.11499999999999999,0,0,0,0,0,0,0,0,0,0,0.13714285714285715
5267,êŒñ{óTïê,6,5,0,0,1,0.146,0,0,0,0,0,0,0,0,0,0,0.13714285714285715
5273,éRâ∫ëÒñ§,6,5,0,0,0,0.29000000000000004,0,0,0,0,0,0,0,0,0,0,0.29000000000000004
5274,èÈä‘ê∑èç,5,1,0,0,0,0.18,0,0,0,0,0,0,0,0,0,0,0.17875
5274,èÈä‘ê∑èç,6,7,0,0,0,0.17857142857142858,0,0,0,0,0,0,0,0,0,0,0.17875
5276,ëÂìáó≤îTâÓ,5,1,0,0,0,0.1,0,0,0,0,0,0,0,0,0,0,0.2025
5276,ëÂìáó≤îTâÓ,6,7,0,0,0,0.21714285714285714,0,0,0,0,0,0,0,0,0,0,0.2025
5278,ìcíÜèxï∫,5,2,0,0,0,0.13,0,0,0,0,0,0,0,0,0,0,0.15857142857142859
5278,ìcíÜèxï∫,6,5,0,0,0,0.16999999999999998,0,0,0,0,0,0,0,0,0,0,0.15857142857142859
5279,êŒìn„ƒàÍòY,5,2,0,0,0,0.245,0,0,0,0,0,0,0,0,0,0,0.215
5279,êŒìn„ƒàÍòY,6,4,0,0,1,0.2,0,0,0,0,0,0,0,0,0,0,0.215
5280,úAê£Í£,6,5,0,0,0,0.25,0,0,0,0,0,0,0,0,0,0,0.25
5281,à‰è„óyî‹,5,2,0,0,0,0.275,0,0,0,0,0,0,0,0,0,0,0.21285714285714286
5281,à‰è„óyî‹,6,5,0,0,0,0.188,0,0,0,0,0,0,0,0,0,0,0.21285714285714286
5283,êAñÿî¸îø,5,1,0,0,0,0.22,0,0,0,0,0,0,0,0,0,0,0.264
5283,êAñÿî¸îø,6,4,0,0,0,0.275,0,0,0,0,0,0,0,0,0,0,0.264
